frame.time,ip.src_host,ip.dst_host,tcp.srcport,tcp.dstport,tcp.seq,tcp.ack,tcp.flags.syn,tcp.flags.ack,tcp.flags.fin,tcp.flags.reset,tcp.flags.push,tcp.flags.urg,tcp.len,http.request.method,http.request.full_uri,http.request.version,http.request.uri.query,http.referer,http.content_length,http.file_data,http.response,mqtt.msgtype,mqtt.msg,mqtt.topic,mqtt.topic_len,mqtt.conflags,mqtt.conflag.cleansess,mqtt.len,mqtt.proto_len,mqtt.protoname,mqtt.ver,mqtt.msg_decoded_as,mqtt.conack.flags,mqtt.hdrflags,mqtt.qos,mqtt.retain,mqtt.dupflag,ip.ttl,tcp.window_size,http.user_agent,http.host,mqtt.clientid,frame.len,frame.protocols,Temperature,Memory,In_Temperature,CPU,RSSI,MAC_extracted,HR,PULSE,RESP,SpO2,anomaly.layer,anomaly.name,anomaly.label
1744301364021582,10.42.0.2,10.42.0.1,49926,1883,0,0,1,0,0,0,0,0,0,0,0,0,0,0.0,0,,0,0,,0,0,0,0,0,0,0,0,0.0,0,0,0,0,0,64.0,5760.0,0,0,0,58,eth:ethertype:ip:tcp,25.9,94.9,52.2,160.0,-46.0,84:F3:EB:12:34:56,,,,,0.0,Normal,0.0
1744301364025695,10.42.0.2,10.42.0.1,49926,1883,1,1,0,1,0,0,0,0,0,0,0,0,0,0.0,0,,0,0,,0,0,0,0,0,0,0,0,0.0,0,0,0,0,0,64.0,5760.0,0,0,0,54,eth:ethertype:ip:tcp,25.9,94.9,52.2,160.0,-46.0,84:F3:EB:12:34:56,,,,,0.0,Normal,0.0
1744301364028266,10.42.0.2,10.42.0.1,49926,1883,1,1,0,1,0,0,1,0,3,0,0,0,0,0.0,0,,0,0,,0,0,0,0,0,0,0,0,0.0,0,0,0,0,0,64.0,5760.0,0,0,0,57,eth:ethertype:ip:tcp,25.9,94.9,52.2,160.0,-46.0,84:F3:EB:12:34:56,,,,,0.0,Normal,0.0
1744301364031726,10.42.0.2,10.42.0.1,49926,1883,4,1,0,1,0,0,1,0,35,0,0,0,0,0.0,0,,0,0,,0,0,0,0,0,0,0,0,0.0,0,0,0,0,0,64.0,5760.0,0,0,0,89,eth:ethertype:ip:tcp,25.9,94.9,52.2,160.0,-46.0,84:F3:EB:12:34:56,,,,,0.0,Normal,0.0
1744301364037577,10.42.0.2,10.42.0.1,49926,1883,39,1,0,1,0,0,1,0,6,0,0,0,0,0.0,0,,0,1,,0,0,0,1,42,4,MQTT,4,0.0,0,0,0,0,0,64.0,5760.0,0,0,esp32_a0a3b3edac1c,60,eth:ethertype:ip:tcp:mqtt,25.9,94.9,52.2,160.0,-46.0,84:F3:EB:12:34:56,,,,,0.0,Normal,0.0
1744301364073258,10.42.0.2,10.42.0.1,49926,1883,45,5,0,1,0,0,1,0,3,0,0,0,0,0.0,0,,0,0,,0,0,0,0,0,0,0,0,0.0,0,0,0,0,0,64.0,5756.0,0,0,0,57,eth:ethertype:ip:tcp,25.9,94.9,52.2,160.0,-46.0,84:F3:EB:12:34:56,,,,,0.0,Normal,0.0
1744301364081797,10.42.0.2,10.42.0.1,49926,1883,48,5,0,1,1,0,1,0,185,0,0,0,0,0.0,0,,0,3,"Wakeup: 0, Mode: 0, Reset: 1, Temperature: 27.9, Uptime: 625623, Memory: 94.9, In_Temperature: 52.8°C, CPU: 160, RSSI: -49, MAC: 84:F3:EB:12:34:56, F_Storage: 99.2",test/temperatura,16,0,0,182,0,0,0,0.0,0,0,0,0,0,64.0,5756.0,0,0,0,239,eth:ethertype:ip:tcp:mqtt,27.9,94.9,52.8,160.0,-49.0,84:F3:EB:12:34:56,,,,,0.0,Normal,0.0
1744301364085191,10.42.0.2,10.42.0.1,49926,1883,234,6,0,1,0,0,0,0,0,0,0,0,0,0.0,0,,0,0,,0,0,0,0,0,0,0,0,0.0,0,0,0,0,0,64.0,5755.0,0,0,0,54,eth:ethertype:ip:tcp,27.9,94.9,52.8,160.0,-49.0,84:F3:EB:12:34:56,,,,,0.0,Normal,0.0
1744301394099035,10.42.0.2,10.42.0.1,49927,1883,0,0,1,0,0,0,0,0,0,0,0,0,0,0.0,0,,0,0,,0,0,0,0,0,0,0,0,0.0,0,0,0,0,0,64.0,5760.0,0,0,0,58,eth:ethertype:ip:tcp,27.9,94.9,52.8,160.0,-49.0,84:F3:EB:12:34:56,,,,,0.0,Normal,0.0
1744301394105843,10.42.0.2,10.42.0.1,49927,1883,1,1,0,1,0,0,0,0,0,0,0,0,0,0.0,0,,0,0,,0,0,0,0,0,0,0,0,0.0,0,0,0,0,0,64.0,5760.0,0,0,0,54,eth:ethertype:ip:tcp,27.9,94.9,52.8,160.0,-49.0,84:F3:EB:12:34:56,,,,,0.0,Normal,0.0
1744301394125487,10.42.0.2,10.42.0.1,49927,1883,1,1,0,1,0,0,1,0,3,0,0,0,0,0.0,0,,0,0,,0,0,0,0,0,0,0,0,0.0,0,0,0,0,0,64.0,5760.0,0,0,0,57,eth:ethertype:ip:tcp,27.9,94.9,52.8,160.0,-49.0,84:F3:EB:12:34:56,,,,,0.0,Normal,0.0
1744301394128300,10.42.0.2,10.42.0.1,49927,1883,4,1,0,1,0,0,1,0,41,0,0,0,0,0.0,0,,0,1,,0,0,0,1,42,4,MQTT,4,0.0,0,0,0,0,0,64.0,5760.0,0,0,esp32_a0a3b3edac1c,95,eth:ethertype:ip:tcp:mqtt,27.9,94.9,52.8,160.0,-49.0,84:F3:EB:12:34:56,,,,,0.0,Normal,0.0
1744301394180180,10.42.0.2,10.42.0.1,49927,1883,45,5,0,1,0,0,1,0,3,0,0,0,0,0.0,0,,0,0,,0,0,0,0,0,0,0,0,0.0,0,0,0,0,0,64.0,5756.0,0,0,0,57,eth:ethertype:ip:tcp,27.9,94.9,52.8,160.0,-49.0,84:F3:EB:12:34:56,,,,,0.0,Normal,0.0
1744301394181760,10.42.0.2,10.42.0.1,49927,1883,48,5,0,1,1,0,1,0,185,0,0,0,0,0.0,0,,0,3,"Wakeup: 0, Mode: 0, Reset: 1, Temperature: 30.9, Uptime: 625653, Memory: 94.9, In_Temperature: 52.8°C, CPU: 160, RSSI: -46, MAC: 84:F3:EB:12:34:56, F_Storage: 99.2",test/temperatura,16,0,0,182,0,0,0,0.0,0,0,0,0,0,64.0,5756.0,0,0,0,239,eth:ethertype:ip:tcp:mqtt,30.9,94.9,52.8,160.0,-46.0,84:F3:EB:12:34:56,,,,,0.0,Normal,0.0
1744301394185221,10.42.0.2,10.42.0.1,49927,1883,234,6,0,1,0,0,0,0,0,0,0,0,0,0.0,0,,0,0,,0,0,0,0,0,0,0,0,0.0,0,0,0,0,0,64.0,5755.0,0,0,0,54,eth:ethertype:ip:tcp,30.9,94.9,52.8,160.0,-46.0,84:F3:EB:12:34:56,,,,,0.0,Normal,0.0
1744301424190294,10.42.0.2,10.42.0.1,49928,1883,0,0,1,0,0,0,0,0,0,0,0,0,0,0.0,0,,0,0,,0,0,0,0,0,0,0,0,0.0,0,0,0,0,0,64.0,5760.0,0,0,0,58,eth:ethertype:ip:tcp,30.9,94.9,52.8,160.0,-46.0,84:F3:EB:12:34:56,,,,,0.0,Normal,0.0
1744301424194311,10.42.0.2,10.42.0.1,49928,1883,1,1,0,1,0,0,0,0,0,0,0,0,0,0.0,0,,0,0,,0,0,0,0,0,0,0,0,0.0,0,0,0,0,0,64.0,5760.0,0,0,0,54,eth:ethertype:ip:tcp,30.9,94.9,52.8,160.0,-46.0,84:F3:EB:12:34:56,,,,,0.0,Normal,0.0
1744301424196406,10.42.0.2,10.42.0.1,49928,1883,1,1,0,1,0,0,1,0,3,0,0,0,0,0.0,0,,0,0,,0,0,0,0,0,0,0,0,0.0,0,0,0,0,0,64.0,5760.0,0,0,0,57,eth:ethertype:ip:tcp,30.9,94.9,52.8,160.0,-46.0,84:F3:EB:12:34:56,,,,,0.0,Normal,0.0
1744301424199784,10.42.0.2,10.42.0.1,49928,1883,4,1,0,1,0,0,1,0,29,0,0,0,0,0.0,0,,0,0,,0,0,0,0,0,0,0,0,0.0,0,0,0,0,0,64.0,5760.0,0,0,0,83,eth:ethertype:ip:tcp,30.9,94.9,52.8,160.0,-46.0,84:F3:EB:12:34:56,,,,,0.0,Normal,0.0
1744301424202803,10.42.0.2,10.42.0.1,49928,1883,33,1,0,1,0,0,1,0,12,0,0,0,0,0.0,0,,0,1,,0,0,0,1,42,4,MQTT,4,0.0,0,0,0,0,0,64.0,5760.0,0,0,esp32_a0a3b3edac1c,66,eth:ethertype:ip:tcp:mqtt,30.9,94.9,52.8,160.0,-46.0,84:F3:EB:12:34:56,,,,,0.0,Normal,0.0
1744301424239999,10.42.0.2,10.42.0.1,49928,1883,45,5,0,1,0,0,1,0,3,0,0,0,0,0.0,0,,0,0,,0,0,0,0,0,0,0,0,0.0,0,0,0,0,0,64.0,5756.0,0,0,0,57,eth:ethertype:ip:tcp,30.9,94.9,52.8,160.0,-46.0,84:F3:EB:12:34:56,,,,,0.0,Normal,0.0
1744301424250404,10.42.0.2,10.42.0.1,49928,1883,48,5,0,1,1,0,1,0,185,0,0,0,0,0.0,0,,0,3,"Wakeup: 0, Mode: 0, Reset: 1, Temperature: 29.6, Uptime: 625683, Memory: 94.9, In_Temperature: 52.8°C, CPU: 160, RSSI: -49, MAC: 84:F3:EB:12:34:56, F_Storage: 99.2",test/temperatura,16,0,0,182,0,0,0,0.0,0,0,0,0,0,64.0,5756.0,0,0,0,239,eth:ethertype:ip:tcp:mqtt,29.6,94.9,52.8,160.0,-49.0,84:F3:EB:12:34:56,,,,,0.0,Normal,0.0
1744301424255552,10.42.0.2,10.42.0.1,49928,1883,234,6,0,1,0,0,0,0,0,0,0,0,0,0.0,0,,0,0,,0,0,0,0,0,0,0,0,0.0,0,0,0,0,0,64.0,5755.0,0,0,0,54,eth:ethertype:ip:tcp,29.6,94.9,52.8,160.0,-49.0,84:F3:EB:12:34:56,,,,,0.0,Normal,0.0
1744301454258727,10.42.0.2,10.42.0.1,49929,1883,0,0,1,0,0,0,0,0,0,0,0,0,0,0.0,0,,0,0,,0,0,0,0,0,0,0,0,0.0,0,0,0,0,0,64.0,5760.0,0,0,0,58,eth:ethertype:ip:tcp,29.6,94.9,52.8,160.0,-49.0,84:F3:EB:12:34:56,,,,,0.0,Normal,0.0
1744301454264428,10.42.0.2,10.42.0.1,49929,1883,1,1,0,1,0,0,0,0,0,0,0,0,0,0.0,0,,0,0,,0,0,0,0,0,0,0,0,0.0,0,0,0,0,0,64.0,5760.0,0,0,0,54,eth:ethertype:ip:tcp,29.6,94.9,52.8,160.0,-49.0,84:F3:EB:12:34:56,,,,,0.0,Normal,0.0
1744301454266115,10.42.0.2,10.42.0.1,49929,1883,1,1,0,1,0,0,1,0,3,0,0,0,0,0.0,0,,0,0,,0,0,0,0,0,0,0,0,0.0,0,0,0,0,0,64.0,5760.0,0,0,0,57,eth:ethertype:ip:tcp,29.6,94.9,52.8,160.0,-49.0,84:F3:EB:12:34:56,,,,,0.0,Normal,0.0
1744301454269751,10.42.0.2,10.42.0.1,49929,1883,4,1,0,1,0,0,1,0,29,0,0,0,0,0.0,0,,0,0,,0,0,0,0,0,0,0,0,0.0,0,0,0,0,0,64.0,5760.0,0,0,0,83,eth:ethertype:ip:tcp,29.6,94.9,52.8,160.0,-49.0,84:F3:EB:12:34:56,,,,,0.0,Normal,0.0
1744301454272924,10.42.0.2,10.42.0.1,49929,1883,33,1,0,1,0,0,1,0,12,0,0,0,0,0.0,0,,0,1,,0,0,0,1,42,4,MQTT,4,0.0,0,0,0,0,0,64.0,5760.0,0,0,esp32_a0a3b3edac1c,66,eth:ethertype:ip:tcp:mqtt,29.6,94.9,52.8,160.0,-49.0,84:F3:EB:12:34:56,,,,,0.0,Normal,0.0
1744301454308163,10.42.0.2,10.42.0.1,49929,1883,45,5,0,1,0,0,1,0,3,0,0,0,0,0.0,0,,0,0,,0,0,0,0,0,0,0,0,0.0,0,0,0,0,0,64.0,5756.0,0,0,0,57,eth:ethertype:ip:tcp,29.6,94.9,52.8,160.0,-49.0,84:F3:EB:12:34:56,,,,,0.0,Normal,0.0
1744301454319619,10.42.0.2,10.42.0.1,49929,1883,48,5,0,1,1,0,1,0,185,0,0,0,0,0.0,0,,0,3,"Wakeup: 0, Mode: 0, Reset: 1, Temperature: 26.1, Uptime: 625713, Memory: 94.9, In_Temperature: 52.2°C, CPU: 160, RSSI: -48, MAC: 84:F3:EB:12:34:56, F_Storage: 99.2",test/temperatura,16,0,0,182,0,0,0,0.0,0,0,0,0,0,64.0,5756.0,0,0,0,239,eth:ethertype:ip:tcp:mqtt,26.1,94.9,52.2,160.0,-48.0,84:F3:EB:12:34:56,,,,,0.0,Normal,0.0
1744301454323155,10.42.0.2,10.42.0.1,49929,1883,234,6,0,1,0,0,0,0,0,0,0,0,0,0.0,0,,0,0,,0,0,0,0,0,0,0,0,0.0,0,0,0,0,0,64.0,5755.0,0,0,0,54,eth:ethertype:ip:tcp,26.1,94.9,52.2,160.0,-48.0,84:F3:EB:12:34:56,,,,,0.0,Normal,0.0
1744301457921225,10.42.0.2,10.42.0.1,0,0,0,0,0,0,0,0,0,0,0,0,0,0,0,0.0,0,,0,0,,0,0,0,0,0,0,0,0,0.0,0,0,0,0,0,64.0,0.0,0,0,0,350,eth:ethertype:ip:udp:dhcp,26.1,94.9,52.2,160.0,-48.0,84:F3:EB:12:34:56,,,,,0.0,Normal,0.0
1744301484328486,10.42.0.2,10.42.0.1,49930,1883,0,0,1,0,0,0,0,0,0,0,0,0,0,0.0,0,,0,0,,0,0,0,0,0,0,0,0,0.0,0,0,0,0,0,64.0,5760.0,0,0,0,58,eth:ethertype:ip:tcp,26.1,94.9,52.2,160.0,-48.0,84:F3:EB:12:34:56,,,,,0.0,Normal,0.0
1744301484332098,10.42.0.2,10.42.0.1,49930,1883,1,1,0,1,0,0,0,0,0,0,0,0,0,0.0,0,,0,0,,0,0,0,0,0,0,0,0,0.0,0,0,0,0,0,64.0,5760.0,0,0,0,54,eth:ethertype:ip:tcp,26.1,94.9,52.2,160.0,-48.0,84:F3:EB:12:34:56,,,,,0.0,Normal,0.0
1744301484334391,10.42.0.2,10.42.0.1,49930,1883,1,1,0,1,0,0,1,0,3,0,0,0,0,0.0,0,,0,0,,0,0,0,0,0,0,0,0,0.0,0,0,0,0,0,64.0,5760.0,0,0,0,57,eth:ethertype:ip:tcp,26.1,94.9,52.2,160.0,-48.0,84:F3:EB:12:34:56,,,,,0.0,Normal,0.0
1744301484337938,10.42.0.2,10.42.0.1,49930,1883,4,1,0,1,0,0,1,0,29,0,0,0,0,0.0,0,,0,0,,0,0,0,0,0,0,0,0,0.0,0,0,0,0,0,64.0,5760.0,0,0,0,83,eth:ethertype:ip:tcp,26.1,94.9,52.2,160.0,-48.0,84:F3:EB:12:34:56,,,,,0.0,Normal,0.0
1744301484340935,10.42.0.2,10.42.0.1,49930,1883,33,1,0,1,0,0,1,0,12,0,0,0,0,0.0,0,,0,1,,0,0,0,1,42,4,MQTT,4,0.0,0,0,0,0,0,64.0,5760.0,0,0,esp32_a0a3b3edac1c,66,eth:ethertype:ip:tcp:mqtt,26.1,94.9,52.2,160.0,-48.0,84:F3:EB:12:34:56,,,,,0.0,Normal,0.0
1744301484377797,10.42.0.2,10.42.0.1,49930,1883,45,5,0,1,0,0,1,0,3,0,0,0,0,0.0,0,,0,0,,0,0,0,0,0,0,0,0,0.0,0,0,0,0,0,64.0,5756.0,0,0,0,57,eth:ethertype:ip:tcp,26.1,94.9,52.2,160.0,-48.0,84:F3:EB:12:34:56,,,,,0.0,Normal,0.0
1744301484388944,10.42.0.2,10.42.0.1,49930,1883,48,5,0,1,1,0,1,0,185,0,0,0,0,0.0,0,,0,3,"Wakeup: 0, Mode: 0, Reset: 1, Temperature: 39.3, Uptime: 625743, Memory: 94.9, In_Temperature: 52.2°C, CPU: 160, RSSI: -48, MAC: 84:F3:EB:12:34:56, F_Storage: 99.2",test/temperatura,16,0,0,182,0,0,0,0.0,0,0,0,0,0,64.0,5756.0,0,0,0,239,eth:ethertype:ip:tcp:mqtt,39.3,94.9,52.2,160.0,-48.0,84:F3:EB:12:34:56,,,,,0.0,Normal,0.0
1744301484392434,10.42.0.2,10.42.0.1,49930,1883,234,6,0,1,0,0,0,0,0,0,0,0,0,0.0,0,,0,0,,0,0,0,0,0,0,0,0,0.0,0,0,0,0,0,64.0,5755.0,0,0,0,54,eth:ethertype:ip:tcp,39.3,94.9,52.2,160.0,-48.0,84:F3:EB:12:34:56,,,,,0.0,Normal,0.0
1744301514398727,10.42.0.2,10.42.0.1,49931,1883,0,0,1,0,0,0,0,0,0,0,0,0,0,0.0,0,,0,0,,0,0,0,0,0,0,0,0,0.0,0,0,0,0,0,64.0,5760.0,0,0,0,58,eth:ethertype:ip:tcp,39.3,94.9,52.2,160.0,-48.0,84:F3:EB:12:34:56,,,,,0.0,Normal,0.0
1744301514418410,10.42.0.2,10.42.0.1,49931,1883,1,1,0,1,0,0,0,0,0,0,0,0,0,0.0,0,,0,0,,0,0,0,0,0,0,0,0,0.0,0,0,0,0,0,64.0,5760.0,0,0,0,54,eth:ethertype:ip:tcp,39.3,94.9,52.2,160.0,-48.0,84:F3:EB:12:34:56,,,,,0.0,Normal,0.0
1744301514420569,10.42.0.2,10.42.0.1,49931,1883,1,1,0,1,0,0,1,0,3,0,0,0,0,0.0,0,,0,0,,0,0,0,0,0,0,0,0,0.0,0,0,0,0,0,64.0,5760.0,0,0,0,57,eth:ethertype:ip:tcp,39.3,94.9,52.2,160.0,-48.0,84:F3:EB:12:34:56,,,,,0.0,Normal,0.0
1744301514423953,10.42.0.2,10.42.0.1,49931,1883,4,1,0,1,0,0,1,0,29,0,0,0,0,0.0,0,,0,0,,0,0,0,0,0,0,0,0,0.0,0,0,0,0,0,64.0,5760.0,0,0,0,83,eth:ethertype:ip:tcp,39.3,94.9,52.2,160.0,-48.0,84:F3:EB:12:34:56,,,,,0.0,Normal,0.0
1744301514427586,10.42.0.2,10.42.0.1,49931,1883,33,1,0,1,0,0,1,0,12,0,0,0,0,0.0,0,,0,1,,0,0,0,1,42,4,MQTT,4,0.0,0,0,0,0,0,64.0,5760.0,0,0,esp32_a0a3b3edac1c,66,eth:ethertype:ip:tcp:mqtt,39.3,94.9,52.2,160.0,-48.0,84:F3:EB:12:34:56,,,,,0.0,Normal,0.0
1744301514463047,10.42.0.2,10.42.0.1,49931,1883,45,5,0,1,0,0,1,0,3,0,0,0,0,0.0,0,,0,0,,0,0,0,0,0,0,0,0,0.0,0,0,0,0,0,64.0,5756.0,0,0,0,57,eth:ethertype:ip:tcp,39.3,94.9,52.2,160.0,-48.0,84:F3:EB:12:34:56,,,,,0.0,Normal,0.0
1744301514479225,10.42.0.2,10.42.0.1,49931,1883,48,5,0,1,1,0,1,0,185,0,0,0,0,0.0,0,,0,3,"Wakeup: 0, Mode: 0, Reset: 1, Temperature: 39.0, Uptime: 625773, Memory: 94.9, In_Temperature: 52.8°C, CPU: 160, RSSI: -49, MAC: 84:F3:EB:12:34:56, F_Storage: 99.2",test/temperatura,16,0,0,182,0,0,0,0.0,0,0,0,0,0,64.0,5756.0,0,0,0,239,eth:ethertype:ip:tcp:mqtt,39.0,94.9,52.8,160.0,-49.0,84:F3:EB:12:34:56,,,,,0.0,Normal,0.0
1744301514482852,10.42.0.2,10.42.0.1,49931,1883,234,6,0,1,0,0,0,0,0,0,0,0,0,0.0,0,,0,0,,0,0,0,0,0,0,0,0,0.0,0,0,0,0,0,64.0,5755.0,0,0,0,54,eth:ethertype:ip:tcp,39.0,94.9,52.8,160.0,-49.0,84:F3:EB:12:34:56,,,,,0.0,Normal,0.0
1744301544487630,10.42.0.2,10.42.0.1,49932,1883,0,0,1,0,0,0,0,0,0,0,0,0,0,0.0,0,,0,0,,0,0,0,0,0,0,0,0,0.0,0,0,0,0,0,64.0,5760.0,0,0,0,58,eth:ethertype:ip:tcp,39.0,94.9,52.8,160.0,-49.0,84:F3:EB:12:34:56,,,,,0.0,Normal,0.0
1744301544491588,10.42.0.2,10.42.0.1,49932,1883,1,1,0,1,0,0,0,0,0,0,0,0,0,0.0,0,,0,0,,0,0,0,0,0,0,0,0,0.0,0,0,0,0,0,64.0,5760.0,0,0,0,54,eth:ethertype:ip:tcp,39.0,94.9,52.8,160.0,-49.0,84:F3:EB:12:34:56,,,,,0.0,Normal,0.0
1744301544493812,10.42.0.2,10.42.0.1,49932,1883,1,1,0,1,0,0,1,0,3,0,0,0,0,0.0,0,,0,0,,0,0,0,0,0,0,0,0,0.0,0,0,0,0,0,64.0,5760.0,0,0,0,57,eth:ethertype:ip:tcp,39.0,94.9,52.8,160.0,-49.0,84:F3:EB:12:34:56,,,,,0.0,Normal,0.0
1744301544497241,10.42.0.2,10.42.0.1,49932,1883,4,1,0,1,0,0,1,0,29,0,0,0,0,0.0,0,,0,0,,0,0,0,0,0,0,0,0,0.0,0,0,0,0,0,64.0,5760.0,0,0,0,83,eth:ethertype:ip:tcp,39.0,94.9,52.8,160.0,-49.0,84:F3:EB:12:34:56,,,,,0.0,Normal,0.0
1744301544500347,10.42.0.2,10.42.0.1,49932,1883,33,1,0,1,0,0,1,0,12,0,0,0,0,0.0,0,,0,1,,0,0,0,1,42,4,MQTT,4,0.0,0,0,0,0,0,64.0,5760.0,0,0,esp32_a0a3b3edac1c,66,eth:ethertype:ip:tcp:mqtt,39.0,94.9,52.8,160.0,-49.0,84:F3:EB:12:34:56,,,,,0.0,Normal,0.0
1744301544535958,10.42.0.2,10.42.0.1,49932,1883,45,5,0,1,0,0,1,0,3,0,0,0,0,0.0,0,,0,0,,0,0,0,0,0,0,0,0,0.0,0,0,0,0,0,64.0,5756.0,0,0,0,57,eth:ethertype:ip:tcp,39.0,94.9,52.8,160.0,-49.0,84:F3:EB:12:34:56,,,,,0.0,Normal,0.0
1744301544547767,10.42.0.2,10.42.0.1,49932,1883,48,5,0,1,1,0,1,0,185,0,0,0,0,0.0,0,,0,3,"Wakeup: 0, Mode: 0, Reset: 1, Temperature: 35.7, Uptime: 625803, Memory: 94.9, In_Temperature: 52.2°C, CPU: 160, RSSI: -49, MAC: 84:F3:EB:12:34:56, F_Storage: 99.2",test/temperatura,16,0,0,182,0,0,0,0.0,0,0,0,0,0,64.0,5756.0,0,0,0,239,eth:ethertype:ip:tcp:mqtt,35.7,94.9,52.2,160.0,-49.0,84:F3:EB:12:34:56,,,,,0.0,Normal,0.0
1744301544555157,10.42.0.2,10.42.0.1,49932,1883,234,6,0,1,0,0,0,0,0,0,0,0,0,0.0,0,,0,0,,0,0,0,0,0,0,0,0,0.0,0,0,0,0,0,64.0,5755.0,0,0,0,54,eth:ethertype:ip:tcp,35.7,94.9,52.2,160.0,-49.0,84:F3:EB:12:34:56,,,,,0.0,Normal,0.0
1744301574556601,10.42.0.2,10.42.0.1,49933,1883,0,0,1,0,0,0,0,0,0,0,0,0,0,0.0,0,,0,0,,0,0,0,0,0,0,0,0,0.0,0,0,0,0,0,64.0,5760.0,0,0,0,58,eth:ethertype:ip:tcp,35.7,94.9,52.2,160.0,-49.0,84:F3:EB:12:34:56,,,,,0.0,Normal,0.0
1744301574560833,10.42.0.2,10.42.0.1,49933,1883,1,1,0,1,0,0,0,0,0,0,0,0,0,0.0,0,,0,0,,0,0,0,0,0,0,0,0,0.0,0,0,0,0,0,64.0,5760.0,0,0,0,54,eth:ethertype:ip:tcp,35.7,94.9,52.2,160.0,-49.0,84:F3:EB:12:34:56,,,,,0.0,Normal,0.0
1744301574565154,10.42.0.2,10.42.0.1,49933,1883,1,1,0,1,0,0,1,0,3,0,0,0,0,0.0,0,,0,0,,0,0,0,0,0,0,0,0,0.0,0,0,0,0,0,64.0,5760.0,0,0,0,57,eth:ethertype:ip:tcp,35.7,94.9,52.2,160.0,-49.0,84:F3:EB:12:34:56,,,,,0.0,Normal,0.0
1744301574567992,10.42.0.2,10.42.0.1,49933,1883,4,1,0,1,0,0,1,0,41,0,0,0,0,0.0,0,,0,1,,0,0,0,1,42,4,MQTT,4,0.0,0,0,0,0,0,64.0,5760.0,0,0,esp32_a0a3b3edac1c,95,eth:ethertype:ip:tcp:mqtt,35.7,94.9,52.2,160.0,-49.0,84:F3:EB:12:34:56,,,,,0.0,Normal,0.0
1744301574604030,10.42.0.2,10.42.0.1,49933,1883,45,5,0,1,0,0,1,0,3,0,0,0,0,0.0,0,,0,0,,0,0,0,0,0,0,0,0,0.0,0,0,0,0,0,64.0,5756.0,0,0,0,57,eth:ethertype:ip:tcp,35.7,94.9,52.2,160.0,-49.0,84:F3:EB:12:34:56,,,,,0.0,Normal,0.0
1744301574617020,10.42.0.2,10.42.0.1,49933,1883,48,5,0,1,1,0,1,0,185,0,0,0,0,0.0,0,,0,3,"Wakeup: 0, Mode: 0, Reset: 1, Temperature: 30.9, Uptime: 625833, Memory: 94.9, In_Temperature: 52.2°C, CPU: 160, RSSI: -48, MAC: 84:F3:EB:12:34:56, F_Storage: 99.2",test/temperatura,16,0,0,182,0,0,0,0.0,0,0,0,0,0,64.0,5756.0,0,0,0,239,eth:ethertype:ip:tcp:mqtt,30.9,94.9,52.2,160.0,-48.0,84:F3:EB:12:34:56,,,,,0.0,Normal,0.0
1744301574620611,10.42.0.2,10.42.0.1,49933,1883,234,6,0,1,0,0,0,0,0,0,0,0,0,0.0,0,,0,0,,0,0,0,0,0,0,0,0,0.0,0,0,0,0,0,64.0,5755.0,0,0,0,54,eth:ethertype:ip:tcp,30.9,94.9,52.2,160.0,-48.0,84:F3:EB:12:34:56,,,,,0.0,Normal,0.0
1744301604625880,10.42.0.2,10.42.0.1,49934,1883,0,0,1,0,0,0,0,0,0,0,0,0,0,0.0,0,,0,0,,0,0,0,0,0,0,0,0,0.0,0,0,0,0,0,64.0,5760.0,0,0,0,58,eth:ethertype:ip:tcp,30.9,94.9,52.2,160.0,-48.0,84:F3:EB:12:34:56,,,,,0.0,Normal,0.0
1744301604629792,10.42.0.2,10.42.0.1,49934,1883,1,1,0,1,0,0,0,0,0,0,0,0,0,0.0,0,,0,0,,0,0,0,0,0,0,0,0,0.0,0,0,0,0,0,64.0,5760.0,0,0,0,54,eth:ethertype:ip:tcp,30.9,94.9,52.2,160.0,-48.0,84:F3:EB:12:34:56,,,,,0.0,Normal,0.0
1744301604631995,10.42.0.2,10.42.0.1,49934,1883,1,1,0,1,0,0,1,0,3,0,0,0,0,0.0,0,,0,0,,0,0,0,0,0,0,0,0,0.0,0,0,0,0,0,64.0,5760.0,0,0,0,57,eth:ethertype:ip:tcp,30.9,94.9,52.2,160.0,-48.0,84:F3:EB:12:34:56,,,,,0.0,Normal,0.0
1744301604635354,10.42.0.2,10.42.0.1,49934,1883,4,1,0,1,0,0,1,0,29,0,0,0,0,0.0,0,,0,0,,0,0,0,0,0,0,0,0,0.0,0,0,0,0,0,64.0,5760.0,0,0,0,83,eth:ethertype:ip:tcp,30.9,94.9,52.2,160.0,-48.0,84:F3:EB:12:34:56,,,,,0.0,Normal,0.0
1744301604638479,10.42.0.2,10.42.0.1,49934,1883,33,1,0,1,0,0,1,0,12,0,0,0,0,0.0,0,,0,1,,0,0,0,1,42,4,MQTT,4,0.0,0,0,0,0,0,64.0,5760.0,0,0,esp32_a0a3b3edac1c,66,eth:ethertype:ip:tcp:mqtt,30.9,94.9,52.2,160.0,-48.0,84:F3:EB:12:34:56,,,,,0.0,Normal,0.0
1744301604666846,10.42.0.2,10.42.0.1,49934,1883,45,5,0,1,0,0,0,0,0,0,0,0,0,0.0,0,,0,0,,0,0,0,0,0,0,0,0,0.0,0,0,0,0,0,64.0,5756.0,0,0,0,54,eth:ethertype:ip:tcp,30.9,94.9,52.2,160.0,-48.0,84:F3:EB:12:34:56,,,,,0.0,Normal,0.0
1744301604675039,10.42.0.2,10.42.0.1,49934,1883,45,5,0,1,0,0,1,0,3,0,0,0,0,0.0,0,,0,0,,0,0,0,0,0,0,0,0,0.0,0,0,0,0,0,64.0,5756.0,0,0,0,57,eth:ethertype:ip:tcp,30.9,94.9,52.2,160.0,-48.0,84:F3:EB:12:34:56,,,,,0.0,Normal,0.0
1744301604688839,10.42.0.2,10.42.0.1,49934,1883,48,5,0,1,1,0,1,0,185,0,0,0,0,0.0,0,,0,3,"Wakeup: 0, Mode: 0, Reset: 1, Temperature: 31.2, Uptime: 625863, Memory: 94.9, In_Temperature: 52.2°C, CPU: 160, RSSI: -48, MAC: 84:F3:EB:12:34:56, F_Storage: 99.2",test/temperatura,16,0,0,182,0,0,0,0.0,0,0,0,0,0,64.0,5756.0,0,0,0,239,eth:ethertype:ip:tcp:mqtt,31.2,94.9,52.2,160.0,-48.0,84:F3:EB:12:34:56,,,,,0.0,Normal,0.0
1744301604692448,10.42.0.2,10.42.0.1,49934,1883,234,6,0,1,0,0,0,0,0,0,0,0,0,0.0,0,,0,0,,0,0,0,0,0,0,0,0,0.0,0,0,0,0,0,64.0,5755.0,0,0,0,54,eth:ethertype:ip:tcp,31.2,94.9,52.2,160.0,-48.0,84:F3:EB:12:34:56,,,,,0.0,Normal,0.0
1744301634697123,10.42.0.2,10.42.0.1,49935,1883,0,0,1,0,0,0,0,0,0,0,0,0,0,0.0,0,,0,0,,0,0,0,0,0,0,0,0,0.0,0,0,0,0,0,64.0,5760.0,0,0,0,58,eth:ethertype:ip:tcp,31.2,94.9,52.2,160.0,-48.0,84:F3:EB:12:34:56,,,,,0.0,Normal,0.0
1744301634701000,10.42.0.2,10.42.0.1,49935,1883,1,1,0,1,0,0,0,0,0,0,0,0,0,0.0,0,,0,0,,0,0,0,0,0,0,0,0,0.0,0,0,0,0,0,64.0,5760.0,0,0,0,54,eth:ethertype:ip:tcp,31.2,94.9,52.2,160.0,-48.0,84:F3:EB:12:34:56,,,,,0.0,Normal,0.0
1744301634703122,10.42.0.2,10.42.0.1,49935,1883,1,1,0,1,0,0,1,0,3,0,0,0,0,0.0,0,,0,0,,0,0,0,0,0,0,0,0,0.0,0,0,0,0,0,64.0,5760.0,0,0,0,57,eth:ethertype:ip:tcp,31.2,94.9,52.2,160.0,-48.0,84:F3:EB:12:34:56,,,,,0.0,Normal,0.0
1744301634706569,10.42.0.2,10.42.0.1,49935,1883,4,1,0,1,0,0,1,0,29,0,0,0,0,0.0,0,,0,0,,0,0,0,0,0,0,0,0,0.0,0,0,0,0,0,64.0,5760.0,0,0,0,83,eth:ethertype:ip:tcp,31.2,94.9,52.2,160.0,-48.0,84:F3:EB:12:34:56,,,,,0.0,Normal,0.0
1744301634709999,10.42.0.2,10.42.0.1,49935,1883,33,1,0,1,0,0,1,0,12,0,0,0,0,0.0,0,,0,1,,0,0,0,1,42,4,MQTT,4,0.0,0,0,0,0,0,64.0,5760.0,0,0,esp32_a0a3b3edac1c,66,eth:ethertype:ip:tcp:mqtt,31.2,94.9,52.2,160.0,-48.0,84:F3:EB:12:34:56,,,,,0.0,Normal,0.0
1744301634745245,10.42.0.2,10.42.0.1,49935,1883,45,5,0,1,0,0,1,0,3,0,0,0,0,0.0,0,,0,0,,0,0,0,0,0,0,0,0,0.0,0,0,0,0,0,64.0,5756.0,0,0,0,57,eth:ethertype:ip:tcp,31.2,94.9,52.2,160.0,-48.0,84:F3:EB:12:34:56,,,,,0.0,Normal,0.0
1744301634755588,10.42.0.2,10.42.0.1,49935,1883,48,5,0,1,1,0,1,0,185,0,0,0,0,0.0,0,,0,3,"Wakeup: 0, Mode: 0, Reset: 1, Temperature: 32.4, Uptime: 625894, Memory: 94.9, In_Temperature: 52.8°C, CPU: 160, RSSI: -48, MAC: 84:F3:EB:12:34:56, F_Storage: 99.2",test/temperatura,16,0,0,182,0,0,0,0.0,0,0,0,0,0,64.0,5756.0,0,0,0,239,eth:ethertype:ip:tcp:mqtt,32.4,94.9,52.8,160.0,-48.0,84:F3:EB:12:34:56,,,,,0.0,Normal,0.0
1744301634759043,10.42.0.2,10.42.0.1,49935,1883,234,6,0,1,0,0,0,0,0,0,0,0,0,0.0,0,,0,0,,0,0,0,0,0,0,0,0,0.0,0,0,0,0,0,64.0,5755.0,0,0,0,54,eth:ethertype:ip:tcp,32.4,94.9,52.8,160.0,-48.0,84:F3:EB:12:34:56,,,,,0.0,Normal,0.0
1744301664763852,10.42.0.2,10.42.0.1,49936,1883,0,0,1,0,0,0,0,0,0,0,0,0,0,0.0,0,,0,0,,0,0,0,0,0,0,0,0,0.0,0,0,0,0,0,64.0,5760.0,0,0,0,58,eth:ethertype:ip:tcp,32.4,94.9,52.8,160.0,-48.0,84:F3:EB:12:34:56,,,,,0.0,Normal,0.0
1744301664767609,10.42.0.2,10.42.0.1,49936,1883,1,1,0,1,0,0,0,0,0,0,0,0,0,0.0,0,,0,0,,0,0,0,0,0,0,0,0,0.0,0,0,0,0,0,64.0,5760.0,0,0,0,54,eth:ethertype:ip:tcp,32.4,94.9,52.8,160.0,-48.0,84:F3:EB:12:34:56,,,,,0.0,Normal,0.0
1744301664770138,10.42.0.2,10.42.0.1,49936,1883,1,1,0,1,0,0,1,0,3,0,0,0,0,0.0,0,,0,0,,0,0,0,0,0,0,0,0,0.0,0,0,0,0,0,64.0,5760.0,0,0,0,57,eth:ethertype:ip:tcp,32.4,94.9,52.8,160.0,-48.0,84:F3:EB:12:34:56,,,,,0.0,Normal,0.0
1744301664773562,10.42.0.2,10.42.0.1,49936,1883,4,1,0,1,0,0,1,0,29,0,0,0,0,0.0,0,,0,0,,0,0,0,0,0,0,0,0,0.0,0,0,0,0,0,64.0,5760.0,0,0,0,83,eth:ethertype:ip:tcp,32.4,94.9,52.8,160.0,-48.0,84:F3:EB:12:34:56,,,,,0.0,Normal,0.0
1744301664776658,10.42.0.2,10.42.0.1,49936,1883,33,1,0,1,0,0,1,0,12,0,0,0,0,0.0,0,,0,1,,0,0,0,1,42,4,MQTT,4,0.0,0,0,0,0,0,64.0,5760.0,0,0,esp32_a0a3b3edac1c,66,eth:ethertype:ip:tcp:mqtt,32.4,94.9,52.8,160.0,-48.0,84:F3:EB:12:34:56,,,,,0.0,Normal,0.0
1744301664814075,10.42.0.2,10.42.0.1,49936,1883,45,5,0,1,0,0,1,0,3,0,0,0,0,0.0,0,,0,0,,0,0,0,0,0,0,0,0,0.0,0,0,0,0,0,64.0,5756.0,0,0,0,57,eth:ethertype:ip:tcp,32.4,94.9,52.8,160.0,-48.0,84:F3:EB:12:34:56,,,,,0.0,Normal,0.0
1744301664824930,10.42.0.2,10.42.0.1,49936,1883,48,5,0,1,1,0,1,0,185,0,0,0,0,0.0,0,,0,3,"Wakeup: 0, Mode: 0, Reset: 1, Temperature: 38.1, Uptime: 625924, Memory: 94.9, In_Temperature: 52.2°C, CPU: 160, RSSI: -48, MAC: 84:F3:EB:12:34:56, F_Storage: 99.2",test/temperatura,16,0,0,182,0,0,0,0.0,0,0,0,0,0,64.0,5756.0,0,0,0,239,eth:ethertype:ip:tcp:mqtt,38.1,94.9,52.2,160.0,-48.0,84:F3:EB:12:34:56,,,,,0.0,Normal,0.0
1744301664828403,10.42.0.2,10.42.0.1,49936,1883,234,6,0,1,0,0,0,0,0,0,0,0,0,0.0,0,,0,0,,0,0,0,0,0,0,0,0,0.0,0,0,0,0,0,64.0,5755.0,0,0,0,54,eth:ethertype:ip:tcp,38.1,94.9,52.2,160.0,-48.0,84:F3:EB:12:34:56,,,,,0.0,Normal,0.0
1744301694833988,10.42.0.2,10.42.0.1,49937,1883,0,0,1,0,0,0,0,0,0,0,0,0,0,0.0,0,,0,0,,0,0,0,0,0,0,0,0,0.0,0,0,0,0,0,64.0,5760.0,0,0,0,58,eth:ethertype:ip:tcp,38.1,94.9,52.2,160.0,-48.0,84:F3:EB:12:34:56,,,,,0.0,Normal,0.0
1744301694837910,10.42.0.2,10.42.0.1,49937,1883,1,1,0,1,0,0,0,0,0,0,0,0,0,0.0,0,,0,0,,0,0,0,0,0,0,0,0,0.0,0,0,0,0,0,64.0,5760.0,0,0,0,54,eth:ethertype:ip:tcp,38.1,94.9,52.2,160.0,-48.0,84:F3:EB:12:34:56,,,,,0.0,Normal,0.0
1744301694840039,10.42.0.2,10.42.0.1,49937,1883,1,1,0,1,0,0,1,0,3,0,0,0,0,0.0,0,,0,0,,0,0,0,0,0,0,0,0,0.0,0,0,0,0,0,64.0,5760.0,0,0,0,57,eth:ethertype:ip:tcp,38.1,94.9,52.2,160.0,-48.0,84:F3:EB:12:34:56,,,,,0.0,Normal,0.0
1744301694843468,10.42.0.2,10.42.0.1,49937,1883,4,1,0,1,0,0,1,0,29,0,0,0,0,0.0,0,,0,0,,0,0,0,0,0,0,0,0,0.0,0,0,0,0,0,64.0,5760.0,0,0,0,83,eth:ethertype:ip:tcp,38.1,94.9,52.2,160.0,-48.0,84:F3:EB:12:34:56,,,,,0.0,Normal,0.0
1744301694847261,10.42.0.2,10.42.0.1,49937,1883,33,1,0,1,0,0,1,0,2,0,0,0,0,0.0,0,,0,0,,0,0,0,0,0,0,0,0,0.0,0,0,0,0,0,64.0,5760.0,0,0,0,56,eth:ethertype:ip:tcp,38.1,94.9,52.2,160.0,-48.0,84:F3:EB:12:34:56,,,,,0.0,Normal,0.0
1744301694851191,10.42.0.2,10.42.0.1,49937,1883,35,1,0,1,0,0,1,0,4,0,0,0,0,0.0,0,,0,0,,0,0,0,0,0,0,0,0,0.0,0,0,0,0,0,64.0,5760.0,0,0,0,58,eth:ethertype:ip:tcp,38.1,94.9,52.2,160.0,-48.0,84:F3:EB:12:34:56,,,,,0.0,Normal,0.0
1744301694855075,10.42.0.2,10.42.0.1,49937,1883,39,1,0,1,0,0,1,0,2,0,0,0,0,0.0,0,,0,0,,0,0,0,0,0,0,0,0,0.0,0,0,0,0,0,64.0,5760.0,0,0,0,56,eth:ethertype:ip:tcp,38.1,94.9,52.2,160.0,-48.0,84:F3:EB:12:34:56,,,,,0.0,Normal,0.0
1744301694859714,10.42.0.2,10.42.0.1,49937,1883,41,1,0,1,0,0,1,0,4,0,0,0,0,0.0,0,,0,1,,0,0,0,1,42,4,MQTT,4,0.0,0,0,0,0,0,64.0,5760.0,0,0,esp32_a0a3b3edac1c,58,eth:ethertype:ip:tcp:mqtt,38.1,94.9,52.2,160.0,-48.0,84:F3:EB:12:34:56,,,,,0.0,Normal,0.0
1744301694896522,10.42.0.2,10.42.0.1,49937,1883,45,5,0,1,0,0,1,0,3,0,0,0,0,0.0,0,,0,0,,0,0,0,0,0,0,0,0,0.0,0,0,0,0,0,64.0,5756.0,0,0,0,57,eth:ethertype:ip:tcp,38.1,94.9,52.2,160.0,-48.0,84:F3:EB:12:34:56,,,,,0.0,Normal,0.0
1744301694919063,10.42.0.2,10.42.0.1,49937,1883,48,5,0,1,1,0,1,0,185,0,0,0,0,0.0,0,,0,3,"Wakeup: 0, Mode: 0, Reset: 1, Temperature: 30.3, Uptime: 625954, Memory: 94.9, In_Temperature: 52.8°C, CPU: 160, RSSI: -48, MAC: 84:F3:EB:12:34:56, F_Storage: 99.2",test/temperatura,16,0,0,182,0,0,0,0.0,0,0,0,0,0,64.0,5756.0,0,0,0,239,eth:ethertype:ip:tcp:mqtt,30.3,94.9,52.8,160.0,-48.0,84:F3:EB:12:34:56,,,,,0.0,Normal,0.0
1744301694922689,10.42.0.2,10.42.0.1,49937,1883,234,6,0,1,0,0,0,0,0,0,0,0,0,0.0,0,,0,0,,0,0,0,0,0,0,0,0,0.0,0,0,0,0,0,64.0,5755.0,0,0,0,54,eth:ethertype:ip:tcp,30.3,94.9,52.8,160.0,-48.0,84:F3:EB:12:34:56,,,,,0.0,Normal,0.0
1744301724923480,10.42.0.2,10.42.0.1,49938,1883,0,0,1,0,0,0,0,0,0,0,0,0,0,0.0,0,,0,0,,0,0,0,0,0,0,0,0,0.0,0,0,0,0,0,64.0,5760.0,0,0,0,58,eth:ethertype:ip:tcp,30.3,94.9,52.8,160.0,-48.0,84:F3:EB:12:34:56,,,,,0.0,Normal,0.0
1744301724927507,10.42.0.2,10.42.0.1,49938,1883,1,1,0,1,0,0,0,0,0,0,0,0,0,0.0,0,,0,0,,0,0,0,0,0,0,0,0,0.0,0,0,0,0,0,64.0,5760.0,0,0,0,54,eth:ethertype:ip:tcp,30.3,94.9,52.8,160.0,-48.0,84:F3:EB:12:34:56,,,,,0.0,Normal,0.0
1744301724929672,10.42.0.2,10.42.0.1,49938,1883,1,1,0,1,0,0,1,0,3,0,0,0,0,0.0,0,,0,0,,0,0,0,0,0,0,0,0,0.0,0,0,0,0,0,64.0,5760.0,0,0,0,57,eth:ethertype:ip:tcp,30.3,94.9,52.8,160.0,-48.0,84:F3:EB:12:34:56,,,,,0.0,Normal,0.0
1744301724933015,10.42.0.2,10.42.0.1,49938,1883,4,1,0,1,0,0,1,0,29,0,0,0,0,0.0,0,,0,0,,0,0,0,0,0,0,0,0,0.0,0,0,0,0,0,64.0,5760.0,0,0,0,83,eth:ethertype:ip:tcp,30.3,94.9,52.8,160.0,-48.0,84:F3:EB:12:34:56,,,,,0.0,Normal,0.0
1744301724936080,10.42.0.2,10.42.0.1,49938,1883,33,1,0,1,0,0,1,0,12,0,0,0,0,0.0,0,,0,1,,0,0,0,1,42,4,MQTT,4,0.0,0,0,0,0,0,64.0,5760.0,0,0,esp32_a0a3b3edac1c,66,eth:ethertype:ip:tcp:mqtt,30.3,94.9,52.8,160.0,-48.0,84:F3:EB:12:34:56,,,,,0.0,Normal,0.0
1744301724971900,10.42.0.2,10.42.0.1,49938,1883,45,5,0,1,0,0,1,0,3,0,0,0,0,0.0,0,,0,0,,0,0,0,0,0,0,0,0,0.0,0,0,0,0,0,64.0,5756.0,0,0,0,57,eth:ethertype:ip:tcp,30.3,94.9,52.8,160.0,-48.0,84:F3:EB:12:34:56,,,,,0.0,Normal,0.0
1744301724983730,10.42.0.2,10.42.0.1,49938,1883,48,5,0,1,1,0,1,0,185,0,0,0,0,0.0,0,,0,3,"Wakeup: 0, Mode: 0, Reset: 1, Temperature: 31.5, Uptime: 625984, Memory: 94.9, In_Temperature: 52.2°C, CPU: 160, RSSI: -49, MAC: 84:F3:EB:12:34:56, F_Storage: 99.2",test/temperatura,16,0,0,182,0,0,0,0.0,0,0,0,0,0,64.0,5756.0,0,0,0,239,eth:ethertype:ip:tcp:mqtt,31.5,94.9,52.2,160.0,-49.0,84:F3:EB:12:34:56,,,,,0.0,Normal,0.0
1744301724987186,10.42.0.2,10.42.0.1,49938,1883,234,6,0,1,0,0,0,0,0,0,0,0,0,0.0,0,,0,0,,0,0,0,0,0,0,0,0,0.0,0,0,0,0,0,64.0,5755.0,0,0,0,54,eth:ethertype:ip:tcp,31.5,94.9,52.2,160.0,-49.0,84:F3:EB:12:34:56,,,,,0.0,Normal,0.0
1744301754994819,10.42.0.2,10.42.0.1,49939,1883,0,0,1,0,0,0,0,0,0,0,0,0,0,0.0,0,,0,0,,0,0,0,0,0,0,0,0,0.0,0,0,0,0,0,64.0,5760.0,0,0,0,58,eth:ethertype:ip:tcp,31.5,94.9,52.2,160.0,-49.0,84:F3:EB:12:34:56,,,,,0.0,Normal,0.0
1744301754998805,10.42.0.2,10.42.0.1,49939,1883,1,1,0,1,0,0,0,0,0,0,0,0,0,0.0,0,,0,0,,0,0,0,0,0,0,0,0,0.0,0,0,0,0,0,64.0,5760.0,0,0,0,54,eth:ethertype:ip:tcp,31.5,94.9,52.2,160.0,-49.0,84:F3:EB:12:34:56,,,,,0.0,Normal,0.0
1744301755000945,10.42.0.2,10.42.0.1,49939,1883,1,1,0,1,0,0,1,0,3,0,0,0,0,0.0,0,,0,0,,0,0,0,0,0,0,0,0,0.0,0,0,0,0,0,64.0,5760.0,0,0,0,57,eth:ethertype:ip:tcp,31.5,94.9,52.2,160.0,-49.0,84:F3:EB:12:34:56,,,,,0.0,Normal,0.0
1744301755004375,10.42.0.2,10.42.0.1,49939,1883,4,1,0,1,0,0,1,0,29,0,0,0,0,0.0,0,,0,0,,0,0,0,0,0,0,0,0,0.0,0,0,0,0,0,64.0,5760.0,0,0,0,83,eth:ethertype:ip:tcp,31.5,94.9,52.2,160.0,-49.0,84:F3:EB:12:34:56,,,,,0.0,Normal,0.0
1744301755011628,10.42.0.2,10.42.0.1,49939,1883,33,1,0,1,0,0,1,0,12,0,0,0,0,0.0,0,,0,1,,0,0,0,1,42,4,MQTT,4,0.0,0,0,0,0,0,64.0,5760.0,0,0,esp32_a0a3b3edac1c,66,eth:ethertype:ip:tcp:mqtt,31.5,94.9,52.2,160.0,-49.0,84:F3:EB:12:34:56,,,,,0.0,Normal,0.0
1744301755047220,10.42.0.2,10.42.0.1,49939,1883,45,5,0,1,0,0,1,0,3,0,0,0,0,0.0,0,,0,0,,0,0,0,0,0,0,0,0,0.0,0,0,0,0,0,64.0,5756.0,0,0,0,57,eth:ethertype:ip:tcp,31.5,94.9,52.2,160.0,-49.0,84:F3:EB:12:34:56,,,,,0.0,Normal,0.0
1744301755062969,10.42.0.2,10.42.0.1,49939,1883,48,5,0,1,1,0,1,0,185,0,0,0,0,0.0,0,,0,3,"Wakeup: 0, Mode: 0, Reset: 1, Temperature: 39.5, Uptime: 626014, Memory: 94.9, In_Temperature: 52.2°C, CPU: 160, RSSI: -49, MAC: 84:F3:EB:12:34:56, F_Storage: 99.2",test/temperatura,16,0,0,182,0,0,0,0.0,0,0,0,0,0,64.0,5756.0,0,0,0,239,eth:ethertype:ip:tcp:mqtt,39.5,94.9,52.2,160.0,-49.0,84:F3:EB:12:34:56,,,,,0.0,Normal,0.0
1744301755069564,10.42.0.2,10.42.0.1,49939,1883,234,6,0,1,0,0,0,0,0,0,0,0,0,0.0,0,,0,0,,0,0,0,0,0,0,0,0,0.0,0,0,0,0,0,64.0,5755.0,0,0,0,54,eth:ethertype:ip:tcp,39.5,94.9,52.2,160.0,-49.0,84:F3:EB:12:34:56,,,,,0.0,Normal,0.0
1744301785071928,10.42.0.2,10.42.0.1,49940,1883,0,0,1,0,0,0,0,0,0,0,0,0,0,0.0,0,,0,0,,0,0,0,0,0,0,0,0,0.0,0,0,0,0,0,64.0,5760.0,0,0,0,58,eth:ethertype:ip:tcp,39.5,94.9,52.2,160.0,-49.0,84:F3:EB:12:34:56,,,,,0.0,Normal,0.0
1744301785075874,10.42.0.2,10.42.0.1,49940,1883,1,1,0,1,0,0,0,0,0,0,0,0,0,0.0,0,,0,0,,0,0,0,0,0,0,0,0,0.0,0,0,0,0,0,64.0,5760.0,0,0,0,54,eth:ethertype:ip:tcp,39.5,94.9,52.2,160.0,-49.0,84:F3:EB:12:34:56,,,,,0.0,Normal,0.0
1744301785078057,10.42.0.2,10.42.0.1,49940,1883,1,1,0,1,0,0,1,0,3,0,0,0,0,0.0,0,,0,0,,0,0,0,0,0,0,0,0,0.0,0,0,0,0,0,64.0,5760.0,0,0,0,57,eth:ethertype:ip:tcp,39.5,94.9,52.2,160.0,-49.0,84:F3:EB:12:34:56,,,,,0.0,Normal,0.0
1744301785081580,10.42.0.2,10.42.0.1,49940,1883,4,1,0,1,0,0,1,0,29,0,0,0,0,0.0,0,,0,0,,0,0,0,0,0,0,0,0,0.0,0,0,0,0,0,64.0,5760.0,0,0,0,83,eth:ethertype:ip:tcp,39.5,94.9,52.2,160.0,-49.0,84:F3:EB:12:34:56,,,,,0.0,Normal,0.0
1744301785084826,10.42.0.2,10.42.0.1,49940,1883,33,1,0,1,0,0,1,0,12,0,0,0,0,0.0,0,,0,1,,0,0,0,1,42,4,MQTT,4,0.0,0,0,0,0,0,64.0,5760.0,0,0,esp32_a0a3b3edac1c,66,eth:ethertype:ip:tcp:mqtt,39.5,94.9,52.2,160.0,-49.0,84:F3:EB:12:34:56,,,,,0.0,Normal,0.0
1744301785121252,10.42.0.2,10.42.0.1,49940,1883,45,5,0,1,0,0,1,0,3,0,0,0,0,0.0,0,,0,0,,0,0,0,0,0,0,0,0,0.0,0,0,0,0,0,64.0,5756.0,0,0,0,57,eth:ethertype:ip:tcp,39.5,94.9,52.2,160.0,-49.0,84:F3:EB:12:34:56,,,,,0.0,Normal,0.0
1744301785132285,10.42.0.2,10.42.0.1,49940,1883,48,5,0,1,1,0,1,0,185,0,0,0,0,0.0,0,,0,3,"Wakeup: 0, Mode: 0, Reset: 1, Temperature: 28.9, Uptime: 626044, Memory: 94.9, In_Temperature: 52.8°C, CPU: 160, RSSI: -50, MAC: 84:F3:EB:12:34:56, F_Storage: 99.2",test/temperatura,16,0,0,182,0,0,0,0.0,0,0,0,0,0,64.0,5756.0,0,0,0,239,eth:ethertype:ip:tcp:mqtt,28.9,94.9,52.8,160.0,-50.0,84:F3:EB:12:34:56,,,,,0.0,Normal,0.0
1744301785135770,10.42.0.2,10.42.0.1,49940,1883,234,6,0,1,0,0,0,0,0,0,0,0,0,0.0,0,,0,0,,0,0,0,0,0,0,0,0,0.0,0,0,0,0,0,64.0,5755.0,0,0,0,54,eth:ethertype:ip:tcp,28.9,94.9,52.8,160.0,-50.0,84:F3:EB:12:34:56,,,,,0.0,Normal,0.0
1744301815141112,10.42.0.2,10.42.0.1,49941,1883,0,0,1,0,0,0,0,0,0,0,0,0,0,0.0,0,,0,0,,0,0,0,0,0,0,0,0,0.0,0,0,0,0,0,64.0,5760.0,0,0,0,58,eth:ethertype:ip:tcp,28.9,94.9,52.8,160.0,-50.0,84:F3:EB:12:34:56,,,,,0.0,Normal,0.0
1744301815145303,10.42.0.2,10.42.0.1,49941,1883,1,1,0,1,0,0,0,0,0,0,0,0,0,0.0,0,,0,0,,0,0,0,0,0,0,0,0,0.0,0,0,0,0,0,64.0,5760.0,0,0,0,54,eth:ethertype:ip:tcp,28.9,94.9,52.8,160.0,-50.0,84:F3:EB:12:34:56,,,,,0.0,Normal,0.0
1744301815147521,10.42.0.2,10.42.0.1,49941,1883,1,1,0,1,0,0,1,0,3,0,0,0,0,0.0,0,,0,0,,0,0,0,0,0,0,0,0,0.0,0,0,0,0,0,64.0,5760.0,0,0,0,57,eth:ethertype:ip:tcp,28.9,94.9,52.8,160.0,-50.0,84:F3:EB:12:34:56,,,,,0.0,Normal,0.0
1744301815150962,10.42.0.2,10.42.0.1,49941,1883,4,1,0,1,0,0,1,0,29,0,0,0,0,0.0,0,,0,0,,0,0,0,0,0,0,0,0,0.0,0,0,0,0,0,64.0,5760.0,0,0,0,83,eth:ethertype:ip:tcp,28.9,94.9,52.8,160.0,-50.0,84:F3:EB:12:34:56,,,,,0.0,Normal,0.0
1744301815155070,10.42.0.2,10.42.0.1,49941,1883,33,1,0,1,0,0,1,0,12,0,0,0,0,0.0,0,,0,1,,0,0,0,1,42,4,MQTT,4,0.0,0,0,0,0,0,64.0,5760.0,0,0,esp32_a0a3b3edac1c,66,eth:ethertype:ip:tcp:mqtt,28.9,94.9,52.8,160.0,-50.0,84:F3:EB:12:34:56,,,,,0.0,Normal,0.0
1744301815161313,10.42.0.2,10.42.0.1,49941,1883,45,5,0,1,0,0,0,0,0,0,0,0,0,0.0,0,,0,0,,0,0,0,0,0,0,0,0,0.0,0,0,0,0,0,64.0,5756.0,0,0,0,54,eth:ethertype:ip:tcp,28.9,94.9,52.8,160.0,-50.0,84:F3:EB:12:34:56,,,,,0.0,Normal,0.0
1744301815190433,10.42.0.2,10.42.0.1,49941,1883,45,5,0,1,0,0,1,0,3,0,0,0,0,0.0,0,,0,0,,0,0,0,0,0,0,0,0,0.0,0,0,0,0,0,64.0,5756.0,0,0,0,57,eth:ethertype:ip:tcp,28.9,94.9,52.8,160.0,-50.0,84:F3:EB:12:34:56,,,,,0.0,Normal,0.0
1744301815201508,10.42.0.2,10.42.0.1,49941,1883,48,5,0,1,1,0,1,0,185,0,0,0,0,0.0,0,,0,3,"Wakeup: 0, Mode: 0, Reset: 1, Temperature: 28.8, Uptime: 626074, Memory: 94.9, In_Temperature: 52.8°C, CPU: 160, RSSI: -48, MAC: 84:F3:EB:12:34:56, F_Storage: 99.2",test/temperatura,16,0,0,182,0,0,0,0.0,0,0,0,0,0,64.0,5756.0,0,0,0,239,eth:ethertype:ip:tcp:mqtt,28.8,94.9,52.8,160.0,-48.0,84:F3:EB:12:34:56,,,,,0.0,Normal,0.0
1744301815206504,10.42.0.2,10.42.0.1,49941,1883,234,6,0,1,0,0,0,0,0,0,0,0,0,0.0,0,,0,0,,0,0,0,0,0,0,0,0,0.0,0,0,0,0,0,64.0,5755.0,0,0,0,54,eth:ethertype:ip:tcp,28.8,94.9,52.8,160.0,-48.0,84:F3:EB:12:34:56,,,,,0.0,Normal,0.0
1744301845210000,10.42.0.2,10.42.0.1,49942,1883,0,0,1,0,0,0,0,0,0,0,0,0,0,0.0,0,,0,0,,0,0,0,0,0,0,0,0,0.0,0,0,0,0,0,64.0,5760.0,0,0,0,58,eth:ethertype:ip:tcp,28.8,94.9,52.8,160.0,-48.0,84:F3:EB:12:34:56,,,,,0.0,Normal,0.0
1744301845213715,10.42.0.2,10.42.0.1,49942,1883,1,1,0,1,0,0,0,0,0,0,0,0,0,0.0,0,,0,0,,0,0,0,0,0,0,0,0,0.0,0,0,0,0,0,64.0,5760.0,0,0,0,54,eth:ethertype:ip:tcp,28.8,94.9,52.8,160.0,-48.0,84:F3:EB:12:34:56,,,,,0.0,Normal,0.0
1744301845215920,10.42.0.2,10.42.0.1,49942,1883,1,1,0,1,0,0,1,0,3,0,0,0,0,0.0,0,,0,0,,0,0,0,0,0,0,0,0,0.0,0,0,0,0,0,64.0,5760.0,0,0,0,57,eth:ethertype:ip:tcp,28.8,94.9,52.8,160.0,-48.0,84:F3:EB:12:34:56,,,,,0.0,Normal,0.0
1744301845219373,10.42.0.2,10.42.0.1,49942,1883,4,1,0,1,0,0,1,0,29,0,0,0,0,0.0,0,,0,0,,0,0,0,0,0,0,0,0,0.0,0,0,0,0,0,64.0,5760.0,0,0,0,83,eth:ethertype:ip:tcp,28.8,94.9,52.8,160.0,-48.0,84:F3:EB:12:34:56,,,,,0.0,Normal,0.0
1744301845226115,10.42.0.2,10.42.0.1,49942,1883,33,1,0,1,0,0,1,0,12,0,0,0,0,0.0,0,,0,1,,0,0,0,1,42,4,MQTT,4,0.0,0,0,0,0,0,64.0,5760.0,0,0,esp32_a0a3b3edac1c,66,eth:ethertype:ip:tcp:mqtt,28.8,94.9,52.8,160.0,-48.0,84:F3:EB:12:34:56,,,,,0.0,Normal,0.0
1744301845261495,10.42.0.2,10.42.0.1,49942,1883,45,5,0,1,0,0,1,0,3,0,0,0,0,0.0,0,,0,0,,0,0,0,0,0,0,0,0,0.0,0,0,0,0,0,64.0,5756.0,0,0,0,57,eth:ethertype:ip:tcp,28.8,94.9,52.8,160.0,-48.0,84:F3:EB:12:34:56,,,,,0.0,Normal,0.0
1744301845271003,10.42.0.2,10.42.0.1,49942,1883,48,5,0,1,1,0,1,0,185,0,0,0,0,0.0,0,,0,3,"Wakeup: 0, Mode: 0, Reset: 1, Temperature: 35.8, Uptime: 626104, Memory: 94.9, In_Temperature: 52.8°C, CPU: 160, RSSI: -49, MAC: 84:F3:EB:12:34:56, F_Storage: 99.2",test/temperatura,16,0,0,182,0,0,0,0.0,0,0,0,0,0,64.0,5756.0,0,0,0,239,eth:ethertype:ip:tcp:mqtt,35.8,94.9,52.8,160.0,-49.0,84:F3:EB:12:34:56,,,,,0.0,Normal,0.0
1744301845274349,10.42.0.2,10.42.0.1,49942,1883,234,6,0,1,0,0,0,0,0,0,0,0,0,0.0,0,,0,0,,0,0,0,0,0,0,0,0,0.0,0,0,0,0,0,64.0,5755.0,0,0,0,54,eth:ethertype:ip:tcp,35.8,94.9,52.8,160.0,-49.0,84:F3:EB:12:34:56,,,,,0.0,Normal,0.0
1744301875287955,10.42.0.2,10.42.0.1,49943,1883,0,0,1,0,0,0,0,0,0,0,0,0,0,0.0,0,,0,0,,0,0,0,0,0,0,0,0,0.0,0,0,0,0,0,64.0,5760.0,0,0,0,58,eth:ethertype:ip:tcp,35.8,94.9,52.8,160.0,-49.0,84:F3:EB:12:34:56,,,,,0.0,Normal,0.0
1744301875291692,10.42.0.2,10.42.0.1,49943,1883,1,1,0,1,0,0,0,0,0,0,0,0,0,0.0,0,,0,0,,0,0,0,0,0,0,0,0,0.0,0,0,0,0,0,64.0,5760.0,0,0,0,54,eth:ethertype:ip:tcp,35.8,94.9,52.8,160.0,-49.0,84:F3:EB:12:34:56,,,,,0.0,Normal,0.0
1744301875293779,10.42.0.2,10.42.0.1,49943,1883,1,1,0,1,0,0,1,0,3,0,0,0,0,0.0,0,,0,0,,0,0,0,0,0,0,0,0,0.0,0,0,0,0,0,64.0,5760.0,0,0,0,57,eth:ethertype:ip:tcp,35.8,94.9,52.8,160.0,-49.0,84:F3:EB:12:34:56,,,,,0.0,Normal,0.0
1744301875297310,10.42.0.2,10.42.0.1,49943,1883,4,1,0,1,0,0,1,0,29,0,0,0,0,0.0,0,,0,0,,0,0,0,0,0,0,0,0,0.0,0,0,0,0,0,64.0,5760.0,0,0,0,83,eth:ethertype:ip:tcp,35.8,94.9,52.8,160.0,-49.0,84:F3:EB:12:34:56,,,,,0.0,Normal,0.0
1744301875300396,10.42.0.2,10.42.0.1,49943,1883,33,1,0,1,0,0,1,0,12,0,0,0,0,0.0,0,,0,1,,0,0,0,1,42,4,MQTT,4,0.0,0,0,0,0,0,64.0,5760.0,0,0,esp32_a0a3b3edac1c,66,eth:ethertype:ip:tcp:mqtt,35.8,94.9,52.8,160.0,-49.0,84:F3:EB:12:34:56,,,,,0.0,Normal,0.0
1744301875337302,10.42.0.2,10.42.0.1,49943,1883,45,5,0,1,0,0,1,0,3,0,0,0,0,0.0,0,,0,0,,0,0,0,0,0,0,0,0,0.0,0,0,0,0,0,64.0,5756.0,0,0,0,57,eth:ethertype:ip:tcp,35.8,94.9,52.8,160.0,-49.0,84:F3:EB:12:34:56,,,,,0.0,Normal,0.0
1744301875350128,10.42.0.2,10.42.0.1,49943,1883,48,5,0,1,1,0,1,0,185,0,0,0,0,0.0,0,,0,3,"Wakeup: 0, Mode: 0, Reset: 1, Temperature: 37.4, Uptime: 626134, Memory: 94.9, In_Temperature: 52.2°C, CPU: 160, RSSI: -49, MAC: 84:F3:EB:12:34:56, F_Storage: 99.2",test/temperatura,16,0,0,182,0,0,0,0.0,0,0,0,0,0,64.0,5756.0,0,0,0,239,eth:ethertype:ip:tcp:mqtt,37.4,94.9,52.2,160.0,-49.0,84:F3:EB:12:34:56,,,,,0.0,Normal,0.0
1744301875356954,10.42.0.2,10.42.0.1,49943,1883,234,6,0,1,0,0,0,0,0,0,0,0,0,0.0,0,,0,0,,0,0,0,0,0,0,0,0,0.0,0,0,0,0,0,64.0,5755.0,0,0,0,54,eth:ethertype:ip:tcp,37.4,94.9,52.2,160.0,-49.0,84:F3:EB:12:34:56,,,,,0.0,Normal,0.0
1744301905359238,10.42.0.2,10.42.0.1,49944,1883,0,0,1,0,0,0,0,0,0,0,0,0,0,0.0,0,,0,0,,0,0,0,0,0,0,0,0,0.0,0,0,0,0,0,64.0,5760.0,0,0,0,58,eth:ethertype:ip:tcp,37.4,94.9,52.2,160.0,-49.0,84:F3:EB:12:34:56,,,,,0.0,Normal,0.0
1744301905363318,10.42.0.2,10.42.0.1,49944,1883,1,1,0,1,0,0,0,0,0,0,0,0,0,0.0,0,,0,0,,0,0,0,0,0,0,0,0,0.0,0,0,0,0,0,64.0,5760.0,0,0,0,54,eth:ethertype:ip:tcp,37.4,94.9,52.2,160.0,-49.0,84:F3:EB:12:34:56,,,,,0.0,Normal,0.0
1744301905365471,10.42.0.2,10.42.0.1,49944,1883,1,1,0,1,0,0,1,0,3,0,0,0,0,0.0,0,,0,0,,0,0,0,0,0,0,0,0,0.0,0,0,0,0,0,64.0,5760.0,0,0,0,57,eth:ethertype:ip:tcp,37.4,94.9,52.2,160.0,-49.0,84:F3:EB:12:34:56,,,,,0.0,Normal,0.0
1744301905368890,10.42.0.2,10.42.0.1,49944,1883,4,1,0,1,0,0,1,0,29,0,0,0,0,0.0,0,,0,0,,0,0,0,0,0,0,0,0,0.0,0,0,0,0,0,64.0,5760.0,0,0,0,83,eth:ethertype:ip:tcp,37.4,94.9,52.2,160.0,-49.0,84:F3:EB:12:34:56,,,,,0.0,Normal,0.0
1744301905371860,10.42.0.2,10.42.0.1,49944,1883,33,1,0,1,0,0,1,0,12,0,0,0,0,0.0,0,,0,1,,0,0,0,1,42,4,MQTT,4,0.0,0,0,0,0,0,64.0,5760.0,0,0,esp32_a0a3b3edac1c,66,eth:ethertype:ip:tcp:mqtt,37.4,94.9,52.2,160.0,-49.0,84:F3:EB:12:34:56,,,,,0.0,Normal,0.0
1744301905407323,10.42.0.2,10.42.0.1,49944,1883,45,5,0,1,0,0,1,0,3,0,0,0,0,0.0,0,,0,0,,0,0,0,0,0,0,0,0,0.0,0,0,0,0,0,64.0,5756.0,0,0,0,57,eth:ethertype:ip:tcp,37.4,94.9,52.2,160.0,-49.0,84:F3:EB:12:34:56,,,,,0.0,Normal,0.0
1744301905421677,10.42.0.2,10.42.0.1,49944,1883,48,5,0,1,1,0,1,0,185,0,0,0,0,0.0,0,,0,3,"Wakeup: 0, Mode: 0, Reset: 1, Temperature: 25.1, Uptime: 626164, Memory: 94.9, In_Temperature: 52.2°C, CPU: 160, RSSI: -49, MAC: 84:F3:EB:12:34:56, F_Storage: 99.2",test/temperatura,16,0,0,182,0,0,0,0.0,0,0,0,0,0,64.0,5756.0,0,0,0,239,eth:ethertype:ip:tcp:mqtt,25.1,94.9,52.2,160.0,-49.0,84:F3:EB:12:34:56,,,,,0.0,Normal,0.0
1744301905424954,10.42.0.2,10.42.0.1,49944,1883,234,6,0,1,0,0,0,0,0,0,0,0,0,0.0,0,,0,0,,0,0,0,0,0,0,0,0,0.0,0,0,0,0,0,64.0,5755.0,0,0,0,54,eth:ethertype:ip:tcp,25.1,94.9,52.2,160.0,-49.0,84:F3:EB:12:34:56,,,,,0.0,Normal,0.0
1744301935431301,10.42.0.2,10.42.0.1,49945,1883,0,0,1,0,0,0,0,0,0,0,0,0,0,0.0,0,,0,0,,0,0,0,0,0,0,0,0,0.0,0,0,0,0,0,64.0,5760.0,0,0,0,58,eth:ethertype:ip:tcp,25.1,94.9,52.2,160.0,-49.0,84:F3:EB:12:34:56,,,,,0.0,Normal,0.0
1744301935436919,10.42.0.2,10.42.0.1,49945,1883,1,1,0,1,0,0,0,0,0,0,0,0,0,0.0,0,,0,0,,0,0,0,0,0,0,0,0,0.0,0,0,0,0,0,64.0,5760.0,0,0,0,54,eth:ethertype:ip:tcp,25.1,94.9,52.2,160.0,-49.0,84:F3:EB:12:34:56,,,,,0.0,Normal,0.0
1744301935437831,10.42.0.2,10.42.0.1,49945,1883,1,1,0,1,0,0,1,0,3,0,0,0,0,0.0,0,,0,0,,0,0,0,0,0,0,0,0,0.0,0,0,0,0,0,64.0,5760.0,0,0,0,57,eth:ethertype:ip:tcp,25.1,94.9,52.2,160.0,-49.0,84:F3:EB:12:34:56,,,,,0.0,Normal,0.0
1744301935443488,10.42.0.2,10.42.0.1,49945,1883,4,1,0,1,0,0,1,0,41,0,0,0,0,0.0,0,,0,1,,0,0,0,1,42,4,MQTT,4,0.0,0,0,0,0,0,64.0,5760.0,0,0,esp32_a0a3b3edac1c,95,eth:ethertype:ip:tcp:mqtt,25.1,94.9,52.2,160.0,-49.0,84:F3:EB:12:34:56,,,,,0.0,Normal,0.0
1744301935479421,10.42.0.2,10.42.0.1,49945,1883,45,5,0,1,0,0,1,0,3,0,0,0,0,0.0,0,,0,0,,0,0,0,0,0,0,0,0,0.0,0,0,0,0,0,64.0,5756.0,0,0,0,57,eth:ethertype:ip:tcp,25.1,94.9,52.2,160.0,-49.0,84:F3:EB:12:34:56,,,,,0.0,Normal,0.0
1744301935488791,10.42.0.2,10.42.0.1,49945,1883,48,5,0,1,1,0,1,0,185,0,0,0,0,0.0,0,,0,3,"Wakeup: 0, Mode: 0, Reset: 1, Temperature: 28.4, Uptime: 626194, Memory: 94.9, In_Temperature: 52.8°C, CPU: 160, RSSI: -49, MAC: 84:F3:EB:12:34:56, F_Storage: 99.2",test/temperatura,16,0,0,182,0,0,0,0.0,0,0,0,0,0,64.0,5756.0,0,0,0,239,eth:ethertype:ip:tcp:mqtt,28.4,94.9,52.8,160.0,-49.0,84:F3:EB:12:34:56,,,,,0.0,Normal,0.0
1744301935496919,10.42.0.2,10.42.0.1,49945,1883,234,6,0,1,0,0,0,0,0,0,0,0,0,0.0,0,,0,0,,0,0,0,0,0,0,0,0,0.0,0,0,0,0,0,64.0,5755.0,0,0,0,54,eth:ethertype:ip:tcp,28.4,94.9,52.8,160.0,-49.0,84:F3:EB:12:34:56,,,,,0.0,Normal,0.0
1744301965497951,10.42.0.2,10.42.0.1,49946,1883,0,0,1,0,0,0,0,0,0,0,0,0,0,0.0,0,,0,0,,0,0,0,0,0,0,0,0,0.0,0,0,0,0,0,64.0,5760.0,0,0,0,58,eth:ethertype:ip:tcp,28.4,94.9,52.8,160.0,-49.0,84:F3:EB:12:34:56,,,,,0.0,Normal,0.0
1744301965501974,10.42.0.2,10.42.0.1,49946,1883,1,1,0,1,0,0,0,0,0,0,0,0,0,0.0,0,,0,0,,0,0,0,0,0,0,0,0,0.0,0,0,0,0,0,64.0,5760.0,0,0,0,54,eth:ethertype:ip:tcp,28.4,94.9,52.8,160.0,-49.0,84:F3:EB:12:34:56,,,,,0.0,Normal,0.0
1744301965504081,10.42.0.2,10.42.0.1,49946,1883,1,1,0,1,0,0,1,0,3,0,0,0,0,0.0,0,,0,0,,0,0,0,0,0,0,0,0,0.0,0,0,0,0,0,64.0,5760.0,0,0,0,57,eth:ethertype:ip:tcp,28.4,94.9,52.8,160.0,-49.0,84:F3:EB:12:34:56,,,,,0.0,Normal,0.0
1744301965507454,10.42.0.2,10.42.0.1,49946,1883,4,1,0,1,0,0,1,0,29,0,0,0,0,0.0,0,,0,0,,0,0,0,0,0,0,0,0,0.0,0,0,0,0,0,64.0,5760.0,0,0,0,83,eth:ethertype:ip:tcp,28.4,94.9,52.8,160.0,-49.0,84:F3:EB:12:34:56,,,,,0.0,Normal,0.0
1744301965510517,10.42.0.2,10.42.0.1,49946,1883,33,1,0,1,0,0,1,0,12,0,0,0,0,0.0,0,,0,1,,0,0,0,1,42,4,MQTT,4,0.0,0,0,0,0,0,64.0,5760.0,0,0,esp32_a0a3b3edac1c,66,eth:ethertype:ip:tcp:mqtt,28.4,94.9,52.8,160.0,-49.0,84:F3:EB:12:34:56,,,,,0.0,Normal,0.0
1744301965548753,10.42.0.2,10.42.0.1,49946,1883,45,5,0,1,0,0,1,0,3,0,0,0,0,0.0,0,,0,0,,0,0,0,0,0,0,0,0,0.0,0,0,0,0,0,64.0,5756.0,0,0,0,57,eth:ethertype:ip:tcp,28.4,94.9,52.8,160.0,-49.0,84:F3:EB:12:34:56,,,,,0.0,Normal,0.0
1744301965558430,10.42.0.2,10.42.0.1,49946,1883,48,5,0,1,1,0,1,0,185,0,0,0,0,0.0,0,,0,3,"Wakeup: 0, Mode: 0, Reset: 1, Temperature: 29.8, Uptime: 626224, Memory: 94.9, In_Temperature: 52.8°C, CPU: 160, RSSI: -49, MAC: 84:F3:EB:12:34:56, F_Storage: 99.2",test/temperatura,16,0,0,182,0,0,0,0.0,0,0,0,0,0,64.0,5756.0,0,0,0,239,eth:ethertype:ip:tcp:mqtt,29.8,94.9,52.8,160.0,-49.0,84:F3:EB:12:34:56,,,,,0.0,Normal,0.0
1744301965561975,10.42.0.2,10.42.0.1,49946,1883,234,6,0,1,0,0,0,0,0,0,0,0,0,0.0,0,,0,0,,0,0,0,0,0,0,0,0,0.0,0,0,0,0,0,64.0,5755.0,0,0,0,54,eth:ethertype:ip:tcp,29.8,94.9,52.8,160.0,-49.0,84:F3:EB:12:34:56,,,,,0.0,Normal,0.0
1744301995567122,10.42.0.2,10.42.0.1,49947,1883,0,0,1,0,0,0,0,0,0,0,0,0,0,0.0,0,,0,0,,0,0,0,0,0,0,0,0,0.0,0,0,0,0,0,64.0,5760.0,0,0,0,58,eth:ethertype:ip:tcp,29.8,94.9,52.8,160.0,-49.0,84:F3:EB:12:34:56,,,,,0.0,Normal,0.0
1744301995571070,10.42.0.2,10.42.0.1,49947,1883,1,1,0,1,0,0,0,0,0,0,0,0,0,0.0,0,,0,0,,0,0,0,0,0,0,0,0,0.0,0,0,0,0,0,64.0,5760.0,0,0,0,54,eth:ethertype:ip:tcp,29.8,94.9,52.8,160.0,-49.0,84:F3:EB:12:34:56,,,,,0.0,Normal,0.0
1744301995573173,10.42.0.2,10.42.0.1,49947,1883,1,1,0,1,0,0,1,0,3,0,0,0,0,0.0,0,,0,0,,0,0,0,0,0,0,0,0,0.0,0,0,0,0,0,64.0,5760.0,0,0,0,57,eth:ethertype:ip:tcp,29.8,94.9,52.8,160.0,-49.0,84:F3:EB:12:34:56,,,,,0.0,Normal,0.0
1744301995576656,10.42.0.2,10.42.0.1,49947,1883,4,1,0,1,0,0,1,0,29,0,0,0,0,0.0,0,,0,0,,0,0,0,0,0,0,0,0,0.0,0,0,0,0,0,64.0,5760.0,0,0,0,83,eth:ethertype:ip:tcp,29.8,94.9,52.8,160.0,-49.0,84:F3:EB:12:34:56,,,,,0.0,Normal,0.0
1744301995579585,10.42.0.2,10.42.0.1,49947,1883,33,1,0,1,0,0,1,0,12,0,0,0,0,0.0,0,,0,1,,0,0,0,1,42,4,MQTT,4,0.0,0,0,0,0,0,64.0,5760.0,0,0,esp32_a0a3b3edac1c,66,eth:ethertype:ip:tcp:mqtt,29.8,94.9,52.8,160.0,-49.0,84:F3:EB:12:34:56,,,,,0.0,Normal,0.0
1744301995614856,10.42.0.2,10.42.0.1,49947,1883,45,5,0,1,0,0,1,0,3,0,0,0,0,0.0,0,,0,0,,0,0,0,0,0,0,0,0,0.0,0,0,0,0,0,64.0,5756.0,0,0,0,57,eth:ethertype:ip:tcp,29.8,94.9,52.8,160.0,-49.0,84:F3:EB:12:34:56,,,,,0.0,Normal,0.0
1744301995627470,10.42.0.2,10.42.0.1,49947,1883,48,5,0,1,1,0,1,0,185,0,0,0,0,0.0,0,,0,3,"Wakeup: 0, Mode: 0, Reset: 1, Temperature: 32.4, Uptime: 626254, Memory: 94.9, In_Temperature: 52.2°C, CPU: 160, RSSI: -50, MAC: 84:F3:EB:12:34:56, F_Storage: 99.2",test/temperatura,16,0,0,182,0,0,0,0.0,0,0,0,0,0,64.0,5756.0,0,0,0,239,eth:ethertype:ip:tcp:mqtt,32.4,94.9,52.2,160.0,-50.0,84:F3:EB:12:34:56,,,,,0.0,Normal,0.0
1744301995630887,10.42.0.2,10.42.0.1,49947,1883,234,6,0,1,0,0,0,0,0,0,0,0,0,0.0,0,,0,0,,0,0,0,0,0,0,0,0,0.0,0,0,0,0,0,64.0,5755.0,0,0,0,54,eth:ethertype:ip:tcp,32.4,94.9,52.2,160.0,-50.0,84:F3:EB:12:34:56,,,,,0.0,Normal,0.0
1744302025635627,10.42.0.2,10.42.0.1,49948,1883,0,0,1,0,0,0,0,0,0,0,0,0,0,0.0,0,,0,0,,0,0,0,0,0,0,0,0,0.0,0,0,0,0,0,64.0,5760.0,0,0,0,58,eth:ethertype:ip:tcp,32.4,94.9,52.2,160.0,-50.0,84:F3:EB:12:34:56,,,,,0.0,Normal,0.0
1744302025640228,10.42.0.2,10.42.0.1,49948,1883,1,1,0,1,0,0,0,0,0,0,0,0,0,0.0,0,,0,0,,0,0,0,0,0,0,0,0,0.0,0,0,0,0,0,64.0,5760.0,0,0,0,54,eth:ethertype:ip:tcp,32.4,94.9,52.2,160.0,-50.0,84:F3:EB:12:34:56,,,,,0.0,Normal,0.0
1744302025641616,10.42.0.2,10.42.0.1,49948,1883,1,1,0,1,0,0,1,0,3,0,0,0,0,0.0,0,,0,0,,0,0,0,0,0,0,0,0,0.0,0,0,0,0,0,64.0,5760.0,0,0,0,57,eth:ethertype:ip:tcp,32.4,94.9,52.2,160.0,-50.0,84:F3:EB:12:34:56,,,,,0.0,Normal,0.0
1744302025645077,10.42.0.2,10.42.0.1,49948,1883,4,1,0,1,0,0,1,0,29,0,0,0,0,0.0,0,,0,0,,0,0,0,0,0,0,0,0,0.0,0,0,0,0,0,64.0,5760.0,0,0,0,83,eth:ethertype:ip:tcp,32.4,94.9,52.2,160.0,-50.0,84:F3:EB:12:34:56,,,,,0.0,Normal,0.0
1744302025648177,10.42.0.2,10.42.0.1,49948,1883,33,1,0,1,0,0,1,0,12,0,0,0,0,0.0,0,,0,1,,0,0,0,1,42,4,MQTT,4,0.0,0,0,0,0,0,64.0,5760.0,0,0,esp32_a0a3b3edac1c,66,eth:ethertype:ip:tcp:mqtt,32.4,94.9,52.2,160.0,-50.0,84:F3:EB:12:34:56,,,,,0.0,Normal,0.0
1744302025657729,10.42.0.2,10.42.0.1,49948,1883,45,5,0,1,0,0,0,0,0,0,0,0,0,0.0,0,,0,0,,0,0,0,0,0,0,0,0,0.0,0,0,0,0,0,64.0,5756.0,0,0,0,54,eth:ethertype:ip:tcp,32.4,94.9,52.2,160.0,-50.0,84:F3:EB:12:34:56,,,,,0.0,Normal,0.0
1744302025688957,10.42.0.2,10.42.0.1,49948,1883,45,5,0,1,0,0,1,0,3,0,0,0,0,0.0,0,,0,0,,0,0,0,0,0,0,0,0,0.0,0,0,0,0,0,64.0,5756.0,0,0,0,57,eth:ethertype:ip:tcp,32.4,94.9,52.2,160.0,-50.0,84:F3:EB:12:34:56,,,,,0.0,Normal,0.0
1744302025706732,10.42.0.2,10.42.0.1,49948,1883,48,5,0,1,1,0,1,0,185,0,0,0,0,0.0,0,,0,3,"Wakeup: 0, Mode: 0, Reset: 1, Temperature: 35.6, Uptime: 626285, Memory: 94.9, In_Temperature: 52.8°C, CPU: 160, RSSI: -50, MAC: 84:F3:EB:12:34:56, F_Storage: 99.2",test/temperatura,16,0,0,182,0,0,0,0.0,0,0,0,0,0,64.0,5756.0,0,0,0,239,eth:ethertype:ip:tcp:mqtt,35.6,94.9,52.8,160.0,-50.0,84:F3:EB:12:34:56,,,,,0.0,Normal,0.0
1744302025710557,10.42.0.2,10.42.0.1,49948,1883,234,6,0,1,0,0,0,0,0,0,0,0,0,0.0,0,,0,0,,0,0,0,0,0,0,0,0,0.0,0,0,0,0,0,64.0,5755.0,0,0,0,54,eth:ethertype:ip:tcp,35.6,94.9,52.8,160.0,-50.0,84:F3:EB:12:34:56,,,,,0.0,Normal,0.0
1744302055715731,10.42.0.2,10.42.0.1,49949,1883,0,0,1,0,0,0,0,0,0,0,0,0,0,0.0,0,,0,0,,0,0,0,0,0,0,0,0,0.0,0,0,0,0,0,64.0,5760.0,0,0,0,58,eth:ethertype:ip:tcp,35.6,94.9,52.8,160.0,-50.0,84:F3:EB:12:34:56,,,,,0.0,Normal,0.0
1744302055732462,10.42.0.2,10.42.0.1,49949,1883,1,1,0,1,0,0,0,0,0,0,0,0,0,0.0,0,,0,0,,0,0,0,0,0,0,0,0,0.0,0,0,0,0,0,64.0,5760.0,0,0,0,54,eth:ethertype:ip:tcp,35.6,94.9,52.8,160.0,-50.0,84:F3:EB:12:34:56,,,,,0.0,Normal,0.0
1744302055732965,10.42.0.2,10.42.0.1,49949,1883,1,1,0,1,0,0,1,0,3,0,0,0,0,0.0,0,,0,0,,0,0,0,0,0,0,0,0,0.0,0,0,0,0,0,64.0,5760.0,0,0,0,57,eth:ethertype:ip:tcp,35.6,94.9,52.8,160.0,-50.0,84:F3:EB:12:34:56,,,,,0.0,Normal,0.0
1744302055735551,10.42.0.2,10.42.0.1,49949,1883,4,1,0,1,0,0,1,0,41,0,0,0,0,0.0,0,,0,1,,0,0,0,1,42,4,MQTT,4,0.0,0,0,0,0,0,64.0,5760.0,0,0,esp32_a0a3b3edac1c,95,eth:ethertype:ip:tcp:mqtt,35.6,94.9,52.8,160.0,-50.0,84:F3:EB:12:34:56,,,,,0.0,Normal,0.0
1744302055783389,10.42.0.2,10.42.0.1,49949,1883,45,5,0,1,0,0,1,0,3,0,0,0,0,0.0,0,,0,0,,0,0,0,0,0,0,0,0,0.0,0,0,0,0,0,64.0,5756.0,0,0,0,57,eth:ethertype:ip:tcp,35.6,94.9,52.8,160.0,-50.0,84:F3:EB:12:34:56,,,,,0.0,Normal,0.0
1744302055786176,10.42.0.2,10.42.0.1,49949,1883,48,5,0,1,1,0,1,0,185,0,0,0,0,0.0,0,,0,3,"Wakeup: 0, Mode: 0, Reset: 1, Temperature: 39.9, Uptime: 626315, Memory: 94.9, In_Temperature: 52.2°C, CPU: 160, RSSI: -50, MAC: 84:F3:EB:12:34:56, F_Storage: 99.2",test/temperatura,16,0,0,182,0,0,0,0.0,0,0,0,0,0,64.0,5756.0,0,0,0,239,eth:ethertype:ip:tcp:mqtt,39.9,94.9,52.2,160.0,-50.0,84:F3:EB:12:34:56,,,,,0.0,Normal,0.0
1744302055789727,10.42.0.2,10.42.0.1,49949,1883,234,6,0,1,0,0,0,0,0,0,0,0,0,0.0,0,,0,0,,0,0,0,0,0,0,0,0,0.0,0,0,0,0,0,64.0,5755.0,0,0,0,54,eth:ethertype:ip:tcp,39.9,94.9,52.2,160.0,-50.0,84:F3:EB:12:34:56,,,,,0.0,Normal,0.0
1744302085795139,10.42.0.2,10.42.0.1,49950,1883,0,0,1,0,0,0,0,0,0,0,0,0,0,0.0,0,,0,0,,0,0,0,0,0,0,0,0,0.0,0,0,0,0,0,64.0,5760.0,0,0,0,58,eth:ethertype:ip:tcp,39.9,94.9,52.2,160.0,-50.0,84:F3:EB:12:34:56,,,,,0.0,Normal,0.0
1744302085799252,10.42.0.2,10.42.0.1,49950,1883,1,1,0,1,0,0,0,0,0,0,0,0,0,0.0,0,,0,0,,0,0,0,0,0,0,0,0,0.0,0,0,0,0,0,64.0,5760.0,0,0,0,54,eth:ethertype:ip:tcp,39.9,94.9,52.2,160.0,-50.0,84:F3:EB:12:34:56,,,,,0.0,Normal,0.0
1744302085801603,10.42.0.2,10.42.0.1,49950,1883,1,1,0,1,0,0,1,0,3,0,0,0,0,0.0,0,,0,0,,0,0,0,0,0,0,0,0,0.0,0,0,0,0,0,64.0,5760.0,0,0,0,57,eth:ethertype:ip:tcp,39.9,94.9,52.2,160.0,-50.0,84:F3:EB:12:34:56,,,,,0.0,Normal,0.0
1744302085805654,10.42.0.2,10.42.0.1,49950,1883,4,1,0,1,0,0,1,0,37,0,0,0,0,0.0,0,,0,0,,0,0,0,0,0,0,0,0,0.0,0,0,0,0,0,64.0,5760.0,0,0,0,91,eth:ethertype:ip:tcp,39.9,94.9,52.2,160.0,-50.0,84:F3:EB:12:34:56,,,,,0.0,Normal,0.0
1744302085808377,10.42.0.2,10.42.0.1,49950,1883,41,1,0,1,0,0,1,0,4,0,0,0,0,0.0,0,,0,1,,0,0,0,1,42,4,MQTT,4,0.0,0,0,0,0,0,64.0,5760.0,0,0,esp32_a0a3b3edac1c,58,eth:ethertype:ip:tcp:mqtt,39.9,94.9,52.2,160.0,-50.0,84:F3:EB:12:34:56,,,,,0.0,Normal,0.0
1744302085843810,10.42.0.2,10.42.0.1,49950,1883,45,5,0,1,0,0,1,0,3,0,0,0,0,0.0,0,,0,0,,0,0,0,0,0,0,0,0,0.0,0,0,0,0,0,64.0,5756.0,0,0,0,57,eth:ethertype:ip:tcp,39.9,94.9,52.2,160.0,-50.0,84:F3:EB:12:34:56,,,,,0.0,Normal,0.0
1744302085855483,10.42.0.2,10.42.0.1,49950,1883,48,5,0,1,1,0,1,0,185,0,0,0,0,0.0,0,,0,3,"Wakeup: 0, Mode: 0, Reset: 1, Temperature: 35.1, Uptime: 626345, Memory: 94.9, In_Temperature: 52.8°C, CPU: 160, RSSI: -49, MAC: 84:F3:EB:12:34:56, F_Storage: 99.2",test/temperatura,16,0,0,182,0,0,0,0.0,0,0,0,0,0,64.0,5756.0,0,0,0,239,eth:ethertype:ip:tcp:mqtt,35.1,94.9,52.8,160.0,-49.0,84:F3:EB:12:34:56,,,,,0.0,Normal,0.0
1744302085858972,10.42.0.2,10.42.0.1,49950,1883,234,6,0,1,0,0,0,0,0,0,0,0,0,0.0,0,,0,0,,0,0,0,0,0,0,0,0,0.0,0,0,0,0,0,64.0,5755.0,0,0,0,54,eth:ethertype:ip:tcp,35.1,94.9,52.8,160.0,-49.0,84:F3:EB:12:34:56,,,,,0.0,Normal,0.0
1744302115865933,10.42.0.2,10.42.0.1,49951,1883,0,0,1,0,0,0,0,0,0,0,0,0,0,0.0,0,,0,0,,0,0,0,0,0,0,0,0,0.0,0,0,0,0,0,64.0,5760.0,0,0,0,58,eth:ethertype:ip:tcp,35.1,94.9,52.8,160.0,-49.0,84:F3:EB:12:34:56,,,,,0.0,Normal,0.0
1744302115871852,10.42.0.2,10.42.0.1,49951,1883,1,1,0,1,0,0,0,0,0,0,0,0,0,0.0,0,,0,0,,0,0,0,0,0,0,0,0,0.0,0,0,0,0,0,64.0,5760.0,0,0,0,54,eth:ethertype:ip:tcp,35.1,94.9,52.8,160.0,-49.0,84:F3:EB:12:34:56,,,,,0.0,Normal,0.0
1744302115873577,10.42.0.2,10.42.0.1,49951,1883,1,1,0,1,0,0,1,0,3,0,0,0,0,0.0,0,,0,0,,0,0,0,0,0,0,0,0,0.0,0,0,0,0,0,64.0,5760.0,0,0,0,57,eth:ethertype:ip:tcp,35.1,94.9,52.8,160.0,-49.0,84:F3:EB:12:34:56,,,,,0.0,Normal,0.0
1744302115877032,10.42.0.2,10.42.0.1,49951,1883,4,1,0,1,0,0,1,0,29,0,0,0,0,0.0,0,,0,0,,0,0,0,0,0,0,0,0,0.0,0,0,0,0,0,64.0,5760.0,0,0,0,83,eth:ethertype:ip:tcp,35.1,94.9,52.8,160.0,-49.0,84:F3:EB:12:34:56,,,,,0.0,Normal,0.0
1744302115880111,10.42.0.2,10.42.0.1,49951,1883,33,1,0,1,0,0,1,0,12,0,0,0,0,0.0,0,,0,1,,0,0,0,1,42,4,MQTT,4,0.0,0,0,0,0,0,64.0,5760.0,0,0,esp32_a0a3b3edac1c,66,eth:ethertype:ip:tcp:mqtt,35.1,94.9,52.8,160.0,-49.0,84:F3:EB:12:34:56,,,,,0.0,Normal,0.0
1744302115905399,10.42.0.2,10.42.0.1,49951,1883,45,5,0,1,0,0,0,0,0,0,0,0,0,0.0,0,,0,0,,0,0,0,0,0,0,0,0,0.0,0,0,0,0,0,64.0,5756.0,0,0,0,54,eth:ethertype:ip:tcp,35.1,94.9,52.8,160.0,-49.0,84:F3:EB:12:34:56,,,,,0.0,Normal,0.0
1744302115917103,10.42.0.2,10.42.0.1,49951,1883,45,5,0,1,0,0,1,0,3,0,0,0,0,0.0,0,,0,0,,0,0,0,0,0,0,0,0,0.0,0,0,0,0,0,64.0,5756.0,0,0,0,57,eth:ethertype:ip:tcp,35.1,94.9,52.8,160.0,-49.0,84:F3:EB:12:34:56,,,,,0.0,Normal,0.0
1744302115935411,10.42.0.2,10.42.0.1,49951,1883,48,5,0,1,1,0,1,0,185,0,0,0,0,0.0,0,,0,3,"Wakeup: 0, Mode: 0, Reset: 1, Temperature: 26.3, Uptime: 626375, Memory: 94.9, In_Temperature: 52.8°C, CPU: 160, RSSI: -50, MAC: 84:F3:EB:12:34:56, F_Storage: 99.2",test/temperatura,16,0,0,182,0,0,0,0.0,0,0,0,0,0,64.0,5756.0,0,0,0,239,eth:ethertype:ip:tcp:mqtt,26.3,94.9,52.8,160.0,-50.0,84:F3:EB:12:34:56,,,,,0.0,Normal,0.0
1744302115938834,10.42.0.2,10.42.0.1,49951,1883,234,6,0,1,0,0,0,0,0,0,0,0,0,0.0,0,,0,0,,0,0,0,0,0,0,0,0,0.0,0,0,0,0,0,64.0,5755.0,0,0,0,54,eth:ethertype:ip:tcp,26.3,94.9,52.8,160.0,-50.0,84:F3:EB:12:34:56,,,,,0.0,Normal,0.0
1744302145943903,10.42.0.2,10.42.0.1,49952,1883,0,0,1,0,0,0,0,0,0,0,0,0,0,0.0,0,,0,0,,0,0,0,0,0,0,0,0,0.0,0,0,0,0,0,64.0,5760.0,0,0,0,58,eth:ethertype:ip:tcp,26.3,94.9,52.8,160.0,-50.0,84:F3:EB:12:34:56,,,,,0.0,Normal,0.0
1744302145948052,10.42.0.2,10.42.0.1,49952,1883,1,1,0,1,0,0,0,0,0,0,0,0,0,0.0,0,,0,0,,0,0,0,0,0,0,0,0,0.0,0,0,0,0,0,64.0,5760.0,0,0,0,54,eth:ethertype:ip:tcp,26.3,94.9,52.8,160.0,-50.0,84:F3:EB:12:34:56,,,,,0.0,Normal,0.0
1744302145950057,10.42.0.2,10.42.0.1,49952,1883,1,1,0,1,0,0,1,0,3,0,0,0,0,0.0,0,,0,0,,0,0,0,0,0,0,0,0,0.0,0,0,0,0,0,64.0,5760.0,0,0,0,57,eth:ethertype:ip:tcp,26.3,94.9,52.8,160.0,-50.0,84:F3:EB:12:34:56,,,,,0.0,Normal,0.0
1744302145953551,10.42.0.2,10.42.0.1,49952,1883,4,1,0,1,0,0,1,0,29,0,0,0,0,0.0,0,,0,0,,0,0,0,0,0,0,0,0,0.0,0,0,0,0,0,64.0,5760.0,0,0,0,83,eth:ethertype:ip:tcp,26.3,94.9,52.8,160.0,-50.0,84:F3:EB:12:34:56,,,,,0.0,Normal,0.0
1744302145956648,10.42.0.2,10.42.0.1,49952,1883,33,1,0,1,0,0,1,0,12,0,0,0,0,0.0,0,,0,1,,0,0,0,1,42,4,MQTT,4,0.0,0,0,0,0,0,64.0,5760.0,0,0,esp32_a0a3b3edac1c,66,eth:ethertype:ip:tcp:mqtt,26.3,94.9,52.8,160.0,-50.0,84:F3:EB:12:34:56,,,,,0.0,Normal,0.0
1744302145992541,10.42.0.2,10.42.0.1,49952,1883,45,5,0,1,0,0,1,0,3,0,0,0,0,0.0,0,,0,0,,0,0,0,0,0,0,0,0,0.0,0,0,0,0,0,64.0,5756.0,0,0,0,57,eth:ethertype:ip:tcp,26.3,94.9,52.8,160.0,-50.0,84:F3:EB:12:34:56,,,,,0.0,Normal,0.0
1744302146004134,10.42.0.2,10.42.0.1,49952,1883,48,5,0,1,1,0,1,0,185,0,0,0,0,0.0,0,,0,3,"Wakeup: 0, Mode: 0, Reset: 1, Temperature: 29.1, Uptime: 626405, Memory: 94.9, In_Temperature: 52.8°C, CPU: 160, RSSI: -50, MAC: 84:F3:EB:12:34:56, F_Storage: 99.2",test/temperatura,16,0,0,182,0,0,0,0.0,0,0,0,0,0,64.0,5756.0,0,0,0,239,eth:ethertype:ip:tcp:mqtt,29.1,94.9,52.8,160.0,-50.0,84:F3:EB:12:34:56,,,,,0.0,Normal,0.0
1744302146007656,10.42.0.2,10.42.0.1,49952,1883,234,6,0,1,0,0,0,0,0,0,0,0,0,0.0,0,,0,0,,0,0,0,0,0,0,0,0,0.0,0,0,0,0,0,64.0,5755.0,0,0,0,54,eth:ethertype:ip:tcp,29.1,94.9,52.8,160.0,-50.0,84:F3:EB:12:34:56,,,,,0.0,Normal,0.0
1744302176012996,10.42.0.2,10.42.0.1,49953,1883,0,0,1,0,0,0,0,0,0,0,0,0,0,0.0,0,,0,0,,0,0,0,0,0,0,0,0,0.0,0,0,0,0,0,64.0,5760.0,0,0,0,58,eth:ethertype:ip:tcp,29.1,94.9,52.8,160.0,-50.0,84:F3:EB:12:34:56,,,,,0.0,Normal,0.0
1744302176016958,10.42.0.2,10.42.0.1,49953,1883,1,1,0,1,0,0,0,0,0,0,0,0,0,0.0,0,,0,0,,0,0,0,0,0,0,0,0,0.0,0,0,0,0,0,64.0,5760.0,0,0,0,54,eth:ethertype:ip:tcp,29.1,94.9,52.8,160.0,-50.0,84:F3:EB:12:34:56,,,,,0.0,Normal,0.0
1744302176018981,10.42.0.2,10.42.0.1,49953,1883,1,1,0,1,0,0,1,0,3,0,0,0,0,0.0,0,,0,0,,0,0,0,0,0,0,0,0,0.0,0,0,0,0,0,64.0,5760.0,0,0,0,57,eth:ethertype:ip:tcp,29.1,94.9,52.8,160.0,-50.0,84:F3:EB:12:34:56,,,,,0.0,Normal,0.0
1744302176022414,10.42.0.2,10.42.0.1,49953,1883,4,1,0,1,0,0,1,0,29,0,0,0,0,0.0,0,,0,0,,0,0,0,0,0,0,0,0,0.0,0,0,0,0,0,64.0,5760.0,0,0,0,83,eth:ethertype:ip:tcp,29.1,94.9,52.8,160.0,-50.0,84:F3:EB:12:34:56,,,,,0.0,Normal,0.0
1744302176025492,10.42.0.2,10.42.0.1,49953,1883,33,1,0,1,0,0,1,0,12,0,0,0,0,0.0,0,,0,1,,0,0,0,1,42,4,MQTT,4,0.0,0,0,0,0,0,64.0,5760.0,0,0,esp32_a0a3b3edac1c,66,eth:ethertype:ip:tcp:mqtt,29.1,94.9,52.8,160.0,-50.0,84:F3:EB:12:34:56,,,,,0.0,Normal,0.0
1744302176060800,10.42.0.2,10.42.0.1,49953,1883,45,5,0,1,0,0,1,0,3,0,0,0,0,0.0,0,,0,0,,0,0,0,0,0,0,0,0,0.0,0,0,0,0,0,64.0,5756.0,0,0,0,57,eth:ethertype:ip:tcp,29.1,94.9,52.8,160.0,-50.0,84:F3:EB:12:34:56,,,,,0.0,Normal,0.0
1744302176073781,10.42.0.2,10.42.0.1,49953,1883,48,5,0,1,1,0,1,0,185,0,0,0,0,0.0,0,,0,3,"Wakeup: 0, Mode: 0, Reset: 1, Temperature: 26.6, Uptime: 626435, Memory: 94.9, In_Temperature: 52.8°C, CPU: 160, RSSI: -50, MAC: 84:F3:EB:12:34:56, F_Storage: 99.2",test/temperatura,16,0,0,182,0,0,0,0.0,0,0,0,0,0,64.0,5756.0,0,0,0,239,eth:ethertype:ip:tcp:mqtt,26.6,94.9,52.8,160.0,-50.0,84:F3:EB:12:34:56,,,,,0.0,Normal,0.0
1744302176081674,10.42.0.2,10.42.0.1,49953,1883,234,6,0,1,0,0,0,0,0,0,0,0,0,0.0,0,,0,0,,0,0,0,0,0,0,0,0,0.0,0,0,0,0,0,64.0,5755.0,0,0,0,54,eth:ethertype:ip:tcp,26.6,94.9,52.8,160.0,-50.0,84:F3:EB:12:34:56,,,,,0.0,Normal,0.0
1744302206081963,10.42.0.2,10.42.0.1,49954,1883,0,0,1,0,0,0,0,0,0,0,0,0,0,0.0,0,,0,0,,0,0,0,0,0,0,0,0,0.0,0,0,0,0,0,64.0,5760.0,0,0,0,58,eth:ethertype:ip:tcp,26.6,94.9,52.8,160.0,-50.0,84:F3:EB:12:34:56,,,,,0.0,Normal,0.0
1744302206086994,10.42.0.2,10.42.0.1,49954,1883,1,1,0,1,0,0,0,0,0,0,0,0,0,0.0,0,,0,0,,0,0,0,0,0,0,0,0,0.0,0,0,0,0,0,64.0,5760.0,0,0,0,54,eth:ethertype:ip:tcp,26.6,94.9,52.8,160.0,-50.0,84:F3:EB:12:34:56,,,,,0.0,Normal,0.0
1744302206089051,10.42.0.2,10.42.0.1,49954,1883,1,1,0,1,0,0,1,0,3,0,0,0,0,0.0,0,,0,0,,0,0,0,0,0,0,0,0,0.0,0,0,0,0,0,64.0,5760.0,0,0,0,57,eth:ethertype:ip:tcp,26.6,94.9,52.8,160.0,-50.0,84:F3:EB:12:34:56,,,,,0.0,Normal,0.0
1744302206092993,10.42.0.2,10.42.0.1,49954,1883,4,1,0,1,0,0,1,0,35,0,0,0,0,0.0,0,,0,0,,0,0,0,0,0,0,0,0,0.0,0,0,0,0,0,64.0,5760.0,0,0,0,89,eth:ethertype:ip:tcp,26.6,94.9,52.8,160.0,-50.0,84:F3:EB:12:34:56,,,,,0.0,Normal,0.0
1744302206096031,10.42.0.2,10.42.0.1,49954,1883,39,1,0,1,0,0,1,0,6,0,0,0,0,0.0,0,,0,1,,0,0,0,1,42,4,MQTT,4,0.0,0,0,0,0,0,64.0,5760.0,0,0,esp32_a0a3b3edac1c,60,eth:ethertype:ip:tcp:mqtt,26.6,94.9,52.8,160.0,-50.0,84:F3:EB:12:34:56,,,,,0.0,Normal,0.0
1744302206131196,10.42.0.2,10.42.0.1,49954,1883,45,5,0,1,0,0,1,0,3,0,0,0,0,0.0,0,,0,0,,0,0,0,0,0,0,0,0,0.0,0,0,0,0,0,64.0,5756.0,0,0,0,57,eth:ethertype:ip:tcp,26.6,94.9,52.8,160.0,-50.0,84:F3:EB:12:34:56,,,,,0.0,Normal,0.0
1744302206142736,10.42.0.2,10.42.0.1,49954,1883,48,5,0,1,1,0,1,0,185,0,0,0,0,0.0,0,,0,3,"Wakeup: 0, Mode: 0, Reset: 1, Temperature: 29.1, Uptime: 626465, Memory: 94.9, In_Temperature: 52.8°C, CPU: 160, RSSI: -49, MAC: 84:F3:EB:12:34:56, F_Storage: 99.2",test/temperatura,16,0,0,182,0,0,0,0.0,0,0,0,0,0,64.0,5756.0,0,0,0,239,eth:ethertype:ip:tcp:mqtt,29.1,94.9,52.8,160.0,-49.0,84:F3:EB:12:34:56,,,,,0.0,Normal,0.0
1744302206146086,10.42.0.2,10.42.0.1,49954,1883,234,6,0,1,0,0,0,0,0,0,0,0,0,0.0,0,,0,0,,0,0,0,0,0,0,0,0,0.0,0,0,0,0,0,64.0,5755.0,0,0,0,54,eth:ethertype:ip:tcp,29.1,94.9,52.8,160.0,-49.0,84:F3:EB:12:34:56,,,,,0.0,Normal,0.0
1744302236151787,10.42.0.2,10.42.0.1,49955,1883,0,0,1,0,0,0,0,0,0,0,0,0,0,0.0,0,,0,0,,0,0,0,0,0,0,0,0,0.0,0,0,0,0,0,64.0,5760.0,0,0,0,58,eth:ethertype:ip:tcp,29.1,94.9,52.8,160.0,-49.0,84:F3:EB:12:34:56,,,,,0.0,Normal,0.0
1744302236155580,10.42.0.2,10.42.0.1,49955,1883,1,1,0,1,0,0,0,0,0,0,0,0,0,0.0,0,,0,0,,0,0,0,0,0,0,0,0,0.0,0,0,0,0,0,64.0,5760.0,0,0,0,54,eth:ethertype:ip:tcp,29.1,94.9,52.8,160.0,-49.0,84:F3:EB:12:34:56,,,,,0.0,Normal,0.0
1744302236157797,10.42.0.2,10.42.0.1,49955,1883,1,1,0,1,0,0,1,0,3,0,0,0,0,0.0,0,,0,0,,0,0,0,0,0,0,0,0,0.0,0,0,0,0,0,64.0,5760.0,0,0,0,57,eth:ethertype:ip:tcp,29.1,94.9,52.8,160.0,-49.0,84:F3:EB:12:34:56,,,,,0.0,Normal,0.0
1744302236161361,10.42.0.2,10.42.0.1,49955,1883,4,1,0,1,0,0,1,0,29,0,0,0,0,0.0,0,,0,0,,0,0,0,0,0,0,0,0,0.0,0,0,0,0,0,64.0,5760.0,0,0,0,83,eth:ethertype:ip:tcp,29.1,94.9,52.8,160.0,-49.0,84:F3:EB:12:34:56,,,,,0.0,Normal,0.0
1744302236164573,10.42.0.2,10.42.0.1,49955,1883,33,1,0,1,0,0,1,0,12,0,0,0,0,0.0,0,,0,1,,0,0,0,1,42,4,MQTT,4,0.0,0,0,0,0,0,64.0,5760.0,0,0,esp32_a0a3b3edac1c,66,eth:ethertype:ip:tcp:mqtt,29.1,94.9,52.8,160.0,-49.0,84:F3:EB:12:34:56,,,,,0.0,Normal,0.0
1744302236201040,10.42.0.2,10.42.0.1,49955,1883,45,5,0,1,0,0,1,0,3,0,0,0,0,0.0,0,,0,0,,0,0,0,0,0,0,0,0,0.0,0,0,0,0,0,64.0,5756.0,0,0,0,57,eth:ethertype:ip:tcp,29.1,94.9,52.8,160.0,-49.0,84:F3:EB:12:34:56,,,,,0.0,Normal,0.0
1744302236212034,10.42.0.2,10.42.0.1,49955,1883,48,5,0,1,1,0,1,0,185,0,0,0,0,0.0,0,,0,3,"Wakeup: 0, Mode: 0, Reset: 1, Temperature: 38.4, Uptime: 626495, Memory: 94.9, In_Temperature: 52.8°C, CPU: 160, RSSI: -49, MAC: 84:F3:EB:12:34:56, F_Storage: 99.2",test/temperatura,16,0,0,182,0,0,0,0.0,0,0,0,0,0,64.0,5756.0,0,0,0,239,eth:ethertype:ip:tcp:mqtt,38.4,94.9,52.8,160.0,-49.0,84:F3:EB:12:34:56,,,,,0.0,Normal,0.0
1744302236215600,10.42.0.2,10.42.0.1,49955,1883,234,6,0,1,0,0,0,0,0,0,0,0,0,0.0,0,,0,0,,0,0,0,0,0,0,0,0,0.0,0,0,0,0,0,64.0,5755.0,0,0,0,54,eth:ethertype:ip:tcp,38.4,94.9,52.8,160.0,-49.0,84:F3:EB:12:34:56,,,,,0.0,Normal,0.0
1744302266221072,10.42.0.2,10.42.0.1,49956,1883,0,0,1,0,0,0,0,0,0,0,0,0,0,0.0,0,,0,0,,0,0,0,0,0,0,0,0,0.0,0,0,0,0,0,64.0,5760.0,0,0,0,58,eth:ethertype:ip:tcp,38.4,94.9,52.8,160.0,-49.0,84:F3:EB:12:34:56,,,,,0.0,Normal,0.0
1744302266225022,10.42.0.2,10.42.0.1,49956,1883,1,1,0,1,0,0,0,0,0,0,0,0,0,0.0,0,,0,0,,0,0,0,0,0,0,0,0,0.0,0,0,0,0,0,64.0,5760.0,0,0,0,54,eth:ethertype:ip:tcp,38.4,94.9,52.8,160.0,-49.0,84:F3:EB:12:34:56,,,,,0.0,Normal,0.0
1744302266227224,10.42.0.2,10.42.0.1,49956,1883,1,1,0,1,0,0,1,0,3,0,0,0,0,0.0,0,,0,0,,0,0,0,0,0,0,0,0,0.0,0,0,0,0,0,64.0,5760.0,0,0,0,57,eth:ethertype:ip:tcp,38.4,94.9,52.8,160.0,-49.0,84:F3:EB:12:34:56,,,,,0.0,Normal,0.0
1744302266230624,10.42.0.2,10.42.0.1,49956,1883,4,1,0,1,0,0,1,0,29,0,0,0,0,0.0,0,,0,0,,0,0,0,0,0,0,0,0,0.0,0,0,0,0,0,64.0,5760.0,0,0,0,83,eth:ethertype:ip:tcp,38.4,94.9,52.8,160.0,-49.0,84:F3:EB:12:34:56,,,,,0.0,Normal,0.0
1744302266233678,10.42.0.2,10.42.0.1,49956,1883,33,1,0,1,0,0,1,0,12,0,0,0,0,0.0,0,,0,1,,0,0,0,1,42,4,MQTT,4,0.0,0,0,0,0,0,64.0,5760.0,0,0,esp32_a0a3b3edac1c,66,eth:ethertype:ip:tcp:mqtt,38.4,94.9,52.8,160.0,-49.0,84:F3:EB:12:34:56,,,,,0.0,Normal,0.0
1744302266269490,10.42.0.2,10.42.0.1,49956,1883,45,5,0,1,0,0,1,0,3,0,0,0,0,0.0,0,,0,0,,0,0,0,0,0,0,0,0,0.0,0,0,0,0,0,64.0,5756.0,0,0,0,57,eth:ethertype:ip:tcp,38.4,94.9,52.8,160.0,-49.0,84:F3:EB:12:34:56,,,,,0.0,Normal,0.0
1744302266282185,10.42.0.2,10.42.0.1,49956,1883,48,5,0,1,1,0,1,0,185,0,0,0,0,0.0,0,,0,3,"Wakeup: 0, Mode: 0, Reset: 1, Temperature: 38.3, Uptime: 626525, Memory: 94.9, In_Temperature: 52.8°C, CPU: 160, RSSI: -50, MAC: 84:F3:EB:12:34:56, F_Storage: 99.2",test/temperatura,16,0,0,182,0,0,0,0.0,0,0,0,0,0,64.0,5756.0,0,0,0,239,eth:ethertype:ip:tcp:mqtt,38.3,94.9,52.8,160.0,-50.0,84:F3:EB:12:34:56,,,,,0.0,Normal,0.0
1744302266285609,10.42.0.2,10.42.0.1,49956,1883,234,6,0,1,0,0,0,0,0,0,0,0,0,0.0,0,,0,0,,0,0,0,0,0,0,0,0,0.0,0,0,0,0,0,64.0,5755.0,0,0,0,54,eth:ethertype:ip:tcp,38.3,94.9,52.8,160.0,-50.0,84:F3:EB:12:34:56,,,,,0.0,Normal,0.0
1744302296290595,10.42.0.2,10.42.0.1,49957,1883,0,0,1,0,0,0,0,0,0,0,0,0,0,0.0,0,,0,0,,0,0,0,0,0,0,0,0,0.0,0,0,0,0,0,64.0,5760.0,0,0,0,58,eth:ethertype:ip:tcp,38.3,94.9,52.8,160.0,-50.0,84:F3:EB:12:34:56,,,,,0.0,Normal,0.0
1744302296294990,10.42.0.2,10.42.0.1,49957,1883,1,1,0,1,0,0,0,0,0,0,0,0,0,0.0,0,,0,0,,0,0,0,0,0,0,0,0,0.0,0,0,0,0,0,64.0,5760.0,0,0,0,54,eth:ethertype:ip:tcp,38.3,94.9,52.8,160.0,-50.0,84:F3:EB:12:34:56,,,,,0.0,Normal,0.0
1744302296299401,10.42.0.2,10.42.0.1,49957,1883,1,1,0,1,0,0,1,0,3,0,0,0,0,0.0,0,,0,0,,0,0,0,0,0,0,0,0,0.0,0,0,0,0,0,64.0,5760.0,0,0,0,57,eth:ethertype:ip:tcp,38.3,94.9,52.8,160.0,-50.0,84:F3:EB:12:34:56,,,,,0.0,Normal,0.0
1744302296303015,10.42.0.2,10.42.0.1,49957,1883,4,1,0,1,0,0,1,0,41,0,0,0,0,0.0,0,,0,1,,0,0,0,1,42,4,MQTT,4,0.0,0,0,0,0,0,64.0,5760.0,0,0,esp32_a0a3b3edac1c,95,eth:ethertype:ip:tcp:mqtt,38.3,94.9,52.8,160.0,-50.0,84:F3:EB:12:34:56,,,,,0.0,Normal,0.0
1744302296338182,10.42.0.2,10.42.0.1,49957,1883,45,5,0,1,0,0,1,0,3,0,0,0,0,0.0,0,,0,0,,0,0,0,0,0,0,0,0,0.0,0,0,0,0,0,64.0,5756.0,0,0,0,57,eth:ethertype:ip:tcp,38.3,94.9,52.8,160.0,-50.0,84:F3:EB:12:34:56,,,,,0.0,Normal,0.0
1744302296350610,10.42.0.2,10.42.0.1,49957,1883,48,5,0,1,1,0,1,0,185,0,0,0,0,0.0,0,,0,3,"Wakeup: 0, Mode: 0, Reset: 1, Temperature: 36.5, Uptime: 626555, Memory: 94.9, In_Temperature: 52.2°C, CPU: 160, RSSI: -49, MAC: 84:F3:EB:12:34:56, F_Storage: 99.2",test/temperatura,16,0,0,182,0,0,0,0.0,0,0,0,0,0,64.0,5756.0,0,0,0,239,eth:ethertype:ip:tcp:mqtt,36.5,94.9,52.2,160.0,-49.0,84:F3:EB:12:34:56,,,,,0.0,Normal,0.0
1744302296354023,10.42.0.2,10.42.0.1,49957,1883,234,6,0,1,0,0,0,0,0,0,0,0,0,0.0,0,,0,0,,0,0,0,0,0,0,0,0,0.0,0,0,0,0,0,64.0,5755.0,0,0,0,54,eth:ethertype:ip:tcp,36.5,94.9,52.2,160.0,-49.0,84:F3:EB:12:34:56,,,,,0.0,Normal,0.0
1744302326359713,10.42.0.2,10.42.0.1,49958,1883,0,0,1,0,0,0,0,0,0,0,0,0,0,0.0,0,,0,0,,0,0,0,0,0,0,0,0,0.0,0,0,0,0,0,64.0,5760.0,0,0,0,58,eth:ethertype:ip:tcp,36.5,94.9,52.2,160.0,-49.0,84:F3:EB:12:34:56,,,,,0.0,Normal,0.0
1744302326363732,10.42.0.2,10.42.0.1,49958,1883,1,1,0,1,0,0,0,0,0,0,0,0,0,0.0,0,,0,0,,0,0,0,0,0,0,0,0,0.0,0,0,0,0,0,64.0,5760.0,0,0,0,54,eth:ethertype:ip:tcp,36.5,94.9,52.2,160.0,-49.0,84:F3:EB:12:34:56,,,,,0.0,Normal,0.0
1744302326365749,10.42.0.2,10.42.0.1,49958,1883,1,1,0,1,0,0,1,0,3,0,0,0,0,0.0,0,,0,0,,0,0,0,0,0,0,0,0,0.0,0,0,0,0,0,64.0,5760.0,0,0,0,57,eth:ethertype:ip:tcp,36.5,94.9,52.2,160.0,-49.0,84:F3:EB:12:34:56,,,,,0.0,Normal,0.0
1744302326369191,10.42.0.2,10.42.0.1,49958,1883,4,1,0,1,0,0,1,0,29,0,0,0,0,0.0,0,,0,0,,0,0,0,0,0,0,0,0,0.0,0,0,0,0,0,64.0,5760.0,0,0,0,83,eth:ethertype:ip:tcp,36.5,94.9,52.2,160.0,-49.0,84:F3:EB:12:34:56,,,,,0.0,Normal,0.0
1744302326374476,10.42.0.2,10.42.0.1,49958,1883,33,1,0,1,0,0,1,0,12,0,0,0,0,0.0,0,,0,1,,0,0,0,1,42,4,MQTT,4,0.0,0,0,0,0,0,64.0,5760.0,0,0,esp32_a0a3b3edac1c,66,eth:ethertype:ip:tcp:mqtt,36.5,94.9,52.2,160.0,-49.0,84:F3:EB:12:34:56,,,,,0.0,Normal,0.0
1744302326400669,10.42.0.2,10.42.0.1,49958,1883,45,5,0,1,0,0,0,0,0,0,0,0,0,0.0,0,,0,0,,0,0,0,0,0,0,0,0,0.0,0,0,0,0,0,64.0,5756.0,0,0,0,54,eth:ethertype:ip:tcp,36.5,94.9,52.2,160.0,-49.0,84:F3:EB:12:34:56,,,,,0.0,Normal,0.0
1744302326413613,10.42.0.2,10.42.0.1,49958,1883,45,5,0,1,0,0,1,0,3,0,0,0,0,0.0,0,,0,0,,0,0,0,0,0,0,0,0,0.0,0,0,0,0,0,64.0,5756.0,0,0,0,57,eth:ethertype:ip:tcp,36.5,94.9,52.2,160.0,-49.0,84:F3:EB:12:34:56,,,,,0.0,Normal,0.0
1744302326430007,10.42.0.2,10.42.0.1,49958,1883,48,5,0,1,1,0,1,0,185,0,0,0,0,0.0,0,,0,3,"Wakeup: 0, Mode: 0, Reset: 1, Temperature: 30.7, Uptime: 626585, Memory: 94.9, In_Temperature: 52.8°C, CPU: 160, RSSI: -50, MAC: 84:F3:EB:12:34:56, F_Storage: 99.2",test/temperatura,16,0,0,182,0,0,0,0.0,0,0,0,0,0,64.0,5756.0,0,0,0,239,eth:ethertype:ip:tcp:mqtt,30.7,94.9,52.8,160.0,-50.0,84:F3:EB:12:34:56,,,,,0.0,Normal,0.0
1744302326433453,10.42.0.2,10.42.0.1,49958,1883,234,6,0,1,0,0,0,0,0,0,0,0,0,0.0,0,,0,0,,0,0,0,0,0,0,0,0,0.0,0,0,0,0,0,64.0,5755.0,0,0,0,54,eth:ethertype:ip:tcp,30.7,94.9,52.8,160.0,-50.0,84:F3:EB:12:34:56,,,,,0.0,Normal,0.0
1744302356438909,10.42.0.2,10.42.0.1,49959,1883,0,0,1,0,0,0,0,0,0,0,0,0,0,0.0,0,,0,0,,0,0,0,0,0,0,0,0,0.0,0,0,0,0,0,64.0,5760.0,0,0,0,58,eth:ethertype:ip:tcp,30.7,94.9,52.8,160.0,-50.0,84:F3:EB:12:34:56,,,,,0.0,Normal,0.0
1744302356442827,10.42.0.2,10.42.0.1,49959,1883,1,1,0,1,0,0,0,0,0,0,0,0,0,0.0,0,,0,0,,0,0,0,0,0,0,0,0,0.0,0,0,0,0,0,64.0,5760.0,0,0,0,54,eth:ethertype:ip:tcp,30.7,94.9,52.8,160.0,-50.0,84:F3:EB:12:34:56,,,,,0.0,Normal,0.0
1744302356445056,10.42.0.2,10.42.0.1,49959,1883,1,1,0,1,0,0,1,0,3,0,0,0,0,0.0,0,,0,0,,0,0,0,0,0,0,0,0,0.0,0,0,0,0,0,64.0,5760.0,0,0,0,57,eth:ethertype:ip:tcp,30.7,94.9,52.8,160.0,-50.0,84:F3:EB:12:34:56,,,,,0.0,Normal,0.0
1744302356448488,10.42.0.2,10.42.0.1,49959,1883,4,1,0,1,0,0,1,0,29,0,0,0,0,0.0,0,,0,0,,0,0,0,0,0,0,0,0,0.0,0,0,0,0,0,64.0,5760.0,0,0,0,83,eth:ethertype:ip:tcp,30.7,94.9,52.8,160.0,-50.0,84:F3:EB:12:34:56,,,,,0.0,Normal,0.0
1744302356451632,10.42.0.2,10.42.0.1,49959,1883,33,1,0,1,0,0,1,0,12,0,0,0,0,0.0,0,,0,1,,0,0,0,1,42,4,MQTT,4,0.0,0,0,0,0,0,64.0,5760.0,0,0,esp32_a0a3b3edac1c,66,eth:ethertype:ip:tcp:mqtt,30.7,94.9,52.8,160.0,-50.0,84:F3:EB:12:34:56,,,,,0.0,Normal,0.0
1744302356486922,10.42.0.2,10.42.0.1,49959,1883,45,5,0,1,0,0,1,0,3,0,0,0,0,0.0,0,,0,0,,0,0,0,0,0,0,0,0,0.0,0,0,0,0,0,64.0,5756.0,0,0,0,57,eth:ethertype:ip:tcp,30.7,94.9,52.8,160.0,-50.0,84:F3:EB:12:34:56,,,,,0.0,Normal,0.0
1744302356499325,10.42.0.2,10.42.0.1,49959,1883,48,5,0,1,1,0,1,0,185,0,0,0,0,0.0,0,,0,3,"Wakeup: 0, Mode: 0, Reset: 1, Temperature: 34.6, Uptime: 626615, Memory: 94.9, In_Temperature: 52.8°C, CPU: 160, RSSI: -50, MAC: 84:F3:EB:12:34:56, F_Storage: 99.2",test/temperatura,16,0,0,182,0,0,0,0.0,0,0,0,0,0,64.0,5756.0,0,0,0,239,eth:ethertype:ip:tcp:mqtt,34.6,94.9,52.8,160.0,-50.0,84:F3:EB:12:34:56,,,,,0.0,Normal,0.0
1744302356503797,10.42.0.2,10.42.0.1,49959,1883,234,6,0,1,0,0,0,0,0,0,0,0,0,0.0,0,,0,0,,0,0,0,0,0,0,0,0,0.0,0,0,0,0,0,64.0,5755.0,0,0,0,54,eth:ethertype:ip:tcp,34.6,94.9,52.8,160.0,-50.0,84:F3:EB:12:34:56,,,,,0.0,Normal,0.0
1744302386509516,10.42.0.2,10.42.0.1,49960,1883,0,0,1,0,0,0,0,0,0,0,0,0,0,0.0,0,,0,0,,0,0,0,0,0,0,0,0,0.0,0,0,0,0,0,64.0,5760.0,0,0,0,58,eth:ethertype:ip:tcp,34.6,94.9,52.8,160.0,-50.0,84:F3:EB:12:34:56,,,,,0.0,Normal,0.0
1744302386516216,10.42.0.2,10.42.0.1,49960,1883,1,1,0,1,0,0,0,0,0,0,0,0,0,0.0,0,,0,0,,0,0,0,0,0,0,0,0,0.0,0,0,0,0,0,64.0,5760.0,0,0,0,54,eth:ethertype:ip:tcp,34.6,94.9,52.8,160.0,-50.0,84:F3:EB:12:34:56,,,,,0.0,Normal,0.0
1744302386517041,10.42.0.2,10.42.0.1,49960,1883,1,1,0,1,0,0,1,0,3,0,0,0,0,0.0,0,,0,0,,0,0,0,0,0,0,0,0,0.0,0,0,0,0,0,64.0,5760.0,0,0,0,57,eth:ethertype:ip:tcp,34.6,94.9,52.8,160.0,-50.0,84:F3:EB:12:34:56,,,,,0.0,Normal,0.0
1744302386520412,10.42.0.2,10.42.0.1,49960,1883,4,1,0,1,0,0,1,0,31,0,0,0,0,0.0,0,,0,0,,0,0,0,0,0,0,0,0,0.0,0,0,0,0,0,64.0,5760.0,0,0,0,85,eth:ethertype:ip:tcp,34.6,94.9,52.8,160.0,-50.0,84:F3:EB:12:34:56,,,,,0.0,Normal,0.0
1744302386523620,10.42.0.2,10.42.0.1,49960,1883,35,1,0,1,0,0,1,0,10,0,0,0,0,0.0,0,,0,1,,0,0,0,1,42,4,MQTT,4,0.0,0,0,0,0,0,64.0,5760.0,0,0,esp32_a0a3b3edac1c,64,eth:ethertype:ip:tcp:mqtt,34.6,94.9,52.8,160.0,-50.0,84:F3:EB:12:34:56,,,,,0.0,Normal,0.0
1744302386559003,10.42.0.2,10.42.0.1,49960,1883,45,5,0,1,0,0,1,0,3,0,0,0,0,0.0,0,,0,0,,0,0,0,0,0,0,0,0,0.0,0,0,0,0,0,64.0,5756.0,0,0,0,57,eth:ethertype:ip:tcp,34.6,94.9,52.8,160.0,-50.0,84:F3:EB:12:34:56,,,,,0.0,Normal,0.0
1744302386568590,10.42.0.2,10.42.0.1,49960,1883,48,5,0,1,1,0,1,0,185,0,0,0,0,0.0,0,,0,3,"Wakeup: 0, Mode: 0, Reset: 1, Temperature: 25.9, Uptime: 626645, Memory: 94.9, In_Temperature: 52.8°C, CPU: 160, RSSI: -50, MAC: 84:F3:EB:12:34:56, F_Storage: 99.2",test/temperatura,16,0,0,182,0,0,0,0.0,0,0,0,0,0,64.0,5756.0,0,0,0,239,eth:ethertype:ip:tcp:mqtt,25.9,94.9,52.8,160.0,-50.0,84:F3:EB:12:34:56,,,,,0.0,Normal,0.0
1744302386571874,10.42.0.2,10.42.0.1,49960,1883,234,6,0,1,0,0,0,0,0,0,0,0,0,0.0,0,,0,0,,0,0,0,0,0,0,0,0,0.0,0,0,0,0,0,64.0,5755.0,0,0,0,54,eth:ethertype:ip:tcp,25.9,94.9,52.8,160.0,-50.0,84:F3:EB:12:34:56,,,,,0.0,Normal,0.0
1744302416577184,10.42.0.2,10.42.0.1,49961,1883,0,0,1,0,0,0,0,0,0,0,0,0,0,0.0,0,,0,0,,0,0,0,0,0,0,0,0,0.0,0,0,0,0,0,64.0,5760.0,0,0,0,58,eth:ethertype:ip:tcp,25.9,94.9,52.8,160.0,-50.0,84:F3:EB:12:34:56,,,,,0.0,Normal,0.0
1744302416580778,10.42.0.2,10.42.0.1,49961,1883,1,1,0,1,0,0,0,0,0,0,0,0,0,0.0,0,,0,0,,0,0,0,0,0,0,0,0,0.0,0,0,0,0,0,64.0,5760.0,0,0,0,54,eth:ethertype:ip:tcp,25.9,94.9,52.8,160.0,-50.0,84:F3:EB:12:34:56,,,,,0.0,Normal,0.0
1744302416583178,10.42.0.2,10.42.0.1,49961,1883,1,1,0,1,0,0,1,0,3,0,0,0,0,0.0,0,,0,0,,0,0,0,0,0,0,0,0,0.0,0,0,0,0,0,64.0,5760.0,0,0,0,57,eth:ethertype:ip:tcp,25.9,94.9,52.8,160.0,-50.0,84:F3:EB:12:34:56,,,,,0.0,Normal,0.0
1744302416586558,10.42.0.2,10.42.0.1,49961,1883,4,1,0,1,0,0,1,0,29,0,0,0,0,0.0,0,,0,0,,0,0,0,0,0,0,0,0,0.0,0,0,0,0,0,64.0,5760.0,0,0,0,83,eth:ethertype:ip:tcp,25.9,94.9,52.8,160.0,-50.0,84:F3:EB:12:34:56,,,,,0.0,Normal,0.0
1744302416589742,10.42.0.2,10.42.0.1,49961,1883,33,1,0,1,0,0,1,0,12,0,0,0,0,0.0,0,,0,1,,0,0,0,1,42,4,MQTT,4,0.0,0,0,0,0,0,64.0,5760.0,0,0,esp32_a0a3b3edac1c,66,eth:ethertype:ip:tcp:mqtt,25.9,94.9,52.8,160.0,-50.0,84:F3:EB:12:34:56,,,,,0.0,Normal,0.0
1744302416626396,10.42.0.2,10.42.0.1,49961,1883,45,5,0,1,0,0,1,0,3,0,0,0,0,0.0,0,,0,0,,0,0,0,0,0,0,0,0,0.0,0,0,0,0,0,64.0,5756.0,0,0,0,57,eth:ethertype:ip:tcp,25.9,94.9,52.8,160.0,-50.0,84:F3:EB:12:34:56,,,,,0.0,Normal,0.0
1744302416638015,10.42.0.2,10.42.0.1,49961,1883,48,5,0,1,1,0,1,0,185,0,0,0,0,0.0,0,,0,3,"Wakeup: 0, Mode: 0, Reset: 1, Temperature: 34.9, Uptime: 626675, Memory: 94.9, In_Temperature: 52.8°C, CPU: 160, RSSI: -49, MAC: 84:F3:EB:12:34:56, F_Storage: 99.2",test/temperatura,16,0,0,182,0,0,0,0.0,0,0,0,0,0,64.0,5756.0,0,0,0,239,eth:ethertype:ip:tcp:mqtt,34.9,94.9,52.8,160.0,-49.0,84:F3:EB:12:34:56,,,,,0.0,Normal,0.0
1744302416641458,10.42.0.2,10.42.0.1,49961,1883,234,6,0,1,0,0,0,0,0,0,0,0,0,0.0,0,,0,0,,0,0,0,0,0,0,0,0,0.0,0,0,0,0,0,64.0,5755.0,0,0,0,54,eth:ethertype:ip:tcp,34.9,94.9,52.8,160.0,-49.0,84:F3:EB:12:34:56,,,,,0.0,Normal,0.0
1744302446646926,10.42.0.2,10.42.0.1,49962,1883,0,0,1,0,0,0,0,0,0,0,0,0,0,0.0,0,,0,0,,0,0,0,0,0,0,0,0,0.0,0,0,0,0,0,64.0,5760.0,0,0,0,58,eth:ethertype:ip:tcp,34.9,94.9,52.8,160.0,-49.0,84:F3:EB:12:34:56,,,,,0.0,Normal,0.0
1744302446651007,10.42.0.2,10.42.0.1,49962,1883,1,1,0,1,0,0,0,0,0,0,0,0,0,0.0,0,,0,0,,0,0,0,0,0,0,0,0,0.0,0,0,0,0,0,64.0,5760.0,0,0,0,54,eth:ethertype:ip:tcp,34.9,94.9,52.8,160.0,-49.0,84:F3:EB:12:34:56,,,,,0.0,Normal,0.0
1744302446653133,10.42.0.2,10.42.0.1,49962,1883,1,1,0,1,0,0,1,0,3,0,0,0,0,0.0,0,,0,0,,0,0,0,0,0,0,0,0,0.0,0,0,0,0,0,64.0,5760.0,0,0,0,57,eth:ethertype:ip:tcp,34.9,94.9,52.8,160.0,-49.0,84:F3:EB:12:34:56,,,,,0.0,Normal,0.0
1744302446656626,10.42.0.2,10.42.0.1,49962,1883,4,1,0,1,0,0,1,0,29,0,0,0,0,0.0,0,,0,0,,0,0,0,0,0,0,0,0,0.0,0,0,0,0,0,64.0,5760.0,0,0,0,83,eth:ethertype:ip:tcp,34.9,94.9,52.8,160.0,-49.0,84:F3:EB:12:34:56,,,,,0.0,Normal,0.0
1744302446659593,10.42.0.2,10.42.0.1,49962,1883,33,1,0,1,0,0,1,0,12,0,0,0,0,0.0,0,,0,1,,0,0,0,1,42,4,MQTT,4,0.0,0,0,0,0,0,64.0,5760.0,0,0,esp32_a0a3b3edac1c,66,eth:ethertype:ip:tcp:mqtt,34.9,94.9,52.8,160.0,-49.0,84:F3:EB:12:34:56,,,,,0.0,Normal,0.0
1744302446695309,10.42.0.2,10.42.0.1,49962,1883,45,5,0,1,0,0,1,0,3,0,0,0,0,0.0,0,,0,0,,0,0,0,0,0,0,0,0,0.0,0,0,0,0,0,64.0,5756.0,0,0,0,57,eth:ethertype:ip:tcp,34.9,94.9,52.8,160.0,-49.0,84:F3:EB:12:34:56,,,,,0.0,Normal,0.0
1744302446707334,10.42.0.2,10.42.0.1,49962,1883,48,5,0,1,1,0,1,0,185,0,0,0,0,0.0,0,,0,3,"Wakeup: 0, Mode: 0, Reset: 1, Temperature: 31.2, Uptime: 626706, Memory: 94.9, In_Temperature: 52.2°C, CPU: 160, RSSI: -51, MAC: 84:F3:EB:12:34:56, F_Storage: 99.2",test/temperatura,16,0,0,182,0,0,0,0.0,0,0,0,0,0,64.0,5756.0,0,0,0,239,eth:ethertype:ip:tcp:mqtt,31.2,94.9,52.2,160.0,-51.0,84:F3:EB:12:34:56,,,,,0.0,Normal,0.0
1744302446712501,10.42.0.2,10.42.0.1,49962,1883,234,6,0,1,0,0,0,0,0,0,0,0,0,0.0,0,,0,0,,0,0,0,0,0,0,0,0,0.0,0,0,0,0,0,64.0,5755.0,0,0,0,54,eth:ethertype:ip:tcp,31.2,94.9,52.2,160.0,-51.0,84:F3:EB:12:34:56,,,,,0.0,Normal,0.0
1744302476716113,10.42.0.2,10.42.0.1,49963,1883,0,0,1,0,0,0,0,0,0,0,0,0,0,0.0,0,,0,0,,0,0,0,0,0,0,0,0,0.0,0,0,0,0,0,64.0,5760.0,0,0,0,58,eth:ethertype:ip:tcp,31.2,94.9,52.2,160.0,-51.0,84:F3:EB:12:34:56,,,,,0.0,Normal,0.0
1744302476720057,10.42.0.2,10.42.0.1,49963,1883,1,1,0,1,0,0,0,0,0,0,0,0,0,0.0,0,,0,0,,0,0,0,0,0,0,0,0,0.0,0,0,0,0,0,64.0,5760.0,0,0,0,54,eth:ethertype:ip:tcp,31.2,94.9,52.2,160.0,-51.0,84:F3:EB:12:34:56,,,,,0.0,Normal,0.0
1744302476724097,10.42.0.2,10.42.0.1,49963,1883,1,1,0,1,0,0,1,0,3,0,0,0,0,0.0,0,,0,0,,0,0,0,0,0,0,0,0,0.0,0,0,0,0,0,64.0,5760.0,0,0,0,57,eth:ethertype:ip:tcp,31.2,94.9,52.2,160.0,-51.0,84:F3:EB:12:34:56,,,,,0.0,Normal,0.0
1744302476728829,10.42.0.2,10.42.0.1,49963,1883,4,1,0,1,0,0,1,0,41,0,0,0,0,0.0,0,,0,1,,0,0,0,1,42,4,MQTT,4,0.0,0,0,0,0,0,64.0,5760.0,0,0,esp32_a0a3b3edac1c,95,eth:ethertype:ip:tcp:mqtt,31.2,94.9,52.2,160.0,-51.0,84:F3:EB:12:34:56,,,,,0.0,Normal,0.0
1744302476764220,10.42.0.2,10.42.0.1,49963,1883,45,5,0,1,0,0,1,0,3,0,0,0,0,0.0,0,,0,0,,0,0,0,0,0,0,0,0,0.0,0,0,0,0,0,64.0,5756.0,0,0,0,57,eth:ethertype:ip:tcp,31.2,94.9,52.2,160.0,-51.0,84:F3:EB:12:34:56,,,,,0.0,Normal,0.0
1744302476776600,10.42.0.2,10.42.0.1,49963,1883,48,5,0,1,1,0,1,0,185,0,0,0,0,0.0,0,,0,3,"Wakeup: 0, Mode: 0, Reset: 1, Temperature: 29.0, Uptime: 626736, Memory: 94.9, In_Temperature: 52.2°C, CPU: 160, RSSI: -49, MAC: 84:F3:EB:12:34:56, F_Storage: 99.2",test/temperatura,16,0,0,182,0,0,0,0.0,0,0,0,0,0,64.0,5756.0,0,0,0,239,eth:ethertype:ip:tcp:mqtt,29.0,94.9,52.2,160.0,-49.0,84:F3:EB:12:34:56,,,,,0.0,Normal,0.0
1744302476779929,10.42.0.2,10.42.0.1,49963,1883,234,6,0,1,0,0,0,0,0,0,0,0,0,0.0,0,,0,0,,0,0,0,0,0,0,0,0,0.0,0,0,0,0,0,64.0,5755.0,0,0,0,54,eth:ethertype:ip:tcp,29.0,94.9,52.2,160.0,-49.0,84:F3:EB:12:34:56,,,,,0.0,Normal,0.0
1744302506785640,10.42.0.2,10.42.0.1,49964,1883,0,0,1,0,0,0,0,0,0,0,0,0,0,0.0,0,,0,0,,0,0,0,0,0,0,0,0,0.0,0,0,0,0,0,64.0,5760.0,0,0,0,58,eth:ethertype:ip:tcp,29.0,94.9,52.2,160.0,-49.0,84:F3:EB:12:34:56,,,,,0.0,Normal,0.0
1744302506789631,10.42.0.2,10.42.0.1,49964,1883,1,1,0,1,0,0,0,0,0,0,0,0,0,0.0,0,,0,0,,0,0,0,0,0,0,0,0,0.0,0,0,0,0,0,64.0,5760.0,0,0,0,54,eth:ethertype:ip:tcp,29.0,94.9,52.2,160.0,-49.0,84:F3:EB:12:34:56,,,,,0.0,Normal,0.0
1744302506791811,10.42.0.2,10.42.0.1,49964,1883,1,1,0,1,0,0,1,0,3,0,0,0,0,0.0,0,,0,0,,0,0,0,0,0,0,0,0,0.0,0,0,0,0,0,64.0,5760.0,0,0,0,57,eth:ethertype:ip:tcp,29.0,94.9,52.2,160.0,-49.0,84:F3:EB:12:34:56,,,,,0.0,Normal,0.0
1744302506795235,10.42.0.2,10.42.0.1,49964,1883,4,1,0,1,0,0,1,0,29,0,0,0,0,0.0,0,,0,0,,0,0,0,0,0,0,0,0,0.0,0,0,0,0,0,64.0,5760.0,0,0,0,83,eth:ethertype:ip:tcp,29.0,94.9,52.2,160.0,-49.0,84:F3:EB:12:34:56,,,,,0.0,Normal,0.0
1744302506798328,10.42.0.2,10.42.0.1,49964,1883,33,1,0,1,0,0,1,0,12,0,0,0,0,0.0,0,,0,1,,0,0,0,1,42,4,MQTT,4,0.0,0,0,0,0,0,64.0,5760.0,0,0,esp32_a0a3b3edac1c,66,eth:ethertype:ip:tcp:mqtt,29.0,94.9,52.2,160.0,-49.0,84:F3:EB:12:34:56,,,,,0.0,Normal,0.0
1744302506834843,10.42.0.2,10.42.0.1,49964,1883,45,5,0,1,0,0,1,0,3,0,0,0,0,0.0,0,,0,0,,0,0,0,0,0,0,0,0,0.0,0,0,0,0,0,64.0,5756.0,0,0,0,57,eth:ethertype:ip:tcp,29.0,94.9,52.2,160.0,-49.0,84:F3:EB:12:34:56,,,,,0.0,Normal,0.0
1744302506846339,10.42.0.2,10.42.0.1,49964,1883,48,5,0,1,1,0,1,0,185,0,0,0,0,0.0,0,,0,3,"Wakeup: 0, Mode: 0, Reset: 1, Temperature: 34.0, Uptime: 626766, Memory: 94.9, In_Temperature: 52.8°C, CPU: 160, RSSI: -49, MAC: 84:F3:EB:12:34:56, F_Storage: 99.2",test/temperatura,16,0,0,182,0,0,0,0.0,0,0,0,0,0,64.0,5756.0,0,0,0,239,eth:ethertype:ip:tcp:mqtt,34.0,94.9,52.8,160.0,-49.0,84:F3:EB:12:34:56,,,,,0.0,Normal,0.0
1744302506850079,10.42.0.2,10.42.0.1,49964,1883,234,6,0,1,0,0,0,0,0,0,0,0,0,0.0,0,,0,0,,0,0,0,0,0,0,0,0,0.0,0,0,0,0,0,64.0,5755.0,0,0,0,54,eth:ethertype:ip:tcp,34.0,94.9,52.8,160.0,-49.0,84:F3:EB:12:34:56,,,,,0.0,Normal,0.0
1744302536854879,10.42.0.2,10.42.0.1,49965,1883,0,0,1,0,0,0,0,0,0,0,0,0,0,0.0,0,,0,0,,0,0,0,0,0,0,0,0,0.0,0,0,0,0,0,64.0,5760.0,0,0,0,58,eth:ethertype:ip:tcp,34.0,94.9,52.8,160.0,-49.0,84:F3:EB:12:34:56,,,,,0.0,Normal,0.0
1744302536858824,10.42.0.2,10.42.0.1,49965,1883,1,1,0,1,0,0,0,0,0,0,0,0,0,0.0,0,,0,0,,0,0,0,0,0,0,0,0,0.0,0,0,0,0,0,64.0,5760.0,0,0,0,54,eth:ethertype:ip:tcp,34.0,94.9,52.8,160.0,-49.0,84:F3:EB:12:34:56,,,,,0.0,Normal,0.0
1744302536860910,10.42.0.2,10.42.0.1,49965,1883,1,1,0,1,0,0,1,0,3,0,0,0,0,0.0,0,,0,0,,0,0,0,0,0,0,0,0,0.0,0,0,0,0,0,64.0,5760.0,0,0,0,57,eth:ethertype:ip:tcp,34.0,94.9,52.8,160.0,-49.0,84:F3:EB:12:34:56,,,,,0.0,Normal,0.0
1744302536864372,10.42.0.2,10.42.0.1,49965,1883,4,1,0,1,0,0,1,0,29,0,0,0,0,0.0,0,,0,0,,0,0,0,0,0,0,0,0,0.0,0,0,0,0,0,64.0,5760.0,0,0,0,83,eth:ethertype:ip:tcp,34.0,94.9,52.8,160.0,-49.0,84:F3:EB:12:34:56,,,,,0.0,Normal,0.0
1744302536867792,10.42.0.2,10.42.0.1,49965,1883,33,1,0,1,0,0,1,0,12,0,0,0,0,0.0,0,,0,1,,0,0,0,1,42,4,MQTT,4,0.0,0,0,0,0,0,64.0,5760.0,0,0,esp32_a0a3b3edac1c,66,eth:ethertype:ip:tcp:mqtt,34.0,94.9,52.8,160.0,-49.0,84:F3:EB:12:34:56,,,,,0.0,Normal,0.0
1744302536896269,10.42.0.2,10.42.0.1,49965,1883,45,5,0,1,0,0,0,0,0,0,0,0,0,0.0,0,,0,0,,0,0,0,0,0,0,0,0,0.0,0,0,0,0,0,64.0,5756.0,0,0,0,54,eth:ethertype:ip:tcp,34.0,94.9,52.8,160.0,-49.0,84:F3:EB:12:34:56,,,,,0.0,Normal,0.0
1744302536904374,10.42.0.2,10.42.0.1,49965,1883,45,5,0,1,0,0,1,0,3,0,0,0,0,0.0,0,,0,0,,0,0,0,0,0,0,0,0,0.0,0,0,0,0,0,64.0,5756.0,0,0,0,57,eth:ethertype:ip:tcp,34.0,94.9,52.8,160.0,-49.0,84:F3:EB:12:34:56,,,,,0.0,Normal,0.0
1744302536915116,10.42.0.2,10.42.0.1,49965,1883,48,5,0,1,1,0,1,0,185,0,0,0,0,0.0,0,,0,3,"Wakeup: 0, Mode: 0, Reset: 1, Temperature: 38.0, Uptime: 626796, Memory: 94.9, In_Temperature: 52.8°C, CPU: 160, RSSI: -48, MAC: 84:F3:EB:12:34:56, F_Storage: 99.2",test/temperatura,16,0,0,182,0,0,0,0.0,0,0,0,0,0,64.0,5756.0,0,0,0,239,eth:ethertype:ip:tcp:mqtt,38.0,94.9,52.8,160.0,-48.0,84:F3:EB:12:34:56,,,,,0.0,Normal,0.0
1744302536918606,10.42.0.2,10.42.0.1,49965,1883,234,6,0,1,0,0,0,0,0,0,0,0,0,0.0,0,,0,0,,0,0,0,0,0,0,0,0,0.0,0,0,0,0,0,64.0,5755.0,0,0,0,54,eth:ethertype:ip:tcp,38.0,94.9,52.8,160.0,-48.0,84:F3:EB:12:34:56,,,,,0.0,Normal,0.0
1744302566923517,10.42.0.2,10.42.0.1,49966,1883,0,0,1,0,0,0,0,0,0,0,0,0,0,0.0,0,,0,0,,0,0,0,0,0,0,0,0,0.0,0,0,0,0,0,64.0,5760.0,0,0,0,58,eth:ethertype:ip:tcp,38.0,94.9,52.8,160.0,-48.0,84:F3:EB:12:34:56,,,,,0.0,Normal,0.0
1744302566927129,10.42.0.2,10.42.0.1,49966,1883,1,1,0,1,0,0,0,0,0,0,0,0,0,0.0,0,,0,0,,0,0,0,0,0,0,0,0,0.0,0,0,0,0,0,64.0,5760.0,0,0,0,54,eth:ethertype:ip:tcp,38.0,94.9,52.8,160.0,-48.0,84:F3:EB:12:34:56,,,,,0.0,Normal,0.0
1744302566931073,10.42.0.2,10.42.0.1,49966,1883,1,1,0,1,0,0,1,0,3,0,0,0,0,0.0,0,,0,0,,0,0,0,0,0,0,0,0,0.0,0,0,0,0,0,64.0,5760.0,0,0,0,57,eth:ethertype:ip:tcp,38.0,94.9,52.8,160.0,-48.0,84:F3:EB:12:34:56,,,,,0.0,Normal,0.0
1744302566934040,10.42.0.2,10.42.0.1,49966,1883,4,1,0,1,0,0,1,0,41,0,0,0,0,0.0,0,,0,1,,0,0,0,1,42,4,MQTT,4,0.0,0,0,0,0,0,64.0,5760.0,0,0,esp32_a0a3b3edac1c,95,eth:ethertype:ip:tcp:mqtt,38.0,94.9,52.8,160.0,-48.0,84:F3:EB:12:34:56,,,,,0.0,Normal,0.0
1744302566969922,10.42.0.2,10.42.0.1,49966,1883,45,5,0,1,0,0,1,0,3,0,0,0,0,0.0,0,,0,0,,0,0,0,0,0,0,0,0,0.0,0,0,0,0,0,64.0,5756.0,0,0,0,57,eth:ethertype:ip:tcp,38.0,94.9,52.8,160.0,-48.0,84:F3:EB:12:34:56,,,,,0.0,Normal,0.0
1744302566984569,10.42.0.2,10.42.0.1,49966,1883,48,5,0,1,1,0,1,0,185,0,0,0,0,0.0,0,,0,3,"Wakeup: 0, Mode: 0, Reset: 1, Temperature: 32.1, Uptime: 626826, Memory: 94.9, In_Temperature: 52.8°C, CPU: 160, RSSI: -49, MAC: 84:F3:EB:12:34:56, F_Storage: 99.2",test/temperatura,16,0,0,182,0,0,0,0.0,0,0,0,0,0,64.0,5756.0,0,0,0,239,eth:ethertype:ip:tcp:mqtt,32.1,94.9,52.8,160.0,-49.0,84:F3:EB:12:34:56,,,,,0.0,Normal,0.0
1744302566988140,10.42.0.2,10.42.0.1,49966,1883,234,6,0,1,0,0,0,0,0,0,0,0,0,0.0,0,,0,0,,0,0,0,0,0,0,0,0,0.0,0,0,0,0,0,64.0,5755.0,0,0,0,54,eth:ethertype:ip:tcp,32.1,94.9,52.8,160.0,-49.0,84:F3:EB:12:34:56,,,,,0.0,Normal,0.0
1744302596993464,10.42.0.2,10.42.0.1,49967,1883,0,0,1,0,0,0,0,0,0,0,0,0,0,0.0,0,,0,0,,0,0,0,0,0,0,0,0,0.0,0,0,0,0,0,64.0,5760.0,0,0,0,58,eth:ethertype:ip:tcp,32.1,94.9,52.8,160.0,-49.0,84:F3:EB:12:34:56,,,,,0.0,Normal,0.0
1744302596997442,10.42.0.2,10.42.0.1,49967,1883,1,1,0,1,0,0,0,0,0,0,0,0,0,0.0,0,,0,0,,0,0,0,0,0,0,0,0,0.0,0,0,0,0,0,64.0,5760.0,0,0,0,54,eth:ethertype:ip:tcp,32.1,94.9,52.8,160.0,-49.0,84:F3:EB:12:34:56,,,,,0.0,Normal,0.0
1744302596999581,10.42.0.2,10.42.0.1,49967,1883,1,1,0,1,0,0,1,0,3,0,0,0,0,0.0,0,,0,0,,0,0,0,0,0,0,0,0,0.0,0,0,0,0,0,64.0,5760.0,0,0,0,57,eth:ethertype:ip:tcp,32.1,94.9,52.8,160.0,-49.0,84:F3:EB:12:34:56,,,,,0.0,Normal,0.0
1744302597003530,10.42.0.2,10.42.0.1,49967,1883,4,1,0,1,0,0,1,0,29,0,0,0,0,0.0,0,,0,0,,0,0,0,0,0,0,0,0,0.0,0,0,0,0,0,64.0,5760.0,0,0,0,83,eth:ethertype:ip:tcp,32.1,94.9,52.8,160.0,-49.0,84:F3:EB:12:34:56,,,,,0.0,Normal,0.0
1744302597008691,10.42.0.2,10.42.0.1,49967,1883,33,1,0,1,0,0,1,0,12,0,0,0,0,0.0,0,,0,1,,0,0,0,1,42,4,MQTT,4,0.0,0,0,0,0,0,64.0,5760.0,0,0,esp32_a0a3b3edac1c,66,eth:ethertype:ip:tcp:mqtt,32.1,94.9,52.8,160.0,-49.0,84:F3:EB:12:34:56,,,,,0.0,Normal,0.0
1744302597044072,10.42.0.2,10.42.0.1,49967,1883,45,5,0,1,0,0,1,0,3,0,0,0,0,0.0,0,,0,0,,0,0,0,0,0,0,0,0,0.0,0,0,0,0,0,64.0,5756.0,0,0,0,57,eth:ethertype:ip:tcp,32.1,94.9,52.8,160.0,-49.0,84:F3:EB:12:34:56,,,,,0.0,Normal,0.0
1744302597054630,10.42.0.2,10.42.0.1,49967,1883,48,5,0,1,1,0,1,0,185,0,0,0,0,0.0,0,,0,3,"Wakeup: 0, Mode: 0, Reset: 1, Temperature: 38.7, Uptime: 626856, Memory: 94.9, In_Temperature: 52.8°C, CPU: 160, RSSI: -49, MAC: 84:F3:EB:12:34:56, F_Storage: 99.2",test/temperatura,16,0,0,182,0,0,0,0.0,0,0,0,0,0,64.0,5756.0,0,0,0,239,eth:ethertype:ip:tcp:mqtt,38.7,94.9,52.8,160.0,-49.0,84:F3:EB:12:34:56,,,,,0.0,Normal,0.0
1744302597058166,10.42.0.2,10.42.0.1,49967,1883,234,6,0,1,0,0,0,0,0,0,0,0,0,0.0,0,,0,0,,0,0,0,0,0,0,0,0,0.0,0,0,0,0,0,64.0,5755.0,0,0,0,54,eth:ethertype:ip:tcp,38.7,94.9,52.8,160.0,-49.0,84:F3:EB:12:34:56,,,,,0.0,Normal,0.0
1744302627062973,10.42.0.2,10.42.0.1,49968,1883,0,0,1,0,0,0,0,0,0,0,0,0,0,0.0,0,,0,0,,0,0,0,0,0,0,0,0,0.0,0,0,0,0,0,64.0,5760.0,0,0,0,58,eth:ethertype:ip:tcp,38.7,94.9,52.8,160.0,-49.0,84:F3:EB:12:34:56,,,,,0.0,Normal,0.0
1744302627066914,10.42.0.2,10.42.0.1,49968,1883,1,1,0,1,0,0,0,0,0,0,0,0,0,0.0,0,,0,0,,0,0,0,0,0,0,0,0,0.0,0,0,0,0,0,64.0,5760.0,0,0,0,54,eth:ethertype:ip:tcp,38.7,94.9,52.8,160.0,-49.0,84:F3:EB:12:34:56,,,,,0.0,Normal,0.0
1744302627069120,10.42.0.2,10.42.0.1,49968,1883,1,1,0,1,0,0,1,0,3,0,0,0,0,0.0,0,,0,0,,0,0,0,0,0,0,0,0,0.0,0,0,0,0,0,64.0,5760.0,0,0,0,57,eth:ethertype:ip:tcp,38.7,94.9,52.8,160.0,-49.0,84:F3:EB:12:34:56,,,,,0.0,Normal,0.0
1744302627072530,10.42.0.2,10.42.0.1,49968,1883,4,1,0,1,0,0,1,0,29,0,0,0,0,0.0,0,,0,0,,0,0,0,0,0,0,0,0,0.0,0,0,0,0,0,64.0,5760.0,0,0,0,83,eth:ethertype:ip:tcp,38.7,94.9,52.8,160.0,-49.0,84:F3:EB:12:34:56,,,,,0.0,Normal,0.0
1744302627075555,10.42.0.2,10.42.0.1,49968,1883,33,1,0,1,0,0,1,0,12,0,0,0,0,0.0,0,,0,1,,0,0,0,1,42,4,MQTT,4,0.0,0,0,0,0,0,64.0,5760.0,0,0,esp32_a0a3b3edac1c,66,eth:ethertype:ip:tcp:mqtt,38.7,94.9,52.8,160.0,-49.0,84:F3:EB:12:34:56,,,,,0.0,Normal,0.0
1744302627111032,10.42.0.2,10.42.0.1,49968,1883,45,5,0,1,0,0,1,0,3,0,0,0,0,0.0,0,,0,0,,0,0,0,0,0,0,0,0,0.0,0,0,0,0,0,64.0,5756.0,0,0,0,57,eth:ethertype:ip:tcp,38.7,94.9,52.8,160.0,-49.0,84:F3:EB:12:34:56,,,,,0.0,Normal,0.0
1744302627123144,10.42.0.2,10.42.0.1,49968,1883,48,5,0,1,1,0,1,0,185,0,0,0,0,0.0,0,,0,3,"Wakeup: 0, Mode: 0, Reset: 1, Temperature: 26.3, Uptime: 626886, Memory: 94.9, In_Temperature: 52.2°C, CPU: 160, RSSI: -50, MAC: 84:F3:EB:12:34:56, F_Storage: 99.2",test/temperatura,16,0,0,182,0,0,0,0.0,0,0,0,0,0,64.0,5756.0,0,0,0,239,eth:ethertype:ip:tcp:mqtt,26.3,94.9,52.2,160.0,-50.0,84:F3:EB:12:34:56,,,,,0.0,Normal,0.0
1744302627126468,10.42.0.2,10.42.0.1,49968,1883,234,6,0,1,0,0,0,0,0,0,0,0,0,0.0,0,,0,0,,0,0,0,0,0,0,0,0,0.0,0,0,0,0,0,64.0,5755.0,0,0,0,54,eth:ethertype:ip:tcp,26.3,94.9,52.2,160.0,-50.0,84:F3:EB:12:34:56,,,,,0.0,Normal,0.0
1744302657132215,10.42.0.2,10.42.0.1,49969,1883,0,0,1,0,0,0,0,0,0,0,0,0,0,0.0,0,,0,0,,0,0,0,0,0,0,0,0,0.0,0,0,0,0,0,64.0,5760.0,0,0,0,58,eth:ethertype:ip:tcp,26.3,94.9,52.2,160.0,-50.0,84:F3:EB:12:34:56,,,,,0.0,Normal,0.0
1744302657136309,10.42.0.2,10.42.0.1,49969,1883,1,1,0,1,0,0,0,0,0,0,0,0,0,0.0,0,,0,0,,0,0,0,0,0,0,0,0,0.0,0,0,0,0,0,64.0,5760.0,0,0,0,54,eth:ethertype:ip:tcp,26.3,94.9,52.2,160.0,-50.0,84:F3:EB:12:34:56,,,,,0.0,Normal,0.0
1744302657138512,10.42.0.2,10.42.0.1,49969,1883,1,1,0,1,0,0,1,0,3,0,0,0,0,0.0,0,,0,0,,0,0,0,0,0,0,0,0,0.0,0,0,0,0,0,64.0,5760.0,0,0,0,57,eth:ethertype:ip:tcp,26.3,94.9,52.2,160.0,-50.0,84:F3:EB:12:34:56,,,,,0.0,Normal,0.0
1744302657142002,10.42.0.2,10.42.0.1,49969,1883,4,1,0,1,0,0,1,0,29,0,0,0,0,0.0,0,,0,0,,0,0,0,0,0,0,0,0,0.0,0,0,0,0,0,64.0,5760.0,0,0,0,83,eth:ethertype:ip:tcp,26.3,94.9,52.2,160.0,-50.0,84:F3:EB:12:34:56,,,,,0.0,Normal,0.0
1744302657146201,10.42.0.2,10.42.0.1,49969,1883,33,1,0,1,0,0,1,0,12,0,0,0,0,0.0,0,,0,1,,0,0,0,1,42,4,MQTT,4,0.0,0,0,0,0,0,64.0,5760.0,0,0,esp32_a0a3b3edac1c,66,eth:ethertype:ip:tcp:mqtt,26.3,94.9,52.2,160.0,-50.0,84:F3:EB:12:34:56,,,,,0.0,Normal,0.0
1744302657182109,10.42.0.2,10.42.0.1,49969,1883,45,5,0,1,0,0,1,0,3,0,0,0,0,0.0,0,,0,0,,0,0,0,0,0,0,0,0,0.0,0,0,0,0,0,64.0,5756.0,0,0,0,57,eth:ethertype:ip:tcp,26.3,94.9,52.2,160.0,-50.0,84:F3:EB:12:34:56,,,,,0.0,Normal,0.0
1744302657192493,10.42.0.2,10.42.0.1,49969,1883,48,5,0,1,1,0,1,0,185,0,0,0,0,0.0,0,,0,3,"Wakeup: 0, Mode: 0, Reset: 1, Temperature: 26.9, Uptime: 626916, Memory: 94.9, In_Temperature: 52.8°C, CPU: 160, RSSI: -49, MAC: 84:F3:EB:12:34:56, F_Storage: 99.2",test/temperatura,16,0,0,182,0,0,0,0.0,0,0,0,0,0,64.0,5756.0,0,0,0,239,eth:ethertype:ip:tcp:mqtt,26.9,94.9,52.8,160.0,-49.0,84:F3:EB:12:34:56,,,,,0.0,Normal,0.0
1744302657199162,10.42.0.2,10.42.0.1,49969,1883,234,6,0,1,0,0,0,0,0,0,0,0,0,0.0,0,,0,0,,0,0,0,0,0,0,0,0,0.0,0,0,0,0,0,64.0,5755.0,0,0,0,54,eth:ethertype:ip:tcp,26.9,94.9,52.8,160.0,-49.0,84:F3:EB:12:34:56,,,,,0.0,Normal,0.0
1744302687201418,10.42.0.2,10.42.0.1,49970,1883,0,0,1,0,0,0,0,0,0,0,0,0,0,0.0,0,,0,0,,0,0,0,0,0,0,0,0,0.0,0,0,0,0,0,64.0,5760.0,0,0,0,58,eth:ethertype:ip:tcp,26.9,94.9,52.8,160.0,-49.0,84:F3:EB:12:34:56,,,,,0.0,Normal,0.0
1744302687205393,10.42.0.2,10.42.0.1,49970,1883,1,1,0,1,0,0,0,0,0,0,0,0,0,0.0,0,,0,0,,0,0,0,0,0,0,0,0,0.0,0,0,0,0,0,64.0,5760.0,0,0,0,54,eth:ethertype:ip:tcp,26.9,94.9,52.8,160.0,-49.0,84:F3:EB:12:34:56,,,,,0.0,Normal,0.0
1744302687207518,10.42.0.2,10.42.0.1,49970,1883,1,1,0,1,0,0,1,0,3,0,0,0,0,0.0,0,,0,0,,0,0,0,0,0,0,0,0,0.0,0,0,0,0,0,64.0,5760.0,0,0,0,57,eth:ethertype:ip:tcp,26.9,94.9,52.8,160.0,-49.0,84:F3:EB:12:34:56,,,,,0.0,Normal,0.0
1744302687211954,10.42.0.2,10.42.0.1,49970,1883,4,1,0,1,0,0,1,0,29,0,0,0,0,0.0,0,,0,0,,0,0,0,0,0,0,0,0,0.0,0,0,0,0,0,64.0,5760.0,0,0,0,83,eth:ethertype:ip:tcp,26.9,94.9,52.8,160.0,-49.0,84:F3:EB:12:34:56,,,,,0.0,Normal,0.0
1744302687215227,10.42.0.2,10.42.0.1,49970,1883,33,1,0,1,0,0,1,0,12,0,0,0,0,0.0,0,,0,1,,0,0,0,1,42,4,MQTT,4,0.0,0,0,0,0,0,64.0,5760.0,0,0,esp32_a0a3b3edac1c,66,eth:ethertype:ip:tcp:mqtt,26.9,94.9,52.8,160.0,-49.0,84:F3:EB:12:34:56,,,,,0.0,Normal,0.0
1744302687251994,10.42.0.2,10.42.0.1,49970,1883,45,5,0,1,0,0,1,0,3,0,0,0,0,0.0,0,,0,0,,0,0,0,0,0,0,0,0,0.0,0,0,0,0,0,64.0,5756.0,0,0,0,57,eth:ethertype:ip:tcp,26.9,94.9,52.8,160.0,-49.0,84:F3:EB:12:34:56,,,,,0.0,Normal,0.0
1744302687262577,10.42.0.2,10.42.0.1,49970,1883,48,5,0,1,1,0,1,0,185,0,0,0,0,0.0,0,,0,3,"Wakeup: 0, Mode: 0, Reset: 1, Temperature: 28.3, Uptime: 626946, Memory: 94.9, In_Temperature: 52.8°C, CPU: 160, RSSI: -50, MAC: 84:F3:EB:12:34:56, F_Storage: 99.2",test/temperatura,16,0,0,182,0,0,0,0.0,0,0,0,0,0,64.0,5756.0,0,0,0,239,eth:ethertype:ip:tcp:mqtt,28.3,94.9,52.8,160.0,-50.0,84:F3:EB:12:34:56,,,,,0.0,Normal,0.0
1744302687266284,10.42.0.2,10.42.0.1,49970,1883,234,6,0,1,0,0,0,0,0,0,0,0,0,0.0,0,,0,0,,0,0,0,0,0,0,0,0,0.0,0,0,0,0,0,64.0,5755.0,0,0,0,54,eth:ethertype:ip:tcp,28.3,94.9,52.8,160.0,-50.0,84:F3:EB:12:34:56,,,,,0.0,Normal,0.0
1744302717271882,10.42.0.2,10.42.0.1,49971,1883,0,0,1,0,0,0,0,0,0,0,0,0,0,0.0,0,,0,0,,0,0,0,0,0,0,0,0,0.0,0,0,0,0,0,64.0,5760.0,0,0,0,58,eth:ethertype:ip:tcp,28.3,94.9,52.8,160.0,-50.0,84:F3:EB:12:34:56,,,,,0.0,Normal,0.0
1744302717275963,10.42.0.2,10.42.0.1,49971,1883,1,1,0,1,0,0,0,0,0,0,0,0,0,0.0,0,,0,0,,0,0,0,0,0,0,0,0,0.0,0,0,0,0,0,64.0,5760.0,0,0,0,54,eth:ethertype:ip:tcp,28.3,94.9,52.8,160.0,-50.0,84:F3:EB:12:34:56,,,,,0.0,Normal,0.0
1744302717278162,10.42.0.2,10.42.0.1,49971,1883,1,1,0,1,0,0,1,0,3,0,0,0,0,0.0,0,,0,0,,0,0,0,0,0,0,0,0,0.0,0,0,0,0,0,64.0,5760.0,0,0,0,57,eth:ethertype:ip:tcp,28.3,94.9,52.8,160.0,-50.0,84:F3:EB:12:34:56,,,,,0.0,Normal,0.0
1744302717281697,10.42.0.2,10.42.0.1,49971,1883,4,1,0,1,0,0,1,0,29,0,0,0,0,0.0,0,,0,0,,0,0,0,0,0,0,0,0,0.0,0,0,0,0,0,64.0,5760.0,0,0,0,83,eth:ethertype:ip:tcp,28.3,94.9,52.8,160.0,-50.0,84:F3:EB:12:34:56,,,,,0.0,Normal,0.0
1744302717284785,10.42.0.2,10.42.0.1,49971,1883,33,1,0,1,0,0,1,0,12,0,0,0,0,0.0,0,,0,1,,0,0,0,1,42,4,MQTT,4,0.0,0,0,0,0,0,64.0,5760.0,0,0,esp32_a0a3b3edac1c,66,eth:ethertype:ip:tcp:mqtt,28.3,94.9,52.8,160.0,-50.0,84:F3:EB:12:34:56,,,,,0.0,Normal,0.0
1744302717320015,10.42.0.2,10.42.0.1,49971,1883,45,5,0,1,0,0,1,0,3,0,0,0,0,0.0,0,,0,0,,0,0,0,0,0,0,0,0,0.0,0,0,0,0,0,64.0,5756.0,0,0,0,57,eth:ethertype:ip:tcp,28.3,94.9,52.8,160.0,-50.0,84:F3:EB:12:34:56,,,,,0.0,Normal,0.0
1744302717331048,10.42.0.2,10.42.0.1,49971,1883,48,5,0,1,1,0,1,0,185,0,0,0,0,0.0,0,,0,3,"Wakeup: 0, Mode: 0, Reset: 1, Temperature: 33.0, Uptime: 626976, Memory: 94.9, In_Temperature: 52.8°C, CPU: 160, RSSI: -50, MAC: 84:F3:EB:12:34:56, F_Storage: 99.2",test/temperatura,16,0,0,182,0,0,0,0.0,0,0,0,0,0,64.0,5756.0,0,0,0,239,eth:ethertype:ip:tcp:mqtt,33.0,94.9,52.8,160.0,-50.0,84:F3:EB:12:34:56,,,,,0.0,Normal,0.0
1744302717334416,10.42.0.2,10.42.0.1,49971,1883,234,6,0,1,0,0,0,0,0,0,0,0,0,0.0,0,,0,0,,0,0,0,0,0,0,0,0,0.0,0,0,0,0,0,64.0,5755.0,0,0,0,54,eth:ethertype:ip:tcp,33.0,94.9,52.8,160.0,-50.0,84:F3:EB:12:34:56,,,,,0.0,Normal,0.0
1744302747339452,10.42.0.2,10.42.0.1,49972,1883,0,0,1,0,0,0,0,0,0,0,0,0,0,0.0,0,,0,0,,0,0,0,0,0,0,0,0,0.0,0,0,0,0,0,64.0,5760.0,0,0,0,58,eth:ethertype:ip:tcp,33.0,94.9,52.8,160.0,-50.0,84:F3:EB:12:34:56,,,,,0.0,Normal,0.0
1744302747343069,10.42.0.2,10.42.0.1,49972,1883,1,1,0,1,0,0,0,0,0,0,0,0,0,0.0,0,,0,0,,0,0,0,0,0,0,0,0,0.0,0,0,0,0,0,64.0,5760.0,0,0,0,54,eth:ethertype:ip:tcp,33.0,94.9,52.8,160.0,-50.0,84:F3:EB:12:34:56,,,,,0.0,Normal,0.0
1744302747345569,10.42.0.2,10.42.0.1,49972,1883,1,1,0,1,0,0,1,0,3,0,0,0,0,0.0,0,,0,0,,0,0,0,0,0,0,0,0,0.0,0,0,0,0,0,64.0,5760.0,0,0,0,57,eth:ethertype:ip:tcp,33.0,94.9,52.8,160.0,-50.0,84:F3:EB:12:34:56,,,,,0.0,Normal,0.0
1744302747348967,10.42.0.2,10.42.0.1,49972,1883,4,1,0,1,0,0,1,0,29,0,0,0,0,0.0,0,,0,0,,0,0,0,0,0,0,0,0,0.0,0,0,0,0,0,64.0,5760.0,0,0,0,83,eth:ethertype:ip:tcp,33.0,94.9,52.8,160.0,-50.0,84:F3:EB:12:34:56,,,,,0.0,Normal,0.0
1744302747352126,10.42.0.2,10.42.0.1,49972,1883,33,1,0,1,0,0,1,0,12,0,0,0,0,0.0,0,,0,1,,0,0,0,1,42,4,MQTT,4,0.0,0,0,0,0,0,64.0,5760.0,0,0,esp32_a0a3b3edac1c,66,eth:ethertype:ip:tcp:mqtt,33.0,94.9,52.8,160.0,-50.0,84:F3:EB:12:34:56,,,,,0.0,Normal,0.0
1744302747387875,10.42.0.2,10.42.0.1,49972,1883,45,5,0,1,0,0,1,0,3,0,0,0,0,0.0,0,,0,0,,0,0,0,0,0,0,0,0,0.0,0,0,0,0,0,64.0,5756.0,0,0,0,57,eth:ethertype:ip:tcp,33.0,94.9,52.8,160.0,-50.0,84:F3:EB:12:34:56,,,,,0.0,Normal,0.0
1744302747400729,10.42.0.2,10.42.0.1,49972,1883,48,5,0,1,1,0,1,0,185,0,0,0,0,0.0,0,,0,3,"Wakeup: 0, Mode: 0, Reset: 1, Temperature: 39.9, Uptime: 627006, Memory: 94.9, In_Temperature: 52.8°C, CPU: 160, RSSI: -50, MAC: 84:F3:EB:12:34:56, F_Storage: 99.2",test/temperatura,16,0,0,182,0,0,0,0.0,0,0,0,0,0,64.0,5756.0,0,0,0,239,eth:ethertype:ip:tcp:mqtt,39.9,94.9,52.8,160.0,-50.0,84:F3:EB:12:34:56,,,,,0.0,Normal,0.0
1744302747404256,10.42.0.2,10.42.0.1,49972,1883,234,6,0,1,0,0,0,0,0,0,0,0,0,0.0,0,,0,0,,0,0,0,0,0,0,0,0,0.0,0,0,0,0,0,64.0,5755.0,0,0,0,54,eth:ethertype:ip:tcp,39.9,94.9,52.8,160.0,-50.0,84:F3:EB:12:34:56,,,,,0.0,Normal,0.0
1744302777409558,10.42.0.2,10.42.0.1,49973,1883,0,0,1,0,0,0,0,0,0,0,0,0,0,0.0,0,,0,0,,0,0,0,0,0,0,0,0,0.0,0,0,0,0,0,64.0,5760.0,0,0,0,58,eth:ethertype:ip:tcp,39.9,94.9,52.8,160.0,-50.0,84:F3:EB:12:34:56,,,,,0.0,Normal,0.0
1744302777413516,10.42.0.2,10.42.0.1,49973,1883,1,1,0,1,0,0,0,0,0,0,0,0,0,0.0,0,,0,0,,0,0,0,0,0,0,0,0,0.0,0,0,0,0,0,64.0,5760.0,0,0,0,54,eth:ethertype:ip:tcp,39.9,94.9,52.8,160.0,-50.0,84:F3:EB:12:34:56,,,,,0.0,Normal,0.0
1744302777415608,10.42.0.2,10.42.0.1,49973,1883,1,1,0,1,0,0,1,0,3,0,0,0,0,0.0,0,,0,0,,0,0,0,0,0,0,0,0,0.0,0,0,0,0,0,64.0,5760.0,0,0,0,57,eth:ethertype:ip:tcp,39.9,94.9,52.8,160.0,-50.0,84:F3:EB:12:34:56,,,,,0.0,Normal,0.0
1744302777419058,10.42.0.2,10.42.0.1,49973,1883,4,1,0,1,0,0,1,0,29,0,0,0,0,0.0,0,,0,0,,0,0,0,0,0,0,0,0,0.0,0,0,0,0,0,64.0,5760.0,0,0,0,83,eth:ethertype:ip:tcp,39.9,94.9,52.8,160.0,-50.0,84:F3:EB:12:34:56,,,,,0.0,Normal,0.0
1744302777422098,10.42.0.2,10.42.0.1,49973,1883,33,1,0,1,0,0,1,0,12,0,0,0,0,0.0,0,,0,1,,0,0,0,1,42,4,MQTT,4,0.0,0,0,0,0,0,64.0,5760.0,0,0,esp32_a0a3b3edac1c,66,eth:ethertype:ip:tcp:mqtt,39.9,94.9,52.8,160.0,-50.0,84:F3:EB:12:34:56,,,,,0.0,Normal,0.0
1744302777457972,10.42.0.2,10.42.0.1,49973,1883,45,5,0,1,0,0,1,0,3,0,0,0,0,0.0,0,,0,0,,0,0,0,0,0,0,0,0,0.0,0,0,0,0,0,64.0,5756.0,0,0,0,57,eth:ethertype:ip:tcp,39.9,94.9,52.8,160.0,-50.0,84:F3:EB:12:34:56,,,,,0.0,Normal,0.0
1744302777469871,10.42.0.2,10.42.0.1,49973,1883,48,5,0,1,1,0,1,0,185,0,0,0,0,0.0,0,,0,3,"Wakeup: 0, Mode: 0, Reset: 1, Temperature: 36.8, Uptime: 627036, Memory: 94.9, In_Temperature: 52.8°C, CPU: 160, RSSI: -49, MAC: 84:F3:EB:12:34:56, F_Storage: 99.2",test/temperatura,16,0,0,182,0,0,0,0.0,0,0,0,0,0,64.0,5756.0,0,0,0,239,eth:ethertype:ip:tcp:mqtt,36.8,94.9,52.8,160.0,-49.0,84:F3:EB:12:34:56,,,,,0.0,Normal,0.0
1744302777477221,10.42.0.2,10.42.0.1,49973,1883,234,6,0,1,0,0,0,0,0,0,0,0,0,0.0,0,,0,0,,0,0,0,0,0,0,0,0,0.0,0,0,0,0,0,64.0,5755.0,0,0,0,54,eth:ethertype:ip:tcp,36.8,94.9,52.8,160.0,-49.0,84:F3:EB:12:34:56,,,,,0.0,Normal,0.0
1744302807478720,10.42.0.2,10.42.0.1,49974,1883,0,0,1,0,0,0,0,0,0,0,0,0,0,0.0,0,,0,0,,0,0,0,0,0,0,0,0,0.0,0,0,0,0,0,64.0,5760.0,0,0,0,58,eth:ethertype:ip:tcp,36.8,94.9,52.8,160.0,-49.0,84:F3:EB:12:34:56,,,,,0.0,Normal,0.0
1744302807495932,10.42.0.2,10.42.0.1,49974,1883,1,1,0,1,0,0,0,0,0,0,0,0,0,0.0,0,,0,0,,0,0,0,0,0,0,0,0,0.0,0,0,0,0,0,64.0,5760.0,0,0,0,54,eth:ethertype:ip:tcp,36.8,94.9,52.8,160.0,-49.0,84:F3:EB:12:34:56,,,,,0.0,Normal,0.0
1744302807496532,10.42.0.2,10.42.0.1,49974,1883,1,1,0,1,0,0,1,0,3,0,0,0,0,0.0,0,,0,0,,0,0,0,0,0,0,0,0,0.0,0,0,0,0,0,64.0,5760.0,0,0,0,57,eth:ethertype:ip:tcp,36.8,94.9,52.8,160.0,-49.0,84:F3:EB:12:34:56,,,,,0.0,Normal,0.0
1744302807499361,10.42.0.2,10.42.0.1,49974,1883,4,1,0,1,0,0,1,0,41,0,0,0,0,0.0,0,,0,1,,0,0,0,1,42,4,MQTT,4,0.0,0,0,0,0,0,64.0,5760.0,0,0,esp32_a0a3b3edac1c,95,eth:ethertype:ip:tcp:mqtt,36.8,94.9,52.8,160.0,-49.0,84:F3:EB:12:34:56,,,,,0.0,Normal,0.0
1744302807534625,10.42.0.2,10.42.0.1,49974,1883,45,5,0,1,0,0,1,0,3,0,0,0,0,0.0,0,,0,0,,0,0,0,0,0,0,0,0,0.0,0,0,0,0,0,64.0,5756.0,0,0,0,57,eth:ethertype:ip:tcp,36.8,94.9,52.8,160.0,-49.0,84:F3:EB:12:34:56,,,,,0.0,Normal,0.0
1744302807549558,10.42.0.2,10.42.0.1,49974,1883,48,5,0,1,1,0,1,0,185,0,0,0,0,0.0,0,,0,3,"Wakeup: 0, Mode: 0, Reset: 1, Temperature: 34.6, Uptime: 627066, Memory: 94.9, In_Temperature: 52.8°C, CPU: 160, RSSI: -48, MAC: 84:F3:EB:12:34:56, F_Storage: 99.2",test/temperatura,16,0,0,182,0,0,0,0.0,0,0,0,0,0,64.0,5756.0,0,0,0,239,eth:ethertype:ip:tcp:mqtt,34.6,94.9,52.8,160.0,-48.0,84:F3:EB:12:34:56,,,,,0.0,Normal,0.0
1744302807553145,10.42.0.2,10.42.0.1,49974,1883,234,6,0,1,0,0,0,0,0,0,0,0,0,0.0,0,,0,0,,0,0,0,0,0,0,0,0,0.0,0,0,0,0,0,64.0,5755.0,0,0,0,54,eth:ethertype:ip:tcp,34.6,94.9,52.8,160.0,-48.0,84:F3:EB:12:34:56,,,,,0.0,Normal,0.0
1744302837558561,10.42.0.2,10.42.0.1,49975,1883,0,0,1,0,0,0,0,0,0,0,0,0,0,0.0,0,,0,0,,0,0,0,0,0,0,0,0,0.0,0,0,0,0,0,64.0,5760.0,0,0,0,58,eth:ethertype:ip:tcp,34.6,94.9,52.8,160.0,-48.0,84:F3:EB:12:34:56,,,,,0.0,Normal,0.0
1744302837563975,10.42.0.2,10.42.0.1,49975,1883,1,1,0,1,0,0,0,0,0,0,0,0,0,0.0,0,,0,0,,0,0,0,0,0,0,0,0,0.0,0,0,0,0,0,64.0,5760.0,0,0,0,54,eth:ethertype:ip:tcp,34.6,94.9,52.8,160.0,-48.0,84:F3:EB:12:34:56,,,,,0.0,Normal,0.0
1744302837566428,10.42.0.2,10.42.0.1,49975,1883,1,1,0,1,0,0,1,0,3,0,0,0,0,0.0,0,,0,0,,0,0,0,0,0,0,0,0,0.0,0,0,0,0,0,64.0,5760.0,0,0,0,57,eth:ethertype:ip:tcp,34.6,94.9,52.8,160.0,-48.0,84:F3:EB:12:34:56,,,,,0.0,Normal,0.0
1744302837570339,10.42.0.2,10.42.0.1,49975,1883,4,1,0,1,0,0,1,0,11,0,0,0,0,0.0,0,,0,0,,0,0,0,0,0,0,0,0,0.0,0,0,0,0,0,64.0,5760.0,0,0,0,65,eth:ethertype:ip:tcp,34.6,94.9,52.8,160.0,-48.0,84:F3:EB:12:34:56,,,,,0.0,Normal,0.0
1744302837573311,10.42.0.2,10.42.0.1,49975,1883,15,1,0,1,0,0,1,0,30,0,0,0,0,0.0,0,,0,1,,0,0,0,1,42,4,MQTT,4,0.0,0,0,0,0,0,64.0,5760.0,0,0,esp32_a0a3b3edac1c,84,eth:ethertype:ip:tcp:mqtt,34.6,94.9,52.8,160.0,-48.0,84:F3:EB:12:34:56,,,,,0.0,Normal,0.0
1744302837610977,10.42.0.2,10.42.0.1,49975,1883,45,5,0,1,0,0,1,0,3,0,0,0,0,0.0,0,,0,0,,0,0,0,0,0,0,0,0,0.0,0,0,0,0,0,64.0,5756.0,0,0,0,57,eth:ethertype:ip:tcp,34.6,94.9,52.8,160.0,-48.0,84:F3:EB:12:34:56,,,,,0.0,Normal,0.0
1744302837628483,10.42.0.2,10.42.0.1,49975,1883,48,5,0,1,1,0,1,0,185,0,0,0,0,0.0,0,,0,3,"Wakeup: 0, Mode: 0, Reset: 1, Temperature: 32.6, Uptime: 627096, Memory: 94.9, In_Temperature: 52.8°C, CPU: 160, RSSI: -50, MAC: 84:F3:EB:12:34:56, F_Storage: 99.2",test/temperatura,16,0,0,182,0,0,0,0.0,0,0,0,0,0,64.0,5756.0,0,0,0,239,eth:ethertype:ip:tcp:mqtt,32.6,94.9,52.8,160.0,-50.0,84:F3:EB:12:34:56,,,,,0.0,Normal,0.0
1744302837634234,10.42.0.2,10.42.0.1,49975,1883,234,6,0,1,0,0,0,0,0,0,0,0,0,0.0,0,,0,0,,0,0,0,0,0,0,0,0,0.0,0,0,0,0,0,64.0,5755.0,0,0,0,54,eth:ethertype:ip:tcp,32.6,94.9,52.8,160.0,-50.0,84:F3:EB:12:34:56,,,,,0.0,Normal,0.0
1744302867637811,10.42.0.2,10.42.0.1,49976,1883,0,0,1,0,0,0,0,0,0,0,0,0,0,0.0,0,,0,0,,0,0,0,0,0,0,0,0,0.0,0,0,0,0,0,64.0,5760.0,0,0,0,58,eth:ethertype:ip:tcp,32.6,94.9,52.8,160.0,-50.0,84:F3:EB:12:34:56,,,,,0.0,Normal,0.0
1744302867642125,10.42.0.2,10.42.0.1,49976,1883,1,1,0,1,0,0,0,0,0,0,0,0,0,0.0,0,,0,0,,0,0,0,0,0,0,0,0,0.0,0,0,0,0,0,64.0,5760.0,0,0,0,54,eth:ethertype:ip:tcp,32.6,94.9,52.8,160.0,-50.0,84:F3:EB:12:34:56,,,,,0.0,Normal,0.0
1744302867644047,10.42.0.2,10.42.0.1,49976,1883,1,1,0,1,0,0,1,0,3,0,0,0,0,0.0,0,,0,0,,0,0,0,0,0,0,0,0,0.0,0,0,0,0,0,64.0,5760.0,0,0,0,57,eth:ethertype:ip:tcp,32.6,94.9,52.8,160.0,-50.0,84:F3:EB:12:34:56,,,,,0.0,Normal,0.0
1744302867647496,10.42.0.2,10.42.0.1,49976,1883,4,1,0,1,0,0,1,0,29,0,0,0,0,0.0,0,,0,0,,0,0,0,0,0,0,0,0,0.0,0,0,0,0,0,64.0,5760.0,0,0,0,83,eth:ethertype:ip:tcp,32.6,94.9,52.8,160.0,-50.0,84:F3:EB:12:34:56,,,,,0.0,Normal,0.0
1744302867652824,10.42.0.2,10.42.0.1,49976,1883,33,1,0,1,0,0,1,0,12,0,0,0,0,0.0,0,,0,1,,0,0,0,1,42,4,MQTT,4,0.0,0,0,0,0,0,64.0,5760.0,0,0,esp32_a0a3b3edac1c,66,eth:ethertype:ip:tcp:mqtt,32.6,94.9,52.8,160.0,-50.0,84:F3:EB:12:34:56,,,,,0.0,Normal,0.0
1744302867688242,10.42.0.2,10.42.0.1,49976,1883,45,5,0,1,0,0,1,0,3,0,0,0,0,0.0,0,,0,0,,0,0,0,0,0,0,0,0,0.0,0,0,0,0,0,64.0,5756.0,0,0,0,57,eth:ethertype:ip:tcp,32.6,94.9,52.8,160.0,-50.0,84:F3:EB:12:34:56,,,,,0.0,Normal,0.0
1744302867698333,10.42.0.2,10.42.0.1,49976,1883,48,5,0,1,1,0,1,0,185,0,0,0,0,0.0,0,,0,3,"Wakeup: 0, Mode: 0, Reset: 1, Temperature: 27.0, Uptime: 627127, Memory: 94.9, In_Temperature: 52.8°C, CPU: 160, RSSI: -49, MAC: 84:F3:EB:12:34:56, F_Storage: 99.2",test/temperatura,16,0,0,182,0,0,0,0.0,0,0,0,0,0,64.0,5756.0,0,0,0,239,eth:ethertype:ip:tcp:mqtt,27.0,94.9,52.8,160.0,-49.0,84:F3:EB:12:34:56,,,,,0.0,Normal,0.0
1744302867701915,10.42.0.2,10.42.0.1,49976,1883,234,6,0,1,0,0,0,0,0,0,0,0,0,0.0,0,,0,0,,0,0,0,0,0,0,0,0,0.0,0,0,0,0,0,64.0,5755.0,0,0,0,54,eth:ethertype:ip:tcp,27.0,94.9,52.8,160.0,-49.0,84:F3:EB:12:34:56,,,,,0.0,Normal,0.0
1744302897715288,10.42.0.2,10.42.0.1,49977,1883,0,0,1,0,0,0,0,0,0,0,0,0,0,0.0,0,,0,0,,0,0,0,0,0,0,0,0,0.0,0,0,0,0,0,64.0,5760.0,0,0,0,58,eth:ethertype:ip:tcp,27.0,94.9,52.8,160.0,-49.0,84:F3:EB:12:34:56,,,,,0.0,Normal,0.0
1744302897719222,10.42.0.2,10.42.0.1,49977,1883,1,1,0,1,0,0,0,0,0,0,0,0,0,0.0,0,,0,0,,0,0,0,0,0,0,0,0,0.0,0,0,0,0,0,64.0,5760.0,0,0,0,54,eth:ethertype:ip:tcp,27.0,94.9,52.8,160.0,-49.0,84:F3:EB:12:34:56,,,,,0.0,Normal,0.0
1744302897721357,10.42.0.2,10.42.0.1,49977,1883,1,1,0,1,0,0,1,0,3,0,0,0,0,0.0,0,,0,0,,0,0,0,0,0,0,0,0,0.0,0,0,0,0,0,64.0,5760.0,0,0,0,57,eth:ethertype:ip:tcp,27.0,94.9,52.8,160.0,-49.0,84:F3:EB:12:34:56,,,,,0.0,Normal,0.0
1744302897724823,10.42.0.2,10.42.0.1,49977,1883,4,1,0,1,0,0,1,0,29,0,0,0,0,0.0,0,,0,0,,0,0,0,0,0,0,0,0,0.0,0,0,0,0,0,64.0,5760.0,0,0,0,83,eth:ethertype:ip:tcp,27.0,94.9,52.8,160.0,-49.0,84:F3:EB:12:34:56,,,,,0.0,Normal,0.0
1744302897727932,10.42.0.2,10.42.0.1,49977,1883,33,1,0,1,0,0,1,0,12,0,0,0,0,0.0,0,,0,1,,0,0,0,1,42,4,MQTT,4,0.0,0,0,0,0,0,64.0,5760.0,0,0,esp32_a0a3b3edac1c,66,eth:ethertype:ip:tcp:mqtt,27.0,94.9,52.8,160.0,-49.0,84:F3:EB:12:34:56,,,,,0.0,Normal,0.0
1744302897763304,10.42.0.2,10.42.0.1,49977,1883,45,5,0,1,0,0,1,0,3,0,0,0,0,0.0,0,,0,0,,0,0,0,0,0,0,0,0,0.0,0,0,0,0,0,64.0,5756.0,0,0,0,57,eth:ethertype:ip:tcp,27.0,94.9,52.8,160.0,-49.0,84:F3:EB:12:34:56,,,,,0.0,Normal,0.0
1744302897777385,10.42.0.2,10.42.0.1,49977,1883,48,5,0,1,1,0,1,0,185,0,0,0,0,0.0,0,,0,3,"Wakeup: 0, Mode: 0, Reset: 1, Temperature: 27.3, Uptime: 627157, Memory: 94.9, In_Temperature: 52.8°C, CPU: 160, RSSI: -49, MAC: 84:F3:EB:12:34:56, F_Storage: 99.2",test/temperatura,16,0,0,182,0,0,0,0.0,0,0,0,0,0,64.0,5756.0,0,0,0,239,eth:ethertype:ip:tcp:mqtt,27.3,94.9,52.8,160.0,-49.0,84:F3:EB:12:34:56,,,,,0.0,Normal,0.0
1744302897780958,10.42.0.2,10.42.0.1,49977,1883,234,6,0,1,0,0,0,0,0,0,0,0,0,0.0,0,,0,0,,0,0,0,0,0,0,0,0,0.0,0,0,0,0,0,64.0,5755.0,0,0,0,54,eth:ethertype:ip:tcp,27.3,94.9,52.8,160.0,-49.0,84:F3:EB:12:34:56,,,,,0.0,Normal,0.0
1744302927785458,10.42.0.2,10.42.0.1,49978,1883,0,0,1,0,0,0,0,0,0,0,0,0,0,0.0,0,,0,0,,0,0,0,0,0,0,0,0,0.0,0,0,0,0,0,64.0,5760.0,0,0,0,58,eth:ethertype:ip:tcp,27.3,94.9,52.8,160.0,-49.0,84:F3:EB:12:34:56,,,,,0.0,Normal,0.0
1744302927789131,10.42.0.2,10.42.0.1,49978,1883,1,1,0,1,0,0,0,0,0,0,0,0,0,0.0,0,,0,0,,0,0,0,0,0,0,0,0,0.0,0,0,0,0,0,64.0,5760.0,0,0,0,54,eth:ethertype:ip:tcp,27.3,94.9,52.8,160.0,-49.0,84:F3:EB:12:34:56,,,,,0.0,Normal,0.0
1744302927791631,10.42.0.2,10.42.0.1,49978,1883,1,1,0,1,0,0,1,0,3,0,0,0,0,0.0,0,,0,0,,0,0,0,0,0,0,0,0,0.0,0,0,0,0,0,64.0,5760.0,0,0,0,57,eth:ethertype:ip:tcp,27.3,94.9,52.8,160.0,-49.0,84:F3:EB:12:34:56,,,,,0.0,Normal,0.0
1744302927796551,10.42.0.2,10.42.0.1,49978,1883,4,1,0,1,0,0,1,0,29,0,0,0,0,0.0,0,,0,0,,0,0,0,0,0,0,0,0,0.0,0,0,0,0,0,64.0,5760.0,0,0,0,83,eth:ethertype:ip:tcp,27.3,94.9,52.8,160.0,-49.0,84:F3:EB:12:34:56,,,,,0.0,Normal,0.0
1744302927800624,10.42.0.2,10.42.0.1,49978,1883,33,1,0,1,0,0,1,0,12,0,0,0,0,0.0,0,,0,1,,0,0,0,1,42,4,MQTT,4,0.0,0,0,0,0,0,64.0,5760.0,0,0,esp32_a0a3b3edac1c,66,eth:ethertype:ip:tcp:mqtt,27.3,94.9,52.8,160.0,-49.0,84:F3:EB:12:34:56,,,,,0.0,Normal,0.0
1744302927836165,10.42.0.2,10.42.0.1,49978,1883,45,5,0,1,0,0,1,0,3,0,0,0,0,0.0,0,,0,0,,0,0,0,0,0,0,0,0,0.0,0,0,0,0,0,64.0,5756.0,0,0,0,57,eth:ethertype:ip:tcp,27.3,94.9,52.8,160.0,-49.0,84:F3:EB:12:34:56,,,,,0.0,Normal,0.0
1744302927846500,10.42.0.2,10.42.0.1,49978,1883,48,5,0,1,1,0,1,0,185,0,0,0,0,0.0,0,,0,3,"Wakeup: 0, Mode: 0, Reset: 1, Temperature: 29.5, Uptime: 627187, Memory: 94.8, In_Temperature: 52.8°C, CPU: 160, RSSI: -49, MAC: 84:F3:EB:12:34:56, F_Storage: 99.2",test/temperatura,16,0,0,182,0,0,0,0.0,0,0,0,0,0,64.0,5756.0,0,0,0,239,eth:ethertype:ip:tcp:mqtt,29.5,94.8,52.8,160.0,-49.0,84:F3:EB:12:34:56,,,,,0.0,Normal,0.0
1744302927850446,10.42.0.2,10.42.0.1,49978,1883,234,6,0,1,0,0,0,0,0,0,0,0,0,0.0,0,,0,0,,0,0,0,0,0,0,0,0,0.0,0,0,0,0,0,64.0,5755.0,0,0,0,54,eth:ethertype:ip:tcp,29.5,94.8,52.8,160.0,-49.0,84:F3:EB:12:34:56,,,,,0.0,Normal,0.0
1744302957855390,10.42.0.2,10.42.0.1,49979,1883,0,0,1,0,0,0,0,0,0,0,0,0,0,0.0,0,,0,0,,0,0,0,0,0,0,0,0,0.0,0,0,0,0,0,64.0,5760.0,0,0,0,58,eth:ethertype:ip:tcp,29.5,94.8,52.8,160.0,-49.0,84:F3:EB:12:34:56,,,,,0.0,Normal,0.0
1744302957859701,10.42.0.2,10.42.0.1,49979,1883,1,1,0,1,0,0,0,0,0,0,0,0,0,0.0,0,,0,0,,0,0,0,0,0,0,0,0,0.0,0,0,0,0,0,64.0,5760.0,0,0,0,54,eth:ethertype:ip:tcp,29.5,94.8,52.8,160.0,-49.0,84:F3:EB:12:34:56,,,,,0.0,Normal,0.0
1744302957862234,10.42.0.2,10.42.0.1,49979,1883,1,1,0,1,0,0,1,0,3,0,0,0,0,0.0,0,,0,0,,0,0,0,0,0,0,0,0,0.0,0,0,0,0,0,64.0,5760.0,0,0,0,57,eth:ethertype:ip:tcp,29.5,94.8,52.8,160.0,-49.0,84:F3:EB:12:34:56,,,,,0.0,Normal,0.0
1744302957867848,10.42.0.2,10.42.0.1,49979,1883,4,1,0,1,0,0,1,0,31,0,0,0,0,0.0,0,,0,0,,0,0,0,0,0,0,0,0,0.0,0,0,0,0,0,64.0,5760.0,0,0,0,85,eth:ethertype:ip:tcp,29.5,94.8,52.8,160.0,-49.0,84:F3:EB:12:34:56,,,,,0.0,Normal,0.0
1744302957873074,10.42.0.2,10.42.0.1,49979,1883,35,1,0,1,0,0,1,0,10,0,0,0,0,0.0,0,,0,1,,0,0,0,1,42,4,MQTT,4,0.0,0,0,0,0,0,64.0,5760.0,0,0,esp32_a0a3b3edac1c,64,eth:ethertype:ip:tcp:mqtt,29.5,94.8,52.8,160.0,-49.0,84:F3:EB:12:34:56,,,,,0.0,Normal,0.0
1744302957885953,10.42.0.2,10.42.0.1,49979,1883,45,5,0,1,0,0,0,0,0,0,0,0,0,0.0,0,,0,0,,0,0,0,0,0,0,0,0,0.0,0,0,0,0,0,64.0,5756.0,0,0,0,54,eth:ethertype:ip:tcp,29.5,94.8,52.8,160.0,-49.0,84:F3:EB:12:34:56,,,,,0.0,Normal,0.0
1744302957911390,10.42.0.2,10.42.0.1,49979,1883,45,5,0,1,0,0,1,0,3,0,0,0,0,0.0,0,,0,0,,0,0,0,0,0,0,0,0,0.0,0,0,0,0,0,64.0,5756.0,0,0,0,57,eth:ethertype:ip:tcp,29.5,94.8,52.8,160.0,-49.0,84:F3:EB:12:34:56,,,,,0.0,Normal,0.0
1744302957925728,10.42.0.2,10.42.0.1,49979,1883,48,5,0,1,1,0,1,0,185,0,0,0,0,0.0,0,,0,3,"Wakeup: 0, Mode: 0, Reset: 1, Temperature: 38.0, Uptime: 627217, Memory: 94.9, In_Temperature: 52.8°C, CPU: 160, RSSI: -49, MAC: 84:F3:EB:12:34:56, F_Storage: 99.2",test/temperatura,16,0,0,182,0,0,0,0.0,0,0,0,0,0,64.0,5756.0,0,0,0,239,eth:ethertype:ip:tcp:mqtt,38.0,94.9,52.8,160.0,-49.0,84:F3:EB:12:34:56,,,,,0.0,Normal,0.0
1744302957932202,10.42.0.2,10.42.0.1,49979,1883,234,6,0,1,0,0,0,0,0,0,0,0,0,0.0,0,,0,0,,0,0,0,0,0,0,0,0,0.0,0,0,0,0,0,64.0,5755.0,0,0,0,54,eth:ethertype:ip:tcp,38.0,94.9,52.8,160.0,-49.0,84:F3:EB:12:34:56,,,,,0.0,Normal,0.0
1744302987934721,10.42.0.2,10.42.0.1,49980,1883,0,0,1,0,0,0,0,0,0,0,0,0,0,0.0,0,,0,0,,0,0,0,0,0,0,0,0,0.0,0,0,0,0,0,64.0,5760.0,0,0,0,58,eth:ethertype:ip:tcp,38.0,94.9,52.8,160.0,-49.0,84:F3:EB:12:34:56,,,,,0.0,Normal,0.0
1744302987938823,10.42.0.2,10.42.0.1,49980,1883,1,1,0,1,0,0,0,0,0,0,0,0,0,0.0,0,,0,0,,0,0,0,0,0,0,0,0,0.0,0,0,0,0,0,64.0,5760.0,0,0,0,54,eth:ethertype:ip:tcp,38.0,94.9,52.8,160.0,-49.0,84:F3:EB:12:34:56,,,,,0.0,Normal,0.0
1744302987941050,10.42.0.2,10.42.0.1,49980,1883,1,1,0,1,0,0,1,0,3,0,0,0,0,0.0,0,,0,0,,0,0,0,0,0,0,0,0,0.0,0,0,0,0,0,64.0,5760.0,0,0,0,57,eth:ethertype:ip:tcp,38.0,94.9,52.8,160.0,-49.0,84:F3:EB:12:34:56,,,,,0.0,Normal,0.0
1744302987944435,10.42.0.2,10.42.0.1,49980,1883,4,1,0,1,0,0,1,0,29,0,0,0,0,0.0,0,,0,0,,0,0,0,0,0,0,0,0,0.0,0,0,0,0,0,64.0,5760.0,0,0,0,83,eth:ethertype:ip:tcp,38.0,94.9,52.8,160.0,-49.0,84:F3:EB:12:34:56,,,,,0.0,Normal,0.0
1744302987948387,10.42.0.2,10.42.0.1,49980,1883,33,1,0,1,0,0,1,0,6,0,0,0,0,0.0,0,,0,0,,0,0,0,0,0,0,0,0,0.0,0,0,0,0,0,64.0,5760.0,0,0,0,60,eth:ethertype:ip:tcp,38.0,94.9,52.8,160.0,-49.0,84:F3:EB:12:34:56,,,,,0.0,Normal,0.0
1744302987952333,10.42.0.2,10.42.0.1,49980,1883,39,1,0,1,0,0,1,0,2,0,0,0,0,0.0,0,,0,0,,0,0,0,0,0,0,0,0,0.0,0,0,0,0,0,64.0,5760.0,0,0,0,56,eth:ethertype:ip:tcp,38.0,94.9,52.8,160.0,-49.0,84:F3:EB:12:34:56,,,,,0.0,Normal,0.0
1744302987956007,10.42.0.2,10.42.0.1,49980,1883,41,1,0,1,0,0,1,0,4,0,0,0,0,0.0,0,,0,1,,0,0,0,1,42,4,MQTT,4,0.0,0,0,0,0,0,64.0,5760.0,0,0,esp32_a0a3b3edac1c,58,eth:ethertype:ip:tcp:mqtt,38.0,94.9,52.8,160.0,-49.0,84:F3:EB:12:34:56,,,,,0.0,Normal,0.0
1744302987991707,10.42.0.2,10.42.0.1,49980,1883,45,5,0,1,0,0,1,0,3,0,0,0,0,0.0,0,,0,0,,0,0,0,0,0,0,0,0,0.0,0,0,0,0,0,64.0,5756.0,0,0,0,57,eth:ethertype:ip:tcp,38.0,94.9,52.8,160.0,-49.0,84:F3:EB:12:34:56,,,,,0.0,Normal,0.0
1744302988005010,10.42.0.2,10.42.0.1,49980,1883,48,5,0,1,1,0,1,0,185,0,0,0,0,0.0,0,,0,3,"Wakeup: 0, Mode: 0, Reset: 1, Temperature: 30.3, Uptime: 627247, Memory: 94.9, In_Temperature: 52.8°C, CPU: 160, RSSI: -49, MAC: 84:F3:EB:12:34:56, F_Storage: 99.2",test/temperatura,16,0,0,182,0,0,0,0.0,0,0,0,0,0,64.0,5756.0,0,0,0,239,eth:ethertype:ip:tcp:mqtt,30.3,94.9,52.8,160.0,-49.0,84:F3:EB:12:34:56,,,,,0.0,Normal,0.0
1744302988017299,10.42.0.2,10.42.0.1,49980,1883,234,6,0,1,0,0,0,0,0,0,0,0,0,0.0,0,,0,0,,0,0,0,0,0,0,0,0,0.0,0,0,0,0,0,64.0,5755.0,0,0,0,54,eth:ethertype:ip:tcp,30.3,94.9,52.8,160.0,-49.0,84:F3:EB:12:34:56,,,,,0.0,Normal,0.0
1744303018014125,10.42.0.2,10.42.0.1,49981,1883,0,0,1,0,0,0,0,0,0,0,0,0,0,0.0,0,,0,0,,0,0,0,0,0,0,0,0,0.0,0,0,0,0,0,64.0,5760.0,0,0,0,58,eth:ethertype:ip:tcp,30.3,94.9,52.8,160.0,-49.0,84:F3:EB:12:34:56,,,,,0.0,Normal,0.0
1744303018018040,10.42.0.2,10.42.0.1,49981,1883,1,1,0,1,0,0,0,0,0,0,0,0,0,0.0,0,,0,0,,0,0,0,0,0,0,0,0,0.0,0,0,0,0,0,64.0,5760.0,0,0,0,54,eth:ethertype:ip:tcp,30.3,94.9,52.8,160.0,-49.0,84:F3:EB:12:34:56,,,,,0.0,Normal,0.0
1744303018020364,10.42.0.2,10.42.0.1,49981,1883,1,1,0,1,0,0,1,0,3,0,0,0,0,0.0,0,,0,0,,0,0,0,0,0,0,0,0,0.0,0,0,0,0,0,64.0,5760.0,0,0,0,57,eth:ethertype:ip:tcp,30.3,94.9,52.8,160.0,-49.0,84:F3:EB:12:34:56,,,,,0.0,Normal,0.0
1744303018023767,10.42.0.2,10.42.0.1,49981,1883,4,1,0,1,0,0,1,0,29,0,0,0,0,0.0,0,,0,0,,0,0,0,0,0,0,0,0,0.0,0,0,0,0,0,64.0,5760.0,0,0,0,83,eth:ethertype:ip:tcp,30.3,94.9,52.8,160.0,-49.0,84:F3:EB:12:34:56,,,,,0.0,Normal,0.0
1744303018026908,10.42.0.2,10.42.0.1,49981,1883,33,1,0,1,0,0,1,0,12,0,0,0,0,0.0,0,,0,1,,0,0,0,1,42,4,MQTT,4,0.0,0,0,0,0,0,64.0,5760.0,0,0,esp32_a0a3b3edac1c,66,eth:ethertype:ip:tcp:mqtt,30.3,94.9,52.8,160.0,-49.0,84:F3:EB:12:34:56,,,,,0.0,Normal,0.0
1744303018064254,10.42.0.2,10.42.0.1,49981,1883,45,5,0,1,0,0,1,0,3,0,0,0,0,0.0,0,,0,0,,0,0,0,0,0,0,0,0,0.0,0,0,0,0,0,64.0,5756.0,0,0,0,57,eth:ethertype:ip:tcp,30.3,94.9,52.8,160.0,-49.0,84:F3:EB:12:34:56,,,,,0.0,Normal,0.0
1744303018074750,10.42.0.2,10.42.0.1,49981,1883,48,5,0,1,1,0,1,0,185,0,0,0,0,0.0,0,,0,3,"Wakeup: 0, Mode: 0, Reset: 1, Temperature: 28.7, Uptime: 627277, Memory: 94.9, In_Temperature: 52.8°C, CPU: 160, RSSI: -49, MAC: 84:F3:EB:12:34:56, F_Storage: 99.2",test/temperatura,16,0,0,182,0,0,0,0.0,0,0,0,0,0,64.0,5756.0,0,0,0,239,eth:ethertype:ip:tcp:mqtt,28.7,94.9,52.8,160.0,-49.0,84:F3:EB:12:34:56,,,,,0.0,Normal,0.0
1744303018078186,10.42.0.2,10.42.0.1,49981,1883,234,6,0,1,0,0,0,0,0,0,0,0,0,0.0,0,,0,0,,0,0,0,0,0,0,0,0,0.0,0,0,0,0,0,64.0,5755.0,0,0,0,54,eth:ethertype:ip:tcp,28.7,94.9,52.8,160.0,-49.0,84:F3:EB:12:34:56,,,,,0.0,Normal,0.0
1744303048083594,10.42.0.2,10.42.0.1,49982,1883,0,0,1,0,0,0,0,0,0,0,0,0,0,0.0,0,,0,0,,0,0,0,0,0,0,0,0,0.0,0,0,0,0,0,64.0,5760.0,0,0,0,58,eth:ethertype:ip:tcp,28.7,94.9,52.8,160.0,-49.0,84:F3:EB:12:34:56,,,,,0.0,Normal,0.0
1744303048087637,10.42.0.2,10.42.0.1,49982,1883,1,1,0,1,0,0,0,0,0,0,0,0,0,0.0,0,,0,0,,0,0,0,0,0,0,0,0,0.0,0,0,0,0,0,64.0,5760.0,0,0,0,54,eth:ethertype:ip:tcp,28.7,94.9,52.8,160.0,-49.0,84:F3:EB:12:34:56,,,,,0.0,Normal,0.0
1744303048089772,10.42.0.2,10.42.0.1,49982,1883,1,1,0,1,0,0,1,0,3,0,0,0,0,0.0,0,,0,0,,0,0,0,0,0,0,0,0,0.0,0,0,0,0,0,64.0,5760.0,0,0,0,57,eth:ethertype:ip:tcp,28.7,94.9,52.8,160.0,-49.0,84:F3:EB:12:34:56,,,,,0.0,Normal,0.0
1744303048093209,10.42.0.2,10.42.0.1,49982,1883,4,1,0,1,0,0,1,0,29,0,0,0,0,0.0,0,,0,0,,0,0,0,0,0,0,0,0,0.0,0,0,0,0,0,64.0,5760.0,0,0,0,83,eth:ethertype:ip:tcp,28.7,94.9,52.8,160.0,-49.0,84:F3:EB:12:34:56,,,,,0.0,Normal,0.0
1744303048096316,10.42.0.2,10.42.0.1,49982,1883,33,1,0,1,0,0,1,0,12,0,0,0,0,0.0,0,,0,1,,0,0,0,1,42,4,MQTT,4,0.0,0,0,0,0,0,64.0,5760.0,0,0,esp32_a0a3b3edac1c,66,eth:ethertype:ip:tcp:mqtt,28.7,94.9,52.8,160.0,-49.0,84:F3:EB:12:34:56,,,,,0.0,Normal,0.0
1744303048132546,10.42.0.2,10.42.0.1,49982,1883,45,5,0,1,0,0,1,0,3,0,0,0,0,0.0,0,,0,0,,0,0,0,0,0,0,0,0,0.0,0,0,0,0,0,64.0,5756.0,0,0,0,57,eth:ethertype:ip:tcp,28.7,94.9,52.8,160.0,-49.0,84:F3:EB:12:34:56,,,,,0.0,Normal,0.0
1744303048143852,10.42.0.2,10.42.0.1,49982,1883,48,5,0,1,1,0,1,0,185,0,0,0,0,0.0,0,,0,3,"Wakeup: 0, Mode: 0, Reset: 1, Temperature: 31.3, Uptime: 627307, Memory: 94.9, In_Temperature: 52.8°C, CPU: 160, RSSI: -48, MAC: 84:F3:EB:12:34:56, F_Storage: 99.2",test/temperatura,16,0,0,182,0,0,0,0.0,0,0,0,0,0,64.0,5756.0,0,0,0,239,eth:ethertype:ip:tcp:mqtt,31.3,94.9,52.8,160.0,-48.0,84:F3:EB:12:34:56,,,,,0.0,Normal,0.0
1744303048169947,10.42.0.2,10.42.0.1,49982,1883,234,6,0,1,0,0,0,0,0,0,0,0,0,0.0,0,,0,0,,0,0,0,0,0,0,0,0,0.0,0,0,0,0,0,64.0,5755.0,0,0,0,54,eth:ethertype:ip:tcp,31.3,94.9,52.8,160.0,-48.0,84:F3:EB:12:34:56,,,,,0.0,Normal,0.0
1744303078152733,10.42.0.2,10.42.0.1,49983,1883,0,0,1,0,0,0,0,0,0,0,0,0,0,0.0,0,,0,0,,0,0,0,0,0,0,0,0,0.0,0,0,0,0,0,64.0,5760.0,0,0,0,58,eth:ethertype:ip:tcp,31.3,94.9,52.8,160.0,-48.0,84:F3:EB:12:34:56,,,,,0.0,Normal,0.0
1744303078156782,10.42.0.2,10.42.0.1,49983,1883,1,1,0,1,0,0,0,0,0,0,0,0,0,0.0,0,,0,0,,0,0,0,0,0,0,0,0,0.0,0,0,0,0,0,64.0,5760.0,0,0,0,54,eth:ethertype:ip:tcp,31.3,94.9,52.8,160.0,-48.0,84:F3:EB:12:34:56,,,,,0.0,Normal,0.0
1744303078158791,10.42.0.2,10.42.0.1,49983,1883,1,1,0,1,0,0,1,0,3,0,0,0,0,0.0,0,,0,0,,0,0,0,0,0,0,0,0,0.0,0,0,0,0,0,64.0,5760.0,0,0,0,57,eth:ethertype:ip:tcp,31.3,94.9,52.8,160.0,-48.0,84:F3:EB:12:34:56,,,,,0.0,Normal,0.0
1744303078162316,10.42.0.2,10.42.0.1,49983,1883,4,1,0,1,0,0,1,0,29,0,0,0,0,0.0,0,,0,0,,0,0,0,0,0,0,0,0,0.0,0,0,0,0,0,64.0,5760.0,0,0,0,83,eth:ethertype:ip:tcp,31.3,94.9,52.8,160.0,-48.0,84:F3:EB:12:34:56,,,,,0.0,Normal,0.0
1744303078165323,10.42.0.2,10.42.0.1,49983,1883,33,1,0,1,0,0,1,0,12,0,0,0,0,0.0,0,,0,1,,0,0,0,1,42,4,MQTT,4,0.0,0,0,0,0,0,64.0,5760.0,0,0,esp32_a0a3b3edac1c,66,eth:ethertype:ip:tcp:mqtt,31.3,94.9,52.8,160.0,-48.0,84:F3:EB:12:34:56,,,,,0.0,Normal,0.0
1744303078201732,10.42.0.2,10.42.0.1,49983,1883,45,5,0,1,0,0,1,0,3,0,0,0,0,0.0,0,,0,0,,0,0,0,0,0,0,0,0,0.0,0,0,0,0,0,64.0,5756.0,0,0,0,57,eth:ethertype:ip:tcp,31.3,94.9,52.8,160.0,-48.0,84:F3:EB:12:34:56,,,,,0.0,Normal,0.0
1744303078213026,10.42.0.2,10.42.0.1,49983,1883,48,5,0,1,1,0,1,0,185,0,0,0,0,0.0,0,,0,3,"Wakeup: 0, Mode: 0, Reset: 1, Temperature: 30.1, Uptime: 627337, Memory: 94.9, In_Temperature: 52.8°C, CPU: 160, RSSI: -48, MAC: 84:F3:EB:12:34:56, F_Storage: 99.2",test/temperatura,16,0,0,182,0,0,0,0.0,0,0,0,0,0,64.0,5756.0,0,0,0,239,eth:ethertype:ip:tcp:mqtt,30.1,94.9,52.8,160.0,-48.0,84:F3:EB:12:34:56,,,,,0.0,Normal,0.0
1744303078218482,10.42.0.2,10.42.0.1,49983,1883,234,6,0,1,0,0,0,0,0,0,0,0,0,0.0,0,,0,0,,0,0,0,0,0,0,0,0,0.0,0,0,0,0,0,64.0,5755.0,0,0,0,54,eth:ethertype:ip:tcp,30.1,94.9,52.8,160.0,-48.0,84:F3:EB:12:34:56,,,,,0.0,Normal,0.0
1744303108221947,10.42.0.2,10.42.0.1,49984,1883,0,0,1,0,0,0,0,0,0,0,0,0,0,0.0,0,,0,0,,0,0,0,0,0,0,0,0,0.0,0,0,0,0,0,64.0,5760.0,0,0,0,58,eth:ethertype:ip:tcp,30.1,94.9,52.8,160.0,-48.0,84:F3:EB:12:34:56,,,,,0.0,Normal,0.0
1744303108234603,10.42.0.2,10.42.0.1,49984,1883,1,1,0,1,0,0,0,0,0,0,0,0,0,0.0,0,,0,0,,0,0,0,0,0,0,0,0,0.0,0,0,0,0,0,64.0,5760.0,0,0,0,54,eth:ethertype:ip:tcp,30.1,94.9,52.8,160.0,-48.0,84:F3:EB:12:34:56,,,,,0.0,Normal,0.0
1744303108236896,10.42.0.2,10.42.0.1,49984,1883,1,1,0,1,0,0,1,0,3,0,0,0,0,0.0,0,,0,0,,0,0,0,0,0,0,0,0,0.0,0,0,0,0,0,64.0,5760.0,0,0,0,57,eth:ethertype:ip:tcp,30.1,94.9,52.8,160.0,-48.0,84:F3:EB:12:34:56,,,,,0.0,Normal,0.0
1744303108240534,10.42.0.2,10.42.0.1,49984,1883,4,1,0,1,0,0,1,0,29,0,0,0,0,0.0,0,,0,0,,0,0,0,0,0,0,0,0,0.0,0,0,0,0,0,64.0,5760.0,0,0,0,83,eth:ethertype:ip:tcp,30.1,94.9,52.8,160.0,-48.0,84:F3:EB:12:34:56,,,,,0.0,Normal,0.0
1744303108243689,10.42.0.2,10.42.0.1,49984,1883,33,1,0,1,0,0,1,0,12,0,0,0,0,0.0,0,,0,1,,0,0,0,1,42,4,MQTT,4,0.0,0,0,0,0,0,64.0,5760.0,0,0,esp32_a0a3b3edac1c,66,eth:ethertype:ip:tcp:mqtt,30.1,94.9,52.8,160.0,-48.0,84:F3:EB:12:34:56,,,,,0.0,Normal,0.0
1744303108282800,10.42.0.2,10.42.0.1,49984,1883,45,5,0,1,0,0,1,0,3,0,0,0,0,0.0,0,,0,0,,0,0,0,0,0,0,0,0,0.0,0,0,0,0,0,64.0,5756.0,0,0,0,57,eth:ethertype:ip:tcp,30.1,94.9,52.8,160.0,-48.0,84:F3:EB:12:34:56,,,,,0.0,Normal,0.0
1744303108292349,10.42.0.2,10.42.0.1,49984,1883,48,5,0,1,1,0,1,0,185,0,0,0,0,0.0,0,,0,3,"Wakeup: 0, Mode: 0, Reset: 1, Temperature: 28.5, Uptime: 627367, Memory: 94.9, In_Temperature: 52.8°C, CPU: 160, RSSI: -49, MAC: 84:F3:EB:12:34:56, F_Storage: 99.2",test/temperatura,16,0,0,182,0,0,0,0.0,0,0,0,0,0,64.0,5756.0,0,0,0,239,eth:ethertype:ip:tcp:mqtt,28.5,94.9,52.8,160.0,-49.0,84:F3:EB:12:34:56,,,,,0.0,Normal,0.0
1744303108301172,10.42.0.2,10.42.0.1,49984,1883,234,6,0,1,0,0,0,0,0,0,0,0,0,0.0,0,,0,0,,0,0,0,0,0,0,0,0,0.0,0,0,0,0,0,64.0,5755.0,0,0,0,54,eth:ethertype:ip:tcp,28.5,94.9,52.8,160.0,-49.0,84:F3:EB:12:34:56,,,,,0.0,Normal,0.0
1744303124883393,10.42.0.2,10.42.0.1,0,0,0,0,0,0,0,0,0,0,0,0,0,0,0,0.0,0,,0,0,,0,0,0,0,0,0,0,0,0.0,0,0,0,0,0,64.0,0.0,0,0,0,350,eth:ethertype:ip:udp:dhcp,28.5,94.9,52.8,160.0,-49.0,84:F3:EB:12:34:56,,,,,0.0,Normal,0.0
1744303138308851,10.42.0.2,10.42.0.1,49985,1883,0,0,1,0,0,0,0,0,0,0,0,0,0,0.0,0,,0,0,,0,0,0,0,0,0,0,0,0.0,0,0,0,0,0,64.0,5760.0,0,0,0,58,eth:ethertype:ip:tcp,28.5,94.9,52.8,160.0,-49.0,84:F3:EB:12:34:56,,,,,0.0,Normal,0.0
1744303138312499,10.42.0.2,10.42.0.1,49985,1883,1,1,0,1,0,0,0,0,0,0,0,0,0,0.0,0,,0,0,,0,0,0,0,0,0,0,0,0.0,0,0,0,0,0,64.0,5760.0,0,0,0,54,eth:ethertype:ip:tcp,28.5,94.9,52.8,160.0,-49.0,84:F3:EB:12:34:56,,,,,0.0,Normal,0.0
1744303138314908,10.42.0.2,10.42.0.1,49985,1883,1,1,0,1,0,0,1,0,3,0,0,0,0,0.0,0,,0,0,,0,0,0,0,0,0,0,0,0.0,0,0,0,0,0,64.0,5760.0,0,0,0,57,eth:ethertype:ip:tcp,28.5,94.9,52.8,160.0,-49.0,84:F3:EB:12:34:56,,,,,0.0,Normal,0.0
1744303138318300,10.42.0.2,10.42.0.1,49985,1883,4,1,0,1,0,0,1,0,29,0,0,0,0,0.0,0,,0,0,,0,0,0,0,0,0,0,0,0.0,0,0,0,0,0,64.0,5760.0,0,0,0,83,eth:ethertype:ip:tcp,28.5,94.9,52.8,160.0,-49.0,84:F3:EB:12:34:56,,,,,0.0,Normal,0.0
1744303138321373,10.42.0.2,10.42.0.1,49985,1883,33,1,0,1,0,0,1,0,12,0,0,0,0,0.0,0,,0,1,,0,0,0,1,42,4,MQTT,4,0.0,0,0,0,0,0,64.0,5760.0,0,0,esp32_a0a3b3edac1c,66,eth:ethertype:ip:tcp:mqtt,28.5,94.9,52.8,160.0,-49.0,84:F3:EB:12:34:56,,,,,0.0,Normal,0.0
1744303138357384,10.42.0.2,10.42.0.1,49985,1883,45,5,0,1,0,0,1,0,3,0,0,0,0,0.0,0,,0,0,,0,0,0,0,0,0,0,0,0.0,0,0,0,0,0,64.0,5756.0,0,0,0,57,eth:ethertype:ip:tcp,28.5,94.9,52.8,160.0,-49.0,84:F3:EB:12:34:56,,,,,0.0,Normal,0.0
1744303138371659,10.42.0.2,10.42.0.1,49985,1883,48,5,0,1,1,0,1,0,185,0,0,0,0,0.0,0,,0,3,"Wakeup: 0, Mode: 0, Reset: 1, Temperature: 36.1, Uptime: 627397, Memory: 94.9, In_Temperature: 52.8°C, CPU: 160, RSSI: -48, MAC: 84:F3:EB:12:34:56, F_Storage: 99.2",test/temperatura,16,0,0,182,0,0,0,0.0,0,0,0,0,0,64.0,5756.0,0,0,0,239,eth:ethertype:ip:tcp:mqtt,36.1,94.9,52.8,160.0,-48.0,84:F3:EB:12:34:56,,,,,0.0,Normal,0.0
1744303138375165,10.42.0.2,10.42.0.1,49985,1883,234,6,0,1,0,0,0,0,0,0,0,0,0,0.0,0,,0,0,,0,0,0,0,0,0,0,0,0.0,0,0,0,0,0,64.0,5755.0,0,0,0,54,eth:ethertype:ip:tcp,36.1,94.9,52.8,160.0,-48.0,84:F3:EB:12:34:56,,,,,0.0,Normal,0.0
1744303168380871,10.42.0.2,10.42.0.1,49986,1883,0,0,1,0,0,0,0,0,0,0,0,0,0,0.0,0,,0,0,,0,0,0,0,0,0,0,0,0.0,0,0,0,0,0,64.0,5760.0,0,0,0,58,eth:ethertype:ip:tcp,36.1,94.9,52.8,160.0,-48.0,84:F3:EB:12:34:56,,,,,0.0,Normal,0.0
1744303168384802,10.42.0.2,10.42.0.1,49986,1883,1,1,0,1,0,0,0,0,0,0,0,0,0,0.0,0,,0,0,,0,0,0,0,0,0,0,0,0.0,0,0,0,0,0,64.0,5760.0,0,0,0,54,eth:ethertype:ip:tcp,36.1,94.9,52.8,160.0,-48.0,84:F3:EB:12:34:56,,,,,0.0,Normal,0.0
1744303168387009,10.42.0.2,10.42.0.1,49986,1883,1,1,0,1,0,0,1,0,3,0,0,0,0,0.0,0,,0,0,,0,0,0,0,0,0,0,0,0.0,0,0,0,0,0,64.0,5760.0,0,0,0,57,eth:ethertype:ip:tcp,36.1,94.9,52.8,160.0,-48.0,84:F3:EB:12:34:56,,,,,0.0,Normal,0.0
1744303168390928,10.42.0.2,10.42.0.1,49986,1883,4,1,0,1,0,0,1,0,29,0,0,0,0,0.0,0,,0,0,,0,0,0,0,0,0,0,0,0.0,0,0,0,0,0,64.0,5760.0,0,0,0,83,eth:ethertype:ip:tcp,36.1,94.9,52.8,160.0,-48.0,84:F3:EB:12:34:56,,,,,0.0,Normal,0.0
1744303168394142,10.42.0.2,10.42.0.1,49986,1883,33,1,0,1,0,0,1,0,12,0,0,0,0,0.0,0,,0,1,,0,0,0,1,42,4,MQTT,4,0.0,0,0,0,0,0,64.0,5760.0,0,0,esp32_a0a3b3edac1c,66,eth:ethertype:ip:tcp:mqtt,36.1,94.9,52.8,160.0,-48.0,84:F3:EB:12:34:56,,,,,0.0,Normal,0.0
1744303168429737,10.42.0.2,10.42.0.1,49986,1883,45,5,0,1,0,0,1,0,3,0,0,0,0,0.0,0,,0,0,,0,0,0,0,0,0,0,0,0.0,0,0,0,0,0,64.0,5756.0,0,0,0,57,eth:ethertype:ip:tcp,36.1,94.9,52.8,160.0,-48.0,84:F3:EB:12:34:56,,,,,0.0,Normal,0.0
1744303168441784,10.42.0.2,10.42.0.1,49986,1883,48,5,0,1,1,0,1,0,185,0,0,0,0,0.0,0,,0,3,"Wakeup: 0, Mode: 0, Reset: 1, Temperature: 34.8, Uptime: 627427, Memory: 94.9, In_Temperature: 52.8°C, CPU: 160, RSSI: -47, MAC: 84:F3:EB:12:34:56, F_Storage: 99.2",test/temperatura,16,0,0,182,0,0,0,0.0,0,0,0,0,0,64.0,5756.0,0,0,0,239,eth:ethertype:ip:tcp:mqtt,34.8,94.9,52.8,160.0,-47.0,84:F3:EB:12:34:56,,,,,0.0,Normal,0.0
1744303168445281,10.42.0.2,10.42.0.1,49986,1883,234,6,0,1,0,0,0,0,0,0,0,0,0,0.0,0,,0,0,,0,0,0,0,0,0,0,0,0.0,0,0,0,0,0,64.0,5755.0,0,0,0,54,eth:ethertype:ip:tcp,34.8,94.9,52.8,160.0,-47.0,84:F3:EB:12:34:56,,,,,0.0,Normal,0.0
1744303198450230,10.42.0.2,10.42.0.1,49987,1883,0,0,1,0,0,0,0,0,0,0,0,0,0,0.0,0,,0,0,,0,0,0,0,0,0,0,0,0.0,0,0,0,0,0,64.0,5760.0,0,0,0,58,eth:ethertype:ip:tcp,34.8,94.9,52.8,160.0,-47.0,84:F3:EB:12:34:56,,,,,0.0,Normal,0.0
1744303198454236,10.42.0.2,10.42.0.1,49987,1883,1,1,0,1,0,0,0,0,0,0,0,0,0,0.0,0,,0,0,,0,0,0,0,0,0,0,0,0.0,0,0,0,0,0,64.0,5760.0,0,0,0,54,eth:ethertype:ip:tcp,34.8,94.9,52.8,160.0,-47.0,84:F3:EB:12:34:56,,,,,0.0,Normal,0.0
1744303198456287,10.42.0.2,10.42.0.1,49987,1883,1,1,0,1,0,0,1,0,3,0,0,0,0,0.0,0,,0,0,,0,0,0,0,0,0,0,0,0.0,0,0,0,0,0,64.0,5760.0,0,0,0,57,eth:ethertype:ip:tcp,34.8,94.9,52.8,160.0,-47.0,84:F3:EB:12:34:56,,,,,0.0,Normal,0.0
1744303198459685,10.42.0.2,10.42.0.1,49987,1883,4,1,0,1,0,0,1,0,29,0,0,0,0,0.0,0,,0,0,,0,0,0,0,0,0,0,0,0.0,0,0,0,0,0,64.0,5760.0,0,0,0,83,eth:ethertype:ip:tcp,34.8,94.9,52.8,160.0,-47.0,84:F3:EB:12:34:56,,,,,0.0,Normal,0.0
1744303198463083,10.42.0.2,10.42.0.1,49987,1883,33,1,0,1,0,0,1,0,12,0,0,0,0,0.0,0,,0,1,,0,0,0,1,42,4,MQTT,4,0.0,0,0,0,0,0,64.0,5760.0,0,0,esp32_a0a3b3edac1c,66,eth:ethertype:ip:tcp:mqtt,34.8,94.9,52.8,160.0,-47.0,84:F3:EB:12:34:56,,,,,0.0,Normal,0.0
1744303198498281,10.42.0.2,10.42.0.1,49987,1883,45,5,0,1,0,0,1,0,3,0,0,0,0,0.0,0,,0,0,,0,0,0,0,0,0,0,0,0.0,0,0,0,0,0,64.0,5756.0,0,0,0,57,eth:ethertype:ip:tcp,34.8,94.9,52.8,160.0,-47.0,84:F3:EB:12:34:56,,,,,0.0,Normal,0.0
1744303198510662,10.42.0.2,10.42.0.1,49987,1883,48,5,0,1,1,0,1,0,185,0,0,0,0,0.0,0,,0,3,"Wakeup: 0, Mode: 0, Reset: 1, Temperature: 26.9, Uptime: 627457, Memory: 94.9, In_Temperature: 52.2°C, CPU: 160, RSSI: -48, MAC: 84:F3:EB:12:34:56, F_Storage: 99.2",test/temperatura,16,0,0,182,0,0,0,0.0,0,0,0,0,0,64.0,5756.0,0,0,0,239,eth:ethertype:ip:tcp:mqtt,26.9,94.9,52.2,160.0,-48.0,84:F3:EB:12:34:56,,,,,0.0,Normal,0.0
1744303198514227,10.42.0.2,10.42.0.1,49987,1883,234,6,0,1,0,0,0,0,0,0,0,0,0,0.0,0,,0,0,,0,0,0,0,0,0,0,0,0.0,0,0,0,0,0,64.0,5755.0,0,0,0,54,eth:ethertype:ip:tcp,26.9,94.9,52.2,160.0,-48.0,84:F3:EB:12:34:56,,,,,0.0,Normal,0.0
1744303228519351,10.42.0.2,10.42.0.1,49988,1883,0,0,1,0,0,0,0,0,0,0,0,0,0,0.0,0,,0,0,,0,0,0,0,0,0,0,0,0.0,0,0,0,0,0,64.0,5760.0,0,0,0,58,eth:ethertype:ip:tcp,26.9,94.9,52.2,160.0,-48.0,84:F3:EB:12:34:56,,,,,0.0,Normal,0.0
1744303228523311,10.42.0.2,10.42.0.1,49988,1883,1,1,0,1,0,0,0,0,0,0,0,0,0,0.0,0,,0,0,,0,0,0,0,0,0,0,0,0.0,0,0,0,0,0,64.0,5760.0,0,0,0,54,eth:ethertype:ip:tcp,26.9,94.9,52.2,160.0,-48.0,84:F3:EB:12:34:56,,,,,0.0,Normal,0.0
1744303228525500,10.42.0.2,10.42.0.1,49988,1883,1,1,0,1,0,0,1,0,3,0,0,0,0,0.0,0,,0,0,,0,0,0,0,0,0,0,0,0.0,0,0,0,0,0,64.0,5760.0,0,0,0,57,eth:ethertype:ip:tcp,26.9,94.9,52.2,160.0,-48.0,84:F3:EB:12:34:56,,,,,0.0,Normal,0.0
1744303228528913,10.42.0.2,10.42.0.1,49988,1883,4,1,0,1,0,0,1,0,29,0,0,0,0,0.0,0,,0,0,,0,0,0,0,0,0,0,0,0.0,0,0,0,0,0,64.0,5760.0,0,0,0,83,eth:ethertype:ip:tcp,26.9,94.9,52.2,160.0,-48.0,84:F3:EB:12:34:56,,,,,0.0,Normal,0.0
1744303228532717,10.42.0.2,10.42.0.1,49988,1883,33,1,0,1,0,0,1,0,12,0,0,0,0,0.0,0,,0,1,,0,0,0,1,42,4,MQTT,4,0.0,0,0,0,0,0,64.0,5760.0,0,0,esp32_a0a3b3edac1c,66,eth:ethertype:ip:tcp:mqtt,26.9,94.9,52.2,160.0,-48.0,84:F3:EB:12:34:56,,,,,0.0,Normal,0.0
1744303228570596,10.42.0.2,10.42.0.1,49988,1883,45,5,0,1,0,0,1,0,3,0,0,0,0,0.0,0,,0,0,,0,0,0,0,0,0,0,0,0.0,0,0,0,0,0,64.0,5756.0,0,0,0,57,eth:ethertype:ip:tcp,26.9,94.9,52.2,160.0,-48.0,84:F3:EB:12:34:56,,,,,0.0,Normal,0.0
1744303228579805,10.42.0.2,10.42.0.1,49988,1883,48,5,0,1,1,0,1,0,185,0,0,0,0,0.0,0,,0,3,"Wakeup: 0, Mode: 0, Reset: 1, Temperature: 29.3, Uptime: 627487, Memory: 94.9, In_Temperature: 52.8°C, CPU: 160, RSSI: -48, MAC: 84:F3:EB:12:34:56, F_Storage: 99.2",test/temperatura,16,0,0,182,0,0,0,0.0,0,0,0,0,0,64.0,5756.0,0,0,0,239,eth:ethertype:ip:tcp:mqtt,29.3,94.9,52.8,160.0,-48.0,84:F3:EB:12:34:56,,,,,0.0,Normal,0.0
1744303228583901,10.42.0.2,10.42.0.1,49988,1883,234,6,0,1,0,0,0,0,0,0,0,0,0,0.0,0,,0,0,,0,0,0,0,0,0,0,0,0.0,0,0,0,0,0,64.0,5755.0,0,0,0,54,eth:ethertype:ip:tcp,29.3,94.9,52.8,160.0,-48.0,84:F3:EB:12:34:56,,,,,0.0,Normal,0.0
1744303258588585,10.42.0.2,10.42.0.1,49989,1883,0,0,1,0,0,0,0,0,0,0,0,0,0,0.0,0,,0,0,,0,0,0,0,0,0,0,0,0.0,0,0,0,0,0,64.0,5760.0,0,0,0,58,eth:ethertype:ip:tcp,29.3,94.9,52.8,160.0,-48.0,84:F3:EB:12:34:56,,,,,0.0,Normal,0.0
1744303258592537,10.42.0.2,10.42.0.1,49989,1883,1,1,0,1,0,0,0,0,0,0,0,0,0,0.0,0,,0,0,,0,0,0,0,0,0,0,0,0.0,0,0,0,0,0,64.0,5760.0,0,0,0,54,eth:ethertype:ip:tcp,29.3,94.9,52.8,160.0,-48.0,84:F3:EB:12:34:56,,,,,0.0,Normal,0.0
1744303258594671,10.42.0.2,10.42.0.1,49989,1883,1,1,0,1,0,0,1,0,3,0,0,0,0,0.0,0,,0,0,,0,0,0,0,0,0,0,0,0.0,0,0,0,0,0,64.0,5760.0,0,0,0,57,eth:ethertype:ip:tcp,29.3,94.9,52.8,160.0,-48.0,84:F3:EB:12:34:56,,,,,0.0,Normal,0.0
1744303258598111,10.42.0.2,10.42.0.1,49989,1883,4,1,0,1,0,0,1,0,29,0,0,0,0,0.0,0,,0,0,,0,0,0,0,0,0,0,0,0.0,0,0,0,0,0,64.0,5760.0,0,0,0,83,eth:ethertype:ip:tcp,29.3,94.9,52.8,160.0,-48.0,84:F3:EB:12:34:56,,,,,0.0,Normal,0.0
1744303258601254,10.42.0.2,10.42.0.1,49989,1883,33,1,0,1,0,0,1,0,12,0,0,0,0,0.0,0,,0,1,,0,0,0,1,42,4,MQTT,4,0.0,0,0,0,0,0,64.0,5760.0,0,0,esp32_a0a3b3edac1c,66,eth:ethertype:ip:tcp:mqtt,29.3,94.9,52.8,160.0,-48.0,84:F3:EB:12:34:56,,,,,0.0,Normal,0.0
1744303258629639,10.42.0.2,10.42.0.1,49989,1883,45,5,0,1,0,0,0,0,0,0,0,0,0,0.0,0,,0,0,,0,0,0,0,0,0,0,0,0.0,0,0,0,0,0,64.0,5756.0,0,0,0,54,eth:ethertype:ip:tcp,29.3,94.9,52.8,160.0,-48.0,84:F3:EB:12:34:56,,,,,0.0,Normal,0.0
1744303258637888,10.42.0.2,10.42.0.1,49989,1883,45,5,0,1,0,0,1,0,3,0,0,0,0,0.0,0,,0,0,,0,0,0,0,0,0,0,0,0.0,0,0,0,0,0,64.0,5756.0,0,0,0,57,eth:ethertype:ip:tcp,29.3,94.9,52.8,160.0,-48.0,84:F3:EB:12:34:56,,,,,0.0,Normal,0.0
1744303258648996,10.42.0.2,10.42.0.1,49989,1883,48,5,0,1,1,0,1,0,185,0,0,0,0,0.0,0,,0,3,"Wakeup: 0, Mode: 0, Reset: 1, Temperature: 35.0, Uptime: 627517, Memory: 94.9, In_Temperature: 52.8°C, CPU: 160, RSSI: -49, MAC: 84:F3:EB:12:34:56, F_Storage: 99.2",test/temperatura,16,0,0,182,0,0,0,0.0,0,0,0,0,0,64.0,5756.0,0,0,0,239,eth:ethertype:ip:tcp:mqtt,35.0,94.9,52.8,160.0,-49.0,84:F3:EB:12:34:56,,,,,0.0,Normal,0.0
1744303258655948,10.42.0.2,10.42.0.1,49989,1883,234,6,0,1,0,0,0,0,0,0,0,0,0,0.0,0,,0,0,,0,0,0,0,0,0,0,0,0.0,0,0,0,0,0,64.0,5755.0,0,0,0,54,eth:ethertype:ip:tcp,35.0,94.9,52.8,160.0,-49.0,84:F3:EB:12:34:56,,,,,0.0,Normal,0.0
1744303288659074,10.42.0.2,10.42.0.1,49990,1883,0,0,1,0,0,0,0,0,0,0,0,0,0,0.0,0,,0,0,,0,0,0,0,0,0,0,0,0.0,0,0,0,0,0,64.0,5760.0,0,0,0,58,eth:ethertype:ip:tcp,35.0,94.9,52.8,160.0,-49.0,84:F3:EB:12:34:56,,,,,0.0,Normal,0.0
1744303288663161,10.42.0.2,10.42.0.1,49990,1883,1,1,0,1,0,0,0,0,0,0,0,0,0,0.0,0,,0,0,,0,0,0,0,0,0,0,0,0.0,0,0,0,0,0,64.0,5760.0,0,0,0,54,eth:ethertype:ip:tcp,35.0,94.9,52.8,160.0,-49.0,84:F3:EB:12:34:56,,,,,0.0,Normal,0.0
1744303288665256,10.42.0.2,10.42.0.1,49990,1883,1,1,0,1,0,0,1,0,3,0,0,0,0,0.0,0,,0,0,,0,0,0,0,0,0,0,0,0.0,0,0,0,0,0,64.0,5760.0,0,0,0,57,eth:ethertype:ip:tcp,35.0,94.9,52.8,160.0,-49.0,84:F3:EB:12:34:56,,,,,0.0,Normal,0.0
1744303288668593,10.42.0.2,10.42.0.1,49990,1883,4,1,0,1,0,0,1,0,29,0,0,0,0,0.0,0,,0,0,,0,0,0,0,0,0,0,0,0.0,0,0,0,0,0,64.0,5760.0,0,0,0,83,eth:ethertype:ip:tcp,35.0,94.9,52.8,160.0,-49.0,84:F3:EB:12:34:56,,,,,0.0,Normal,0.0
1744303288671505,10.42.0.2,10.42.0.1,49990,1883,33,1,0,1,0,0,1,0,12,0,0,0,0,0.0,0,,0,1,,0,0,0,1,42,4,MQTT,4,0.0,0,0,0,0,0,64.0,5760.0,0,0,esp32_a0a3b3edac1c,66,eth:ethertype:ip:tcp:mqtt,35.0,94.9,52.8,160.0,-49.0,84:F3:EB:12:34:56,,,,,0.0,Normal,0.0
1744303288706993,10.42.0.2,10.42.0.1,49990,1883,45,5,0,1,0,0,1,0,3,0,0,0,0,0.0,0,,0,0,,0,0,0,0,0,0,0,0,0.0,0,0,0,0,0,64.0,5756.0,0,0,0,57,eth:ethertype:ip:tcp,35.0,94.9,52.8,160.0,-49.0,84:F3:EB:12:34:56,,,,,0.0,Normal,0.0
1744303288718233,10.42.0.2,10.42.0.1,49990,1883,48,5,0,1,1,0,1,0,185,0,0,0,0,0.0,0,,0,3,"Wakeup: 0, Mode: 0, Reset: 1, Temperature: 28.7, Uptime: 627548, Memory: 94.9, In_Temperature: 52.8°C, CPU: 160, RSSI: -49, MAC: 84:F3:EB:12:34:56, F_Storage: 99.2",test/temperatura,16,0,0,182,0,0,0,0.0,0,0,0,0,0,64.0,5756.0,0,0,0,239,eth:ethertype:ip:tcp:mqtt,28.7,94.9,52.8,160.0,-49.0,84:F3:EB:12:34:56,,,,,0.0,Normal,0.0
1744303288721534,10.42.0.2,10.42.0.1,49990,1883,234,6,0,1,0,0,0,0,0,0,0,0,0,0.0,0,,0,0,,0,0,0,0,0,0,0,0,0.0,0,0,0,0,0,64.0,5755.0,0,0,0,54,eth:ethertype:ip:tcp,28.7,94.9,52.8,160.0,-49.0,84:F3:EB:12:34:56,,,,,0.0,Normal,0.0
1744303318726439,10.42.0.2,10.42.0.1,49991,1883,0,0,1,0,0,0,0,0,0,0,0,0,0,0.0,0,,0,0,,0,0,0,0,0,0,0,0,0.0,0,0,0,0,0,64.0,5760.0,0,0,0,58,eth:ethertype:ip:tcp,28.7,94.9,52.8,160.0,-49.0,84:F3:EB:12:34:56,,,,,0.0,Normal,0.0
1744303318730252,10.42.0.2,10.42.0.1,49991,1883,1,1,0,1,0,0,0,0,0,0,0,0,0,0.0,0,,0,0,,0,0,0,0,0,0,0,0,0.0,0,0,0,0,0,64.0,5760.0,0,0,0,54,eth:ethertype:ip:tcp,28.7,94.9,52.8,160.0,-49.0,84:F3:EB:12:34:56,,,,,0.0,Normal,0.0
1744303318732655,10.42.0.2,10.42.0.1,49991,1883,1,1,0,1,0,0,1,0,3,0,0,0,0,0.0,0,,0,0,,0,0,0,0,0,0,0,0,0.0,0,0,0,0,0,64.0,5760.0,0,0,0,57,eth:ethertype:ip:tcp,28.7,94.9,52.8,160.0,-49.0,84:F3:EB:12:34:56,,,,,0.0,Normal,0.0
1744303318736112,10.42.0.2,10.42.0.1,49991,1883,4,1,0,1,0,0,1,0,29,0,0,0,0,0.0,0,,0,0,,0,0,0,0,0,0,0,0,0.0,0,0,0,0,0,64.0,5760.0,0,0,0,83,eth:ethertype:ip:tcp,28.7,94.9,52.8,160.0,-49.0,84:F3:EB:12:34:56,,,,,0.0,Normal,0.0
1744303318745222,10.42.0.2,10.42.0.1,49991,1883,33,1,0,1,0,0,1,0,12,0,0,0,0,0.0,0,,0,1,,0,0,0,1,42,4,MQTT,4,0.0,0,0,0,0,0,64.0,5760.0,0,0,esp32_a0a3b3edac1c,66,eth:ethertype:ip:tcp:mqtt,28.7,94.9,52.8,160.0,-49.0,84:F3:EB:12:34:56,,,,,0.0,Normal,0.0
1744303318780884,10.42.0.2,10.42.0.1,49991,1883,45,5,0,1,0,0,1,0,3,0,0,0,0,0.0,0,,0,0,,0,0,0,0,0,0,0,0,0.0,0,0,0,0,0,64.0,5756.0,0,0,0,57,eth:ethertype:ip:tcp,28.7,94.9,52.8,160.0,-49.0,84:F3:EB:12:34:56,,,,,0.0,Normal,0.0
1744303318797599,10.42.0.2,10.42.0.1,49991,1883,48,5,0,1,1,0,1,0,185,0,0,0,0,0.0,0,,0,3,"Wakeup: 0, Mode: 0, Reset: 1, Temperature: 31.7, Uptime: 627578, Memory: 94.9, In_Temperature: 52.8°C, CPU: 160, RSSI: -48, MAC: 84:F3:EB:12:34:56, F_Storage: 99.2",test/temperatura,16,0,0,182,0,0,0,0.0,0,0,0,0,0,64.0,5756.0,0,0,0,239,eth:ethertype:ip:tcp:mqtt,31.7,94.9,52.8,160.0,-48.0,84:F3:EB:12:34:56,,,,,0.0,Normal,0.0
1744303318801096,10.42.0.2,10.42.0.1,49991,1883,234,6,0,1,0,0,0,0,0,0,0,0,0,0.0,0,,0,0,,0,0,0,0,0,0,0,0,0.0,0,0,0,0,0,64.0,5755.0,0,0,0,54,eth:ethertype:ip:tcp,31.7,94.9,52.8,160.0,-48.0,84:F3:EB:12:34:56,,,,,0.0,Normal,0.0
1744303348806606,10.42.0.2,10.42.0.1,49992,1883,0,0,1,0,0,0,0,0,0,0,0,0,0,0.0,0,,0,0,,0,0,0,0,0,0,0,0,0.0,0,0,0,0,0,64.0,5760.0,0,0,0,58,eth:ethertype:ip:tcp,31.7,94.9,52.8,160.0,-48.0,84:F3:EB:12:34:56,,,,,0.0,Normal,0.0
1744303348810807,10.42.0.2,10.42.0.1,49992,1883,1,1,0,1,0,0,0,0,0,0,0,0,0,0.0,0,,0,0,,0,0,0,0,0,0,0,0,0.0,0,0,0,0,0,64.0,5760.0,0,0,0,54,eth:ethertype:ip:tcp,31.7,94.9,52.8,160.0,-48.0,84:F3:EB:12:34:56,,,,,0.0,Normal,0.0
1744303348812812,10.42.0.2,10.42.0.1,49992,1883,1,1,0,1,0,0,1,0,3,0,0,0,0,0.0,0,,0,0,,0,0,0,0,0,0,0,0,0.0,0,0,0,0,0,64.0,5760.0,0,0,0,57,eth:ethertype:ip:tcp,31.7,94.9,52.8,160.0,-48.0,84:F3:EB:12:34:56,,,,,0.0,Normal,0.0
1744303348816250,10.42.0.2,10.42.0.1,49992,1883,4,1,0,1,0,0,1,0,29,0,0,0,0,0.0,0,,0,0,,0,0,0,0,0,0,0,0,0.0,0,0,0,0,0,64.0,5760.0,0,0,0,83,eth:ethertype:ip:tcp,31.7,94.9,52.8,160.0,-48.0,84:F3:EB:12:34:56,,,,,0.0,Normal,0.0
1744303348819475,10.42.0.2,10.42.0.1,49992,1883,33,1,0,1,0,0,1,0,12,0,0,0,0,0.0,0,,0,1,,0,0,0,1,42,4,MQTT,4,0.0,0,0,0,0,0,64.0,5760.0,0,0,esp32_a0a3b3edac1c,66,eth:ethertype:ip:tcp:mqtt,31.7,94.9,52.8,160.0,-48.0,84:F3:EB:12:34:56,,,,,0.0,Normal,0.0
1744303348856095,10.42.0.2,10.42.0.1,49992,1883,45,5,0,1,0,0,1,0,3,0,0,0,0,0.0,0,,0,0,,0,0,0,0,0,0,0,0,0.0,0,0,0,0,0,64.0,5756.0,0,0,0,57,eth:ethertype:ip:tcp,31.7,94.9,52.8,160.0,-48.0,84:F3:EB:12:34:56,,,,,0.0,Normal,0.0
1744303348869167,10.42.0.2,10.42.0.1,49992,1883,48,5,0,1,1,0,1,0,185,0,0,0,0,0.0,0,,0,3,"Wakeup: 0, Mode: 0, Reset: 1, Temperature: 25.4, Uptime: 627608, Memory: 94.9, In_Temperature: 52.8°C, CPU: 160, RSSI: -48, MAC: 84:F3:EB:12:34:56, F_Storage: 99.2",test/temperatura,16,0,0,182,0,0,0,0.0,0,0,0,0,0,64.0,5756.0,0,0,0,239,eth:ethertype:ip:tcp:mqtt,25.4,94.9,52.8,160.0,-48.0,84:F3:EB:12:34:56,,,,,0.0,Normal,0.0
1744303348872936,10.42.0.2,10.42.0.1,49992,1883,234,6,0,1,0,0,0,0,0,0,0,0,0,0.0,0,,0,0,,0,0,0,0,0,0,0,0,0.0,0,0,0,0,0,64.0,5755.0,0,0,0,54,eth:ethertype:ip:tcp,25.4,94.9,52.8,160.0,-48.0,84:F3:EB:12:34:56,,,,,0.0,Normal,0.0
1744303378876077,10.42.0.2,10.42.0.1,49993,1883,0,0,1,0,0,0,0,0,0,0,0,0,0,0.0,0,,0,0,,0,0,0,0,0,0,0,0,0.0,0,0,0,0,0,64.0,5760.0,0,0,0,58,eth:ethertype:ip:tcp,25.4,94.9,52.8,160.0,-48.0,84:F3:EB:12:34:56,,,,,0.0,Normal,0.0
1744303378880154,10.42.0.2,10.42.0.1,49993,1883,1,1,0,1,0,0,0,0,0,0,0,0,0,0.0,0,,0,0,,0,0,0,0,0,0,0,0,0.0,0,0,0,0,0,64.0,5760.0,0,0,0,54,eth:ethertype:ip:tcp,25.4,94.9,52.8,160.0,-48.0,84:F3:EB:12:34:56,,,,,0.0,Normal,0.0
1744303378882252,10.42.0.2,10.42.0.1,49993,1883,1,1,0,1,0,0,1,0,3,0,0,0,0,0.0,0,,0,0,,0,0,0,0,0,0,0,0,0.0,0,0,0,0,0,64.0,5760.0,0,0,0,57,eth:ethertype:ip:tcp,25.4,94.9,52.8,160.0,-48.0,84:F3:EB:12:34:56,,,,,0.0,Normal,0.0
1744303378885679,10.42.0.2,10.42.0.1,49993,1883,4,1,0,1,0,0,1,0,29,0,0,0,0,0.0,0,,0,0,,0,0,0,0,0,0,0,0,0.0,0,0,0,0,0,64.0,5760.0,0,0,0,83,eth:ethertype:ip:tcp,25.4,94.9,52.8,160.0,-48.0,84:F3:EB:12:34:56,,,,,0.0,Normal,0.0
1744303378888932,10.42.0.2,10.42.0.1,49993,1883,33,1,0,1,0,0,1,0,12,0,0,0,0,0.0,0,,0,1,,0,0,0,1,42,4,MQTT,4,0.0,0,0,0,0,0,64.0,5760.0,0,0,esp32_a0a3b3edac1c,66,eth:ethertype:ip:tcp:mqtt,25.4,94.9,52.8,160.0,-48.0,84:F3:EB:12:34:56,,,,,0.0,Normal,0.0
1744303378924252,10.42.0.2,10.42.0.1,49993,1883,45,5,0,1,0,0,1,0,3,0,0,0,0,0.0,0,,0,0,,0,0,0,0,0,0,0,0,0.0,0,0,0,0,0,64.0,5756.0,0,0,0,57,eth:ethertype:ip:tcp,25.4,94.9,52.8,160.0,-48.0,84:F3:EB:12:34:56,,,,,0.0,Normal,0.0
1744303378936713,10.42.0.2,10.42.0.1,49993,1883,48,5,0,1,1,0,1,0,185,0,0,0,0,0.0,0,,0,3,"Wakeup: 0, Mode: 0, Reset: 1, Temperature: 29.7, Uptime: 627638, Memory: 94.9, In_Temperature: 52.8°C, CPU: 160, RSSI: -48, MAC: 84:F3:EB:12:34:56, F_Storage: 99.2",test/temperatura,16,0,0,182,0,0,0,0.0,0,0,0,0,0,64.0,5756.0,0,0,0,239,eth:ethertype:ip:tcp:mqtt,29.7,94.9,52.8,160.0,-48.0,84:F3:EB:12:34:56,,,,,0.0,Normal,0.0
1744303378940170,10.42.0.2,10.42.0.1,49993,1883,234,6,0,1,0,0,0,0,0,0,0,0,0,0.0,0,,0,0,,0,0,0,0,0,0,0,0,0.0,0,0,0,0,0,64.0,5755.0,0,0,0,54,eth:ethertype:ip:tcp,29.7,94.9,52.8,160.0,-48.0,84:F3:EB:12:34:56,,,,,0.0,Normal,0.0
1744303408945478,10.42.0.2,10.42.0.1,49994,1883,0,0,1,0,0,0,0,0,0,0,0,0,0,0.0,0,,0,0,,0,0,0,0,0,0,0,0,0.0,0,0,0,0,0,64.0,5760.0,0,0,0,58,eth:ethertype:ip:tcp,29.7,94.9,52.8,160.0,-48.0,84:F3:EB:12:34:56,,,,,0.0,Normal,0.0
1744303408949564,10.42.0.2,10.42.0.1,49994,1883,1,1,0,1,0,0,0,0,0,0,0,0,0,0.0,0,,0,0,,0,0,0,0,0,0,0,0,0.0,0,0,0,0,0,64.0,5760.0,0,0,0,54,eth:ethertype:ip:tcp,29.7,94.9,52.8,160.0,-48.0,84:F3:EB:12:34:56,,,,,0.0,Normal,0.0
1744303408951704,10.42.0.2,10.42.0.1,49994,1883,1,1,0,1,0,0,1,0,3,0,0,0,0,0.0,0,,0,0,,0,0,0,0,0,0,0,0,0.0,0,0,0,0,0,64.0,5760.0,0,0,0,57,eth:ethertype:ip:tcp,29.7,94.9,52.8,160.0,-48.0,84:F3:EB:12:34:56,,,,,0.0,Normal,0.0
1744303408955140,10.42.0.2,10.42.0.1,49994,1883,4,1,0,1,0,0,1,0,29,0,0,0,0,0.0,0,,0,0,,0,0,0,0,0,0,0,0,0.0,0,0,0,0,0,64.0,5760.0,0,0,0,83,eth:ethertype:ip:tcp,29.7,94.9,52.8,160.0,-48.0,84:F3:EB:12:34:56,,,,,0.0,Normal,0.0
1744303408958266,10.42.0.2,10.42.0.1,49994,1883,33,1,0,1,0,0,1,0,12,0,0,0,0,0.0,0,,0,1,,0,0,0,1,42,4,MQTT,4,0.0,0,0,0,0,0,64.0,5760.0,0,0,esp32_a0a3b3edac1c,66,eth:ethertype:ip:tcp:mqtt,29.7,94.9,52.8,160.0,-48.0,84:F3:EB:12:34:56,,,,,0.0,Normal,0.0
1744303408993992,10.42.0.2,10.42.0.1,49994,1883,45,5,0,1,0,0,1,0,3,0,0,0,0,0.0,0,,0,0,,0,0,0,0,0,0,0,0,0.0,0,0,0,0,0,64.0,5756.0,0,0,0,57,eth:ethertype:ip:tcp,29.7,94.9,52.8,160.0,-48.0,84:F3:EB:12:34:56,,,,,0.0,Normal,0.0
1744303409010380,10.42.0.2,10.42.0.1,49994,1883,48,5,0,1,1,0,1,0,185,0,0,0,0,0.0,0,,0,3,"Wakeup: 0, Mode: 0, Reset: 1, Temperature: 40.3, Uptime: 627668, Memory: 94.9, In_Temperature: 52.8°C, CPU: 160, RSSI: -53, MAC: 84:F3:EB:12:34:56, F_Storage: 99.2",test/temperatura,16,0,0,182,0,0,0,0.0,0,0,0,0,0,64.0,5756.0,0,0,0,239,eth:ethertype:ip:tcp:mqtt,40.3,94.9,52.8,160.0,-53.0,84:F3:EB:12:34:56,,,,,0.0,Normal,0.0
1744303409013954,10.42.0.2,10.42.0.1,49994,1883,234,6,0,1,0,0,0,0,0,0,0,0,0,0.0,0,,0,0,,0,0,0,0,0,0,0,0,0.0,0,0,0,0,0,64.0,5755.0,0,0,0,54,eth:ethertype:ip:tcp,40.3,94.9,52.8,160.0,-53.0,84:F3:EB:12:34:56,,,,,0.0,Normal,0.0
1744303439014462,10.42.0.2,10.42.0.1,49995,1883,0,0,1,0,0,0,0,0,0,0,0,0,0,0.0,0,,0,0,,0,0,0,0,0,0,0,0,0.0,0,0,0,0,0,64.0,5760.0,0,0,0,58,eth:ethertype:ip:tcp,40.3,94.9,52.8,160.0,-53.0,84:F3:EB:12:34:56,,,,,0.0,Normal,0.0
1744303439018425,10.42.0.2,10.42.0.1,49995,1883,1,1,0,1,0,0,0,0,0,0,0,0,0,0.0,0,,0,0,,0,0,0,0,0,0,0,0,0.0,0,0,0,0,0,64.0,5760.0,0,0,0,54,eth:ethertype:ip:tcp,40.3,94.9,52.8,160.0,-53.0,84:F3:EB:12:34:56,,,,,0.0,Normal,0.0
1744303439020426,10.42.0.2,10.42.0.1,49995,1883,1,1,0,1,0,0,1,0,3,0,0,0,0,0.0,0,,0,0,,0,0,0,0,0,0,0,0,0.0,0,0,0,0,0,64.0,5760.0,0,0,0,57,eth:ethertype:ip:tcp,40.3,94.9,52.8,160.0,-53.0,84:F3:EB:12:34:56,,,,,0.0,Normal,0.0
1744303439023946,10.42.0.2,10.42.0.1,49995,1883,4,1,0,1,0,0,1,0,29,0,0,0,0,0.0,0,,0,0,,0,0,0,0,0,0,0,0,0.0,0,0,0,0,0,64.0,5760.0,0,0,0,83,eth:ethertype:ip:tcp,40.3,94.9,52.8,160.0,-53.0,84:F3:EB:12:34:56,,,,,0.0,Normal,0.0
1744303439027023,10.42.0.2,10.42.0.1,49995,1883,33,1,0,1,0,0,1,0,12,0,0,0,0,0.0,0,,0,1,,0,0,0,1,42,4,MQTT,4,0.0,0,0,0,0,0,64.0,5760.0,0,0,esp32_a0a3b3edac1c,66,eth:ethertype:ip:tcp:mqtt,40.3,94.9,52.8,160.0,-53.0,84:F3:EB:12:34:56,,,,,0.0,Normal,0.0
1744303439062355,10.42.0.2,10.42.0.1,49995,1883,45,5,0,1,0,0,1,0,3,0,0,0,0,0.0,0,,0,0,,0,0,0,0,0,0,0,0,0.0,0,0,0,0,0,64.0,5756.0,0,0,0,57,eth:ethertype:ip:tcp,40.3,94.9,52.8,160.0,-53.0,84:F3:EB:12:34:56,,,,,0.0,Normal,0.0
1744303439074907,10.42.0.2,10.42.0.1,49995,1883,48,5,0,1,1,0,1,0,185,0,0,0,0,0.0,0,,0,3,"Wakeup: 0, Mode: 0, Reset: 1, Temperature: 36.9, Uptime: 627698, Memory: 94.9, In_Temperature: 52.8°C, CPU: 160, RSSI: -51, MAC: 84:F3:EB:12:34:56, F_Storage: 99.2",test/temperatura,16,0,0,182,0,0,0,0.0,0,0,0,0,0,64.0,5756.0,0,0,0,239,eth:ethertype:ip:tcp:mqtt,36.9,94.9,52.8,160.0,-51.0,84:F3:EB:12:34:56,,,,,0.0,Normal,0.0
1744303439081248,10.42.0.2,10.42.0.1,49995,1883,234,6,0,1,0,0,0,0,0,0,0,0,0,0.0,0,,0,0,,0,0,0,0,0,0,0,0,0.0,0,0,0,0,0,64.0,5755.0,0,0,0,54,eth:ethertype:ip:tcp,36.9,94.9,52.8,160.0,-51.0,84:F3:EB:12:34:56,,,,,0.0,Normal,0.0
1744303469084689,10.42.0.2,10.42.0.1,49996,1883,0,0,1,0,0,0,0,0,0,0,0,0,0,0.0,0,,0,0,,0,0,0,0,0,0,0,0,0.0,0,0,0,0,0,64.0,5760.0,0,0,0,58,eth:ethertype:ip:tcp,36.9,94.9,52.8,160.0,-51.0,84:F3:EB:12:34:56,,,,,0.0,Normal,0.0
1744303469089975,10.42.0.2,10.42.0.1,49996,1883,1,1,0,1,0,0,0,0,0,0,0,0,0,0.0,0,,0,0,,0,0,0,0,0,0,0,0,0.0,0,0,0,0,0,64.0,5760.0,0,0,0,54,eth:ethertype:ip:tcp,36.9,94.9,52.8,160.0,-51.0,84:F3:EB:12:34:56,,,,,0.0,Normal,0.0
1744303469092257,10.42.0.2,10.42.0.1,49996,1883,1,1,0,1,0,0,1,0,3,0,0,0,0,0.0,0,,0,0,,0,0,0,0,0,0,0,0,0.0,0,0,0,0,0,64.0,5760.0,0,0,0,57,eth:ethertype:ip:tcp,36.9,94.9,52.8,160.0,-51.0,84:F3:EB:12:34:56,,,,,0.0,Normal,0.0
1744303469095686,10.42.0.2,10.42.0.1,49996,1883,4,1,0,1,0,0,1,0,29,0,0,0,0,0.0,0,,0,0,,0,0,0,0,0,0,0,0,0.0,0,0,0,0,0,64.0,5760.0,0,0,0,83,eth:ethertype:ip:tcp,36.9,94.9,52.8,160.0,-51.0,84:F3:EB:12:34:56,,,,,0.0,Normal,0.0
1744303469098688,10.42.0.2,10.42.0.1,49996,1883,33,1,0,1,0,0,1,0,12,0,0,0,0,0.0,0,,0,1,,0,0,0,1,42,4,MQTT,4,0.0,0,0,0,0,0,64.0,5760.0,0,0,esp32_a0a3b3edac1c,66,eth:ethertype:ip:tcp:mqtt,36.9,94.9,52.8,160.0,-51.0,84:F3:EB:12:34:56,,,,,0.0,Normal,0.0
1744303469124924,10.42.0.2,10.42.0.1,49996,1883,45,5,0,1,0,0,0,0,0,0,0,0,0,0.0,0,,0,0,,0,0,0,0,0,0,0,0,0.0,0,0,0,0,0,64.0,5756.0,0,0,0,54,eth:ethertype:ip:tcp,36.9,94.9,52.8,160.0,-51.0,84:F3:EB:12:34:56,,,,,0.0,Normal,0.0
1744303469135024,10.42.0.2,10.42.0.1,49996,1883,45,5,0,1,0,0,1,0,3,0,0,0,0,0.0,0,,0,0,,0,0,0,0,0,0,0,0,0.0,0,0,0,0,0,64.0,5756.0,0,0,0,57,eth:ethertype:ip:tcp,36.9,94.9,52.8,160.0,-51.0,84:F3:EB:12:34:56,,,,,0.0,Normal,0.0
1744303469144199,10.42.0.2,10.42.0.1,49996,1883,48,5,0,1,1,0,1,0,185,0,0,0,0,0.0,0,,0,3,"Wakeup: 0, Mode: 0, Reset: 1, Temperature: 36.4, Uptime: 627728, Memory: 94.8, In_Temperature: 52.8°C, CPU: 160, RSSI: -53, MAC: 84:F3:EB:12:34:56, F_Storage: 99.2",test/temperatura,16,0,0,182,0,0,0,0.0,0,0,0,0,0,64.0,5756.0,0,0,0,239,eth:ethertype:ip:tcp:mqtt,36.4,94.8,52.8,160.0,-53.0,84:F3:EB:12:34:56,,,,,0.0,Normal,0.0
1744303469147649,10.42.0.2,10.42.0.1,49996,1883,234,6,0,1,0,0,0,0,0,0,0,0,0,0.0,0,,0,0,,0,0,0,0,0,0,0,0,0.0,0,0,0,0,0,64.0,5755.0,0,0,0,54,eth:ethertype:ip:tcp,36.4,94.8,52.8,160.0,-53.0,84:F3:EB:12:34:56,,,,,0.0,Normal,0.0
1744303499160748,10.42.0.2,10.42.0.1,49997,1883,0,0,1,0,0,0,0,0,0,0,0,0,0,0.0,0,,0,0,,0,0,0,0,0,0,0,0,0.0,0,0,0,0,0,64.0,5760.0,0,0,0,58,eth:ethertype:ip:tcp,36.4,94.8,52.8,160.0,-53.0,84:F3:EB:12:34:56,,,,,0.0,Normal,0.0
1744303499164488,10.42.0.2,10.42.0.1,49997,1883,1,1,0,1,0,0,0,0,0,0,0,0,0,0.0,0,,0,0,,0,0,0,0,0,0,0,0,0.0,0,0,0,0,0,64.0,5760.0,0,0,0,54,eth:ethertype:ip:tcp,36.4,94.8,52.8,160.0,-53.0,84:F3:EB:12:34:56,,,,,0.0,Normal,0.0
1744303499166782,10.42.0.2,10.42.0.1,49997,1883,1,1,0,1,0,0,1,0,3,0,0,0,0,0.0,0,,0,0,,0,0,0,0,0,0,0,0,0.0,0,0,0,0,0,64.0,5760.0,0,0,0,57,eth:ethertype:ip:tcp,36.4,94.8,52.8,160.0,-53.0,84:F3:EB:12:34:56,,,,,0.0,Normal,0.0
1744303499170189,10.42.0.2,10.42.0.1,49997,1883,4,1,0,1,0,0,1,0,29,0,0,0,0,0.0,0,,0,0,,0,0,0,0,0,0,0,0,0.0,0,0,0,0,0,64.0,5760.0,0,0,0,83,eth:ethertype:ip:tcp,36.4,94.8,52.8,160.0,-53.0,84:F3:EB:12:34:56,,,,,0.0,Normal,0.0
1744303499173376,10.42.0.2,10.42.0.1,49997,1883,33,1,0,1,0,0,1,0,12,0,0,0,0,0.0,0,,0,1,,0,0,0,1,42,4,MQTT,4,0.0,0,0,0,0,0,64.0,5760.0,0,0,esp32_a0a3b3edac1c,66,eth:ethertype:ip:tcp:mqtt,36.4,94.8,52.8,160.0,-53.0,84:F3:EB:12:34:56,,,,,0.0,Normal,0.0
1744303499209835,10.42.0.2,10.42.0.1,49997,1883,45,5,0,1,0,0,1,0,3,0,0,0,0,0.0,0,,0,0,,0,0,0,0,0,0,0,0,0.0,0,0,0,0,0,64.0,5756.0,0,0,0,57,eth:ethertype:ip:tcp,36.4,94.8,52.8,160.0,-53.0,84:F3:EB:12:34:56,,,,,0.0,Normal,0.0
1744303499223556,10.42.0.2,10.42.0.1,49997,1883,48,5,0,1,1,0,1,0,185,0,0,0,0,0.0,0,,0,3,"Wakeup: 0, Mode: 0, Reset: 1, Temperature: 30.5, Uptime: 627758, Memory: 94.9, In_Temperature: 52.8°C, CPU: 160, RSSI: -52, MAC: 84:F3:EB:12:34:56, F_Storage: 99.2",test/temperatura,16,0,0,182,0,0,0,0.0,0,0,0,0,0,64.0,5756.0,0,0,0,239,eth:ethertype:ip:tcp:mqtt,30.5,94.9,52.8,160.0,-52.0,84:F3:EB:12:34:56,,,,,0.0,Normal,0.0
1744303499227061,10.42.0.2,10.42.0.1,49997,1883,234,6,0,1,0,0,0,0,0,0,0,0,0,0.0,0,,0,0,,0,0,0,0,0,0,0,0,0.0,0,0,0,0,0,64.0,5755.0,0,0,0,54,eth:ethertype:ip:tcp,30.5,94.9,52.8,160.0,-52.0,84:F3:EB:12:34:56,,,,,0.0,Normal,0.0
1744303529232516,10.42.0.2,10.42.0.1,49998,1883,0,0,1,0,0,0,0,0,0,0,0,0,0,0.0,0,,0,0,,0,0,0,0,0,0,0,0,0.0,0,0,0,0,0,64.0,5760.0,0,0,0,58,eth:ethertype:ip:tcp,30.5,94.9,52.8,160.0,-52.0,84:F3:EB:12:34:56,,,,,0.0,Normal,0.0
1744303529238798,10.42.0.2,10.42.0.1,49998,1883,1,1,0,1,0,0,0,0,0,0,0,0,0,0.0,0,,0,0,,0,0,0,0,0,0,0,0,0.0,0,0,0,0,0,64.0,5760.0,0,0,0,54,eth:ethertype:ip:tcp,30.5,94.9,52.8,160.0,-52.0,84:F3:EB:12:34:56,,,,,0.0,Normal,0.0
1744303529239483,10.42.0.2,10.42.0.1,49998,1883,1,1,0,1,0,0,1,0,3,0,0,0,0,0.0,0,,0,0,,0,0,0,0,0,0,0,0,0.0,0,0,0,0,0,64.0,5760.0,0,0,0,57,eth:ethertype:ip:tcp,30.5,94.9,52.8,160.0,-52.0,84:F3:EB:12:34:56,,,,,0.0,Normal,0.0
1744303529242626,10.42.0.2,10.42.0.1,49998,1883,4,1,0,1,0,0,1,0,41,0,0,0,0,0.0,0,,0,1,,0,0,0,1,42,4,MQTT,4,0.0,0,0,0,0,0,64.0,5760.0,0,0,esp32_a0a3b3edac1c,95,eth:ethertype:ip:tcp:mqtt,30.5,94.9,52.8,160.0,-52.0,84:F3:EB:12:34:56,,,,,0.0,Normal,0.0
1744303529278397,10.42.0.2,10.42.0.1,49998,1883,45,5,0,1,0,0,1,0,3,0,0,0,0,0.0,0,,0,0,,0,0,0,0,0,0,0,0,0.0,0,0,0,0,0,64.0,5756.0,0,0,0,57,eth:ethertype:ip:tcp,30.5,94.9,52.8,160.0,-52.0,84:F3:EB:12:34:56,,,,,0.0,Normal,0.0
1744303529296437,10.42.0.2,10.42.0.1,49998,1883,48,5,0,1,1,0,1,0,185,0,0,0,0,0.0,0,,0,3,"Wakeup: 0, Mode: 0, Reset: 1, Temperature: 27.1, Uptime: 627788, Memory: 94.9, In_Temperature: 52.2°C, CPU: 160, RSSI: -48, MAC: 84:F3:EB:12:34:56, F_Storage: 99.2",test/temperatura,16,0,0,182,0,0,0,0.0,0,0,0,0,0,64.0,5756.0,0,0,0,239,eth:ethertype:ip:tcp:mqtt,27.1,94.9,52.2,160.0,-48.0,84:F3:EB:12:34:56,,,,,0.0,Normal,0.0
1744303529301104,10.42.0.2,10.42.0.1,49998,1883,234,6,0,1,0,0,0,0,0,0,0,0,0,0.0,0,,0,0,,0,0,0,0,0,0,0,0,0.0,0,0,0,0,0,64.0,5755.0,0,0,0,54,eth:ethertype:ip:tcp,27.1,94.9,52.2,160.0,-48.0,84:F3:EB:12:34:56,,,,,0.0,Normal,0.0
1744303559301825,10.42.0.2,10.42.0.1,49999,1883,0,0,1,0,0,0,0,0,0,0,0,0,0,0.0,0,,0,0,,0,0,0,0,0,0,0,0,0.0,0,0,0,0,0,64.0,5760.0,0,0,0,58,eth:ethertype:ip:tcp,27.1,94.9,52.2,160.0,-48.0,84:F3:EB:12:34:56,,,,,0.0,Normal,0.0
1744303559305881,10.42.0.2,10.42.0.1,49999,1883,1,1,0,1,0,0,0,0,0,0,0,0,0,0.0,0,,0,0,,0,0,0,0,0,0,0,0,0.0,0,0,0,0,0,64.0,5760.0,0,0,0,54,eth:ethertype:ip:tcp,27.1,94.9,52.2,160.0,-48.0,84:F3:EB:12:34:56,,,,,0.0,Normal,0.0
1744303559307928,10.42.0.2,10.42.0.1,49999,1883,1,1,0,1,0,0,1,0,3,0,0,0,0,0.0,0,,0,0,,0,0,0,0,0,0,0,0,0.0,0,0,0,0,0,64.0,5760.0,0,0,0,57,eth:ethertype:ip:tcp,27.1,94.9,52.2,160.0,-48.0,84:F3:EB:12:34:56,,,,,0.0,Normal,0.0
1744303559311297,10.42.0.2,10.42.0.1,49999,1883,4,1,0,1,0,0,1,0,29,0,0,0,0,0.0,0,,0,0,,0,0,0,0,0,0,0,0,0.0,0,0,0,0,0,64.0,5760.0,0,0,0,83,eth:ethertype:ip:tcp,27.1,94.9,52.2,160.0,-48.0,84:F3:EB:12:34:56,,,,,0.0,Normal,0.0
1744303559314292,10.42.0.2,10.42.0.1,49999,1883,33,1,0,1,0,0,1,0,12,0,0,0,0,0.0,0,,0,1,,0,0,0,1,42,4,MQTT,4,0.0,0,0,0,0,0,64.0,5760.0,0,0,esp32_a0a3b3edac1c,66,eth:ethertype:ip:tcp:mqtt,27.1,94.9,52.2,160.0,-48.0,84:F3:EB:12:34:56,,,,,0.0,Normal,0.0
1744303559350135,10.42.0.2,10.42.0.1,49999,1883,45,5,0,1,0,0,1,0,3,0,0,0,0,0.0,0,,0,0,,0,0,0,0,0,0,0,0,0.0,0,0,0,0,0,64.0,5756.0,0,0,0,57,eth:ethertype:ip:tcp,27.1,94.9,52.2,160.0,-48.0,84:F3:EB:12:34:56,,,,,0.0,Normal,0.0
1744303559362704,10.42.0.2,10.42.0.1,49999,1883,48,5,0,1,1,0,1,0,185,0,0,0,0,0.0,0,,0,3,"Wakeup: 0, Mode: 0, Reset: 1, Temperature: 32.2, Uptime: 627818, Memory: 94.9, In_Temperature: 52.8°C, CPU: 160, RSSI: -48, MAC: 84:F3:EB:12:34:56, F_Storage: 99.2",test/temperatura,16,0,0,182,0,0,0,0.0,0,0,0,0,0,64.0,5756.0,0,0,0,239,eth:ethertype:ip:tcp:mqtt,32.2,94.9,52.8,160.0,-48.0,84:F3:EB:12:34:56,,,,,0.0,Normal,0.0
1744303559366198,10.42.0.2,10.42.0.1,49999,1883,234,6,0,1,0,0,0,0,0,0,0,0,0,0.0,0,,0,0,,0,0,0,0,0,0,0,0,0.0,0,0,0,0,0,64.0,5755.0,0,0,0,54,eth:ethertype:ip:tcp,32.2,94.9,52.8,160.0,-48.0,84:F3:EB:12:34:56,,,,,0.0,Normal,0.0
1744303589371320,10.42.0.2,10.42.0.1,50000,1883,0,0,1,0,0,0,0,0,0,0,0,0,0,0.0,0,,0,0,,0,0,0,0,0,0,0,0,0.0,0,0,0,0,0,64.0,5760.0,0,0,0,58,eth:ethertype:ip:tcp,32.2,94.9,52.8,160.0,-48.0,84:F3:EB:12:34:56,,,,,0.0,Normal,0.0
1744303589375333,10.42.0.2,10.42.0.1,50000,1883,1,1,0,1,0,0,0,0,0,0,0,0,0,0.0,0,,0,0,,0,0,0,0,0,0,0,0,0.0,0,0,0,0,0,64.0,5760.0,0,0,0,54,eth:ethertype:ip:tcp,32.2,94.9,52.8,160.0,-48.0,84:F3:EB:12:34:56,,,,,0.0,Normal,0.0
1744303589377346,10.42.0.2,10.42.0.1,50000,1883,1,1,0,1,0,0,1,0,3,0,0,0,0,0.0,0,,0,0,,0,0,0,0,0,0,0,0,0.0,0,0,0,0,0,64.0,5760.0,0,0,0,57,eth:ethertype:ip:tcp,32.2,94.9,52.8,160.0,-48.0,84:F3:EB:12:34:56,,,,,0.0,Normal,0.0
1744303589380768,10.42.0.2,10.42.0.1,50000,1883,4,1,0,1,0,0,1,0,29,0,0,0,0,0.0,0,,0,0,,0,0,0,0,0,0,0,0,0.0,0,0,0,0,0,64.0,5760.0,0,0,0,83,eth:ethertype:ip:tcp,32.2,94.9,52.8,160.0,-48.0,84:F3:EB:12:34:56,,,,,0.0,Normal,0.0
1744303589383765,10.42.0.2,10.42.0.1,50000,1883,33,1,0,1,0,0,1,0,12,0,0,0,0,0.0,0,,0,1,,0,0,0,1,42,4,MQTT,4,0.0,0,0,0,0,0,64.0,5760.0,0,0,esp32_a0a3b3edac1c,66,eth:ethertype:ip:tcp:mqtt,32.2,94.9,52.8,160.0,-48.0,84:F3:EB:12:34:56,,,,,0.0,Normal,0.0
1744303589422169,10.42.0.2,10.42.0.1,50000,1883,45,5,0,1,0,0,1,0,3,0,0,0,0,0.0,0,,0,0,,0,0,0,0,0,0,0,0,0.0,0,0,0,0,0,64.0,5756.0,0,0,0,57,eth:ethertype:ip:tcp,32.2,94.9,52.8,160.0,-48.0,84:F3:EB:12:34:56,,,,,0.0,Normal,0.0
1744303589431564,10.42.0.2,10.42.0.1,50000,1883,48,5,0,1,1,0,1,0,185,0,0,0,0,0.0,0,,0,3,"Wakeup: 0, Mode: 0, Reset: 1, Temperature: 37.5, Uptime: 627848, Memory: 94.9, In_Temperature: 52.2°C, CPU: 160, RSSI: -48, MAC: 84:F3:EB:12:34:56, F_Storage: 99.2",test/temperatura,16,0,0,182,0,0,0,0.0,0,0,0,0,0,64.0,5756.0,0,0,0,239,eth:ethertype:ip:tcp:mqtt,37.5,94.9,52.2,160.0,-48.0,84:F3:EB:12:34:56,,,,,0.0,Normal,0.0
1744303589435061,10.42.0.2,10.42.0.1,50000,1883,234,6,0,1,0,0,0,0,0,0,0,0,0,0.0,0,,0,0,,0,0,0,0,0,0,0,0,0.0,0,0,0,0,0,64.0,5755.0,0,0,0,54,eth:ethertype:ip:tcp,37.5,94.9,52.2,160.0,-48.0,84:F3:EB:12:34:56,,,,,0.0,Normal,0.0
1744303619440565,10.42.0.2,10.42.0.1,50001,1883,0,0,1,0,0,0,0,0,0,0,0,0,0,0.0,0,,0,0,,0,0,0,0,0,0,0,0,0.0,0,0,0,0,0,64.0,5760.0,0,0,0,58,eth:ethertype:ip:tcp,37.5,94.9,52.2,160.0,-48.0,84:F3:EB:12:34:56,,,,,0.0,Normal,0.0
1744303619444834,10.42.0.2,10.42.0.1,50001,1883,1,1,0,1,0,0,0,0,0,0,0,0,0,0.0,0,,0,0,,0,0,0,0,0,0,0,0,0.0,0,0,0,0,0,64.0,5760.0,0,0,0,54,eth:ethertype:ip:tcp,37.5,94.9,52.2,160.0,-48.0,84:F3:EB:12:34:56,,,,,0.0,Normal,0.0
1744303619446905,10.42.0.2,10.42.0.1,50001,1883,1,1,0,1,0,0,1,0,3,0,0,0,0,0.0,0,,0,0,,0,0,0,0,0,0,0,0,0.0,0,0,0,0,0,64.0,5760.0,0,0,0,57,eth:ethertype:ip:tcp,37.5,94.9,52.2,160.0,-48.0,84:F3:EB:12:34:56,,,,,0.0,Normal,0.0
1744303619450409,10.42.0.2,10.42.0.1,50001,1883,4,1,0,1,0,0,1,0,29,0,0,0,0,0.0,0,,0,0,,0,0,0,0,0,0,0,0,0.0,0,0,0,0,0,64.0,5760.0,0,0,0,83,eth:ethertype:ip:tcp,37.5,94.9,52.2,160.0,-48.0,84:F3:EB:12:34:56,,,,,0.0,Normal,0.0
1744303619454133,10.42.0.2,10.42.0.1,50001,1883,33,1,0,1,0,0,1,0,2,0,0,0,0,0.0,0,,0,0,,0,0,0,0,0,0,0,0,0.0,0,0,0,0,0,64.0,5760.0,0,0,0,56,eth:ethertype:ip:tcp,37.5,94.9,52.2,160.0,-48.0,84:F3:EB:12:34:56,,,,,0.0,Normal,0.0
1744303619458229,10.42.0.2,10.42.0.1,50001,1883,35,1,0,1,0,0,1,0,4,0,0,0,0,0.0,0,,0,0,,0,0,0,0,0,0,0,0,0.0,0,0,0,0,0,64.0,5760.0,0,0,0,58,eth:ethertype:ip:tcp,37.5,94.9,52.2,160.0,-48.0,84:F3:EB:12:34:56,,,,,0.0,Normal,0.0
1744303619461436,10.42.0.2,10.42.0.1,50001,1883,39,1,0,1,0,0,1,0,6,0,0,0,0,0.0,0,,0,1,,0,0,0,1,42,4,MQTT,4,0.0,0,0,0,0,0,64.0,5760.0,0,0,esp32_a0a3b3edac1c,60,eth:ethertype:ip:tcp:mqtt,37.5,94.9,52.2,160.0,-48.0,84:F3:EB:12:34:56,,,,,0.0,Normal,0.0
1744303619496863,10.42.0.2,10.42.0.1,50001,1883,45,5,0,1,0,0,1,0,3,0,0,0,0,0.0,0,,0,0,,0,0,0,0,0,0,0,0,0.0,0,0,0,0,0,64.0,5756.0,0,0,0,57,eth:ethertype:ip:tcp,37.5,94.9,52.2,160.0,-48.0,84:F3:EB:12:34:56,,,,,0.0,Normal,0.0
1744303619511649,10.42.0.2,10.42.0.1,50001,1883,48,5,0,1,1,0,1,0,185,0,0,0,0,0.0,0,,0,3,"Wakeup: 0, Mode: 0, Reset: 1, Temperature: 29.9, Uptime: 627878, Memory: 94.9, In_Temperature: 52.8°C, CPU: 160, RSSI: -52, MAC: 84:F3:EB:12:34:56, F_Storage: 99.2",test/temperatura,16,0,0,182,0,0,0,0.0,0,0,0,0,0,64.0,5756.0,0,0,0,239,eth:ethertype:ip:tcp:mqtt,29.9,94.9,52.8,160.0,-52.0,84:F3:EB:12:34:56,,,,,0.0,Normal,0.0
1744303619516484,10.42.0.2,10.42.0.1,50001,1883,234,6,0,1,0,0,0,0,0,0,0,0,0,0.0,0,,0,0,,0,0,0,0,0,0,0,0,0.0,0,0,0,0,0,64.0,5755.0,0,0,0,54,eth:ethertype:ip:tcp,29.9,94.9,52.8,160.0,-52.0,84:F3:EB:12:34:56,,,,,0.0,Normal,0.0
1744303649520572,10.42.0.2,10.42.0.1,50002,1883,0,0,1,0,0,0,0,0,0,0,0,0,0,0.0,0,,0,0,,0,0,0,0,0,0,0,0,0.0,0,0,0,0,0,64.0,5760.0,0,0,0,58,eth:ethertype:ip:tcp,29.9,94.9,52.8,160.0,-52.0,84:F3:EB:12:34:56,,,,,0.0,Normal,0.0
1744303649524768,10.42.0.2,10.42.0.1,50002,1883,1,1,0,1,0,0,0,0,0,0,0,0,0,0.0,0,,0,0,,0,0,0,0,0,0,0,0,0.0,0,0,0,0,0,64.0,5760.0,0,0,0,54,eth:ethertype:ip:tcp,29.9,94.9,52.8,160.0,-52.0,84:F3:EB:12:34:56,,,,,0.0,Normal,0.0
1744303649526883,10.42.0.2,10.42.0.1,50002,1883,1,1,0,1,0,0,1,0,3,0,0,0,0,0.0,0,,0,0,,0,0,0,0,0,0,0,0,0.0,0,0,0,0,0,64.0,5760.0,0,0,0,57,eth:ethertype:ip:tcp,29.9,94.9,52.8,160.0,-52.0,84:F3:EB:12:34:56,,,,,0.0,Normal,0.0
1744303649530294,10.42.0.2,10.42.0.1,50002,1883,4,1,0,1,0,0,1,0,29,0,0,0,0,0.0,0,,0,0,,0,0,0,0,0,0,0,0,0.0,0,0,0,0,0,64.0,5760.0,0,0,0,83,eth:ethertype:ip:tcp,29.9,94.9,52.8,160.0,-52.0,84:F3:EB:12:34:56,,,,,0.0,Normal,0.0
1744303649533402,10.42.0.2,10.42.0.1,50002,1883,33,1,0,1,0,0,1,0,12,0,0,0,0,0.0,0,,0,1,,0,0,0,1,42,4,MQTT,4,0.0,0,0,0,0,0,64.0,5760.0,0,0,esp32_a0a3b3edac1c,66,eth:ethertype:ip:tcp:mqtt,29.9,94.9,52.8,160.0,-52.0,84:F3:EB:12:34:56,,,,,0.0,Normal,0.0
1744303649568922,10.42.0.2,10.42.0.1,50002,1883,45,5,0,1,0,0,1,0,3,0,0,0,0,0.0,0,,0,0,,0,0,0,0,0,0,0,0,0.0,0,0,0,0,0,64.0,5756.0,0,0,0,57,eth:ethertype:ip:tcp,29.9,94.9,52.8,160.0,-52.0,84:F3:EB:12:34:56,,,,,0.0,Normal,0.0
1744303649580506,10.42.0.2,10.42.0.1,50002,1883,48,5,0,1,1,0,1,0,185,0,0,0,0,0.0,0,,0,3,"Wakeup: 0, Mode: 0, Reset: 1, Temperature: 38.0, Uptime: 627908, Memory: 94.9, In_Temperature: 52.8°C, CPU: 160, RSSI: -50, MAC: 84:F3:EB:12:34:56, F_Storage: 99.2",test/temperatura,16,0,0,182,0,0,0,0.0,0,0,0,0,0,64.0,5756.0,0,0,0,239,eth:ethertype:ip:tcp:mqtt,38.0,94.9,52.8,160.0,-50.0,84:F3:EB:12:34:56,,,,,0.0,Normal,0.0
1744303649583956,10.42.0.2,10.42.0.1,50002,1883,234,6,0,1,0,0,0,0,0,0,0,0,0,0.0,0,,0,0,,0,0,0,0,0,0,0,0,0.0,0,0,0,0,0,64.0,5755.0,0,0,0,54,eth:ethertype:ip:tcp,38.0,94.9,52.8,160.0,-50.0,84:F3:EB:12:34:56,,,,,0.0,Normal,0.0
1744303679588674,10.42.0.2,10.42.0.1,50003,1883,0,0,1,0,0,0,0,0,0,0,0,0,0,0.0,0,,0,0,,0,0,0,0,0,0,0,0,0.0,0,0,0,0,0,64.0,5760.0,0,0,0,58,eth:ethertype:ip:tcp,38.0,94.9,52.8,160.0,-50.0,84:F3:EB:12:34:56,,,,,0.0,Normal,0.0
1744303679592788,10.42.0.2,10.42.0.1,50003,1883,1,1,0,1,0,0,0,0,0,0,0,0,0,0.0,0,,0,0,,0,0,0,0,0,0,0,0,0.0,0,0,0,0,0,64.0,5760.0,0,0,0,54,eth:ethertype:ip:tcp,38.0,94.9,52.8,160.0,-50.0,84:F3:EB:12:34:56,,,,,0.0,Normal,0.0
1744303679594631,10.42.0.2,10.42.0.1,50003,1883,1,1,0,1,0,0,1,0,3,0,0,0,0,0.0,0,,0,0,,0,0,0,0,0,0,0,0,0.0,0,0,0,0,0,64.0,5760.0,0,0,0,57,eth:ethertype:ip:tcp,38.0,94.9,52.8,160.0,-50.0,84:F3:EB:12:34:56,,,,,0.0,Normal,0.0
1744303679598017,10.42.0.2,10.42.0.1,50003,1883,4,1,0,1,0,0,1,0,29,0,0,0,0,0.0,0,,0,0,,0,0,0,0,0,0,0,0,0.0,0,0,0,0,0,64.0,5760.0,0,0,0,83,eth:ethertype:ip:tcp,38.0,94.9,52.8,160.0,-50.0,84:F3:EB:12:34:56,,,,,0.0,Normal,0.0
1744303679601022,10.42.0.2,10.42.0.1,50003,1883,33,1,0,1,0,0,1,0,12,0,0,0,0,0.0,0,,0,1,,0,0,0,1,42,4,MQTT,4,0.0,0,0,0,0,0,64.0,5760.0,0,0,esp32_a0a3b3edac1c,66,eth:ethertype:ip:tcp:mqtt,38.0,94.9,52.8,160.0,-50.0,84:F3:EB:12:34:56,,,,,0.0,Normal,0.0
1744303679628519,10.42.0.2,10.42.0.1,50003,1883,45,5,0,1,0,0,0,0,0,0,0,0,0,0.0,0,,0,0,,0,0,0,0,0,0,0,0,0.0,0,0,0,0,0,64.0,5756.0,0,0,0,54,eth:ethertype:ip:tcp,38.0,94.9,52.8,160.0,-50.0,84:F3:EB:12:34:56,,,,,0.0,Normal,0.0
1744303679639400,10.42.0.2,10.42.0.1,50003,1883,45,5,0,1,0,0,1,0,3,0,0,0,0,0.0,0,,0,0,,0,0,0,0,0,0,0,0,0.0,0,0,0,0,0,64.0,5756.0,0,0,0,57,eth:ethertype:ip:tcp,38.0,94.9,52.8,160.0,-50.0,84:F3:EB:12:34:56,,,,,0.0,Normal,0.0
1744303679649416,10.42.0.2,10.42.0.1,50003,1883,48,5,0,1,1,0,1,0,185,0,0,0,0,0.0,0,,0,3,"Wakeup: 0, Mode: 0, Reset: 1, Temperature: 36.1, Uptime: 627939, Memory: 94.9, In_Temperature: 52.8°C, CPU: 160, RSSI: -45, MAC: 84:F3:EB:12:34:56, F_Storage: 99.2",test/temperatura,16,0,0,182,0,0,0,0.0,0,0,0,0,0,64.0,5756.0,0,0,0,239,eth:ethertype:ip:tcp:mqtt,36.1,94.9,52.8,160.0,-45.0,84:F3:EB:12:34:56,,,,,0.0,Normal,0.0
1744303679652814,10.42.0.2,10.42.0.1,50003,1883,234,6,0,1,0,0,0,0,0,0,0,0,0,0.0,0,,0,0,,0,0,0,0,0,0,0,0,0.0,0,0,0,0,0,64.0,5755.0,0,0,0,54,eth:ethertype:ip:tcp,36.1,94.9,52.8,160.0,-45.0,84:F3:EB:12:34:56,,,,,0.0,Normal,0.0
1744303709658534,10.42.0.2,10.42.0.1,50004,1883,0,0,1,0,0,0,0,0,0,0,0,0,0,0.0,0,,0,0,,0,0,0,0,0,0,0,0,0.0,0,0,0,0,0,64.0,5760.0,0,0,0,58,eth:ethertype:ip:tcp,36.1,94.9,52.8,160.0,-45.0,84:F3:EB:12:34:56,,,,,0.0,Normal,0.0
1744303709662629,10.42.0.2,10.42.0.1,50004,1883,1,1,0,1,0,0,0,0,0,0,0,0,0,0.0,0,,0,0,,0,0,0,0,0,0,0,0,0.0,0,0,0,0,0,64.0,5760.0,0,0,0,54,eth:ethertype:ip:tcp,36.1,94.9,52.8,160.0,-45.0,84:F3:EB:12:34:56,,,,,0.0,Normal,0.0
1744303709664686,10.42.0.2,10.42.0.1,50004,1883,1,1,0,1,0,0,1,0,3,0,0,0,0,0.0,0,,0,0,,0,0,0,0,0,0,0,0,0.0,0,0,0,0,0,64.0,5760.0,0,0,0,57,eth:ethertype:ip:tcp,36.1,94.9,52.8,160.0,-45.0,84:F3:EB:12:34:56,,,,,0.0,Normal,0.0
1744303709668113,10.42.0.2,10.42.0.1,50004,1883,4,1,0,1,0,0,1,0,29,0,0,0,0,0.0,0,,0,0,,0,0,0,0,0,0,0,0,0.0,0,0,0,0,0,64.0,5760.0,0,0,0,83,eth:ethertype:ip:tcp,36.1,94.9,52.8,160.0,-45.0,84:F3:EB:12:34:56,,,,,0.0,Normal,0.0
1744303709671212,10.42.0.2,10.42.0.1,50004,1883,33,1,0,1,0,0,1,0,12,0,0,0,0,0.0,0,,0,1,,0,0,0,1,42,4,MQTT,4,0.0,0,0,0,0,0,64.0,5760.0,0,0,esp32_a0a3b3edac1c,66,eth:ethertype:ip:tcp:mqtt,36.1,94.9,52.8,160.0,-45.0,84:F3:EB:12:34:56,,,,,0.0,Normal,0.0
1744303709707253,10.42.0.2,10.42.0.1,50004,1883,45,5,0,1,0,0,1,0,3,0,0,0,0,0.0,0,,0,0,,0,0,0,0,0,0,0,0,0.0,0,0,0,0,0,64.0,5756.0,0,0,0,57,eth:ethertype:ip:tcp,36.1,94.9,52.8,160.0,-45.0,84:F3:EB:12:34:56,,,,,0.0,Normal,0.0
1744303709718819,10.42.0.2,10.42.0.1,50004,1883,48,5,0,1,1,0,1,0,185,0,0,0,0,0.0,0,,0,3,"Wakeup: 0, Mode: 0, Reset: 1, Temperature: 31.5, Uptime: 627969, Memory: 94.9, In_Temperature: 52.2°C, CPU: 160, RSSI: -48, MAC: 84:F3:EB:12:34:56, F_Storage: 99.2",test/temperatura,16,0,0,182,0,0,0,0.0,0,0,0,0,0,64.0,5756.0,0,0,0,239,eth:ethertype:ip:tcp:mqtt,31.5,94.9,52.2,160.0,-48.0,84:F3:EB:12:34:56,,,,,0.0,Normal,0.0
1744303709726302,10.42.0.2,10.42.0.1,50004,1883,234,6,0,1,0,0,0,0,0,0,0,0,0,0.0,0,,0,0,,0,0,0,0,0,0,0,0,0.0,0,0,0,0,0,64.0,5755.0,0,0,0,54,eth:ethertype:ip:tcp,31.5,94.9,52.2,160.0,-48.0,84:F3:EB:12:34:56,,,,,0.0,Normal,0.0
1744303739729469,10.42.0.2,10.42.0.1,50005,1883,0,0,1,0,0,0,0,0,0,0,0,0,0,0.0,0,,0,0,,0,0,0,0,0,0,0,0,0.0,0,0,0,0,0,64.0,5760.0,0,0,0,58,eth:ethertype:ip:tcp,31.5,94.9,52.2,160.0,-48.0,84:F3:EB:12:34:56,,,,,0.0,Normal,0.0
1744303739733519,10.42.0.2,10.42.0.1,50005,1883,1,1,0,1,0,0,0,0,0,0,0,0,0,0.0,0,,0,0,,0,0,0,0,0,0,0,0,0.0,0,0,0,0,0,64.0,5760.0,0,0,0,54,eth:ethertype:ip:tcp,31.5,94.9,52.2,160.0,-48.0,84:F3:EB:12:34:56,,,,,0.0,Normal,0.0
1744303739735623,10.42.0.2,10.42.0.1,50005,1883,1,1,0,1,0,0,1,0,3,0,0,0,0,0.0,0,,0,0,,0,0,0,0,0,0,0,0,0.0,0,0,0,0,0,64.0,5760.0,0,0,0,57,eth:ethertype:ip:tcp,31.5,94.9,52.2,160.0,-48.0,84:F3:EB:12:34:56,,,,,0.0,Normal,0.0
1744303739739024,10.42.0.2,10.42.0.1,50005,1883,4,1,0,1,0,0,1,0,29,0,0,0,0,0.0,0,,0,0,,0,0,0,0,0,0,0,0,0.0,0,0,0,0,0,64.0,5760.0,0,0,0,83,eth:ethertype:ip:tcp,31.5,94.9,52.2,160.0,-48.0,84:F3:EB:12:34:56,,,,,0.0,Normal,0.0
1744303739742119,10.42.0.2,10.42.0.1,50005,1883,33,1,0,1,0,0,1,0,12,0,0,0,0,0.0,0,,0,1,,0,0,0,1,42,4,MQTT,4,0.0,0,0,0,0,0,64.0,5760.0,0,0,esp32_a0a3b3edac1c,66,eth:ethertype:ip:tcp:mqtt,31.5,94.9,52.2,160.0,-48.0,84:F3:EB:12:34:56,,,,,0.0,Normal,0.0
1744303739777370,10.42.0.2,10.42.0.1,50005,1883,45,5,0,1,0,0,1,0,3,0,0,0,0,0.0,0,,0,0,,0,0,0,0,0,0,0,0,0.0,0,0,0,0,0,64.0,5756.0,0,0,0,57,eth:ethertype:ip:tcp,31.5,94.9,52.2,160.0,-48.0,84:F3:EB:12:34:56,,,,,0.0,Normal,0.0
1744303739788672,10.42.0.2,10.42.0.1,50005,1883,48,5,0,1,1,0,1,0,185,0,0,0,0,0.0,0,,0,3,"Wakeup: 0, Mode: 0, Reset: 1, Temperature: 37.1, Uptime: 627999, Memory: 94.9, In_Temperature: 52.2°C, CPU: 160, RSSI: -50, MAC: 84:F3:EB:12:34:56, F_Storage: 99.2",test/temperatura,16,0,0,182,0,0,0,0.0,0,0,0,0,0,64.0,5756.0,0,0,0,239,eth:ethertype:ip:tcp:mqtt,37.1,94.9,52.2,160.0,-50.0,84:F3:EB:12:34:56,,,,,0.0,Normal,0.0
1744303739793218,10.42.0.2,10.42.0.1,50005,1883,234,6,0,1,0,0,0,0,0,0,0,0,0,0.0,0,,0,0,,0,0,0,0,0,0,0,0,0.0,0,0,0,0,0,64.0,5755.0,0,0,0,54,eth:ethertype:ip:tcp,37.1,94.9,52.2,160.0,-50.0,84:F3:EB:12:34:56,,,,,0.0,Normal,0.0
1744303769797176,10.42.0.2,10.42.0.1,50006,1883,0,0,1,0,0,0,0,0,0,0,0,0,0,0.0,0,,0,0,,0,0,0,0,0,0,0,0,0.0,0,0,0,0,0,64.0,5760.0,0,0,0,58,eth:ethertype:ip:tcp,37.1,94.9,52.2,160.0,-50.0,84:F3:EB:12:34:56,,,,,0.0,Normal,0.0
1744303769801164,10.42.0.2,10.42.0.1,50006,1883,1,1,0,1,0,0,0,0,0,0,0,0,0,0.0,0,,0,0,,0,0,0,0,0,0,0,0,0.0,0,0,0,0,0,64.0,5760.0,0,0,0,54,eth:ethertype:ip:tcp,37.1,94.9,52.2,160.0,-50.0,84:F3:EB:12:34:56,,,,,0.0,Normal,0.0
1744303769803255,10.42.0.2,10.42.0.1,50006,1883,1,1,0,1,0,0,1,0,3,0,0,0,0,0.0,0,,0,0,,0,0,0,0,0,0,0,0,0.0,0,0,0,0,0,64.0,5760.0,0,0,0,57,eth:ethertype:ip:tcp,37.1,94.9,52.2,160.0,-50.0,84:F3:EB:12:34:56,,,,,0.0,Normal,0.0
1744303769806618,10.42.0.2,10.42.0.1,50006,1883,4,1,0,1,0,0,1,0,29,0,0,0,0,0.0,0,,0,0,,0,0,0,0,0,0,0,0,0.0,0,0,0,0,0,64.0,5760.0,0,0,0,83,eth:ethertype:ip:tcp,37.1,94.9,52.2,160.0,-50.0,84:F3:EB:12:34:56,,,,,0.0,Normal,0.0
1744303769810431,10.42.0.2,10.42.0.1,50006,1883,33,1,0,1,0,0,1,0,2,0,0,0,0,0.0,0,,0,0,,0,0,0,0,0,0,0,0,0.0,0,0,0,0,0,64.0,5760.0,0,0,0,56,eth:ethertype:ip:tcp,37.1,94.9,52.2,160.0,-50.0,84:F3:EB:12:34:56,,,,,0.0,Normal,0.0
1744303769814449,10.42.0.2,10.42.0.1,50006,1883,35,1,0,1,0,0,1,0,4,0,0,0,0,0.0,0,,0,0,,0,0,0,0,0,0,0,0,0.0,0,0,0,0,0,64.0,5760.0,0,0,0,58,eth:ethertype:ip:tcp,37.1,94.9,52.2,160.0,-50.0,84:F3:EB:12:34:56,,,,,0.0,Normal,0.0
1744303769817664,10.42.0.2,10.42.0.1,50006,1883,39,1,0,1,0,0,1,0,2,0,0,0,0,0.0,0,,0,0,,0,0,0,0,0,0,0,0,0.0,0,0,0,0,0,64.0,5760.0,0,0,0,56,eth:ethertype:ip:tcp,37.1,94.9,52.2,160.0,-50.0,84:F3:EB:12:34:56,,,,,0.0,Normal,0.0
1744303769820451,10.42.0.2,10.42.0.1,50006,1883,41,1,0,1,0,0,1,0,4,0,0,0,0,0.0,0,,0,1,,0,0,0,1,42,4,MQTT,4,0.0,0,0,0,0,0,64.0,5760.0,0,0,esp32_a0a3b3edac1c,58,eth:ethertype:ip:tcp:mqtt,37.1,94.9,52.2,160.0,-50.0,84:F3:EB:12:34:56,,,,,0.0,Normal,0.0
1744303769856130,10.42.0.2,10.42.0.1,50006,1883,45,5,0,1,0,0,1,0,3,0,0,0,0,0.0,0,,0,0,,0,0,0,0,0,0,0,0,0.0,0,0,0,0,0,64.0,5756.0,0,0,0,57,eth:ethertype:ip:tcp,37.1,94.9,52.2,160.0,-50.0,84:F3:EB:12:34:56,,,,,0.0,Normal,0.0
1744303769867733,10.42.0.2,10.42.0.1,50006,1883,48,5,0,1,1,0,1,0,185,0,0,0,0,0.0,0,,0,3,"Wakeup: 0, Mode: 0, Reset: 1, Temperature: 35.2, Uptime: 628029, Memory: 94.9, In_Temperature: 52.8°C, CPU: 160, RSSI: -50, MAC: 84:F3:EB:12:34:56, F_Storage: 99.2",test/temperatura,16,0,0,182,0,0,0,0.0,0,0,0,0,0,64.0,5756.0,0,0,0,239,eth:ethertype:ip:tcp:mqtt,35.2,94.9,52.8,160.0,-50.0,84:F3:EB:12:34:56,,,,,0.0,Normal,0.0
1744303769871274,10.42.0.2,10.42.0.1,50006,1883,234,6,0,1,0,0,0,0,0,0,0,0,0,0.0,0,,0,0,,0,0,0,0,0,0,0,0,0.0,0,0,0,0,0,64.0,5755.0,0,0,0,54,eth:ethertype:ip:tcp,35.2,94.9,52.8,160.0,-50.0,84:F3:EB:12:34:56,,,,,0.0,Normal,0.0
1744303799876554,10.42.0.2,10.42.0.1,50007,1883,0,0,1,0,0,0,0,0,0,0,0,0,0,0.0,0,,0,0,,0,0,0,0,0,0,0,0,0.0,0,0,0,0,0,64.0,5760.0,0,0,0,58,eth:ethertype:ip:tcp,35.2,94.9,52.8,160.0,-50.0,84:F3:EB:12:34:56,,,,,0.0,Normal,0.0
1744303799880511,10.42.0.2,10.42.0.1,50007,1883,1,1,0,1,0,0,0,0,0,0,0,0,0,0.0,0,,0,0,,0,0,0,0,0,0,0,0,0.0,0,0,0,0,0,64.0,5760.0,0,0,0,54,eth:ethertype:ip:tcp,35.2,94.9,52.8,160.0,-50.0,84:F3:EB:12:34:56,,,,,0.0,Normal,0.0
1744303799882668,10.42.0.2,10.42.0.1,50007,1883,1,1,0,1,0,0,1,0,3,0,0,0,0,0.0,0,,0,0,,0,0,0,0,0,0,0,0,0.0,0,0,0,0,0,64.0,5760.0,0,0,0,57,eth:ethertype:ip:tcp,35.2,94.9,52.8,160.0,-50.0,84:F3:EB:12:34:56,,,,,0.0,Normal,0.0
1744303799886131,10.42.0.2,10.42.0.1,50007,1883,4,1,0,1,0,0,1,0,29,0,0,0,0,0.0,0,,0,0,,0,0,0,0,0,0,0,0,0.0,0,0,0,0,0,64.0,5760.0,0,0,0,83,eth:ethertype:ip:tcp,35.2,94.9,52.8,160.0,-50.0,84:F3:EB:12:34:56,,,,,0.0,Normal,0.0
1744303799889188,10.42.0.2,10.42.0.1,50007,1883,33,1,0,1,0,0,1,0,12,0,0,0,0,0.0,0,,0,1,,0,0,0,1,42,4,MQTT,4,0.0,0,0,0,0,0,64.0,5760.0,0,0,esp32_a0a3b3edac1c,66,eth:ethertype:ip:tcp:mqtt,35.2,94.9,52.8,160.0,-50.0,84:F3:EB:12:34:56,,,,,0.0,Normal,0.0
1744303799925135,10.42.0.2,10.42.0.1,50007,1883,45,5,0,1,0,0,1,0,3,0,0,0,0,0.0,0,,0,0,,0,0,0,0,0,0,0,0,0.0,0,0,0,0,0,64.0,5756.0,0,0,0,57,eth:ethertype:ip:tcp,35.2,94.9,52.8,160.0,-50.0,84:F3:EB:12:34:56,,,,,0.0,Normal,0.0
1744303799941530,10.42.0.2,10.42.0.1,50007,1883,48,5,0,1,1,0,1,0,185,0,0,0,0,0.0,0,,0,3,"Wakeup: 0, Mode: 0, Reset: 1, Temperature: 39.6, Uptime: 628059, Memory: 94.9, In_Temperature: 52.8°C, CPU: 160, RSSI: -50, MAC: 84:F3:EB:12:34:56, F_Storage: 99.2",test/temperatura,16,0,0,182,0,0,0,0.0,0,0,0,0,0,64.0,5756.0,0,0,0,239,eth:ethertype:ip:tcp:mqtt,39.6,94.9,52.8,160.0,-50.0,84:F3:EB:12:34:56,,,,,0.0,Normal,0.0
1744303799947595,10.42.0.2,10.42.0.1,50007,1883,234,6,0,1,0,0,0,0,0,0,0,0,0,0.0,0,,0,0,,0,0,0,0,0,0,0,0,0.0,0,0,0,0,0,64.0,5755.0,0,0,0,54,eth:ethertype:ip:tcp,39.6,94.9,52.8,160.0,-50.0,84:F3:EB:12:34:56,,,,,0.0,Normal,0.0
1744303829946621,10.42.0.2,10.42.0.1,50008,1883,0,0,1,0,0,0,0,0,0,0,0,0,0,0.0,0,,0,0,,0,0,0,0,0,0,0,0,0.0,0,0,0,0,0,64.0,5760.0,0,0,0,58,eth:ethertype:ip:tcp,39.6,94.9,52.8,160.0,-50.0,84:F3:EB:12:34:56,,,,,0.0,Normal,0.0
1744303829950645,10.42.0.2,10.42.0.1,50008,1883,1,1,0,1,0,0,0,0,0,0,0,0,0,0.0,0,,0,0,,0,0,0,0,0,0,0,0,0.0,0,0,0,0,0,64.0,5760.0,0,0,0,54,eth:ethertype:ip:tcp,39.6,94.9,52.8,160.0,-50.0,84:F3:EB:12:34:56,,,,,0.0,Normal,0.0
1744303829952820,10.42.0.2,10.42.0.1,50008,1883,1,1,0,1,0,0,1,0,3,0,0,0,0,0.0,0,,0,0,,0,0,0,0,0,0,0,0,0.0,0,0,0,0,0,64.0,5760.0,0,0,0,57,eth:ethertype:ip:tcp,39.6,94.9,52.8,160.0,-50.0,84:F3:EB:12:34:56,,,,,0.0,Normal,0.0
1744303829956303,10.42.0.2,10.42.0.1,50008,1883,4,1,0,1,0,0,1,0,29,0,0,0,0,0.0,0,,0,0,,0,0,0,0,0,0,0,0,0.0,0,0,0,0,0,64.0,5760.0,0,0,0,83,eth:ethertype:ip:tcp,39.6,94.9,52.8,160.0,-50.0,84:F3:EB:12:34:56,,,,,0.0,Normal,0.0
1744303829959846,10.42.0.2,10.42.0.1,50008,1883,33,1,0,1,0,0,1,0,12,0,0,0,0,0.0,0,,0,1,,0,0,0,1,42,4,MQTT,4,0.0,0,0,0,0,0,64.0,5760.0,0,0,esp32_a0a3b3edac1c,66,eth:ethertype:ip:tcp:mqtt,39.6,94.9,52.8,160.0,-50.0,84:F3:EB:12:34:56,,,,,0.0,Normal,0.0
1744303829995160,10.42.0.2,10.42.0.1,50008,1883,45,5,0,1,0,0,1,0,3,0,0,0,0,0.0,0,,0,0,,0,0,0,0,0,0,0,0,0.0,0,0,0,0,0,64.0,5756.0,0,0,0,57,eth:ethertype:ip:tcp,39.6,94.9,52.8,160.0,-50.0,84:F3:EB:12:34:56,,,,,0.0,Normal,0.0
1744303830008012,10.42.0.2,10.42.0.1,50008,1883,48,5,0,1,1,0,1,0,185,0,0,0,0,0.0,0,,0,3,"Wakeup: 0, Mode: 0, Reset: 1, Temperature: 38.0, Uptime: 628089, Memory: 94.9, In_Temperature: 52.8°C, CPU: 160, RSSI: -50, MAC: 84:F3:EB:12:34:56, F_Storage: 99.2",test/temperatura,16,0,0,182,0,0,0,0.0,0,0,0,0,0,64.0,5756.0,0,0,0,239,eth:ethertype:ip:tcp:mqtt,38.0,94.9,52.8,160.0,-50.0,84:F3:EB:12:34:56,,,,,0.0,Normal,0.0
1744303830011284,10.42.0.2,10.42.0.1,50008,1883,234,6,0,1,0,0,0,0,0,0,0,0,0,0.0,0,,0,0,,0,0,0,0,0,0,0,0,0.0,0,0,0,0,0,64.0,5755.0,0,0,0,54,eth:ethertype:ip:tcp,38.0,94.9,52.8,160.0,-50.0,84:F3:EB:12:34:56,,,,,0.0,Normal,0.0
1744303860014202,10.42.0.2,10.42.0.1,50009,1883,0,0,1,0,0,0,0,0,0,0,0,0,0,0.0,0,,0,0,,0,0,0,0,0,0,0,0,0.0,0,0,0,0,0,64.0,5760.0,0,0,0,58,eth:ethertype:ip:tcp,38.0,94.9,52.8,160.0,-50.0,84:F3:EB:12:34:56,,,,,0.0,Normal,0.0
1744303860017969,10.42.0.2,10.42.0.1,50009,1883,1,1,0,1,0,0,0,0,0,0,0,0,0,0.0,0,,0,0,,0,0,0,0,0,0,0,0,0.0,0,0,0,0,0,64.0,5760.0,0,0,0,54,eth:ethertype:ip:tcp,38.0,94.9,52.8,160.0,-50.0,84:F3:EB:12:34:56,,,,,0.0,Normal,0.0
1744303860020422,10.42.0.2,10.42.0.1,50009,1883,1,1,0,1,0,0,1,0,3,0,0,0,0,0.0,0,,0,0,,0,0,0,0,0,0,0,0,0.0,0,0,0,0,0,64.0,5760.0,0,0,0,57,eth:ethertype:ip:tcp,38.0,94.9,52.8,160.0,-50.0,84:F3:EB:12:34:56,,,,,0.0,Normal,0.0
1744303860023807,10.42.0.2,10.42.0.1,50009,1883,4,1,0,1,0,0,1,0,29,0,0,0,0,0.0,0,,0,0,,0,0,0,0,0,0,0,0,0.0,0,0,0,0,0,64.0,5760.0,0,0,0,83,eth:ethertype:ip:tcp,38.0,94.9,52.8,160.0,-50.0,84:F3:EB:12:34:56,,,,,0.0,Normal,0.0
1744303860026971,10.42.0.2,10.42.0.1,50009,1883,33,1,0,1,0,0,1,0,12,0,0,0,0,0.0,0,,0,1,,0,0,0,1,42,4,MQTT,4,0.0,0,0,0,0,0,64.0,5760.0,0,0,esp32_a0a3b3edac1c,66,eth:ethertype:ip:tcp:mqtt,38.0,94.9,52.8,160.0,-50.0,84:F3:EB:12:34:56,,,,,0.0,Normal,0.0
1744303860063154,10.42.0.2,10.42.0.1,50009,1883,45,5,0,1,0,0,1,0,3,0,0,0,0,0.0,0,,0,0,,0,0,0,0,0,0,0,0,0.0,0,0,0,0,0,64.0,5756.0,0,0,0,57,eth:ethertype:ip:tcp,38.0,94.9,52.8,160.0,-50.0,84:F3:EB:12:34:56,,,,,0.0,Normal,0.0
1744303860075468,10.42.0.2,10.42.0.1,50009,1883,48,5,0,1,1,0,1,0,185,0,0,0,0,0.0,0,,0,3,"Wakeup: 0, Mode: 0, Reset: 1, Temperature: 32.3, Uptime: 628119, Memory: 94.9, In_Temperature: 52.8°C, CPU: 160, RSSI: -50, MAC: 84:F3:EB:12:34:56, F_Storage: 99.2",test/temperatura,16,0,0,182,0,0,0,0.0,0,0,0,0,0,64.0,5756.0,0,0,0,239,eth:ethertype:ip:tcp:mqtt,32.3,94.9,52.8,160.0,-50.0,84:F3:EB:12:34:56,,,,,0.0,Normal,0.0
1744303860079023,10.42.0.2,10.42.0.1,50009,1883,234,6,0,1,0,0,0,0,0,0,0,0,0,0.0,0,,0,0,,0,0,0,0,0,0,0,0,0.0,0,0,0,0,0,64.0,5755.0,0,0,0,54,eth:ethertype:ip:tcp,32.3,94.9,52.8,160.0,-50.0,84:F3:EB:12:34:56,,,,,0.0,Normal,0.0
1744303890084378,10.42.0.2,10.42.0.1,50010,1883,0,0,1,0,0,0,0,0,0,0,0,0,0,0.0,0,,0,0,,0,0,0,0,0,0,0,0,0.0,0,0,0,0,0,64.0,5760.0,0,0,0,58,eth:ethertype:ip:tcp,32.3,94.9,52.8,160.0,-50.0,84:F3:EB:12:34:56,,,,,0.0,Normal,0.0
1744303890088392,10.42.0.2,10.42.0.1,50010,1883,1,1,0,1,0,0,0,0,0,0,0,0,0,0.0,0,,0,0,,0,0,0,0,0,0,0,0,0.0,0,0,0,0,0,64.0,5760.0,0,0,0,54,eth:ethertype:ip:tcp,32.3,94.9,52.8,160.0,-50.0,84:F3:EB:12:34:56,,,,,0.0,Normal,0.0
1744303890090442,10.42.0.2,10.42.0.1,50010,1883,1,1,0,1,0,0,1,0,3,0,0,0,0,0.0,0,,0,0,,0,0,0,0,0,0,0,0,0.0,0,0,0,0,0,64.0,5760.0,0,0,0,57,eth:ethertype:ip:tcp,32.3,94.9,52.8,160.0,-50.0,84:F3:EB:12:34:56,,,,,0.0,Normal,0.0
1744303890093912,10.42.0.2,10.42.0.1,50010,1883,4,1,0,1,0,0,1,0,29,0,0,0,0,0.0,0,,0,0,,0,0,0,0,0,0,0,0,0.0,0,0,0,0,0,64.0,5760.0,0,0,0,83,eth:ethertype:ip:tcp,32.3,94.9,52.8,160.0,-50.0,84:F3:EB:12:34:56,,,,,0.0,Normal,0.0
1744303890097146,10.42.0.2,10.42.0.1,50010,1883,33,1,0,1,0,0,1,0,12,0,0,0,0,0.0,0,,0,1,,0,0,0,1,42,4,MQTT,4,0.0,0,0,0,0,0,64.0,5760.0,0,0,esp32_a0a3b3edac1c,66,eth:ethertype:ip:tcp:mqtt,32.3,94.9,52.8,160.0,-50.0,84:F3:EB:12:34:56,,,,,0.0,Normal,0.0
1744303890120283,10.42.0.2,10.42.0.1,50010,1883,45,5,0,1,0,0,0,0,0,0,0,0,0,0.0,0,,0,0,,0,0,0,0,0,0,0,0,0.0,0,0,0,0,0,64.0,5756.0,0,0,0,54,eth:ethertype:ip:tcp,32.3,94.9,52.8,160.0,-50.0,84:F3:EB:12:34:56,,,,,0.0,Normal,0.0
1744303890133621,10.42.0.2,10.42.0.1,50010,1883,45,5,0,1,0,0,1,0,3,0,0,0,0,0.0,0,,0,0,,0,0,0,0,0,0,0,0,0.0,0,0,0,0,0,64.0,5756.0,0,0,0,57,eth:ethertype:ip:tcp,32.3,94.9,52.8,160.0,-50.0,84:F3:EB:12:34:56,,,,,0.0,Normal,0.0
1744303890144780,10.42.0.2,10.42.0.1,50010,1883,48,5,0,1,1,0,1,0,185,0,0,0,0,0.0,0,,0,3,"Wakeup: 0, Mode: 0, Reset: 1, Temperature: 25.5, Uptime: 628149, Memory: 94.9, In_Temperature: 52.2°C, CPU: 160, RSSI: -48, MAC: 84:F3:EB:12:34:56, F_Storage: 99.2",test/temperatura,16,0,0,182,0,0,0,0.0,0,0,0,0,0,64.0,5756.0,0,0,0,239,eth:ethertype:ip:tcp:mqtt,25.5,94.9,52.2,160.0,-48.0,84:F3:EB:12:34:56,,,,,0.0,Normal,0.0
1744303890148215,10.42.0.2,10.42.0.1,50010,1883,234,6,0,1,0,0,0,0,0,0,0,0,0,0.0,0,,0,0,,0,0,0,0,0,0,0,0,0.0,0,0,0,0,0,64.0,5755.0,0,0,0,54,eth:ethertype:ip:tcp,25.5,94.9,52.2,160.0,-48.0,84:F3:EB:12:34:56,,,,,0.0,Normal,0.0
1744303920153765,10.42.0.2,10.42.0.1,50011,1883,0,0,1,0,0,0,0,0,0,0,0,0,0,0.0,0,,0,0,,0,0,0,0,0,0,0,0,0.0,0,0,0,0,0,64.0,5760.0,0,0,0,58,eth:ethertype:ip:tcp,25.5,94.9,52.2,160.0,-48.0,84:F3:EB:12:34:56,,,,,0.0,Normal,0.0
1744303920161971,10.42.0.2,10.42.0.1,50011,1883,1,1,0,1,0,0,0,0,0,0,0,0,0,0.0,0,,0,0,,0,0,0,0,0,0,0,0,0.0,0,0,0,0,0,64.0,5760.0,0,0,0,54,eth:ethertype:ip:tcp,25.5,94.9,52.2,160.0,-48.0,84:F3:EB:12:34:56,,,,,0.0,Normal,0.0
1744303920164031,10.42.0.2,10.42.0.1,50011,1883,1,1,0,1,0,0,1,0,3,0,0,0,0,0.0,0,,0,0,,0,0,0,0,0,0,0,0,0.0,0,0,0,0,0,64.0,5760.0,0,0,0,57,eth:ethertype:ip:tcp,25.5,94.9,52.2,160.0,-48.0,84:F3:EB:12:34:56,,,,,0.0,Normal,0.0
1744303920167545,10.42.0.2,10.42.0.1,50011,1883,4,1,0,1,0,0,1,0,29,0,0,0,0,0.0,0,,0,0,,0,0,0,0,0,0,0,0,0.0,0,0,0,0,0,64.0,5760.0,0,0,0,83,eth:ethertype:ip:tcp,25.5,94.9,52.2,160.0,-48.0,84:F3:EB:12:34:56,,,,,0.0,Normal,0.0
1744303920170748,10.42.0.2,10.42.0.1,50011,1883,33,1,0,1,0,0,1,0,12,0,0,0,0,0.0,0,,0,1,,0,0,0,1,42,4,MQTT,4,0.0,0,0,0,0,0,64.0,5760.0,0,0,esp32_a0a3b3edac1c,66,eth:ethertype:ip:tcp:mqtt,25.5,94.9,52.2,160.0,-48.0,84:F3:EB:12:34:56,,,,,0.0,Normal,0.0
1744303920206055,10.42.0.2,10.42.0.1,50011,1883,45,5,0,1,0,0,1,0,3,0,0,0,0,0.0,0,,0,0,,0,0,0,0,0,0,0,0,0.0,0,0,0,0,0,64.0,5756.0,0,0,0,57,eth:ethertype:ip:tcp,25.5,94.9,52.2,160.0,-48.0,84:F3:EB:12:34:56,,,,,0.0,Normal,0.0
1744303920224287,10.42.0.2,10.42.0.1,50011,1883,48,5,0,1,1,0,1,0,185,0,0,0,0,0.0,0,,0,3,"Wakeup: 0, Mode: 0, Reset: 1, Temperature: 39.0, Uptime: 628179, Memory: 94.9, In_Temperature: 52.8°C, CPU: 160, RSSI: -48, MAC: 84:F3:EB:12:34:56, F_Storage: 99.2",test/temperatura,16,0,0,182,0,0,0,0.0,0,0,0,0,0,64.0,5756.0,0,0,0,239,eth:ethertype:ip:tcp:mqtt,39.0,94.9,52.8,160.0,-48.0,84:F3:EB:12:34:56,,,,,0.0,Normal,0.0
1744303920227754,10.42.0.2,10.42.0.1,50011,1883,234,6,0,1,0,0,0,0,0,0,0,0,0,0.0,0,,0,0,,0,0,0,0,0,0,0,0,0.0,0,0,0,0,0,64.0,5755.0,0,0,0,54,eth:ethertype:ip:tcp,39.0,94.9,52.8,160.0,-48.0,84:F3:EB:12:34:56,,,,,0.0,Normal,0.0
1744303950233118,10.42.0.2,10.42.0.1,50012,1883,0,0,1,0,0,0,0,0,0,0,0,0,0,0.0,0,,0,0,,0,0,0,0,0,0,0,0,0.0,0,0,0,0,0,64.0,5760.0,0,0,0,58,eth:ethertype:ip:tcp,39.0,94.9,52.8,160.0,-48.0,84:F3:EB:12:34:56,,,,,0.0,Normal,0.0
1744303950237179,10.42.0.2,10.42.0.1,50012,1883,1,1,0,1,0,0,0,0,0,0,0,0,0,0.0,0,,0,0,,0,0,0,0,0,0,0,0,0.0,0,0,0,0,0,64.0,5760.0,0,0,0,54,eth:ethertype:ip:tcp,39.0,94.9,52.8,160.0,-48.0,84:F3:EB:12:34:56,,,,,0.0,Normal,0.0
1744303950239222,10.42.0.2,10.42.0.1,50012,1883,1,1,0,1,0,0,1,0,3,0,0,0,0,0.0,0,,0,0,,0,0,0,0,0,0,0,0,0.0,0,0,0,0,0,64.0,5760.0,0,0,0,57,eth:ethertype:ip:tcp,39.0,94.9,52.8,160.0,-48.0,84:F3:EB:12:34:56,,,,,0.0,Normal,0.0
1744303950242635,10.42.0.2,10.42.0.1,50012,1883,4,1,0,1,0,0,1,0,29,0,0,0,0,0.0,0,,0,0,,0,0,0,0,0,0,0,0,0.0,0,0,0,0,0,64.0,5760.0,0,0,0,83,eth:ethertype:ip:tcp,39.0,94.9,52.8,160.0,-48.0,84:F3:EB:12:34:56,,,,,0.0,Normal,0.0
1744303950245670,10.42.0.2,10.42.0.1,50012,1883,33,1,0,1,0,0,1,0,12,0,0,0,0,0.0,0,,0,1,,0,0,0,1,42,4,MQTT,4,0.0,0,0,0,0,0,64.0,5760.0,0,0,esp32_a0a3b3edac1c,66,eth:ethertype:ip:tcp:mqtt,39.0,94.9,52.8,160.0,-48.0,84:F3:EB:12:34:56,,,,,0.0,Normal,0.0
1744303950281487,10.42.0.2,10.42.0.1,50012,1883,45,5,0,1,0,0,1,0,3,0,0,0,0,0.0,0,,0,0,,0,0,0,0,0,0,0,0,0.0,0,0,0,0,0,64.0,5756.0,0,0,0,57,eth:ethertype:ip:tcp,39.0,94.9,52.8,160.0,-48.0,84:F3:EB:12:34:56,,,,,0.0,Normal,0.0
1744303950293326,10.42.0.2,10.42.0.1,50012,1883,48,5,0,1,1,0,1,0,185,0,0,0,0,0.0,0,,0,3,"Wakeup: 0, Mode: 0, Reset: 1, Temperature: 29.8, Uptime: 628209, Memory: 94.9, In_Temperature: 52.8°C, CPU: 160, RSSI: -48, MAC: 84:F3:EB:12:34:56, F_Storage: 99.2",test/temperatura,16,0,0,182,0,0,0,0.0,0,0,0,0,0,64.0,5756.0,0,0,0,239,eth:ethertype:ip:tcp:mqtt,29.8,94.9,52.8,160.0,-48.0,84:F3:EB:12:34:56,,,,,0.0,Normal,0.0
1744303950296900,10.42.0.2,10.42.0.1,50012,1883,234,6,0,1,0,0,0,0,0,0,0,0,0,0.0,0,,0,0,,0,0,0,0,0,0,0,0,0.0,0,0,0,0,0,64.0,5755.0,0,0,0,54,eth:ethertype:ip:tcp,29.8,94.9,52.8,160.0,-48.0,84:F3:EB:12:34:56,,,,,0.0,Normal,0.0
1744303980302359,10.42.0.2,10.42.0.1,50013,1883,0,0,1,0,0,0,0,0,0,0,0,0,0,0.0,0,,0,0,,0,0,0,0,0,0,0,0,0.0,0,0,0,0,0,64.0,5760.0,0,0,0,58,eth:ethertype:ip:tcp,29.8,94.9,52.8,160.0,-48.0,84:F3:EB:12:34:56,,,,,0.0,Normal,0.0
1744303980306241,10.42.0.2,10.42.0.1,50013,1883,1,1,0,1,0,0,0,0,0,0,0,0,0,0.0,0,,0,0,,0,0,0,0,0,0,0,0,0.0,0,0,0,0,0,64.0,5760.0,0,0,0,54,eth:ethertype:ip:tcp,29.8,94.9,52.8,160.0,-48.0,84:F3:EB:12:34:56,,,,,0.0,Normal,0.0
1744303980308391,10.42.0.2,10.42.0.1,50013,1883,1,1,0,1,0,0,1,0,3,0,0,0,0,0.0,0,,0,0,,0,0,0,0,0,0,0,0,0.0,0,0,0,0,0,64.0,5760.0,0,0,0,57,eth:ethertype:ip:tcp,29.8,94.9,52.8,160.0,-48.0,84:F3:EB:12:34:56,,,,,0.0,Normal,0.0
1744303980311784,10.42.0.2,10.42.0.1,50013,1883,4,1,0,1,0,0,1,0,29,0,0,0,0,0.0,0,,0,0,,0,0,0,0,0,0,0,0,0.0,0,0,0,0,0,64.0,5760.0,0,0,0,83,eth:ethertype:ip:tcp,29.8,94.9,52.8,160.0,-48.0,84:F3:EB:12:34:56,,,,,0.0,Normal,0.0
1744303980314915,10.42.0.2,10.42.0.1,50013,1883,33,1,0,1,0,0,1,0,12,0,0,0,0,0.0,0,,0,1,,0,0,0,1,42,4,MQTT,4,0.0,0,0,0,0,0,64.0,5760.0,0,0,esp32_a0a3b3edac1c,66,eth:ethertype:ip:tcp:mqtt,29.8,94.9,52.8,160.0,-48.0,84:F3:EB:12:34:56,,,,,0.0,Normal,0.0
1744303980350341,10.42.0.2,10.42.0.1,50013,1883,45,5,0,1,0,0,1,0,3,0,0,0,0,0.0,0,,0,0,,0,0,0,0,0,0,0,0,0.0,0,0,0,0,0,64.0,5756.0,0,0,0,57,eth:ethertype:ip:tcp,29.8,94.9,52.8,160.0,-48.0,84:F3:EB:12:34:56,,,,,0.0,Normal,0.0
1744303980363042,10.42.0.2,10.42.0.1,50013,1883,48,5,0,1,1,0,1,0,185,0,0,0,0,0.0,0,,0,3,"Wakeup: 0, Mode: 0, Reset: 1, Temperature: 35.3, Uptime: 628239, Memory: 94.9, In_Temperature: 52.8°C, CPU: 160, RSSI: -49, MAC: 84:F3:EB:12:34:56, F_Storage: 99.2",test/temperatura,16,0,0,182,0,0,0,0.0,0,0,0,0,0,64.0,5756.0,0,0,0,239,eth:ethertype:ip:tcp:mqtt,35.3,94.9,52.8,160.0,-49.0,84:F3:EB:12:34:56,,,,,0.0,Normal,0.0
1744303980367498,10.42.0.2,10.42.0.1,50013,1883,234,6,0,1,0,0,0,0,0,0,0,0,0,0.0,0,,0,0,,0,0,0,0,0,0,0,0,0.0,0,0,0,0,0,64.0,5755.0,0,0,0,54,eth:ethertype:ip:tcp,35.3,94.9,52.8,160.0,-49.0,84:F3:EB:12:34:56,,,,,0.0,Normal,0.0
1744304010378436,10.42.0.2,10.42.0.1,50014,1883,0,0,1,0,0,0,0,0,0,0,0,0,0,0.0,0,,0,0,,0,0,0,0,0,0,0,0,0.0,0,0,0,0,0,64.0,5760.0,0,0,0,58,eth:ethertype:ip:tcp,35.3,94.9,52.8,160.0,-49.0,84:F3:EB:12:34:56,,,,,0.0,Normal,0.0
1744304010382183,10.42.0.2,10.42.0.1,50014,1883,1,1,0,1,0,0,0,0,0,0,0,0,0,0.0,0,,0,0,,0,0,0,0,0,0,0,0,0.0,0,0,0,0,0,64.0,5760.0,0,0,0,54,eth:ethertype:ip:tcp,35.3,94.9,52.8,160.0,-49.0,84:F3:EB:12:34:56,,,,,0.0,Normal,0.0
1744304010384349,10.42.0.2,10.42.0.1,50014,1883,1,1,0,1,0,0,1,0,3,0,0,0,0,0.0,0,,0,0,,0,0,0,0,0,0,0,0,0.0,0,0,0,0,0,64.0,5760.0,0,0,0,57,eth:ethertype:ip:tcp,35.3,94.9,52.8,160.0,-49.0,84:F3:EB:12:34:56,,,,,0.0,Normal,0.0
1744304010387590,10.42.0.2,10.42.0.1,50014,1883,4,1,0,1,0,0,1,0,29,0,0,0,0,0.0,0,,0,0,,0,0,0,0,0,0,0,0,0.0,0,0,0,0,0,64.0,5760.0,0,0,0,83,eth:ethertype:ip:tcp,35.3,94.9,52.8,160.0,-49.0,84:F3:EB:12:34:56,,,,,0.0,Normal,0.0
1744304010390793,10.42.0.2,10.42.0.1,50014,1883,33,1,0,1,0,0,1,0,12,0,0,0,0,0.0,0,,0,1,,0,0,0,1,42,4,MQTT,4,0.0,0,0,0,0,0,64.0,5760.0,0,0,esp32_a0a3b3edac1c,66,eth:ethertype:ip:tcp:mqtt,35.3,94.9,52.8,160.0,-49.0,84:F3:EB:12:34:56,,,,,0.0,Normal,0.0
1744304010426033,10.42.0.2,10.42.0.1,50014,1883,45,5,0,1,0,0,1,0,3,0,0,0,0,0.0,0,,0,0,,0,0,0,0,0,0,0,0,0.0,0,0,0,0,0,64.0,5756.0,0,0,0,57,eth:ethertype:ip:tcp,35.3,94.9,52.8,160.0,-49.0,84:F3:EB:12:34:56,,,,,0.0,Normal,0.0
1744304010441971,10.42.0.2,10.42.0.1,50014,1883,48,5,0,1,1,0,1,0,185,0,0,0,0,0.0,0,,0,3,"Wakeup: 0, Mode: 0, Reset: 1, Temperature: 30.8, Uptime: 628269, Memory: 94.9, In_Temperature: 52.8°C, CPU: 160, RSSI: -49, MAC: 84:F3:EB:12:34:56, F_Storage: 99.2",test/temperatura,16,0,0,182,0,0,0,0.0,0,0,0,0,0,64.0,5756.0,0,0,0,239,eth:ethertype:ip:tcp:mqtt,30.8,94.9,52.8,160.0,-49.0,84:F3:EB:12:34:56,,,,,0.0,Normal,0.0
1744304010448329,10.42.0.2,10.42.0.1,50014,1883,234,6,0,1,0,0,0,0,0,0,0,0,0,0.0,0,,0,0,,0,0,0,0,0,0,0,0,0.0,0,0,0,0,0,64.0,5755.0,0,0,0,54,eth:ethertype:ip:tcp,30.8,94.9,52.8,160.0,-49.0,84:F3:EB:12:34:56,,,,,0.0,Normal,0.0
1744304040469903,10.42.0.2,10.42.0.1,50015,1883,0,0,1,0,0,0,0,0,0,0,0,0,0,0.0,0,,0,0,,0,0,0,0,0,0,0,0,0.0,0,0,0,0,0,64.0,5760.0,0,0,0,58,eth:ethertype:ip:tcp,30.8,94.9,52.8,160.0,-49.0,84:F3:EB:12:34:56,,,,,0.0,Normal,0.0
1744304040473652,10.42.0.2,10.42.0.1,50015,1883,1,1,0,1,0,0,0,0,0,0,0,0,0,0.0,0,,0,0,,0,0,0,0,0,0,0,0,0.0,0,0,0,0,0,64.0,5760.0,0,0,0,54,eth:ethertype:ip:tcp,30.8,94.9,52.8,160.0,-49.0,84:F3:EB:12:34:56,,,,,0.0,Normal,0.0
1744304040476458,10.42.0.2,10.42.0.1,50015,1883,1,1,0,1,0,0,1,0,3,0,0,0,0,0.0,0,,0,0,,0,0,0,0,0,0,0,0,0.0,0,0,0,0,0,64.0,5760.0,0,0,0,57,eth:ethertype:ip:tcp,30.8,94.9,52.8,160.0,-49.0,84:F3:EB:12:34:56,,,,,0.0,Normal,0.0
1744304040481908,10.42.0.2,10.42.0.1,50015,1883,4,1,0,1,0,0,1,0,41,0,0,0,0,0.0,0,,0,1,,0,0,0,1,42,4,MQTT,4,0.0,0,0,0,0,0,64.0,5760.0,0,0,esp32_a0a3b3edac1c,95,eth:ethertype:ip:tcp:mqtt,30.8,94.9,52.8,160.0,-49.0,84:F3:EB:12:34:56,,,,,0.0,Normal,0.0
1744304040517318,10.42.0.2,10.42.0.1,50015,1883,45,5,0,1,0,0,1,0,3,0,0,0,0,0.0,0,,0,0,,0,0,0,0,0,0,0,0,0.0,0,0,0,0,0,64.0,5756.0,0,0,0,57,eth:ethertype:ip:tcp,30.8,94.9,52.8,160.0,-49.0,84:F3:EB:12:34:56,,,,,0.0,Normal,0.0
1744304040531240,10.42.0.2,10.42.0.1,50015,1883,48,5,0,1,1,0,1,0,185,0,0,0,0,0.0,0,,0,3,"Wakeup: 0, Mode: 0, Reset: 1, Temperature: 25.2, Uptime: 628299, Memory: 94.9, In_Temperature: 52.8°C, CPU: 160, RSSI: -49, MAC: 84:F3:EB:12:34:56, F_Storage: 99.2",test/temperatura,16,0,0,182,0,0,0,0.0,0,0,0,0,0,64.0,5756.0,0,0,0,239,eth:ethertype:ip:tcp:mqtt,25.2,94.9,52.8,160.0,-49.0,84:F3:EB:12:34:56,,,,,0.0,Normal,0.0
1744304040534485,10.42.0.2,10.42.0.1,50015,1883,234,6,0,1,0,0,0,0,0,0,0,0,0,0.0,0,,0,0,,0,0,0,0,0,0,0,0,0.0,0,0,0,0,0,64.0,5755.0,0,0,0,54,eth:ethertype:ip:tcp,25.2,94.9,52.8,160.0,-49.0,84:F3:EB:12:34:56,,,,,0.0,Normal,0.0
1744304070540404,10.42.0.2,10.42.0.1,50016,1883,0,0,1,0,0,0,0,0,0,0,0,0,0,0.0,0,,0,0,,0,0,0,0,0,0,0,0,0.0,0,0,0,0,0,64.0,5760.0,0,0,0,58,eth:ethertype:ip:tcp,25.2,94.9,52.8,160.0,-49.0,84:F3:EB:12:34:56,,,,,0.0,Normal,0.0
1744304070544848,10.42.0.2,10.42.0.1,50016,1883,1,1,0,1,0,0,0,0,0,0,0,0,0,0.0,0,,0,0,,0,0,0,0,0,0,0,0,0.0,0,0,0,0,0,64.0,5760.0,0,0,0,54,eth:ethertype:ip:tcp,25.2,94.9,52.8,160.0,-49.0,84:F3:EB:12:34:56,,,,,0.0,Normal,0.0
1744304070546869,10.42.0.2,10.42.0.1,50016,1883,1,1,0,1,0,0,1,0,3,0,0,0,0,0.0,0,,0,0,,0,0,0,0,0,0,0,0,0.0,0,0,0,0,0,64.0,5760.0,0,0,0,57,eth:ethertype:ip:tcp,25.2,94.9,52.8,160.0,-49.0,84:F3:EB:12:34:56,,,,,0.0,Normal,0.0
1744304070550267,10.42.0.2,10.42.0.1,50016,1883,4,1,0,1,0,0,1,0,29,0,0,0,0,0.0,0,,0,0,,0,0,0,0,0,0,0,0,0.0,0,0,0,0,0,64.0,5760.0,0,0,0,83,eth:ethertype:ip:tcp,25.2,94.9,52.8,160.0,-49.0,84:F3:EB:12:34:56,,,,,0.0,Normal,0.0
1744304070553343,10.42.0.2,10.42.0.1,50016,1883,33,1,0,1,0,0,1,0,12,0,0,0,0,0.0,0,,0,1,,0,0,0,1,42,4,MQTT,4,0.0,0,0,0,0,0,64.0,5760.0,0,0,esp32_a0a3b3edac1c,66,eth:ethertype:ip:tcp:mqtt,25.2,94.9,52.8,160.0,-49.0,84:F3:EB:12:34:56,,,,,0.0,Normal,0.0
1744304070589913,10.42.0.2,10.42.0.1,50016,1883,45,5,0,1,0,0,1,0,3,0,0,0,0,0.0,0,,0,0,,0,0,0,0,0,0,0,0,0.0,0,0,0,0,0,64.0,5756.0,0,0,0,57,eth:ethertype:ip:tcp,25.2,94.9,52.8,160.0,-49.0,84:F3:EB:12:34:56,,,,,0.0,Normal,0.0
1744304070600540,10.42.0.2,10.42.0.1,50016,1883,48,5,0,1,1,0,1,0,185,0,0,0,0,0.0,0,,0,3,"Wakeup: 0, Mode: 0, Reset: 1, Temperature: 35.3, Uptime: 628329, Memory: 94.9, In_Temperature: 52.8°C, CPU: 160, RSSI: -49, MAC: 84:F3:EB:12:34:56, F_Storage: 99.2",test/temperatura,16,0,0,182,0,0,0,0.0,0,0,0,0,0,64.0,5756.0,0,0,0,239,eth:ethertype:ip:tcp:mqtt,35.3,94.9,52.8,160.0,-49.0,84:F3:EB:12:34:56,,,,,0.0,Normal,0.0
1744304070604006,10.42.0.2,10.42.0.1,50016,1883,234,6,0,1,0,0,0,0,0,0,0,0,0,0.0,0,,0,0,,0,0,0,0,0,0,0,0,0.0,0,0,0,0,0,64.0,5755.0,0,0,0,54,eth:ethertype:ip:tcp,35.3,94.9,52.8,160.0,-49.0,84:F3:EB:12:34:56,,,,,0.0,Normal,0.0
1744304100609758,10.42.0.2,10.42.0.1,50017,1883,0,0,1,0,0,0,0,0,0,0,0,0,0,0.0,0,,0,0,,0,0,0,0,0,0,0,0,0.0,0,0,0,0,0,64.0,5760.0,0,0,0,58,eth:ethertype:ip:tcp,35.3,94.9,52.8,160.0,-49.0,84:F3:EB:12:34:56,,,,,0.0,Normal,0.0
1744304100613847,10.42.0.2,10.42.0.1,50017,1883,1,1,0,1,0,0,0,0,0,0,0,0,0,0.0,0,,0,0,,0,0,0,0,0,0,0,0,0.0,0,0,0,0,0,64.0,5760.0,0,0,0,54,eth:ethertype:ip:tcp,35.3,94.9,52.8,160.0,-49.0,84:F3:EB:12:34:56,,,,,0.0,Normal,0.0
1744304100615948,10.42.0.2,10.42.0.1,50017,1883,1,1,0,1,0,0,1,0,3,0,0,0,0,0.0,0,,0,0,,0,0,0,0,0,0,0,0,0.0,0,0,0,0,0,64.0,5760.0,0,0,0,57,eth:ethertype:ip:tcp,35.3,94.9,52.8,160.0,-49.0,84:F3:EB:12:34:56,,,,,0.0,Normal,0.0
1744304100619472,10.42.0.2,10.42.0.1,50017,1883,4,1,0,1,0,0,1,0,29,0,0,0,0,0.0,0,,0,0,,0,0,0,0,0,0,0,0,0.0,0,0,0,0,0,64.0,5760.0,0,0,0,83,eth:ethertype:ip:tcp,35.3,94.9,52.8,160.0,-49.0,84:F3:EB:12:34:56,,,,,0.0,Normal,0.0
1744304100622492,10.42.0.2,10.42.0.1,50017,1883,33,1,0,1,0,0,1,0,12,0,0,0,0,0.0,0,,0,1,,0,0,0,1,42,4,MQTT,4,0.0,0,0,0,0,0,64.0,5760.0,0,0,esp32_a0a3b3edac1c,66,eth:ethertype:ip:tcp:mqtt,35.3,94.9,52.8,160.0,-49.0,84:F3:EB:12:34:56,,,,,0.0,Normal,0.0
1744304100658473,10.42.0.2,10.42.0.1,50017,1883,45,5,0,1,0,0,1,0,3,0,0,0,0,0.0,0,,0,0,,0,0,0,0,0,0,0,0,0.0,0,0,0,0,0,64.0,5756.0,0,0,0,57,eth:ethertype:ip:tcp,35.3,94.9,52.8,160.0,-49.0,84:F3:EB:12:34:56,,,,,0.0,Normal,0.0
1744304100669980,10.42.0.2,10.42.0.1,50017,1883,48,5,0,1,1,0,1,0,185,0,0,0,0,0.0,0,,0,3,"Wakeup: 0, Mode: 0, Reset: 1, Temperature: 25.5, Uptime: 628360, Memory: 94.9, In_Temperature: 52.8°C, CPU: 160, RSSI: -50, MAC: 84:F3:EB:12:34:56, F_Storage: 99.2",test/temperatura,16,0,0,182,0,0,0,0.0,0,0,0,0,0,64.0,5756.0,0,0,0,239,eth:ethertype:ip:tcp:mqtt,25.5,94.9,52.8,160.0,-50.0,84:F3:EB:12:34:56,,,,,0.0,Normal,0.0
1744304100673457,10.42.0.2,10.42.0.1,50017,1883,234,6,0,1,0,0,0,0,0,0,0,0,0,0.0,0,,0,0,,0,0,0,0,0,0,0,0,0.0,0,0,0,0,0,64.0,5755.0,0,0,0,54,eth:ethertype:ip:tcp,25.5,94.9,52.8,160.0,-50.0,84:F3:EB:12:34:56,,,,,0.0,Normal,0.0
1744304130680912,10.42.0.2,10.42.0.1,50018,1883,0,0,1,0,0,0,0,0,0,0,0,0,0,0.0,0,,0,0,,0,0,0,0,0,0,0,0,0.0,0,0,0,0,0,64.0,5760.0,0,0,0,58,eth:ethertype:ip:tcp,25.5,94.9,52.8,160.0,-50.0,84:F3:EB:12:34:56,,,,,0.0,Normal,0.0
1744304130684903,10.42.0.2,10.42.0.1,50018,1883,1,1,0,1,0,0,0,0,0,0,0,0,0,0.0,0,,0,0,,0,0,0,0,0,0,0,0,0.0,0,0,0,0,0,64.0,5760.0,0,0,0,54,eth:ethertype:ip:tcp,25.5,94.9,52.8,160.0,-50.0,84:F3:EB:12:34:56,,,,,0.0,Normal,0.0
1744304130686923,10.42.0.2,10.42.0.1,50018,1883,1,1,0,1,0,0,1,0,3,0,0,0,0,0.0,0,,0,0,,0,0,0,0,0,0,0,0,0.0,0,0,0,0,0,64.0,5760.0,0,0,0,57,eth:ethertype:ip:tcp,25.5,94.9,52.8,160.0,-50.0,84:F3:EB:12:34:56,,,,,0.0,Normal,0.0
1744304130690885,10.42.0.2,10.42.0.1,50018,1883,4,1,0,1,0,0,1,0,29,0,0,0,0,0.0,0,,0,0,,0,0,0,0,0,0,0,0,0.0,0,0,0,0,0,64.0,5760.0,0,0,0,83,eth:ethertype:ip:tcp,25.5,94.9,52.8,160.0,-50.0,84:F3:EB:12:34:56,,,,,0.0,Normal,0.0
1744304130695727,10.42.0.2,10.42.0.1,50018,1883,33,1,0,1,0,0,1,0,12,0,0,0,0,0.0,0,,0,1,,0,0,0,1,42,4,MQTT,4,0.0,0,0,0,0,0,64.0,5760.0,0,0,esp32_a0a3b3edac1c,66,eth:ethertype:ip:tcp:mqtt,25.5,94.9,52.8,160.0,-50.0,84:F3:EB:12:34:56,,,,,0.0,Normal,0.0
1744304130745072,10.42.0.2,10.42.0.1,50018,1883,45,5,0,1,0,0,1,0,3,0,0,0,0,0.0,0,,0,0,,0,0,0,0,0,0,0,0,0.0,0,0,0,0,0,64.0,5756.0,0,0,0,57,eth:ethertype:ip:tcp,25.5,94.9,52.8,160.0,-50.0,84:F3:EB:12:34:56,,,,,0.0,Normal,0.0
1744304130749314,10.42.0.2,10.42.0.1,50018,1883,48,5,0,1,1,0,1,0,185,0,0,0,0,0.0,0,,0,3,"Wakeup: 0, Mode: 0, Reset: 1, Temperature: 38.8, Uptime: 628390, Memory: 94.9, In_Temperature: 52.8°C, CPU: 160, RSSI: -48, MAC: 84:F3:EB:12:34:56, F_Storage: 99.2",test/temperatura,16,0,0,182,0,0,0,0.0,0,0,0,0,0,64.0,5756.0,0,0,0,239,eth:ethertype:ip:tcp:mqtt,38.8,94.9,52.8,160.0,-48.0,84:F3:EB:12:34:56,,,,,0.0,Normal,0.0
1744304130753168,10.42.0.2,10.42.0.1,50018,1883,234,6,0,1,0,0,0,0,0,0,0,0,0,0.0,0,,0,0,,0,0,0,0,0,0,0,0,0.0,0,0,0,0,0,64.0,5755.0,0,0,0,54,eth:ethertype:ip:tcp,38.8,94.9,52.8,160.0,-48.0,84:F3:EB:12:34:56,,,,,0.0,Normal,0.0
1744304160758165,10.42.0.2,10.42.0.1,50019,1883,0,0,1,0,0,0,0,0,0,0,0,0,0,0.0,0,,0,0,,0,0,0,0,0,0,0,0,0.0,0,0,0,0,0,64.0,5760.0,0,0,0,58,eth:ethertype:ip:tcp,38.8,94.9,52.8,160.0,-48.0,84:F3:EB:12:34:56,,,,,0.0,Normal,0.0
1744304160783871,10.42.0.2,10.42.0.1,50019,1883,1,1,0,1,0,0,0,0,0,0,0,0,0,0.0,0,,0,0,,0,0,0,0,0,0,0,0,0.0,0,0,0,0,0,64.0,5760.0,0,0,0,54,eth:ethertype:ip:tcp,38.8,94.9,52.8,160.0,-48.0,84:F3:EB:12:34:56,,,,,0.0,Normal,0.0
1744304160784339,10.42.0.2,10.42.0.1,50019,1883,1,1,0,1,0,0,1,0,3,0,0,0,0,0.0,0,,0,0,,0,0,0,0,0,0,0,0,0.0,0,0,0,0,0,64.0,5760.0,0,0,0,57,eth:ethertype:ip:tcp,38.8,94.9,52.8,160.0,-48.0,84:F3:EB:12:34:56,,,,,0.0,Normal,0.0
1744304160787205,10.42.0.2,10.42.0.1,50019,1883,4,1,0,1,0,0,1,0,41,0,0,0,0,0.0,0,,0,1,,0,0,0,1,42,4,MQTT,4,0.0,0,0,0,0,0,64.0,5760.0,0,0,esp32_a0a3b3edac1c,95,eth:ethertype:ip:tcp:mqtt,38.8,94.9,52.8,160.0,-48.0,84:F3:EB:12:34:56,,,,,0.0,Normal,0.0
1744304160827140,10.42.0.2,10.42.0.1,50019,1883,45,5,0,1,0,0,1,0,3,0,0,0,0,0.0,0,,0,0,,0,0,0,0,0,0,0,0,0.0,0,0,0,0,0,64.0,5756.0,0,0,0,57,eth:ethertype:ip:tcp,38.8,94.9,52.8,160.0,-48.0,84:F3:EB:12:34:56,,,,,0.0,Normal,0.0
1744304160838603,10.42.0.2,10.42.0.1,50019,1883,48,5,0,1,1,0,1,0,185,0,0,0,0,0.0,0,,0,3,"Wakeup: 0, Mode: 0, Reset: 1, Temperature: 28.1, Uptime: 628420, Memory: 94.9, In_Temperature: 52.2°C, CPU: 160, RSSI: -49, MAC: 84:F3:EB:12:34:56, F_Storage: 99.2",test/temperatura,16,0,0,182,0,0,0,0.0,0,0,0,0,0,64.0,5756.0,0,0,0,239,eth:ethertype:ip:tcp:mqtt,28.1,94.9,52.2,160.0,-49.0,84:F3:EB:12:34:56,,,,,0.0,Normal,0.0
1744304160842197,10.42.0.2,10.42.0.1,50019,1883,234,6,0,1,0,0,0,0,0,0,0,0,0,0.0,0,,0,0,,0,0,0,0,0,0,0,0,0.0,0,0,0,0,0,64.0,5755.0,0,0,0,54,eth:ethertype:ip:tcp,28.1,94.9,52.2,160.0,-49.0,84:F3:EB:12:34:56,,,,,0.0,Normal,0.0
1744304190847694,10.42.0.2,10.42.0.1,50020,1883,0,0,1,0,0,0,0,0,0,0,0,0,0,0.0,0,,0,0,,0,0,0,0,0,0,0,0,0.0,0,0,0,0,0,64.0,5760.0,0,0,0,58,eth:ethertype:ip:tcp,28.1,94.9,52.2,160.0,-49.0,84:F3:EB:12:34:56,,,,,0.0,Normal,0.0
1744304190851720,10.42.0.2,10.42.0.1,50020,1883,1,1,0,1,0,0,0,0,0,0,0,0,0,0.0,0,,0,0,,0,0,0,0,0,0,0,0,0.0,0,0,0,0,0,64.0,5760.0,0,0,0,54,eth:ethertype:ip:tcp,28.1,94.9,52.2,160.0,-49.0,84:F3:EB:12:34:56,,,,,0.0,Normal,0.0
1744304190853834,10.42.0.2,10.42.0.1,50020,1883,1,1,0,1,0,0,1,0,3,0,0,0,0,0.0,0,,0,0,,0,0,0,0,0,0,0,0,0.0,0,0,0,0,0,64.0,5760.0,0,0,0,57,eth:ethertype:ip:tcp,28.1,94.9,52.2,160.0,-49.0,84:F3:EB:12:34:56,,,,,0.0,Normal,0.0
1744304190857470,10.42.0.2,10.42.0.1,50020,1883,4,1,0,1,0,0,1,0,31,0,0,0,0,0.0,0,,0,0,,0,0,0,0,0,0,0,0,0.0,0,0,0,0,0,64.0,5760.0,0,0,0,85,eth:ethertype:ip:tcp,28.1,94.9,52.2,160.0,-49.0,84:F3:EB:12:34:56,,,,,0.0,Normal,0.0
1744304190861693,10.42.0.2,10.42.0.1,50020,1883,35,1,0,1,0,0,1,0,4,0,0,0,0,0.0,0,,0,0,,0,0,0,0,0,0,0,0,0.0,0,0,0,0,0,64.0,5760.0,0,0,0,58,eth:ethertype:ip:tcp,28.1,94.9,52.2,160.0,-49.0,84:F3:EB:12:34:56,,,,,0.0,Normal,0.0
1744304190865540,10.42.0.2,10.42.0.1,50020,1883,39,1,0,1,0,0,1,0,2,0,0,0,0,0.0,0,,0,0,,0,0,0,0,0,0,0,0,0.0,0,0,0,0,0,64.0,5760.0,0,0,0,56,eth:ethertype:ip:tcp,28.1,94.9,52.2,160.0,-49.0,84:F3:EB:12:34:56,,,,,0.0,Normal,0.0
1744304190868812,10.42.0.2,10.42.0.1,50020,1883,41,1,0,1,0,0,1,0,4,0,0,0,0,0.0,0,,0,1,,0,0,0,1,42,4,MQTT,4,0.0,0,0,0,0,0,64.0,5760.0,0,0,esp32_a0a3b3edac1c,58,eth:ethertype:ip:tcp:mqtt,28.1,94.9,52.2,160.0,-49.0,84:F3:EB:12:34:56,,,,,0.0,Normal,0.0
1744304190905886,10.42.0.2,10.42.0.1,50020,1883,45,5,0,1,0,0,1,0,3,0,0,0,0,0.0,0,,0,0,,0,0,0,0,0,0,0,0,0.0,0,0,0,0,0,64.0,5756.0,0,0,0,57,eth:ethertype:ip:tcp,28.1,94.9,52.2,160.0,-49.0,84:F3:EB:12:34:56,,,,,0.0,Normal,0.0
1744304190931570,10.42.0.2,10.42.0.1,50020,1883,48,5,0,1,1,0,1,0,185,0,0,0,0,0.0,0,,0,3,"Wakeup: 0, Mode: 0, Reset: 1, Temperature: 31.3, Uptime: 628450, Memory: 94.9, In_Temperature: 52.8°C, CPU: 160, RSSI: -51, MAC: 84:F3:EB:12:34:56, F_Storage: 99.2",test/temperatura,16,0,0,182,0,0,0,0.0,0,0,0,0,0,64.0,5756.0,0,0,0,239,eth:ethertype:ip:tcp:mqtt,31.3,94.9,52.8,160.0,-51.0,84:F3:EB:12:34:56,,,,,0.0,Normal,0.0
1744304190935147,10.42.0.2,10.42.0.1,50020,1883,234,6,0,1,0,0,0,0,0,0,0,0,0,0.0,0,,0,0,,0,0,0,0,0,0,0,0,0.0,0,0,0,0,0,64.0,5755.0,0,0,0,54,eth:ethertype:ip:tcp,31.3,94.9,52.8,160.0,-51.0,84:F3:EB:12:34:56,,,,,0.0,Normal,0.0
1744304220926119,10.42.0.2,10.42.0.1,50021,1883,0,0,1,0,0,0,0,0,0,0,0,0,0,0.0,0,,0,0,,0,0,0,0,0,0,0,0,0.0,0,0,0,0,0,64.0,5760.0,0,0,0,58,eth:ethertype:ip:tcp,31.3,94.9,52.8,160.0,-51.0,84:F3:EB:12:34:56,,,,,0.0,Normal,0.0
1744304220929687,10.42.0.2,10.42.0.1,50021,1883,1,1,0,1,0,0,0,0,0,0,0,0,0,0.0,0,,0,0,,0,0,0,0,0,0,0,0,0.0,0,0,0,0,0,64.0,5760.0,0,0,0,54,eth:ethertype:ip:tcp,31.3,94.9,52.8,160.0,-51.0,84:F3:EB:12:34:56,,,,,0.0,Normal,0.0
1744304220932041,10.42.0.2,10.42.0.1,50021,1883,1,1,0,1,0,0,1,0,3,0,0,0,0,0.0,0,,0,0,,0,0,0,0,0,0,0,0,0.0,0,0,0,0,0,64.0,5760.0,0,0,0,57,eth:ethertype:ip:tcp,31.3,94.9,52.8,160.0,-51.0,84:F3:EB:12:34:56,,,,,0.0,Normal,0.0
1744304220935503,10.42.0.2,10.42.0.1,50021,1883,4,1,0,1,0,0,1,0,29,0,0,0,0,0.0,0,,0,0,,0,0,0,0,0,0,0,0,0.0,0,0,0,0,0,64.0,5760.0,0,0,0,83,eth:ethertype:ip:tcp,31.3,94.9,52.8,160.0,-51.0,84:F3:EB:12:34:56,,,,,0.0,Normal,0.0
1744304220938636,10.42.0.2,10.42.0.1,50021,1883,33,1,0,1,0,0,1,0,12,0,0,0,0,0.0,0,,0,1,,0,0,0,1,42,4,MQTT,4,0.0,0,0,0,0,0,64.0,5760.0,0,0,esp32_a0a3b3edac1c,66,eth:ethertype:ip:tcp:mqtt,31.3,94.9,52.8,160.0,-51.0,84:F3:EB:12:34:56,,,,,0.0,Normal,0.0
1744304220973892,10.42.0.2,10.42.0.1,50021,1883,45,5,0,1,0,0,1,0,3,0,0,0,0,0.0,0,,0,0,,0,0,0,0,0,0,0,0,0.0,0,0,0,0,0,64.0,5756.0,0,0,0,57,eth:ethertype:ip:tcp,31.3,94.9,52.8,160.0,-51.0,84:F3:EB:12:34:56,,,,,0.0,Normal,0.0
1744304221005241,10.42.0.2,10.42.0.1,50021,1883,48,5,0,1,1,0,1,0,185,0,0,0,0,0.0,0,,0,3,"Wakeup: 0, Mode: 0, Reset: 1, Temperature: 39.0, Uptime: 628480, Memory: 94.9, In_Temperature: 52.8°C, CPU: 160, RSSI: -50, MAC: 84:F3:EB:12:34:56, F_Storage: 99.2",test/temperatura,16,0,0,182,0,0,0,0.0,0,0,0,0,0,64.0,5756.0,0,0,0,239,eth:ethertype:ip:tcp:mqtt,39.0,94.9,52.8,160.0,-50.0,84:F3:EB:12:34:56,,,,,0.0,Normal,0.0
1744304221012264,10.42.0.2,10.42.0.1,50021,1883,234,6,0,1,0,0,0,0,0,0,0,0,0,0.0,0,,0,0,,0,0,0,0,0,0,0,0,0.0,0,0,0,0,0,64.0,5755.0,0,0,0,54,eth:ethertype:ip:tcp,39.0,94.9,52.8,160.0,-50.0,84:F3:EB:12:34:56,,,,,0.0,Normal,0.0
1744304250995324,10.42.0.2,10.42.0.1,50022,1883,0,0,1,0,0,0,0,0,0,0,0,0,0,0.0,0,,0,0,,0,0,0,0,0,0,0,0,0.0,0,0,0,0,0,64.0,5760.0,0,0,0,58,eth:ethertype:ip:tcp,39.0,94.9,52.8,160.0,-50.0,84:F3:EB:12:34:56,,,,,0.0,Normal,0.0
1744304250999031,10.42.0.2,10.42.0.1,50022,1883,1,1,0,1,0,0,0,0,0,0,0,0,0,0.0,0,,0,0,,0,0,0,0,0,0,0,0,0.0,0,0,0,0,0,64.0,5760.0,0,0,0,54,eth:ethertype:ip:tcp,39.0,94.9,52.8,160.0,-50.0,84:F3:EB:12:34:56,,,,,0.0,Normal,0.0
1744304251001307,10.42.0.2,10.42.0.1,50022,1883,1,1,0,1,0,0,1,0,3,0,0,0,0,0.0,0,,0,0,,0,0,0,0,0,0,0,0,0.0,0,0,0,0,0,64.0,5760.0,0,0,0,57,eth:ethertype:ip:tcp,39.0,94.9,52.8,160.0,-50.0,84:F3:EB:12:34:56,,,,,0.0,Normal,0.0
1744304251004706,10.42.0.2,10.42.0.1,50022,1883,4,1,0,1,0,0,1,0,29,0,0,0,0,0.0,0,,0,0,,0,0,0,0,0,0,0,0,0.0,0,0,0,0,0,64.0,5760.0,0,0,0,83,eth:ethertype:ip:tcp,39.0,94.9,52.8,160.0,-50.0,84:F3:EB:12:34:56,,,,,0.0,Normal,0.0
1744304251007894,10.42.0.2,10.42.0.1,50022,1883,33,1,0,1,0,0,1,0,12,0,0,0,0,0.0,0,,0,1,,0,0,0,1,42,4,MQTT,4,0.0,0,0,0,0,0,64.0,5760.0,0,0,esp32_a0a3b3edac1c,66,eth:ethertype:ip:tcp:mqtt,39.0,94.9,52.8,160.0,-50.0,84:F3:EB:12:34:56,,,,,0.0,Normal,0.0
1744304251047701,10.42.0.2,10.42.0.1,50022,1883,45,5,0,1,0,0,1,0,3,0,0,0,0,0.0,0,,0,0,,0,0,0,0,0,0,0,0,0.0,0,0,0,0,0,64.0,5756.0,0,0,0,57,eth:ethertype:ip:tcp,39.0,94.9,52.8,160.0,-50.0,84:F3:EB:12:34:56,,,,,0.0,Normal,0.0
1744304251056602,10.42.0.2,10.42.0.1,50022,1883,48,5,0,1,1,0,1,0,185,0,0,0,0,0.0,0,,0,3,"Wakeup: 0, Mode: 0, Reset: 1, Temperature: 27.8, Uptime: 628510, Memory: 94.9, In_Temperature: 52.8°C, CPU: 160, RSSI: -48, MAC: 84:F3:EB:12:34:56, F_Storage: 99.2",test/temperatura,16,0,0,182,0,0,0,0.0,0,0,0,0,0,64.0,5756.0,0,0,0,239,eth:ethertype:ip:tcp:mqtt,27.8,94.9,52.8,160.0,-48.0,84:F3:EB:12:34:56,,,,,0.0,Normal,0.0
1744304251059867,10.42.0.2,10.42.0.1,50022,1883,234,6,0,1,0,0,0,0,0,0,0,0,0,0.0,0,,0,0,,0,0,0,0,0,0,0,0,0.0,0,0,0,0,0,64.0,5755.0,0,0,0,54,eth:ethertype:ip:tcp,27.8,94.9,52.8,160.0,-48.0,84:F3:EB:12:34:56,,,,,0.0,Normal,0.0
1744304281073889,10.42.0.2,10.42.0.1,50023,1883,0,0,1,0,0,0,0,0,0,0,0,0,0,0.0,0,,0,0,,0,0,0,0,0,0,0,0,0.0,0,0,0,0,0,64.0,5760.0,0,0,0,58,eth:ethertype:ip:tcp,27.8,94.9,52.8,160.0,-48.0,84:F3:EB:12:34:56,,,,,0.0,Normal,0.0
1744304281078186,10.42.0.2,10.42.0.1,50023,1883,1,1,0,1,0,0,0,0,0,0,0,0,0,0.0,0,,0,0,,0,0,0,0,0,0,0,0,0.0,0,0,0,0,0,64.0,5760.0,0,0,0,54,eth:ethertype:ip:tcp,27.8,94.9,52.8,160.0,-48.0,84:F3:EB:12:34:56,,,,,0.0,Normal,0.0
1744304281080303,10.42.0.2,10.42.0.1,50023,1883,1,1,0,1,0,0,1,0,3,0,0,0,0,0.0,0,,0,0,,0,0,0,0,0,0,0,0,0.0,0,0,0,0,0,64.0,5760.0,0,0,0,57,eth:ethertype:ip:tcp,27.8,94.9,52.8,160.0,-48.0,84:F3:EB:12:34:56,,,,,0.0,Normal,0.0
1744304281083776,10.42.0.2,10.42.0.1,50023,1883,4,1,0,1,0,0,1,0,29,0,0,0,0,0.0,0,,0,0,,0,0,0,0,0,0,0,0,0.0,0,0,0,0,0,64.0,5760.0,0,0,0,83,eth:ethertype:ip:tcp,27.8,94.9,52.8,160.0,-48.0,84:F3:EB:12:34:56,,,,,0.0,Normal,0.0
1744304281087106,10.42.0.2,10.42.0.1,50023,1883,33,1,0,1,0,0,1,0,12,0,0,0,0,0.0,0,,0,1,,0,0,0,1,42,4,MQTT,4,0.0,0,0,0,0,0,64.0,5760.0,0,0,esp32_a0a3b3edac1c,66,eth:ethertype:ip:tcp:mqtt,27.8,94.9,52.8,160.0,-48.0,84:F3:EB:12:34:56,,,,,0.0,Normal,0.0
1744304281112542,10.42.0.2,10.42.0.1,50023,1883,45,5,0,1,0,0,0,0,0,0,0,0,0,0.0,0,,0,0,,0,0,0,0,0,0,0,0,0.0,0,0,0,0,0,64.0,5756.0,0,0,0,54,eth:ethertype:ip:tcp,27.8,94.9,52.8,160.0,-48.0,84:F3:EB:12:34:56,,,,,0.0,Normal,0.0
1744304281125580,10.42.0.2,10.42.0.1,50023,1883,45,5,0,1,0,0,1,0,3,0,0,0,0,0.0,0,,0,0,,0,0,0,0,0,0,0,0,0.0,0,0,0,0,0,64.0,5756.0,0,0,0,57,eth:ethertype:ip:tcp,27.8,94.9,52.8,160.0,-48.0,84:F3:EB:12:34:56,,,,,0.0,Normal,0.0
1744304281157820,10.42.0.2,10.42.0.1,50023,1883,48,5,0,1,1,0,1,0,185,0,0,0,0,0.0,0,,0,3,"Wakeup: 0, Mode: 0, Reset: 1, Temperature: 36.5, Uptime: 628540, Memory: 94.9, In_Temperature: 52.2°C, CPU: 160, RSSI: -47, MAC: 84:F3:EB:12:34:56, F_Storage: 99.2",test/temperatura,16,0,0,182,0,0,0,0.0,0,0,0,0,0,64.0,5756.0,0,0,0,239,eth:ethertype:ip:tcp:mqtt,36.5,94.9,52.2,160.0,-47.0,84:F3:EB:12:34:56,,,,,0.0,Normal,0.0
1744304281161125,10.42.0.2,10.42.0.1,50023,1883,234,6,0,1,0,0,0,0,0,0,0,0,0,0.0,0,,0,0,,0,0,0,0,0,0,0,0,0.0,0,0,0,0,0,64.0,5755.0,0,0,0,54,eth:ethertype:ip:tcp,36.5,94.9,52.2,160.0,-47.0,84:F3:EB:12:34:56,,,,,0.0,Normal,0.0
1744304311144864,10.42.0.2,10.42.0.1,50024,1883,0,0,1,0,0,0,0,0,0,0,0,0,0,0.0,0,,0,0,,0,0,0,0,0,0,0,0,0.0,0,0,0,0,0,64.0,5760.0,0,0,0,58,eth:ethertype:ip:tcp,36.5,94.9,52.2,160.0,-47.0,84:F3:EB:12:34:56,,,,,0.0,Normal,0.0
1744304311149092,10.42.0.2,10.42.0.1,50024,1883,1,1,0,1,0,0,0,0,0,0,0,0,0,0.0,0,,0,0,,0,0,0,0,0,0,0,0,0.0,0,0,0,0,0,64.0,5760.0,0,0,0,54,eth:ethertype:ip:tcp,36.5,94.9,52.2,160.0,-47.0,84:F3:EB:12:34:56,,,,,0.0,Normal,0.0
1744304311151202,10.42.0.2,10.42.0.1,50024,1883,1,1,0,1,0,0,1,0,3,0,0,0,0,0.0,0,,0,0,,0,0,0,0,0,0,0,0,0.0,0,0,0,0,0,64.0,5760.0,0,0,0,57,eth:ethertype:ip:tcp,36.5,94.9,52.2,160.0,-47.0,84:F3:EB:12:34:56,,,,,0.0,Normal,0.0
1744304311154657,10.42.0.2,10.42.0.1,50024,1883,4,1,0,1,0,0,1,0,29,0,0,0,0,0.0,0,,0,0,,0,0,0,0,0,0,0,0,0.0,0,0,0,0,0,64.0,5760.0,0,0,0,83,eth:ethertype:ip:tcp,36.5,94.9,52.2,160.0,-47.0,84:F3:EB:12:34:56,,,,,0.0,Normal,0.0
1744304311157740,10.42.0.2,10.42.0.1,50024,1883,33,1,0,1,0,0,1,0,12,0,0,0,0,0.0,0,,0,1,,0,0,0,1,42,4,MQTT,4,0.0,0,0,0,0,0,64.0,5760.0,0,0,esp32_a0a3b3edac1c,66,eth:ethertype:ip:tcp:mqtt,36.5,94.9,52.2,160.0,-47.0,84:F3:EB:12:34:56,,,,,0.0,Normal,0.0
1744304311204630,10.42.0.2,10.42.0.1,50024,1883,45,5,0,1,0,0,1,0,3,0,0,0,0,0.0,0,,0,0,,0,0,0,0,0,0,0,0,0.0,0,0,0,0,0,64.0,5756.0,0,0,0,57,eth:ethertype:ip:tcp,36.5,94.9,52.2,160.0,-47.0,84:F3:EB:12:34:56,,,,,0.0,Normal,0.0
1744304311205481,10.42.0.2,10.42.0.1,50024,1883,48,5,0,1,1,0,1,0,185,0,0,0,0,0.0,0,,0,3,"Wakeup: 0, Mode: 0, Reset: 1, Temperature: 32.6, Uptime: 628570, Memory: 94.9, In_Temperature: 52.2°C, CPU: 160, RSSI: -50, MAC: 84:F3:EB:12:34:56, F_Storage: 99.2",test/temperatura,16,0,0,182,0,0,0,0.0,0,0,0,0,0,64.0,5756.0,0,0,0,239,eth:ethertype:ip:tcp:mqtt,32.6,94.9,52.2,160.0,-50.0,84:F3:EB:12:34:56,,,,,0.0,Normal,0.0
1744304311208988,10.42.0.2,10.42.0.1,50024,1883,234,6,0,1,0,0,0,0,0,0,0,0,0,0.0,0,,0,0,,0,0,0,0,0,0,0,0,0.0,0,0,0,0,0,64.0,5755.0,0,0,0,54,eth:ethertype:ip:tcp,32.6,94.9,52.2,160.0,-50.0,84:F3:EB:12:34:56,,,,,0.0,Normal,0.0
1744304341214623,10.42.0.2,10.42.0.1,50025,1883,0,0,1,0,0,0,0,0,0,0,0,0,0,0.0,0,,0,0,,0,0,0,0,0,0,0,0,0.0,0,0,0,0,0,64.0,5760.0,0,0,0,58,eth:ethertype:ip:tcp,32.6,94.9,52.2,160.0,-50.0,84:F3:EB:12:34:56,,,,,0.0,Normal,0.0
1744304341218877,10.42.0.2,10.42.0.1,50025,1883,1,1,0,1,0,0,0,0,0,0,0,0,0,0.0,0,,0,0,,0,0,0,0,0,0,0,0,0.0,0,0,0,0,0,64.0,5760.0,0,0,0,54,eth:ethertype:ip:tcp,32.6,94.9,52.2,160.0,-50.0,84:F3:EB:12:34:56,,,,,0.0,Normal,0.0
1744304341220940,10.42.0.2,10.42.0.1,50025,1883,1,1,0,1,0,0,1,0,3,0,0,0,0,0.0,0,,0,0,,0,0,0,0,0,0,0,0,0.0,0,0,0,0,0,64.0,5760.0,0,0,0,57,eth:ethertype:ip:tcp,32.6,94.9,52.2,160.0,-50.0,84:F3:EB:12:34:56,,,,,0.0,Normal,0.0
1744304341225552,10.42.0.2,10.42.0.1,50025,1883,4,1,0,1,0,0,1,0,29,0,0,0,0,0.0,0,,0,0,,0,0,0,0,0,0,0,0,0.0,0,0,0,0,0,64.0,5760.0,0,0,0,83,eth:ethertype:ip:tcp,32.6,94.9,52.2,160.0,-50.0,84:F3:EB:12:34:56,,,,,0.0,Normal,0.0
1744304341230551,10.42.0.2,10.42.0.1,50025,1883,33,1,0,1,0,0,1,0,12,0,0,0,0,0.0,0,,0,1,,0,0,0,1,42,4,MQTT,4,0.0,0,0,0,0,0,64.0,5760.0,0,0,esp32_a0a3b3edac1c,66,eth:ethertype:ip:tcp:mqtt,32.6,94.9,52.2,160.0,-50.0,84:F3:EB:12:34:56,,,,,0.0,Normal,0.0
1744304341265728,10.42.0.2,10.42.0.1,50025,1883,45,5,0,1,0,0,1,0,3,0,0,0,0,0.0,0,,0,0,,0,0,0,0,0,0,0,0,0.0,0,0,0,0,0,64.0,5756.0,0,0,0,57,eth:ethertype:ip:tcp,32.6,94.9,52.2,160.0,-50.0,84:F3:EB:12:34:56,,,,,0.0,Normal,0.0
1744304341274416,10.42.0.2,10.42.0.1,50025,1883,48,5,0,1,1,0,1,0,185,0,0,0,0,0.0,0,,0,3,"Wakeup: 0, Mode: 0, Reset: 1, Temperature: 37.6, Uptime: 628600, Memory: 94.9, In_Temperature: 52.8°C, CPU: 160, RSSI: -50, MAC: 84:F3:EB:12:34:56, F_Storage: 99.2",test/temperatura,16,0,0,182,0,0,0,0.0,0,0,0,0,0,64.0,5756.0,0,0,0,239,eth:ethertype:ip:tcp:mqtt,37.6,94.9,52.8,160.0,-50.0,84:F3:EB:12:34:56,,,,,0.0,Normal,0.0
1744304341277639,10.42.0.2,10.42.0.1,50025,1883,234,6,0,1,0,0,0,0,0,0,0,0,0,0.0,0,,0,0,,0,0,0,0,0,0,0,0,0.0,0,0,0,0,0,64.0,5755.0,0,0,0,54,eth:ethertype:ip:tcp,37.6,94.9,52.8,160.0,-50.0,84:F3:EB:12:34:56,,,,,0.0,Normal,0.0
1744304371292910,10.42.0.2,10.42.0.1,50026,1883,0,0,1,0,0,0,0,0,0,0,0,0,0,0.0,0,,0,0,,0,0,0,0,0,0,0,0,0.0,0,0,0,0,0,64.0,5760.0,0,0,0,58,eth:ethertype:ip:tcp,37.6,94.9,52.8,160.0,-50.0,84:F3:EB:12:34:56,,,,,0.0,Normal,0.0
1744304371299691,10.42.0.2,10.42.0.1,50026,1883,1,1,0,1,0,0,0,0,0,0,0,0,0,0.0,0,,0,0,,0,0,0,0,0,0,0,0,0.0,0,0,0,0,0,64.0,5760.0,0,0,0,54,eth:ethertype:ip:tcp,37.6,94.9,52.8,160.0,-50.0,84:F3:EB:12:34:56,,,,,0.0,Normal,0.0
1744304371301764,10.42.0.2,10.42.0.1,50026,1883,1,1,0,1,0,0,1,0,3,0,0,0,0,0.0,0,,0,0,,0,0,0,0,0,0,0,0,0.0,0,0,0,0,0,64.0,5760.0,0,0,0,57,eth:ethertype:ip:tcp,37.6,94.9,52.8,160.0,-50.0,84:F3:EB:12:34:56,,,,,0.0,Normal,0.0
1744304371305262,10.42.0.2,10.42.0.1,50026,1883,4,1,0,1,0,0,1,0,29,0,0,0,0,0.0,0,,0,0,,0,0,0,0,0,0,0,0,0.0,0,0,0,0,0,64.0,5760.0,0,0,0,83,eth:ethertype:ip:tcp,37.6,94.9,52.8,160.0,-50.0,84:F3:EB:12:34:56,,,,,0.0,Normal,0.0
1744304371309120,10.42.0.2,10.42.0.1,50026,1883,33,1,0,1,0,0,1,0,12,0,0,0,0,0.0,0,,0,1,,0,0,0,1,42,4,MQTT,4,0.0,0,0,0,0,0,64.0,5760.0,0,0,esp32_a0a3b3edac1c,66,eth:ethertype:ip:tcp:mqtt,37.6,94.9,52.8,160.0,-50.0,84:F3:EB:12:34:56,,,,,0.0,Normal,0.0
1744304371345943,10.42.0.2,10.42.0.1,50026,1883,45,5,0,1,0,0,1,0,3,0,0,0,0,0.0,0,,0,0,,0,0,0,0,0,0,0,0,0.0,0,0,0,0,0,64.0,5756.0,0,0,0,57,eth:ethertype:ip:tcp,37.6,94.9,52.8,160.0,-50.0,84:F3:EB:12:34:56,,,,,0.0,Normal,0.0
1744304371385814,10.42.0.2,10.42.0.1,50026,1883,48,5,0,1,1,0,1,0,185,0,0,0,0,0.0,0,,0,3,"Wakeup: 0, Mode: 0, Reset: 1, Temperature: 35.3, Uptime: 628630, Memory: 94.9, In_Temperature: 52.8°C, CPU: 160, RSSI: -49, MAC: 84:F3:EB:12:34:56, F_Storage: 99.2",test/temperatura,16,0,0,182,0,0,0,0.0,0,0,0,0,0,64.0,5756.0,0,0,0,239,eth:ethertype:ip:tcp:mqtt,35.3,94.9,52.8,160.0,-49.0,84:F3:EB:12:34:56,,,,,0.0,Normal,0.0
1744304371389339,10.42.0.2,10.42.0.1,50026,1883,234,6,0,1,0,0,0,0,0,0,0,0,0,0.0,0,,0,0,,0,0,0,0,0,0,0,0,0.0,0,0,0,0,0,64.0,5755.0,0,0,0,54,eth:ethertype:ip:tcp,35.3,94.9,52.8,160.0,-49.0,84:F3:EB:12:34:56,,,,,0.0,Normal,0.0
1744304401372842,10.42.0.2,10.42.0.1,50027,1883,0,0,1,0,0,0,0,0,0,0,0,0,0,0.0,0,,0,0,,0,0,0,0,0,0,0,0,0.0,0,0,0,0,0,64.0,5760.0,0,0,0,58,eth:ethertype:ip:tcp,35.3,94.9,52.8,160.0,-49.0,84:F3:EB:12:34:56,,,,,0.0,Normal,0.0
1744304401376755,10.42.0.2,10.42.0.1,50027,1883,1,1,0,1,0,0,0,0,0,0,0,0,0,0.0,0,,0,0,,0,0,0,0,0,0,0,0,0.0,0,0,0,0,0,64.0,5760.0,0,0,0,54,eth:ethertype:ip:tcp,35.3,94.9,52.8,160.0,-49.0,84:F3:EB:12:34:56,,,,,0.0,Normal,0.0
1744304401378842,10.42.0.2,10.42.0.1,50027,1883,1,1,0,1,0,0,1,0,3,0,0,0,0,0.0,0,,0,0,,0,0,0,0,0,0,0,0,0.0,0,0,0,0,0,64.0,5760.0,0,0,0,57,eth:ethertype:ip:tcp,35.3,94.9,52.8,160.0,-49.0,84:F3:EB:12:34:56,,,,,0.0,Normal,0.0
1744304401382300,10.42.0.2,10.42.0.1,50027,1883,4,1,0,1,0,0,1,0,29,0,0,0,0,0.0,0,,0,0,,0,0,0,0,0,0,0,0,0.0,0,0,0,0,0,64.0,5760.0,0,0,0,83,eth:ethertype:ip:tcp,35.3,94.9,52.8,160.0,-49.0,84:F3:EB:12:34:56,,,,,0.0,Normal,0.0
1744304401385391,10.42.0.2,10.42.0.1,50027,1883,33,1,0,1,0,0,1,0,12,0,0,0,0,0.0,0,,0,1,,0,0,0,1,42,4,MQTT,4,0.0,0,0,0,0,0,64.0,5760.0,0,0,esp32_a0a3b3edac1c,66,eth:ethertype:ip:tcp:mqtt,35.3,94.9,52.8,160.0,-49.0,84:F3:EB:12:34:56,,,,,0.0,Normal,0.0
1744304401429500,10.42.0.2,10.42.0.1,50027,1883,45,5,0,1,0,0,1,0,3,0,0,0,0,0.0,0,,0,0,,0,0,0,0,0,0,0,0,0.0,0,0,0,0,0,64.0,5756.0,0,0,0,57,eth:ethertype:ip:tcp,35.3,94.9,52.8,160.0,-49.0,84:F3:EB:12:34:56,,,,,0.0,Normal,0.0
1744304401433151,10.42.0.2,10.42.0.1,50027,1883,48,5,0,1,1,0,1,0,185,0,0,0,0,0.0,0,,0,3,"Wakeup: 0, Mode: 0, Reset: 1, Temperature: 40.7, Uptime: 628660, Memory: 94.9, In_Temperature: 52.8°C, CPU: 160, RSSI: -49, MAC: 84:F3:EB:12:34:56, F_Storage: 99.2",test/temperatura,16,0,0,182,0,0,0,0.0,0,0,0,0,0,64.0,5756.0,0,0,0,239,eth:ethertype:ip:tcp:mqtt,40.7,94.9,52.8,160.0,-49.0,84:F3:EB:12:34:56,,,,,0.0,Normal,0.0
1744304401441979,10.42.0.2,10.42.0.1,50027,1883,234,6,0,1,0,0,0,0,0,0,0,0,0,0.0,0,,0,0,,0,0,0,0,0,0,0,0,0.0,0,0,0,0,0,64.0,5755.0,0,0,0,54,eth:ethertype:ip:tcp,40.7,94.9,52.8,160.0,-49.0,84:F3:EB:12:34:56,,,,,0.0,Normal,0.0
1744304431444101,10.42.0.2,10.42.0.1,50028,1883,0,0,1,0,0,0,0,0,0,0,0,0,0,0.0,0,,0,0,,0,0,0,0,0,0,0,0,0.0,0,0,0,0,0,64.0,5760.0,0,0,0,58,eth:ethertype:ip:tcp,40.7,94.9,52.8,160.0,-49.0,84:F3:EB:12:34:56,,,,,0.0,Normal,0.0
1744304431459431,10.42.0.2,10.42.0.1,50028,1883,1,1,0,1,0,0,0,0,0,0,0,0,0,0.0,0,,0,0,,0,0,0,0,0,0,0,0,0.0,0,0,0,0,0,64.0,5760.0,0,0,0,54,eth:ethertype:ip:tcp,40.7,94.9,52.8,160.0,-49.0,84:F3:EB:12:34:56,,,,,0.0,Normal,0.0
1744304431460066,10.42.0.2,10.42.0.1,50028,1883,1,1,0,1,0,0,1,0,3,0,0,0,0,0.0,0,,0,0,,0,0,0,0,0,0,0,0,0.0,0,0,0,0,0,64.0,5760.0,0,0,0,57,eth:ethertype:ip:tcp,40.7,94.9,52.8,160.0,-49.0,84:F3:EB:12:34:56,,,,,0.0,Normal,0.0
1744304431462800,10.42.0.2,10.42.0.1,50028,1883,4,1,0,1,0,0,1,0,41,0,0,0,0,0.0,0,,0,1,,0,0,0,1,42,4,MQTT,4,0.0,0,0,0,0,0,64.0,5760.0,0,0,esp32_a0a3b3edac1c,95,eth:ethertype:ip:tcp:mqtt,40.7,94.9,52.8,160.0,-49.0,84:F3:EB:12:34:56,,,,,0.0,Normal,0.0
1744304431500509,10.42.0.2,10.42.0.1,50028,1883,45,5,0,1,0,0,1,0,3,0,0,0,0,0.0,0,,0,0,,0,0,0,0,0,0,0,0,0.0,0,0,0,0,0,64.0,5756.0,0,0,0,57,eth:ethertype:ip:tcp,40.7,94.9,52.8,160.0,-49.0,84:F3:EB:12:34:56,,,,,0.0,Normal,0.0
1744304431512559,10.42.0.2,10.42.0.1,50028,1883,48,5,0,1,1,0,1,0,185,0,0,0,0,0.0,0,,0,3,"Wakeup: 0, Mode: 0, Reset: 1, Temperature: 26.6, Uptime: 628690, Memory: 94.9, In_Temperature: 52.8°C, CPU: 160, RSSI: -49, MAC: 84:F3:EB:12:34:56, F_Storage: 99.2",test/temperatura,16,0,0,182,0,0,0,0.0,0,0,0,0,0,64.0,5756.0,0,0,0,239,eth:ethertype:ip:tcp:mqtt,26.6,94.9,52.8,160.0,-49.0,84:F3:EB:12:34:56,,,,,0.0,Normal,0.0
1744304431515950,10.42.0.2,10.42.0.1,50028,1883,234,6,0,1,0,0,0,0,0,0,0,0,0,0.0,0,,0,0,,0,0,0,0,0,0,0,0,0.0,0,0,0,0,0,64.0,5755.0,0,0,0,54,eth:ethertype:ip:tcp,26.6,94.9,52.8,160.0,-49.0,84:F3:EB:12:34:56,,,,,0.0,Normal,0.0
1744304461520680,10.42.0.2,10.42.0.1,50029,1883,0,0,1,0,0,0,0,0,0,0,0,0,0,0.0,0,,0,0,,0,0,0,0,0,0,0,0,0.0,0,0,0,0,0,64.0,5760.0,0,0,0,58,eth:ethertype:ip:tcp,26.6,94.9,52.8,160.0,-49.0,84:F3:EB:12:34:56,,,,,0.0,Normal,0.0
1744304461524143,10.42.0.2,10.42.0.1,50029,1883,1,1,0,1,0,0,0,0,0,0,0,0,0,0.0,0,,0,0,,0,0,0,0,0,0,0,0,0.0,0,0,0,0,0,64.0,5760.0,0,0,0,54,eth:ethertype:ip:tcp,26.6,94.9,52.8,160.0,-49.0,84:F3:EB:12:34:56,,,,,0.0,Normal,0.0
1744304461526661,10.42.0.2,10.42.0.1,50029,1883,1,1,0,1,0,0,1,0,3,0,0,0,0,0.0,0,,0,0,,0,0,0,0,0,0,0,0,0.0,0,0,0,0,0,64.0,5760.0,0,0,0,57,eth:ethertype:ip:tcp,26.6,94.9,52.8,160.0,-49.0,84:F3:EB:12:34:56,,,,,0.0,Normal,0.0
1744304461557033,10.42.0.2,10.42.0.1,50029,1883,4,1,0,1,0,0,1,0,29,0,0,0,0,0.0,0,,0,0,,0,0,0,0,0,0,0,0,0.0,0,0,0,0,0,64.0,5760.0,0,0,0,83,eth:ethertype:ip:tcp,26.6,94.9,52.8,160.0,-49.0,84:F3:EB:12:34:56,,,,,0.0,Normal,0.0
1744304461559896,10.42.0.2,10.42.0.1,50029,1883,33,1,0,1,0,0,1,0,12,0,0,0,0,0.0,0,,0,1,,0,0,0,1,42,4,MQTT,4,0.0,0,0,0,0,0,64.0,5760.0,0,0,esp32_a0a3b3edac1c,66,eth:ethertype:ip:tcp:mqtt,26.6,94.9,52.8,160.0,-49.0,84:F3:EB:12:34:56,,,,,0.0,Normal,0.0
1744304461597339,10.42.0.2,10.42.0.1,50029,1883,45,5,0,1,0,0,1,0,3,0,0,0,0,0.0,0,,0,0,,0,0,0,0,0,0,0,0,0.0,0,0,0,0,0,64.0,5756.0,0,0,0,57,eth:ethertype:ip:tcp,26.6,94.9,52.8,160.0,-49.0,84:F3:EB:12:34:56,,,,,0.0,Normal,0.0
1744304461612009,10.42.0.2,10.42.0.1,50029,1883,48,5,0,1,1,0,1,0,185,0,0,0,0,0.0,0,,0,3,"Wakeup: 0, Mode: 0, Reset: 1, Temperature: 30.1, Uptime: 628720, Memory: 94.9, In_Temperature: 52.8°C, CPU: 160, RSSI: -50, MAC: 84:F3:EB:12:34:56, F_Storage: 99.2",test/temperatura,16,0,0,182,0,0,0,0.0,0,0,0,0,0,64.0,5756.0,0,0,0,239,eth:ethertype:ip:tcp:mqtt,30.1,94.9,52.8,160.0,-50.0,84:F3:EB:12:34:56,,,,,0.0,Normal,0.0
1744304461615342,10.42.0.2,10.42.0.1,50029,1883,234,6,0,1,0,0,0,0,0,0,0,0,0,0.0,0,,0,0,,0,0,0,0,0,0,0,0,0.0,0,0,0,0,0,64.0,5755.0,0,0,0,54,eth:ethertype:ip:tcp,30.1,94.9,52.8,160.0,-50.0,84:F3:EB:12:34:56,,,,,0.0,Normal,0.0
1744304491620496,10.42.0.2,10.42.0.1,50030,1883,0,0,1,0,0,0,0,0,0,0,0,0,0,0.0,0,,0,0,,0,0,0,0,0,0,0,0,0.0,0,0,0,0,0,64.0,5760.0,0,0,0,58,eth:ethertype:ip:tcp,30.1,94.9,52.8,160.0,-50.0,84:F3:EB:12:34:56,,,,,0.0,Normal,0.0
1744304491624153,10.42.0.2,10.42.0.1,50030,1883,1,1,0,1,0,0,0,0,0,0,0,0,0,0.0,0,,0,0,,0,0,0,0,0,0,0,0,0.0,0,0,0,0,0,64.0,5760.0,0,0,0,54,eth:ethertype:ip:tcp,30.1,94.9,52.8,160.0,-50.0,84:F3:EB:12:34:56,,,,,0.0,Normal,0.0
1744304491626471,10.42.0.2,10.42.0.1,50030,1883,1,1,0,1,0,0,1,0,3,0,0,0,0,0.0,0,,0,0,,0,0,0,0,0,0,0,0,0.0,0,0,0,0,0,64.0,5760.0,0,0,0,57,eth:ethertype:ip:tcp,30.1,94.9,52.8,160.0,-50.0,84:F3:EB:12:34:56,,,,,0.0,Normal,0.0
1744304491629779,10.42.0.2,10.42.0.1,50030,1883,4,1,0,1,0,0,1,0,29,0,0,0,0,0.0,0,,0,0,,0,0,0,0,0,0,0,0,0.0,0,0,0,0,0,64.0,5760.0,0,0,0,83,eth:ethertype:ip:tcp,30.1,94.9,52.8,160.0,-50.0,84:F3:EB:12:34:56,,,,,0.0,Normal,0.0
1744304491632877,10.42.0.2,10.42.0.1,50030,1883,33,1,0,1,0,0,1,0,12,0,0,0,0,0.0,0,,0,1,,0,0,0,1,42,4,MQTT,4,0.0,0,0,0,0,0,64.0,5760.0,0,0,esp32_a0a3b3edac1c,66,eth:ethertype:ip:tcp:mqtt,30.1,94.9,52.8,160.0,-50.0,84:F3:EB:12:34:56,,,,,0.0,Normal,0.0
1744304491668678,10.42.0.2,10.42.0.1,50030,1883,45,5,0,1,0,0,1,0,3,0,0,0,0,0.0,0,,0,0,,0,0,0,0,0,0,0,0,0.0,0,0,0,0,0,64.0,5756.0,0,0,0,57,eth:ethertype:ip:tcp,30.1,94.9,52.8,160.0,-50.0,84:F3:EB:12:34:56,,,,,0.0,Normal,0.0
1744304491680948,10.42.0.2,10.42.0.1,50030,1883,48,5,0,1,1,0,1,0,185,0,0,0,0,0.0,0,,0,3,"Wakeup: 0, Mode: 0, Reset: 1, Temperature: 26.4, Uptime: 628751, Memory: 94.9, In_Temperature: 52.8°C, CPU: 160, RSSI: -48, MAC: 84:F3:EB:12:34:56, F_Storage: 99.2",test/temperatura,16,0,0,182,0,0,0,0.0,0,0,0,0,0,64.0,5756.0,0,0,0,239,eth:ethertype:ip:tcp:mqtt,26.4,94.9,52.8,160.0,-48.0,84:F3:EB:12:34:56,,,,,0.0,Normal,0.0
1744304491684447,10.42.0.2,10.42.0.1,50030,1883,234,6,0,1,0,0,0,0,0,0,0,0,0,0.0,0,,0,0,,0,0,0,0,0,0,0,0,0.0,0,0,0,0,0,64.0,5755.0,0,0,0,54,eth:ethertype:ip:tcp,26.4,94.9,52.8,160.0,-48.0,84:F3:EB:12:34:56,,,,,0.0,Normal,0.0
1744304521690026,10.42.0.2,10.42.0.1,50031,1883,0,0,1,0,0,0,0,0,0,0,0,0,0,0.0,0,,0,0,,0,0,0,0,0,0,0,0,0.0,0,0,0,0,0,64.0,5760.0,0,0,0,58,eth:ethertype:ip:tcp,26.4,94.9,52.8,160.0,-48.0,84:F3:EB:12:34:56,,,,,0.0,Normal,0.0
1744304521694325,10.42.0.2,10.42.0.1,50031,1883,1,1,0,1,0,0,0,0,0,0,0,0,0,0.0,0,,0,0,,0,0,0,0,0,0,0,0,0.0,0,0,0,0,0,64.0,5760.0,0,0,0,54,eth:ethertype:ip:tcp,26.4,94.9,52.8,160.0,-48.0,84:F3:EB:12:34:56,,,,,0.0,Normal,0.0
1744304521696296,10.42.0.2,10.42.0.1,50031,1883,1,1,0,1,0,0,1,0,3,0,0,0,0,0.0,0,,0,0,,0,0,0,0,0,0,0,0,0.0,0,0,0,0,0,64.0,5760.0,0,0,0,57,eth:ethertype:ip:tcp,26.4,94.9,52.8,160.0,-48.0,84:F3:EB:12:34:56,,,,,0.0,Normal,0.0
1744304521699769,10.42.0.2,10.42.0.1,50031,1883,4,1,0,1,0,0,1,0,29,0,0,0,0,0.0,0,,0,0,,0,0,0,0,0,0,0,0,0.0,0,0,0,0,0,64.0,5760.0,0,0,0,83,eth:ethertype:ip:tcp,26.4,94.9,52.8,160.0,-48.0,84:F3:EB:12:34:56,,,,,0.0,Normal,0.0
1744304521726455,10.42.0.2,10.42.0.1,50031,1883,33,1,0,1,0,0,1,0,12,0,0,0,0,0.0,0,,0,1,,0,0,0,1,42,4,MQTT,4,0.0,0,0,0,0,0,64.0,5760.0,0,0,esp32_a0a3b3edac1c,66,eth:ethertype:ip:tcp:mqtt,26.4,94.9,52.8,160.0,-48.0,84:F3:EB:12:34:56,,,,,0.0,Normal,0.0
1744304521763691,10.42.0.2,10.42.0.1,50031,1883,45,5,0,1,0,0,1,0,3,0,0,0,0,0.0,0,,0,0,,0,0,0,0,0,0,0,0,0.0,0,0,0,0,0,64.0,5756.0,0,0,0,57,eth:ethertype:ip:tcp,26.4,94.9,52.8,160.0,-48.0,84:F3:EB:12:34:56,,,,,0.0,Normal,0.0
1744304521780352,10.42.0.2,10.42.0.1,50031,1883,48,5,0,1,1,0,1,0,185,0,0,0,0,0.0,0,,0,3,"Wakeup: 0, Mode: 0, Reset: 1, Temperature: 26.8, Uptime: 628781, Memory: 94.9, In_Temperature: 52.8°C, CPU: 160, RSSI: -49, MAC: 84:F3:EB:12:34:56, F_Storage: 99.2",test/temperatura,16,0,0,182,0,0,0,0.0,0,0,0,0,0,64.0,5756.0,0,0,0,239,eth:ethertype:ip:tcp:mqtt,26.8,94.9,52.8,160.0,-49.0,84:F3:EB:12:34:56,,,,,0.0,Normal,0.0
1744304521783945,10.42.0.2,10.42.0.1,50031,1883,234,6,0,1,0,0,0,0,0,0,0,0,0,0.0,0,,0,0,,0,0,0,0,0,0,0,0,0.0,0,0,0,0,0,64.0,5755.0,0,0,0,54,eth:ethertype:ip:tcp,26.8,94.9,52.8,160.0,-49.0,84:F3:EB:12:34:56,,,,,0.0,Normal,0.0
1744304551789341,10.42.0.2,10.42.0.1,50032,1883,0,0,1,0,0,0,0,0,0,0,0,0,0,0.0,0,,0,0,,0,0,0,0,0,0,0,0,0.0,0,0,0,0,0,64.0,5760.0,0,0,0,58,eth:ethertype:ip:tcp,26.8,94.9,52.8,160.0,-49.0,84:F3:EB:12:34:56,,,,,0.0,Normal,0.0
1744304551793337,10.42.0.2,10.42.0.1,50032,1883,1,1,0,1,0,0,0,0,0,0,0,0,0,0.0,0,,0,0,,0,0,0,0,0,0,0,0,0.0,0,0,0,0,0,64.0,5760.0,0,0,0,54,eth:ethertype:ip:tcp,26.8,94.9,52.8,160.0,-49.0,84:F3:EB:12:34:56,,,,,0.0,Normal,0.0
1744304551795390,10.42.0.2,10.42.0.1,50032,1883,1,1,0,1,0,0,1,0,3,0,0,0,0,0.0,0,,0,0,,0,0,0,0,0,0,0,0,0.0,0,0,0,0,0,64.0,5760.0,0,0,0,57,eth:ethertype:ip:tcp,26.8,94.9,52.8,160.0,-49.0,84:F3:EB:12:34:56,,,,,0.0,Normal,0.0
1744304551798729,10.42.0.2,10.42.0.1,50032,1883,4,1,0,1,0,0,1,0,29,0,0,0,0,0.0,0,,0,0,,0,0,0,0,0,0,0,0,0.0,0,0,0,0,0,64.0,5760.0,0,0,0,83,eth:ethertype:ip:tcp,26.8,94.9,52.8,160.0,-49.0,84:F3:EB:12:34:56,,,,,0.0,Normal,0.0
1744304551801901,10.42.0.2,10.42.0.1,50032,1883,33,1,0,1,0,0,1,0,12,0,0,0,0,0.0,0,,0,1,,0,0,0,1,42,4,MQTT,4,0.0,0,0,0,0,0,64.0,5760.0,0,0,esp32_a0a3b3edac1c,66,eth:ethertype:ip:tcp:mqtt,26.8,94.9,52.8,160.0,-49.0,84:F3:EB:12:34:56,,,,,0.0,Normal,0.0
1744304551837567,10.42.0.2,10.42.0.1,50032,1883,45,5,0,1,0,0,1,0,3,0,0,0,0,0.0,0,,0,0,,0,0,0,0,0,0,0,0,0.0,0,0,0,0,0,64.0,5756.0,0,0,0,57,eth:ethertype:ip:tcp,26.8,94.9,52.8,160.0,-49.0,84:F3:EB:12:34:56,,,,,0.0,Normal,0.0
1744304551850208,10.42.0.2,10.42.0.1,50032,1883,48,5,0,1,1,0,1,0,185,0,0,0,0,0.0,0,,0,3,"Wakeup: 0, Mode: 0, Reset: 1, Temperature: 36.4, Uptime: 628811, Memory: 94.9, In_Temperature: 52.2°C, CPU: 160, RSSI: -50, MAC: 84:F3:EB:12:34:56, F_Storage: 99.2",test/temperatura,16,0,0,182,0,0,0,0.0,0,0,0,0,0,64.0,5756.0,0,0,0,239,eth:ethertype:ip:tcp:mqtt,36.4,94.9,52.2,160.0,-50.0,84:F3:EB:12:34:56,,,,,0.0,Normal,0.0
1744304551853822,10.42.0.2,10.42.0.1,50032,1883,234,6,0,1,0,0,0,0,0,0,0,0,0,0.0,0,,0,0,,0,0,0,0,0,0,0,0,0.0,0,0,0,0,0,64.0,5755.0,0,0,0,54,eth:ethertype:ip:tcp,36.4,94.9,52.2,160.0,-50.0,84:F3:EB:12:34:56,,,,,0.0,Normal,0.0
1744304581858924,10.42.0.2,10.42.0.1,50033,1883,0,0,1,0,0,0,0,0,0,0,0,0,0,0.0,0,,0,0,,0,0,0,0,0,0,0,0,0.0,0,0,0,0,0,64.0,5760.0,0,0,0,58,eth:ethertype:ip:tcp,36.4,94.9,52.2,160.0,-50.0,84:F3:EB:12:34:56,,,,,0.0,Normal,0.0
1744304581862935,10.42.0.2,10.42.0.1,50033,1883,1,1,0,1,0,0,0,0,0,0,0,0,0,0.0,0,,0,0,,0,0,0,0,0,0,0,0,0.0,0,0,0,0,0,64.0,5760.0,0,0,0,54,eth:ethertype:ip:tcp,36.4,94.9,52.2,160.0,-50.0,84:F3:EB:12:34:56,,,,,0.0,Normal,0.0
1744304581865879,10.42.0.2,10.42.0.1,50033,1883,1,1,0,1,0,0,1,0,3,0,0,0,0,0.0,0,,0,0,,0,0,0,0,0,0,0,0,0.0,0,0,0,0,0,64.0,5760.0,0,0,0,57,eth:ethertype:ip:tcp,36.4,94.9,52.2,160.0,-50.0,84:F3:EB:12:34:56,,,,,0.0,Normal,0.0
1744304581872409,10.42.0.2,10.42.0.1,50033,1883,4,1,0,1,0,0,1,0,41,0,0,0,0,0.0,0,,0,1,,0,0,0,1,42,4,MQTT,4,0.0,0,0,0,0,0,64.0,5760.0,0,0,esp32_a0a3b3edac1c,95,eth:ethertype:ip:tcp:mqtt,36.4,94.9,52.2,160.0,-50.0,84:F3:EB:12:34:56,,,,,0.0,Normal,0.0
1744304581907803,10.42.0.2,10.42.0.1,50033,1883,45,5,0,1,0,0,1,0,3,0,0,0,0,0.0,0,,0,0,,0,0,0,0,0,0,0,0,0.0,0,0,0,0,0,64.0,5756.0,0,0,0,57,eth:ethertype:ip:tcp,36.4,94.9,52.2,160.0,-50.0,84:F3:EB:12:34:56,,,,,0.0,Normal,0.0
1744304581918933,10.42.0.2,10.42.0.1,50033,1883,48,5,0,1,1,0,1,0,185,0,0,0,0,0.0,0,,0,3,"Wakeup: 0, Mode: 0, Reset: 1, Temperature: 33.2, Uptime: 628841, Memory: 94.9, In_Temperature: 52.8°C, CPU: 160, RSSI: -49, MAC: 84:F3:EB:12:34:56, F_Storage: 99.2",test/temperatura,16,0,0,182,0,0,0,0.0,0,0,0,0,0,64.0,5756.0,0,0,0,239,eth:ethertype:ip:tcp:mqtt,33.2,94.9,52.8,160.0,-49.0,84:F3:EB:12:34:56,,,,,0.0,Normal,0.0
1744304581923068,10.42.0.2,10.42.0.1,50033,1883,234,6,0,1,0,0,0,0,0,0,0,0,0,0.0,0,,0,0,,0,0,0,0,0,0,0,0,0.0,0,0,0,0,0,64.0,5755.0,0,0,0,54,eth:ethertype:ip:tcp,33.2,94.9,52.8,160.0,-49.0,84:F3:EB:12:34:56,,,,,0.0,Normal,0.0
1744304611928218,10.42.0.2,10.42.0.1,50034,1883,0,0,1,0,0,0,0,0,0,0,0,0,0,0.0,0,,0,0,,0,0,0,0,0,0,0,0,0.0,0,0,0,0,0,64.0,5760.0,0,0,0,58,eth:ethertype:ip:tcp,33.2,94.9,52.8,160.0,-49.0,84:F3:EB:12:34:56,,,,,0.0,Normal,0.0
1744304611932359,10.42.0.2,10.42.0.1,50034,1883,1,1,0,1,0,0,0,0,0,0,0,0,0,0.0,0,,0,0,,0,0,0,0,0,0,0,0,0.0,0,0,0,0,0,64.0,5760.0,0,0,0,54,eth:ethertype:ip:tcp,33.2,94.9,52.8,160.0,-49.0,84:F3:EB:12:34:56,,,,,0.0,Normal,0.0
1744304611934373,10.42.0.2,10.42.0.1,50034,1883,1,1,0,1,0,0,1,0,3,0,0,0,0,0.0,0,,0,0,,0,0,0,0,0,0,0,0,0.0,0,0,0,0,0,64.0,5760.0,0,0,0,57,eth:ethertype:ip:tcp,33.2,94.9,52.8,160.0,-49.0,84:F3:EB:12:34:56,,,,,0.0,Normal,0.0
1744304611938022,10.42.0.2,10.42.0.1,50034,1883,4,1,0,1,0,0,1,0,29,0,0,0,0,0.0,0,,0,0,,0,0,0,0,0,0,0,0,0.0,0,0,0,0,0,64.0,5760.0,0,0,0,83,eth:ethertype:ip:tcp,33.2,94.9,52.8,160.0,-49.0,84:F3:EB:12:34:56,,,,,0.0,Normal,0.0
1744304611941262,10.42.0.2,10.42.0.1,50034,1883,33,1,0,1,0,0,1,0,12,0,0,0,0,0.0,0,,0,1,,0,0,0,1,42,4,MQTT,4,0.0,0,0,0,0,0,64.0,5760.0,0,0,esp32_a0a3b3edac1c,66,eth:ethertype:ip:tcp:mqtt,33.2,94.9,52.8,160.0,-49.0,84:F3:EB:12:34:56,,,,,0.0,Normal,0.0
1744304611978269,10.42.0.2,10.42.0.1,50034,1883,45,5,0,1,0,0,1,0,3,0,0,0,0,0.0,0,,0,0,,0,0,0,0,0,0,0,0,0.0,0,0,0,0,0,64.0,5756.0,0,0,0,57,eth:ethertype:ip:tcp,33.2,94.9,52.8,160.0,-49.0,84:F3:EB:12:34:56,,,,,0.0,Normal,0.0
1744304611988325,10.42.0.2,10.42.0.1,50034,1883,48,5,0,1,1,0,1,0,185,0,0,0,0,0.0,0,,0,3,"Wakeup: 0, Mode: 0, Reset: 1, Temperature: 39.2, Uptime: 628871, Memory: 94.9, In_Temperature: 52.2°C, CPU: 160, RSSI: -49, MAC: 84:F3:EB:12:34:56, F_Storage: 99.2",test/temperatura,16,0,0,182,0,0,0,0.0,0,0,0,0,0,64.0,5756.0,0,0,0,239,eth:ethertype:ip:tcp:mqtt,39.2,94.9,52.2,160.0,-49.0,84:F3:EB:12:34:56,,,,,0.0,Normal,0.0
1744304611991882,10.42.0.2,10.42.0.1,50034,1883,234,6,0,1,0,0,0,0,0,0,0,0,0,0.0,0,,0,0,,0,0,0,0,0,0,0,0,0.0,0,0,0,0,0,64.0,5755.0,0,0,0,54,eth:ethertype:ip:tcp,39.2,94.9,52.2,160.0,-49.0,84:F3:EB:12:34:56,,,,,0.0,Normal,0.0
1744304641997340,10.42.0.2,10.42.0.1,50035,1883,0,0,1,0,0,0,0,0,0,0,0,0,0,0.0,0,,0,0,,0,0,0,0,0,0,0,0,0.0,0,0,0,0,0,64.0,5760.0,0,0,0,58,eth:ethertype:ip:tcp,39.2,94.9,52.2,160.0,-49.0,84:F3:EB:12:34:56,,,,,0.0,Normal,0.0
1744304642001376,10.42.0.2,10.42.0.1,50035,1883,1,1,0,1,0,0,0,0,0,0,0,0,0,0.0,0,,0,0,,0,0,0,0,0,0,0,0,0.0,0,0,0,0,0,64.0,5760.0,0,0,0,54,eth:ethertype:ip:tcp,39.2,94.9,52.2,160.0,-49.0,84:F3:EB:12:34:56,,,,,0.0,Normal,0.0
1744304642003489,10.42.0.2,10.42.0.1,50035,1883,1,1,0,1,0,0,1,0,3,0,0,0,0,0.0,0,,0,0,,0,0,0,0,0,0,0,0,0.0,0,0,0,0,0,64.0,5760.0,0,0,0,57,eth:ethertype:ip:tcp,39.2,94.9,52.2,160.0,-49.0,84:F3:EB:12:34:56,,,,,0.0,Normal,0.0
1744304642006988,10.42.0.2,10.42.0.1,50035,1883,4,1,0,1,0,0,1,0,29,0,0,0,0,0.0,0,,0,0,,0,0,0,0,0,0,0,0,0.0,0,0,0,0,0,64.0,5760.0,0,0,0,83,eth:ethertype:ip:tcp,39.2,94.9,52.2,160.0,-49.0,84:F3:EB:12:34:56,,,,,0.0,Normal,0.0
1744304642010050,10.42.0.2,10.42.0.1,50035,1883,33,1,0,1,0,0,1,0,12,0,0,0,0,0.0,0,,0,1,,0,0,0,1,42,4,MQTT,4,0.0,0,0,0,0,0,64.0,5760.0,0,0,esp32_a0a3b3edac1c,66,eth:ethertype:ip:tcp:mqtt,39.2,94.9,52.2,160.0,-49.0,84:F3:EB:12:34:56,,,,,0.0,Normal,0.0
1744304642045231,10.42.0.2,10.42.0.1,50035,1883,45,5,0,1,0,0,1,0,3,0,0,0,0,0.0,0,,0,0,,0,0,0,0,0,0,0,0,0.0,0,0,0,0,0,64.0,5756.0,0,0,0,57,eth:ethertype:ip:tcp,39.2,94.9,52.2,160.0,-49.0,84:F3:EB:12:34:56,,,,,0.0,Normal,0.0
1744304642057684,10.42.0.2,10.42.0.1,50035,1883,48,5,0,1,1,0,1,0,185,0,0,0,0,0.0,0,,0,3,"Wakeup: 0, Mode: 0, Reset: 1, Temperature: 35.7, Uptime: 628901, Memory: 94.9, In_Temperature: 52.8°C, CPU: 160, RSSI: -50, MAC: 84:F3:EB:12:34:56, F_Storage: 99.2",test/temperatura,16,0,0,182,0,0,0,0.0,0,0,0,0,0,64.0,5756.0,0,0,0,239,eth:ethertype:ip:tcp:mqtt,35.7,94.9,52.8,160.0,-50.0,84:F3:EB:12:34:56,,,,,0.0,Normal,0.0
1744304642061153,10.42.0.2,10.42.0.1,50035,1883,234,6,0,1,0,0,0,0,0,0,0,0,0,0.0,0,,0,0,,0,0,0,0,0,0,0,0,0.0,0,0,0,0,0,64.0,5755.0,0,0,0,54,eth:ethertype:ip:tcp,35.7,94.9,52.8,160.0,-50.0,84:F3:EB:12:34:56,,,,,0.0,Normal,0.0
1744304672065845,10.42.0.2,10.42.0.1,50036,1883,0,0,1,0,0,0,0,0,0,0,0,0,0,0.0,0,,0,0,,0,0,0,0,0,0,0,0,0.0,0,0,0,0,0,64.0,5760.0,0,0,0,58,eth:ethertype:ip:tcp,35.7,94.9,52.8,160.0,-50.0,84:F3:EB:12:34:56,,,,,0.0,Normal,0.0
1744304672069641,10.42.0.2,10.42.0.1,50036,1883,1,1,0,1,0,0,0,0,0,0,0,0,0,0.0,0,,0,0,,0,0,0,0,0,0,0,0,0.0,0,0,0,0,0,64.0,5760.0,0,0,0,54,eth:ethertype:ip:tcp,35.7,94.9,52.8,160.0,-50.0,84:F3:EB:12:34:56,,,,,0.0,Normal,0.0
1744304672071616,10.42.0.2,10.42.0.1,50036,1883,1,1,0,1,0,0,1,0,3,0,0,0,0,0.0,0,,0,0,,0,0,0,0,0,0,0,0,0.0,0,0,0,0,0,64.0,5760.0,0,0,0,57,eth:ethertype:ip:tcp,35.7,94.9,52.8,160.0,-50.0,84:F3:EB:12:34:56,,,,,0.0,Normal,0.0
1744304672075295,10.42.0.2,10.42.0.1,50036,1883,4,1,0,1,0,0,1,0,29,0,0,0,0,0.0,0,,0,0,,0,0,0,0,0,0,0,0,0.0,0,0,0,0,0,64.0,5760.0,0,0,0,83,eth:ethertype:ip:tcp,35.7,94.9,52.8,160.0,-50.0,84:F3:EB:12:34:56,,,,,0.0,Normal,0.0
1744304672080421,10.42.0.2,10.42.0.1,50036,1883,33,1,0,1,0,0,1,0,12,0,0,0,0,0.0,0,,0,1,,0,0,0,1,42,4,MQTT,4,0.0,0,0,0,0,0,64.0,5760.0,0,0,esp32_a0a3b3edac1c,66,eth:ethertype:ip:tcp:mqtt,35.7,94.9,52.8,160.0,-50.0,84:F3:EB:12:34:56,,,,,0.0,Normal,0.0
1744304672098901,10.42.0.2,10.42.0.1,50036,1883,45,5,0,1,0,0,0,0,0,0,0,0,0,0.0,0,,0,0,,0,0,0,0,0,0,0,0,0.0,0,0,0,0,0,64.0,5756.0,0,0,0,54,eth:ethertype:ip:tcp,35.7,94.9,52.8,160.0,-50.0,84:F3:EB:12:34:56,,,,,0.0,Normal,0.0
1744304672118117,10.42.0.2,10.42.0.1,50036,1883,45,5,0,1,0,0,1,0,3,0,0,0,0,0.0,0,,0,0,,0,0,0,0,0,0,0,0,0.0,0,0,0,0,0,64.0,5756.0,0,0,0,57,eth:ethertype:ip:tcp,35.7,94.9,52.8,160.0,-50.0,84:F3:EB:12:34:56,,,,,0.0,Normal,0.0
1744304672127020,10.42.0.2,10.42.0.1,50036,1883,48,5,0,1,1,0,1,0,185,0,0,0,0,0.0,0,,0,3,"Wakeup: 0, Mode: 0, Reset: 1, Temperature: 39.9, Uptime: 628931, Memory: 94.9, In_Temperature: 52.8°C, CPU: 160, RSSI: -49, MAC: 84:F3:EB:12:34:56, F_Storage: 99.2",test/temperatura,16,0,0,182,0,0,0,0.0,0,0,0,0,0,64.0,5756.0,0,0,0,239,eth:ethertype:ip:tcp:mqtt,39.9,94.9,52.8,160.0,-49.0,84:F3:EB:12:34:56,,,,,0.0,Normal,0.0
1744304672130426,10.42.0.2,10.42.0.1,50036,1883,234,6,0,1,0,0,0,0,0,0,0,0,0,0.0,0,,0,0,,0,0,0,0,0,0,0,0,0.0,0,0,0,0,0,64.0,5755.0,0,0,0,54,eth:ethertype:ip:tcp,39.9,94.9,52.8,160.0,-49.0,84:F3:EB:12:34:56,,,,,0.0,Normal,0.0
1744304700847687,10.42.0.2,10.42.0.1,0,0,0,0,0,0,0,0,0,0,0,0,0,0,0,0.0,0,,0,0,,0,0,0,0,0,0,0,0,0.0,0,0,0,0,0,64.0,0.0,0,0,0,350,eth:ethertype:ip:udp:dhcp,39.9,94.9,52.8,160.0,-49.0,84:F3:EB:12:34:56,,,,,0.0,Normal,0.0
1744304702144495,10.42.0.2,10.42.0.1,50037,1883,0,0,1,0,0,0,0,0,0,0,0,0,0,0.0,0,,0,0,,0,0,0,0,0,0,0,0,0.0,0,0,0,0,0,64.0,5760.0,0,0,0,58,eth:ethertype:ip:tcp,39.9,94.9,52.8,160.0,-49.0,84:F3:EB:12:34:56,,,,,0.0,Normal,0.0
1744304702148922,10.42.0.2,10.42.0.1,50037,1883,1,1,0,1,0,0,0,0,0,0,0,0,0,0.0,0,,0,0,,0,0,0,0,0,0,0,0,0.0,0,0,0,0,0,64.0,5760.0,0,0,0,54,eth:ethertype:ip:tcp,39.9,94.9,52.8,160.0,-49.0,84:F3:EB:12:34:56,,,,,0.0,Normal,0.0
1744304702151000,10.42.0.2,10.42.0.1,50037,1883,1,1,0,1,0,0,1,0,3,0,0,0,0,0.0,0,,0,0,,0,0,0,0,0,0,0,0,0.0,0,0,0,0,0,64.0,5760.0,0,0,0,57,eth:ethertype:ip:tcp,39.9,94.9,52.8,160.0,-49.0,84:F3:EB:12:34:56,,,,,0.0,Normal,0.0
1744304702154478,10.42.0.2,10.42.0.1,50037,1883,4,1,0,1,0,0,1,0,29,0,0,0,0,0.0,0,,0,0,,0,0,0,0,0,0,0,0,0.0,0,0,0,0,0,64.0,5760.0,0,0,0,83,eth:ethertype:ip:tcp,39.9,94.9,52.8,160.0,-49.0,84:F3:EB:12:34:56,,,,,0.0,Normal,0.0
1744304702157580,10.42.0.2,10.42.0.1,50037,1883,33,1,0,1,0,0,1,0,12,0,0,0,0,0.0,0,,0,1,,0,0,0,1,42,4,MQTT,4,0.0,0,0,0,0,0,64.0,5760.0,0,0,esp32_a0a3b3edac1c,66,eth:ethertype:ip:tcp:mqtt,39.9,94.9,52.8,160.0,-49.0,84:F3:EB:12:34:56,,,,,0.0,Normal,0.0
1744304702194328,10.42.0.2,10.42.0.1,50037,1883,45,5,0,1,0,0,1,0,3,0,0,0,0,0.0,0,,0,0,,0,0,0,0,0,0,0,0,0.0,0,0,0,0,0,64.0,5756.0,0,0,0,57,eth:ethertype:ip:tcp,39.9,94.9,52.8,160.0,-49.0,84:F3:EB:12:34:56,,,,,0.0,Normal,0.0
1744304702206448,10.42.0.2,10.42.0.1,50037,1883,48,5,0,1,1,0,1,0,185,0,0,0,0,0.0,0,,0,3,"Wakeup: 0, Mode: 0, Reset: 1, Temperature: 31.0, Uptime: 628961, Memory: 94.9, In_Temperature: 52.2°C, CPU: 160, RSSI: -49, MAC: 84:F3:EB:12:34:56, F_Storage: 99.2",test/temperatura,16,0,0,182,0,0,0,0.0,0,0,0,0,0,64.0,5756.0,0,0,0,239,eth:ethertype:ip:tcp:mqtt,31.0,94.9,52.2,160.0,-49.0,84:F3:EB:12:34:56,,,,,0.0,Normal,0.0
1744304702209934,10.42.0.2,10.42.0.1,50037,1883,234,6,0,1,0,0,0,0,0,0,0,0,0,0.0,0,,0,0,,0,0,0,0,0,0,0,0,0.0,0,0,0,0,0,64.0,5755.0,0,0,0,54,eth:ethertype:ip:tcp,31.0,94.9,52.2,160.0,-49.0,84:F3:EB:12:34:56,,,,,0.0,Normal,0.0
1744304732215253,10.42.0.2,10.42.0.1,50038,1883,0,0,1,0,0,0,0,0,0,0,0,0,0,0.0,0,,0,0,,0,0,0,0,0,0,0,0,0.0,0,0,0,0,0,64.0,5760.0,0,0,0,58,eth:ethertype:ip:tcp,31.0,94.9,52.2,160.0,-49.0,84:F3:EB:12:34:56,,,,,0.0,Normal,0.0
1744304732219250,10.42.0.2,10.42.0.1,50038,1883,1,1,0,1,0,0,0,0,0,0,0,0,0,0.0,0,,0,0,,0,0,0,0,0,0,0,0,0.0,0,0,0,0,0,64.0,5760.0,0,0,0,54,eth:ethertype:ip:tcp,31.0,94.9,52.2,160.0,-49.0,84:F3:EB:12:34:56,,,,,0.0,Normal,0.0
1744304732221344,10.42.0.2,10.42.0.1,50038,1883,1,1,0,1,0,0,1,0,3,0,0,0,0,0.0,0,,0,0,,0,0,0,0,0,0,0,0,0.0,0,0,0,0,0,64.0,5760.0,0,0,0,57,eth:ethertype:ip:tcp,31.0,94.9,52.2,160.0,-49.0,84:F3:EB:12:34:56,,,,,0.0,Normal,0.0
1744304732224780,10.42.0.2,10.42.0.1,50038,1883,4,1,0,1,0,0,1,0,29,0,0,0,0,0.0,0,,0,0,,0,0,0,0,0,0,0,0,0.0,0,0,0,0,0,64.0,5760.0,0,0,0,83,eth:ethertype:ip:tcp,31.0,94.9,52.2,160.0,-49.0,84:F3:EB:12:34:56,,,,,0.0,Normal,0.0
1744304732227922,10.42.0.2,10.42.0.1,50038,1883,33,1,0,1,0,0,1,0,12,0,0,0,0,0.0,0,,0,1,,0,0,0,1,42,4,MQTT,4,0.0,0,0,0,0,0,64.0,5760.0,0,0,esp32_a0a3b3edac1c,66,eth:ethertype:ip:tcp:mqtt,31.0,94.9,52.2,160.0,-49.0,84:F3:EB:12:34:56,,,,,0.0,Normal,0.0
1744304732263423,10.42.0.2,10.42.0.1,50038,1883,45,5,0,1,0,0,1,0,3,0,0,0,0,0.0,0,,0,0,,0,0,0,0,0,0,0,0,0.0,0,0,0,0,0,64.0,5756.0,0,0,0,57,eth:ethertype:ip:tcp,31.0,94.9,52.2,160.0,-49.0,84:F3:EB:12:34:56,,,,,0.0,Normal,0.0
1744304732275968,10.42.0.2,10.42.0.1,50038,1883,48,5,0,1,1,0,1,0,185,0,0,0,0,0.0,0,,0,3,"Wakeup: 0, Mode: 0, Reset: 1, Temperature: 28.3, Uptime: 628991, Memory: 94.9, In_Temperature: 52.2°C, CPU: 160, RSSI: -49, MAC: 84:F3:EB:12:34:56, F_Storage: 99.2",test/temperatura,16,0,0,182,0,0,0,0.0,0,0,0,0,0,64.0,5756.0,0,0,0,239,eth:ethertype:ip:tcp:mqtt,28.3,94.9,52.2,160.0,-49.0,84:F3:EB:12:34:56,,,,,0.0,Normal,0.0
1744304732279389,10.42.0.2,10.42.0.1,50038,1883,234,6,0,1,0,0,0,0,0,0,0,0,0,0.0,0,,0,0,,0,0,0,0,0,0,0,0,0.0,0,0,0,0,0,64.0,5755.0,0,0,0,54,eth:ethertype:ip:tcp,28.3,94.9,52.2,160.0,-49.0,84:F3:EB:12:34:56,,,,,0.0,Normal,0.0
1744304762284736,10.42.0.2,10.42.0.1,50039,1883,0,0,1,0,0,0,0,0,0,0,0,0,0,0.0,0,,0,0,,0,0,0,0,0,0,0,0,0.0,0,0,0,0,0,64.0,5760.0,0,0,0,58,eth:ethertype:ip:tcp,28.3,94.9,52.2,160.0,-49.0,84:F3:EB:12:34:56,,,,,0.0,Normal,0.0
1744304762288789,10.42.0.2,10.42.0.1,50039,1883,1,1,0,1,0,0,0,0,0,0,0,0,0,0.0,0,,0,0,,0,0,0,0,0,0,0,0,0.0,0,0,0,0,0,64.0,5760.0,0,0,0,54,eth:ethertype:ip:tcp,28.3,94.9,52.2,160.0,-49.0,84:F3:EB:12:34:56,,,,,0.0,Normal,0.0
1744304762290940,10.42.0.2,10.42.0.1,50039,1883,1,1,0,1,0,0,1,0,3,0,0,0,0,0.0,0,,0,0,,0,0,0,0,0,0,0,0,0.0,0,0,0,0,0,64.0,5760.0,0,0,0,57,eth:ethertype:ip:tcp,28.3,94.9,52.2,160.0,-49.0,84:F3:EB:12:34:56,,,,,0.0,Normal,0.0
1744304762294778,10.42.0.2,10.42.0.1,50039,1883,4,1,0,1,0,0,1,0,29,0,0,0,0,0.0,0,,0,0,,0,0,0,0,0,0,0,0,0.0,0,0,0,0,0,64.0,5760.0,0,0,0,83,eth:ethertype:ip:tcp,28.3,94.9,52.2,160.0,-49.0,84:F3:EB:12:34:56,,,,,0.0,Normal,0.0
1744304762299583,10.42.0.2,10.42.0.1,50039,1883,33,1,0,1,0,0,1,0,12,0,0,0,0,0.0,0,,0,1,,0,0,0,1,42,4,MQTT,4,0.0,0,0,0,0,0,64.0,5760.0,0,0,esp32_a0a3b3edac1c,66,eth:ethertype:ip:tcp:mqtt,28.3,94.9,52.2,160.0,-49.0,84:F3:EB:12:34:56,,,,,0.0,Normal,0.0
1744304762336684,10.42.0.2,10.42.0.1,50039,1883,45,5,0,1,0,0,1,0,3,0,0,0,0,0.0,0,,0,0,,0,0,0,0,0,0,0,0,0.0,0,0,0,0,0,64.0,5756.0,0,0,0,57,eth:ethertype:ip:tcp,28.3,94.9,52.2,160.0,-49.0,84:F3:EB:12:34:56,,,,,0.0,Normal,0.0
1744304762355741,10.42.0.2,10.42.0.1,50039,1883,48,5,0,1,1,0,1,0,185,0,0,0,0,0.0,0,,0,3,"Wakeup: 0, Mode: 0, Reset: 1, Temperature: 36.3, Uptime: 629021, Memory: 94.9, In_Temperature: 52.2°C, CPU: 160, RSSI: -49, MAC: 84:F3:EB:12:34:56, F_Storage: 99.2",test/temperatura,16,0,0,182,0,0,0,0.0,0,0,0,0,0,64.0,5756.0,0,0,0,239,eth:ethertype:ip:tcp:mqtt,36.3,94.9,52.2,160.0,-49.0,84:F3:EB:12:34:56,,,,,0.0,Normal,0.0
1744304762359211,10.42.0.2,10.42.0.1,50039,1883,234,6,0,1,0,0,0,0,0,0,0,0,0,0.0,0,,0,0,,0,0,0,0,0,0,0,0,0.0,0,0,0,0,0,64.0,5755.0,0,0,0,54,eth:ethertype:ip:tcp,36.3,94.9,52.2,160.0,-49.0,84:F3:EB:12:34:56,,,,,0.0,Normal,0.0
1744304792364300,10.42.0.2,10.42.0.1,50040,1883,0,0,1,0,0,0,0,0,0,0,0,0,0,0.0,0,,0,0,,0,0,0,0,0,0,0,0,0.0,0,0,0,0,0,64.0,5760.0,0,0,0,58,eth:ethertype:ip:tcp,36.3,94.9,52.2,160.0,-49.0,84:F3:EB:12:34:56,,,,,0.0,Normal,0.0
1744304792368313,10.42.0.2,10.42.0.1,50040,1883,1,1,0,1,0,0,0,0,0,0,0,0,0,0.0,0,,0,0,,0,0,0,0,0,0,0,0,0.0,0,0,0,0,0,64.0,5760.0,0,0,0,54,eth:ethertype:ip:tcp,36.3,94.9,52.2,160.0,-49.0,84:F3:EB:12:34:56,,,,,0.0,Normal,0.0
1744304792370385,10.42.0.2,10.42.0.1,50040,1883,1,1,0,1,0,0,1,0,3,0,0,0,0,0.0,0,,0,0,,0,0,0,0,0,0,0,0,0.0,0,0,0,0,0,64.0,5760.0,0,0,0,57,eth:ethertype:ip:tcp,36.3,94.9,52.2,160.0,-49.0,84:F3:EB:12:34:56,,,,,0.0,Normal,0.0
1744304792373926,10.42.0.2,10.42.0.1,50040,1883,4,1,0,1,0,0,1,0,29,0,0,0,0,0.0,0,,0,0,,0,0,0,0,0,0,0,0,0.0,0,0,0,0,0,64.0,5760.0,0,0,0,83,eth:ethertype:ip:tcp,36.3,94.9,52.2,160.0,-49.0,84:F3:EB:12:34:56,,,,,0.0,Normal,0.0
1744304792377306,10.42.0.2,10.42.0.1,50040,1883,33,1,0,1,0,0,1,0,12,0,0,0,0,0.0,0,,0,1,,0,0,0,1,42,4,MQTT,4,0.0,0,0,0,0,0,64.0,5760.0,0,0,esp32_a0a3b3edac1c,66,eth:ethertype:ip:tcp:mqtt,36.3,94.9,52.2,160.0,-49.0,84:F3:EB:12:34:56,,,,,0.0,Normal,0.0
1744304792414172,10.42.0.2,10.42.0.1,50040,1883,45,5,0,1,0,0,1,0,3,0,0,0,0,0.0,0,,0,0,,0,0,0,0,0,0,0,0,0.0,0,0,0,0,0,64.0,5756.0,0,0,0,57,eth:ethertype:ip:tcp,36.3,94.9,52.2,160.0,-49.0,84:F3:EB:12:34:56,,,,,0.0,Normal,0.0
1744304792424218,10.42.0.2,10.42.0.1,50040,1883,48,5,0,1,1,0,1,0,185,0,0,0,0,0.0,0,,0,3,"Wakeup: 0, Mode: 0, Reset: 1, Temperature: 36.4, Uptime: 629051, Memory: 94.9, In_Temperature: 52.8°C, CPU: 160, RSSI: -51, MAC: 84:F3:EB:12:34:56, F_Storage: 99.2",test/temperatura,16,0,0,182,0,0,0,0.0,0,0,0,0,0,64.0,5756.0,0,0,0,239,eth:ethertype:ip:tcp:mqtt,36.4,94.9,52.8,160.0,-51.0,84:F3:EB:12:34:56,,,,,0.0,Normal,0.0
1744304792427645,10.42.0.2,10.42.0.1,50040,1883,234,6,0,1,0,0,0,0,0,0,0,0,0,0.0,0,,0,0,,0,0,0,0,0,0,0,0,0.0,0,0,0,0,0,64.0,5755.0,0,0,0,54,eth:ethertype:ip:tcp,36.4,94.9,52.8,160.0,-51.0,84:F3:EB:12:34:56,,,,,0.0,Normal,0.0
1744304822433388,10.42.0.2,10.42.0.1,50041,1883,0,0,1,0,0,0,0,0,0,0,0,0,0,0.0,0,,0,0,,0,0,0,0,0,0,0,0,0.0,0,0,0,0,0,64.0,5760.0,0,0,0,58,eth:ethertype:ip:tcp,36.4,94.9,52.8,160.0,-51.0,84:F3:EB:12:34:56,,,,,0.0,Normal,0.0
1744304822437386,10.42.0.2,10.42.0.1,50041,1883,1,1,0,1,0,0,0,0,0,0,0,0,0,0.0,0,,0,0,,0,0,0,0,0,0,0,0,0.0,0,0,0,0,0,64.0,5760.0,0,0,0,54,eth:ethertype:ip:tcp,36.4,94.9,52.8,160.0,-51.0,84:F3:EB:12:34:56,,,,,0.0,Normal,0.0
1744304822439468,10.42.0.2,10.42.0.1,50041,1883,1,1,0,1,0,0,1,0,3,0,0,0,0,0.0,0,,0,0,,0,0,0,0,0,0,0,0,0.0,0,0,0,0,0,64.0,5760.0,0,0,0,57,eth:ethertype:ip:tcp,36.4,94.9,52.8,160.0,-51.0,84:F3:EB:12:34:56,,,,,0.0,Normal,0.0
1744304822442898,10.42.0.2,10.42.0.1,50041,1883,4,1,0,1,0,0,1,0,29,0,0,0,0,0.0,0,,0,0,,0,0,0,0,0,0,0,0,0.0,0,0,0,0,0,64.0,5760.0,0,0,0,83,eth:ethertype:ip:tcp,36.4,94.9,52.8,160.0,-51.0,84:F3:EB:12:34:56,,,,,0.0,Normal,0.0
1744304822445984,10.42.0.2,10.42.0.1,50041,1883,33,1,0,1,0,0,1,0,12,0,0,0,0,0.0,0,,0,1,,0,0,0,1,42,4,MQTT,4,0.0,0,0,0,0,0,64.0,5760.0,0,0,esp32_a0a3b3edac1c,66,eth:ethertype:ip:tcp:mqtt,36.4,94.9,52.8,160.0,-51.0,84:F3:EB:12:34:56,,,,,0.0,Normal,0.0
1744304822481216,10.42.0.2,10.42.0.1,50041,1883,45,5,0,1,0,0,1,0,3,0,0,0,0,0.0,0,,0,0,,0,0,0,0,0,0,0,0,0.0,0,0,0,0,0,64.0,5756.0,0,0,0,57,eth:ethertype:ip:tcp,36.4,94.9,52.8,160.0,-51.0,84:F3:EB:12:34:56,,,,,0.0,Normal,0.0
1744304822493517,10.42.0.2,10.42.0.1,50041,1883,48,5,0,1,1,0,1,0,185,0,0,0,0,0.0,0,,0,3,"Wakeup: 0, Mode: 0, Reset: 1, Temperature: 35.9, Uptime: 629081, Memory: 94.9, In_Temperature: 52.2°C, CPU: 160, RSSI: -49, MAC: 84:F3:EB:12:34:56, F_Storage: 99.2",test/temperatura,16,0,0,182,0,0,0,0.0,0,0,0,0,0,64.0,5756.0,0,0,0,239,eth:ethertype:ip:tcp:mqtt,35.9,94.9,52.2,160.0,-49.0,84:F3:EB:12:34:56,,,,,0.0,Normal,0.0
1744304822497068,10.42.0.2,10.42.0.1,50041,1883,234,6,0,1,0,0,0,0,0,0,0,0,0,0.0,0,,0,0,,0,0,0,0,0,0,0,0,0.0,0,0,0,0,0,64.0,5755.0,0,0,0,54,eth:ethertype:ip:tcp,35.9,94.9,52.2,160.0,-49.0,84:F3:EB:12:34:56,,,,,0.0,Normal,0.0
1744304852501895,10.42.0.2,10.42.0.1,50042,1883,0,0,1,0,0,0,0,0,0,0,0,0,0,0.0,0,,0,0,,0,0,0,0,0,0,0,0,0.0,0,0,0,0,0,64.0,5760.0,0,0,0,58,eth:ethertype:ip:tcp,35.9,94.9,52.2,160.0,-49.0,84:F3:EB:12:34:56,,,,,0.0,Normal,0.0
1744304852505521,10.42.0.2,10.42.0.1,50042,1883,1,1,0,1,0,0,0,0,0,0,0,0,0,0.0,0,,0,0,,0,0,0,0,0,0,0,0,0.0,0,0,0,0,0,64.0,5760.0,0,0,0,54,eth:ethertype:ip:tcp,35.9,94.9,52.2,160.0,-49.0,84:F3:EB:12:34:56,,,,,0.0,Normal,0.0
1744304852509347,10.42.0.2,10.42.0.1,50042,1883,1,1,0,1,0,0,1,0,3,0,0,0,0,0.0,0,,0,0,,0,0,0,0,0,0,0,0,0.0,0,0,0,0,0,64.0,5760.0,0,0,0,57,eth:ethertype:ip:tcp,35.9,94.9,52.2,160.0,-49.0,84:F3:EB:12:34:56,,,,,0.0,Normal,0.0
1744304852514351,10.42.0.2,10.42.0.1,50042,1883,4,1,0,1,0,0,1,0,41,0,0,0,0,0.0,0,,0,1,,0,0,0,1,42,4,MQTT,4,0.0,0,0,0,0,0,64.0,5760.0,0,0,esp32_a0a3b3edac1c,95,eth:ethertype:ip:tcp:mqtt,35.9,94.9,52.2,160.0,-49.0,84:F3:EB:12:34:56,,,,,0.0,Normal,0.0
1744304852549651,10.42.0.2,10.42.0.1,50042,1883,45,5,0,1,0,0,1,0,3,0,0,0,0,0.0,0,,0,0,,0,0,0,0,0,0,0,0,0.0,0,0,0,0,0,64.0,5756.0,0,0,0,57,eth:ethertype:ip:tcp,35.9,94.9,52.2,160.0,-49.0,84:F3:EB:12:34:56,,,,,0.0,Normal,0.0
1744304852562973,10.42.0.2,10.42.0.1,50042,1883,48,5,0,1,1,0,1,0,185,0,0,0,0,0.0,0,,0,3,"Wakeup: 0, Mode: 0, Reset: 1, Temperature: 27.3, Uptime: 629111, Memory: 94.9, In_Temperature: 52.8°C, CPU: 160, RSSI: -50, MAC: 84:F3:EB:12:34:56, F_Storage: 99.2",test/temperatura,16,0,0,182,0,0,0,0.0,0,0,0,0,0,64.0,5756.0,0,0,0,239,eth:ethertype:ip:tcp:mqtt,27.3,94.9,52.8,160.0,-50.0,84:F3:EB:12:34:56,,,,,0.0,Normal,0.0
1744304852566325,10.42.0.2,10.42.0.1,50042,1883,234,6,0,1,0,0,0,0,0,0,0,0,0,0.0,0,,0,0,,0,0,0,0,0,0,0,0,0.0,0,0,0,0,0,64.0,5755.0,0,0,0,54,eth:ethertype:ip:tcp,27.3,94.9,52.8,160.0,-50.0,84:F3:EB:12:34:56,,,,,0.0,Normal,0.0
1744304882571894,10.42.0.2,10.42.0.1,50043,1883,0,0,1,0,0,0,0,0,0,0,0,0,0,0.0,0,,0,0,,0,0,0,0,0,0,0,0,0.0,0,0,0,0,0,64.0,5760.0,0,0,0,58,eth:ethertype:ip:tcp,27.3,94.9,52.8,160.0,-50.0,84:F3:EB:12:34:56,,,,,0.0,Normal,0.0
1744304882576470,10.42.0.2,10.42.0.1,50043,1883,1,1,0,1,0,0,0,0,0,0,0,0,0,0.0,0,,0,0,,0,0,0,0,0,0,0,0,0.0,0,0,0,0,0,64.0,5760.0,0,0,0,54,eth:ethertype:ip:tcp,27.3,94.9,52.8,160.0,-50.0,84:F3:EB:12:34:56,,,,,0.0,Normal,0.0
1744304882578358,10.42.0.2,10.42.0.1,50043,1883,1,1,0,1,0,0,1,0,3,0,0,0,0,0.0,0,,0,0,,0,0,0,0,0,0,0,0,0.0,0,0,0,0,0,64.0,5760.0,0,0,0,57,eth:ethertype:ip:tcp,27.3,94.9,52.8,160.0,-50.0,84:F3:EB:12:34:56,,,,,0.0,Normal,0.0
1744304882581733,10.42.0.2,10.42.0.1,50043,1883,4,1,0,1,0,0,1,0,29,0,0,0,0,0.0,0,,0,0,,0,0,0,0,0,0,0,0,0.0,0,0,0,0,0,64.0,5760.0,0,0,0,83,eth:ethertype:ip:tcp,27.3,94.9,52.8,160.0,-50.0,84:F3:EB:12:34:56,,,,,0.0,Normal,0.0
1744304882584869,10.42.0.2,10.42.0.1,50043,1883,33,1,0,1,0,0,1,0,12,0,0,0,0,0.0,0,,0,1,,0,0,0,1,42,4,MQTT,4,0.0,0,0,0,0,0,64.0,5760.0,0,0,esp32_a0a3b3edac1c,66,eth:ethertype:ip:tcp:mqtt,27.3,94.9,52.8,160.0,-50.0,84:F3:EB:12:34:56,,,,,0.0,Normal,0.0
1744304882591883,10.42.0.2,10.42.0.1,50043,1883,45,5,0,1,0,0,0,0,0,0,0,0,0,0.0,0,,0,0,,0,0,0,0,0,0,0,0,0.0,0,0,0,0,0,64.0,5756.0,0,0,0,54,eth:ethertype:ip:tcp,27.3,94.9,52.8,160.0,-50.0,84:F3:EB:12:34:56,,,,,0.0,Normal,0.0
1744304882624077,10.42.0.2,10.42.0.1,50043,1883,45,5,0,1,0,0,1,0,3,0,0,0,0,0.0,0,,0,0,,0,0,0,0,0,0,0,0,0.0,0,0,0,0,0,64.0,5756.0,0,0,0,57,eth:ethertype:ip:tcp,27.3,94.9,52.8,160.0,-50.0,84:F3:EB:12:34:56,,,,,0.0,Normal,0.0
1744304882632260,10.42.0.2,10.42.0.1,50043,1883,48,5,0,1,1,0,1,0,185,0,0,0,0,0.0,0,,0,3,"Wakeup: 0, Mode: 0, Reset: 1, Temperature: 40.8, Uptime: 629142, Memory: 94.9, In_Temperature: 52.2°C, CPU: 160, RSSI: -51, MAC: 84:F3:EB:12:34:56, F_Storage: 99.2",test/temperatura,16,0,0,182,0,0,0,0.0,0,0,0,0,0,64.0,5756.0,0,0,0,239,eth:ethertype:ip:tcp:mqtt,40.8,94.9,52.2,160.0,-51.0,84:F3:EB:12:34:56,,,,,0.0,Normal,0.0
1744304882635876,10.42.0.2,10.42.0.1,50043,1883,234,6,0,1,0,0,0,0,0,0,0,0,0,0.0,0,,0,0,,0,0,0,0,0,0,0,0,0.0,0,0,0,0,0,64.0,5755.0,0,0,0,54,eth:ethertype:ip:tcp,40.8,94.9,52.2,160.0,-51.0,84:F3:EB:12:34:56,,,,,0.0,Normal,0.0
1744304912641163,10.42.0.2,10.42.0.1,50044,1883,0,0,1,0,0,0,0,0,0,0,0,0,0,0.0,0,,0,0,,0,0,0,0,0,0,0,0,0.0,0,0,0,0,0,64.0,5760.0,0,0,0,58,eth:ethertype:ip:tcp,40.8,94.9,52.2,160.0,-51.0,84:F3:EB:12:34:56,,,,,0.0,Normal,0.0
1744304912645115,10.42.0.2,10.42.0.1,50044,1883,1,1,0,1,0,0,0,0,0,0,0,0,0,0.0,0,,0,0,,0,0,0,0,0,0,0,0,0.0,0,0,0,0,0,64.0,5760.0,0,0,0,54,eth:ethertype:ip:tcp,40.8,94.9,52.2,160.0,-51.0,84:F3:EB:12:34:56,,,,,0.0,Normal,0.0
1744304912647226,10.42.0.2,10.42.0.1,50044,1883,1,1,0,1,0,0,1,0,3,0,0,0,0,0.0,0,,0,0,,0,0,0,0,0,0,0,0,0.0,0,0,0,0,0,64.0,5760.0,0,0,0,57,eth:ethertype:ip:tcp,40.8,94.9,52.2,160.0,-51.0,84:F3:EB:12:34:56,,,,,0.0,Normal,0.0
1744304912650876,10.42.0.2,10.42.0.1,50044,1883,4,1,0,1,0,0,1,0,29,0,0,0,0,0.0,0,,0,0,,0,0,0,0,0,0,0,0,0.0,0,0,0,0,0,64.0,5760.0,0,0,0,83,eth:ethertype:ip:tcp,40.8,94.9,52.2,160.0,-51.0,84:F3:EB:12:34:56,,,,,0.0,Normal,0.0
1744304912654021,10.42.0.2,10.42.0.1,50044,1883,33,1,0,1,0,0,1,0,12,0,0,0,0,0.0,0,,0,1,,0,0,0,1,42,4,MQTT,4,0.0,0,0,0,0,0,64.0,5760.0,0,0,esp32_a0a3b3edac1c,66,eth:ethertype:ip:tcp:mqtt,40.8,94.9,52.2,160.0,-51.0,84:F3:EB:12:34:56,,,,,0.0,Normal,0.0
1744304912689610,10.42.0.2,10.42.0.1,50044,1883,45,5,0,1,0,0,1,0,3,0,0,0,0,0.0,0,,0,0,,0,0,0,0,0,0,0,0,0.0,0,0,0,0,0,64.0,5756.0,0,0,0,57,eth:ethertype:ip:tcp,40.8,94.9,52.2,160.0,-51.0,84:F3:EB:12:34:56,,,,,0.0,Normal,0.0
1744304912701983,10.42.0.2,10.42.0.1,50044,1883,48,5,0,1,1,0,1,0,185,0,0,0,0,0.0,0,,0,3,"Wakeup: 0, Mode: 0, Reset: 1, Temperature: 29.3, Uptime: 629172, Memory: 94.9, In_Temperature: 52.2°C, CPU: 160, RSSI: -49, MAC: 84:F3:EB:12:34:56, F_Storage: 99.2",test/temperatura,16,0,0,182,0,0,0,0.0,0,0,0,0,0,64.0,5756.0,0,0,0,239,eth:ethertype:ip:tcp:mqtt,29.3,94.9,52.2,160.0,-49.0,84:F3:EB:12:34:56,,,,,0.0,Normal,0.0
1744304912705420,10.42.0.2,10.42.0.1,50044,1883,234,6,0,1,0,0,0,0,0,0,0,0,0,0.0,0,,0,0,,0,0,0,0,0,0,0,0,0.0,0,0,0,0,0,64.0,5755.0,0,0,0,54,eth:ethertype:ip:tcp,29.3,94.9,52.2,160.0,-49.0,84:F3:EB:12:34:56,,,,,0.0,Normal,0.0
1744304942710528,10.42.0.2,10.42.0.1,50045,1883,0,0,1,0,0,0,0,0,0,0,0,0,0,0.0,0,,0,0,,0,0,0,0,0,0,0,0,0.0,0,0,0,0,0,64.0,5760.0,0,0,0,58,eth:ethertype:ip:tcp,29.3,94.9,52.2,160.0,-49.0,84:F3:EB:12:34:56,,,,,0.0,Normal,0.0
1744304942716113,10.42.0.2,10.42.0.1,50045,1883,1,1,0,1,0,0,0,0,0,0,0,0,0,0.0,0,,0,0,,0,0,0,0,0,0,0,0,0.0,0,0,0,0,0,64.0,5760.0,0,0,0,54,eth:ethertype:ip:tcp,29.3,94.9,52.2,160.0,-49.0,84:F3:EB:12:34:56,,,,,0.0,Normal,0.0
1744304942716686,10.42.0.2,10.42.0.1,50045,1883,1,1,0,1,0,0,1,0,3,0,0,0,0,0.0,0,,0,0,,0,0,0,0,0,0,0,0,0.0,0,0,0,0,0,64.0,5760.0,0,0,0,57,eth:ethertype:ip:tcp,29.3,94.9,52.2,160.0,-49.0,84:F3:EB:12:34:56,,,,,0.0,Normal,0.0
1744304942720001,10.42.0.2,10.42.0.1,50045,1883,4,1,0,1,0,0,1,0,29,0,0,0,0,0.0,0,,0,0,,0,0,0,0,0,0,0,0,0.0,0,0,0,0,0,64.0,5760.0,0,0,0,83,eth:ethertype:ip:tcp,29.3,94.9,52.2,160.0,-49.0,84:F3:EB:12:34:56,,,,,0.0,Normal,0.0
1744304942723872,10.42.0.2,10.42.0.1,50045,1883,33,1,0,1,0,0,1,0,12,0,0,0,0,0.0,0,,0,1,,0,0,0,1,42,4,MQTT,4,0.0,0,0,0,0,0,64.0,5760.0,0,0,esp32_a0a3b3edac1c,66,eth:ethertype:ip:tcp:mqtt,29.3,94.9,52.2,160.0,-49.0,84:F3:EB:12:34:56,,,,,0.0,Normal,0.0
1744304942760926,10.42.0.2,10.42.0.1,50045,1883,45,5,0,1,0,0,1,0,3,0,0,0,0,0.0,0,,0,0,,0,0,0,0,0,0,0,0,0.0,0,0,0,0,0,64.0,5756.0,0,0,0,57,eth:ethertype:ip:tcp,29.3,94.9,52.2,160.0,-49.0,84:F3:EB:12:34:56,,,,,0.0,Normal,0.0
1744304942770927,10.42.0.2,10.42.0.1,50045,1883,48,5,0,1,1,0,1,0,185,0,0,0,0,0.0,0,,0,3,"Wakeup: 0, Mode: 0, Reset: 1, Temperature: 27.2, Uptime: 629202, Memory: 94.8, In_Temperature: 52.2°C, CPU: 160, RSSI: -49, MAC: 84:F3:EB:12:34:56, F_Storage: 99.2",test/temperatura,16,0,0,182,0,0,0,0.0,0,0,0,0,0,64.0,5756.0,0,0,0,239,eth:ethertype:ip:tcp:mqtt,27.2,94.8,52.2,160.0,-49.0,84:F3:EB:12:34:56,,,,,0.0,Normal,0.0
1744304942774262,10.42.0.2,10.42.0.1,50045,1883,234,6,0,1,0,0,0,0,0,0,0,0,0,0.0,0,,0,0,,0,0,0,0,0,0,0,0,0.0,0,0,0,0,0,64.0,5755.0,0,0,0,54,eth:ethertype:ip:tcp,27.2,94.8,52.2,160.0,-49.0,84:F3:EB:12:34:56,,,,,0.0,Normal,0.0
1744304972779841,10.42.0.2,10.42.0.1,50046,1883,0,0,1,0,0,0,0,0,0,0,0,0,0,0.0,0,,0,0,,0,0,0,0,0,0,0,0,0.0,0,0,0,0,0,64.0,5760.0,0,0,0,58,eth:ethertype:ip:tcp,27.2,94.8,52.2,160.0,-49.0,84:F3:EB:12:34:56,,,,,0.0,Normal,0.0
1744304972784201,10.42.0.2,10.42.0.1,50046,1883,1,1,0,1,0,0,0,0,0,0,0,0,0,0.0,0,,0,0,,0,0,0,0,0,0,0,0,0.0,0,0,0,0,0,64.0,5760.0,0,0,0,54,eth:ethertype:ip:tcp,27.2,94.8,52.2,160.0,-49.0,84:F3:EB:12:34:56,,,,,0.0,Normal,0.0
1744304972785891,10.42.0.2,10.42.0.1,50046,1883,1,1,0,1,0,0,1,0,3,0,0,0,0,0.0,0,,0,0,,0,0,0,0,0,0,0,0,0.0,0,0,0,0,0,64.0,5760.0,0,0,0,57,eth:ethertype:ip:tcp,27.2,94.8,52.2,160.0,-49.0,84:F3:EB:12:34:56,,,,,0.0,Normal,0.0
1744304972789368,10.42.0.2,10.42.0.1,50046,1883,4,1,0,1,0,0,1,0,29,0,0,0,0,0.0,0,,0,0,,0,0,0,0,0,0,0,0,0.0,0,0,0,0,0,64.0,5760.0,0,0,0,83,eth:ethertype:ip:tcp,27.2,94.8,52.2,160.0,-49.0,84:F3:EB:12:34:56,,,,,0.0,Normal,0.0
1744304972792481,10.42.0.2,10.42.0.1,50046,1883,33,1,0,1,0,0,1,0,12,0,0,0,0,0.0,0,,0,1,,0,0,0,1,42,4,MQTT,4,0.0,0,0,0,0,0,64.0,5760.0,0,0,esp32_a0a3b3edac1c,66,eth:ethertype:ip:tcp:mqtt,27.2,94.8,52.2,160.0,-49.0,84:F3:EB:12:34:56,,,,,0.0,Normal,0.0
1744304972829514,10.42.0.2,10.42.0.1,50046,1883,45,5,0,1,0,0,1,0,3,0,0,0,0,0.0,0,,0,0,,0,0,0,0,0,0,0,0,0.0,0,0,0,0,0,64.0,5756.0,0,0,0,57,eth:ethertype:ip:tcp,27.2,94.8,52.2,160.0,-49.0,84:F3:EB:12:34:56,,,,,0.0,Normal,0.0
1744304972841118,10.42.0.2,10.42.0.1,50046,1883,48,5,0,1,1,0,1,0,185,0,0,0,0,0.0,0,,0,3,"Wakeup: 0, Mode: 0, Reset: 1, Temperature: 32.3, Uptime: 629232, Memory: 94.9, In_Temperature: 52.8°C, CPU: 160, RSSI: -50, MAC: 84:F3:EB:12:34:56, F_Storage: 99.2",test/temperatura,16,0,0,182,0,0,0,0.0,0,0,0,0,0,64.0,5756.0,0,0,0,239,eth:ethertype:ip:tcp:mqtt,32.3,94.9,52.8,160.0,-50.0,84:F3:EB:12:34:56,,,,,0.0,Normal,0.0
1744304972844580,10.42.0.2,10.42.0.1,50046,1883,234,6,0,1,0,0,0,0,0,0,0,0,0,0.0,0,,0,0,,0,0,0,0,0,0,0,0,0.0,0,0,0,0,0,64.0,5755.0,0,0,0,54,eth:ethertype:ip:tcp,32.3,94.9,52.8,160.0,-50.0,84:F3:EB:12:34:56,,,,,0.0,Normal,0.0
1744305002849337,10.42.0.2,10.42.0.1,50047,1883,0,0,1,0,0,0,0,0,0,0,0,0,0,0.0,0,,0,0,,0,0,0,0,0,0,0,0,0.0,0,0,0,0,0,64.0,5760.0,0,0,0,58,eth:ethertype:ip:tcp,32.3,94.9,52.8,160.0,-50.0,84:F3:EB:12:34:56,,,,,0.0,Normal,0.0
1744305002854097,10.42.0.2,10.42.0.1,50047,1883,1,1,0,1,0,0,0,0,0,0,0,0,0,0.0,0,,0,0,,0,0,0,0,0,0,0,0,0.0,0,0,0,0,0,64.0,5760.0,0,0,0,54,eth:ethertype:ip:tcp,32.3,94.9,52.8,160.0,-50.0,84:F3:EB:12:34:56,,,,,0.0,Normal,0.0
1744305002855468,10.42.0.2,10.42.0.1,50047,1883,1,1,0,1,0,0,1,0,3,0,0,0,0,0.0,0,,0,0,,0,0,0,0,0,0,0,0,0.0,0,0,0,0,0,64.0,5760.0,0,0,0,57,eth:ethertype:ip:tcp,32.3,94.9,52.8,160.0,-50.0,84:F3:EB:12:34:56,,,,,0.0,Normal,0.0
1744305002858759,10.42.0.2,10.42.0.1,50047,1883,4,1,0,1,0,0,1,0,29,0,0,0,0,0.0,0,,0,0,,0,0,0,0,0,0,0,0,0.0,0,0,0,0,0,64.0,5760.0,0,0,0,83,eth:ethertype:ip:tcp,32.3,94.9,52.8,160.0,-50.0,84:F3:EB:12:34:56,,,,,0.0,Normal,0.0
1744305002861719,10.42.0.2,10.42.0.1,50047,1883,33,1,0,1,0,0,1,0,12,0,0,0,0,0.0,0,,0,1,,0,0,0,1,42,4,MQTT,4,0.0,0,0,0,0,0,64.0,5760.0,0,0,esp32_a0a3b3edac1c,66,eth:ethertype:ip:tcp:mqtt,32.3,94.9,52.8,160.0,-50.0,84:F3:EB:12:34:56,,,,,0.0,Normal,0.0
1744305002901162,10.42.0.2,10.42.0.1,50047,1883,45,5,0,1,0,0,1,0,3,0,0,0,0,0.0,0,,0,0,,0,0,0,0,0,0,0,0,0.0,0,0,0,0,0,64.0,5756.0,0,0,0,57,eth:ethertype:ip:tcp,32.3,94.9,52.8,160.0,-50.0,84:F3:EB:12:34:56,,,,,0.0,Normal,0.0
1744305002909514,10.42.0.2,10.42.0.1,50047,1883,48,5,0,1,1,0,1,0,185,0,0,0,0,0.0,0,,0,3,"Wakeup: 0, Mode: 0, Reset: 1, Temperature: 32.0, Uptime: 629262, Memory: 94.9, In_Temperature: 52.8°C, CPU: 160, RSSI: -50, MAC: 84:F3:EB:12:34:56, F_Storage: 99.2",test/temperatura,16,0,0,182,0,0,0,0.0,0,0,0,0,0,64.0,5756.0,0,0,0,239,eth:ethertype:ip:tcp:mqtt,32.0,94.9,52.8,160.0,-50.0,84:F3:EB:12:34:56,,,,,0.0,Normal,0.0
1744305002912998,10.42.0.2,10.42.0.1,50047,1883,234,6,0,1,0,0,0,0,0,0,0,0,0,0.0,0,,0,0,,0,0,0,0,0,0,0,0,0.0,0,0,0,0,0,64.0,5755.0,0,0,0,54,eth:ethertype:ip:tcp,32.0,94.9,52.8,160.0,-50.0,84:F3:EB:12:34:56,,,,,0.0,Normal,0.0
1744305032918003,10.42.0.2,10.42.0.1,50048,1883,0,0,1,0,0,0,0,0,0,0,0,0,0,0.0,0,,0,0,,0,0,0,0,0,0,0,0,0.0,0,0,0,0,0,64.0,5760.0,0,0,0,58,eth:ethertype:ip:tcp,32.0,94.9,52.8,160.0,-50.0,84:F3:EB:12:34:56,,,,,0.0,Normal,0.0
1744305032922536,10.42.0.2,10.42.0.1,50048,1883,1,1,0,1,0,0,0,0,0,0,0,0,0,0.0,0,,0,0,,0,0,0,0,0,0,0,0,0.0,0,0,0,0,0,64.0,5760.0,0,0,0,54,eth:ethertype:ip:tcp,32.0,94.9,52.8,160.0,-50.0,84:F3:EB:12:34:56,,,,,0.0,Normal,0.0
1744305032924853,10.42.0.2,10.42.0.1,50048,1883,1,1,0,1,0,0,1,0,3,0,0,0,0,0.0,0,,0,0,,0,0,0,0,0,0,0,0,0.0,0,0,0,0,0,64.0,5760.0,0,0,0,57,eth:ethertype:ip:tcp,32.0,94.9,52.8,160.0,-50.0,84:F3:EB:12:34:56,,,,,0.0,Normal,0.0
1744305032928304,10.42.0.2,10.42.0.1,50048,1883,4,1,0,1,0,0,1,0,29,0,0,0,0,0.0,0,,0,0,,0,0,0,0,0,0,0,0,0.0,0,0,0,0,0,64.0,5760.0,0,0,0,83,eth:ethertype:ip:tcp,32.0,94.9,52.8,160.0,-50.0,84:F3:EB:12:34:56,,,,,0.0,Normal,0.0
1744305032932172,10.42.0.2,10.42.0.1,50048,1883,33,1,0,1,0,0,1,0,2,0,0,0,0,0.0,0,,0,0,,0,0,0,0,0,0,0,0,0.0,0,0,0,0,0,64.0,5760.0,0,0,0,56,eth:ethertype:ip:tcp,32.0,94.9,52.8,160.0,-50.0,84:F3:EB:12:34:56,,,,,0.0,Normal,0.0
1744305032938377,10.42.0.2,10.42.0.1,50048,1883,35,1,0,1,0,0,1,0,10,0,0,0,0,0.0,0,,0,1,,0,0,0,1,42,4,MQTT,4,0.0,0,0,0,0,0,64.0,5760.0,0,0,esp32_a0a3b3edac1c,64,eth:ethertype:ip:tcp:mqtt,32.0,94.9,52.8,160.0,-50.0,84:F3:EB:12:34:56,,,,,0.0,Normal,0.0
1744305032975522,10.42.0.2,10.42.0.1,50048,1883,45,5,0,1,0,0,1,0,3,0,0,0,0,0.0,0,,0,0,,0,0,0,0,0,0,0,0,0.0,0,0,0,0,0,64.0,5756.0,0,0,0,57,eth:ethertype:ip:tcp,32.0,94.9,52.8,160.0,-50.0,84:F3:EB:12:34:56,,,,,0.0,Normal,0.0
1744305032988801,10.42.0.2,10.42.0.1,50048,1883,48,5,0,1,1,0,1,0,185,0,0,0,0,0.0,0,,0,3,"Wakeup: 0, Mode: 0, Reset: 1, Temperature: 29.3, Uptime: 629292, Memory: 94.9, In_Temperature: 52.8°C, CPU: 160, RSSI: -49, MAC: 84:F3:EB:12:34:56, F_Storage: 99.2",test/temperatura,16,0,0,182,0,0,0,0.0,0,0,0,0,0,64.0,5756.0,0,0,0,239,eth:ethertype:ip:tcp:mqtt,29.3,94.9,52.8,160.0,-49.0,84:F3:EB:12:34:56,,,,,0.0,Normal,0.0
1744305032992330,10.42.0.2,10.42.0.1,50048,1883,234,6,0,1,0,0,0,0,0,0,0,0,0,0.0,0,,0,0,,0,0,0,0,0,0,0,0,0.0,0,0,0,0,0,64.0,5755.0,0,0,0,54,eth:ethertype:ip:tcp,29.3,94.9,52.8,160.0,-49.0,84:F3:EB:12:34:56,,,,,0.0,Normal,0.0
1744305062997925,10.42.0.2,10.42.0.1,50049,1883,0,0,1,0,0,0,0,0,0,0,0,0,0,0.0,0,,0,0,,0,0,0,0,0,0,0,0,0.0,0,0,0,0,0,64.0,5760.0,0,0,0,58,eth:ethertype:ip:tcp,29.3,94.9,52.8,160.0,-49.0,84:F3:EB:12:34:56,,,,,0.0,Normal,0.0
1744305063002301,10.42.0.2,10.42.0.1,50049,1883,1,1,0,1,0,0,0,0,0,0,0,0,0,0.0,0,,0,0,,0,0,0,0,0,0,0,0,0.0,0,0,0,0,0,64.0,5760.0,0,0,0,54,eth:ethertype:ip:tcp,29.3,94.9,52.8,160.0,-49.0,84:F3:EB:12:34:56,,,,,0.0,Normal,0.0
1744305063004493,10.42.0.2,10.42.0.1,50049,1883,1,1,0,1,0,0,1,0,3,0,0,0,0,0.0,0,,0,0,,0,0,0,0,0,0,0,0,0.0,0,0,0,0,0,64.0,5760.0,0,0,0,57,eth:ethertype:ip:tcp,29.3,94.9,52.8,160.0,-49.0,84:F3:EB:12:34:56,,,,,0.0,Normal,0.0
1744305063007963,10.42.0.2,10.42.0.1,50049,1883,4,1,0,1,0,0,1,0,29,0,0,0,0,0.0,0,,0,0,,0,0,0,0,0,0,0,0,0.0,0,0,0,0,0,64.0,5760.0,0,0,0,83,eth:ethertype:ip:tcp,29.3,94.9,52.8,160.0,-49.0,84:F3:EB:12:34:56,,,,,0.0,Normal,0.0
1744305063011117,10.42.0.2,10.42.0.1,50049,1883,33,1,0,1,0,0,1,0,12,0,0,0,0,0.0,0,,0,1,,0,0,0,1,42,4,MQTT,4,0.0,0,0,0,0,0,64.0,5760.0,0,0,esp32_a0a3b3edac1c,66,eth:ethertype:ip:tcp:mqtt,29.3,94.9,52.8,160.0,-49.0,84:F3:EB:12:34:56,,,,,0.0,Normal,0.0
1744305063047958,10.42.0.2,10.42.0.1,50049,1883,45,5,0,1,0,0,1,0,3,0,0,0,0,0.0,0,,0,0,,0,0,0,0,0,0,0,0,0.0,0,0,0,0,0,64.0,5756.0,0,0,0,57,eth:ethertype:ip:tcp,29.3,94.9,52.8,160.0,-49.0,84:F3:EB:12:34:56,,,,,0.0,Normal,0.0
1744305063058175,10.42.0.2,10.42.0.1,50049,1883,48,5,0,1,1,0,1,0,185,0,0,0,0,0.0,0,,0,3,"Wakeup: 0, Mode: 0, Reset: 1, Temperature: 28.5, Uptime: 629322, Memory: 94.9, In_Temperature: 52.2°C, CPU: 160, RSSI: -50, MAC: 84:F3:EB:12:34:56, F_Storage: 99.2",test/temperatura,16,0,0,182,0,0,0,0.0,0,0,0,0,0,64.0,5756.0,0,0,0,239,eth:ethertype:ip:tcp:mqtt,28.5,94.9,52.2,160.0,-50.0,84:F3:EB:12:34:56,,,,,0.0,Normal,0.0
1744305063061862,10.42.0.2,10.42.0.1,50049,1883,234,6,0,1,0,0,0,0,0,0,0,0,0,0.0,0,,0,0,,0,0,0,0,0,0,0,0,0.0,0,0,0,0,0,64.0,5755.0,0,0,0,54,eth:ethertype:ip:tcp,28.5,94.9,52.2,160.0,-50.0,84:F3:EB:12:34:56,,,,,0.0,Normal,0.0
1744305093067116,10.42.0.2,10.42.0.1,50050,1883,0,0,1,0,0,0,0,0,0,0,0,0,0,0.0,0,,0,0,,0,0,0,0,0,0,0,0,0.0,0,0,0,0,0,64.0,5760.0,0,0,0,58,eth:ethertype:ip:tcp,28.5,94.9,52.2,160.0,-50.0,84:F3:EB:12:34:56,,,,,0.0,Normal,0.0
1744305093071081,10.42.0.2,10.42.0.1,50050,1883,1,1,0,1,0,0,0,0,0,0,0,0,0,0.0,0,,0,0,,0,0,0,0,0,0,0,0,0.0,0,0,0,0,0,64.0,5760.0,0,0,0,54,eth:ethertype:ip:tcp,28.5,94.9,52.2,160.0,-50.0,84:F3:EB:12:34:56,,,,,0.0,Normal,0.0
1744305093073158,10.42.0.2,10.42.0.1,50050,1883,1,1,0,1,0,0,1,0,3,0,0,0,0,0.0,0,,0,0,,0,0,0,0,0,0,0,0,0.0,0,0,0,0,0,64.0,5760.0,0,0,0,57,eth:ethertype:ip:tcp,28.5,94.9,52.2,160.0,-50.0,84:F3:EB:12:34:56,,,,,0.0,Normal,0.0
1744305093076589,10.42.0.2,10.42.0.1,50050,1883,4,1,0,1,0,0,1,0,29,0,0,0,0,0.0,0,,0,0,,0,0,0,0,0,0,0,0,0.0,0,0,0,0,0,64.0,5760.0,0,0,0,83,eth:ethertype:ip:tcp,28.5,94.9,52.2,160.0,-50.0,84:F3:EB:12:34:56,,,,,0.0,Normal,0.0
1744305093079595,10.42.0.2,10.42.0.1,50050,1883,33,1,0,1,0,0,1,0,12,0,0,0,0,0.0,0,,0,1,,0,0,0,1,42,4,MQTT,4,0.0,0,0,0,0,0,64.0,5760.0,0,0,esp32_a0a3b3edac1c,66,eth:ethertype:ip:tcp:mqtt,28.5,94.9,52.2,160.0,-50.0,84:F3:EB:12:34:56,,,,,0.0,Normal,0.0
1744305093087185,10.42.0.2,10.42.0.1,50050,1883,45,5,0,1,0,0,0,0,0,0,0,0,0,0.0,0,,0,0,,0,0,0,0,0,0,0,0,0.0,0,0,0,0,0,64.0,5756.0,0,0,0,54,eth:ethertype:ip:tcp,28.5,94.9,52.2,160.0,-50.0,84:F3:EB:12:34:56,,,,,0.0,Normal,0.0
1744305093115930,10.42.0.2,10.42.0.1,50050,1883,45,5,0,1,0,0,1,0,3,0,0,0,0,0.0,0,,0,0,,0,0,0,0,0,0,0,0,0.0,0,0,0,0,0,64.0,5756.0,0,0,0,57,eth:ethertype:ip:tcp,28.5,94.9,52.2,160.0,-50.0,84:F3:EB:12:34:56,,,,,0.0,Normal,0.0
1744305093127511,10.42.0.2,10.42.0.1,50050,1883,48,5,0,1,1,0,1,0,185,0,0,0,0,0.0,0,,0,3,"Wakeup: 0, Mode: 0, Reset: 1, Temperature: 36.1, Uptime: 629352, Memory: 94.9, In_Temperature: 52.2°C, CPU: 160, RSSI: -50, MAC: 84:F3:EB:12:34:56, F_Storage: 99.2",test/temperatura,16,0,0,182,0,0,0,0.0,0,0,0,0,0,64.0,5756.0,0,0,0,239,eth:ethertype:ip:tcp:mqtt,36.1,94.9,52.2,160.0,-50.0,84:F3:EB:12:34:56,,,,,0.0,Normal,0.0
1744305093131069,10.42.0.2,10.42.0.1,50050,1883,234,6,0,1,0,0,0,0,0,0,0,0,0,0.0,0,,0,0,,0,0,0,0,0,0,0,0,0.0,0,0,0,0,0,64.0,5755.0,0,0,0,54,eth:ethertype:ip:tcp,36.1,94.9,52.2,160.0,-50.0,84:F3:EB:12:34:56,,,,,0.0,Normal,0.0
1744305123136530,10.42.0.2,10.42.0.1,50051,1883,0,0,1,0,0,0,0,0,0,0,0,0,0,0.0,0,,0,0,,0,0,0,0,0,0,0,0,0.0,0,0,0,0,0,64.0,5760.0,0,0,0,58,eth:ethertype:ip:tcp,36.1,94.9,52.2,160.0,-50.0,84:F3:EB:12:34:56,,,,,0.0,Normal,0.0
1744305123140612,10.42.0.2,10.42.0.1,50051,1883,1,1,0,1,0,0,0,0,0,0,0,0,0,0.0,0,,0,0,,0,0,0,0,0,0,0,0,0.0,0,0,0,0,0,64.0,5760.0,0,0,0,54,eth:ethertype:ip:tcp,36.1,94.9,52.2,160.0,-50.0,84:F3:EB:12:34:56,,,,,0.0,Normal,0.0
1744305123142747,10.42.0.2,10.42.0.1,50051,1883,1,1,0,1,0,0,1,0,3,0,0,0,0,0.0,0,,0,0,,0,0,0,0,0,0,0,0,0.0,0,0,0,0,0,64.0,5760.0,0,0,0,57,eth:ethertype:ip:tcp,36.1,94.9,52.2,160.0,-50.0,84:F3:EB:12:34:56,,,,,0.0,Normal,0.0
1744305123146200,10.42.0.2,10.42.0.1,50051,1883,4,1,0,1,0,0,1,0,29,0,0,0,0,0.0,0,,0,0,,0,0,0,0,0,0,0,0,0.0,0,0,0,0,0,64.0,5760.0,0,0,0,83,eth:ethertype:ip:tcp,36.1,94.9,52.2,160.0,-50.0,84:F3:EB:12:34:56,,,,,0.0,Normal,0.0
1744305123149244,10.42.0.2,10.42.0.1,50051,1883,33,1,0,1,0,0,1,0,12,0,0,0,0,0.0,0,,0,1,,0,0,0,1,42,4,MQTT,4,0.0,0,0,0,0,0,64.0,5760.0,0,0,esp32_a0a3b3edac1c,66,eth:ethertype:ip:tcp:mqtt,36.1,94.9,52.2,160.0,-50.0,84:F3:EB:12:34:56,,,,,0.0,Normal,0.0
1744305123189518,10.42.0.2,10.42.0.1,50051,1883,45,5,0,1,0,0,1,0,3,0,0,0,0,0.0,0,,0,0,,0,0,0,0,0,0,0,0,0.0,0,0,0,0,0,64.0,5756.0,0,0,0,57,eth:ethertype:ip:tcp,36.1,94.9,52.2,160.0,-50.0,84:F3:EB:12:34:56,,,,,0.0,Normal,0.0
1744305123206946,10.42.0.2,10.42.0.1,50051,1883,48,5,0,1,1,0,1,0,185,0,0,0,0,0.0,0,,0,3,"Wakeup: 0, Mode: 0, Reset: 1, Temperature: 32.7, Uptime: 629382, Memory: 94.9, In_Temperature: 52.2°C, CPU: 160, RSSI: -49, MAC: 84:F3:EB:12:34:56, F_Storage: 99.2",test/temperatura,16,0,0,182,0,0,0,0.0,0,0,0,0,0,64.0,5756.0,0,0,0,239,eth:ethertype:ip:tcp:mqtt,32.7,94.9,52.2,160.0,-49.0,84:F3:EB:12:34:56,,,,,0.0,Normal,0.0
1744305123210231,10.42.0.2,10.42.0.1,50051,1883,234,6,0,1,0,0,0,0,0,0,0,0,0,0.0,0,,0,0,,0,0,0,0,0,0,0,0,0.0,0,0,0,0,0,64.0,5755.0,0,0,0,54,eth:ethertype:ip:tcp,32.7,94.9,52.2,160.0,-49.0,84:F3:EB:12:34:56,,,,,0.0,Normal,0.0
1744305153215765,10.42.0.2,10.42.0.1,50052,1883,0,0,1,0,0,0,0,0,0,0,0,0,0,0.0,0,,0,0,,0,0,0,0,0,0,0,0,0.0,0,0,0,0,0,64.0,5760.0,0,0,0,58,eth:ethertype:ip:tcp,32.7,94.9,52.2,160.0,-49.0,84:F3:EB:12:34:56,,,,,0.0,Normal,0.0
1744305153219834,10.42.0.2,10.42.0.1,50052,1883,1,1,0,1,0,0,0,0,0,0,0,0,0,0.0,0,,0,0,,0,0,0,0,0,0,0,0,0.0,0,0,0,0,0,64.0,5760.0,0,0,0,54,eth:ethertype:ip:tcp,32.7,94.9,52.2,160.0,-49.0,84:F3:EB:12:34:56,,,,,0.0,Normal,0.0
1744305153221968,10.42.0.2,10.42.0.1,50052,1883,1,1,0,1,0,0,1,0,3,0,0,0,0,0.0,0,,0,0,,0,0,0,0,0,0,0,0,0.0,0,0,0,0,0,64.0,5760.0,0,0,0,57,eth:ethertype:ip:tcp,32.7,94.9,52.2,160.0,-49.0,84:F3:EB:12:34:56,,,,,0.0,Normal,0.0
1744305153225389,10.42.0.2,10.42.0.1,50052,1883,4,1,0,1,0,0,1,0,29,0,0,0,0,0.0,0,,0,0,,0,0,0,0,0,0,0,0,0.0,0,0,0,0,0,64.0,5760.0,0,0,0,83,eth:ethertype:ip:tcp,32.7,94.9,52.2,160.0,-49.0,84:F3:EB:12:34:56,,,,,0.0,Normal,0.0
1744305153229001,10.42.0.2,10.42.0.1,50052,1883,33,1,0,1,0,0,1,0,12,0,0,0,0,0.0,0,,0,1,,0,0,0,1,42,4,MQTT,4,0.0,0,0,0,0,0,64.0,5760.0,0,0,esp32_a0a3b3edac1c,66,eth:ethertype:ip:tcp:mqtt,32.7,94.9,52.2,160.0,-49.0,84:F3:EB:12:34:56,,,,,0.0,Normal,0.0
1744305153265399,10.42.0.2,10.42.0.1,50052,1883,45,5,0,1,0,0,1,0,3,0,0,0,0,0.0,0,,0,0,,0,0,0,0,0,0,0,0,0.0,0,0,0,0,0,64.0,5756.0,0,0,0,57,eth:ethertype:ip:tcp,32.7,94.9,52.2,160.0,-49.0,84:F3:EB:12:34:56,,,,,0.0,Normal,0.0
1744305153276457,10.42.0.2,10.42.0.1,50052,1883,48,5,0,1,1,0,1,0,185,0,0,0,0,0.0,0,,0,3,"Wakeup: 0, Mode: 0, Reset: 1, Temperature: 34.7, Uptime: 629412, Memory: 94.9, In_Temperature: 52.8°C, CPU: 160, RSSI: -56, MAC: 84:F3:EB:12:34:56, F_Storage: 99.2",test/temperatura,16,0,0,182,0,0,0,0.0,0,0,0,0,0,64.0,5756.0,0,0,0,239,eth:ethertype:ip:tcp:mqtt,34.7,94.9,52.8,160.0,-56.0,84:F3:EB:12:34:56,,,,,0.0,Normal,0.0
1744305153279845,10.42.0.2,10.42.0.1,50052,1883,234,6,0,1,0,0,0,0,0,0,0,0,0,0.0,0,,0,0,,0,0,0,0,0,0,0,0,0.0,0,0,0,0,0,64.0,5755.0,0,0,0,54,eth:ethertype:ip:tcp,34.7,94.9,52.8,160.0,-56.0,84:F3:EB:12:34:56,,,,,0.0,Normal,0.0
1744305183285028,10.42.0.2,10.42.0.1,50053,1883,0,0,1,0,0,0,0,0,0,0,0,0,0,0.0,0,,0,0,,0,0,0,0,0,0,0,0,0.0,0,0,0,0,0,64.0,5760.0,0,0,0,58,eth:ethertype:ip:tcp,34.7,94.9,52.8,160.0,-56.0,84:F3:EB:12:34:56,,,,,0.0,Normal,0.0
1744305183289285,10.42.0.2,10.42.0.1,50053,1883,1,1,0,1,0,0,0,0,0,0,0,0,0,0.0,0,,0,0,,0,0,0,0,0,0,0,0,0.0,0,0,0,0,0,64.0,5760.0,0,0,0,54,eth:ethertype:ip:tcp,34.7,94.9,52.8,160.0,-56.0,84:F3:EB:12:34:56,,,,,0.0,Normal,0.0
1744305183291331,10.42.0.2,10.42.0.1,50053,1883,1,1,0,1,0,0,1,0,3,0,0,0,0,0.0,0,,0,0,,0,0,0,0,0,0,0,0,0.0,0,0,0,0,0,64.0,5760.0,0,0,0,57,eth:ethertype:ip:tcp,34.7,94.9,52.8,160.0,-56.0,84:F3:EB:12:34:56,,,,,0.0,Normal,0.0
1744305183294880,10.42.0.2,10.42.0.1,50053,1883,4,1,0,1,0,0,1,0,29,0,0,0,0,0.0,0,,0,0,,0,0,0,0,0,0,0,0,0.0,0,0,0,0,0,64.0,5760.0,0,0,0,83,eth:ethertype:ip:tcp,34.7,94.9,52.8,160.0,-56.0,84:F3:EB:12:34:56,,,,,0.0,Normal,0.0
1744305183297901,10.42.0.2,10.42.0.1,50053,1883,33,1,0,1,0,0,1,0,12,0,0,0,0,0.0,0,,0,1,,0,0,0,1,42,4,MQTT,4,0.0,0,0,0,0,0,64.0,5760.0,0,0,esp32_a0a3b3edac1c,66,eth:ethertype:ip:tcp:mqtt,34.7,94.9,52.8,160.0,-56.0,84:F3:EB:12:34:56,,,,,0.0,Normal,0.0
1744305183333237,10.42.0.2,10.42.0.1,50053,1883,45,5,0,1,0,0,1,0,3,0,0,0,0,0.0,0,,0,0,,0,0,0,0,0,0,0,0,0.0,0,0,0,0,0,64.0,5756.0,0,0,0,57,eth:ethertype:ip:tcp,34.7,94.9,52.8,160.0,-56.0,84:F3:EB:12:34:56,,,,,0.0,Normal,0.0
1744305183345510,10.42.0.2,10.42.0.1,50053,1883,48,5,0,1,1,0,1,0,185,0,0,0,0,0.0,0,,0,3,"Wakeup: 0, Mode: 0, Reset: 1, Temperature: 40.7, Uptime: 629442, Memory: 94.9, In_Temperature: 52.2°C, CPU: 160, RSSI: -55, MAC: 84:F3:EB:12:34:56, F_Storage: 99.2",test/temperatura,16,0,0,182,0,0,0,0.0,0,0,0,0,0,64.0,5756.0,0,0,0,239,eth:ethertype:ip:tcp:mqtt,40.7,94.9,52.2,160.0,-55.0,84:F3:EB:12:34:56,,,,,0.0,Normal,0.0
1744305183348974,10.42.0.2,10.42.0.1,50053,1883,234,6,0,1,0,0,0,0,0,0,0,0,0,0.0,0,,0,0,,0,0,0,0,0,0,0,0,0.0,0,0,0,0,0,64.0,5755.0,0,0,0,54,eth:ethertype:ip:tcp,40.7,94.9,52.2,160.0,-55.0,84:F3:EB:12:34:56,,,,,0.0,Normal,0.0
1744305213353794,10.42.0.2,10.42.0.1,50054,1883,0,0,1,0,0,0,0,0,0,0,0,0,0,0.0,0,,0,0,,0,0,0,0,0,0,0,0,0.0,0,0,0,0,0,64.0,5760.0,0,0,0,58,eth:ethertype:ip:tcp,40.7,94.9,52.2,160.0,-55.0,84:F3:EB:12:34:56,,,,,0.0,Normal,0.0
1744305213357477,10.42.0.2,10.42.0.1,50054,1883,1,1,0,1,0,0,0,0,0,0,0,0,0,0.0,0,,0,0,,0,0,0,0,0,0,0,0,0.0,0,0,0,0,0,64.0,5760.0,0,0,0,54,eth:ethertype:ip:tcp,40.7,94.9,52.2,160.0,-55.0,84:F3:EB:12:34:56,,,,,0.0,Normal,0.0
1744305213359691,10.42.0.2,10.42.0.1,50054,1883,1,1,0,1,0,0,1,0,3,0,0,0,0,0.0,0,,0,0,,0,0,0,0,0,0,0,0,0.0,0,0,0,0,0,64.0,5760.0,0,0,0,57,eth:ethertype:ip:tcp,40.7,94.9,52.2,160.0,-55.0,84:F3:EB:12:34:56,,,,,0.0,Normal,0.0
1744305213363216,10.42.0.2,10.42.0.1,50054,1883,4,1,0,1,0,0,1,0,29,0,0,0,0,0.0,0,,0,0,,0,0,0,0,0,0,0,0,0.0,0,0,0,0,0,64.0,5760.0,0,0,0,83,eth:ethertype:ip:tcp,40.7,94.9,52.2,160.0,-55.0,84:F3:EB:12:34:56,,,,,0.0,Normal,0.0
1744305213367528,10.42.0.2,10.42.0.1,50054,1883,33,1,0,1,0,0,1,0,12,0,0,0,0,0.0,0,,0,1,,0,0,0,1,42,4,MQTT,4,0.0,0,0,0,0,0,64.0,5760.0,0,0,esp32_a0a3b3edac1c,66,eth:ethertype:ip:tcp:mqtt,40.7,94.9,52.2,160.0,-55.0,84:F3:EB:12:34:56,,,,,0.0,Normal,0.0
1744305213404512,10.42.0.2,10.42.0.1,50054,1883,45,5,0,1,0,0,1,0,3,0,0,0,0,0.0,0,,0,0,,0,0,0,0,0,0,0,0,0.0,0,0,0,0,0,64.0,5756.0,0,0,0,57,eth:ethertype:ip:tcp,40.7,94.9,52.2,160.0,-55.0,84:F3:EB:12:34:56,,,,,0.0,Normal,0.0
1744305213414753,10.42.0.2,10.42.0.1,50054,1883,48,5,0,1,1,0,1,0,185,0,0,0,0,0.0,0,,0,3,"Wakeup: 0, Mode: 0, Reset: 1, Temperature: 29.2, Uptime: 629472, Memory: 94.9, In_Temperature: 52.8°C, CPU: 160, RSSI: -51, MAC: 84:F3:EB:12:34:56, F_Storage: 99.2",test/temperatura,16,0,0,182,0,0,0,0.0,0,0,0,0,0,64.0,5756.0,0,0,0,239,eth:ethertype:ip:tcp:mqtt,29.2,94.9,52.8,160.0,-51.0,84:F3:EB:12:34:56,,,,,0.0,Normal,0.0
1744305213418264,10.42.0.2,10.42.0.1,50054,1883,234,6,0,1,0,0,0,0,0,0,0,0,0,0.0,0,,0,0,,0,0,0,0,0,0,0,0,0.0,0,0,0,0,0,64.0,5755.0,0,0,0,54,eth:ethertype:ip:tcp,29.2,94.9,52.8,160.0,-51.0,84:F3:EB:12:34:56,,,,,0.0,Normal,0.0
1744305243423771,10.42.0.2,10.42.0.1,50055,1883,0,0,1,0,0,0,0,0,0,0,0,0,0,0.0,0,,0,0,,0,0,0,0,0,0,0,0,0.0,0,0,0,0,0,64.0,5760.0,0,0,0,58,eth:ethertype:ip:tcp,29.2,94.9,52.8,160.0,-51.0,84:F3:EB:12:34:56,,,,,0.0,Normal,0.0
1744305243427658,10.42.0.2,10.42.0.1,50055,1883,1,1,0,1,0,0,0,0,0,0,0,0,0,0.0,0,,0,0,,0,0,0,0,0,0,0,0,0.0,0,0,0,0,0,64.0,5760.0,0,0,0,54,eth:ethertype:ip:tcp,29.2,94.9,52.8,160.0,-51.0,84:F3:EB:12:34:56,,,,,0.0,Normal,0.0
1744305243430015,10.42.0.2,10.42.0.1,50055,1883,1,1,0,1,0,0,1,0,3,0,0,0,0,0.0,0,,0,0,,0,0,0,0,0,0,0,0,0.0,0,0,0,0,0,64.0,5760.0,0,0,0,57,eth:ethertype:ip:tcp,29.2,94.9,52.8,160.0,-51.0,84:F3:EB:12:34:56,,,,,0.0,Normal,0.0
1744305243435124,10.42.0.2,10.42.0.1,50055,1883,4,1,0,1,0,0,1,0,31,0,0,0,0,0.0,0,,0,0,,0,0,0,0,0,0,0,0,0.0,0,0,0,0,0,64.0,5760.0,0,0,0,85,eth:ethertype:ip:tcp,29.2,94.9,52.8,160.0,-51.0,84:F3:EB:12:34:56,,,,,0.0,Normal,0.0
1744305243437986,10.42.0.2,10.42.0.1,50055,1883,35,1,0,1,0,0,1,0,10,0,0,0,0,0.0,0,,0,1,,0,0,0,1,42,4,MQTT,4,0.0,0,0,0,0,0,64.0,5760.0,0,0,esp32_a0a3b3edac1c,64,eth:ethertype:ip:tcp:mqtt,29.2,94.9,52.8,160.0,-51.0,84:F3:EB:12:34:56,,,,,0.0,Normal,0.0
1744305243473095,10.42.0.2,10.42.0.1,50055,1883,45,5,0,1,0,0,1,0,3,0,0,0,0,0.0,0,,0,0,,0,0,0,0,0,0,0,0,0.0,0,0,0,0,0,64.0,5756.0,0,0,0,57,eth:ethertype:ip:tcp,29.2,94.9,52.8,160.0,-51.0,84:F3:EB:12:34:56,,,,,0.0,Normal,0.0
1744305243485289,10.42.0.2,10.42.0.1,50055,1883,48,5,0,1,1,0,1,0,185,0,0,0,0,0.0,0,,0,3,"Wakeup: 0, Mode: 0, Reset: 1, Temperature: 27.9, Uptime: 629502, Memory: 94.9, In_Temperature: 52.2°C, CPU: 160, RSSI: -51, MAC: 84:F3:EB:12:34:56, F_Storage: 99.2",test/temperatura,16,0,0,182,0,0,0,0.0,0,0,0,0,0,64.0,5756.0,0,0,0,239,eth:ethertype:ip:tcp:mqtt,27.9,94.9,52.2,160.0,-51.0,84:F3:EB:12:34:56,,,,,0.0,Normal,0.0
1744305243488915,10.42.0.2,10.42.0.1,50055,1883,234,6,0,1,0,0,0,0,0,0,0,0,0,0.0,0,,0,0,,0,0,0,0,0,0,0,0,0.0,0,0,0,0,0,64.0,5755.0,0,0,0,54,eth:ethertype:ip:tcp,27.9,94.9,52.2,160.0,-51.0,84:F3:EB:12:34:56,,,,,0.0,Normal,0.0
1744305273498000,10.42.0.2,10.42.0.1,50056,1883,0,0,1,0,0,0,0,0,0,0,0,0,0,0.0,0,,0,0,,0,0,0,0,0,0,0,0,0.0,0,0,0,0,0,64.0,5760.0,0,0,0,58,eth:ethertype:ip:tcp,27.9,94.9,52.2,160.0,-51.0,84:F3:EB:12:34:56,,,,,0.0,Normal,0.0
1744305273502097,10.42.0.2,10.42.0.1,50056,1883,1,1,0,1,0,0,0,0,0,0,0,0,0,0.0,0,,0,0,,0,0,0,0,0,0,0,0,0.0,0,0,0,0,0,64.0,5760.0,0,0,0,54,eth:ethertype:ip:tcp,27.9,94.9,52.2,160.0,-51.0,84:F3:EB:12:34:56,,,,,0.0,Normal,0.0
1744305273504194,10.42.0.2,10.42.0.1,50056,1883,1,1,0,1,0,0,1,0,3,0,0,0,0,0.0,0,,0,0,,0,0,0,0,0,0,0,0,0.0,0,0,0,0,0,64.0,5760.0,0,0,0,57,eth:ethertype:ip:tcp,27.9,94.9,52.2,160.0,-51.0,84:F3:EB:12:34:56,,,,,0.0,Normal,0.0
1744305273507586,10.42.0.2,10.42.0.1,50056,1883,4,1,0,1,0,0,1,0,29,0,0,0,0,0.0,0,,0,0,,0,0,0,0,0,0,0,0,0.0,0,0,0,0,0,64.0,5760.0,0,0,0,83,eth:ethertype:ip:tcp,27.9,94.9,52.2,160.0,-51.0,84:F3:EB:12:34:56,,,,,0.0,Normal,0.0
1744305273510628,10.42.0.2,10.42.0.1,50056,1883,33,1,0,1,0,0,1,0,12,0,0,0,0,0.0,0,,0,1,,0,0,0,1,42,4,MQTT,4,0.0,0,0,0,0,0,64.0,5760.0,0,0,esp32_a0a3b3edac1c,66,eth:ethertype:ip:tcp:mqtt,27.9,94.9,52.2,160.0,-51.0,84:F3:EB:12:34:56,,,,,0.0,Normal,0.0
1744305273546543,10.42.0.2,10.42.0.1,50056,1883,45,5,0,1,0,0,1,0,3,0,0,0,0,0.0,0,,0,0,,0,0,0,0,0,0,0,0,0.0,0,0,0,0,0,64.0,5756.0,0,0,0,57,eth:ethertype:ip:tcp,27.9,94.9,52.2,160.0,-51.0,84:F3:EB:12:34:56,,,,,0.0,Normal,0.0
1744305273563448,10.42.0.2,10.42.0.1,50056,1883,48,5,0,1,1,0,1,0,185,0,0,0,0,0.0,0,,0,3,"Wakeup: 0, Mode: 0, Reset: 1, Temperature: 30.2, Uptime: 629532, Memory: 94.9, In_Temperature: 52.2°C, CPU: 160, RSSI: -51, MAC: 84:F3:EB:12:34:56, F_Storage: 99.2",test/temperatura,16,0,0,182,0,0,0,0.0,0,0,0,0,0,64.0,5756.0,0,0,0,239,eth:ethertype:ip:tcp:mqtt,30.2,94.9,52.2,160.0,-51.0,84:F3:EB:12:34:56,,,,,0.0,Normal,0.0
1744305273566916,10.42.0.2,10.42.0.1,50056,1883,234,6,0,1,0,0,0,0,0,0,0,0,0,0.0,0,,0,0,,0,0,0,0,0,0,0,0,0.0,0,0,0,0,0,64.0,5755.0,0,0,0,54,eth:ethertype:ip:tcp,30.2,94.9,52.2,160.0,-51.0,84:F3:EB:12:34:56,,,,,0.0,Normal,0.0
1744305303572755,10.42.0.2,10.42.0.1,50057,1883,0,0,1,0,0,0,0,0,0,0,0,0,0,0.0,0,,0,0,,0,0,0,0,0,0,0,0,0.0,0,0,0,0,0,64.0,5760.0,0,0,0,58,eth:ethertype:ip:tcp,30.2,94.9,52.2,160.0,-51.0,84:F3:EB:12:34:56,,,,,0.0,Normal,0.0
1744305303576410,10.42.0.2,10.42.0.1,50057,1883,1,1,0,1,0,0,0,0,0,0,0,0,0,0.0,0,,0,0,,0,0,0,0,0,0,0,0,0.0,0,0,0,0,0,64.0,5760.0,0,0,0,54,eth:ethertype:ip:tcp,30.2,94.9,52.2,160.0,-51.0,84:F3:EB:12:34:56,,,,,0.0,Normal,0.0
1744305303578800,10.42.0.2,10.42.0.1,50057,1883,1,1,0,1,0,0,1,0,3,0,0,0,0,0.0,0,,0,0,,0,0,0,0,0,0,0,0,0.0,0,0,0,0,0,64.0,5760.0,0,0,0,57,eth:ethertype:ip:tcp,30.2,94.9,52.2,160.0,-51.0,84:F3:EB:12:34:56,,,,,0.0,Normal,0.0
1744305303586039,10.42.0.2,10.42.0.1,50057,1883,4,1,0,1,0,0,1,0,41,0,0,0,0,0.0,0,,0,1,,0,0,0,1,42,4,MQTT,4,0.0,0,0,0,0,0,64.0,5760.0,0,0,esp32_a0a3b3edac1c,95,eth:ethertype:ip:tcp:mqtt,30.2,94.9,52.2,160.0,-51.0,84:F3:EB:12:34:56,,,,,0.0,Normal,0.0
1744305303621611,10.42.0.2,10.42.0.1,50057,1883,45,5,0,1,0,0,1,0,3,0,0,0,0,0.0,0,,0,0,,0,0,0,0,0,0,0,0,0.0,0,0,0,0,0,64.0,5756.0,0,0,0,57,eth:ethertype:ip:tcp,30.2,94.9,52.2,160.0,-51.0,84:F3:EB:12:34:56,,,,,0.0,Normal,0.0
1744305303632714,10.42.0.2,10.42.0.1,50057,1883,48,5,0,1,1,0,1,0,185,0,0,0,0,0.0,0,,0,3,"Wakeup: 0, Mode: 0, Reset: 1, Temperature: 35.8, Uptime: 629563, Memory: 94.9, In_Temperature: 52.8°C, CPU: 160, RSSI: -51, MAC: 84:F3:EB:12:34:56, F_Storage: 99.2",test/temperatura,16,0,0,182,0,0,0,0.0,0,0,0,0,0,64.0,5756.0,0,0,0,239,eth:ethertype:ip:tcp:mqtt,35.8,94.9,52.8,160.0,-51.0,84:F3:EB:12:34:56,,,,,0.0,Normal,0.0
1744305303636034,10.42.0.2,10.42.0.1,50057,1883,234,6,0,1,0,0,0,0,0,0,0,0,0,0.0,0,,0,0,,0,0,0,0,0,0,0,0,0.0,0,0,0,0,0,64.0,5755.0,0,0,0,54,eth:ethertype:ip:tcp,35.8,94.9,52.8,160.0,-51.0,84:F3:EB:12:34:56,,,,,0.0,Normal,0.0
1744305333641756,10.42.0.2,10.42.0.1,50058,1883,0,0,1,0,0,0,0,0,0,0,0,0,0,0.0,0,,0,0,,0,0,0,0,0,0,0,0,0.0,0,0,0,0,0,64.0,5760.0,0,0,0,58,eth:ethertype:ip:tcp,35.8,94.9,52.8,160.0,-51.0,84:F3:EB:12:34:56,,,,,0.0,Normal,0.0
1744305333645699,10.42.0.2,10.42.0.1,50058,1883,1,1,0,1,0,0,0,0,0,0,0,0,0,0.0,0,,0,0,,0,0,0,0,0,0,0,0,0.0,0,0,0,0,0,64.0,5760.0,0,0,0,54,eth:ethertype:ip:tcp,35.8,94.9,52.8,160.0,-51.0,84:F3:EB:12:34:56,,,,,0.0,Normal,0.0
1744305333647875,10.42.0.2,10.42.0.1,50058,1883,1,1,0,1,0,0,1,0,3,0,0,0,0,0.0,0,,0,0,,0,0,0,0,0,0,0,0,0.0,0,0,0,0,0,64.0,5760.0,0,0,0,57,eth:ethertype:ip:tcp,35.8,94.9,52.8,160.0,-51.0,84:F3:EB:12:34:56,,,,,0.0,Normal,0.0
1744305333651239,10.42.0.2,10.42.0.1,50058,1883,4,1,0,1,0,0,1,0,29,0,0,0,0,0.0,0,,0,0,,0,0,0,0,0,0,0,0,0.0,0,0,0,0,0,64.0,5760.0,0,0,0,83,eth:ethertype:ip:tcp,35.8,94.9,52.8,160.0,-51.0,84:F3:EB:12:34:56,,,,,0.0,Normal,0.0
1744305333654338,10.42.0.2,10.42.0.1,50058,1883,33,1,0,1,0,0,1,0,12,0,0,0,0,0.0,0,,0,1,,0,0,0,1,42,4,MQTT,4,0.0,0,0,0,0,0,64.0,5760.0,0,0,esp32_a0a3b3edac1c,66,eth:ethertype:ip:tcp:mqtt,35.8,94.9,52.8,160.0,-51.0,84:F3:EB:12:34:56,,,,,0.0,Normal,0.0
1744305333691681,10.42.0.2,10.42.0.1,50058,1883,45,5,0,1,0,0,1,0,3,0,0,0,0,0.0,0,,0,0,,0,0,0,0,0,0,0,0,0.0,0,0,0,0,0,64.0,5756.0,0,0,0,57,eth:ethertype:ip:tcp,35.8,94.9,52.8,160.0,-51.0,84:F3:EB:12:34:56,,,,,0.0,Normal,0.0
1744305333702111,10.42.0.2,10.42.0.1,50058,1883,48,5,0,1,1,0,1,0,185,0,0,0,0,0.0,0,,0,3,"Wakeup: 0, Mode: 0, Reset: 1, Temperature: 32.4, Uptime: 629593, Memory: 94.9, In_Temperature: 52.2°C, CPU: 160, RSSI: -51, MAC: 84:F3:EB:12:34:56, F_Storage: 99.2",test/temperatura,16,0,0,182,0,0,0,0.0,0,0,0,0,0,64.0,5756.0,0,0,0,239,eth:ethertype:ip:tcp:mqtt,32.4,94.9,52.2,160.0,-51.0,84:F3:EB:12:34:56,,,,,0.0,Normal,0.0
1744305333708096,10.42.0.2,10.42.0.1,50058,1883,234,6,0,1,0,0,0,0,0,0,0,0,0,0.0,0,,0,0,,0,0,0,0,0,0,0,0,0.0,0,0,0,0,0,64.0,5755.0,0,0,0,54,eth:ethertype:ip:tcp,32.4,94.9,52.2,160.0,-51.0,84:F3:EB:12:34:56,,,,,0.0,Normal,0.0
1744305363711006,10.42.0.2,10.42.0.1,50059,1883,0,0,1,0,0,0,0,0,0,0,0,0,0,0.0,0,,0,0,,0,0,0,0,0,0,0,0,0.0,0,0,0,0,0,64.0,5760.0,0,0,0,58,eth:ethertype:ip:tcp,32.4,94.9,52.2,160.0,-51.0,84:F3:EB:12:34:56,,,,,0.0,Normal,0.0
1744305363714953,10.42.0.2,10.42.0.1,50059,1883,1,1,0,1,0,0,0,0,0,0,0,0,0,0.0,0,,0,0,,0,0,0,0,0,0,0,0,0.0,0,0,0,0,0,64.0,5760.0,0,0,0,54,eth:ethertype:ip:tcp,32.4,94.9,52.2,160.0,-51.0,84:F3:EB:12:34:56,,,,,0.0,Normal,0.0
1744305363717098,10.42.0.2,10.42.0.1,50059,1883,1,1,0,1,0,0,1,0,3,0,0,0,0,0.0,0,,0,0,,0,0,0,0,0,0,0,0,0.0,0,0,0,0,0,64.0,5760.0,0,0,0,57,eth:ethertype:ip:tcp,32.4,94.9,52.2,160.0,-51.0,84:F3:EB:12:34:56,,,,,0.0,Normal,0.0
1744305363722716,10.42.0.2,10.42.0.1,50059,1883,4,1,0,1,0,0,1,0,29,0,0,0,0,0.0,0,,0,0,,0,0,0,0,0,0,0,0,0.0,0,0,0,0,0,64.0,5760.0,0,0,0,83,eth:ethertype:ip:tcp,32.4,94.9,52.2,160.0,-51.0,84:F3:EB:12:34:56,,,,,0.0,Normal,0.0
1744305363725486,10.42.0.2,10.42.0.1,50059,1883,33,1,0,1,0,0,1,0,12,0,0,0,0,0.0,0,,0,1,,0,0,0,1,42,4,MQTT,4,0.0,0,0,0,0,0,64.0,5760.0,0,0,esp32_a0a3b3edac1c,66,eth:ethertype:ip:tcp:mqtt,32.4,94.9,52.2,160.0,-51.0,84:F3:EB:12:34:56,,,,,0.0,Normal,0.0
1744305363760696,10.42.0.2,10.42.0.1,50059,1883,45,5,0,1,0,0,1,0,3,0,0,0,0,0.0,0,,0,0,,0,0,0,0,0,0,0,0,0.0,0,0,0,0,0,64.0,5756.0,0,0,0,57,eth:ethertype:ip:tcp,32.4,94.9,52.2,160.0,-51.0,84:F3:EB:12:34:56,,,,,0.0,Normal,0.0
1744305363771328,10.42.0.2,10.42.0.1,50059,1883,48,5,0,1,1,0,1,0,185,0,0,0,0,0.0,0,,0,3,"Wakeup: 0, Mode: 0, Reset: 1, Temperature: 28.0, Uptime: 629623, Memory: 94.9, In_Temperature: 52.8°C, CPU: 160, RSSI: -50, MAC: 84:F3:EB:12:34:56, F_Storage: 99.2",test/temperatura,16,0,0,182,0,0,0,0.0,0,0,0,0,0,64.0,5756.0,0,0,0,239,eth:ethertype:ip:tcp:mqtt,28.0,94.9,52.8,160.0,-50.0,84:F3:EB:12:34:56,,,,,0.0,Normal,0.0
1744305363774603,10.42.0.2,10.42.0.1,50059,1883,234,6,0,1,0,0,0,0,0,0,0,0,0,0.0,0,,0,0,,0,0,0,0,0,0,0,0,0.0,0,0,0,0,0,64.0,5755.0,0,0,0,54,eth:ethertype:ip:tcp,28.0,94.9,52.8,160.0,-50.0,84:F3:EB:12:34:56,,,,,0.0,Normal,0.0
1744305393779799,10.42.0.2,10.42.0.1,50060,1883,0,0,1,0,0,0,0,0,0,0,0,0,0,0.0,0,,0,0,,0,0,0,0,0,0,0,0,0.0,0,0,0,0,0,64.0,5760.0,0,0,0,58,eth:ethertype:ip:tcp,28.0,94.9,52.8,160.0,-50.0,84:F3:EB:12:34:56,,,,,0.0,Normal,0.0
1744305393783433,10.42.0.2,10.42.0.1,50060,1883,1,1,0,1,0,0,0,0,0,0,0,0,0,0.0,0,,0,0,,0,0,0,0,0,0,0,0,0.0,0,0,0,0,0,64.0,5760.0,0,0,0,54,eth:ethertype:ip:tcp,28.0,94.9,52.8,160.0,-50.0,84:F3:EB:12:34:56,,,,,0.0,Normal,0.0
1744305393785838,10.42.0.2,10.42.0.1,50060,1883,1,1,0,1,0,0,1,0,3,0,0,0,0,0.0,0,,0,0,,0,0,0,0,0,0,0,0,0.0,0,0,0,0,0,64.0,5760.0,0,0,0,57,eth:ethertype:ip:tcp,28.0,94.9,52.8,160.0,-50.0,84:F3:EB:12:34:56,,,,,0.0,Normal,0.0
1744305393789335,10.42.0.2,10.42.0.1,50060,1883,4,1,0,1,0,0,1,0,29,0,0,0,0,0.0,0,,0,0,,0,0,0,0,0,0,0,0,0.0,0,0,0,0,0,64.0,5760.0,0,0,0,83,eth:ethertype:ip:tcp,28.0,94.9,52.8,160.0,-50.0,84:F3:EB:12:34:56,,,,,0.0,Normal,0.0
1744305393792445,10.42.0.2,10.42.0.1,50060,1883,33,1,0,1,0,0,1,0,12,0,0,0,0,0.0,0,,0,1,,0,0,0,1,42,4,MQTT,4,0.0,0,0,0,0,0,64.0,5760.0,0,0,esp32_a0a3b3edac1c,66,eth:ethertype:ip:tcp:mqtt,28.0,94.9,52.8,160.0,-50.0,84:F3:EB:12:34:56,,,,,0.0,Normal,0.0
1744305393828831,10.42.0.2,10.42.0.1,50060,1883,45,5,0,1,0,0,1,0,3,0,0,0,0,0.0,0,,0,0,,0,0,0,0,0,0,0,0,0.0,0,0,0,0,0,64.0,5756.0,0,0,0,57,eth:ethertype:ip:tcp,28.0,94.9,52.8,160.0,-50.0,84:F3:EB:12:34:56,,,,,0.0,Normal,0.0
1744305393840690,10.42.0.2,10.42.0.1,50060,1883,48,5,0,1,1,0,1,0,185,0,0,0,0,0.0,0,,0,3,"Wakeup: 0, Mode: 0, Reset: 1, Temperature: 40.8, Uptime: 629653, Memory: 94.9, In_Temperature: 52.8°C, CPU: 160, RSSI: -49, MAC: 84:F3:EB:12:34:56, F_Storage: 99.2",test/temperatura,16,0,0,182,0,0,0,0.0,0,0,0,0,0,64.0,5756.0,0,0,0,239,eth:ethertype:ip:tcp:mqtt,40.8,94.9,52.8,160.0,-49.0,84:F3:EB:12:34:56,,,,,0.0,Normal,0.0
1744305393844187,10.42.0.2,10.42.0.1,50060,1883,234,6,0,1,0,0,0,0,0,0,0,0,0,0.0,0,,0,0,,0,0,0,0,0,0,0,0,0.0,0,0,0,0,0,64.0,5755.0,0,0,0,54,eth:ethertype:ip:tcp,40.8,94.9,52.8,160.0,-49.0,84:F3:EB:12:34:56,,,,,0.0,Normal,0.0
1744305423849787,10.42.0.2,10.42.0.1,50061,1883,0,0,1,0,0,0,0,0,0,0,0,0,0,0.0,0,,0,0,,0,0,0,0,0,0,0,0,0.0,0,0,0,0,0,64.0,5760.0,0,0,0,58,eth:ethertype:ip:tcp,40.8,94.9,52.8,160.0,-49.0,84:F3:EB:12:34:56,,,,,0.0,Normal,0.0
1744305423853775,10.42.0.2,10.42.0.1,50061,1883,1,1,0,1,0,0,0,0,0,0,0,0,0,0.0,0,,0,0,,0,0,0,0,0,0,0,0,0.0,0,0,0,0,0,64.0,5760.0,0,0,0,54,eth:ethertype:ip:tcp,40.8,94.9,52.8,160.0,-49.0,84:F3:EB:12:34:56,,,,,0.0,Normal,0.0
1744305423855944,10.42.0.2,10.42.0.1,50061,1883,1,1,0,1,0,0,1,0,3,0,0,0,0,0.0,0,,0,0,,0,0,0,0,0,0,0,0,0.0,0,0,0,0,0,64.0,5760.0,0,0,0,57,eth:ethertype:ip:tcp,40.8,94.9,52.8,160.0,-49.0,84:F3:EB:12:34:56,,,,,0.0,Normal,0.0
1744305423860371,10.42.0.2,10.42.0.1,50061,1883,4,1,0,1,0,0,1,0,29,0,0,0,0,0.0,0,,0,0,,0,0,0,0,0,0,0,0,0.0,0,0,0,0,0,64.0,5760.0,0,0,0,83,eth:ethertype:ip:tcp,40.8,94.9,52.8,160.0,-49.0,84:F3:EB:12:34:56,,,,,0.0,Normal,0.0
1744305423863361,10.42.0.2,10.42.0.1,50061,1883,33,1,0,1,0,0,1,0,12,0,0,0,0,0.0,0,,0,1,,0,0,0,1,42,4,MQTT,4,0.0,0,0,0,0,0,64.0,5760.0,0,0,esp32_a0a3b3edac1c,66,eth:ethertype:ip:tcp:mqtt,40.8,94.9,52.8,160.0,-49.0,84:F3:EB:12:34:56,,,,,0.0,Normal,0.0
1744305423898674,10.42.0.2,10.42.0.1,50061,1883,45,5,0,1,0,0,1,0,3,0,0,0,0,0.0,0,,0,0,,0,0,0,0,0,0,0,0,0.0,0,0,0,0,0,64.0,5756.0,0,0,0,57,eth:ethertype:ip:tcp,40.8,94.9,52.8,160.0,-49.0,84:F3:EB:12:34:56,,,,,0.0,Normal,0.0
1744305423910867,10.42.0.2,10.42.0.1,50061,1883,48,5,0,1,1,0,1,0,185,0,0,0,0,0.0,0,,0,3,"Wakeup: 0, Mode: 0, Reset: 1, Temperature: 40.3, Uptime: 629683, Memory: 94.9, In_Temperature: 52.2°C, CPU: 160, RSSI: -52, MAC: 84:F3:EB:12:34:56, F_Storage: 99.2",test/temperatura,16,0,0,182,0,0,0,0.0,0,0,0,0,0,64.0,5756.0,0,0,0,239,eth:ethertype:ip:tcp:mqtt,40.3,94.9,52.2,160.0,-52.0,84:F3:EB:12:34:56,,,,,0.0,Normal,0.0
1744305423914608,10.42.0.2,10.42.0.1,50061,1883,234,6,0,1,0,0,0,0,0,0,0,0,0,0.0,0,,0,0,,0,0,0,0,0,0,0,0,0.0,0,0,0,0,0,64.0,5755.0,0,0,0,54,eth:ethertype:ip:tcp,40.3,94.9,52.2,160.0,-52.0,84:F3:EB:12:34:56,,,,,0.0,Normal,0.0
1744305453919258,10.42.0.2,10.42.0.1,50062,1883,0,0,1,0,0,0,0,0,0,0,0,0,0,0.0,0,,0,0,,0,0,0,0,0,0,0,0,0.0,0,0,0,0,0,64.0,5760.0,0,0,0,58,eth:ethertype:ip:tcp,40.3,94.9,52.2,160.0,-52.0,84:F3:EB:12:34:56,,,,,0.0,Normal,0.0
1744305453923218,10.42.0.2,10.42.0.1,50062,1883,1,1,0,1,0,0,0,0,0,0,0,0,0,0.0,0,,0,0,,0,0,0,0,0,0,0,0,0.0,0,0,0,0,0,64.0,5760.0,0,0,0,54,eth:ethertype:ip:tcp,40.3,94.9,52.2,160.0,-52.0,84:F3:EB:12:34:56,,,,,0.0,Normal,0.0
1744305453925381,10.42.0.2,10.42.0.1,50062,1883,1,1,0,1,0,0,1,0,3,0,0,0,0,0.0,0,,0,0,,0,0,0,0,0,0,0,0,0.0,0,0,0,0,0,64.0,5760.0,0,0,0,57,eth:ethertype:ip:tcp,40.3,94.9,52.2,160.0,-52.0,84:F3:EB:12:34:56,,,,,0.0,Normal,0.0
1744305453928856,10.42.0.2,10.42.0.1,50062,1883,4,1,0,1,0,0,1,0,29,0,0,0,0,0.0,0,,0,0,,0,0,0,0,0,0,0,0,0.0,0,0,0,0,0,64.0,5760.0,0,0,0,83,eth:ethertype:ip:tcp,40.3,94.9,52.2,160.0,-52.0,84:F3:EB:12:34:56,,,,,0.0,Normal,0.0
1744305453931941,10.42.0.2,10.42.0.1,50062,1883,33,1,0,1,0,0,1,0,12,0,0,0,0,0.0,0,,0,1,,0,0,0,1,42,4,MQTT,4,0.0,0,0,0,0,0,64.0,5760.0,0,0,esp32_a0a3b3edac1c,66,eth:ethertype:ip:tcp:mqtt,40.3,94.9,52.2,160.0,-52.0,84:F3:EB:12:34:56,,,,,0.0,Normal,0.0
1744305453967902,10.42.0.2,10.42.0.1,50062,1883,45,5,0,1,0,0,1,0,3,0,0,0,0,0.0,0,,0,0,,0,0,0,0,0,0,0,0,0.0,0,0,0,0,0,64.0,5756.0,0,0,0,57,eth:ethertype:ip:tcp,40.3,94.9,52.2,160.0,-52.0,84:F3:EB:12:34:56,,,,,0.0,Normal,0.0
1744305453979340,10.42.0.2,10.42.0.1,50062,1883,48,5,0,1,1,0,1,0,185,0,0,0,0,0.0,0,,0,3,"Wakeup: 0, Mode: 0, Reset: 1, Temperature: 28.0, Uptime: 629713, Memory: 94.9, In_Temperature: 52.2°C, CPU: 160, RSSI: -51, MAC: 84:F3:EB:12:34:56, F_Storage: 99.2",test/temperatura,16,0,0,182,0,0,0,0.0,0,0,0,0,0,64.0,5756.0,0,0,0,239,eth:ethertype:ip:tcp:mqtt,28.0,94.9,52.2,160.0,-51.0,84:F3:EB:12:34:56,,,,,0.0,Normal,0.0
1744305453982822,10.42.0.2,10.42.0.1,50062,1883,234,6,0,1,0,0,0,0,0,0,0,0,0,0.0,0,,0,0,,0,0,0,0,0,0,0,0,0.0,0,0,0,0,0,64.0,5755.0,0,0,0,54,eth:ethertype:ip:tcp,28.0,94.9,52.2,160.0,-51.0,84:F3:EB:12:34:56,,,,,0.0,Normal,0.0
1744305483988454,10.42.0.2,10.42.0.1,50063,1883,0,0,1,0,0,0,0,0,0,0,0,0,0,0.0,0,,0,0,,0,0,0,0,0,0,0,0,0.0,0,0,0,0,0,64.0,5760.0,0,0,0,58,eth:ethertype:ip:tcp,28.0,94.9,52.2,160.0,-51.0,84:F3:EB:12:34:56,,,,,0.0,Normal,0.0
1744305483992501,10.42.0.2,10.42.0.1,50063,1883,1,1,0,1,0,0,0,0,0,0,0,0,0,0.0,0,,0,0,,0,0,0,0,0,0,0,0,0.0,0,0,0,0,0,64.0,5760.0,0,0,0,54,eth:ethertype:ip:tcp,28.0,94.9,52.2,160.0,-51.0,84:F3:EB:12:34:56,,,,,0.0,Normal,0.0
1744305483994708,10.42.0.2,10.42.0.1,50063,1883,1,1,0,1,0,0,1,0,3,0,0,0,0,0.0,0,,0,0,,0,0,0,0,0,0,0,0,0.0,0,0,0,0,0,64.0,5760.0,0,0,0,57,eth:ethertype:ip:tcp,28.0,94.9,52.2,160.0,-51.0,84:F3:EB:12:34:56,,,,,0.0,Normal,0.0
1744305483998004,10.42.0.2,10.42.0.1,50063,1883,4,1,0,1,0,0,1,0,29,0,0,0,0,0.0,0,,0,0,,0,0,0,0,0,0,0,0,0.0,0,0,0,0,0,64.0,5760.0,0,0,0,83,eth:ethertype:ip:tcp,28.0,94.9,52.2,160.0,-51.0,84:F3:EB:12:34:56,,,,,0.0,Normal,0.0
1744305484001091,10.42.0.2,10.42.0.1,50063,1883,33,1,0,1,0,0,1,0,12,0,0,0,0,0.0,0,,0,1,,0,0,0,1,42,4,MQTT,4,0.0,0,0,0,0,0,64.0,5760.0,0,0,esp32_a0a3b3edac1c,66,eth:ethertype:ip:tcp:mqtt,28.0,94.9,52.2,160.0,-51.0,84:F3:EB:12:34:56,,,,,0.0,Normal,0.0
1744305484036941,10.42.0.2,10.42.0.1,50063,1883,45,5,0,1,0,0,1,0,3,0,0,0,0,0.0,0,,0,0,,0,0,0,0,0,0,0,0,0.0,0,0,0,0,0,64.0,5756.0,0,0,0,57,eth:ethertype:ip:tcp,28.0,94.9,52.2,160.0,-51.0,84:F3:EB:12:34:56,,,,,0.0,Normal,0.0
1744305484048642,10.42.0.2,10.42.0.1,50063,1883,48,5,0,1,1,0,1,0,185,0,0,0,0,0.0,0,,0,3,"Wakeup: 0, Mode: 0, Reset: 1, Temperature: 31.9, Uptime: 629743, Memory: 94.9, In_Temperature: 52.2°C, CPU: 160, RSSI: -51, MAC: 84:F3:EB:12:34:56, F_Storage: 99.2",test/temperatura,16,0,0,182,0,0,0,0.0,0,0,0,0,0,64.0,5756.0,0,0,0,239,eth:ethertype:ip:tcp:mqtt,31.9,94.9,52.2,160.0,-51.0,84:F3:EB:12:34:56,,,,,0.0,Normal,0.0
1744305484052241,10.42.0.2,10.42.0.1,50063,1883,234,6,0,1,0,0,0,0,0,0,0,0,0,0.0,0,,0,0,,0,0,0,0,0,0,0,0,0.0,0,0,0,0,0,64.0,5755.0,0,0,0,54,eth:ethertype:ip:tcp,31.9,94.9,52.2,160.0,-51.0,84:F3:EB:12:34:56,,,,,0.0,Normal,0.0
1744305514057721,10.42.0.2,10.42.0.1,50064,1883,0,0,1,0,0,0,0,0,0,0,0,0,0,0.0,0,,0,0,,0,0,0,0,0,0,0,0,0.0,0,0,0,0,0,64.0,5760.0,0,0,0,58,eth:ethertype:ip:tcp,31.9,94.9,52.2,160.0,-51.0,84:F3:EB:12:34:56,,,,,0.0,Normal,0.0
1744305514061914,10.42.0.2,10.42.0.1,50064,1883,1,1,0,1,0,0,0,0,0,0,0,0,0,0.0,0,,0,0,,0,0,0,0,0,0,0,0,0.0,0,0,0,0,0,64.0,5760.0,0,0,0,54,eth:ethertype:ip:tcp,31.9,94.9,52.2,160.0,-51.0,84:F3:EB:12:34:56,,,,,0.0,Normal,0.0
1744305514063975,10.42.0.2,10.42.0.1,50064,1883,1,1,0,1,0,0,1,0,3,0,0,0,0,0.0,0,,0,0,,0,0,0,0,0,0,0,0,0.0,0,0,0,0,0,64.0,5760.0,0,0,0,57,eth:ethertype:ip:tcp,31.9,94.9,52.2,160.0,-51.0,84:F3:EB:12:34:56,,,,,0.0,Normal,0.0
1744305514067392,10.42.0.2,10.42.0.1,50064,1883,4,1,0,1,0,0,1,0,29,0,0,0,0,0.0,0,,0,0,,0,0,0,0,0,0,0,0,0.0,0,0,0,0,0,64.0,5760.0,0,0,0,83,eth:ethertype:ip:tcp,31.9,94.9,52.2,160.0,-51.0,84:F3:EB:12:34:56,,,,,0.0,Normal,0.0
1744305514070881,10.42.0.2,10.42.0.1,50064,1883,33,1,0,1,0,0,1,0,12,0,0,0,0,0.0,0,,0,1,,0,0,0,1,42,4,MQTT,4,0.0,0,0,0,0,0,64.0,5760.0,0,0,esp32_a0a3b3edac1c,66,eth:ethertype:ip:tcp:mqtt,31.9,94.9,52.2,160.0,-51.0,84:F3:EB:12:34:56,,,,,0.0,Normal,0.0
1744305514080761,10.42.0.2,10.42.0.1,50064,1883,45,5,0,1,0,0,0,0,0,0,0,0,0,0.0,0,,0,0,,0,0,0,0,0,0,0,0,0.0,0,0,0,0,0,64.0,5756.0,0,0,0,54,eth:ethertype:ip:tcp,31.9,94.9,52.2,160.0,-51.0,84:F3:EB:12:34:56,,,,,0.0,Normal,0.0
1744305514106487,10.42.0.2,10.42.0.1,50064,1883,45,5,0,1,0,0,1,0,3,0,0,0,0,0.0,0,,0,0,,0,0,0,0,0,0,0,0,0.0,0,0,0,0,0,64.0,5756.0,0,0,0,57,eth:ethertype:ip:tcp,31.9,94.9,52.2,160.0,-51.0,84:F3:EB:12:34:56,,,,,0.0,Normal,0.0
1744305514120235,10.42.0.2,10.42.0.1,50064,1883,48,5,0,1,1,0,1,0,185,0,0,0,0,0.0,0,,0,3,"Wakeup: 0, Mode: 0, Reset: 1, Temperature: 32.5, Uptime: 629773, Memory: 94.9, In_Temperature: 52.2°C, CPU: 160, RSSI: -51, MAC: 84:F3:EB:12:34:56, F_Storage: 99.2",test/temperatura,16,0,0,182,0,0,0,0.0,0,0,0,0,0,64.0,5756.0,0,0,0,239,eth:ethertype:ip:tcp:mqtt,32.5,94.9,52.2,160.0,-51.0,84:F3:EB:12:34:56,,,,,0.0,Normal,0.0
1744305514123728,10.42.0.2,10.42.0.1,50064,1883,234,6,0,1,0,0,0,0,0,0,0,0,0,0.0,0,,0,0,,0,0,0,0,0,0,0,0,0.0,0,0,0,0,0,64.0,5755.0,0,0,0,54,eth:ethertype:ip:tcp,32.5,94.9,52.2,160.0,-51.0,84:F3:EB:12:34:56,,,,,0.0,Normal,0.0
1744305544128423,10.42.0.2,10.42.0.1,50065,1883,0,0,1,0,0,0,0,0,0,0,0,0,0,0.0,0,,0,0,,0,0,0,0,0,0,0,0,0.0,0,0,0,0,0,64.0,5760.0,0,0,0,58,eth:ethertype:ip:tcp,32.5,94.9,52.2,160.0,-51.0,84:F3:EB:12:34:56,,,,,0.0,Normal,0.0
1744305544133133,10.42.0.2,10.42.0.1,50065,1883,1,1,0,1,0,0,0,0,0,0,0,0,0,0.0,0,,0,0,,0,0,0,0,0,0,0,0,0.0,0,0,0,0,0,64.0,5760.0,0,0,0,54,eth:ethertype:ip:tcp,32.5,94.9,52.2,160.0,-51.0,84:F3:EB:12:34:56,,,,,0.0,Normal,0.0
1744305544134579,10.42.0.2,10.42.0.1,50065,1883,1,1,0,1,0,0,1,0,3,0,0,0,0,0.0,0,,0,0,,0,0,0,0,0,0,0,0,0.0,0,0,0,0,0,64.0,5760.0,0,0,0,57,eth:ethertype:ip:tcp,32.5,94.9,52.2,160.0,-51.0,84:F3:EB:12:34:56,,,,,0.0,Normal,0.0
1744305544138061,10.42.0.2,10.42.0.1,50065,1883,4,1,0,1,0,0,1,0,29,0,0,0,0,0.0,0,,0,0,,0,0,0,0,0,0,0,0,0.0,0,0,0,0,0,64.0,5760.0,0,0,0,83,eth:ethertype:ip:tcp,32.5,94.9,52.2,160.0,-51.0,84:F3:EB:12:34:56,,,,,0.0,Normal,0.0
1744305544141124,10.42.0.2,10.42.0.1,50065,1883,33,1,0,1,0,0,1,0,12,0,0,0,0,0.0,0,,0,1,,0,0,0,1,42,4,MQTT,4,0.0,0,0,0,0,0,64.0,5760.0,0,0,esp32_a0a3b3edac1c,66,eth:ethertype:ip:tcp:mqtt,32.5,94.9,52.2,160.0,-51.0,84:F3:EB:12:34:56,,,,,0.0,Normal,0.0
1744305544176394,10.42.0.2,10.42.0.1,50065,1883,45,5,0,1,0,0,1,0,3,0,0,0,0,0.0,0,,0,0,,0,0,0,0,0,0,0,0,0.0,0,0,0,0,0,64.0,5756.0,0,0,0,57,eth:ethertype:ip:tcp,32.5,94.9,52.2,160.0,-51.0,84:F3:EB:12:34:56,,,,,0.0,Normal,0.0
1744305544187359,10.42.0.2,10.42.0.1,50065,1883,48,5,0,1,1,0,1,0,185,0,0,0,0,0.0,0,,0,3,"Wakeup: 0, Mode: 0, Reset: 1, Temperature: 26.9, Uptime: 629803, Memory: 94.9, In_Temperature: 52.8°C, CPU: 160, RSSI: -51, MAC: 84:F3:EB:12:34:56, F_Storage: 99.2",test/temperatura,16,0,0,182,0,0,0,0.0,0,0,0,0,0,64.0,5756.0,0,0,0,239,eth:ethertype:ip:tcp:mqtt,26.9,94.9,52.8,160.0,-51.0,84:F3:EB:12:34:56,,,,,0.0,Normal,0.0
1744305544190705,10.42.0.2,10.42.0.1,50065,1883,234,6,0,1,0,0,0,0,0,0,0,0,0,0.0,0,,0,0,,0,0,0,0,0,0,0,0,0.0,0,0,0,0,0,64.0,5755.0,0,0,0,54,eth:ethertype:ip:tcp,26.9,94.9,52.8,160.0,-51.0,84:F3:EB:12:34:56,,,,,0.0,Normal,0.0
1744305574195495,10.42.0.2,10.42.0.1,50066,1883,0,0,1,0,0,0,0,0,0,0,0,0,0,0.0,0,,0,0,,0,0,0,0,0,0,0,0,0.0,0,0,0,0,0,64.0,5760.0,0,0,0,58,eth:ethertype:ip:tcp,26.9,94.9,52.8,160.0,-51.0,84:F3:EB:12:34:56,,,,,0.0,Normal,0.0
1744305574199140,10.42.0.2,10.42.0.1,50066,1883,1,1,0,1,0,0,0,0,0,0,0,0,0,0.0,0,,0,0,,0,0,0,0,0,0,0,0,0.0,0,0,0,0,0,64.0,5760.0,0,0,0,54,eth:ethertype:ip:tcp,26.9,94.9,52.8,160.0,-51.0,84:F3:EB:12:34:56,,,,,0.0,Normal,0.0
1744305574201411,10.42.0.2,10.42.0.1,50066,1883,1,1,0,1,0,0,1,0,3,0,0,0,0,0.0,0,,0,0,,0,0,0,0,0,0,0,0,0.0,0,0,0,0,0,64.0,5760.0,0,0,0,57,eth:ethertype:ip:tcp,26.9,94.9,52.8,160.0,-51.0,84:F3:EB:12:34:56,,,,,0.0,Normal,0.0
1744305574204967,10.42.0.2,10.42.0.1,50066,1883,4,1,0,1,0,0,1,0,29,0,0,0,0,0.0,0,,0,0,,0,0,0,0,0,0,0,0,0.0,0,0,0,0,0,64.0,5760.0,0,0,0,83,eth:ethertype:ip:tcp,26.9,94.9,52.8,160.0,-51.0,84:F3:EB:12:34:56,,,,,0.0,Normal,0.0
1744305574208039,10.42.0.2,10.42.0.1,50066,1883,33,1,0,1,0,0,1,0,12,0,0,0,0,0.0,0,,0,1,,0,0,0,1,42,4,MQTT,4,0.0,0,0,0,0,0,64.0,5760.0,0,0,esp32_a0a3b3edac1c,66,eth:ethertype:ip:tcp:mqtt,26.9,94.9,52.8,160.0,-51.0,84:F3:EB:12:34:56,,,,,0.0,Normal,0.0
1744305574243775,10.42.0.2,10.42.0.1,50066,1883,45,5,0,1,0,0,1,0,3,0,0,0,0,0.0,0,,0,0,,0,0,0,0,0,0,0,0,0.0,0,0,0,0,0,64.0,5756.0,0,0,0,57,eth:ethertype:ip:tcp,26.9,94.9,52.8,160.0,-51.0,84:F3:EB:12:34:56,,,,,0.0,Normal,0.0
1744305574256676,10.42.0.2,10.42.0.1,50066,1883,48,5,0,1,1,0,1,0,185,0,0,0,0,0.0,0,,0,3,"Wakeup: 0, Mode: 0, Reset: 1, Temperature: 27.5, Uptime: 629833, Memory: 94.9, In_Temperature: 52.2°C, CPU: 160, RSSI: -50, MAC: 84:F3:EB:12:34:56, F_Storage: 99.2",test/temperatura,16,0,0,182,0,0,0,0.0,0,0,0,0,0,64.0,5756.0,0,0,0,239,eth:ethertype:ip:tcp:mqtt,27.5,94.9,52.2,160.0,-50.0,84:F3:EB:12:34:56,,,,,0.0,Normal,0.0
1744305574260107,10.42.0.2,10.42.0.1,50066,1883,234,6,0,1,0,0,0,0,0,0,0,0,0,0.0,0,,0,0,,0,0,0,0,0,0,0,0,0.0,0,0,0,0,0,64.0,5755.0,0,0,0,54,eth:ethertype:ip:tcp,27.5,94.9,52.2,160.0,-50.0,84:F3:EB:12:34:56,,,,,0.0,Normal,0.0
1744305604265633,10.42.0.2,10.42.0.1,50067,1883,0,0,1,0,0,0,0,0,0,0,0,0,0,0.0,0,,0,0,,0,0,0,0,0,0,0,0,0.0,0,0,0,0,0,64.0,5760.0,0,0,0,58,eth:ethertype:ip:tcp,27.5,94.9,52.2,160.0,-50.0,84:F3:EB:12:34:56,,,,,0.0,Normal,0.0
1744305604269545,10.42.0.2,10.42.0.1,50067,1883,1,1,0,1,0,0,0,0,0,0,0,0,0,0.0,0,,0,0,,0,0,0,0,0,0,0,0,0.0,0,0,0,0,0,64.0,5760.0,0,0,0,54,eth:ethertype:ip:tcp,27.5,94.9,52.2,160.0,-50.0,84:F3:EB:12:34:56,,,,,0.0,Normal,0.0
1744305604271663,10.42.0.2,10.42.0.1,50067,1883,1,1,0,1,0,0,1,0,3,0,0,0,0,0.0,0,,0,0,,0,0,0,0,0,0,0,0,0.0,0,0,0,0,0,64.0,5760.0,0,0,0,57,eth:ethertype:ip:tcp,27.5,94.9,52.2,160.0,-50.0,84:F3:EB:12:34:56,,,,,0.0,Normal,0.0
1744305604275313,10.42.0.2,10.42.0.1,50067,1883,4,1,0,1,0,0,1,0,31,0,0,0,0,0.0,0,,0,0,,0,0,0,0,0,0,0,0,0.0,0,0,0,0,0,64.0,5760.0,0,0,0,85,eth:ethertype:ip:tcp,27.5,94.9,52.2,160.0,-50.0,84:F3:EB:12:34:56,,,,,0.0,Normal,0.0
1744305604278485,10.42.0.2,10.42.0.1,50067,1883,35,1,0,1,0,0,1,0,10,0,0,0,0,0.0,0,,0,1,,0,0,0,1,42,4,MQTT,4,0.0,0,0,0,0,0,64.0,5760.0,0,0,esp32_a0a3b3edac1c,64,eth:ethertype:ip:tcp:mqtt,27.5,94.9,52.2,160.0,-50.0,84:F3:EB:12:34:56,,,,,0.0,Normal,0.0
1744305604314498,10.42.0.2,10.42.0.1,50067,1883,45,5,0,1,0,0,1,0,3,0,0,0,0,0.0,0,,0,0,,0,0,0,0,0,0,0,0,0.0,0,0,0,0,0,64.0,5756.0,0,0,0,57,eth:ethertype:ip:tcp,27.5,94.9,52.2,160.0,-50.0,84:F3:EB:12:34:56,,,,,0.0,Normal,0.0
1744305604326407,10.42.0.2,10.42.0.1,50067,1883,48,5,0,1,1,0,1,0,185,0,0,0,0,0.0,0,,0,3,"Wakeup: 0, Mode: 0, Reset: 1, Temperature: 37.9, Uptime: 629863, Memory: 94.9, In_Temperature: 52.2°C, CPU: 160, RSSI: -51, MAC: 84:F3:EB:12:34:56, F_Storage: 99.2",test/temperatura,16,0,0,182,0,0,0,0.0,0,0,0,0,0,64.0,5756.0,0,0,0,239,eth:ethertype:ip:tcp:mqtt,37.9,94.9,52.2,160.0,-51.0,84:F3:EB:12:34:56,,,,,0.0,Normal,0.0
1744305604331215,10.42.0.2,10.42.0.1,50067,1883,234,6,0,1,0,0,0,0,0,0,0,0,0,0.0,0,,0,0,,0,0,0,0,0,0,0,0,0.0,0,0,0,0,0,64.0,5755.0,0,0,0,54,eth:ethertype:ip:tcp,37.9,94.9,52.2,160.0,-51.0,84:F3:EB:12:34:56,,,,,0.0,Normal,0.0
1744305634335192,10.42.0.2,10.42.0.1,50068,1883,0,0,1,0,0,0,0,0,0,0,0,0,0,0.0,0,,0,0,,0,0,0,0,0,0,0,0,0.0,0,0,0,0,0,64.0,5760.0,0,0,0,58,eth:ethertype:ip:tcp,37.9,94.9,52.2,160.0,-51.0,84:F3:EB:12:34:56,,,,,0.0,Normal,0.0
1744305634339276,10.42.0.2,10.42.0.1,50068,1883,1,1,0,1,0,0,0,0,0,0,0,0,0,0.0,0,,0,0,,0,0,0,0,0,0,0,0,0.0,0,0,0,0,0,64.0,5760.0,0,0,0,54,eth:ethertype:ip:tcp,37.9,94.9,52.2,160.0,-51.0,84:F3:EB:12:34:56,,,,,0.0,Normal,0.0
1744305634341338,10.42.0.2,10.42.0.1,50068,1883,1,1,0,1,0,0,1,0,3,0,0,0,0,0.0,0,,0,0,,0,0,0,0,0,0,0,0,0.0,0,0,0,0,0,64.0,5760.0,0,0,0,57,eth:ethertype:ip:tcp,37.9,94.9,52.2,160.0,-51.0,84:F3:EB:12:34:56,,,,,0.0,Normal,0.0
1744305634344776,10.42.0.2,10.42.0.1,50068,1883,4,1,0,1,0,0,1,0,29,0,0,0,0,0.0,0,,0,0,,0,0,0,0,0,0,0,0,0.0,0,0,0,0,0,64.0,5760.0,0,0,0,83,eth:ethertype:ip:tcp,37.9,94.9,52.2,160.0,-51.0,84:F3:EB:12:34:56,,,,,0.0,Normal,0.0
1744305634348489,10.42.0.2,10.42.0.1,50068,1883,33,1,0,1,0,0,1,0,2,0,0,0,0,0.0,0,,0,0,,0,0,0,0,0,0,0,0,0.0,0,0,0,0,0,64.0,5760.0,0,0,0,56,eth:ethertype:ip:tcp,37.9,94.9,52.2,160.0,-51.0,84:F3:EB:12:34:56,,,,,0.0,Normal,0.0
1744305634352602,10.42.0.2,10.42.0.1,50068,1883,35,1,0,1,0,0,1,0,4,0,0,0,0,0.0,0,,0,0,,0,0,0,0,0,0,0,0,0.0,0,0,0,0,0,64.0,5760.0,0,0,0,58,eth:ethertype:ip:tcp,37.9,94.9,52.2,160.0,-51.0,84:F3:EB:12:34:56,,,,,0.0,Normal,0.0
1744305634355949,10.42.0.2,10.42.0.1,50068,1883,39,1,0,1,0,0,1,0,2,0,0,0,0,0.0,0,,0,0,,0,0,0,0,0,0,0,0,0.0,0,0,0,0,0,64.0,5760.0,0,0,0,56,eth:ethertype:ip:tcp,37.9,94.9,52.2,160.0,-51.0,84:F3:EB:12:34:56,,,,,0.0,Normal,0.0
1744305634358583,10.42.0.2,10.42.0.1,50068,1883,41,1,0,1,0,0,1,0,4,0,0,0,0,0.0,0,,0,1,,0,0,0,1,42,4,MQTT,4,0.0,0,0,0,0,0,64.0,5760.0,0,0,esp32_a0a3b3edac1c,58,eth:ethertype:ip:tcp:mqtt,37.9,94.9,52.2,160.0,-51.0,84:F3:EB:12:34:56,,,,,0.0,Normal,0.0
1744305634393845,10.42.0.2,10.42.0.1,50068,1883,45,5,0,1,0,0,1,0,3,0,0,0,0,0.0,0,,0,0,,0,0,0,0,0,0,0,0,0.0,0,0,0,0,0,64.0,5756.0,0,0,0,57,eth:ethertype:ip:tcp,37.9,94.9,52.2,160.0,-51.0,84:F3:EB:12:34:56,,,,,0.0,Normal,0.0
1744305634405581,10.42.0.2,10.42.0.1,50068,1883,48,5,0,1,1,0,1,0,185,0,0,0,0,0.0,0,,0,3,"Wakeup: 0, Mode: 0, Reset: 1, Temperature: 38.7, Uptime: 629893, Memory: 94.9, In_Temperature: 52.2°C, CPU: 160, RSSI: -52, MAC: 84:F3:EB:12:34:56, F_Storage: 99.2",test/temperatura,16,0,0,182,0,0,0,0.0,0,0,0,0,0,64.0,5756.0,0,0,0,239,eth:ethertype:ip:tcp:mqtt,38.7,94.9,52.2,160.0,-52.0,84:F3:EB:12:34:56,,,,,0.0,Normal,0.0
1744305634409103,10.42.0.2,10.42.0.1,50068,1883,234,6,0,1,0,0,0,0,0,0,0,0,0,0.0,0,,0,0,,0,0,0,0,0,0,0,0,0.0,0,0,0,0,0,64.0,5755.0,0,0,0,54,eth:ethertype:ip:tcp,38.7,94.9,52.2,160.0,-52.0,84:F3:EB:12:34:56,,,,,0.0,Normal,0.0
1744305664414365,10.42.0.2,10.42.0.1,50069,1883,0,0,1,0,0,0,0,0,0,0,0,0,0,0.0,0,,0,0,,0,0,0,0,0,0,0,0,0.0,0,0,0,0,0,64.0,5760.0,0,0,0,58,eth:ethertype:ip:tcp,38.7,94.9,52.2,160.0,-52.0,84:F3:EB:12:34:56,,,,,0.0,Normal,0.0
1744305664418267,10.42.0.2,10.42.0.1,50069,1883,1,1,0,1,0,0,0,0,0,0,0,0,0,0.0,0,,0,0,,0,0,0,0,0,0,0,0,0.0,0,0,0,0,0,64.0,5760.0,0,0,0,54,eth:ethertype:ip:tcp,38.7,94.9,52.2,160.0,-52.0,84:F3:EB:12:34:56,,,,,0.0,Normal,0.0
1744305664420536,10.42.0.2,10.42.0.1,50069,1883,1,1,0,1,0,0,1,0,3,0,0,0,0,0.0,0,,0,0,,0,0,0,0,0,0,0,0,0.0,0,0,0,0,0,64.0,5760.0,0,0,0,57,eth:ethertype:ip:tcp,38.7,94.9,52.2,160.0,-52.0,84:F3:EB:12:34:56,,,,,0.0,Normal,0.0
1744305664423925,10.42.0.2,10.42.0.1,50069,1883,4,1,0,1,0,0,1,0,29,0,0,0,0,0.0,0,,0,0,,0,0,0,0,0,0,0,0,0.0,0,0,0,0,0,64.0,5760.0,0,0,0,83,eth:ethertype:ip:tcp,38.7,94.9,52.2,160.0,-52.0,84:F3:EB:12:34:56,,,,,0.0,Normal,0.0
1744305664427149,10.42.0.2,10.42.0.1,50069,1883,33,1,0,1,0,0,1,0,12,0,0,0,0,0.0,0,,0,1,,0,0,0,1,42,4,MQTT,4,0.0,0,0,0,0,0,64.0,5760.0,0,0,esp32_a0a3b3edac1c,66,eth:ethertype:ip:tcp:mqtt,38.7,94.9,52.2,160.0,-52.0,84:F3:EB:12:34:56,,,,,0.0,Normal,0.0
1744305664462980,10.42.0.2,10.42.0.1,50069,1883,45,5,0,1,0,0,1,0,3,0,0,0,0,0.0,0,,0,0,,0,0,0,0,0,0,0,0,0.0,0,0,0,0,0,64.0,5756.0,0,0,0,57,eth:ethertype:ip:tcp,38.7,94.9,52.2,160.0,-52.0,84:F3:EB:12:34:56,,,,,0.0,Normal,0.0
1744305664474641,10.42.0.2,10.42.0.1,50069,1883,48,5,0,1,1,0,1,0,185,0,0,0,0,0.0,0,,0,3,"Wakeup: 0, Mode: 0, Reset: 1, Temperature: 34.3, Uptime: 629923, Memory: 94.9, In_Temperature: 52.2°C, CPU: 160, RSSI: -53, MAC: 84:F3:EB:12:34:56, F_Storage: 99.2",test/temperatura,16,0,0,182,0,0,0,0.0,0,0,0,0,0,64.0,5756.0,0,0,0,239,eth:ethertype:ip:tcp:mqtt,34.3,94.9,52.2,160.0,-53.0,84:F3:EB:12:34:56,,,,,0.0,Normal,0.0
1744305664478363,10.42.0.2,10.42.0.1,50069,1883,234,6,0,1,0,0,0,0,0,0,0,0,0,0.0,0,,0,0,,0,0,0,0,0,0,0,0,0.0,0,0,0,0,0,64.0,5755.0,0,0,0,54,eth:ethertype:ip:tcp,34.3,94.9,52.2,160.0,-53.0,84:F3:EB:12:34:56,,,,,0.0,Normal,0.0
1744305694483842,10.42.0.2,10.42.0.1,50070,1883,0,0,1,0,0,0,0,0,0,0,0,0,0,0.0,0,,0,0,,0,0,0,0,0,0,0,0,0.0,0,0,0,0,0,64.0,5760.0,0,0,0,58,eth:ethertype:ip:tcp,34.3,94.9,52.2,160.0,-53.0,84:F3:EB:12:34:56,,,,,0.0,Normal,0.0
1744305694489099,10.42.0.2,10.42.0.1,50070,1883,1,1,0,1,0,0,0,0,0,0,0,0,0,0.0,0,,0,0,,0,0,0,0,0,0,0,0,0.0,0,0,0,0,0,64.0,5760.0,0,0,0,54,eth:ethertype:ip:tcp,34.3,94.9,52.2,160.0,-53.0,84:F3:EB:12:34:56,,,,,0.0,Normal,0.0
1744305694491210,10.42.0.2,10.42.0.1,50070,1883,1,1,0,1,0,0,1,0,3,0,0,0,0,0.0,0,,0,0,,0,0,0,0,0,0,0,0,0.0,0,0,0,0,0,64.0,5760.0,0,0,0,57,eth:ethertype:ip:tcp,34.3,94.9,52.2,160.0,-53.0,84:F3:EB:12:34:56,,,,,0.0,Normal,0.0
1744305694494622,10.42.0.2,10.42.0.1,50070,1883,4,1,0,1,0,0,1,0,29,0,0,0,0,0.0,0,,0,0,,0,0,0,0,0,0,0,0,0.0,0,0,0,0,0,64.0,5760.0,0,0,0,83,eth:ethertype:ip:tcp,34.3,94.9,52.2,160.0,-53.0,84:F3:EB:12:34:56,,,,,0.0,Normal,0.0
1744305694497797,10.42.0.2,10.42.0.1,50070,1883,33,1,0,1,0,0,1,0,12,0,0,0,0,0.0,0,,0,1,,0,0,0,1,42,4,MQTT,4,0.0,0,0,0,0,0,64.0,5760.0,0,0,esp32_a0a3b3edac1c,66,eth:ethertype:ip:tcp:mqtt,34.3,94.9,52.2,160.0,-53.0,84:F3:EB:12:34:56,,,,,0.0,Normal,0.0
1744305694533079,10.42.0.2,10.42.0.1,50070,1883,45,5,0,1,0,0,1,0,3,0,0,0,0,0.0,0,,0,0,,0,0,0,0,0,0,0,0,0.0,0,0,0,0,0,64.0,5756.0,0,0,0,57,eth:ethertype:ip:tcp,34.3,94.9,52.2,160.0,-53.0,84:F3:EB:12:34:56,,,,,0.0,Normal,0.0
1744305694545760,10.42.0.2,10.42.0.1,50070,1883,48,5,0,1,1,0,1,0,185,0,0,0,0,0.0,0,,0,3,"Wakeup: 0, Mode: 0, Reset: 1, Temperature: 30.0, Uptime: 629953, Memory: 94.9, In_Temperature: 52.2°C, CPU: 160, RSSI: -56, MAC: 84:F3:EB:12:34:56, F_Storage: 99.2",test/temperatura,16,0,0,182,0,0,0,0.0,0,0,0,0,0,64.0,5756.0,0,0,0,239,eth:ethertype:ip:tcp:mqtt,30.0,94.9,52.2,160.0,-56.0,84:F3:EB:12:34:56,,,,,0.0,Normal,0.0
1744305694560714,10.42.0.2,10.42.0.1,50070,1883,234,6,0,1,0,0,0,0,0,0,0,0,0,0.0,0,,0,0,,0,0,0,0,0,0,0,0,0.0,0,0,0,0,0,64.0,5755.0,0,0,0,54,eth:ethertype:ip:tcp,30.0,94.9,52.2,160.0,-56.0,84:F3:EB:12:34:56,,,,,0.0,Normal,0.0
1744305724553784,10.42.0.2,10.42.0.1,50071,1883,0,0,1,0,0,0,0,0,0,0,0,0,0,0.0,0,,0,0,,0,0,0,0,0,0,0,0,0.0,0,0,0,0,0,64.0,5760.0,0,0,0,58,eth:ethertype:ip:tcp,30.0,94.9,52.2,160.0,-56.0,84:F3:EB:12:34:56,,,,,0.0,Normal,0.0
1744305724557713,10.42.0.2,10.42.0.1,50071,1883,1,1,0,1,0,0,0,0,0,0,0,0,0,0.0,0,,0,0,,0,0,0,0,0,0,0,0,0.0,0,0,0,0,0,64.0,5760.0,0,0,0,54,eth:ethertype:ip:tcp,30.0,94.9,52.2,160.0,-56.0,84:F3:EB:12:34:56,,,,,0.0,Normal,0.0
1744305724559877,10.42.0.2,10.42.0.1,50071,1883,1,1,0,1,0,0,1,0,3,0,0,0,0,0.0,0,,0,0,,0,0,0,0,0,0,0,0,0.0,0,0,0,0,0,64.0,5760.0,0,0,0,57,eth:ethertype:ip:tcp,30.0,94.9,52.2,160.0,-56.0,84:F3:EB:12:34:56,,,,,0.0,Normal,0.0
1744305724563539,10.42.0.2,10.42.0.1,50071,1883,4,1,0,1,0,0,1,0,29,0,0,0,0,0.0,0,,0,0,,0,0,0,0,0,0,0,0,0.0,0,0,0,0,0,64.0,5760.0,0,0,0,83,eth:ethertype:ip:tcp,30.0,94.9,52.2,160.0,-56.0,84:F3:EB:12:34:56,,,,,0.0,Normal,0.0
1744305724566533,10.42.0.2,10.42.0.1,50071,1883,33,1,0,1,0,0,1,0,12,0,0,0,0,0.0,0,,0,1,,0,0,0,1,42,4,MQTT,4,0.0,0,0,0,0,0,64.0,5760.0,0,0,esp32_a0a3b3edac1c,66,eth:ethertype:ip:tcp:mqtt,30.0,94.9,52.2,160.0,-56.0,84:F3:EB:12:34:56,,,,,0.0,Normal,0.0
1744305724572957,10.42.0.2,10.42.0.1,50071,1883,45,5,0,1,0,0,0,0,0,0,0,0,0,0.0,0,,0,0,,0,0,0,0,0,0,0,0,0.0,0,0,0,0,0,64.0,5756.0,0,0,0,54,eth:ethertype:ip:tcp,30.0,94.9,52.2,160.0,-56.0,84:F3:EB:12:34:56,,,,,0.0,Normal,0.0
1744305724601953,10.42.0.2,10.42.0.1,50071,1883,45,5,0,1,0,0,1,0,3,0,0,0,0,0.0,0,,0,0,,0,0,0,0,0,0,0,0,0.0,0,0,0,0,0,64.0,5756.0,0,0,0,57,eth:ethertype:ip:tcp,30.0,94.9,52.2,160.0,-56.0,84:F3:EB:12:34:56,,,,,0.0,Normal,0.0
1744305724613504,10.42.0.2,10.42.0.1,50071,1883,48,5,0,1,1,0,1,0,185,0,0,0,0,0.0,0,,0,3,"Wakeup: 0, Mode: 0, Reset: 1, Temperature: 28.2, Uptime: 629984, Memory: 94.9, In_Temperature: 52.2°C, CPU: 160, RSSI: -53, MAC: 84:F3:EB:12:34:56, F_Storage: 99.2",test/temperatura,16,0,0,182,0,0,0,0.0,0,0,0,0,0,64.0,5756.0,0,0,0,239,eth:ethertype:ip:tcp:mqtt,28.2,94.9,52.2,160.0,-53.0,84:F3:EB:12:34:56,,,,,0.0,Normal,0.0
1744305724617008,10.42.0.2,10.42.0.1,50071,1883,234,6,0,1,0,0,0,0,0,0,0,0,0,0.0,0,,0,0,,0,0,0,0,0,0,0,0,0.0,0,0,0,0,0,64.0,5755.0,0,0,0,54,eth:ethertype:ip:tcp,28.2,94.9,52.2,160.0,-53.0,84:F3:EB:12:34:56,,,,,0.0,Normal,0.0
1744305754621402,10.42.0.2,10.42.0.1,50072,1883,0,0,1,0,0,0,0,0,0,0,0,0,0,0.0,0,,0,0,,0,0,0,0,0,0,0,0,0.0,0,0,0,0,0,64.0,5760.0,0,0,0,58,eth:ethertype:ip:tcp,28.2,94.9,52.2,160.0,-53.0,84:F3:EB:12:34:56,,,,,0.0,Normal,0.0
1744305754625037,10.42.0.2,10.42.0.1,50072,1883,1,1,0,1,0,0,0,0,0,0,0,0,0,0.0,0,,0,0,,0,0,0,0,0,0,0,0,0.0,0,0,0,0,0,64.0,5760.0,0,0,0,54,eth:ethertype:ip:tcp,28.2,94.9,52.2,160.0,-53.0,84:F3:EB:12:34:56,,,,,0.0,Normal,0.0
1744305754627390,10.42.0.2,10.42.0.1,50072,1883,1,1,0,1,0,0,1,0,3,0,0,0,0,0.0,0,,0,0,,0,0,0,0,0,0,0,0,0.0,0,0,0,0,0,64.0,5760.0,0,0,0,57,eth:ethertype:ip:tcp,28.2,94.9,52.2,160.0,-53.0,84:F3:EB:12:34:56,,,,,0.0,Normal,0.0
1744305754630829,10.42.0.2,10.42.0.1,50072,1883,4,1,0,1,0,0,1,0,29,0,0,0,0,0.0,0,,0,0,,0,0,0,0,0,0,0,0,0.0,0,0,0,0,0,64.0,5760.0,0,0,0,83,eth:ethertype:ip:tcp,28.2,94.9,52.2,160.0,-53.0,84:F3:EB:12:34:56,,,,,0.0,Normal,0.0
1744305754633928,10.42.0.2,10.42.0.1,50072,1883,33,1,0,1,0,0,1,0,12,0,0,0,0,0.0,0,,0,1,,0,0,0,1,42,4,MQTT,4,0.0,0,0,0,0,0,64.0,5760.0,0,0,esp32_a0a3b3edac1c,66,eth:ethertype:ip:tcp:mqtt,28.2,94.9,52.2,160.0,-53.0,84:F3:EB:12:34:56,,,,,0.0,Normal,0.0
1744305754670189,10.42.0.2,10.42.0.1,50072,1883,45,5,0,1,0,0,1,0,3,0,0,0,0,0.0,0,,0,0,,0,0,0,0,0,0,0,0,0.0,0,0,0,0,0,64.0,5756.0,0,0,0,57,eth:ethertype:ip:tcp,28.2,94.9,52.2,160.0,-53.0,84:F3:EB:12:34:56,,,,,0.0,Normal,0.0
1744305754682667,10.42.0.2,10.42.0.1,50072,1883,48,5,0,1,1,0,1,0,185,0,0,0,0,0.0,0,,0,3,"Wakeup: 0, Mode: 0, Reset: 1, Temperature: 39.4, Uptime: 630014, Memory: 94.9, In_Temperature: 52.2°C, CPU: 160, RSSI: -50, MAC: 84:F3:EB:12:34:56, F_Storage: 99.2",test/temperatura,16,0,0,182,0,0,0,0.0,0,0,0,0,0,64.0,5756.0,0,0,0,239,eth:ethertype:ip:tcp:mqtt,39.4,94.9,52.2,160.0,-50.0,84:F3:EB:12:34:56,,,,,0.0,Normal,0.0
1744305754686205,10.42.0.2,10.42.0.1,50072,1883,234,6,0,1,0,0,0,0,0,0,0,0,0,0.0,0,,0,0,,0,0,0,0,0,0,0,0,0.0,0,0,0,0,0,64.0,5755.0,0,0,0,54,eth:ethertype:ip:tcp,39.4,94.9,52.2,160.0,-50.0,84:F3:EB:12:34:56,,,,,0.0,Normal,0.0
1744305784691601,10.42.0.2,10.42.0.1,50073,1883,0,0,1,0,0,0,0,0,0,0,0,0,0,0.0,0,,0,0,,0,0,0,0,0,0,0,0,0.0,0,0,0,0,0,64.0,5760.0,0,0,0,58,eth:ethertype:ip:tcp,39.4,94.9,52.2,160.0,-50.0,84:F3:EB:12:34:56,,,,,0.0,Normal,0.0
1744305784695603,10.42.0.2,10.42.0.1,50073,1883,1,1,0,1,0,0,0,0,0,0,0,0,0,0.0,0,,0,0,,0,0,0,0,0,0,0,0,0.0,0,0,0,0,0,64.0,5760.0,0,0,0,54,eth:ethertype:ip:tcp,39.4,94.9,52.2,160.0,-50.0,84:F3:EB:12:34:56,,,,,0.0,Normal,0.0
1744305784697663,10.42.0.2,10.42.0.1,50073,1883,1,1,0,1,0,0,1,0,3,0,0,0,0,0.0,0,,0,0,,0,0,0,0,0,0,0,0,0.0,0,0,0,0,0,64.0,5760.0,0,0,0,57,eth:ethertype:ip:tcp,39.4,94.9,52.2,160.0,-50.0,84:F3:EB:12:34:56,,,,,0.0,Normal,0.0
1744305784701097,10.42.0.2,10.42.0.1,50073,1883,4,1,0,1,0,0,1,0,29,0,0,0,0,0.0,0,,0,0,,0,0,0,0,0,0,0,0,0.0,0,0,0,0,0,64.0,5760.0,0,0,0,83,eth:ethertype:ip:tcp,39.4,94.9,52.2,160.0,-50.0,84:F3:EB:12:34:56,,,,,0.0,Normal,0.0
1744305784704198,10.42.0.2,10.42.0.1,50073,1883,33,1,0,1,0,0,1,0,12,0,0,0,0,0.0,0,,0,1,,0,0,0,1,42,4,MQTT,4,0.0,0,0,0,0,0,64.0,5760.0,0,0,esp32_a0a3b3edac1c,66,eth:ethertype:ip:tcp:mqtt,39.4,94.9,52.2,160.0,-50.0,84:F3:EB:12:34:56,,,,,0.0,Normal,0.0
1744305784739705,10.42.0.2,10.42.0.1,50073,1883,45,5,0,1,0,0,1,0,3,0,0,0,0,0.0,0,,0,0,,0,0,0,0,0,0,0,0,0.0,0,0,0,0,0,64.0,5756.0,0,0,0,57,eth:ethertype:ip:tcp,39.4,94.9,52.2,160.0,-50.0,84:F3:EB:12:34:56,,,,,0.0,Normal,0.0
1744305784751977,10.42.0.2,10.42.0.1,50073,1883,48,5,0,1,1,0,1,0,185,0,0,0,0,0.0,0,,0,3,"Wakeup: 0, Mode: 0, Reset: 1, Temperature: 40.7, Uptime: 630044, Memory: 94.9, In_Temperature: 52.8°C, CPU: 160, RSSI: -50, MAC: 84:F3:EB:12:34:56, F_Storage: 99.2",test/temperatura,16,0,0,182,0,0,0,0.0,0,0,0,0,0,64.0,5756.0,0,0,0,239,eth:ethertype:ip:tcp:mqtt,40.7,94.9,52.8,160.0,-50.0,84:F3:EB:12:34:56,,,,,0.0,Normal,0.0
1744305784755359,10.42.0.2,10.42.0.1,50073,1883,234,6,0,1,0,0,0,0,0,0,0,0,0,0.0,0,,0,0,,0,0,0,0,0,0,0,0,0.0,0,0,0,0,0,64.0,5755.0,0,0,0,54,eth:ethertype:ip:tcp,40.7,94.9,52.8,160.0,-50.0,84:F3:EB:12:34:56,,,,,0.0,Normal,0.0
1744305814760971,10.42.0.2,10.42.0.1,50074,1883,0,0,1,0,0,0,0,0,0,0,0,0,0,0.0,0,,0,0,,0,0,0,0,0,0,0,0,0.0,0,0,0,0,0,64.0,5760.0,0,0,0,58,eth:ethertype:ip:tcp,40.7,94.9,52.8,160.0,-50.0,84:F3:EB:12:34:56,,,,,0.0,Normal,0.0
1744305814768546,10.42.0.2,10.42.0.1,50074,1883,1,1,0,1,0,0,0,0,0,0,0,0,0,0.0,0,,0,0,,0,0,0,0,0,0,0,0,0.0,0,0,0,0,0,64.0,5760.0,0,0,0,54,eth:ethertype:ip:tcp,40.7,94.9,52.8,160.0,-50.0,84:F3:EB:12:34:56,,,,,0.0,Normal,0.0
1744305814770490,10.42.0.2,10.42.0.1,50074,1883,1,1,0,1,0,0,1,0,3,0,0,0,0,0.0,0,,0,0,,0,0,0,0,0,0,0,0,0.0,0,0,0,0,0,64.0,5760.0,0,0,0,57,eth:ethertype:ip:tcp,40.7,94.9,52.8,160.0,-50.0,84:F3:EB:12:34:56,,,,,0.0,Normal,0.0
1744305814774027,10.42.0.2,10.42.0.1,50074,1883,4,1,0,1,0,0,1,0,29,0,0,0,0,0.0,0,,0,0,,0,0,0,0,0,0,0,0,0.0,0,0,0,0,0,64.0,5760.0,0,0,0,83,eth:ethertype:ip:tcp,40.7,94.9,52.8,160.0,-50.0,84:F3:EB:12:34:56,,,,,0.0,Normal,0.0
1744305814778717,10.42.0.2,10.42.0.1,50074,1883,33,1,0,1,0,0,1,0,12,0,0,0,0,0.0,0,,0,1,,0,0,0,1,42,4,MQTT,4,0.0,0,0,0,0,0,64.0,5760.0,0,0,esp32_a0a3b3edac1c,66,eth:ethertype:ip:tcp:mqtt,40.7,94.9,52.8,160.0,-50.0,84:F3:EB:12:34:56,,,,,0.0,Normal,0.0
1744305814814115,10.42.0.2,10.42.0.1,50074,1883,45,5,0,1,0,0,1,0,3,0,0,0,0,0.0,0,,0,0,,0,0,0,0,0,0,0,0,0.0,0,0,0,0,0,64.0,5756.0,0,0,0,57,eth:ethertype:ip:tcp,40.7,94.9,52.8,160.0,-50.0,84:F3:EB:12:34:56,,,,,0.0,Normal,0.0
1744305814831933,10.42.0.2,10.42.0.1,50074,1883,48,5,0,1,1,0,1,0,185,0,0,0,0,0.0,0,,0,3,"Wakeup: 0, Mode: 0, Reset: 1, Temperature: 25.9, Uptime: 630074, Memory: 94.9, In_Temperature: 52.8°C, CPU: 160, RSSI: -50, MAC: 84:F3:EB:12:34:56, F_Storage: 99.2",test/temperatura,16,0,0,182,0,0,0,0.0,0,0,0,0,0,64.0,5756.0,0,0,0,239,eth:ethertype:ip:tcp:mqtt,25.9,94.9,52.8,160.0,-50.0,84:F3:EB:12:34:56,,,,,0.0,Normal,0.0
1744305814835311,10.42.0.2,10.42.0.1,50074,1883,234,6,0,1,0,0,0,0,0,0,0,0,0,0.0,0,,0,0,,0,0,0,0,0,0,0,0,0.0,0,0,0,0,0,64.0,5755.0,0,0,0,54,eth:ethertype:ip:tcp,25.9,94.9,52.8,160.0,-50.0,84:F3:EB:12:34:56,,,,,0.0,Normal,0.0
1744305844840507,10.42.0.2,10.42.0.1,50075,1883,0,0,1,0,0,0,0,0,0,0,0,0,0,0.0,0,,0,0,,0,0,0,0,0,0,0,0,0.0,0,0,0,0,0,64.0,5760.0,0,0,0,58,eth:ethertype:ip:tcp,25.9,94.9,52.8,160.0,-50.0,84:F3:EB:12:34:56,,,,,0.0,Normal,0.0
1744305844844556,10.42.0.2,10.42.0.1,50075,1883,1,1,0,1,0,0,0,0,0,0,0,0,0,0.0,0,,0,0,,0,0,0,0,0,0,0,0,0.0,0,0,0,0,0,64.0,5760.0,0,0,0,54,eth:ethertype:ip:tcp,25.9,94.9,52.8,160.0,-50.0,84:F3:EB:12:34:56,,,,,0.0,Normal,0.0
1744305844846532,10.42.0.2,10.42.0.1,50075,1883,1,1,0,1,0,0,1,0,3,0,0,0,0,0.0,0,,0,0,,0,0,0,0,0,0,0,0,0.0,0,0,0,0,0,64.0,5760.0,0,0,0,57,eth:ethertype:ip:tcp,25.9,94.9,52.8,160.0,-50.0,84:F3:EB:12:34:56,,,,,0.0,Normal,0.0
1744305844850613,10.42.0.2,10.42.0.1,50075,1883,4,1,0,1,0,0,1,0,29,0,0,0,0,0.0,0,,0,0,,0,0,0,0,0,0,0,0,0.0,0,0,0,0,0,64.0,5760.0,0,0,0,83,eth:ethertype:ip:tcp,25.9,94.9,52.8,160.0,-50.0,84:F3:EB:12:34:56,,,,,0.0,Normal,0.0
1744305844853782,10.42.0.2,10.42.0.1,50075,1883,33,1,0,1,0,0,1,0,12,0,0,0,0,0.0,0,,0,1,,0,0,0,1,42,4,MQTT,4,0.0,0,0,0,0,0,64.0,5760.0,0,0,esp32_a0a3b3edac1c,66,eth:ethertype:ip:tcp:mqtt,25.9,94.9,52.8,160.0,-50.0,84:F3:EB:12:34:56,,,,,0.0,Normal,0.0
1744305844889726,10.42.0.2,10.42.0.1,50075,1883,45,5,0,1,0,0,1,0,3,0,0,0,0,0.0,0,,0,0,,0,0,0,0,0,0,0,0,0.0,0,0,0,0,0,64.0,5756.0,0,0,0,57,eth:ethertype:ip:tcp,25.9,94.9,52.8,160.0,-50.0,84:F3:EB:12:34:56,,,,,0.0,Normal,0.0
1744305844900703,10.42.0.2,10.42.0.1,50075,1883,48,5,0,1,1,0,1,0,185,0,0,0,0,0.0,0,,0,3,"Wakeup: 0, Mode: 0, Reset: 1, Temperature: 34.0, Uptime: 630104, Memory: 94.9, In_Temperature: 52.2°C, CPU: 160, RSSI: -51, MAC: 84:F3:EB:12:34:56, F_Storage: 99.2",test/temperatura,16,0,0,182,0,0,0,0.0,0,0,0,0,0,64.0,5756.0,0,0,0,239,eth:ethertype:ip:tcp:mqtt,34.0,94.9,52.2,160.0,-51.0,84:F3:EB:12:34:56,,,,,0.0,Normal,0.0
1744305844904183,10.42.0.2,10.42.0.1,50075,1883,234,6,0,1,0,0,0,0,0,0,0,0,0,0.0,0,,0,0,,0,0,0,0,0,0,0,0,0.0,0,0,0,0,0,64.0,5755.0,0,0,0,54,eth:ethertype:ip:tcp,34.0,94.9,52.2,160.0,-51.0,84:F3:EB:12:34:56,,,,,0.0,Normal,0.0
1744305874909548,10.42.0.2,10.42.0.1,50076,1883,0,0,1,0,0,0,0,0,0,0,0,0,0,0.0,0,,0,0,,0,0,0,0,0,0,0,0,0.0,0,0,0,0,0,64.0,5760.0,0,0,0,58,eth:ethertype:ip:tcp,34.0,94.9,52.2,160.0,-51.0,84:F3:EB:12:34:56,,,,,0.0,Normal,0.0
1744305874913462,10.42.0.2,10.42.0.1,50076,1883,1,1,0,1,0,0,0,0,0,0,0,0,0,0.0,0,,0,0,,0,0,0,0,0,0,0,0,0.0,0,0,0,0,0,64.0,5760.0,0,0,0,54,eth:ethertype:ip:tcp,34.0,94.9,52.2,160.0,-51.0,84:F3:EB:12:34:56,,,,,0.0,Normal,0.0
1744305874915650,10.42.0.2,10.42.0.1,50076,1883,1,1,0,1,0,0,1,0,3,0,0,0,0,0.0,0,,0,0,,0,0,0,0,0,0,0,0,0.0,0,0,0,0,0,64.0,5760.0,0,0,0,57,eth:ethertype:ip:tcp,34.0,94.9,52.2,160.0,-51.0,84:F3:EB:12:34:56,,,,,0.0,Normal,0.0
1744305874919122,10.42.0.2,10.42.0.1,50076,1883,4,1,0,1,0,0,1,0,29,0,0,0,0,0.0,0,,0,0,,0,0,0,0,0,0,0,0,0.0,0,0,0,0,0,64.0,5760.0,0,0,0,83,eth:ethertype:ip:tcp,34.0,94.9,52.2,160.0,-51.0,84:F3:EB:12:34:56,,,,,0.0,Normal,0.0
1744305874922203,10.42.0.2,10.42.0.1,50076,1883,33,1,0,1,0,0,1,0,12,0,0,0,0,0.0,0,,0,1,,0,0,0,1,42,4,MQTT,4,0.0,0,0,0,0,0,64.0,5760.0,0,0,esp32_a0a3b3edac1c,66,eth:ethertype:ip:tcp:mqtt,34.0,94.9,52.2,160.0,-51.0,84:F3:EB:12:34:56,,,,,0.0,Normal,0.0
1744305874957448,10.42.0.2,10.42.0.1,50076,1883,45,5,0,1,0,0,1,0,3,0,0,0,0,0.0,0,,0,0,,0,0,0,0,0,0,0,0,0.0,0,0,0,0,0,64.0,5756.0,0,0,0,57,eth:ethertype:ip:tcp,34.0,94.9,52.2,160.0,-51.0,84:F3:EB:12:34:56,,,,,0.0,Normal,0.0
1744305874970020,10.42.0.2,10.42.0.1,50076,1883,48,5,0,1,1,0,1,0,185,0,0,0,0,0.0,0,,0,3,"Wakeup: 0, Mode: 0, Reset: 1, Temperature: 29.1, Uptime: 630134, Memory: 94.9, In_Temperature: 52.2°C, CPU: 160, RSSI: -49, MAC: 84:F3:EB:12:34:56, F_Storage: 99.2",test/temperatura,16,0,0,182,0,0,0,0.0,0,0,0,0,0,64.0,5756.0,0,0,0,239,eth:ethertype:ip:tcp:mqtt,29.1,94.9,52.2,160.0,-49.0,84:F3:EB:12:34:56,,,,,0.0,Normal,0.0
1744305874974899,10.42.0.2,10.42.0.1,50076,1883,234,6,0,1,0,0,0,0,0,0,0,0,0,0.0,0,,0,0,,0,0,0,0,0,0,0,0,0.0,0,0,0,0,0,64.0,5755.0,0,0,0,54,eth:ethertype:ip:tcp,29.1,94.9,52.2,160.0,-49.0,84:F3:EB:12:34:56,,,,,0.0,Normal,0.0
1744305904978159,10.42.0.2,10.42.0.1,50077,1883,0,0,1,0,0,0,0,0,0,0,0,0,0,0.0,0,,0,0,,0,0,0,0,0,0,0,0,0.0,0,0,0,0,0,64.0,5760.0,0,0,0,58,eth:ethertype:ip:tcp,29.1,94.9,52.2,160.0,-49.0,84:F3:EB:12:34:56,,,,,0.0,Normal,0.0
1744305904983487,10.42.0.2,10.42.0.1,50077,1883,1,1,0,1,0,0,0,0,0,0,0,0,0,0.0,0,,0,0,,0,0,0,0,0,0,0,0,0.0,0,0,0,0,0,64.0,5760.0,0,0,0,54,eth:ethertype:ip:tcp,29.1,94.9,52.2,160.0,-49.0,84:F3:EB:12:34:56,,,,,0.0,Normal,0.0
1744305904985605,10.42.0.2,10.42.0.1,50077,1883,1,1,0,1,0,0,1,0,3,0,0,0,0,0.0,0,,0,0,,0,0,0,0,0,0,0,0,0.0,0,0,0,0,0,64.0,5760.0,0,0,0,57,eth:ethertype:ip:tcp,29.1,94.9,52.2,160.0,-49.0,84:F3:EB:12:34:56,,,,,0.0,Normal,0.0
1744305904989245,10.42.0.2,10.42.0.1,50077,1883,4,1,0,1,0,0,1,0,31,0,0,0,0,0.0,0,,0,0,,0,0,0,0,0,0,0,0,0.0,0,0,0,0,0,64.0,5760.0,0,0,0,85,eth:ethertype:ip:tcp,29.1,94.9,52.2,160.0,-49.0,84:F3:EB:12:34:56,,,,,0.0,Normal,0.0
1744305904993899,10.42.0.2,10.42.0.1,50077,1883,35,1,0,1,0,0,1,0,10,0,0,0,0,0.0,0,,0,1,,0,0,0,1,42,4,MQTT,4,0.0,0,0,0,0,0,64.0,5760.0,0,0,esp32_a0a3b3edac1c,64,eth:ethertype:ip:tcp:mqtt,29.1,94.9,52.2,160.0,-49.0,84:F3:EB:12:34:56,,,,,0.0,Normal,0.0
1744305905029123,10.42.0.2,10.42.0.1,50077,1883,45,5,0,1,0,0,1,0,3,0,0,0,0,0.0,0,,0,0,,0,0,0,0,0,0,0,0,0.0,0,0,0,0,0,64.0,5756.0,0,0,0,57,eth:ethertype:ip:tcp,29.1,94.9,52.2,160.0,-49.0,84:F3:EB:12:34:56,,,,,0.0,Normal,0.0
1744305905039229,10.42.0.2,10.42.0.1,50077,1883,48,5,0,1,1,0,1,0,185,0,0,0,0,0.0,0,,0,3,"Wakeup: 0, Mode: 0, Reset: 1, Temperature: 27.7, Uptime: 630164, Memory: 94.9, In_Temperature: 52.8°C, CPU: 160, RSSI: -49, MAC: 84:F3:EB:12:34:56, F_Storage: 99.2",test/temperatura,16,0,0,182,0,0,0,0.0,0,0,0,0,0,64.0,5756.0,0,0,0,239,eth:ethertype:ip:tcp:mqtt,27.7,94.9,52.8,160.0,-49.0,84:F3:EB:12:34:56,,,,,0.0,Normal,0.0
1744305905043196,10.42.0.2,10.42.0.1,50077,1883,234,6,0,1,0,0,0,0,0,0,0,0,0,0.0,0,,0,0,,0,0,0,0,0,0,0,0,0.0,0,0,0,0,0,64.0,5755.0,0,0,0,54,eth:ethertype:ip:tcp,27.7,94.9,52.8,160.0,-49.0,84:F3:EB:12:34:56,,,,,0.0,Normal,0.0
1744305935048082,10.42.0.2,10.42.0.1,50078,1883,0,0,1,0,0,0,0,0,0,0,0,0,0,0.0,0,,0,0,,0,0,0,0,0,0,0,0,0.0,0,0,0,0,0,64.0,5760.0,0,0,0,58,eth:ethertype:ip:tcp,27.7,94.9,52.8,160.0,-49.0,84:F3:EB:12:34:56,,,,,0.0,Normal,0.0
1744305935051768,10.42.0.2,10.42.0.1,50078,1883,1,1,0,1,0,0,0,0,0,0,0,0,0,0.0,0,,0,0,,0,0,0,0,0,0,0,0,0.0,0,0,0,0,0,64.0,5760.0,0,0,0,54,eth:ethertype:ip:tcp,27.7,94.9,52.8,160.0,-49.0,84:F3:EB:12:34:56,,,,,0.0,Normal,0.0
1744305935054007,10.42.0.2,10.42.0.1,50078,1883,1,1,0,1,0,0,1,0,3,0,0,0,0,0.0,0,,0,0,,0,0,0,0,0,0,0,0,0.0,0,0,0,0,0,64.0,5760.0,0,0,0,57,eth:ethertype:ip:tcp,27.7,94.9,52.8,160.0,-49.0,84:F3:EB:12:34:56,,,,,0.0,Normal,0.0
1744305935057557,10.42.0.2,10.42.0.1,50078,1883,4,1,0,1,0,0,1,0,29,0,0,0,0,0.0,0,,0,0,,0,0,0,0,0,0,0,0,0.0,0,0,0,0,0,64.0,5760.0,0,0,0,83,eth:ethertype:ip:tcp,27.7,94.9,52.8,160.0,-49.0,84:F3:EB:12:34:56,,,,,0.0,Normal,0.0
1744305935060541,10.42.0.2,10.42.0.1,50078,1883,33,1,0,1,0,0,1,0,12,0,0,0,0,0.0,0,,0,1,,0,0,0,1,42,4,MQTT,4,0.0,0,0,0,0,0,64.0,5760.0,0,0,esp32_a0a3b3edac1c,66,eth:ethertype:ip:tcp:mqtt,27.7,94.9,52.8,160.0,-49.0,84:F3:EB:12:34:56,,,,,0.0,Normal,0.0
1744305935068309,10.42.0.2,10.42.0.1,50078,1883,45,5,0,1,0,0,0,0,0,0,0,0,0,0.0,0,,0,0,,0,0,0,0,0,0,0,0,0.0,0,0,0,0,0,64.0,5756.0,0,0,0,54,eth:ethertype:ip:tcp,27.7,94.9,52.8,160.0,-49.0,84:F3:EB:12:34:56,,,,,0.0,Normal,0.0
1744305935097607,10.42.0.2,10.42.0.1,50078,1883,45,5,0,1,0,0,1,0,3,0,0,0,0,0.0,0,,0,0,,0,0,0,0,0,0,0,0,0.0,0,0,0,0,0,64.0,5756.0,0,0,0,57,eth:ethertype:ip:tcp,27.7,94.9,52.8,160.0,-49.0,84:F3:EB:12:34:56,,,,,0.0,Normal,0.0
1744305935108623,10.42.0.2,10.42.0.1,50078,1883,48,5,0,1,1,0,1,0,185,0,0,0,0,0.0,0,,0,3,"Wakeup: 0, Mode: 0, Reset: 1, Temperature: 30.2, Uptime: 630194, Memory: 94.9, In_Temperature: 52.2°C, CPU: 160, RSSI: -50, MAC: 84:F3:EB:12:34:56, F_Storage: 99.2",test/temperatura,16,0,0,182,0,0,0,0.0,0,0,0,0,0,64.0,5756.0,0,0,0,239,eth:ethertype:ip:tcp:mqtt,30.2,94.9,52.2,160.0,-50.0,84:F3:EB:12:34:56,,,,,0.0,Normal,0.0
1744305935112268,10.42.0.2,10.42.0.1,50078,1883,234,6,0,1,0,0,0,0,0,0,0,0,0,0.0,0,,0,0,,0,0,0,0,0,0,0,0,0.0,0,0,0,0,0,64.0,5755.0,0,0,0,54,eth:ethertype:ip:tcp,30.2,94.9,52.2,160.0,-50.0,84:F3:EB:12:34:56,,,,,0.0,Normal,0.0
1744305965119034,10.42.0.2,10.42.0.1,50079,1883,0,0,1,0,0,0,0,0,0,0,0,0,0,0.0,0,,0,0,,0,0,0,0,0,0,0,0,0.0,0,0,0,0,0,64.0,5760.0,0,0,0,58,eth:ethertype:ip:tcp,30.2,94.9,52.2,160.0,-50.0,84:F3:EB:12:34:56,,,,,0.0,Normal,0.0
1744305965122890,10.42.0.2,10.42.0.1,50079,1883,1,1,0,1,0,0,0,0,0,0,0,0,0,0.0,0,,0,0,,0,0,0,0,0,0,0,0,0.0,0,0,0,0,0,64.0,5760.0,0,0,0,54,eth:ethertype:ip:tcp,30.2,94.9,52.2,160.0,-50.0,84:F3:EB:12:34:56,,,,,0.0,Normal,0.0
1744305965125131,10.42.0.2,10.42.0.1,50079,1883,1,1,0,1,0,0,1,0,3,0,0,0,0,0.0,0,,0,0,,0,0,0,0,0,0,0,0,0.0,0,0,0,0,0,64.0,5760.0,0,0,0,57,eth:ethertype:ip:tcp,30.2,94.9,52.2,160.0,-50.0,84:F3:EB:12:34:56,,,,,0.0,Normal,0.0
1744305965128485,10.42.0.2,10.42.0.1,50079,1883,4,1,0,1,0,0,1,0,29,0,0,0,0,0.0,0,,0,0,,0,0,0,0,0,0,0,0,0.0,0,0,0,0,0,64.0,5760.0,0,0,0,83,eth:ethertype:ip:tcp,30.2,94.9,52.2,160.0,-50.0,84:F3:EB:12:34:56,,,,,0.0,Normal,0.0
1744305965131616,10.42.0.2,10.42.0.1,50079,1883,33,1,0,1,0,0,1,0,12,0,0,0,0,0.0,0,,0,1,,0,0,0,1,42,4,MQTT,4,0.0,0,0,0,0,0,64.0,5760.0,0,0,esp32_a0a3b3edac1c,66,eth:ethertype:ip:tcp:mqtt,30.2,94.9,52.2,160.0,-50.0,84:F3:EB:12:34:56,,,,,0.0,Normal,0.0
1744305965167044,10.42.0.2,10.42.0.1,50079,1883,45,5,0,1,0,0,1,0,3,0,0,0,0,0.0,0,,0,0,,0,0,0,0,0,0,0,0,0.0,0,0,0,0,0,64.0,5756.0,0,0,0,57,eth:ethertype:ip:tcp,30.2,94.9,52.2,160.0,-50.0,84:F3:EB:12:34:56,,,,,0.0,Normal,0.0
1744305965178497,10.42.0.2,10.42.0.1,50079,1883,48,5,0,1,1,0,1,0,185,0,0,0,0,0.0,0,,0,3,"Wakeup: 0, Mode: 0, Reset: 1, Temperature: 30.2, Uptime: 630224, Memory: 94.9, In_Temperature: 52.2°C, CPU: 160, RSSI: -49, MAC: 84:F3:EB:12:34:56, F_Storage: 99.2",test/temperatura,16,0,0,182,0,0,0,0.0,0,0,0,0,0,64.0,5756.0,0,0,0,239,eth:ethertype:ip:tcp:mqtt,30.2,94.9,52.2,160.0,-49.0,84:F3:EB:12:34:56,,,,,0.0,Normal,0.0
1744305965182016,10.42.0.2,10.42.0.1,50079,1883,234,6,0,1,0,0,0,0,0,0,0,0,0,0.0,0,,0,0,,0,0,0,0,0,0,0,0,0.0,0,0,0,0,0,64.0,5755.0,0,0,0,54,eth:ethertype:ip:tcp,30.2,94.9,52.2,160.0,-49.0,84:F3:EB:12:34:56,,,,,0.0,Normal,0.0
1744305995187263,10.42.0.2,10.42.0.1,50080,1883,0,0,1,0,0,0,0,0,0,0,0,0,0,0.0,0,,0,0,,0,0,0,0,0,0,0,0,0.0,0,0,0,0,0,64.0,5760.0,0,0,0,58,eth:ethertype:ip:tcp,30.2,94.9,52.2,160.0,-49.0,84:F3:EB:12:34:56,,,,,0.0,Normal,0.0
1744305995191252,10.42.0.2,10.42.0.1,50080,1883,1,1,0,1,0,0,0,0,0,0,0,0,0,0.0,0,,0,0,,0,0,0,0,0,0,0,0,0.0,0,0,0,0,0,64.0,5760.0,0,0,0,54,eth:ethertype:ip:tcp,30.2,94.9,52.2,160.0,-49.0,84:F3:EB:12:34:56,,,,,0.0,Normal,0.0
1744305995193370,10.42.0.2,10.42.0.1,50080,1883,1,1,0,1,0,0,1,0,3,0,0,0,0,0.0,0,,0,0,,0,0,0,0,0,0,0,0,0.0,0,0,0,0,0,64.0,5760.0,0,0,0,57,eth:ethertype:ip:tcp,30.2,94.9,52.2,160.0,-49.0,84:F3:EB:12:34:56,,,,,0.0,Normal,0.0
1744305995216493,10.42.0.2,10.42.0.1,50080,1883,4,1,0,1,0,0,1,0,41,0,0,0,0,0.0,0,,0,1,,0,0,0,1,42,4,MQTT,4,0.0,0,0,0,0,0,64.0,5760.0,0,0,esp32_a0a3b3edac1c,95,eth:ethertype:ip:tcp:mqtt,30.2,94.9,52.2,160.0,-49.0,84:F3:EB:12:34:56,,,,,0.0,Normal,0.0
1744305995251590,10.42.0.2,10.42.0.1,50080,1883,45,5,0,1,0,0,1,0,3,0,0,0,0,0.0,0,,0,0,,0,0,0,0,0,0,0,0,0.0,0,0,0,0,0,64.0,5756.0,0,0,0,57,eth:ethertype:ip:tcp,30.2,94.9,52.2,160.0,-49.0,84:F3:EB:12:34:56,,,,,0.0,Normal,0.0
1744305995267641,10.42.0.2,10.42.0.1,50080,1883,48,5,0,1,1,0,1,0,185,0,0,0,0,0.0,0,,0,3,"Wakeup: 0, Mode: 0, Reset: 1, Temperature: 29.4, Uptime: 630254, Memory: 94.9, In_Temperature: 52.8°C, CPU: 160, RSSI: -50, MAC: 84:F3:EB:12:34:56, F_Storage: 99.2",test/temperatura,16,0,0,182,0,0,0,0.0,0,0,0,0,0,64.0,5756.0,0,0,0,239,eth:ethertype:ip:tcp:mqtt,29.4,94.9,52.8,160.0,-50.0,84:F3:EB:12:34:56,,,,,0.0,Normal,0.0
1744305995273351,10.42.0.2,10.42.0.1,50080,1883,234,6,0,1,0,0,0,0,0,0,0,0,0,0.0,0,,0,0,,0,0,0,0,0,0,0,0,0.0,0,0,0,0,0,64.0,5755.0,0,0,0,54,eth:ethertype:ip:tcp,29.4,94.9,52.8,160.0,-50.0,84:F3:EB:12:34:56,,,,,0.0,Normal,0.0
1744306025276424,10.42.0.2,10.42.0.1,50081,1883,0,0,1,0,0,0,0,0,0,0,0,0,0,0.0,0,,0,0,,0,0,0,0,0,0,0,0,0.0,0,0,0,0,0,64.0,5760.0,0,0,0,58,eth:ethertype:ip:tcp,29.4,94.9,52.8,160.0,-50.0,84:F3:EB:12:34:56,,,,,0.0,Normal,0.0
1744306025280370,10.42.0.2,10.42.0.1,50081,1883,1,1,0,1,0,0,0,0,0,0,0,0,0,0.0,0,,0,0,,0,0,0,0,0,0,0,0,0.0,0,0,0,0,0,64.0,5760.0,0,0,0,54,eth:ethertype:ip:tcp,29.4,94.9,52.8,160.0,-50.0,84:F3:EB:12:34:56,,,,,0.0,Normal,0.0
1744306025286920,10.42.0.2,10.42.0.1,50081,1883,1,1,0,1,0,0,1,0,3,0,0,0,0,0.0,0,,0,0,,0,0,0,0,0,0,0,0,0.0,0,0,0,0,0,64.0,5760.0,0,0,0,57,eth:ethertype:ip:tcp,29.4,94.9,52.8,160.0,-50.0,84:F3:EB:12:34:56,,,,,0.0,Normal,0.0
1744306025289669,10.42.0.2,10.42.0.1,50081,1883,4,1,0,1,0,0,1,0,41,0,0,0,0,0.0,0,,0,1,,0,0,0,1,42,4,MQTT,4,0.0,0,0,0,0,0,64.0,5760.0,0,0,esp32_a0a3b3edac1c,95,eth:ethertype:ip:tcp:mqtt,29.4,94.9,52.8,160.0,-50.0,84:F3:EB:12:34:56,,,,,0.0,Normal,0.0
1744306025317600,10.42.0.2,10.42.0.1,50081,1883,45,5,0,1,0,0,0,0,0,0,0,0,0,0.0,0,,0,0,,0,0,0,0,0,0,0,0,0.0,0,0,0,0,0,64.0,5756.0,0,0,0,54,eth:ethertype:ip:tcp,29.4,94.9,52.8,160.0,-50.0,84:F3:EB:12:34:56,,,,,0.0,Normal,0.0
1744306025326719,10.42.0.2,10.42.0.1,50081,1883,45,5,0,1,0,0,1,0,3,0,0,0,0,0.0,0,,0,0,,0,0,0,0,0,0,0,0,0.0,0,0,0,0,0,64.0,5756.0,0,0,0,57,eth:ethertype:ip:tcp,29.4,94.9,52.8,160.0,-50.0,84:F3:EB:12:34:56,,,,,0.0,Normal,0.0
1744306025337338,10.42.0.2,10.42.0.1,50081,1883,48,5,0,1,1,0,1,0,185,0,0,0,0,0.0,0,,0,3,"Wakeup: 0, Mode: 0, Reset: 1, Temperature: 28.7, Uptime: 630284, Memory: 94.9, In_Temperature: 52.2°C, CPU: 160, RSSI: -49, MAC: 84:F3:EB:12:34:56, F_Storage: 99.2",test/temperatura,16,0,0,182,0,0,0,0.0,0,0,0,0,0,64.0,5756.0,0,0,0,239,eth:ethertype:ip:tcp:mqtt,28.7,94.9,52.2,160.0,-49.0,84:F3:EB:12:34:56,,,,,0.0,Normal,0.0
1744306025341599,10.42.0.2,10.42.0.1,50081,1883,234,6,0,1,0,0,0,0,0,0,0,0,0,0.0,0,,0,0,,0,0,0,0,0,0,0,0,0.0,0,0,0,0,0,64.0,5755.0,0,0,0,54,eth:ethertype:ip:tcp,28.7,94.9,52.2,160.0,-49.0,84:F3:EB:12:34:56,,,,,0.0,Normal,0.0
1744306055354074,10.42.0.2,10.42.0.1,50082,1883,0,0,1,0,0,0,0,0,0,0,0,0,0,0.0,0,,0,0,,0,0,0,0,0,0,0,0,0.0,0,0,0,0,0,64.0,5760.0,0,0,0,58,eth:ethertype:ip:tcp,28.7,94.9,52.2,160.0,-49.0,84:F3:EB:12:34:56,,,,,0.0,Normal,0.0
1744306055358052,10.42.0.2,10.42.0.1,50082,1883,1,1,0,1,0,0,0,0,0,0,0,0,0,0.0,0,,0,0,,0,0,0,0,0,0,0,0,0.0,0,0,0,0,0,64.0,5760.0,0,0,0,54,eth:ethertype:ip:tcp,28.7,94.9,52.2,160.0,-49.0,84:F3:EB:12:34:56,,,,,0.0,Normal,0.0
1744306055360192,10.42.0.2,10.42.0.1,50082,1883,1,1,0,1,0,0,1,0,3,0,0,0,0,0.0,0,,0,0,,0,0,0,0,0,0,0,0,0.0,0,0,0,0,0,64.0,5760.0,0,0,0,57,eth:ethertype:ip:tcp,28.7,94.9,52.2,160.0,-49.0,84:F3:EB:12:34:56,,,,,0.0,Normal,0.0
1744306055363655,10.42.0.2,10.42.0.1,50082,1883,4,1,0,1,0,0,1,0,29,0,0,0,0,0.0,0,,0,0,,0,0,0,0,0,0,0,0,0.0,0,0,0,0,0,64.0,5760.0,0,0,0,83,eth:ethertype:ip:tcp,28.7,94.9,52.2,160.0,-49.0,84:F3:EB:12:34:56,,,,,0.0,Normal,0.0
1744306055366687,10.42.0.2,10.42.0.1,50082,1883,33,1,0,1,0,0,1,0,12,0,0,0,0,0.0,0,,0,1,,0,0,0,1,42,4,MQTT,4,0.0,0,0,0,0,0,64.0,5760.0,0,0,esp32_a0a3b3edac1c,66,eth:ethertype:ip:tcp:mqtt,28.7,94.9,52.2,160.0,-49.0,84:F3:EB:12:34:56,,,,,0.0,Normal,0.0
1744306055411125,10.42.0.2,10.42.0.1,50082,1883,45,5,0,1,0,0,1,0,3,0,0,0,0,0.0,0,,0,0,,0,0,0,0,0,0,0,0,0.0,0,0,0,0,0,64.0,5756.0,0,0,0,57,eth:ethertype:ip:tcp,28.7,94.9,52.2,160.0,-49.0,84:F3:EB:12:34:56,,,,,0.0,Normal,0.0
1744306055416735,10.42.0.2,10.42.0.1,50082,1883,48,5,0,1,1,0,1,0,185,0,0,0,0,0.0,0,,0,3,"Wakeup: 0, Mode: 0, Reset: 1, Temperature: 32.9, Uptime: 630314, Memory: 94.9, In_Temperature: 52.2°C, CPU: 160, RSSI: -49, MAC: 84:F3:EB:12:34:56, F_Storage: 99.2",test/temperatura,16,0,0,182,0,0,0,0.0,0,0,0,0,0,64.0,5756.0,0,0,0,239,eth:ethertype:ip:tcp:mqtt,32.9,94.9,52.2,160.0,-49.0,84:F3:EB:12:34:56,,,,,0.0,Normal,0.0
1744306055420773,10.42.0.2,10.42.0.1,50082,1883,234,6,0,1,0,0,0,0,0,0,0,0,0,0.0,0,,0,0,,0,0,0,0,0,0,0,0,0.0,0,0,0,0,0,64.0,5755.0,0,0,0,54,eth:ethertype:ip:tcp,32.9,94.9,52.2,160.0,-49.0,84:F3:EB:12:34:56,,,,,0.0,Normal,0.0
1744306085425227,10.42.0.2,10.42.0.1,50083,1883,0,0,1,0,0,0,0,0,0,0,0,0,0,0.0,0,,0,0,,0,0,0,0,0,0,0,0,0.0,0,0,0,0,0,64.0,5760.0,0,0,0,58,eth:ethertype:ip:tcp,32.9,94.9,52.2,160.0,-49.0,84:F3:EB:12:34:56,,,,,0.0,Normal,0.0
1744306085431734,10.42.0.2,10.42.0.1,50083,1883,1,1,0,1,0,0,0,0,0,0,0,0,0,0.0,0,,0,0,,0,0,0,0,0,0,0,0,0.0,0,0,0,0,0,64.0,5760.0,0,0,0,54,eth:ethertype:ip:tcp,32.9,94.9,52.2,160.0,-49.0,84:F3:EB:12:34:56,,,,,0.0,Normal,0.0
1744306085432364,10.42.0.2,10.42.0.1,50083,1883,1,1,0,1,0,0,1,0,3,0,0,0,0,0.0,0,,0,0,,0,0,0,0,0,0,0,0,0.0,0,0,0,0,0,64.0,5760.0,0,0,0,57,eth:ethertype:ip:tcp,32.9,94.9,52.2,160.0,-49.0,84:F3:EB:12:34:56,,,,,0.0,Normal,0.0
1744306085435469,10.42.0.2,10.42.0.1,50083,1883,4,1,0,1,0,0,1,0,41,0,0,0,0,0.0,0,,0,1,,0,0,0,1,42,4,MQTT,4,0.0,0,0,0,0,0,64.0,5760.0,0,0,esp32_a0a3b3edac1c,95,eth:ethertype:ip:tcp:mqtt,32.9,94.9,52.2,160.0,-49.0,84:F3:EB:12:34:56,,,,,0.0,Normal,0.0
1744306085470941,10.42.0.2,10.42.0.1,50083,1883,45,5,0,1,0,0,1,0,3,0,0,0,0,0.0,0,,0,0,,0,0,0,0,0,0,0,0,0.0,0,0,0,0,0,64.0,5756.0,0,0,0,57,eth:ethertype:ip:tcp,32.9,94.9,52.2,160.0,-49.0,84:F3:EB:12:34:56,,,,,0.0,Normal,0.0
1744306085485400,10.42.0.2,10.42.0.1,50083,1883,48,5,0,1,1,0,1,0,185,0,0,0,0,0.0,0,,0,3,"Wakeup: 0, Mode: 0, Reset: 1, Temperature: 39.2, Uptime: 630344, Memory: 94.9, In_Temperature: 52.8°C, CPU: 160, RSSI: -49, MAC: 84:F3:EB:12:34:56, F_Storage: 99.2",test/temperatura,16,0,0,182,0,0,0,0.0,0,0,0,0,0,64.0,5756.0,0,0,0,239,eth:ethertype:ip:tcp:mqtt,39.2,94.9,52.8,160.0,-49.0,84:F3:EB:12:34:56,,,,,0.0,Normal,0.0
1744306085488767,10.42.0.2,10.42.0.1,50083,1883,234,6,0,1,0,0,0,0,0,0,0,0,0,0.0,0,,0,0,,0,0,0,0,0,0,0,0,0.0,0,0,0,0,0,64.0,5755.0,0,0,0,54,eth:ethertype:ip:tcp,39.2,94.9,52.8,160.0,-49.0,84:F3:EB:12:34:56,,,,,0.0,Normal,0.0
1744306115493577,10.42.0.2,10.42.0.1,50084,1883,0,0,1,0,0,0,0,0,0,0,0,0,0,0.0,0,,0,0,,0,0,0,0,0,0,0,0,0.0,0,0,0,0,0,64.0,5760.0,0,0,0,58,eth:ethertype:ip:tcp,39.2,94.9,52.8,160.0,-49.0,84:F3:EB:12:34:56,,,,,0.0,Normal,0.0
1744306115497194,10.42.0.2,10.42.0.1,50084,1883,1,1,0,1,0,0,0,0,0,0,0,0,0,0.0,0,,0,0,,0,0,0,0,0,0,0,0,0.0,0,0,0,0,0,64.0,5760.0,0,0,0,54,eth:ethertype:ip:tcp,39.2,94.9,52.8,160.0,-49.0,84:F3:EB:12:34:56,,,,,0.0,Normal,0.0
1744306115499545,10.42.0.2,10.42.0.1,50084,1883,1,1,0,1,0,0,1,0,3,0,0,0,0,0.0,0,,0,0,,0,0,0,0,0,0,0,0,0.0,0,0,0,0,0,64.0,5760.0,0,0,0,57,eth:ethertype:ip:tcp,39.2,94.9,52.8,160.0,-49.0,84:F3:EB:12:34:56,,,,,0.0,Normal,0.0
1744306115503089,10.42.0.2,10.42.0.1,50084,1883,4,1,0,1,0,0,1,0,29,0,0,0,0,0.0,0,,0,0,,0,0,0,0,0,0,0,0,0.0,0,0,0,0,0,64.0,5760.0,0,0,0,83,eth:ethertype:ip:tcp,39.2,94.9,52.8,160.0,-49.0,84:F3:EB:12:34:56,,,,,0.0,Normal,0.0
1744306115507206,10.42.0.2,10.42.0.1,50084,1883,33,1,0,1,0,0,1,0,12,0,0,0,0,0.0,0,,0,1,,0,0,0,1,42,4,MQTT,4,0.0,0,0,0,0,0,64.0,5760.0,0,0,esp32_a0a3b3edac1c,66,eth:ethertype:ip:tcp:mqtt,39.2,94.9,52.8,160.0,-49.0,84:F3:EB:12:34:56,,,,,0.0,Normal,0.0
1744306115544914,10.42.0.2,10.42.0.1,50084,1883,45,5,0,1,0,0,1,0,3,0,0,0,0,0.0,0,,0,0,,0,0,0,0,0,0,0,0,0.0,0,0,0,0,0,64.0,5756.0,0,0,0,57,eth:ethertype:ip:tcp,39.2,94.9,52.8,160.0,-49.0,84:F3:EB:12:34:56,,,,,0.0,Normal,0.0
1744306115573020,10.42.0.2,10.42.0.1,50084,1883,48,5,0,1,1,0,1,0,185,0,0,0,0,0.0,0,,0,3,"Wakeup: 0, Mode: 0, Reset: 1, Temperature: 30.0, Uptime: 630374, Memory: 94.9, In_Temperature: 52.2°C, CPU: 160, RSSI: -49, MAC: 84:F3:EB:12:34:56, F_Storage: 99.2",test/temperatura,16,0,0,182,0,0,0,0.0,0,0,0,0,0,64.0,5756.0,0,0,0,239,eth:ethertype:ip:tcp:mqtt,30.0,94.9,52.2,160.0,-49.0,84:F3:EB:12:34:56,,,,,0.0,Normal,0.0
1744306115579235,10.42.0.2,10.42.0.1,50084,1883,234,6,0,1,0,0,0,0,0,0,0,0,0,0.0,0,,0,0,,0,0,0,0,0,0,0,0,0.0,0,0,0,0,0,64.0,5755.0,0,0,0,54,eth:ethertype:ip:tcp,30.0,94.9,52.2,160.0,-49.0,84:F3:EB:12:34:56,,,,,0.0,Normal,0.0
1744306145563801,10.42.0.2,10.42.0.1,50085,1883,0,0,1,0,0,0,0,0,0,0,0,0,0,0.0,0,,0,0,,0,0,0,0,0,0,0,0,0.0,0,0,0,0,0,64.0,5760.0,0,0,0,58,eth:ethertype:ip:tcp,30.0,94.9,52.2,160.0,-49.0,84:F3:EB:12:34:56,,,,,0.0,Normal,0.0
1744306145568334,10.42.0.2,10.42.0.1,50085,1883,1,1,0,1,0,0,0,0,0,0,0,0,0,0.0,0,,0,0,,0,0,0,0,0,0,0,0,0.0,0,0,0,0,0,64.0,5760.0,0,0,0,54,eth:ethertype:ip:tcp,30.0,94.9,52.2,160.0,-49.0,84:F3:EB:12:34:56,,,,,0.0,Normal,0.0
1744306145570283,10.42.0.2,10.42.0.1,50085,1883,1,1,0,1,0,0,1,0,3,0,0,0,0,0.0,0,,0,0,,0,0,0,0,0,0,0,0,0.0,0,0,0,0,0,64.0,5760.0,0,0,0,57,eth:ethertype:ip:tcp,30.0,94.9,52.2,160.0,-49.0,84:F3:EB:12:34:56,,,,,0.0,Normal,0.0
1744306145573643,10.42.0.2,10.42.0.1,50085,1883,4,1,0,1,0,0,1,0,29,0,0,0,0,0.0,0,,0,0,,0,0,0,0,0,0,0,0,0.0,0,0,0,0,0,64.0,5760.0,0,0,0,83,eth:ethertype:ip:tcp,30.0,94.9,52.2,160.0,-49.0,84:F3:EB:12:34:56,,,,,0.0,Normal,0.0
1744306145577140,10.42.0.2,10.42.0.1,50085,1883,33,1,0,1,0,0,1,0,12,0,0,0,0,0.0,0,,0,1,,0,0,0,1,42,4,MQTT,4,0.0,0,0,0,0,0,64.0,5760.0,0,0,esp32_a0a3b3edac1c,66,eth:ethertype:ip:tcp:mqtt,30.0,94.9,52.2,160.0,-49.0,84:F3:EB:12:34:56,,,,,0.0,Normal,0.0
1744306145612455,10.42.0.2,10.42.0.1,50085,1883,45,5,0,1,0,0,1,0,3,0,0,0,0,0.0,0,,0,0,,0,0,0,0,0,0,0,0,0.0,0,0,0,0,0,64.0,5756.0,0,0,0,57,eth:ethertype:ip:tcp,30.0,94.9,52.2,160.0,-49.0,84:F3:EB:12:34:56,,,,,0.0,Normal,0.0
1744306145624812,10.42.0.2,10.42.0.1,50085,1883,48,5,0,1,1,0,1,0,185,0,0,0,0,0.0,0,,0,3,"Wakeup: 0, Mode: 0, Reset: 1, Temperature: 34.3, Uptime: 630405, Memory: 94.9, In_Temperature: 52.2°C, CPU: 160, RSSI: -50, MAC: 84:F3:EB:12:34:56, F_Storage: 99.2",test/temperatura,16,0,0,182,0,0,0,0.0,0,0,0,0,0,64.0,5756.0,0,0,0,239,eth:ethertype:ip:tcp:mqtt,34.3,94.9,52.2,160.0,-50.0,84:F3:EB:12:34:56,,,,,0.0,Normal,0.0
1744306145628288,10.42.0.2,10.42.0.1,50085,1883,234,6,0,1,0,0,0,0,0,0,0,0,0,0.0,0,,0,0,,0,0,0,0,0,0,0,0,0.0,0,0,0,0,0,64.0,5755.0,0,0,0,54,eth:ethertype:ip:tcp,34.3,94.9,52.2,160.0,-50.0,84:F3:EB:12:34:56,,,,,0.0,Normal,0.0
1744306175633256,10.42.0.2,10.42.0.1,50086,1883,0,0,1,0,0,0,0,0,0,0,0,0,0,0.0,0,,0,0,,0,0,0,0,0,0,0,0,0.0,0,0,0,0,0,64.0,5760.0,0,0,0,58,eth:ethertype:ip:tcp,34.3,94.9,52.2,160.0,-50.0,84:F3:EB:12:34:56,,,,,0.0,Normal,0.0
1744306175639522,10.42.0.2,10.42.0.1,50086,1883,1,1,0,1,0,0,0,0,0,0,0,0,0,0.0,0,,0,0,,0,0,0,0,0,0,0,0,0.0,0,0,0,0,0,64.0,5760.0,0,0,0,54,eth:ethertype:ip:tcp,34.3,94.9,52.2,160.0,-50.0,84:F3:EB:12:34:56,,,,,0.0,Normal,0.0
1744306175640547,10.42.0.2,10.42.0.1,50086,1883,1,1,0,1,0,0,1,0,3,0,0,0,0,0.0,0,,0,0,,0,0,0,0,0,0,0,0,0.0,0,0,0,0,0,64.0,5760.0,0,0,0,57,eth:ethertype:ip:tcp,34.3,94.9,52.2,160.0,-50.0,84:F3:EB:12:34:56,,,,,0.0,Normal,0.0
1744306175643781,10.42.0.2,10.42.0.1,50086,1883,4,1,0,1,0,0,1,0,41,0,0,0,0,0.0,0,,0,1,,0,0,0,1,42,4,MQTT,4,0.0,0,0,0,0,0,64.0,5760.0,0,0,esp32_a0a3b3edac1c,95,eth:ethertype:ip:tcp:mqtt,34.3,94.9,52.2,160.0,-50.0,84:F3:EB:12:34:56,,,,,0.0,Normal,0.0
1744306175679054,10.42.0.2,10.42.0.1,50086,1883,45,5,0,1,0,0,1,0,3,0,0,0,0,0.0,0,,0,0,,0,0,0,0,0,0,0,0,0.0,0,0,0,0,0,64.0,5756.0,0,0,0,57,eth:ethertype:ip:tcp,34.3,94.9,52.2,160.0,-50.0,84:F3:EB:12:34:56,,,,,0.0,Normal,0.0
1744306175693843,10.42.0.2,10.42.0.1,50086,1883,48,5,0,1,1,0,1,0,185,0,0,0,0,0.0,0,,0,3,"Wakeup: 0, Mode: 0, Reset: 1, Temperature: 39.6, Uptime: 630435, Memory: 94.9, In_Temperature: 52.2°C, CPU: 160, RSSI: -49, MAC: 84:F3:EB:12:34:56, F_Storage: 99.2",test/temperatura,16,0,0,182,0,0,0,0.0,0,0,0,0,0,64.0,5756.0,0,0,0,239,eth:ethertype:ip:tcp:mqtt,39.6,94.9,52.2,160.0,-49.0,84:F3:EB:12:34:56,,,,,0.0,Normal,0.0
1744306175697306,10.42.0.2,10.42.0.1,50086,1883,234,6,0,1,0,0,0,0,0,0,0,0,0,0.0,0,,0,0,,0,0,0,0,0,0,0,0,0.0,0,0,0,0,0,64.0,5755.0,0,0,0,54,eth:ethertype:ip:tcp,39.6,94.9,52.2,160.0,-49.0,84:F3:EB:12:34:56,,,,,0.0,Normal,0.0
1744306205702536,10.42.0.2,10.42.0.1,50087,1883,0,0,1,0,0,0,0,0,0,0,0,0,0,0.0,0,,0,0,,0,0,0,0,0,0,0,0,0.0,0,0,0,0,0,64.0,5760.0,0,0,0,58,eth:ethertype:ip:tcp,39.6,94.9,52.2,160.0,-49.0,84:F3:EB:12:34:56,,,,,0.0,Normal,0.0
1744306205706752,10.42.0.2,10.42.0.1,50087,1883,1,1,0,1,0,0,0,0,0,0,0,0,0,0.0,0,,0,0,,0,0,0,0,0,0,0,0,0.0,0,0,0,0,0,64.0,5760.0,0,0,0,54,eth:ethertype:ip:tcp,39.6,94.9,52.2,160.0,-49.0,84:F3:EB:12:34:56,,,,,0.0,Normal,0.0
1744306205708863,10.42.0.2,10.42.0.1,50087,1883,1,1,0,1,0,0,1,0,3,0,0,0,0,0.0,0,,0,0,,0,0,0,0,0,0,0,0,0.0,0,0,0,0,0,64.0,5760.0,0,0,0,57,eth:ethertype:ip:tcp,39.6,94.9,52.2,160.0,-49.0,84:F3:EB:12:34:56,,,,,0.0,Normal,0.0
1744306205712230,10.42.0.2,10.42.0.1,50087,1883,4,1,0,1,0,0,1,0,29,0,0,0,0,0.0,0,,0,0,,0,0,0,0,0,0,0,0,0.0,0,0,0,0,0,64.0,5760.0,0,0,0,83,eth:ethertype:ip:tcp,39.6,94.9,52.2,160.0,-49.0,84:F3:EB:12:34:56,,,,,0.0,Normal,0.0
1744306205715268,10.42.0.2,10.42.0.1,50087,1883,33,1,0,1,0,0,1,0,12,0,0,0,0,0.0,0,,0,1,,0,0,0,1,42,4,MQTT,4,0.0,0,0,0,0,0,64.0,5760.0,0,0,esp32_a0a3b3edac1c,66,eth:ethertype:ip:tcp:mqtt,39.6,94.9,52.2,160.0,-49.0,84:F3:EB:12:34:56,,,,,0.0,Normal,0.0
1744306205751341,10.42.0.2,10.42.0.1,50087,1883,45,5,0,1,0,0,1,0,3,0,0,0,0,0.0,0,,0,0,,0,0,0,0,0,0,0,0,0.0,0,0,0,0,0,64.0,5756.0,0,0,0,57,eth:ethertype:ip:tcp,39.6,94.9,52.2,160.0,-49.0,84:F3:EB:12:34:56,,,,,0.0,Normal,0.0
1744306205762763,10.42.0.2,10.42.0.1,50087,1883,48,5,0,1,1,0,1,0,185,0,0,0,0,0.0,0,,0,3,"Wakeup: 0, Mode: 0, Reset: 1, Temperature: 29.8, Uptime: 630465, Memory: 94.9, In_Temperature: 52.2°C, CPU: 160, RSSI: -48, MAC: 84:F3:EB:12:34:56, F_Storage: 99.2",test/temperatura,16,0,0,182,0,0,0,0.0,0,0,0,0,0,64.0,5756.0,0,0,0,239,eth:ethertype:ip:tcp:mqtt,29.8,94.9,52.2,160.0,-48.0,84:F3:EB:12:34:56,,,,,0.0,Normal,0.0
1744306205766442,10.42.0.2,10.42.0.1,50087,1883,234,6,0,1,0,0,0,0,0,0,0,0,0,0.0,0,,0,0,,0,0,0,0,0,0,0,0,0.0,0,0,0,0,0,64.0,5755.0,0,0,0,54,eth:ethertype:ip:tcp,29.8,94.9,52.2,160.0,-48.0,84:F3:EB:12:34:56,,,,,0.0,Normal,0.0
1744306235771740,10.42.0.2,10.42.0.1,50088,1883,0,0,1,0,0,0,0,0,0,0,0,0,0,0.0,0,,0,0,,0,0,0,0,0,0,0,0,0.0,0,0,0,0,0,64.0,5760.0,0,0,0,58,eth:ethertype:ip:tcp,29.8,94.9,52.2,160.0,-48.0,84:F3:EB:12:34:56,,,,,0.0,Normal,0.0
1744306235775745,10.42.0.2,10.42.0.1,50088,1883,1,1,0,1,0,0,0,0,0,0,0,0,0,0.0,0,,0,0,,0,0,0,0,0,0,0,0,0.0,0,0,0,0,0,64.0,5760.0,0,0,0,54,eth:ethertype:ip:tcp,29.8,94.9,52.2,160.0,-48.0,84:F3:EB:12:34:56,,,,,0.0,Normal,0.0
1744306235777985,10.42.0.2,10.42.0.1,50088,1883,1,1,0,1,0,0,1,0,3,0,0,0,0,0.0,0,,0,0,,0,0,0,0,0,0,0,0,0.0,0,0,0,0,0,64.0,5760.0,0,0,0,57,eth:ethertype:ip:tcp,29.8,94.9,52.2,160.0,-48.0,84:F3:EB:12:34:56,,,,,0.0,Normal,0.0
1744306235781581,10.42.0.2,10.42.0.1,50088,1883,4,1,0,1,0,0,1,0,29,0,0,0,0,0.0,0,,0,0,,0,0,0,0,0,0,0,0,0.0,0,0,0,0,0,64.0,5760.0,0,0,0,83,eth:ethertype:ip:tcp,29.8,94.9,52.2,160.0,-48.0,84:F3:EB:12:34:56,,,,,0.0,Normal,0.0
1744306235784650,10.42.0.2,10.42.0.1,50088,1883,33,1,0,1,0,0,1,0,12,0,0,0,0,0.0,0,,0,1,,0,0,0,1,42,4,MQTT,4,0.0,0,0,0,0,0,64.0,5760.0,0,0,esp32_a0a3b3edac1c,66,eth:ethertype:ip:tcp:mqtt,29.8,94.9,52.2,160.0,-48.0,84:F3:EB:12:34:56,,,,,0.0,Normal,0.0
1744306235813194,10.42.0.2,10.42.0.1,50088,1883,45,5,0,1,0,0,0,0,0,0,0,0,0,0.0,0,,0,0,,0,0,0,0,0,0,0,0,0.0,0,0,0,0,0,64.0,5756.0,0,0,0,54,eth:ethertype:ip:tcp,29.8,94.9,52.2,160.0,-48.0,84:F3:EB:12:34:56,,,,,0.0,Normal,0.0
1744306235821280,10.42.0.2,10.42.0.1,50088,1883,45,5,0,1,0,0,1,0,3,0,0,0,0,0.0,0,,0,0,,0,0,0,0,0,0,0,0,0.0,0,0,0,0,0,64.0,5756.0,0,0,0,57,eth:ethertype:ip:tcp,29.8,94.9,52.2,160.0,-48.0,84:F3:EB:12:34:56,,,,,0.0,Normal,0.0
1744306235833247,10.42.0.2,10.42.0.1,50088,1883,48,5,0,1,1,0,1,0,185,0,0,0,0,0.0,0,,0,3,"Wakeup: 0, Mode: 0, Reset: 1, Temperature: 25.9, Uptime: 630495, Memory: 94.9, In_Temperature: 52.8°C, CPU: 160, RSSI: -50, MAC: 84:F3:EB:12:34:56, F_Storage: 99.2",test/temperatura,16,0,0,182,0,0,0,0.0,0,0,0,0,0,64.0,5756.0,0,0,0,239,eth:ethertype:ip:tcp:mqtt,25.9,94.9,52.8,160.0,-50.0,84:F3:EB:12:34:56,,,,,0.0,Normal,0.0
1744306235838061,10.42.0.2,10.42.0.1,50088,1883,234,6,0,1,0,0,0,0,0,0,0,0,0,0.0,0,,0,0,,0,0,0,0,0,0,0,0,0.0,0,0,0,0,0,64.0,5755.0,0,0,0,54,eth:ethertype:ip:tcp,25.9,94.9,52.8,160.0,-50.0,84:F3:EB:12:34:56,,,,,0.0,Normal,0.0
1744306265842024,10.42.0.2,10.42.0.1,50089,1883,0,0,1,0,0,0,0,0,0,0,0,0,0,0.0,0,,0,0,,0,0,0,0,0,0,0,0,0.0,0,0,0,0,0,64.0,5760.0,0,0,0,58,eth:ethertype:ip:tcp,25.9,94.9,52.8,160.0,-50.0,84:F3:EB:12:34:56,,,,,0.0,Normal,0.0
1744306265845928,10.42.0.2,10.42.0.1,50089,1883,1,1,0,1,0,0,0,0,0,0,0,0,0,0.0,0,,0,0,,0,0,0,0,0,0,0,0,0.0,0,0,0,0,0,64.0,5760.0,0,0,0,54,eth:ethertype:ip:tcp,25.9,94.9,52.8,160.0,-50.0,84:F3:EB:12:34:56,,,,,0.0,Normal,0.0
1744306265848169,10.42.0.2,10.42.0.1,50089,1883,1,1,0,1,0,0,1,0,3,0,0,0,0,0.0,0,,0,0,,0,0,0,0,0,0,0,0,0.0,0,0,0,0,0,64.0,5760.0,0,0,0,57,eth:ethertype:ip:tcp,25.9,94.9,52.8,160.0,-50.0,84:F3:EB:12:34:56,,,,,0.0,Normal,0.0
1744306265851488,10.42.0.2,10.42.0.1,50089,1883,4,1,0,1,0,0,1,0,29,0,0,0,0,0.0,0,,0,0,,0,0,0,0,0,0,0,0,0.0,0,0,0,0,0,64.0,5760.0,0,0,0,83,eth:ethertype:ip:tcp,25.9,94.9,52.8,160.0,-50.0,84:F3:EB:12:34:56,,,,,0.0,Normal,0.0
1744306265854760,10.42.0.2,10.42.0.1,50089,1883,33,1,0,1,0,0,1,0,12,0,0,0,0,0.0,0,,0,1,,0,0,0,1,42,4,MQTT,4,0.0,0,0,0,0,0,64.0,5760.0,0,0,esp32_a0a3b3edac1c,66,eth:ethertype:ip:tcp:mqtt,25.9,94.9,52.8,160.0,-50.0,84:F3:EB:12:34:56,,,,,0.0,Normal,0.0
1744306265890163,10.42.0.2,10.42.0.1,50089,1883,45,5,0,1,0,0,1,0,3,0,0,0,0,0.0,0,,0,0,,0,0,0,0,0,0,0,0,0.0,0,0,0,0,0,64.0,5756.0,0,0,0,57,eth:ethertype:ip:tcp,25.9,94.9,52.8,160.0,-50.0,84:F3:EB:12:34:56,,,,,0.0,Normal,0.0
1744306265901476,10.42.0.2,10.42.0.1,50089,1883,48,5,0,1,1,0,1,0,185,0,0,0,0,0.0,0,,0,3,"Wakeup: 0, Mode: 0, Reset: 1, Temperature: 39.9, Uptime: 630525, Memory: 94.9, In_Temperature: 52.2°C, CPU: 160, RSSI: -49, MAC: 84:F3:EB:12:34:56, F_Storage: 99.2",test/temperatura,16,0,0,182,0,0,0,0.0,0,0,0,0,0,64.0,5756.0,0,0,0,239,eth:ethertype:ip:tcp:mqtt,39.9,94.9,52.2,160.0,-49.0,84:F3:EB:12:34:56,,,,,0.0,Normal,0.0
1744306265904888,10.42.0.2,10.42.0.1,50089,1883,234,6,0,1,0,0,0,0,0,0,0,0,0,0.0,0,,0,0,,0,0,0,0,0,0,0,0,0.0,0,0,0,0,0,64.0,5755.0,0,0,0,54,eth:ethertype:ip:tcp,39.9,94.9,52.2,160.0,-49.0,84:F3:EB:12:34:56,,,,,0.0,Normal,0.0
1744306295911791,10.42.0.2,10.42.0.1,50090,1883,0,0,1,0,0,0,0,0,0,0,0,0,0,0.0,0,,0,0,,0,0,0,0,0,0,0,0,0.0,0,0,0,0,0,64.0,5760.0,0,0,0,58,eth:ethertype:ip:tcp,39.9,94.9,52.2,160.0,-49.0,84:F3:EB:12:34:56,,,,,0.0,Normal,0.0
1744306295915691,10.42.0.2,10.42.0.1,50090,1883,1,1,0,1,0,0,0,0,0,0,0,0,0,0.0,0,,0,0,,0,0,0,0,0,0,0,0,0.0,0,0,0,0,0,64.0,5760.0,0,0,0,54,eth:ethertype:ip:tcp,39.9,94.9,52.2,160.0,-49.0,84:F3:EB:12:34:56,,,,,0.0,Normal,0.0
1744306295917955,10.42.0.2,10.42.0.1,50090,1883,1,1,0,1,0,0,1,0,3,0,0,0,0,0.0,0,,0,0,,0,0,0,0,0,0,0,0,0.0,0,0,0,0,0,64.0,5760.0,0,0,0,57,eth:ethertype:ip:tcp,39.9,94.9,52.2,160.0,-49.0,84:F3:EB:12:34:56,,,,,0.0,Normal,0.0
1744306295921530,10.42.0.2,10.42.0.1,50090,1883,4,1,0,1,0,0,1,0,29,0,0,0,0,0.0,0,,0,0,,0,0,0,0,0,0,0,0,0.0,0,0,0,0,0,64.0,5760.0,0,0,0,83,eth:ethertype:ip:tcp,39.9,94.9,52.2,160.0,-49.0,84:F3:EB:12:34:56,,,,,0.0,Normal,0.0
1744306295924564,10.42.0.2,10.42.0.1,50090,1883,33,1,0,1,0,0,1,0,12,0,0,0,0,0.0,0,,0,1,,0,0,0,1,42,4,MQTT,4,0.0,0,0,0,0,0,64.0,5760.0,0,0,esp32_a0a3b3edac1c,66,eth:ethertype:ip:tcp:mqtt,39.9,94.9,52.2,160.0,-49.0,84:F3:EB:12:34:56,,,,,0.0,Normal,0.0
1744306295962367,10.42.0.2,10.42.0.1,50090,1883,45,5,0,1,0,0,1,0,3,0,0,0,0,0.0,0,,0,0,,0,0,0,0,0,0,0,0,0.0,0,0,0,0,0,64.0,5756.0,0,0,0,57,eth:ethertype:ip:tcp,39.9,94.9,52.2,160.0,-49.0,84:F3:EB:12:34:56,,,,,0.0,Normal,0.0
1744306295970925,10.42.0.2,10.42.0.1,50090,1883,48,5,0,1,1,0,1,0,185,0,0,0,0,0.0,0,,0,3,"Wakeup: 0, Mode: 0, Reset: 1, Temperature: 38.4, Uptime: 630555, Memory: 94.9, In_Temperature: 52.2°C, CPU: 160, RSSI: -50, MAC: 84:F3:EB:12:34:56, F_Storage: 99.2",test/temperatura,16,0,0,182,0,0,0,0.0,0,0,0,0,0,64.0,5756.0,0,0,0,239,eth:ethertype:ip:tcp:mqtt,38.4,94.9,52.2,160.0,-50.0,84:F3:EB:12:34:56,,,,,0.0,Normal,0.0
1744306295974357,10.42.0.2,10.42.0.1,50090,1883,234,6,0,1,0,0,0,0,0,0,0,0,0,0.0,0,,0,0,,0,0,0,0,0,0,0,0,0.0,0,0,0,0,0,64.0,5755.0,0,0,0,54,eth:ethertype:ip:tcp,38.4,94.9,52.2,160.0,-50.0,84:F3:EB:12:34:56,,,,,0.0,Normal,0.0
1744306306811923,10.42.0.2,10.42.0.1,0,0,0,0,0,0,0,0,0,0,0,0,0,0,0,0.0,0,,0,0,,0,0,0,0,0,0,0,0,0.0,0,0,0,0,0,64.0,0.0,0,0,0,350,eth:ethertype:ip:udp:dhcp,38.4,94.9,52.2,160.0,-50.0,84:F3:EB:12:34:56,,,,,0.0,Normal,0.0
1744306326023113,10.42.0.2,10.42.0.1,50091,1883,0,0,1,0,0,0,0,0,0,0,0,0,0,0.0,0,,0,0,,0,0,0,0,0,0,0,0,0.0,0,0,0,0,0,64.0,5760.0,0,0,0,58,eth:ethertype:ip:tcp,38.4,94.9,52.2,160.0,-50.0,84:F3:EB:12:34:56,,,,,0.0,Normal,0.0
1744306326027262,10.42.0.2,10.42.0.1,50091,1883,1,1,0,1,0,0,0,0,0,0,0,0,0,0.0,0,,0,0,,0,0,0,0,0,0,0,0,0.0,0,0,0,0,0,64.0,5760.0,0,0,0,54,eth:ethertype:ip:tcp,38.4,94.9,52.2,160.0,-50.0,84:F3:EB:12:34:56,,,,,0.0,Normal,0.0
1744306326029393,10.42.0.2,10.42.0.1,50091,1883,1,1,0,1,0,0,1,0,3,0,0,0,0,0.0,0,,0,0,,0,0,0,0,0,0,0,0,0.0,0,0,0,0,0,64.0,5760.0,0,0,0,57,eth:ethertype:ip:tcp,38.4,94.9,52.2,160.0,-50.0,84:F3:EB:12:34:56,,,,,0.0,Normal,0.0
1744306326032820,10.42.0.2,10.42.0.1,50091,1883,4,1,0,1,0,0,1,0,29,0,0,0,0,0.0,0,,0,0,,0,0,0,0,0,0,0,0,0.0,0,0,0,0,0,64.0,5760.0,0,0,0,83,eth:ethertype:ip:tcp,38.4,94.9,52.2,160.0,-50.0,84:F3:EB:12:34:56,,,,,0.0,Normal,0.0
1744306326036014,10.42.0.2,10.42.0.1,50091,1883,33,1,0,1,0,0,1,0,12,0,0,0,0,0.0,0,,0,1,,0,0,0,1,42,4,MQTT,4,0.0,0,0,0,0,0,64.0,5760.0,0,0,esp32_a0a3b3edac1c,66,eth:ethertype:ip:tcp:mqtt,38.4,94.9,52.2,160.0,-50.0,84:F3:EB:12:34:56,,,,,0.0,Normal,0.0
1744306326081193,10.42.0.2,10.42.0.1,50091,1883,45,5,0,1,0,0,0,0,0,0,0,0,0,0.0,0,,0,0,,0,0,0,0,0,0,0,0,0.0,0,0,0,0,0,64.0,5756.0,0,0,0,54,eth:ethertype:ip:tcp,38.4,94.9,52.2,160.0,-50.0,84:F3:EB:12:34:56,,,,,0.0,Normal,0.0
1744306326081885,10.42.0.2,10.42.0.1,50091,1883,45,5,0,1,0,0,1,0,3,0,0,0,0,0.0,0,,0,0,,0,0,0,0,0,0,0,0,0.0,0,0,0,0,0,64.0,5756.0,0,0,0,57,eth:ethertype:ip:tcp,38.4,94.9,52.2,160.0,-50.0,84:F3:EB:12:34:56,,,,,0.0,Normal,0.0
1744306326090195,10.42.0.2,10.42.0.1,50091,1883,48,5,0,1,1,0,1,0,185,0,0,0,0,0.0,0,,0,3,"Wakeup: 0, Mode: 0, Reset: 1, Temperature: 39.0, Uptime: 630585, Memory: 94.9, In_Temperature: 52.8°C, CPU: 160, RSSI: -50, MAC: 84:F3:EB:12:34:56, F_Storage: 99.2",test/temperatura,16,0,0,182,0,0,0,0.0,0,0,0,0,0,64.0,5756.0,0,0,0,239,eth:ethertype:ip:tcp:mqtt,39.0,94.9,52.8,160.0,-50.0,84:F3:EB:12:34:56,,,,,0.0,Normal,0.0
1744306326093752,10.42.0.2,10.42.0.1,50091,1883,234,6,0,1,0,0,0,0,0,0,0,0,0,0.0,0,,0,0,,0,0,0,0,0,0,0,0,0.0,0,0,0,0,0,64.0,5755.0,0,0,0,54,eth:ethertype:ip:tcp,39.0,94.9,52.8,160.0,-50.0,84:F3:EB:12:34:56,,,,,0.0,Normal,0.0
1744306356099137,10.42.0.2,10.42.0.1,50092,1883,0,0,1,0,0,0,0,0,0,0,0,0,0,0.0,0,,0,0,,0,0,0,0,0,0,0,0,0.0,0,0,0,0,0,64.0,5760.0,0,0,0,58,eth:ethertype:ip:tcp,39.0,94.9,52.8,160.0,-50.0,84:F3:EB:12:34:56,,,,,0.0,Normal,0.0
1744306356103211,10.42.0.2,10.42.0.1,50092,1883,1,1,0,1,0,0,0,0,0,0,0,0,0,0.0,0,,0,0,,0,0,0,0,0,0,0,0,0.0,0,0,0,0,0,64.0,5760.0,0,0,0,54,eth:ethertype:ip:tcp,39.0,94.9,52.8,160.0,-50.0,84:F3:EB:12:34:56,,,,,0.0,Normal,0.0
1744306356105172,10.42.0.2,10.42.0.1,50092,1883,1,1,0,1,0,0,1,0,3,0,0,0,0,0.0,0,,0,0,,0,0,0,0,0,0,0,0,0.0,0,0,0,0,0,64.0,5760.0,0,0,0,57,eth:ethertype:ip:tcp,39.0,94.9,52.8,160.0,-50.0,84:F3:EB:12:34:56,,,,,0.0,Normal,0.0
1744306356108629,10.42.0.2,10.42.0.1,50092,1883,4,1,0,1,0,0,1,0,29,0,0,0,0,0.0,0,,0,0,,0,0,0,0,0,0,0,0,0.0,0,0,0,0,0,64.0,5760.0,0,0,0,83,eth:ethertype:ip:tcp,39.0,94.9,52.8,160.0,-50.0,84:F3:EB:12:34:56,,,,,0.0,Normal,0.0
1744306356112217,10.42.0.2,10.42.0.1,50092,1883,33,1,0,1,0,0,1,0,12,0,0,0,0,0.0,0,,0,1,,0,0,0,1,42,4,MQTT,4,0.0,0,0,0,0,0,64.0,5760.0,0,0,esp32_a0a3b3edac1c,66,eth:ethertype:ip:tcp:mqtt,39.0,94.9,52.8,160.0,-50.0,84:F3:EB:12:34:56,,,,,0.0,Normal,0.0
1744306356147723,10.42.0.2,10.42.0.1,50092,1883,45,5,0,1,0,0,1,0,3,0,0,0,0,0.0,0,,0,0,,0,0,0,0,0,0,0,0,0.0,0,0,0,0,0,64.0,5756.0,0,0,0,57,eth:ethertype:ip:tcp,39.0,94.9,52.8,160.0,-50.0,84:F3:EB:12:34:56,,,,,0.0,Normal,0.0
1744306356160203,10.42.0.2,10.42.0.1,50092,1883,48,5,0,1,1,0,1,0,185,0,0,0,0,0.0,0,,0,3,"Wakeup: 0, Mode: 0, Reset: 1, Temperature: 34.7, Uptime: 630615, Memory: 94.9, In_Temperature: 52.2°C, CPU: 160, RSSI: -50, MAC: 84:F3:EB:12:34:56, F_Storage: 99.2",test/temperatura,16,0,0,182,0,0,0,0.0,0,0,0,0,0,64.0,5756.0,0,0,0,239,eth:ethertype:ip:tcp:mqtt,34.7,94.9,52.2,160.0,-50.0,84:F3:EB:12:34:56,,,,,0.0,Normal,0.0
1744306356163767,10.42.0.2,10.42.0.1,50092,1883,234,6,0,1,0,0,0,0,0,0,0,0,0,0.0,0,,0,0,,0,0,0,0,0,0,0,0,0.0,0,0,0,0,0,64.0,5755.0,0,0,0,54,eth:ethertype:ip:tcp,34.7,94.9,52.2,160.0,-50.0,84:F3:EB:12:34:56,,,,,0.0,Normal,0.0
1744306386168631,10.42.0.2,10.42.0.1,50093,1883,0,0,1,0,0,0,0,0,0,0,0,0,0,0.0,0,,0,0,,0,0,0,0,0,0,0,0,0.0,0,0,0,0,0,64.0,5760.0,0,0,0,58,eth:ethertype:ip:tcp,34.7,94.9,52.2,160.0,-50.0,84:F3:EB:12:34:56,,,,,0.0,Normal,0.0
1744306386172612,10.42.0.2,10.42.0.1,50093,1883,1,1,0,1,0,0,0,0,0,0,0,0,0,0.0,0,,0,0,,0,0,0,0,0,0,0,0,0.0,0,0,0,0,0,64.0,5760.0,0,0,0,54,eth:ethertype:ip:tcp,34.7,94.9,52.2,160.0,-50.0,84:F3:EB:12:34:56,,,,,0.0,Normal,0.0
1744306386175810,10.42.0.2,10.42.0.1,50093,1883,1,1,0,1,0,0,1,0,3,0,0,0,0,0.0,0,,0,0,,0,0,0,0,0,0,0,0,0.0,0,0,0,0,0,64.0,5760.0,0,0,0,57,eth:ethertype:ip:tcp,34.7,94.9,52.2,160.0,-50.0,84:F3:EB:12:34:56,,,,,0.0,Normal,0.0
1744306386178991,10.42.0.2,10.42.0.1,50093,1883,4,1,0,1,0,0,1,0,41,0,0,0,0,0.0,0,,0,1,,0,0,0,1,42,4,MQTT,4,0.0,0,0,0,0,0,64.0,5760.0,0,0,esp32_a0a3b3edac1c,95,eth:ethertype:ip:tcp:mqtt,34.7,94.9,52.2,160.0,-50.0,84:F3:EB:12:34:56,,,,,0.0,Normal,0.0
1744306386214235,10.42.0.2,10.42.0.1,50093,1883,45,5,0,1,0,0,1,0,3,0,0,0,0,0.0,0,,0,0,,0,0,0,0,0,0,0,0,0.0,0,0,0,0,0,64.0,5756.0,0,0,0,57,eth:ethertype:ip:tcp,34.7,94.9,52.2,160.0,-50.0,84:F3:EB:12:34:56,,,,,0.0,Normal,0.0
1744306386229115,10.42.0.2,10.42.0.1,50093,1883,48,5,0,1,1,0,1,0,185,0,0,0,0,0.0,0,,0,3,"Wakeup: 0, Mode: 0, Reset: 1, Temperature: 26.5, Uptime: 630645, Memory: 94.9, In_Temperature: 52.2°C, CPU: 160, RSSI: -50, MAC: 84:F3:EB:12:34:56, F_Storage: 99.2",test/temperatura,16,0,0,182,0,0,0,0.0,0,0,0,0,0,64.0,5756.0,0,0,0,239,eth:ethertype:ip:tcp:mqtt,26.5,94.9,52.2,160.0,-50.0,84:F3:EB:12:34:56,,,,,0.0,Normal,0.0
1744306386232515,10.42.0.2,10.42.0.1,50093,1883,234,6,0,1,0,0,0,0,0,0,0,0,0,0.0,0,,0,0,,0,0,0,0,0,0,0,0,0.0,0,0,0,0,0,64.0,5755.0,0,0,0,54,eth:ethertype:ip:tcp,26.5,94.9,52.2,160.0,-50.0,84:F3:EB:12:34:56,,,,,0.0,Normal,0.0
1744306416239888,10.42.0.2,10.42.0.1,50094,1883,0,0,1,0,0,0,0,0,0,0,0,0,0,0.0,0,,0,0,,0,0,0,0,0,0,0,0,0.0,0,0,0,0,0,64.0,5760.0,0,0,0,58,eth:ethertype:ip:tcp,26.5,94.9,52.2,160.0,-50.0,84:F3:EB:12:34:56,,,,,0.0,Normal,0.0
1744306416243871,10.42.0.2,10.42.0.1,50094,1883,1,1,0,1,0,0,0,0,0,0,0,0,0,0.0,0,,0,0,,0,0,0,0,0,0,0,0,0.0,0,0,0,0,0,64.0,5760.0,0,0,0,54,eth:ethertype:ip:tcp,26.5,94.9,52.2,160.0,-50.0,84:F3:EB:12:34:56,,,,,0.0,Normal,0.0
1744306416246032,10.42.0.2,10.42.0.1,50094,1883,1,1,0,1,0,0,1,0,3,0,0,0,0,0.0,0,,0,0,,0,0,0,0,0,0,0,0,0.0,0,0,0,0,0,64.0,5760.0,0,0,0,57,eth:ethertype:ip:tcp,26.5,94.9,52.2,160.0,-50.0,84:F3:EB:12:34:56,,,,,0.0,Normal,0.0
1744306416249466,10.42.0.2,10.42.0.1,50094,1883,4,1,0,1,0,0,1,0,29,0,0,0,0,0.0,0,,0,0,,0,0,0,0,0,0,0,0,0.0,0,0,0,0,0,64.0,5760.0,0,0,0,83,eth:ethertype:ip:tcp,26.5,94.9,52.2,160.0,-50.0,84:F3:EB:12:34:56,,,,,0.0,Normal,0.0
1744306416252520,10.42.0.2,10.42.0.1,50094,1883,33,1,0,1,0,0,1,0,12,0,0,0,0,0.0,0,,0,1,,0,0,0,1,42,4,MQTT,4,0.0,0,0,0,0,0,64.0,5760.0,0,0,esp32_a0a3b3edac1c,66,eth:ethertype:ip:tcp:mqtt,26.5,94.9,52.2,160.0,-50.0,84:F3:EB:12:34:56,,,,,0.0,Normal,0.0
1744306416288293,10.42.0.2,10.42.0.1,50094,1883,45,5,0,1,0,0,1,0,3,0,0,0,0,0.0,0,,0,0,,0,0,0,0,0,0,0,0,0.0,0,0,0,0,0,64.0,5756.0,0,0,0,57,eth:ethertype:ip:tcp,26.5,94.9,52.2,160.0,-50.0,84:F3:EB:12:34:56,,,,,0.0,Normal,0.0
1744306416298186,10.42.0.2,10.42.0.1,50094,1883,48,5,0,1,1,0,1,0,185,0,0,0,0,0.0,0,,0,3,"Wakeup: 0, Mode: 0, Reset: 1, Temperature: 27.1, Uptime: 630675, Memory: 94.9, In_Temperature: 52.2°C, CPU: 160, RSSI: -50, MAC: 84:F3:EB:12:34:56, F_Storage: 99.2",test/temperatura,16,0,0,182,0,0,0,0.0,0,0,0,0,0,64.0,5756.0,0,0,0,239,eth:ethertype:ip:tcp:mqtt,27.1,94.9,52.2,160.0,-50.0,84:F3:EB:12:34:56,,,,,0.0,Normal,0.0
1744306416301781,10.42.0.2,10.42.0.1,50094,1883,234,6,0,1,0,0,0,0,0,0,0,0,0,0.0,0,,0,0,,0,0,0,0,0,0,0,0,0.0,0,0,0,0,0,64.0,5755.0,0,0,0,54,eth:ethertype:ip:tcp,27.1,94.9,52.2,160.0,-50.0,84:F3:EB:12:34:56,,,,,0.0,Normal,0.0
1744306446307256,10.42.0.2,10.42.0.1,50095,1883,0,0,1,0,0,0,0,0,0,0,0,0,0,0.0,0,,0,0,,0,0,0,0,0,0,0,0,0.0,0,0,0,0,0,64.0,5760.0,0,0,0,58,eth:ethertype:ip:tcp,27.1,94.9,52.2,160.0,-50.0,84:F3:EB:12:34:56,,,,,0.0,Normal,0.0
1744306446311151,10.42.0.2,10.42.0.1,50095,1883,1,1,0,1,0,0,0,0,0,0,0,0,0,0.0,0,,0,0,,0,0,0,0,0,0,0,0,0.0,0,0,0,0,0,64.0,5760.0,0,0,0,54,eth:ethertype:ip:tcp,27.1,94.9,52.2,160.0,-50.0,84:F3:EB:12:34:56,,,,,0.0,Normal,0.0
1744306446313279,10.42.0.2,10.42.0.1,50095,1883,1,1,0,1,0,0,1,0,3,0,0,0,0,0.0,0,,0,0,,0,0,0,0,0,0,0,0,0.0,0,0,0,0,0,64.0,5760.0,0,0,0,57,eth:ethertype:ip:tcp,27.1,94.9,52.2,160.0,-50.0,84:F3:EB:12:34:56,,,,,0.0,Normal,0.0
1744306446316694,10.42.0.2,10.42.0.1,50095,1883,4,1,0,1,0,0,1,0,29,0,0,0,0,0.0,0,,0,0,,0,0,0,0,0,0,0,0,0.0,0,0,0,0,0,64.0,5760.0,0,0,0,83,eth:ethertype:ip:tcp,27.1,94.9,52.2,160.0,-50.0,84:F3:EB:12:34:56,,,,,0.0,Normal,0.0
1744306446319803,10.42.0.2,10.42.0.1,50095,1883,33,1,0,1,0,0,1,0,12,0,0,0,0,0.0,0,,0,1,,0,0,0,1,42,4,MQTT,4,0.0,0,0,0,0,0,64.0,5760.0,0,0,esp32_a0a3b3edac1c,66,eth:ethertype:ip:tcp:mqtt,27.1,94.9,52.2,160.0,-50.0,84:F3:EB:12:34:56,,,,,0.0,Normal,0.0
1744306446355097,10.42.0.2,10.42.0.1,50095,1883,45,5,0,1,0,0,1,0,3,0,0,0,0,0.0,0,,0,0,,0,0,0,0,0,0,0,0,0.0,0,0,0,0,0,64.0,5756.0,0,0,0,57,eth:ethertype:ip:tcp,27.1,94.9,52.2,160.0,-50.0,84:F3:EB:12:34:56,,,,,0.0,Normal,0.0
1744306446368118,10.42.0.2,10.42.0.1,50095,1883,48,5,0,1,1,0,1,0,185,0,0,0,0,0.0,0,,0,3,"Wakeup: 0, Mode: 0, Reset: 1, Temperature: 35.6, Uptime: 630705, Memory: 94.9, In_Temperature: 52.2°C, CPU: 160, RSSI: -50, MAC: 84:F3:EB:12:34:56, F_Storage: 99.2",test/temperatura,16,0,0,182,0,0,0,0.0,0,0,0,0,0,64.0,5756.0,0,0,0,239,eth:ethertype:ip:tcp:mqtt,35.6,94.9,52.2,160.0,-50.0,84:F3:EB:12:34:56,,,,,0.0,Normal,0.0
1744306446372884,10.42.0.2,10.42.0.1,50095,1883,234,6,0,1,0,0,0,0,0,0,0,0,0,0.0,0,,0,0,,0,0,0,0,0,0,0,0,0.0,0,0,0,0,0,64.0,5755.0,0,0,0,54,eth:ethertype:ip:tcp,35.6,94.9,52.2,160.0,-50.0,84:F3:EB:12:34:56,,,,,0.0,Normal,0.0
1744306476376331,10.42.0.2,10.42.0.1,50096,1883,0,0,1,0,0,0,0,0,0,0,0,0,0,0.0,0,,0,0,,0,0,0,0,0,0,0,0,0.0,0,0,0,0,0,64.0,5760.0,0,0,0,58,eth:ethertype:ip:tcp,35.6,94.9,52.2,160.0,-50.0,84:F3:EB:12:34:56,,,,,0.0,Normal,0.0
1744306476397988,10.42.0.2,10.42.0.1,50096,1883,1,1,0,1,0,0,0,0,0,0,0,0,0,0.0,0,,0,0,,0,0,0,0,0,0,0,0,0.0,0,0,0,0,0,64.0,5760.0,0,0,0,54,eth:ethertype:ip:tcp,35.6,94.9,52.2,160.0,-50.0,84:F3:EB:12:34:56,,,,,0.0,Normal,0.0
1744306476400130,10.42.0.2,10.42.0.1,50096,1883,1,1,0,1,0,0,1,0,3,0,0,0,0,0.0,0,,0,0,,0,0,0,0,0,0,0,0,0.0,0,0,0,0,0,64.0,5760.0,0,0,0,57,eth:ethertype:ip:tcp,35.6,94.9,52.2,160.0,-50.0,84:F3:EB:12:34:56,,,,,0.0,Normal,0.0
1744306476403835,10.42.0.2,10.42.0.1,50096,1883,4,1,0,1,0,0,1,0,29,0,0,0,0,0.0,0,,0,0,,0,0,0,0,0,0,0,0,0.0,0,0,0,0,0,64.0,5760.0,0,0,0,83,eth:ethertype:ip:tcp,35.6,94.9,52.2,160.0,-50.0,84:F3:EB:12:34:56,,,,,0.0,Normal,0.0
1744306476406827,10.42.0.2,10.42.0.1,50096,1883,33,1,0,1,0,0,1,0,12,0,0,0,0,0.0,0,,0,1,,0,0,0,1,42,4,MQTT,4,0.0,0,0,0,0,0,64.0,5760.0,0,0,esp32_a0a3b3edac1c,66,eth:ethertype:ip:tcp:mqtt,35.6,94.9,52.2,160.0,-50.0,84:F3:EB:12:34:56,,,,,0.0,Normal,0.0
1744306476442111,10.42.0.2,10.42.0.1,50096,1883,45,5,0,1,0,0,1,0,3,0,0,0,0,0.0,0,,0,0,,0,0,0,0,0,0,0,0,0.0,0,0,0,0,0,64.0,5756.0,0,0,0,57,eth:ethertype:ip:tcp,35.6,94.9,52.2,160.0,-50.0,84:F3:EB:12:34:56,,,,,0.0,Normal,0.0
1744306476456826,10.42.0.2,10.42.0.1,50096,1883,48,5,0,1,1,0,1,0,185,0,0,0,0,0.0,0,,0,3,"Wakeup: 0, Mode: 0, Reset: 1, Temperature: 37.8, Uptime: 630735, Memory: 94.9, In_Temperature: 52.2°C, CPU: 160, RSSI: -49, MAC: 84:F3:EB:12:34:56, F_Storage: 99.2",test/temperatura,16,0,0,182,0,0,0,0.0,0,0,0,0,0,64.0,5756.0,0,0,0,239,eth:ethertype:ip:tcp:mqtt,37.8,94.9,52.2,160.0,-49.0,84:F3:EB:12:34:56,,,,,0.0,Normal,0.0
1744306476460262,10.42.0.2,10.42.0.1,50096,1883,234,6,0,1,0,0,0,0,0,0,0,0,0,0.0,0,,0,0,,0,0,0,0,0,0,0,0,0.0,0,0,0,0,0,64.0,5755.0,0,0,0,54,eth:ethertype:ip:tcp,37.8,94.9,52.2,160.0,-49.0,84:F3:EB:12:34:56,,,,,0.0,Normal,0.0
1744306506464953,10.42.0.2,10.42.0.1,50097,1883,0,0,1,0,0,0,0,0,0,0,0,0,0,0.0,0,,0,0,,0,0,0,0,0,0,0,0,0.0,0,0,0,0,0,64.0,5760.0,0,0,0,58,eth:ethertype:ip:tcp,37.8,94.9,52.2,160.0,-49.0,84:F3:EB:12:34:56,,,,,0.0,Normal,0.0
1744306506468646,10.42.0.2,10.42.0.1,50097,1883,1,1,0,1,0,0,0,0,0,0,0,0,0,0.0,0,,0,0,,0,0,0,0,0,0,0,0,0.0,0,0,0,0,0,64.0,5760.0,0,0,0,54,eth:ethertype:ip:tcp,37.8,94.9,52.2,160.0,-49.0,84:F3:EB:12:34:56,,,,,0.0,Normal,0.0
1744306506470836,10.42.0.2,10.42.0.1,50097,1883,1,1,0,1,0,0,1,0,3,0,0,0,0,0.0,0,,0,0,,0,0,0,0,0,0,0,0,0.0,0,0,0,0,0,64.0,5760.0,0,0,0,57,eth:ethertype:ip:tcp,37.8,94.9,52.2,160.0,-49.0,84:F3:EB:12:34:56,,,,,0.0,Normal,0.0
1744306506474249,10.42.0.2,10.42.0.1,50097,1883,4,1,0,1,0,0,1,0,29,0,0,0,0,0.0,0,,0,0,,0,0,0,0,0,0,0,0,0.0,0,0,0,0,0,64.0,5760.0,0,0,0,83,eth:ethertype:ip:tcp,37.8,94.9,52.2,160.0,-49.0,84:F3:EB:12:34:56,,,,,0.0,Normal,0.0
1744306506480678,10.42.0.2,10.42.0.1,50097,1883,33,1,0,1,0,0,1,0,12,0,0,0,0,0.0,0,,0,1,,0,0,0,1,42,4,MQTT,4,0.0,0,0,0,0,0,64.0,5760.0,0,0,esp32_a0a3b3edac1c,66,eth:ethertype:ip:tcp:mqtt,37.8,94.9,52.2,160.0,-49.0,84:F3:EB:12:34:56,,,,,0.0,Normal,0.0
1744306506516013,10.42.0.2,10.42.0.1,50097,1883,45,5,0,1,0,0,1,0,3,0,0,0,0,0.0,0,,0,0,,0,0,0,0,0,0,0,0,0.0,0,0,0,0,0,64.0,5756.0,0,0,0,57,eth:ethertype:ip:tcp,37.8,94.9,52.2,160.0,-49.0,84:F3:EB:12:34:56,,,,,0.0,Normal,0.0
1744306506526140,10.42.0.2,10.42.0.1,50097,1883,48,5,0,1,1,0,1,0,185,0,0,0,0,0.0,0,,0,3,"Wakeup: 0, Mode: 0, Reset: 1, Temperature: 31.6, Uptime: 630765, Memory: 94.9, In_Temperature: 52.8°C, CPU: 160, RSSI: -49, MAC: 84:F3:EB:12:34:56, F_Storage: 99.2",test/temperatura,16,0,0,182,0,0,0,0.0,0,0,0,0,0,64.0,5756.0,0,0,0,239,eth:ethertype:ip:tcp:mqtt,31.6,94.9,52.8,160.0,-49.0,84:F3:EB:12:34:56,,,,,0.0,Normal,0.0
1744306506529395,10.42.0.2,10.42.0.1,50097,1883,234,6,0,1,0,0,0,0,0,0,0,0,0,0.0,0,,0,0,,0,0,0,0,0,0,0,0,0.0,0,0,0,0,0,64.0,5755.0,0,0,0,54,eth:ethertype:ip:tcp,31.6,94.9,52.8,160.0,-49.0,84:F3:EB:12:34:56,,,,,0.0,Normal,0.0
1744306536535256,10.42.0.2,10.42.0.1,50098,1883,0,0,1,0,0,0,0,0,0,0,0,0,0,0.0,0,,0,0,,0,0,0,0,0,0,0,0,0.0,0,0,0,0,0,64.0,5760.0,0,0,0,58,eth:ethertype:ip:tcp,31.6,94.9,52.8,160.0,-49.0,84:F3:EB:12:34:56,,,,,0.0,Normal,0.0
1744306536539244,10.42.0.2,10.42.0.1,50098,1883,1,1,0,1,0,0,0,0,0,0,0,0,0,0.0,0,,0,0,,0,0,0,0,0,0,0,0,0.0,0,0,0,0,0,64.0,5760.0,0,0,0,54,eth:ethertype:ip:tcp,31.6,94.9,52.8,160.0,-49.0,84:F3:EB:12:34:56,,,,,0.0,Normal,0.0
1744306536542094,10.42.0.2,10.42.0.1,50098,1883,1,1,0,1,0,0,1,0,3,0,0,0,0,0.0,0,,0,0,,0,0,0,0,0,0,0,0,0.0,0,0,0,0,0,64.0,5760.0,0,0,0,57,eth:ethertype:ip:tcp,31.6,94.9,52.8,160.0,-49.0,84:F3:EB:12:34:56,,,,,0.0,Normal,0.0
1744306536545651,10.42.0.2,10.42.0.1,50098,1883,4,1,0,1,0,0,1,0,31,0,0,0,0,0.0,0,,0,0,,0,0,0,0,0,0,0,0,0.0,0,0,0,0,0,64.0,5760.0,0,0,0,85,eth:ethertype:ip:tcp,31.6,94.9,52.8,160.0,-49.0,84:F3:EB:12:34:56,,,,,0.0,Normal,0.0
1744306536548802,10.42.0.2,10.42.0.1,50098,1883,35,1,0,1,0,0,1,0,10,0,0,0,0,0.0,0,,0,1,,0,0,0,1,42,4,MQTT,4,0.0,0,0,0,0,0,64.0,5760.0,0,0,esp32_a0a3b3edac1c,64,eth:ethertype:ip:tcp:mqtt,31.6,94.9,52.8,160.0,-49.0,84:F3:EB:12:34:56,,,,,0.0,Normal,0.0
1744306536555250,10.42.0.2,10.42.0.1,50098,1883,45,5,0,1,0,0,0,0,0,0,0,0,0,0.0,0,,0,0,,0,0,0,0,0,0,0,0,0.0,0,0,0,0,0,64.0,5756.0,0,0,0,54,eth:ethertype:ip:tcp,31.6,94.9,52.8,160.0,-49.0,84:F3:EB:12:34:56,,,,,0.0,Normal,0.0
1744306536586700,10.42.0.2,10.42.0.1,50098,1883,45,5,0,1,0,0,1,0,3,0,0,0,0,0.0,0,,0,0,,0,0,0,0,0,0,0,0,0.0,0,0,0,0,0,64.0,5756.0,0,0,0,57,eth:ethertype:ip:tcp,31.6,94.9,52.8,160.0,-49.0,84:F3:EB:12:34:56,,,,,0.0,Normal,0.0
1744306536619629,10.42.0.2,10.42.0.1,50098,1883,48,5,0,1,1,0,1,0,185,0,0,0,0,0.0,0,,0,3,"Wakeup: 0, Mode: 0, Reset: 1, Temperature: 40.9, Uptime: 630796, Memory: 94.9, In_Temperature: 52.2°C, CPU: 160, RSSI: -50, MAC: 84:F3:EB:12:34:56, F_Storage: 99.2",test/temperatura,16,0,0,182,0,0,0,0.0,0,0,0,0,0,64.0,5756.0,0,0,0,239,eth:ethertype:ip:tcp:mqtt,40.9,94.9,52.2,160.0,-50.0,84:F3:EB:12:34:56,,,,,0.0,Normal,0.0
1744306536622977,10.42.0.2,10.42.0.1,50098,1883,234,6,0,1,0,0,0,0,0,0,0,0,0,0.0,0,,0,0,,0,0,0,0,0,0,0,0,0.0,0,0,0,0,0,64.0,5755.0,0,0,0,54,eth:ethertype:ip:tcp,40.9,94.9,52.2,160.0,-50.0,84:F3:EB:12:34:56,,,,,0.0,Normal,0.0
1744306566606263,10.42.0.2,10.42.0.1,50099,1883,0,0,1,0,0,0,0,0,0,0,0,0,0,0.0,0,,0,0,,0,0,0,0,0,0,0,0,0.0,0,0,0,0,0,64.0,5760.0,0,0,0,58,eth:ethertype:ip:tcp,40.9,94.9,52.2,160.0,-50.0,84:F3:EB:12:34:56,,,,,0.0,Normal,0.0
1744306566610216,10.42.0.2,10.42.0.1,50099,1883,1,1,0,1,0,0,0,0,0,0,0,0,0,0.0,0,,0,0,,0,0,0,0,0,0,0,0,0.0,0,0,0,0,0,64.0,5760.0,0,0,0,54,eth:ethertype:ip:tcp,40.9,94.9,52.2,160.0,-50.0,84:F3:EB:12:34:56,,,,,0.0,Normal,0.0
1744306566612392,10.42.0.2,10.42.0.1,50099,1883,1,1,0,1,0,0,1,0,3,0,0,0,0,0.0,0,,0,0,,0,0,0,0,0,0,0,0,0.0,0,0,0,0,0,64.0,5760.0,0,0,0,57,eth:ethertype:ip:tcp,40.9,94.9,52.2,160.0,-50.0,84:F3:EB:12:34:56,,,,,0.0,Normal,0.0
1744306566618070,10.42.0.2,10.42.0.1,50099,1883,4,1,0,1,0,0,1,0,29,0,0,0,0,0.0,0,,0,0,,0,0,0,0,0,0,0,0,0.0,0,0,0,0,0,64.0,5760.0,0,0,0,83,eth:ethertype:ip:tcp,40.9,94.9,52.2,160.0,-50.0,84:F3:EB:12:34:56,,,,,0.0,Normal,0.0
1744306566620805,10.42.0.2,10.42.0.1,50099,1883,33,1,0,1,0,0,1,0,12,0,0,0,0,0.0,0,,0,1,,0,0,0,1,42,4,MQTT,4,0.0,0,0,0,0,0,64.0,5760.0,0,0,esp32_a0a3b3edac1c,66,eth:ethertype:ip:tcp:mqtt,40.9,94.9,52.2,160.0,-50.0,84:F3:EB:12:34:56,,,,,0.0,Normal,0.0
1744306566656473,10.42.0.2,10.42.0.1,50099,1883,45,5,0,1,0,0,1,0,3,0,0,0,0,0.0,0,,0,0,,0,0,0,0,0,0,0,0,0.0,0,0,0,0,0,64.0,5756.0,0,0,0,57,eth:ethertype:ip:tcp,40.9,94.9,52.2,160.0,-50.0,84:F3:EB:12:34:56,,,,,0.0,Normal,0.0
1744306566674955,10.42.0.2,10.42.0.1,50099,1883,48,5,0,1,1,0,1,0,185,0,0,0,0,0.0,0,,0,3,"Wakeup: 0, Mode: 0, Reset: 1, Temperature: 38.1, Uptime: 630826, Memory: 94.9, In_Temperature: 52.2°C, CPU: 160, RSSI: -50, MAC: 84:F3:EB:12:34:56, F_Storage: 99.2",test/temperatura,16,0,0,182,0,0,0,0.0,0,0,0,0,0,64.0,5756.0,0,0,0,239,eth:ethertype:ip:tcp:mqtt,38.1,94.9,52.2,160.0,-50.0,84:F3:EB:12:34:56,,,,,0.0,Normal,0.0
1744306566678444,10.42.0.2,10.42.0.1,50099,1883,234,6,0,1,0,0,0,0,0,0,0,0,0,0.0,0,,0,0,,0,0,0,0,0,0,0,0,0.0,0,0,0,0,0,64.0,5755.0,0,0,0,54,eth:ethertype:ip:tcp,38.1,94.9,52.2,160.0,-50.0,84:F3:EB:12:34:56,,,,,0.0,Normal,0.0
1744306596683771,10.42.0.2,10.42.0.1,50100,1883,0,0,1,0,0,0,0,0,0,0,0,0,0,0.0,0,,0,0,,0,0,0,0,0,0,0,0,0.0,0,0,0,0,0,64.0,5760.0,0,0,0,58,eth:ethertype:ip:tcp,38.1,94.9,52.2,160.0,-50.0,84:F3:EB:12:34:56,,,,,0.0,Normal,0.0
1744306596687768,10.42.0.2,10.42.0.1,50100,1883,1,1,0,1,0,0,0,0,0,0,0,0,0,0.0,0,,0,0,,0,0,0,0,0,0,0,0,0.0,0,0,0,0,0,64.0,5760.0,0,0,0,54,eth:ethertype:ip:tcp,38.1,94.9,52.2,160.0,-50.0,84:F3:EB:12:34:56,,,,,0.0,Normal,0.0
1744306596691514,10.42.0.2,10.42.0.1,50100,1883,1,1,0,1,0,0,1,0,3,0,0,0,0,0.0,0,,0,0,,0,0,0,0,0,0,0,0,0.0,0,0,0,0,0,64.0,5760.0,0,0,0,57,eth:ethertype:ip:tcp,38.1,94.9,52.2,160.0,-50.0,84:F3:EB:12:34:56,,,,,0.0,Normal,0.0
1744306596696456,10.42.0.2,10.42.0.1,50100,1883,4,1,0,1,0,0,1,0,41,0,0,0,0,0.0,0,,0,1,,0,0,0,1,42,4,MQTT,4,0.0,0,0,0,0,0,64.0,5760.0,0,0,esp32_a0a3b3edac1c,95,eth:ethertype:ip:tcp:mqtt,38.1,94.9,52.2,160.0,-50.0,84:F3:EB:12:34:56,,,,,0.0,Normal,0.0
1744306596731778,10.42.0.2,10.42.0.1,50100,1883,45,5,0,1,0,0,1,0,3,0,0,0,0,0.0,0,,0,0,,0,0,0,0,0,0,0,0,0.0,0,0,0,0,0,64.0,5756.0,0,0,0,57,eth:ethertype:ip:tcp,38.1,94.9,52.2,160.0,-50.0,84:F3:EB:12:34:56,,,,,0.0,Normal,0.0
1744306596744426,10.42.0.2,10.42.0.1,50100,1883,48,5,0,1,1,0,1,0,185,0,0,0,0,0.0,0,,0,3,"Wakeup: 0, Mode: 0, Reset: 1, Temperature: 32.3, Uptime: 630856, Memory: 94.9, In_Temperature: 52.2°C, CPU: 160, RSSI: -48, MAC: 84:F3:EB:12:34:56, F_Storage: 99.2",test/temperatura,16,0,0,182,0,0,0,0.0,0,0,0,0,0,64.0,5756.0,0,0,0,239,eth:ethertype:ip:tcp:mqtt,32.3,94.9,52.2,160.0,-48.0,84:F3:EB:12:34:56,,,,,0.0,Normal,0.0
1744306596747996,10.42.0.2,10.42.0.1,50100,1883,234,6,0,1,0,0,0,0,0,0,0,0,0,0.0,0,,0,0,,0,0,0,0,0,0,0,0,0.0,0,0,0,0,0,64.0,5755.0,0,0,0,54,eth:ethertype:ip:tcp,32.3,94.9,52.2,160.0,-48.0,84:F3:EB:12:34:56,,,,,0.0,Normal,0.0
1744306626753235,10.42.0.2,10.42.0.1,50101,1883,0,0,1,0,0,0,0,0,0,0,0,0,0,0.0,0,,0,0,,0,0,0,0,0,0,0,0,0.0,0,0,0,0,0,64.0,5760.0,0,0,0,58,eth:ethertype:ip:tcp,32.3,94.9,52.2,160.0,-48.0,84:F3:EB:12:34:56,,,,,0.0,Normal,0.0
1744306626757299,10.42.0.2,10.42.0.1,50101,1883,1,1,0,1,0,0,0,0,0,0,0,0,0,0.0,0,,0,0,,0,0,0,0,0,0,0,0,0.0,0,0,0,0,0,64.0,5760.0,0,0,0,54,eth:ethertype:ip:tcp,32.3,94.9,52.2,160.0,-48.0,84:F3:EB:12:34:56,,,,,0.0,Normal,0.0
1744306626759333,10.42.0.2,10.42.0.1,50101,1883,1,1,0,1,0,0,1,0,3,0,0,0,0,0.0,0,,0,0,,0,0,0,0,0,0,0,0,0.0,0,0,0,0,0,64.0,5760.0,0,0,0,57,eth:ethertype:ip:tcp,32.3,94.9,52.2,160.0,-48.0,84:F3:EB:12:34:56,,,,,0.0,Normal,0.0
1744306626762819,10.42.0.2,10.42.0.1,50101,1883,4,1,0,1,0,0,1,0,29,0,0,0,0,0.0,0,,0,0,,0,0,0,0,0,0,0,0,0.0,0,0,0,0,0,64.0,5760.0,0,0,0,83,eth:ethertype:ip:tcp,32.3,94.9,52.2,160.0,-48.0,84:F3:EB:12:34:56,,,,,0.0,Normal,0.0
1744306626765851,10.42.0.2,10.42.0.1,50101,1883,33,1,0,1,0,0,1,0,12,0,0,0,0,0.0,0,,0,1,,0,0,0,1,42,4,MQTT,4,0.0,0,0,0,0,0,64.0,5760.0,0,0,esp32_a0a3b3edac1c,66,eth:ethertype:ip:tcp:mqtt,32.3,94.9,52.2,160.0,-48.0,84:F3:EB:12:34:56,,,,,0.0,Normal,0.0
1744306626802465,10.42.0.2,10.42.0.1,50101,1883,45,5,0,1,0,0,1,0,3,0,0,0,0,0.0,0,,0,0,,0,0,0,0,0,0,0,0,0.0,0,0,0,0,0,64.0,5756.0,0,0,0,57,eth:ethertype:ip:tcp,32.3,94.9,52.2,160.0,-48.0,84:F3:EB:12:34:56,,,,,0.0,Normal,0.0
1744306626813492,10.42.0.2,10.42.0.1,50101,1883,48,5,0,1,1,0,1,0,185,0,0,0,0,0.0,0,,0,3,"Wakeup: 0, Mode: 0, Reset: 1, Temperature: 38.1, Uptime: 630886, Memory: 94.9, In_Temperature: 52.2°C, CPU: 160, RSSI: -48, MAC: 84:F3:EB:12:34:56, F_Storage: 99.2",test/temperatura,16,0,0,182,0,0,0,0.0,0,0,0,0,0,64.0,5756.0,0,0,0,239,eth:ethertype:ip:tcp:mqtt,38.1,94.9,52.2,160.0,-48.0,84:F3:EB:12:34:56,,,,,0.0,Normal,0.0
1744306626818000,10.42.0.2,10.42.0.1,50101,1883,234,6,0,1,0,0,0,0,0,0,0,0,0,0.0,0,,0,0,,0,0,0,0,0,0,0,0,0.0,0,0,0,0,0,64.0,5755.0,0,0,0,54,eth:ethertype:ip:tcp,38.1,94.9,52.2,160.0,-48.0,84:F3:EB:12:34:56,,,,,0.0,Normal,0.0
1744306656822514,10.42.0.2,10.42.0.1,50102,1883,0,0,1,0,0,0,0,0,0,0,0,0,0,0.0,0,,0,0,,0,0,0,0,0,0,0,0,0.0,0,0,0,0,0,64.0,5760.0,0,0,0,58,eth:ethertype:ip:tcp,38.1,94.9,52.2,160.0,-48.0,84:F3:EB:12:34:56,,,,,0.0,Normal,0.0
1744306656826459,10.42.0.2,10.42.0.1,50102,1883,1,1,0,1,0,0,0,0,0,0,0,0,0,0.0,0,,0,0,,0,0,0,0,0,0,0,0,0.0,0,0,0,0,0,64.0,5760.0,0,0,0,54,eth:ethertype:ip:tcp,38.1,94.9,52.2,160.0,-48.0,84:F3:EB:12:34:56,,,,,0.0,Normal,0.0
1744306656828687,10.42.0.2,10.42.0.1,50102,1883,1,1,0,1,0,0,1,0,3,0,0,0,0,0.0,0,,0,0,,0,0,0,0,0,0,0,0,0.0,0,0,0,0,0,64.0,5760.0,0,0,0,57,eth:ethertype:ip:tcp,38.1,94.9,52.2,160.0,-48.0,84:F3:EB:12:34:56,,,,,0.0,Normal,0.0
1744306656832001,10.42.0.2,10.42.0.1,50102,1883,4,1,0,1,0,0,1,0,29,0,0,0,0,0.0,0,,0,0,,0,0,0,0,0,0,0,0,0.0,0,0,0,0,0,64.0,5760.0,0,0,0,83,eth:ethertype:ip:tcp,38.1,94.9,52.2,160.0,-48.0,84:F3:EB:12:34:56,,,,,0.0,Normal,0.0
1744306656835108,10.42.0.2,10.42.0.1,50102,1883,33,1,0,1,0,0,1,0,12,0,0,0,0,0.0,0,,0,1,,0,0,0,1,42,4,MQTT,4,0.0,0,0,0,0,0,64.0,5760.0,0,0,esp32_a0a3b3edac1c,66,eth:ethertype:ip:tcp:mqtt,38.1,94.9,52.2,160.0,-48.0,84:F3:EB:12:34:56,,,,,0.0,Normal,0.0
1744306656870335,10.42.0.2,10.42.0.1,50102,1883,45,5,0,1,0,0,1,0,3,0,0,0,0,0.0,0,,0,0,,0,0,0,0,0,0,0,0,0.0,0,0,0,0,0,64.0,5756.0,0,0,0,57,eth:ethertype:ip:tcp,38.1,94.9,52.2,160.0,-48.0,84:F3:EB:12:34:56,,,,,0.0,Normal,0.0
1744306656882807,10.42.0.2,10.42.0.1,50102,1883,48,5,0,1,1,0,1,0,185,0,0,0,0,0.0,0,,0,3,"Wakeup: 0, Mode: 0, Reset: 1, Temperature: 39.9, Uptime: 630916, Memory: 94.9, In_Temperature: 52.2°C, CPU: 160, RSSI: -49, MAC: 84:F3:EB:12:34:56, F_Storage: 99.2",test/temperatura,16,0,0,182,0,0,0,0.0,0,0,0,0,0,64.0,5756.0,0,0,0,239,eth:ethertype:ip:tcp:mqtt,39.9,94.9,52.2,160.0,-49.0,84:F3:EB:12:34:56,,,,,0.0,Normal,0.0
1744306656886104,10.42.0.2,10.42.0.1,50102,1883,234,6,0,1,0,0,0,0,0,0,0,0,0,0.0,0,,0,0,,0,0,0,0,0,0,0,0,0.0,0,0,0,0,0,64.0,5755.0,0,0,0,54,eth:ethertype:ip:tcp,39.9,94.9,52.2,160.0,-49.0,84:F3:EB:12:34:56,,,,,0.0,Normal,0.0
1744306686891023,10.42.0.2,10.42.0.1,50103,1883,0,0,1,0,0,0,0,0,0,0,0,0,0,0.0,0,,0,0,,0,0,0,0,0,0,0,0,0.0,0,0,0,0,0,64.0,5760.0,0,0,0,58,eth:ethertype:ip:tcp,39.9,94.9,52.2,160.0,-49.0,84:F3:EB:12:34:56,,,,,0.0,Normal,0.0
1744306686894674,10.42.0.2,10.42.0.1,50103,1883,1,1,0,1,0,0,0,0,0,0,0,0,0,0.0,0,,0,0,,0,0,0,0,0,0,0,0,0.0,0,0,0,0,0,64.0,5760.0,0,0,0,54,eth:ethertype:ip:tcp,39.9,94.9,52.2,160.0,-49.0,84:F3:EB:12:34:56,,,,,0.0,Normal,0.0
1744306686896933,10.42.0.2,10.42.0.1,50103,1883,1,1,0,1,0,0,1,0,3,0,0,0,0,0.0,0,,0,0,,0,0,0,0,0,0,0,0,0.0,0,0,0,0,0,64.0,5760.0,0,0,0,57,eth:ethertype:ip:tcp,39.9,94.9,52.2,160.0,-49.0,84:F3:EB:12:34:56,,,,,0.0,Normal,0.0
1744306686900465,10.42.0.2,10.42.0.1,50103,1883,4,1,0,1,0,0,1,0,29,0,0,0,0,0.0,0,,0,0,,0,0,0,0,0,0,0,0,0.0,0,0,0,0,0,64.0,5760.0,0,0,0,83,eth:ethertype:ip:tcp,39.9,94.9,52.2,160.0,-49.0,84:F3:EB:12:34:56,,,,,0.0,Normal,0.0
1744306686903527,10.42.0.2,10.42.0.1,50103,1883,33,1,0,1,0,0,1,0,12,0,0,0,0,0.0,0,,0,1,,0,0,0,1,42,4,MQTT,4,0.0,0,0,0,0,0,64.0,5760.0,0,0,esp32_a0a3b3edac1c,66,eth:ethertype:ip:tcp:mqtt,39.9,94.9,52.2,160.0,-49.0,84:F3:EB:12:34:56,,,,,0.0,Normal,0.0
1744306686942647,10.42.0.2,10.42.0.1,50103,1883,45,5,0,1,0,0,1,0,3,0,0,0,0,0.0,0,,0,0,,0,0,0,0,0,0,0,0,0.0,0,0,0,0,0,64.0,5756.0,0,0,0,57,eth:ethertype:ip:tcp,39.9,94.9,52.2,160.0,-49.0,84:F3:EB:12:34:56,,,,,0.0,Normal,0.0
1744306686952133,10.42.0.2,10.42.0.1,50103,1883,48,5,0,1,1,0,1,0,185,0,0,0,0,0.0,0,,0,3,"Wakeup: 0, Mode: 0, Reset: 1, Temperature: 33.5, Uptime: 630946, Memory: 94.9, In_Temperature: 52.2°C, CPU: 160, RSSI: -48, MAC: 84:F3:EB:12:34:56, F_Storage: 99.2",test/temperatura,16,0,0,182,0,0,0,0.0,0,0,0,0,0,64.0,5756.0,0,0,0,239,eth:ethertype:ip:tcp:mqtt,33.5,94.9,52.2,160.0,-48.0,84:F3:EB:12:34:56,,,,,0.0,Normal,0.0
1744306686955618,10.42.0.2,10.42.0.1,50103,1883,234,6,0,1,0,0,0,0,0,0,0,0,0,0.0,0,,0,0,,0,0,0,0,0,0,0,0,0.0,0,0,0,0,0,64.0,5755.0,0,0,0,54,eth:ethertype:ip:tcp,33.5,94.9,52.2,160.0,-48.0,84:F3:EB:12:34:56,,,,,0.0,Normal,0.0
1744306716961255,10.42.0.2,10.42.0.1,50104,1883,0,0,1,0,0,0,0,0,0,0,0,0,0,0.0,0,,0,0,,0,0,0,0,0,0,0,0,0.0,0,0,0,0,0,64.0,5760.0,0,0,0,58,eth:ethertype:ip:tcp,33.5,94.9,52.2,160.0,-48.0,84:F3:EB:12:34:56,,,,,0.0,Normal,0.0
1744306716965414,10.42.0.2,10.42.0.1,50104,1883,1,1,0,1,0,0,0,0,0,0,0,0,0,0.0,0,,0,0,,0,0,0,0,0,0,0,0,0.0,0,0,0,0,0,64.0,5760.0,0,0,0,54,eth:ethertype:ip:tcp,33.5,94.9,52.2,160.0,-48.0,84:F3:EB:12:34:56,,,,,0.0,Normal,0.0
1744306716967649,10.42.0.2,10.42.0.1,50104,1883,1,1,0,1,0,0,1,0,3,0,0,0,0,0.0,0,,0,0,,0,0,0,0,0,0,0,0,0.0,0,0,0,0,0,64.0,5760.0,0,0,0,57,eth:ethertype:ip:tcp,33.5,94.9,52.2,160.0,-48.0,84:F3:EB:12:34:56,,,,,0.0,Normal,0.0
1744306716971471,10.42.0.2,10.42.0.1,50104,1883,4,1,0,1,0,0,1,0,29,0,0,0,0,0.0,0,,0,0,,0,0,0,0,0,0,0,0,0.0,0,0,0,0,0,64.0,5760.0,0,0,0,83,eth:ethertype:ip:tcp,33.5,94.9,52.2,160.0,-48.0,84:F3:EB:12:34:56,,,,,0.0,Normal,0.0
1744306716974888,10.42.0.2,10.42.0.1,50104,1883,33,1,0,1,0,0,1,0,12,0,0,0,0,0.0,0,,0,1,,0,0,0,1,42,4,MQTT,4,0.0,0,0,0,0,0,64.0,5760.0,0,0,esp32_a0a3b3edac1c,66,eth:ethertype:ip:tcp:mqtt,33.5,94.9,52.2,160.0,-48.0,84:F3:EB:12:34:56,,,,,0.0,Normal,0.0
1744306717011904,10.42.0.2,10.42.0.1,50104,1883,45,5,0,1,0,0,1,0,3,0,0,0,0,0.0,0,,0,0,,0,0,0,0,0,0,0,0,0.0,0,0,0,0,0,64.0,5756.0,0,0,0,57,eth:ethertype:ip:tcp,33.5,94.9,52.2,160.0,-48.0,84:F3:EB:12:34:56,,,,,0.0,Normal,0.0
1744306717022165,10.42.0.2,10.42.0.1,50104,1883,48,5,0,1,1,0,1,0,185,0,0,0,0,0.0,0,,0,3,"Wakeup: 0, Mode: 0, Reset: 1, Temperature: 39.7, Uptime: 630976, Memory: 94.9, In_Temperature: 52.2°C, CPU: 160, RSSI: -48, MAC: 84:F3:EB:12:34:56, F_Storage: 99.2",test/temperatura,16,0,0,182,0,0,0,0.0,0,0,0,0,0,64.0,5756.0,0,0,0,239,eth:ethertype:ip:tcp:mqtt,39.7,94.9,52.2,160.0,-48.0,84:F3:EB:12:34:56,,,,,0.0,Normal,0.0
1744306717025541,10.42.0.2,10.42.0.1,50104,1883,234,6,0,1,0,0,0,0,0,0,0,0,0,0.0,0,,0,0,,0,0,0,0,0,0,0,0,0.0,0,0,0,0,0,64.0,5755.0,0,0,0,54,eth:ethertype:ip:tcp,39.7,94.9,52.2,160.0,-48.0,84:F3:EB:12:34:56,,,,,0.0,Normal,0.0
1744306747031068,10.42.0.2,10.42.0.1,50105,1883,0,0,1,0,0,0,0,0,0,0,0,0,0,0.0,0,,0,0,,0,0,0,0,0,0,0,0,0.0,0,0,0,0,0,64.0,5760.0,0,0,0,58,eth:ethertype:ip:tcp,39.7,94.9,52.2,160.0,-48.0,84:F3:EB:12:34:56,,,,,0.0,Normal,0.0
1744306747036605,10.42.0.2,10.42.0.1,50105,1883,1,1,0,1,0,0,0,0,0,0,0,0,0,0.0,0,,0,0,,0,0,0,0,0,0,0,0,0.0,0,0,0,0,0,64.0,5760.0,0,0,0,54,eth:ethertype:ip:tcp,39.7,94.9,52.2,160.0,-48.0,84:F3:EB:12:34:56,,,,,0.0,Normal,0.0
1744306747037994,10.42.0.2,10.42.0.1,50105,1883,1,1,0,1,0,0,1,0,3,0,0,0,0,0.0,0,,0,0,,0,0,0,0,0,0,0,0,0.0,0,0,0,0,0,64.0,5760.0,0,0,0,57,eth:ethertype:ip:tcp,39.7,94.9,52.2,160.0,-48.0,84:F3:EB:12:34:56,,,,,0.0,Normal,0.0
1744306747042257,10.42.0.2,10.42.0.1,50105,1883,4,1,0,1,0,0,1,0,37,0,0,0,0,0.0,0,,0,0,,0,0,0,0,0,0,0,0,0.0,0,0,0,0,0,64.0,5760.0,0,0,0,91,eth:ethertype:ip:tcp,39.7,94.9,52.2,160.0,-48.0,84:F3:EB:12:34:56,,,,,0.0,Normal,0.0
1744306747044671,10.42.0.2,10.42.0.1,50105,1883,41,1,0,1,0,0,1,0,4,0,0,0,0,0.0,0,,0,1,,0,0,0,1,42,4,MQTT,4,0.0,0,0,0,0,0,64.0,5760.0,0,0,esp32_a0a3b3edac1c,58,eth:ethertype:ip:tcp:mqtt,39.7,94.9,52.2,160.0,-48.0,84:F3:EB:12:34:56,,,,,0.0,Normal,0.0
1744306747051113,10.42.0.2,10.42.0.1,50105,1883,45,5,0,1,0,0,0,0,0,0,0,0,0,0.0,0,,0,0,,0,0,0,0,0,0,0,0,0.0,0,0,0,0,0,64.0,5756.0,0,0,0,54,eth:ethertype:ip:tcp,39.7,94.9,52.2,160.0,-48.0,84:F3:EB:12:34:56,,,,,0.0,Normal,0.0
1744306747081183,10.42.0.2,10.42.0.1,50105,1883,45,5,0,1,0,0,1,0,3,0,0,0,0,0.0,0,,0,0,,0,0,0,0,0,0,0,0,0.0,0,0,0,0,0,64.0,5756.0,0,0,0,57,eth:ethertype:ip:tcp,39.7,94.9,52.2,160.0,-48.0,84:F3:EB:12:34:56,,,,,0.0,Normal,0.0
1744306747090863,10.42.0.2,10.42.0.1,50105,1883,48,5,0,1,1,0,1,0,185,0,0,0,0,0.0,0,,0,3,"Wakeup: 0, Mode: 0, Reset: 1, Temperature: 25.6, Uptime: 631006, Memory: 94.9, In_Temperature: 52.2°C, CPU: 160, RSSI: -50, MAC: 84:F3:EB:12:34:56, F_Storage: 99.2",test/temperatura,16,0,0,182,0,0,0,0.0,0,0,0,0,0,64.0,5756.0,0,0,0,239,eth:ethertype:ip:tcp:mqtt,25.6,94.9,52.2,160.0,-50.0,84:F3:EB:12:34:56,,,,,0.0,Normal,0.0
1744306747094346,10.42.0.2,10.42.0.1,50105,1883,234,6,0,1,0,0,0,0,0,0,0,0,0,0.0,0,,0,0,,0,0,0,0,0,0,0,0,0.0,0,0,0,0,0,64.0,5755.0,0,0,0,54,eth:ethertype:ip:tcp,25.6,94.9,52.2,160.0,-50.0,84:F3:EB:12:34:56,,,,,0.0,Normal,0.0
1744306777099741,10.42.0.2,10.42.0.1,50106,1883,0,0,1,0,0,0,0,0,0,0,0,0,0,0.0,0,,0,0,,0,0,0,0,0,0,0,0,0.0,0,0,0,0,0,64.0,5760.0,0,0,0,58,eth:ethertype:ip:tcp,25.6,94.9,52.2,160.0,-50.0,84:F3:EB:12:34:56,,,,,0.0,Normal,0.0
1744306777103713,10.42.0.2,10.42.0.1,50106,1883,1,1,0,1,0,0,0,0,0,0,0,0,0,0.0,0,,0,0,,0,0,0,0,0,0,0,0,0.0,0,0,0,0,0,64.0,5760.0,0,0,0,54,eth:ethertype:ip:tcp,25.6,94.9,52.2,160.0,-50.0,84:F3:EB:12:34:56,,,,,0.0,Normal,0.0
1744306777105830,10.42.0.2,10.42.0.1,50106,1883,1,1,0,1,0,0,1,0,3,0,0,0,0,0.0,0,,0,0,,0,0,0,0,0,0,0,0,0.0,0,0,0,0,0,64.0,5760.0,0,0,0,57,eth:ethertype:ip:tcp,25.6,94.9,52.2,160.0,-50.0,84:F3:EB:12:34:56,,,,,0.0,Normal,0.0
1744306777109306,10.42.0.2,10.42.0.1,50106,1883,4,1,0,1,0,0,1,0,29,0,0,0,0,0.0,0,,0,0,,0,0,0,0,0,0,0,0,0.0,0,0,0,0,0,64.0,5760.0,0,0,0,83,eth:ethertype:ip:tcp,25.6,94.9,52.2,160.0,-50.0,84:F3:EB:12:34:56,,,,,0.0,Normal,0.0
1744306777112360,10.42.0.2,10.42.0.1,50106,1883,33,1,0,1,0,0,1,0,12,0,0,0,0,0.0,0,,0,1,,0,0,0,1,42,4,MQTT,4,0.0,0,0,0,0,0,64.0,5760.0,0,0,esp32_a0a3b3edac1c,66,eth:ethertype:ip:tcp:mqtt,25.6,94.9,52.2,160.0,-50.0,84:F3:EB:12:34:56,,,,,0.0,Normal,0.0
1744306777148824,10.42.0.2,10.42.0.1,50106,1883,45,5,0,1,0,0,1,0,3,0,0,0,0,0.0,0,,0,0,,0,0,0,0,0,0,0,0,0.0,0,0,0,0,0,64.0,5756.0,0,0,0,57,eth:ethertype:ip:tcp,25.6,94.9,52.2,160.0,-50.0,84:F3:EB:12:34:56,,,,,0.0,Normal,0.0
1744306777160192,10.42.0.2,10.42.0.1,50106,1883,48,5,0,1,1,0,1,0,185,0,0,0,0,0.0,0,,0,3,"Wakeup: 0, Mode: 0, Reset: 1, Temperature: 29.6, Uptime: 631036, Memory: 94.9, In_Temperature: 52.2°C, CPU: 160, RSSI: -48, MAC: 84:F3:EB:12:34:56, F_Storage: 99.2",test/temperatura,16,0,0,182,0,0,0,0.0,0,0,0,0,0,64.0,5756.0,0,0,0,239,eth:ethertype:ip:tcp:mqtt,29.6,94.9,52.2,160.0,-48.0,84:F3:EB:12:34:56,,,,,0.0,Normal,0.0
1744306777163752,10.42.0.2,10.42.0.1,50106,1883,234,6,0,1,0,0,0,0,0,0,0,0,0,0.0,0,,0,0,,0,0,0,0,0,0,0,0,0.0,0,0,0,0,0,64.0,5755.0,0,0,0,54,eth:ethertype:ip:tcp,29.6,94.9,52.2,160.0,-48.0,84:F3:EB:12:34:56,,,,,0.0,Normal,0.0
1744306807169275,10.42.0.2,10.42.0.1,50107,1883,0,0,1,0,0,0,0,0,0,0,0,0,0,0.0,0,,0,0,,0,0,0,0,0,0,0,0,0.0,0,0,0,0,0,64.0,5760.0,0,0,0,58,eth:ethertype:ip:tcp,29.6,94.9,52.2,160.0,-48.0,84:F3:EB:12:34:56,,,,,0.0,Normal,0.0
1744306807173343,10.42.0.2,10.42.0.1,50107,1883,1,1,0,1,0,0,0,0,0,0,0,0,0,0.0,0,,0,0,,0,0,0,0,0,0,0,0,0.0,0,0,0,0,0,64.0,5760.0,0,0,0,54,eth:ethertype:ip:tcp,29.6,94.9,52.2,160.0,-48.0,84:F3:EB:12:34:56,,,,,0.0,Normal,0.0
1744306807175327,10.42.0.2,10.42.0.1,50107,1883,1,1,0,1,0,0,1,0,3,0,0,0,0,0.0,0,,0,0,,0,0,0,0,0,0,0,0,0.0,0,0,0,0,0,64.0,5760.0,0,0,0,57,eth:ethertype:ip:tcp,29.6,94.9,52.2,160.0,-48.0,84:F3:EB:12:34:56,,,,,0.0,Normal,0.0
1744306807178683,10.42.0.2,10.42.0.1,50107,1883,4,1,0,1,0,0,1,0,29,0,0,0,0,0.0,0,,0,0,,0,0,0,0,0,0,0,0,0.0,0,0,0,0,0,64.0,5760.0,0,0,0,83,eth:ethertype:ip:tcp,29.6,94.9,52.2,160.0,-48.0,84:F3:EB:12:34:56,,,,,0.0,Normal,0.0
1744306807181923,10.42.0.2,10.42.0.1,50107,1883,33,1,0,1,0,0,1,0,12,0,0,0,0,0.0,0,,0,1,,0,0,0,1,42,4,MQTT,4,0.0,0,0,0,0,0,64.0,5760.0,0,0,esp32_a0a3b3edac1c,66,eth:ethertype:ip:tcp:mqtt,29.6,94.9,52.2,160.0,-48.0,84:F3:EB:12:34:56,,,,,0.0,Normal,0.0
1744306807217117,10.42.0.2,10.42.0.1,50107,1883,45,5,0,1,0,0,1,0,3,0,0,0,0,0.0,0,,0,0,,0,0,0,0,0,0,0,0,0.0,0,0,0,0,0,64.0,5756.0,0,0,0,57,eth:ethertype:ip:tcp,29.6,94.9,52.2,160.0,-48.0,84:F3:EB:12:34:56,,,,,0.0,Normal,0.0
1744306807230267,10.42.0.2,10.42.0.1,50107,1883,48,5,0,1,1,0,1,0,185,0,0,0,0,0.0,0,,0,3,"Wakeup: 0, Mode: 0, Reset: 1, Temperature: 35.2, Uptime: 631066, Memory: 94.9, In_Temperature: 52.2°C, CPU: 160, RSSI: -51, MAC: 84:F3:EB:12:34:56, F_Storage: 99.2",test/temperatura,16,0,0,182,0,0,0,0.0,0,0,0,0,0,64.0,5756.0,0,0,0,239,eth:ethertype:ip:tcp:mqtt,35.2,94.9,52.2,160.0,-51.0,84:F3:EB:12:34:56,,,,,0.0,Normal,0.0
1744306807233751,10.42.0.2,10.42.0.1,50107,1883,234,6,0,1,0,0,0,0,0,0,0,0,0,0.0,0,,0,0,,0,0,0,0,0,0,0,0,0.0,0,0,0,0,0,64.0,5755.0,0,0,0,54,eth:ethertype:ip:tcp,35.2,94.9,52.2,160.0,-51.0,84:F3:EB:12:34:56,,,,,0.0,Normal,0.0
1744306837239625,10.42.0.2,10.42.0.1,50108,1883,0,0,1,0,0,0,0,0,0,0,0,0,0,0.0,0,,0,0,,0,0,0,0,0,0,0,0,0.0,0,0,0,0,0,64.0,5760.0,0,0,0,58,eth:ethertype:ip:tcp,35.2,94.9,52.2,160.0,-51.0,84:F3:EB:12:34:56,,,,,0.0,Normal,0.0
1744306837243517,10.42.0.2,10.42.0.1,50108,1883,1,1,0,1,0,0,0,0,0,0,0,0,0,0.0,0,,0,0,,0,0,0,0,0,0,0,0,0.0,0,0,0,0,0,64.0,5760.0,0,0,0,54,eth:ethertype:ip:tcp,35.2,94.9,52.2,160.0,-51.0,84:F3:EB:12:34:56,,,,,0.0,Normal,0.0
1744306837245749,10.42.0.2,10.42.0.1,50108,1883,1,1,0,1,0,0,1,0,3,0,0,0,0,0.0,0,,0,0,,0,0,0,0,0,0,0,0,0.0,0,0,0,0,0,64.0,5760.0,0,0,0,57,eth:ethertype:ip:tcp,35.2,94.9,52.2,160.0,-51.0,84:F3:EB:12:34:56,,,,,0.0,Normal,0.0
1744306837251887,10.42.0.2,10.42.0.1,50108,1883,4,1,0,1,0,0,1,0,29,0,0,0,0,0.0,0,,0,0,,0,0,0,0,0,0,0,0,0.0,0,0,0,0,0,64.0,5760.0,0,0,0,83,eth:ethertype:ip:tcp,35.2,94.9,52.2,160.0,-51.0,84:F3:EB:12:34:56,,,,,0.0,Normal,0.0
1744306837255113,10.42.0.2,10.42.0.1,50108,1883,33,1,0,1,0,0,1,0,12,0,0,0,0,0.0,0,,0,1,,0,0,0,1,42,4,MQTT,4,0.0,0,0,0,0,0,64.0,5760.0,0,0,esp32_a0a3b3edac1c,66,eth:ethertype:ip:tcp:mqtt,35.2,94.9,52.2,160.0,-51.0,84:F3:EB:12:34:56,,,,,0.0,Normal,0.0
1744306837290360,10.42.0.2,10.42.0.1,50108,1883,45,5,0,1,0,0,1,0,3,0,0,0,0,0.0,0,,0,0,,0,0,0,0,0,0,0,0,0.0,0,0,0,0,0,64.0,5756.0,0,0,0,57,eth:ethertype:ip:tcp,35.2,94.9,52.2,160.0,-51.0,84:F3:EB:12:34:56,,,,,0.0,Normal,0.0
1744306837308949,10.42.0.2,10.42.0.1,50108,1883,48,5,0,1,1,0,1,0,185,0,0,0,0,0.0,0,,0,3,"Wakeup: 0, Mode: 0, Reset: 1, Temperature: 37.9, Uptime: 631096, Memory: 94.9, In_Temperature: 52.2°C, CPU: 160, RSSI: -49, MAC: 84:F3:EB:12:34:56, F_Storage: 99.2",test/temperatura,16,0,0,182,0,0,0,0.0,0,0,0,0,0,64.0,5756.0,0,0,0,239,eth:ethertype:ip:tcp:mqtt,37.9,94.9,52.2,160.0,-49.0,84:F3:EB:12:34:56,,,,,0.0,Normal,0.0
1744306837312323,10.42.0.2,10.42.0.1,50108,1883,234,6,0,1,0,0,0,0,0,0,0,0,0,0.0,0,,0,0,,0,0,0,0,0,0,0,0,0.0,0,0,0,0,0,64.0,5755.0,0,0,0,54,eth:ethertype:ip:tcp,37.9,94.9,52.2,160.0,-49.0,84:F3:EB:12:34:56,,,,,0.0,Normal,0.0
1744306867317052,10.42.0.2,10.42.0.1,50109,1883,0,0,1,0,0,0,0,0,0,0,0,0,0,0.0,0,,0,0,,0,0,0,0,0,0,0,0,0.0,0,0,0,0,0,64.0,5760.0,0,0,0,58,eth:ethertype:ip:tcp,37.9,94.9,52.2,160.0,-49.0,84:F3:EB:12:34:56,,,,,0.0,Normal,0.0
1744306867323036,10.42.0.2,10.42.0.1,50109,1883,1,1,0,1,0,0,0,0,0,0,0,0,0,0.0,0,,0,0,,0,0,0,0,0,0,0,0,0.0,0,0,0,0,0,64.0,5760.0,0,0,0,54,eth:ethertype:ip:tcp,37.9,94.9,52.2,160.0,-49.0,84:F3:EB:12:34:56,,,,,0.0,Normal,0.0
1744306867323766,10.42.0.2,10.42.0.1,50109,1883,1,1,0,1,0,0,1,0,3,0,0,0,0,0.0,0,,0,0,,0,0,0,0,0,0,0,0,0.0,0,0,0,0,0,64.0,5760.0,0,0,0,57,eth:ethertype:ip:tcp,37.9,94.9,52.2,160.0,-49.0,84:F3:EB:12:34:56,,,,,0.0,Normal,0.0
1744306867327167,10.42.0.2,10.42.0.1,50109,1883,4,1,0,1,0,0,1,0,31,0,0,0,0,0.0,0,,0,0,,0,0,0,0,0,0,0,0,0.0,0,0,0,0,0,64.0,5760.0,0,0,0,85,eth:ethertype:ip:tcp,37.9,94.9,52.2,160.0,-49.0,84:F3:EB:12:34:56,,,,,0.0,Normal,0.0
1744306867330185,10.42.0.2,10.42.0.1,50109,1883,35,1,0,1,0,0,1,0,10,0,0,0,0,0.0,0,,0,1,,0,0,0,1,42,4,MQTT,4,0.0,0,0,0,0,0,64.0,5760.0,0,0,esp32_a0a3b3edac1c,64,eth:ethertype:ip:tcp:mqtt,37.9,94.9,52.2,160.0,-49.0,84:F3:EB:12:34:56,,,,,0.0,Normal,0.0
1744306867366075,10.42.0.2,10.42.0.1,50109,1883,45,5,0,1,0,0,1,0,3,0,0,0,0,0.0,0,,0,0,,0,0,0,0,0,0,0,0,0.0,0,0,0,0,0,64.0,5756.0,0,0,0,57,eth:ethertype:ip:tcp,37.9,94.9,52.2,160.0,-49.0,84:F3:EB:12:34:56,,,,,0.0,Normal,0.0
1744306867378134,10.42.0.2,10.42.0.1,50109,1883,48,5,0,1,1,0,1,0,185,0,0,0,0,0.0,0,,0,3,"Wakeup: 0, Mode: 0, Reset: 1, Temperature: 35.1, Uptime: 631126, Memory: 94.9, In_Temperature: 52.2°C, CPU: 160, RSSI: -50, MAC: 84:F3:EB:12:34:56, F_Storage: 99.2",test/temperatura,16,0,0,182,0,0,0,0.0,0,0,0,0,0,64.0,5756.0,0,0,0,239,eth:ethertype:ip:tcp:mqtt,35.1,94.9,52.2,160.0,-50.0,84:F3:EB:12:34:56,,,,,0.0,Normal,0.0
1744306867381723,10.42.0.2,10.42.0.1,50109,1883,234,6,0,1,0,0,0,0,0,0,0,0,0,0.0,0,,0,0,,0,0,0,0,0,0,0,0,0.0,0,0,0,0,0,64.0,5755.0,0,0,0,54,eth:ethertype:ip:tcp,35.1,94.9,52.2,160.0,-50.0,84:F3:EB:12:34:56,,,,,0.0,Normal,0.0
1744306897387191,10.42.0.2,10.42.0.1,50110,1883,0,0,1,0,0,0,0,0,0,0,0,0,0,0.0,0,,0,0,,0,0,0,0,0,0,0,0,0.0,0,0,0,0,0,64.0,5760.0,0,0,0,58,eth:ethertype:ip:tcp,35.1,94.9,52.2,160.0,-50.0,84:F3:EB:12:34:56,,,,,0.0,Normal,0.0
1744306897391231,10.42.0.2,10.42.0.1,50110,1883,1,1,0,1,0,0,0,0,0,0,0,0,0,0.0,0,,0,0,,0,0,0,0,0,0,0,0,0.0,0,0,0,0,0,64.0,5760.0,0,0,0,54,eth:ethertype:ip:tcp,35.1,94.9,52.2,160.0,-50.0,84:F3:EB:12:34:56,,,,,0.0,Normal,0.0
1744306897393295,10.42.0.2,10.42.0.1,50110,1883,1,1,0,1,0,0,1,0,3,0,0,0,0,0.0,0,,0,0,,0,0,0,0,0,0,0,0,0.0,0,0,0,0,0,64.0,5760.0,0,0,0,57,eth:ethertype:ip:tcp,35.1,94.9,52.2,160.0,-50.0,84:F3:EB:12:34:56,,,,,0.0,Normal,0.0
1744306897396707,10.42.0.2,10.42.0.1,50110,1883,4,1,0,1,0,0,1,0,29,0,0,0,0,0.0,0,,0,0,,0,0,0,0,0,0,0,0,0.0,0,0,0,0,0,64.0,5760.0,0,0,0,83,eth:ethertype:ip:tcp,35.1,94.9,52.2,160.0,-50.0,84:F3:EB:12:34:56,,,,,0.0,Normal,0.0
1744306897400979,10.42.0.2,10.42.0.1,50110,1883,33,1,0,1,0,0,1,0,12,0,0,0,0,0.0,0,,0,1,,0,0,0,1,42,4,MQTT,4,0.0,0,0,0,0,0,64.0,5760.0,0,0,esp32_a0a3b3edac1c,66,eth:ethertype:ip:tcp:mqtt,35.1,94.9,52.2,160.0,-50.0,84:F3:EB:12:34:56,,,,,0.0,Normal,0.0
1744306897436420,10.42.0.2,10.42.0.1,50110,1883,45,5,0,1,0,0,1,0,3,0,0,0,0,0.0,0,,0,0,,0,0,0,0,0,0,0,0,0.0,0,0,0,0,0,64.0,5756.0,0,0,0,57,eth:ethertype:ip:tcp,35.1,94.9,52.2,160.0,-50.0,84:F3:EB:12:34:56,,,,,0.0,Normal,0.0
1744306897448248,10.42.0.2,10.42.0.1,50110,1883,48,5,0,1,1,0,1,0,185,0,0,0,0,0.0,0,,0,3,"Wakeup: 0, Mode: 0, Reset: 1, Temperature: 31.6, Uptime: 631156, Memory: 94.9, In_Temperature: 52.2°C, CPU: 160, RSSI: -52, MAC: 84:F3:EB:12:34:56, F_Storage: 99.2",test/temperatura,16,0,0,182,0,0,0,0.0,0,0,0,0,0,64.0,5756.0,0,0,0,239,eth:ethertype:ip:tcp:mqtt,31.6,94.9,52.2,160.0,-52.0,84:F3:EB:12:34:56,,,,,0.0,Normal,0.0
1744306897451866,10.42.0.2,10.42.0.1,50110,1883,234,6,0,1,0,0,0,0,0,0,0,0,0,0.0,0,,0,0,,0,0,0,0,0,0,0,0,0.0,0,0,0,0,0,64.0,5755.0,0,0,0,54,eth:ethertype:ip:tcp,31.6,94.9,52.2,160.0,-52.0,84:F3:EB:12:34:56,,,,,0.0,Normal,0.0
1744306927456610,10.42.0.2,10.42.0.1,50111,1883,0,0,1,0,0,0,0,0,0,0,0,0,0,0.0,0,,0,0,,0,0,0,0,0,0,0,0,0.0,0,0,0,0,0,64.0,5760.0,0,0,0,58,eth:ethertype:ip:tcp,31.6,94.9,52.2,160.0,-52.0,84:F3:EB:12:34:56,,,,,0.0,Normal,0.0
1744306927460967,10.42.0.2,10.42.0.1,50111,1883,1,1,0,1,0,0,0,0,0,0,0,0,0,0.0,0,,0,0,,0,0,0,0,0,0,0,0,0.0,0,0,0,0,0,64.0,5760.0,0,0,0,54,eth:ethertype:ip:tcp,31.6,94.9,52.2,160.0,-52.0,84:F3:EB:12:34:56,,,,,0.0,Normal,0.0
1744306927462967,10.42.0.2,10.42.0.1,50111,1883,1,1,0,1,0,0,1,0,3,0,0,0,0,0.0,0,,0,0,,0,0,0,0,0,0,0,0,0.0,0,0,0,0,0,64.0,5760.0,0,0,0,57,eth:ethertype:ip:tcp,31.6,94.9,52.2,160.0,-52.0,84:F3:EB:12:34:56,,,,,0.0,Normal,0.0
1744306927467125,10.42.0.2,10.42.0.1,50111,1883,4,1,0,1,0,0,1,0,29,0,0,0,0,0.0,0,,0,0,,0,0,0,0,0,0,0,0,0.0,0,0,0,0,0,64.0,5760.0,0,0,0,83,eth:ethertype:ip:tcp,31.6,94.9,52.2,160.0,-52.0,84:F3:EB:12:34:56,,,,,0.0,Normal,0.0
1744306927470089,10.42.0.2,10.42.0.1,50111,1883,33,1,0,1,0,0,1,0,12,0,0,0,0,0.0,0,,0,1,,0,0,0,1,42,4,MQTT,4,0.0,0,0,0,0,0,64.0,5760.0,0,0,esp32_a0a3b3edac1c,66,eth:ethertype:ip:tcp:mqtt,31.6,94.9,52.2,160.0,-52.0,84:F3:EB:12:34:56,,,,,0.0,Normal,0.0
1744306927507761,10.42.0.2,10.42.0.1,50111,1883,45,5,0,1,0,0,1,0,3,0,0,0,0,0.0,0,,0,0,,0,0,0,0,0,0,0,0,0.0,0,0,0,0,0,64.0,5756.0,0,0,0,57,eth:ethertype:ip:tcp,31.6,94.9,52.2,160.0,-52.0,84:F3:EB:12:34:56,,,,,0.0,Normal,0.0
1744306927516927,10.42.0.2,10.42.0.1,50111,1883,48,5,0,1,1,0,1,0,185,0,0,0,0,0.0,0,,0,3,"Wakeup: 0, Mode: 0, Reset: 1, Temperature: 31.3, Uptime: 631186, Memory: 94.9, In_Temperature: 52.2°C, CPU: 160, RSSI: -53, MAC: 84:F3:EB:12:34:56, F_Storage: 99.2",test/temperatura,16,0,0,182,0,0,0,0.0,0,0,0,0,0,64.0,5756.0,0,0,0,239,eth:ethertype:ip:tcp:mqtt,31.3,94.9,52.2,160.0,-53.0,84:F3:EB:12:34:56,,,,,0.0,Normal,0.0
1744306927520192,10.42.0.2,10.42.0.1,50111,1883,234,6,0,1,0,0,0,0,0,0,0,0,0,0.0,0,,0,0,,0,0,0,0,0,0,0,0,0.0,0,0,0,0,0,64.0,5755.0,0,0,0,54,eth:ethertype:ip:tcp,31.3,94.9,52.2,160.0,-53.0,84:F3:EB:12:34:56,,,,,0.0,Normal,0.0
1744306957525807,10.42.0.2,10.42.0.1,50112,1883,0,0,1,0,0,0,0,0,0,0,0,0,0,0.0,0,,0,0,,0,0,0,0,0,0,0,0,0.0,0,0,0,0,0,64.0,5760.0,0,0,0,58,eth:ethertype:ip:tcp,31.3,94.9,52.2,160.0,-53.0,84:F3:EB:12:34:56,,,,,0.0,Normal,0.0
1744306957529994,10.42.0.2,10.42.0.1,50112,1883,1,1,0,1,0,0,0,0,0,0,0,0,0,0.0,0,,0,0,,0,0,0,0,0,0,0,0,0.0,0,0,0,0,0,64.0,5760.0,0,0,0,54,eth:ethertype:ip:tcp,31.3,94.9,52.2,160.0,-53.0,84:F3:EB:12:34:56,,,,,0.0,Normal,0.0
1744306957532059,10.42.0.2,10.42.0.1,50112,1883,1,1,0,1,0,0,1,0,3,0,0,0,0,0.0,0,,0,0,,0,0,0,0,0,0,0,0,0.0,0,0,0,0,0,64.0,5760.0,0,0,0,57,eth:ethertype:ip:tcp,31.3,94.9,52.2,160.0,-53.0,84:F3:EB:12:34:56,,,,,0.0,Normal,0.0
1744306957535500,10.42.0.2,10.42.0.1,50112,1883,4,1,0,1,0,0,1,0,29,0,0,0,0,0.0,0,,0,0,,0,0,0,0,0,0,0,0,0.0,0,0,0,0,0,64.0,5760.0,0,0,0,83,eth:ethertype:ip:tcp,31.3,94.9,52.2,160.0,-53.0,84:F3:EB:12:34:56,,,,,0.0,Normal,0.0
1744306957538542,10.42.0.2,10.42.0.1,50112,1883,33,1,0,1,0,0,1,0,12,0,0,0,0,0.0,0,,0,1,,0,0,0,1,42,4,MQTT,4,0.0,0,0,0,0,0,64.0,5760.0,0,0,esp32_a0a3b3edac1c,66,eth:ethertype:ip:tcp:mqtt,31.3,94.9,52.2,160.0,-53.0,84:F3:EB:12:34:56,,,,,0.0,Normal,0.0
1744306957545700,10.42.0.2,10.42.0.1,50112,1883,45,5,0,1,0,0,0,0,0,0,0,0,0,0.0,0,,0,0,,0,0,0,0,0,0,0,0,0.0,0,0,0,0,0,64.0,5756.0,0,0,0,54,eth:ethertype:ip:tcp,31.3,94.9,52.2,160.0,-53.0,84:F3:EB:12:34:56,,,,,0.0,Normal,0.0
1744306957574687,10.42.0.2,10.42.0.1,50112,1883,45,5,0,1,0,0,1,0,3,0,0,0,0,0.0,0,,0,0,,0,0,0,0,0,0,0,0,0.0,0,0,0,0,0,64.0,5756.0,0,0,0,57,eth:ethertype:ip:tcp,31.3,94.9,52.2,160.0,-53.0,84:F3:EB:12:34:56,,,,,0.0,Normal,0.0
1744306957586146,10.42.0.2,10.42.0.1,50112,1883,48,5,0,1,1,0,1,0,185,0,0,0,0,0.0,0,,0,3,"Wakeup: 0, Mode: 0, Reset: 1, Temperature: 31.5, Uptime: 631217, Memory: 94.9, In_Temperature: 52.2°C, CPU: 160, RSSI: -50, MAC: 84:F3:EB:12:34:56, F_Storage: 99.2",test/temperatura,16,0,0,182,0,0,0,0.0,0,0,0,0,0,64.0,5756.0,0,0,0,239,eth:ethertype:ip:tcp:mqtt,31.5,94.9,52.2,160.0,-50.0,84:F3:EB:12:34:56,,,,,0.0,Normal,0.0
1744306957589711,10.42.0.2,10.42.0.1,50112,1883,234,6,0,1,0,0,0,0,0,0,0,0,0,0.0,0,,0,0,,0,0,0,0,0,0,0,0,0.0,0,0,0,0,0,64.0,5755.0,0,0,0,54,eth:ethertype:ip:tcp,31.5,94.9,52.2,160.0,-50.0,84:F3:EB:12:34:56,,,,,0.0,Normal,0.0
1744306987595260,10.42.0.2,10.42.0.1,50113,1883,0,0,1,0,0,0,0,0,0,0,0,0,0,0.0,0,,0,0,,0,0,0,0,0,0,0,0,0.0,0,0,0,0,0,64.0,5760.0,0,0,0,58,eth:ethertype:ip:tcp,31.5,94.9,52.2,160.0,-50.0,84:F3:EB:12:34:56,,,,,0.0,Normal,0.0
1744306987599247,10.42.0.2,10.42.0.1,50113,1883,1,1,0,1,0,0,0,0,0,0,0,0,0,0.0,0,,0,0,,0,0,0,0,0,0,0,0,0.0,0,0,0,0,0,64.0,5760.0,0,0,0,54,eth:ethertype:ip:tcp,31.5,94.9,52.2,160.0,-50.0,84:F3:EB:12:34:56,,,,,0.0,Normal,0.0
1744306987601374,10.42.0.2,10.42.0.1,50113,1883,1,1,0,1,0,0,1,0,3,0,0,0,0,0.0,0,,0,0,,0,0,0,0,0,0,0,0,0.0,0,0,0,0,0,64.0,5760.0,0,0,0,57,eth:ethertype:ip:tcp,31.5,94.9,52.2,160.0,-50.0,84:F3:EB:12:34:56,,,,,0.0,Normal,0.0
1744306987604816,10.42.0.2,10.42.0.1,50113,1883,4,1,0,1,0,0,1,0,29,0,0,0,0,0.0,0,,0,0,,0,0,0,0,0,0,0,0,0.0,0,0,0,0,0,64.0,5760.0,0,0,0,83,eth:ethertype:ip:tcp,31.5,94.9,52.2,160.0,-50.0,84:F3:EB:12:34:56,,,,,0.0,Normal,0.0
1744306987608024,10.42.0.2,10.42.0.1,50113,1883,33,1,0,1,0,0,1,0,12,0,0,0,0,0.0,0,,0,1,,0,0,0,1,42,4,MQTT,4,0.0,0,0,0,0,0,64.0,5760.0,0,0,esp32_a0a3b3edac1c,66,eth:ethertype:ip:tcp:mqtt,31.5,94.9,52.2,160.0,-50.0,84:F3:EB:12:34:56,,,,,0.0,Normal,0.0
1744306987643180,10.42.0.2,10.42.0.1,50113,1883,45,5,0,1,0,0,1,0,3,0,0,0,0,0.0,0,,0,0,,0,0,0,0,0,0,0,0,0.0,0,0,0,0,0,64.0,5756.0,0,0,0,57,eth:ethertype:ip:tcp,31.5,94.9,52.2,160.0,-50.0,84:F3:EB:12:34:56,,,,,0.0,Normal,0.0
1744306987655573,10.42.0.2,10.42.0.1,50113,1883,48,5,0,1,1,0,1,0,185,0,0,0,0,0.0,0,,0,3,"Wakeup: 0, Mode: 0, Reset: 1, Temperature: 29.5, Uptime: 631247, Memory: 94.9, In_Temperature: 52.2°C, CPU: 160, RSSI: -49, MAC: 84:F3:EB:12:34:56, F_Storage: 99.2",test/temperatura,16,0,0,182,0,0,0,0.0,0,0,0,0,0,64.0,5756.0,0,0,0,239,eth:ethertype:ip:tcp:mqtt,29.5,94.9,52.2,160.0,-49.0,84:F3:EB:12:34:56,,,,,0.0,Normal,0.0
1744306987660487,10.42.0.2,10.42.0.1,50113,1883,234,6,0,1,0,0,0,0,0,0,0,0,0,0.0,0,,0,0,,0,0,0,0,0,0,0,0,0.0,0,0,0,0,0,64.0,5755.0,0,0,0,54,eth:ethertype:ip:tcp,29.5,94.9,52.2,160.0,-49.0,84:F3:EB:12:34:56,,,,,0.0,Normal,0.0
1744307017665494,10.42.0.2,10.42.0.1,50114,1883,0,0,1,0,0,0,0,0,0,0,0,0,0,0.0,0,,0,0,,0,0,0,0,0,0,0,0,0.0,0,0,0,0,0,64.0,5760.0,0,0,0,58,eth:ethertype:ip:tcp,29.5,94.9,52.2,160.0,-49.0,84:F3:EB:12:34:56,,,,,0.0,Normal,0.0
1744307017669510,10.42.0.2,10.42.0.1,50114,1883,1,1,0,1,0,0,0,0,0,0,0,0,0,0.0,0,,0,0,,0,0,0,0,0,0,0,0,0.0,0,0,0,0,0,64.0,5760.0,0,0,0,54,eth:ethertype:ip:tcp,29.5,94.9,52.2,160.0,-49.0,84:F3:EB:12:34:56,,,,,0.0,Normal,0.0
1744307017671695,10.42.0.2,10.42.0.1,50114,1883,1,1,0,1,0,0,1,0,3,0,0,0,0,0.0,0,,0,0,,0,0,0,0,0,0,0,0,0.0,0,0,0,0,0,64.0,5760.0,0,0,0,57,eth:ethertype:ip:tcp,29.5,94.9,52.2,160.0,-49.0,84:F3:EB:12:34:56,,,,,0.0,Normal,0.0
1744307017675095,10.42.0.2,10.42.0.1,50114,1883,4,1,0,1,0,0,1,0,29,0,0,0,0,0.0,0,,0,0,,0,0,0,0,0,0,0,0,0.0,0,0,0,0,0,64.0,5760.0,0,0,0,83,eth:ethertype:ip:tcp,29.5,94.9,52.2,160.0,-49.0,84:F3:EB:12:34:56,,,,,0.0,Normal,0.0
1744307017678293,10.42.0.2,10.42.0.1,50114,1883,33,1,0,1,0,0,1,0,12,0,0,0,0,0.0,0,,0,1,,0,0,0,1,42,4,MQTT,4,0.0,0,0,0,0,0,64.0,5760.0,0,0,esp32_a0a3b3edac1c,66,eth:ethertype:ip:tcp:mqtt,29.5,94.9,52.2,160.0,-49.0,84:F3:EB:12:34:56,,,,,0.0,Normal,0.0
1744307017713495,10.42.0.2,10.42.0.1,50114,1883,45,5,0,1,0,0,1,0,3,0,0,0,0,0.0,0,,0,0,,0,0,0,0,0,0,0,0,0.0,0,0,0,0,0,64.0,5756.0,0,0,0,57,eth:ethertype:ip:tcp,29.5,94.9,52.2,160.0,-49.0,84:F3:EB:12:34:56,,,,,0.0,Normal,0.0
1744307017724853,10.42.0.2,10.42.0.1,50114,1883,48,5,0,1,1,0,1,0,185,0,0,0,0,0.0,0,,0,3,"Wakeup: 0, Mode: 0, Reset: 1, Temperature: 29.3, Uptime: 631277, Memory: 94.9, In_Temperature: 52.2°C, CPU: 160, RSSI: -50, MAC: 84:F3:EB:12:34:56, F_Storage: 99.2",test/temperatura,16,0,0,182,0,0,0,0.0,0,0,0,0,0,64.0,5756.0,0,0,0,239,eth:ethertype:ip:tcp:mqtt,29.3,94.9,52.2,160.0,-50.0,84:F3:EB:12:34:56,,,,,0.0,Normal,0.0
1744307017728196,10.42.0.2,10.42.0.1,50114,1883,234,6,0,1,0,0,0,0,0,0,0,0,0,0.0,0,,0,0,,0,0,0,0,0,0,0,0,0.0,0,0,0,0,0,64.0,5755.0,0,0,0,54,eth:ethertype:ip:tcp,29.3,94.9,52.2,160.0,-50.0,84:F3:EB:12:34:56,,,,,0.0,Normal,0.0
1744307047732911,10.42.0.2,10.42.0.1,50115,1883,0,0,1,0,0,0,0,0,0,0,0,0,0,0.0,0,,0,0,,0,0,0,0,0,0,0,0,0.0,0,0,0,0,0,64.0,5760.0,0,0,0,58,eth:ethertype:ip:tcp,29.3,94.9,52.2,160.0,-50.0,84:F3:EB:12:34:56,,,,,0.0,Normal,0.0
1744307047736543,10.42.0.2,10.42.0.1,50115,1883,1,1,0,1,0,0,0,0,0,0,0,0,0,0.0,0,,0,0,,0,0,0,0,0,0,0,0,0.0,0,0,0,0,0,64.0,5760.0,0,0,0,54,eth:ethertype:ip:tcp,29.3,94.9,52.2,160.0,-50.0,84:F3:EB:12:34:56,,,,,0.0,Normal,0.0
1744307047738777,10.42.0.2,10.42.0.1,50115,1883,1,1,0,1,0,0,1,0,3,0,0,0,0,0.0,0,,0,0,,0,0,0,0,0,0,0,0,0.0,0,0,0,0,0,64.0,5760.0,0,0,0,57,eth:ethertype:ip:tcp,29.3,94.9,52.2,160.0,-50.0,84:F3:EB:12:34:56,,,,,0.0,Normal,0.0
1744307047742239,10.42.0.2,10.42.0.1,50115,1883,4,1,0,1,0,0,1,0,29,0,0,0,0,0.0,0,,0,0,,0,0,0,0,0,0,0,0,0.0,0,0,0,0,0,64.0,5760.0,0,0,0,83,eth:ethertype:ip:tcp,29.3,94.9,52.2,160.0,-50.0,84:F3:EB:12:34:56,,,,,0.0,Normal,0.0
1744307047745289,10.42.0.2,10.42.0.1,50115,1883,33,1,0,1,0,0,1,0,12,0,0,0,0,0.0,0,,0,1,,0,0,0,1,42,4,MQTT,4,0.0,0,0,0,0,0,64.0,5760.0,0,0,esp32_a0a3b3edac1c,66,eth:ethertype:ip:tcp:mqtt,29.3,94.9,52.2,160.0,-50.0,84:F3:EB:12:34:56,,,,,0.0,Normal,0.0
1744307047781208,10.42.0.2,10.42.0.1,50115,1883,45,5,0,1,0,0,1,0,3,0,0,0,0,0.0,0,,0,0,,0,0,0,0,0,0,0,0,0.0,0,0,0,0,0,64.0,5756.0,0,0,0,57,eth:ethertype:ip:tcp,29.3,94.9,52.2,160.0,-50.0,84:F3:EB:12:34:56,,,,,0.0,Normal,0.0
1744307047794475,10.42.0.2,10.42.0.1,50115,1883,48,5,0,1,1,0,1,0,185,0,0,0,0,0.0,0,,0,3,"Wakeup: 0, Mode: 0, Reset: 1, Temperature: 27.9, Uptime: 631307, Memory: 94.9, In_Temperature: 52.2°C, CPU: 160, RSSI: -50, MAC: 84:F3:EB:12:34:56, F_Storage: 99.2",test/temperatura,16,0,0,182,0,0,0,0.0,0,0,0,0,0,64.0,5756.0,0,0,0,239,eth:ethertype:ip:tcp:mqtt,27.9,94.9,52.2,160.0,-50.0,84:F3:EB:12:34:56,,,,,0.0,Normal,0.0
1744307047798039,10.42.0.2,10.42.0.1,50115,1883,234,6,0,1,0,0,0,0,0,0,0,0,0,0.0,0,,0,0,,0,0,0,0,0,0,0,0,0.0,0,0,0,0,0,64.0,5755.0,0,0,0,54,eth:ethertype:ip:tcp,27.9,94.9,52.2,160.0,-50.0,84:F3:EB:12:34:56,,,,,0.0,Normal,0.0
1744307077803174,10.42.0.2,10.42.0.1,50116,1883,0,0,1,0,0,0,0,0,0,0,0,0,0,0.0,0,,0,0,,0,0,0,0,0,0,0,0,0.0,0,0,0,0,0,64.0,5760.0,0,0,0,58,eth:ethertype:ip:tcp,27.9,94.9,52.2,160.0,-50.0,84:F3:EB:12:34:56,,,,,0.0,Normal,0.0
1744307077807169,10.42.0.2,10.42.0.1,50116,1883,1,1,0,1,0,0,0,0,0,0,0,0,0,0.0,0,,0,0,,0,0,0,0,0,0,0,0,0.0,0,0,0,0,0,64.0,5760.0,0,0,0,54,eth:ethertype:ip:tcp,27.9,94.9,52.2,160.0,-50.0,84:F3:EB:12:34:56,,,,,0.0,Normal,0.0
1744307077809201,10.42.0.2,10.42.0.1,50116,1883,1,1,0,1,0,0,1,0,3,0,0,0,0,0.0,0,,0,0,,0,0,0,0,0,0,0,0,0.0,0,0,0,0,0,64.0,5760.0,0,0,0,57,eth:ethertype:ip:tcp,27.9,94.9,52.2,160.0,-50.0,84:F3:EB:12:34:56,,,,,0.0,Normal,0.0
1744307077812719,10.42.0.2,10.42.0.1,50116,1883,4,1,0,1,0,0,1,0,29,0,0,0,0,0.0,0,,0,0,,0,0,0,0,0,0,0,0,0.0,0,0,0,0,0,64.0,5760.0,0,0,0,83,eth:ethertype:ip:tcp,27.9,94.9,52.2,160.0,-50.0,84:F3:EB:12:34:56,,,,,0.0,Normal,0.0
1744307077815831,10.42.0.2,10.42.0.1,50116,1883,33,1,0,1,0,0,1,0,12,0,0,0,0,0.0,0,,0,1,,0,0,0,1,42,4,MQTT,4,0.0,0,0,0,0,0,64.0,5760.0,0,0,esp32_a0a3b3edac1c,66,eth:ethertype:ip:tcp:mqtt,27.9,94.9,52.2,160.0,-50.0,84:F3:EB:12:34:56,,,,,0.0,Normal,0.0
1744307077851322,10.42.0.2,10.42.0.1,50116,1883,45,5,0,1,0,0,1,0,3,0,0,0,0,0.0,0,,0,0,,0,0,0,0,0,0,0,0,0.0,0,0,0,0,0,64.0,5756.0,0,0,0,57,eth:ethertype:ip:tcp,27.9,94.9,52.2,160.0,-50.0,84:F3:EB:12:34:56,,,,,0.0,Normal,0.0
1744307077863540,10.42.0.2,10.42.0.1,50116,1883,48,5,0,1,1,0,1,0,185,0,0,0,0,0.0,0,,0,3,"Wakeup: 0, Mode: 0, Reset: 1, Temperature: 32.5, Uptime: 631337, Memory: 94.9, In_Temperature: 52.2°C, CPU: 160, RSSI: -50, MAC: 84:F3:EB:12:34:56, F_Storage: 99.2",test/temperatura,16,0,0,182,0,0,0,0.0,0,0,0,0,0,64.0,5756.0,0,0,0,239,eth:ethertype:ip:tcp:mqtt,32.5,94.9,52.2,160.0,-50.0,84:F3:EB:12:34:56,,,,,0.0,Normal,0.0
1744307077867135,10.42.0.2,10.42.0.1,50116,1883,234,6,0,1,0,0,0,0,0,0,0,0,0,0.0,0,,0,0,,0,0,0,0,0,0,0,0,0.0,0,0,0,0,0,64.0,5755.0,0,0,0,54,eth:ethertype:ip:tcp,32.5,94.9,52.2,160.0,-50.0,84:F3:EB:12:34:56,,,,,0.0,Normal,0.0
1744307107873321,10.42.0.2,10.42.0.1,50117,1883,0,0,1,0,0,0,0,0,0,0,0,0,0,0.0,0,,0,0,,0,0,0,0,0,0,0,0,0.0,0,0,0,0,0,64.0,5760.0,0,0,0,58,eth:ethertype:ip:tcp,32.5,94.9,52.2,160.0,-50.0,84:F3:EB:12:34:56,,,,,0.0,Normal,0.0
1744307107881767,10.42.0.2,10.42.0.1,50117,1883,1,1,0,1,0,0,0,0,0,0,0,0,0,0.0,0,,0,0,,0,0,0,0,0,0,0,0,0.0,0,0,0,0,0,64.0,5760.0,0,0,0,54,eth:ethertype:ip:tcp,32.5,94.9,52.2,160.0,-50.0,84:F3:EB:12:34:56,,,,,0.0,Normal,0.0
1744307107882283,10.42.0.2,10.42.0.1,50117,1883,1,1,0,1,0,0,1,0,3,0,0,0,0,0.0,0,,0,0,,0,0,0,0,0,0,0,0,0.0,0,0,0,0,0,64.0,5760.0,0,0,0,57,eth:ethertype:ip:tcp,32.5,94.9,52.2,160.0,-50.0,84:F3:EB:12:34:56,,,,,0.0,Normal,0.0
1744307107885035,10.42.0.2,10.42.0.1,50117,1883,4,1,0,1,0,0,1,0,41,0,0,0,0,0.0,0,,0,1,,0,0,0,1,42,4,MQTT,4,0.0,0,0,0,0,0,64.0,5760.0,0,0,esp32_a0a3b3edac1c,95,eth:ethertype:ip:tcp:mqtt,32.5,94.9,52.2,160.0,-50.0,84:F3:EB:12:34:56,,,,,0.0,Normal,0.0
1744307107920518,10.42.0.2,10.42.0.1,50117,1883,45,5,0,1,0,0,1,0,3,0,0,0,0,0.0,0,,0,0,,0,0,0,0,0,0,0,0,0.0,0,0,0,0,0,64.0,5756.0,0,0,0,57,eth:ethertype:ip:tcp,32.5,94.9,52.2,160.0,-50.0,84:F3:EB:12:34:56,,,,,0.0,Normal,0.0
1744307107933655,10.42.0.2,10.42.0.1,50117,1883,48,5,0,1,1,0,1,0,185,0,0,0,0,0.0,0,,0,3,"Wakeup: 0, Mode: 0, Reset: 1, Temperature: 26.3, Uptime: 631367, Memory: 94.9, In_Temperature: 52.2°C, CPU: 160, RSSI: -50, MAC: 84:F3:EB:12:34:56, F_Storage: 99.2",test/temperatura,16,0,0,182,0,0,0,0.0,0,0,0,0,0,64.0,5756.0,0,0,0,239,eth:ethertype:ip:tcp:mqtt,26.3,94.9,52.2,160.0,-50.0,84:F3:EB:12:34:56,,,,,0.0,Normal,0.0
1744307107937714,10.42.0.2,10.42.0.1,50117,1883,234,6,0,1,0,0,0,0,0,0,0,0,0,0.0,0,,0,0,,0,0,0,0,0,0,0,0,0.0,0,0,0,0,0,64.0,5755.0,0,0,0,54,eth:ethertype:ip:tcp,26.3,94.9,52.2,160.0,-50.0,84:F3:EB:12:34:56,,,,,0.0,Normal,0.0
1744307137944527,10.42.0.2,10.42.0.1,50118,1883,0,0,1,0,0,0,0,0,0,0,0,0,0,0.0,0,,0,0,,0,0,0,0,0,0,0,0,0.0,0,0,0,0,0,64.0,5760.0,0,0,0,58,eth:ethertype:ip:tcp,26.3,94.9,52.2,160.0,-50.0,84:F3:EB:12:34:56,,,,,0.0,Normal,0.0
1744307137955647,10.42.0.2,10.42.0.1,50118,1883,1,1,0,1,0,0,0,0,0,0,0,0,0,0.0,0,,0,0,,0,0,0,0,0,0,0,0,0.0,0,0,0,0,0,64.0,5760.0,0,0,0,54,eth:ethertype:ip:tcp,26.3,94.9,52.2,160.0,-50.0,84:F3:EB:12:34:56,,,,,0.0,Normal,0.0
1744307137965007,10.42.0.2,10.42.0.1,50118,1883,1,1,0,1,0,0,1,0,3,0,0,0,0,0.0,0,,0,0,,0,0,0,0,0,0,0,0,0.0,0,0,0,0,0,64.0,5760.0,0,0,0,57,eth:ethertype:ip:tcp,26.3,94.9,52.2,160.0,-50.0,84:F3:EB:12:34:56,,,,,0.0,Normal,0.0
1744307137967978,10.42.0.2,10.42.0.1,50118,1883,4,1,0,1,0,0,1,0,41,0,0,0,0,0.0,0,,0,1,,0,0,0,1,42,4,MQTT,4,0.0,0,0,0,0,0,64.0,5760.0,0,0,esp32_a0a3b3edac1c,95,eth:ethertype:ip:tcp:mqtt,26.3,94.9,52.2,160.0,-50.0,84:F3:EB:12:34:56,,,,,0.0,Normal,0.0
1744307138003757,10.42.0.2,10.42.0.1,50118,1883,45,5,0,1,0,0,1,0,3,0,0,0,0,0.0,0,,0,0,,0,0,0,0,0,0,0,0,0.0,0,0,0,0,0,64.0,5756.0,0,0,0,57,eth:ethertype:ip:tcp,26.3,94.9,52.2,160.0,-50.0,84:F3:EB:12:34:56,,,,,0.0,Normal,0.0
1744307138012128,10.42.0.2,10.42.0.1,50118,1883,48,5,0,1,1,0,1,0,185,0,0,0,0,0.0,0,,0,3,"Wakeup: 0, Mode: 0, Reset: 1, Temperature: 35.0, Uptime: 631397, Memory: 94.9, In_Temperature: 52.2°C, CPU: 160, RSSI: -50, MAC: 84:F3:EB:12:34:56, F_Storage: 99.2",test/temperatura,16,0,0,182,0,0,0,0.0,0,0,0,0,0,64.0,5756.0,0,0,0,239,eth:ethertype:ip:tcp:mqtt,35.0,94.9,52.2,160.0,-50.0,84:F3:EB:12:34:56,,,,,0.0,Normal,0.0
1744307138015532,10.42.0.2,10.42.0.1,50118,1883,234,6,0,1,0,0,0,0,0,0,0,0,0,0.0,0,,0,0,,0,0,0,0,0,0,0,0,0.0,0,0,0,0,0,64.0,5755.0,0,0,0,54,eth:ethertype:ip:tcp,35.0,94.9,52.2,160.0,-50.0,84:F3:EB:12:34:56,,,,,0.0,Normal,0.0
1744307168029586,10.42.0.2,10.42.0.1,50119,1883,0,0,1,0,0,0,0,0,0,0,0,0,0,0.0,0,,0,0,,0,0,0,0,0,0,0,0,0.0,0,0,0,0,0,64.0,5760.0,0,0,0,58,eth:ethertype:ip:tcp,35.0,94.9,52.2,160.0,-50.0,84:F3:EB:12:34:56,,,,,0.0,Normal,0.0
1744307168033586,10.42.0.2,10.42.0.1,50119,1883,1,1,0,1,0,0,0,0,0,0,0,0,0,0.0,0,,0,0,,0,0,0,0,0,0,0,0,0.0,0,0,0,0,0,64.0,5760.0,0,0,0,54,eth:ethertype:ip:tcp,35.0,94.9,52.2,160.0,-50.0,84:F3:EB:12:34:56,,,,,0.0,Normal,0.0
1744307168035722,10.42.0.2,10.42.0.1,50119,1883,1,1,0,1,0,0,1,0,3,0,0,0,0,0.0,0,,0,0,,0,0,0,0,0,0,0,0,0.0,0,0,0,0,0,64.0,5760.0,0,0,0,57,eth:ethertype:ip:tcp,35.0,94.9,52.2,160.0,-50.0,84:F3:EB:12:34:56,,,,,0.0,Normal,0.0
1744307168039092,10.42.0.2,10.42.0.1,50119,1883,4,1,0,1,0,0,1,0,29,0,0,0,0,0.0,0,,0,0,,0,0,0,0,0,0,0,0,0.0,0,0,0,0,0,64.0,5760.0,0,0,0,83,eth:ethertype:ip:tcp,35.0,94.9,52.2,160.0,-50.0,84:F3:EB:12:34:56,,,,,0.0,Normal,0.0
1744307168043176,10.42.0.2,10.42.0.1,50119,1883,33,1,0,1,0,0,1,0,8,0,0,0,0,0.0,0,,0,0,,0,0,0,0,0,0,0,0,0.0,0,0,0,0,0,64.0,5760.0,0,0,0,62,eth:ethertype:ip:tcp,35.0,94.9,52.2,160.0,-50.0,84:F3:EB:12:34:56,,,,,0.0,Normal,0.0
1744307168047412,10.42.0.2,10.42.0.1,50119,1883,41,1,0,1,0,0,1,0,4,0,0,0,0,0.0,0,,0,1,,0,0,0,1,42,4,MQTT,4,0.0,0,0,0,0,0,64.0,5760.0,0,0,esp32_a0a3b3edac1c,58,eth:ethertype:ip:tcp:mqtt,35.0,94.9,52.2,160.0,-50.0,84:F3:EB:12:34:56,,,,,0.0,Normal,0.0
1744307168084589,10.42.0.2,10.42.0.1,50119,1883,45,5,0,1,0,0,1,0,3,0,0,0,0,0.0,0,,0,0,,0,0,0,0,0,0,0,0,0.0,0,0,0,0,0,64.0,5756.0,0,0,0,57,eth:ethertype:ip:tcp,35.0,94.9,52.2,160.0,-50.0,84:F3:EB:12:34:56,,,,,0.0,Normal,0.0
1744307168102251,10.42.0.2,10.42.0.1,50119,1883,48,5,0,1,1,0,1,0,185,0,0,0,0,0.0,0,,0,3,"Wakeup: 0, Mode: 0, Reset: 1, Temperature: 27.9, Uptime: 631427, Memory: 94.9, In_Temperature: 52.2°C, CPU: 160, RSSI: -50, MAC: 84:F3:EB:12:34:56, F_Storage: 99.2",test/temperatura,16,0,0,182,0,0,0,0.0,0,0,0,0,0,64.0,5756.0,0,0,0,239,eth:ethertype:ip:tcp:mqtt,27.9,94.9,52.2,160.0,-50.0,84:F3:EB:12:34:56,,,,,0.0,Normal,0.0
1744307168105834,10.42.0.2,10.42.0.1,50119,1883,234,6,0,1,0,0,0,0,0,0,0,0,0,0.0,0,,0,0,,0,0,0,0,0,0,0,0,0.0,0,0,0,0,0,64.0,5755.0,0,0,0,54,eth:ethertype:ip:tcp,27.9,94.9,52.2,160.0,-50.0,84:F3:EB:12:34:56,,,,,0.0,Normal,0.0
1744307198112783,10.42.0.2,10.42.0.1,50120,1883,0,0,1,0,0,0,0,0,0,0,0,0,0,0.0,0,,0,0,,0,0,0,0,0,0,0,0,0.0,0,0,0,0,0,64.0,5760.0,0,0,0,58,eth:ethertype:ip:tcp,27.9,94.9,52.2,160.0,-50.0,84:F3:EB:12:34:56,,,,,0.0,Normal,0.0
1744307198116778,10.42.0.2,10.42.0.1,50120,1883,1,1,0,1,0,0,0,0,0,0,0,0,0,0.0,0,,0,0,,0,0,0,0,0,0,0,0,0.0,0,0,0,0,0,64.0,5760.0,0,0,0,54,eth:ethertype:ip:tcp,27.9,94.9,52.2,160.0,-50.0,84:F3:EB:12:34:56,,,,,0.0,Normal,0.0
1744307198118784,10.42.0.2,10.42.0.1,50120,1883,1,1,0,1,0,0,1,0,3,0,0,0,0,0.0,0,,0,0,,0,0,0,0,0,0,0,0,0.0,0,0,0,0,0,64.0,5760.0,0,0,0,57,eth:ethertype:ip:tcp,27.9,94.9,52.2,160.0,-50.0,84:F3:EB:12:34:56,,,,,0.0,Normal,0.0
1744307198122201,10.42.0.2,10.42.0.1,50120,1883,4,1,0,1,0,0,1,0,29,0,0,0,0,0.0,0,,0,0,,0,0,0,0,0,0,0,0,0.0,0,0,0,0,0,64.0,5760.0,0,0,0,83,eth:ethertype:ip:tcp,27.9,94.9,52.2,160.0,-50.0,84:F3:EB:12:34:56,,,,,0.0,Normal,0.0
1744307198125214,10.42.0.2,10.42.0.1,50120,1883,33,1,0,1,0,0,1,0,12,0,0,0,0,0.0,0,,0,1,,0,0,0,1,42,4,MQTT,4,0.0,0,0,0,0,0,64.0,5760.0,0,0,esp32_a0a3b3edac1c,66,eth:ethertype:ip:tcp:mqtt,27.9,94.9,52.2,160.0,-50.0,84:F3:EB:12:34:56,,,,,0.0,Normal,0.0
1744307198160658,10.42.0.2,10.42.0.1,50120,1883,45,5,0,1,0,0,1,0,3,0,0,0,0,0.0,0,,0,0,,0,0,0,0,0,0,0,0,0.0,0,0,0,0,0,64.0,5756.0,0,0,0,57,eth:ethertype:ip:tcp,27.9,94.9,52.2,160.0,-50.0,84:F3:EB:12:34:56,,,,,0.0,Normal,0.0
1744307198170869,10.42.0.2,10.42.0.1,50120,1883,48,5,0,1,1,0,1,0,185,0,0,0,0,0.0,0,,0,3,"Wakeup: 0, Mode: 0, Reset: 1, Temperature: 35.0, Uptime: 631457, Memory: 94.9, In_Temperature: 52.2°C, CPU: 160, RSSI: -50, MAC: 84:F3:EB:12:34:56, F_Storage: 99.2",test/temperatura,16,0,0,182,0,0,0,0.0,0,0,0,0,0,64.0,5756.0,0,0,0,239,eth:ethertype:ip:tcp:mqtt,35.0,94.9,52.2,160.0,-50.0,84:F3:EB:12:34:56,,,,,0.0,Normal,0.0
1744307198174270,10.42.0.2,10.42.0.1,50120,1883,234,6,0,1,0,0,0,0,0,0,0,0,0,0.0,0,,0,0,,0,0,0,0,0,0,0,0,0.0,0,0,0,0,0,64.0,5755.0,0,0,0,54,eth:ethertype:ip:tcp,35.0,94.9,52.2,160.0,-50.0,84:F3:EB:12:34:56,,,,,0.0,Normal,0.0
1744307228178983,10.42.0.2,10.42.0.1,50121,1883,0,0,1,0,0,0,0,0,0,0,0,0,0,0.0,0,,0,0,,0,0,0,0,0,0,0,0,0.0,0,0,0,0,0,64.0,5760.0,0,0,0,58,eth:ethertype:ip:tcp,35.0,94.9,52.2,160.0,-50.0,84:F3:EB:12:34:56,,,,,0.0,Normal,0.0
1744307228182656,10.42.0.2,10.42.0.1,50121,1883,1,1,0,1,0,0,0,0,0,0,0,0,0,0.0,0,,0,0,,0,0,0,0,0,0,0,0,0.0,0,0,0,0,0,64.0,5760.0,0,0,0,54,eth:ethertype:ip:tcp,35.0,94.9,52.2,160.0,-50.0,84:F3:EB:12:34:56,,,,,0.0,Normal,0.0
1744307228184771,10.42.0.2,10.42.0.1,50121,1883,1,1,0,1,0,0,1,0,3,0,0,0,0,0.0,0,,0,0,,0,0,0,0,0,0,0,0,0.0,0,0,0,0,0,64.0,5760.0,0,0,0,57,eth:ethertype:ip:tcp,35.0,94.9,52.2,160.0,-50.0,84:F3:EB:12:34:56,,,,,0.0,Normal,0.0
1744307228188395,10.42.0.2,10.42.0.1,50121,1883,4,1,0,1,0,0,1,0,29,0,0,0,0,0.0,0,,0,0,,0,0,0,0,0,0,0,0,0.0,0,0,0,0,0,64.0,5760.0,0,0,0,83,eth:ethertype:ip:tcp,35.0,94.9,52.2,160.0,-50.0,84:F3:EB:12:34:56,,,,,0.0,Normal,0.0
1744307228193501,10.42.0.2,10.42.0.1,50121,1883,33,1,0,1,0,0,1,0,12,0,0,0,0,0.0,0,,0,1,,0,0,0,1,42,4,MQTT,4,0.0,0,0,0,0,0,64.0,5760.0,0,0,esp32_a0a3b3edac1c,66,eth:ethertype:ip:tcp:mqtt,35.0,94.9,52.2,160.0,-50.0,84:F3:EB:12:34:56,,,,,0.0,Normal,0.0
1744307228230431,10.42.0.2,10.42.0.1,50121,1883,45,5,0,1,0,0,1,0,3,0,0,0,0,0.0,0,,0,0,,0,0,0,0,0,0,0,0,0.0,0,0,0,0,0,64.0,5756.0,0,0,0,57,eth:ethertype:ip:tcp,35.0,94.9,52.2,160.0,-50.0,84:F3:EB:12:34:56,,,,,0.0,Normal,0.0
1744307228254892,10.42.0.2,10.42.0.1,50121,1883,48,5,0,1,1,0,1,0,185,0,0,0,0,0.0,0,,0,3,"Wakeup: 0, Mode: 0, Reset: 1, Temperature: 34.7, Uptime: 631487, Memory: 94.9, In_Temperature: 52.2°C, CPU: 160, RSSI: -50, MAC: 84:F3:EB:12:34:56, F_Storage: 99.2",test/temperatura,16,0,0,182,0,0,0,0.0,0,0,0,0,0,64.0,5756.0,0,0,0,239,eth:ethertype:ip:tcp:mqtt,34.7,94.9,52.2,160.0,-50.0,84:F3:EB:12:34:56,,,,,0.0,Normal,0.0
1744307228258232,10.42.0.2,10.42.0.1,50121,1883,234,6,0,1,0,0,0,0,0,0,0,0,0,0.0,0,,0,0,,0,0,0,0,0,0,0,0,0.0,0,0,0,0,0,64.0,5755.0,0,0,0,54,eth:ethertype:ip:tcp,34.7,94.9,52.2,160.0,-50.0,84:F3:EB:12:34:56,,,,,0.0,Normal,0.0
1744307258249175,10.42.0.2,10.42.0.1,50122,1883,0,0,1,0,0,0,0,0,0,0,0,0,0,0.0,0,,0,0,,0,0,0,0,0,0,0,0,0.0,0,0,0,0,0,64.0,5760.0,0,0,0,58,eth:ethertype:ip:tcp,34.7,94.9,52.2,160.0,-50.0,84:F3:EB:12:34:56,,,,,0.0,Normal,0.0
1744307258253173,10.42.0.2,10.42.0.1,50122,1883,1,1,0,1,0,0,0,0,0,0,0,0,0,0.0,0,,0,0,,0,0,0,0,0,0,0,0,0.0,0,0,0,0,0,64.0,5760.0,0,0,0,54,eth:ethertype:ip:tcp,34.7,94.9,52.2,160.0,-50.0,84:F3:EB:12:34:56,,,,,0.0,Normal,0.0
1744307258255421,10.42.0.2,10.42.0.1,50122,1883,1,1,0,1,0,0,1,0,3,0,0,0,0,0.0,0,,0,0,,0,0,0,0,0,0,0,0,0.0,0,0,0,0,0,64.0,5760.0,0,0,0,57,eth:ethertype:ip:tcp,34.7,94.9,52.2,160.0,-50.0,84:F3:EB:12:34:56,,,,,0.0,Normal,0.0
1744307258259678,10.42.0.2,10.42.0.1,50122,1883,4,1,0,1,0,0,1,0,31,0,0,0,0,0.0,0,,0,0,,0,0,0,0,0,0,0,0,0.0,0,0,0,0,0,64.0,5760.0,0,0,0,85,eth:ethertype:ip:tcp,34.7,94.9,52.2,160.0,-50.0,84:F3:EB:12:34:56,,,,,0.0,Normal,0.0
1744307258262868,10.42.0.2,10.42.0.1,50122,1883,35,1,0,1,0,0,1,0,10,0,0,0,0,0.0,0,,0,1,,0,0,0,1,42,4,MQTT,4,0.0,0,0,0,0,0,64.0,5760.0,0,0,esp32_a0a3b3edac1c,64,eth:ethertype:ip:tcp:mqtt,34.7,94.9,52.2,160.0,-50.0,84:F3:EB:12:34:56,,,,,0.0,Normal,0.0
1744307258290054,10.42.0.2,10.42.0.1,50122,1883,45,5,0,1,0,0,0,0,0,0,0,0,0,0.0,0,,0,0,,0,0,0,0,0,0,0,0,0.0,0,0,0,0,0,64.0,5756.0,0,0,0,54,eth:ethertype:ip:tcp,34.7,94.9,52.2,160.0,-50.0,84:F3:EB:12:34:56,,,,,0.0,Normal,0.0
1744307258300377,10.42.0.2,10.42.0.1,50122,1883,45,5,0,1,0,0,1,0,3,0,0,0,0,0.0,0,,0,0,,0,0,0,0,0,0,0,0,0.0,0,0,0,0,0,64.0,5756.0,0,0,0,57,eth:ethertype:ip:tcp,34.7,94.9,52.2,160.0,-50.0,84:F3:EB:12:34:56,,,,,0.0,Normal,0.0
1744307258310021,10.42.0.2,10.42.0.1,50122,1883,48,5,0,1,1,0,1,0,185,0,0,0,0,0.0,0,,0,3,"Wakeup: 0, Mode: 0, Reset: 1, Temperature: 26.1, Uptime: 631517, Memory: 94.9, In_Temperature: 52.2°C, CPU: 160, RSSI: -50, MAC: 84:F3:EB:12:34:56, F_Storage: 99.2",test/temperatura,16,0,0,182,0,0,0,0.0,0,0,0,0,0,64.0,5756.0,0,0,0,239,eth:ethertype:ip:tcp:mqtt,26.1,94.9,52.2,160.0,-50.0,84:F3:EB:12:34:56,,,,,0.0,Normal,0.0
1744307258313474,10.42.0.2,10.42.0.1,50122,1883,234,6,0,1,0,0,0,0,0,0,0,0,0,0.0,0,,0,0,,0,0,0,0,0,0,0,0,0.0,0,0,0,0,0,64.0,5755.0,0,0,0,54,eth:ethertype:ip:tcp,26.1,94.9,52.2,160.0,-50.0,84:F3:EB:12:34:56,,,,,0.0,Normal,0.0
1744307288327955,10.42.0.2,10.42.0.1,50123,1883,0,0,1,0,0,0,0,0,0,0,0,0,0,0.0,0,,0,0,,0,0,0,0,0,0,0,0,0.0,0,0,0,0,0,64.0,5760.0,0,0,0,58,eth:ethertype:ip:tcp,26.1,94.9,52.2,160.0,-50.0,84:F3:EB:12:34:56,,,,,0.0,Normal,0.0
1744307288331890,10.42.0.2,10.42.0.1,50123,1883,1,1,0,1,0,0,0,0,0,0,0,0,0,0.0,0,,0,0,,0,0,0,0,0,0,0,0,0.0,0,0,0,0,0,64.0,5760.0,0,0,0,54,eth:ethertype:ip:tcp,26.1,94.9,52.2,160.0,-50.0,84:F3:EB:12:34:56,,,,,0.0,Normal,0.0
1744307288334053,10.42.0.2,10.42.0.1,50123,1883,1,1,0,1,0,0,1,0,3,0,0,0,0,0.0,0,,0,0,,0,0,0,0,0,0,0,0,0.0,0,0,0,0,0,64.0,5760.0,0,0,0,57,eth:ethertype:ip:tcp,26.1,94.9,52.2,160.0,-50.0,84:F3:EB:12:34:56,,,,,0.0,Normal,0.0
1744307288337416,10.42.0.2,10.42.0.1,50123,1883,4,1,0,1,0,0,1,0,29,0,0,0,0,0.0,0,,0,0,,0,0,0,0,0,0,0,0,0.0,0,0,0,0,0,64.0,5760.0,0,0,0,83,eth:ethertype:ip:tcp,26.1,94.9,52.2,160.0,-50.0,84:F3:EB:12:34:56,,,,,0.0,Normal,0.0
1744307288340610,10.42.0.2,10.42.0.1,50123,1883,33,1,0,1,0,0,1,0,12,0,0,0,0,0.0,0,,0,1,,0,0,0,1,42,4,MQTT,4,0.0,0,0,0,0,0,64.0,5760.0,0,0,esp32_a0a3b3edac1c,66,eth:ethertype:ip:tcp:mqtt,26.1,94.9,52.2,160.0,-50.0,84:F3:EB:12:34:56,,,,,0.0,Normal,0.0
1744307288376113,10.42.0.2,10.42.0.1,50123,1883,45,5,0,1,0,0,1,0,3,0,0,0,0,0.0,0,,0,0,,0,0,0,0,0,0,0,0,0.0,0,0,0,0,0,64.0,5756.0,0,0,0,57,eth:ethertype:ip:tcp,26.1,94.9,52.2,160.0,-50.0,84:F3:EB:12:34:56,,,,,0.0,Normal,0.0
1744307288388931,10.42.0.2,10.42.0.1,50123,1883,48,5,0,1,1,0,1,0,185,0,0,0,0,0.0,0,,0,3,"Wakeup: 0, Mode: 0, Reset: 1, Temperature: 34.3, Uptime: 631547, Memory: 94.9, In_Temperature: 52.2°C, CPU: 160, RSSI: -50, MAC: 84:F3:EB:12:34:56, F_Storage: 99.2",test/temperatura,16,0,0,182,0,0,0,0.0,0,0,0,0,0,64.0,5756.0,0,0,0,239,eth:ethertype:ip:tcp:mqtt,34.3,94.9,52.2,160.0,-50.0,84:F3:EB:12:34:56,,,,,0.0,Normal,0.0
1744307288392483,10.42.0.2,10.42.0.1,50123,1883,234,6,0,1,0,0,0,0,0,0,0,0,0,0.0,0,,0,0,,0,0,0,0,0,0,0,0,0.0,0,0,0,0,0,64.0,5755.0,0,0,0,54,eth:ethertype:ip:tcp,34.3,94.9,52.2,160.0,-50.0,84:F3:EB:12:34:56,,,,,0.0,Normal,0.0
1744307318397794,10.42.0.2,10.42.0.1,50124,1883,0,0,1,0,0,0,0,0,0,0,0,0,0,0.0,0,,0,0,,0,0,0,0,0,0,0,0,0.0,0,0,0,0,0,64.0,5760.0,0,0,0,58,eth:ethertype:ip:tcp,34.3,94.9,52.2,160.0,-50.0,84:F3:EB:12:34:56,,,,,0.0,Normal,0.0
1744307318404263,10.42.0.2,10.42.0.1,50124,1883,1,1,0,1,0,0,0,0,0,0,0,0,0,0.0,0,,0,0,,0,0,0,0,0,0,0,0,0.0,0,0,0,0,0,64.0,5760.0,0,0,0,54,eth:ethertype:ip:tcp,34.3,94.9,52.2,160.0,-50.0,84:F3:EB:12:34:56,,,,,0.0,Normal,0.0
1744307318404327,10.42.0.2,10.42.0.1,50124,1883,1,1,0,1,0,0,1,0,3,0,0,0,0,0.0,0,,0,0,,0,0,0,0,0,0,0,0,0.0,0,0,0,0,0,64.0,5760.0,0,0,0,57,eth:ethertype:ip:tcp,34.3,94.9,52.2,160.0,-50.0,84:F3:EB:12:34:56,,,,,0.0,Normal,0.0
1744307318411976,10.42.0.2,10.42.0.1,50124,1883,4,1,0,1,0,0,1,0,41,0,0,0,0,0.0,0,,0,1,,0,0,0,1,42,4,MQTT,4,0.0,0,0,0,0,0,64.0,5760.0,0,0,esp32_a0a3b3edac1c,95,eth:ethertype:ip:tcp:mqtt,34.3,94.9,52.2,160.0,-50.0,84:F3:EB:12:34:56,,,,,0.0,Normal,0.0
1744307318447572,10.42.0.2,10.42.0.1,50124,1883,45,5,0,1,0,0,1,0,3,0,0,0,0,0.0,0,,0,0,,0,0,0,0,0,0,0,0,0.0,0,0,0,0,0,64.0,5756.0,0,0,0,57,eth:ethertype:ip:tcp,34.3,94.9,52.2,160.0,-50.0,84:F3:EB:12:34:56,,,,,0.0,Normal,0.0
1744307318458142,10.42.0.2,10.42.0.1,50124,1883,48,5,0,1,1,0,1,0,185,0,0,0,0,0.0,0,,0,3,"Wakeup: 0, Mode: 0, Reset: 1, Temperature: 38.4, Uptime: 631577, Memory: 94.9, In_Temperature: 52.2°C, CPU: 160, RSSI: -52, MAC: 84:F3:EB:12:34:56, F_Storage: 99.2",test/temperatura,16,0,0,182,0,0,0,0.0,0,0,0,0,0,64.0,5756.0,0,0,0,239,eth:ethertype:ip:tcp:mqtt,38.4,94.9,52.2,160.0,-52.0,84:F3:EB:12:34:56,,,,,0.0,Normal,0.0
1744307318461722,10.42.0.2,10.42.0.1,50124,1883,234,6,0,1,0,0,0,0,0,0,0,0,0,0.0,0,,0,0,,0,0,0,0,0,0,0,0,0.0,0,0,0,0,0,64.0,5755.0,0,0,0,54,eth:ethertype:ip:tcp,38.4,94.9,52.2,160.0,-52.0,84:F3:EB:12:34:56,,,,,0.0,Normal,0.0
1744307348467187,10.42.0.2,10.42.0.1,50125,1883,0,0,1,0,0,0,0,0,0,0,0,0,0,0.0,0,,0,0,,0,0,0,0,0,0,0,0,0.0,0,0,0,0,0,64.0,5760.0,0,0,0,58,eth:ethertype:ip:tcp,38.4,94.9,52.2,160.0,-52.0,84:F3:EB:12:34:56,,,,,0.0,Normal,0.0
1744307348471194,10.42.0.2,10.42.0.1,50125,1883,1,1,0,1,0,0,0,0,0,0,0,0,0,0.0,0,,0,0,,0,0,0,0,0,0,0,0,0.0,0,0,0,0,0,64.0,5760.0,0,0,0,54,eth:ethertype:ip:tcp,38.4,94.9,52.2,160.0,-52.0,84:F3:EB:12:34:56,,,,,0.0,Normal,0.0
1744307348473348,10.42.0.2,10.42.0.1,50125,1883,1,1,0,1,0,0,1,0,3,0,0,0,0,0.0,0,,0,0,,0,0,0,0,0,0,0,0,0.0,0,0,0,0,0,64.0,5760.0,0,0,0,57,eth:ethertype:ip:tcp,38.4,94.9,52.2,160.0,-52.0,84:F3:EB:12:34:56,,,,,0.0,Normal,0.0
1744307348476804,10.42.0.2,10.42.0.1,50125,1883,4,1,0,1,0,0,1,0,29,0,0,0,0,0.0,0,,0,0,,0,0,0,0,0,0,0,0,0.0,0,0,0,0,0,64.0,5760.0,0,0,0,83,eth:ethertype:ip:tcp,38.4,94.9,52.2,160.0,-52.0,84:F3:EB:12:34:56,,,,,0.0,Normal,0.0
1744307348480583,10.42.0.2,10.42.0.1,50125,1883,33,1,0,1,0,0,1,0,2,0,0,0,0,0.0,0,,0,0,,0,0,0,0,0,0,0,0,0.0,0,0,0,0,0,64.0,5760.0,0,0,0,56,eth:ethertype:ip:tcp,38.4,94.9,52.2,160.0,-52.0,84:F3:EB:12:34:56,,,,,0.0,Normal,0.0
1744307348484714,10.42.0.2,10.42.0.1,50125,1883,35,1,0,1,0,0,1,0,4,0,0,0,0,0.0,0,,0,0,,0,0,0,0,0,0,0,0,0.0,0,0,0,0,0,64.0,5760.0,0,0,0,58,eth:ethertype:ip:tcp,38.4,94.9,52.2,160.0,-52.0,84:F3:EB:12:34:56,,,,,0.0,Normal,0.0
1744307348487985,10.42.0.2,10.42.0.1,50125,1883,39,1,0,1,0,0,1,0,2,0,0,0,0,0.0,0,,0,0,,0,0,0,0,0,0,0,0,0.0,0,0,0,0,0,64.0,5760.0,0,0,0,56,eth:ethertype:ip:tcp,38.4,94.9,52.2,160.0,-52.0,84:F3:EB:12:34:56,,,,,0.0,Normal,0.0
1744307348490573,10.42.0.2,10.42.0.1,50125,1883,41,1,0,1,0,0,1,0,4,0,0,0,0,0.0,0,,0,1,,0,0,0,1,42,4,MQTT,4,0.0,0,0,0,0,0,64.0,5760.0,0,0,esp32_a0a3b3edac1c,58,eth:ethertype:ip:tcp:mqtt,38.4,94.9,52.2,160.0,-52.0,84:F3:EB:12:34:56,,,,,0.0,Normal,0.0
1744307348527328,10.42.0.2,10.42.0.1,50125,1883,45,5,0,1,0,0,1,0,3,0,0,0,0,0.0,0,,0,0,,0,0,0,0,0,0,0,0,0.0,0,0,0,0,0,64.0,5756.0,0,0,0,57,eth:ethertype:ip:tcp,38.4,94.9,52.2,160.0,-52.0,84:F3:EB:12:34:56,,,,,0.0,Normal,0.0
1744307348539708,10.42.0.2,10.42.0.1,50125,1883,48,5,0,1,1,0,1,0,185,0,0,0,0,0.0,0,,0,3,"Wakeup: 0, Mode: 0, Reset: 1, Temperature: 32.9, Uptime: 631607, Memory: 94.9, In_Temperature: 52.2°C, CPU: 160, RSSI: -50, MAC: 84:F3:EB:12:34:56, F_Storage: 99.2",test/temperatura,16,0,0,182,0,0,0,0.0,0,0,0,0,0,64.0,5756.0,0,0,0,239,eth:ethertype:ip:tcp:mqtt,32.9,94.9,52.2,160.0,-50.0,84:F3:EB:12:34:56,,,,,0.0,Normal,0.0
1744307348543234,10.42.0.2,10.42.0.1,50125,1883,234,6,0,1,0,0,0,0,0,0,0,0,0,0.0,0,,0,0,,0,0,0,0,0,0,0,0,0.0,0,0,0,0,0,64.0,5755.0,0,0,0,54,eth:ethertype:ip:tcp,32.9,94.9,52.2,160.0,-50.0,84:F3:EB:12:34:56,,,,,0.0,Normal,0.0
1744307378546574,10.42.0.2,10.42.0.1,50126,1883,0,0,1,0,0,0,0,0,0,0,0,0,0,0.0,0,,0,0,,0,0,0,0,0,0,0,0,0.0,0,0,0,0,0,64.0,5760.0,0,0,0,58,eth:ethertype:ip:tcp,32.9,94.9,52.2,160.0,-50.0,84:F3:EB:12:34:56,,,,,0.0,Normal,0.0
1744307378550551,10.42.0.2,10.42.0.1,50126,1883,1,1,0,1,0,0,0,0,0,0,0,0,0,0.0,0,,0,0,,0,0,0,0,0,0,0,0,0.0,0,0,0,0,0,64.0,5760.0,0,0,0,54,eth:ethertype:ip:tcp,32.9,94.9,52.2,160.0,-50.0,84:F3:EB:12:34:56,,,,,0.0,Normal,0.0
1744307378552701,10.42.0.2,10.42.0.1,50126,1883,1,1,0,1,0,0,1,0,3,0,0,0,0,0.0,0,,0,0,,0,0,0,0,0,0,0,0,0.0,0,0,0,0,0,64.0,5760.0,0,0,0,57,eth:ethertype:ip:tcp,32.9,94.9,52.2,160.0,-50.0,84:F3:EB:12:34:56,,,,,0.0,Normal,0.0
1744307378556146,10.42.0.2,10.42.0.1,50126,1883,4,1,0,1,0,0,1,0,29,0,0,0,0,0.0,0,,0,0,,0,0,0,0,0,0,0,0,0.0,0,0,0,0,0,64.0,5760.0,0,0,0,83,eth:ethertype:ip:tcp,32.9,94.9,52.2,160.0,-50.0,84:F3:EB:12:34:56,,,,,0.0,Normal,0.0
1744307378559361,10.42.0.2,10.42.0.1,50126,1883,33,1,0,1,0,0,1,0,12,0,0,0,0,0.0,0,,0,1,,0,0,0,1,42,4,MQTT,4,0.0,0,0,0,0,0,64.0,5760.0,0,0,esp32_a0a3b3edac1c,66,eth:ethertype:ip:tcp:mqtt,32.9,94.9,52.2,160.0,-50.0,84:F3:EB:12:34:56,,,,,0.0,Normal,0.0
1744307378594480,10.42.0.2,10.42.0.1,50126,1883,45,5,0,1,0,0,1,0,3,0,0,0,0,0.0,0,,0,0,,0,0,0,0,0,0,0,0,0.0,0,0,0,0,0,64.0,5756.0,0,0,0,57,eth:ethertype:ip:tcp,32.9,94.9,52.2,160.0,-50.0,84:F3:EB:12:34:56,,,,,0.0,Normal,0.0
1744307378606934,10.42.0.2,10.42.0.1,50126,1883,48,5,0,1,1,0,1,0,185,0,0,0,0,0.0,0,,0,3,"Wakeup: 0, Mode: 0, Reset: 1, Temperature: 36.2, Uptime: 631638, Memory: 94.9, In_Temperature: 52.2°C, CPU: 160, RSSI: -51, MAC: 84:F3:EB:12:34:56, F_Storage: 99.2",test/temperatura,16,0,0,182,0,0,0,0.0,0,0,0,0,0,64.0,5756.0,0,0,0,239,eth:ethertype:ip:tcp:mqtt,36.2,94.9,52.2,160.0,-51.0,84:F3:EB:12:34:56,,,,,0.0,Normal,0.0
1744307378610315,10.42.0.2,10.42.0.1,50126,1883,234,6,0,1,0,0,0,0,0,0,0,0,0,0.0,0,,0,0,,0,0,0,0,0,0,0,0,0.0,0,0,0,0,0,64.0,5755.0,0,0,0,54,eth:ethertype:ip:tcp,36.2,94.9,52.2,160.0,-51.0,84:F3:EB:12:34:56,,,,,0.0,Normal,0.0
1744307408614938,10.42.0.2,10.42.0.1,50127,1883,0,0,1,0,0,0,0,0,0,0,0,0,0,0.0,0,,0,0,,0,0,0,0,0,0,0,0,0.0,0,0,0,0,0,64.0,5760.0,0,0,0,58,eth:ethertype:ip:tcp,36.2,94.9,52.2,160.0,-51.0,84:F3:EB:12:34:56,,,,,0.0,Normal,0.0
1744307408618582,10.42.0.2,10.42.0.1,50127,1883,1,1,0,1,0,0,0,0,0,0,0,0,0,0.0,0,,0,0,,0,0,0,0,0,0,0,0,0.0,0,0,0,0,0,64.0,5760.0,0,0,0,54,eth:ethertype:ip:tcp,36.2,94.9,52.2,160.0,-51.0,84:F3:EB:12:34:56,,,,,0.0,Normal,0.0
1744307408622560,10.42.0.2,10.42.0.1,50127,1883,1,1,0,1,0,0,1,0,3,0,0,0,0,0.0,0,,0,0,,0,0,0,0,0,0,0,0,0.0,0,0,0,0,0,64.0,5760.0,0,0,0,57,eth:ethertype:ip:tcp,36.2,94.9,52.2,160.0,-51.0,84:F3:EB:12:34:56,,,,,0.0,Normal,0.0
1744307408627395,10.42.0.2,10.42.0.1,50127,1883,4,1,0,1,0,0,1,0,41,0,0,0,0,0.0,0,,0,1,,0,0,0,1,42,4,MQTT,4,0.0,0,0,0,0,0,64.0,5760.0,0,0,esp32_a0a3b3edac1c,95,eth:ethertype:ip:tcp:mqtt,36.2,94.9,52.2,160.0,-51.0,84:F3:EB:12:34:56,,,,,0.0,Normal,0.0
1744307408662666,10.42.0.2,10.42.0.1,50127,1883,45,5,0,1,0,0,1,0,3,0,0,0,0,0.0,0,,0,0,,0,0,0,0,0,0,0,0,0.0,0,0,0,0,0,64.0,5756.0,0,0,0,57,eth:ethertype:ip:tcp,36.2,94.9,52.2,160.0,-51.0,84:F3:EB:12:34:56,,,,,0.0,Normal,0.0
1744307408676284,10.42.0.2,10.42.0.1,50127,1883,48,5,0,1,1,0,1,0,185,0,0,0,0,0.0,0,,0,3,"Wakeup: 0, Mode: 0, Reset: 1, Temperature: 33.1, Uptime: 631668, Memory: 94.9, In_Temperature: 52.2°C, CPU: 160, RSSI: -50, MAC: 84:F3:EB:12:34:56, F_Storage: 99.2",test/temperatura,16,0,0,182,0,0,0,0.0,0,0,0,0,0,64.0,5756.0,0,0,0,239,eth:ethertype:ip:tcp:mqtt,33.1,94.9,52.2,160.0,-50.0,84:F3:EB:12:34:56,,,,,0.0,Normal,0.0
1744307408679698,10.42.0.2,10.42.0.1,50127,1883,234,6,0,1,0,0,0,0,0,0,0,0,0,0.0,0,,0,0,,0,0,0,0,0,0,0,0,0.0,0,0,0,0,0,64.0,5755.0,0,0,0,54,eth:ethertype:ip:tcp,33.1,94.9,52.2,160.0,-50.0,84:F3:EB:12:34:56,,,,,0.0,Normal,0.0
1744307438685248,10.42.0.2,10.42.0.1,50128,1883,0,0,1,0,0,0,0,0,0,0,0,0,0,0.0,0,,0,0,,0,0,0,0,0,0,0,0,0.0,0,0,0,0,0,64.0,5760.0,0,0,0,58,eth:ethertype:ip:tcp,33.1,94.9,52.2,160.0,-50.0,84:F3:EB:12:34:56,,,,,0.0,Normal,0.0
1744307438689601,10.42.0.2,10.42.0.1,50128,1883,1,1,0,1,0,0,0,0,0,0,0,0,0,0.0,0,,0,0,,0,0,0,0,0,0,0,0,0.0,0,0,0,0,0,64.0,5760.0,0,0,0,54,eth:ethertype:ip:tcp,33.1,94.9,52.2,160.0,-50.0,84:F3:EB:12:34:56,,,,,0.0,Normal,0.0
1744307438691501,10.42.0.2,10.42.0.1,50128,1883,1,1,0,1,0,0,1,0,3,0,0,0,0,0.0,0,,0,0,,0,0,0,0,0,0,0,0,0.0,0,0,0,0,0,64.0,5760.0,0,0,0,57,eth:ethertype:ip:tcp,33.1,94.9,52.2,160.0,-50.0,84:F3:EB:12:34:56,,,,,0.0,Normal,0.0
1744307438694979,10.42.0.2,10.42.0.1,50128,1883,4,1,0,1,0,0,1,0,29,0,0,0,0,0.0,0,,0,0,,0,0,0,0,0,0,0,0,0.0,0,0,0,0,0,64.0,5760.0,0,0,0,83,eth:ethertype:ip:tcp,33.1,94.9,52.2,160.0,-50.0,84:F3:EB:12:34:56,,,,,0.0,Normal,0.0
1744307438698100,10.42.0.2,10.42.0.1,50128,1883,33,1,0,1,0,0,1,0,12,0,0,0,0,0.0,0,,0,1,,0,0,0,1,42,4,MQTT,4,0.0,0,0,0,0,0,64.0,5760.0,0,0,esp32_a0a3b3edac1c,66,eth:ethertype:ip:tcp:mqtt,33.1,94.9,52.2,160.0,-50.0,84:F3:EB:12:34:56,,,,,0.0,Normal,0.0
1744307438734436,10.42.0.2,10.42.0.1,50128,1883,45,5,0,1,0,0,1,0,3,0,0,0,0,0.0,0,,0,0,,0,0,0,0,0,0,0,0,0.0,0,0,0,0,0,64.0,5756.0,0,0,0,57,eth:ethertype:ip:tcp,33.1,94.9,52.2,160.0,-50.0,84:F3:EB:12:34:56,,,,,0.0,Normal,0.0
1744307438745645,10.42.0.2,10.42.0.1,50128,1883,48,5,0,1,1,0,1,0,185,0,0,0,0,0.0,0,,0,3,"Wakeup: 0, Mode: 0, Reset: 1, Temperature: 34.4, Uptime: 631698, Memory: 94.9, In_Temperature: 52.2°C, CPU: 160, RSSI: -51, MAC: 84:F3:EB:12:34:56, F_Storage: 99.2",test/temperatura,16,0,0,182,0,0,0,0.0,0,0,0,0,0,64.0,5756.0,0,0,0,239,eth:ethertype:ip:tcp:mqtt,34.4,94.9,52.2,160.0,-51.0,84:F3:EB:12:34:56,,,,,0.0,Normal,0.0
1744307438749192,10.42.0.2,10.42.0.1,50128,1883,234,6,0,1,0,0,0,0,0,0,0,0,0,0.0,0,,0,0,,0,0,0,0,0,0,0,0,0.0,0,0,0,0,0,64.0,5755.0,0,0,0,54,eth:ethertype:ip:tcp,34.4,94.9,52.2,160.0,-51.0,84:F3:EB:12:34:56,,,,,0.0,Normal,0.0
1744307468754463,10.42.0.2,10.42.0.1,50129,1883,0,0,1,0,0,0,0,0,0,0,0,0,0,0.0,0,,0,0,,0,0,0,0,0,0,0,0,0.0,0,0,0,0,0,64.0,5760.0,0,0,0,58,eth:ethertype:ip:tcp,34.4,94.9,52.2,160.0,-51.0,84:F3:EB:12:34:56,,,,,0.0,Normal,0.0
1744307468758126,10.42.0.2,10.42.0.1,50129,1883,1,1,0,1,0,0,0,0,0,0,0,0,0,0.0,0,,0,0,,0,0,0,0,0,0,0,0,0.0,0,0,0,0,0,64.0,5760.0,0,0,0,54,eth:ethertype:ip:tcp,34.4,94.9,52.2,160.0,-51.0,84:F3:EB:12:34:56,,,,,0.0,Normal,0.0
1744307468760565,10.42.0.2,10.42.0.1,50129,1883,1,1,0,1,0,0,1,0,3,0,0,0,0,0.0,0,,0,0,,0,0,0,0,0,0,0,0,0.0,0,0,0,0,0,64.0,5760.0,0,0,0,57,eth:ethertype:ip:tcp,34.4,94.9,52.2,160.0,-51.0,84:F3:EB:12:34:56,,,,,0.0,Normal,0.0
1744307468763974,10.42.0.2,10.42.0.1,50129,1883,4,1,0,1,0,0,1,0,29,0,0,0,0,0.0,0,,0,0,,0,0,0,0,0,0,0,0,0.0,0,0,0,0,0,64.0,5760.0,0,0,0,83,eth:ethertype:ip:tcp,34.4,94.9,52.2,160.0,-51.0,84:F3:EB:12:34:56,,,,,0.0,Normal,0.0
1744307468766939,10.42.0.2,10.42.0.1,50129,1883,33,1,0,1,0,0,1,0,12,0,0,0,0,0.0,0,,0,1,,0,0,0,1,42,4,MQTT,4,0.0,0,0,0,0,0,64.0,5760.0,0,0,esp32_a0a3b3edac1c,66,eth:ethertype:ip:tcp:mqtt,34.4,94.9,52.2,160.0,-51.0,84:F3:EB:12:34:56,,,,,0.0,Normal,0.0
1744307468785521,10.42.0.2,10.42.0.1,50129,1883,45,5,0,1,0,0,0,0,0,0,0,0,0,0.0,0,,0,0,,0,0,0,0,0,0,0,0,0.0,0,0,0,0,0,64.0,5756.0,0,0,0,54,eth:ethertype:ip:tcp,34.4,94.9,52.2,160.0,-51.0,84:F3:EB:12:34:56,,,,,0.0,Normal,0.0
1744307468804099,10.42.0.2,10.42.0.1,50129,1883,45,5,0,1,0,0,1,0,3,0,0,0,0,0.0,0,,0,0,,0,0,0,0,0,0,0,0,0.0,0,0,0,0,0,64.0,5756.0,0,0,0,57,eth:ethertype:ip:tcp,34.4,94.9,52.2,160.0,-51.0,84:F3:EB:12:34:56,,,,,0.0,Normal,0.0
1744307468814912,10.42.0.2,10.42.0.1,50129,1883,48,5,0,1,1,0,1,0,185,0,0,0,0,0.0,0,,0,3,"Wakeup: 0, Mode: 0, Reset: 1, Temperature: 40.6, Uptime: 631728, Memory: 94.9, In_Temperature: 52.2°C, CPU: 160, RSSI: -50, MAC: 84:F3:EB:12:34:56, F_Storage: 99.2",test/temperatura,16,0,0,182,0,0,0,0.0,0,0,0,0,0,64.0,5756.0,0,0,0,239,eth:ethertype:ip:tcp:mqtt,40.6,94.9,52.2,160.0,-50.0,84:F3:EB:12:34:56,,,,,0.0,Normal,0.0
1744307468818291,10.42.0.2,10.42.0.1,50129,1883,234,6,0,1,0,0,0,0,0,0,0,0,0,0.0,0,,0,0,,0,0,0,0,0,0,0,0,0.0,0,0,0,0,0,64.0,5755.0,0,0,0,54,eth:ethertype:ip:tcp,40.6,94.9,52.2,160.0,-50.0,84:F3:EB:12:34:56,,,,,0.0,Normal,0.0
1744307498823897,10.42.0.2,10.42.0.1,50130,1883,0,0,1,0,0,0,0,0,0,0,0,0,0,0.0,0,,0,0,,0,0,0,0,0,0,0,0,0.0,0,0,0,0,0,64.0,5760.0,0,0,0,58,eth:ethertype:ip:tcp,40.6,94.9,52.2,160.0,-50.0,84:F3:EB:12:34:56,,,,,0.0,Normal,0.0
1744307498827945,10.42.0.2,10.42.0.1,50130,1883,1,1,0,1,0,0,0,0,0,0,0,0,0,0.0,0,,0,0,,0,0,0,0,0,0,0,0,0.0,0,0,0,0,0,64.0,5760.0,0,0,0,54,eth:ethertype:ip:tcp,40.6,94.9,52.2,160.0,-50.0,84:F3:EB:12:34:56,,,,,0.0,Normal,0.0
1744307498829954,10.42.0.2,10.42.0.1,50130,1883,1,1,0,1,0,0,1,0,3,0,0,0,0,0.0,0,,0,0,,0,0,0,0,0,0,0,0,0.0,0,0,0,0,0,64.0,5760.0,0,0,0,57,eth:ethertype:ip:tcp,40.6,94.9,52.2,160.0,-50.0,84:F3:EB:12:34:56,,,,,0.0,Normal,0.0
1744307498833385,10.42.0.2,10.42.0.1,50130,1883,4,1,0,1,0,0,1,0,29,0,0,0,0,0.0,0,,0,0,,0,0,0,0,0,0,0,0,0.0,0,0,0,0,0,64.0,5760.0,0,0,0,83,eth:ethertype:ip:tcp,40.6,94.9,52.2,160.0,-50.0,84:F3:EB:12:34:56,,,,,0.0,Normal,0.0
1744307498840871,10.42.0.2,10.42.0.1,50130,1883,33,1,0,1,0,0,1,0,12,0,0,0,0,0.0,0,,0,1,,0,0,0,1,42,4,MQTT,4,0.0,0,0,0,0,0,64.0,5760.0,0,0,esp32_a0a3b3edac1c,66,eth:ethertype:ip:tcp:mqtt,40.6,94.9,52.2,160.0,-50.0,84:F3:EB:12:34:56,,,,,0.0,Normal,0.0
1744307498876337,10.42.0.2,10.42.0.1,50130,1883,45,5,0,1,0,0,1,0,3,0,0,0,0,0.0,0,,0,0,,0,0,0,0,0,0,0,0,0.0,0,0,0,0,0,64.0,5756.0,0,0,0,57,eth:ethertype:ip:tcp,40.6,94.9,52.2,160.0,-50.0,84:F3:EB:12:34:56,,,,,0.0,Normal,0.0
1744307498894159,10.42.0.2,10.42.0.1,50130,1883,48,5,0,1,1,0,1,0,185,0,0,0,0,0.0,0,,0,3,"Wakeup: 0, Mode: 0, Reset: 1, Temperature: 26.8, Uptime: 631758, Memory: 94.9, In_Temperature: 52.2°C, CPU: 160, RSSI: -49, MAC: 84:F3:EB:12:34:56, F_Storage: 99.2",test/temperatura,16,0,0,182,0,0,0,0.0,0,0,0,0,0,64.0,5756.0,0,0,0,239,eth:ethertype:ip:tcp:mqtt,26.8,94.9,52.2,160.0,-49.0,84:F3:EB:12:34:56,,,,,0.0,Normal,0.0
1744307498898394,10.42.0.2,10.42.0.1,50130,1883,234,6,0,1,0,0,0,0,0,0,0,0,0,0.0,0,,0,0,,0,0,0,0,0,0,0,0,0.0,0,0,0,0,0,64.0,5755.0,0,0,0,54,eth:ethertype:ip:tcp,26.8,94.9,52.2,160.0,-49.0,84:F3:EB:12:34:56,,,,,0.0,Normal,0.0
1744307528903448,10.42.0.2,10.42.0.1,50131,1883,0,0,1,0,0,0,0,0,0,0,0,0,0,0.0,0,,0,0,,0,0,0,0,0,0,0,0,0.0,0,0,0,0,0,64.0,5760.0,0,0,0,58,eth:ethertype:ip:tcp,26.8,94.9,52.2,160.0,-49.0,84:F3:EB:12:34:56,,,,,0.0,Normal,0.0
1744307528907934,10.42.0.2,10.42.0.1,50131,1883,1,1,0,1,0,0,0,0,0,0,0,0,0,0.0,0,,0,0,,0,0,0,0,0,0,0,0,0.0,0,0,0,0,0,64.0,5760.0,0,0,0,54,eth:ethertype:ip:tcp,26.8,94.9,52.2,160.0,-49.0,84:F3:EB:12:34:56,,,,,0.0,Normal,0.0
1744307528910260,10.42.0.2,10.42.0.1,50131,1883,1,1,0,1,0,0,1,0,3,0,0,0,0,0.0,0,,0,0,,0,0,0,0,0,0,0,0,0.0,0,0,0,0,0,64.0,5760.0,0,0,0,57,eth:ethertype:ip:tcp,26.8,94.9,52.2,160.0,-49.0,84:F3:EB:12:34:56,,,,,0.0,Normal,0.0
1744307528913505,10.42.0.2,10.42.0.1,50131,1883,4,1,0,1,0,0,1,0,29,0,0,0,0,0.0,0,,0,0,,0,0,0,0,0,0,0,0,0.0,0,0,0,0,0,64.0,5760.0,0,0,0,83,eth:ethertype:ip:tcp,26.8,94.9,52.2,160.0,-49.0,84:F3:EB:12:34:56,,,,,0.0,Normal,0.0
1744307528917293,10.42.0.2,10.42.0.1,50131,1883,33,1,0,1,0,0,1,0,2,0,0,0,0,0.0,0,,0,0,,0,0,0,0,0,0,0,0,0.0,0,0,0,0,0,64.0,5760.0,0,0,0,56,eth:ethertype:ip:tcp,26.8,94.9,52.2,160.0,-49.0,84:F3:EB:12:34:56,,,,,0.0,Normal,0.0
1744307528921298,10.42.0.2,10.42.0.1,50131,1883,35,1,0,1,0,0,1,0,4,0,0,0,0,0.0,0,,0,0,,0,0,0,0,0,0,0,0,0.0,0,0,0,0,0,64.0,5760.0,0,0,0,58,eth:ethertype:ip:tcp,26.8,94.9,52.2,160.0,-49.0,84:F3:EB:12:34:56,,,,,0.0,Normal,0.0
1744307528925185,10.42.0.2,10.42.0.1,50131,1883,39,1,0,1,0,0,1,0,6,0,0,0,0,0.0,0,,0,1,,0,0,0,1,42,4,MQTT,4,0.0,0,0,0,0,0,64.0,5760.0,0,0,esp32_a0a3b3edac1c,60,eth:ethertype:ip:tcp:mqtt,26.8,94.9,52.2,160.0,-49.0,84:F3:EB:12:34:56,,,,,0.0,Normal,0.0
1744307528961046,10.42.0.2,10.42.0.1,50131,1883,45,5,0,1,0,0,1,0,3,0,0,0,0,0.0,0,,0,0,,0,0,0,0,0,0,0,0,0.0,0,0,0,0,0,64.0,5756.0,0,0,0,57,eth:ethertype:ip:tcp,26.8,94.9,52.2,160.0,-49.0,84:F3:EB:12:34:56,,,,,0.0,Normal,0.0
1744307528973911,10.42.0.2,10.42.0.1,50131,1883,48,5,0,1,1,0,1,0,185,0,0,0,0,0.0,0,,0,3,"Wakeup: 0, Mode: 0, Reset: 1, Temperature: 30.4, Uptime: 631788, Memory: 94.9, In_Temperature: 52.2°C, CPU: 160, RSSI: -51, MAC: 84:F3:EB:12:34:56, F_Storage: 99.2",test/temperatura,16,0,0,182,0,0,0,0.0,0,0,0,0,0,64.0,5756.0,0,0,0,239,eth:ethertype:ip:tcp:mqtt,30.4,94.9,52.2,160.0,-51.0,84:F3:EB:12:34:56,,,,,0.0,Normal,0.0
1744307528977351,10.42.0.2,10.42.0.1,50131,1883,234,6,0,1,0,0,0,0,0,0,0,0,0,0.0,0,,0,0,,0,0,0,0,0,0,0,0,0.0,0,0,0,0,0,64.0,5755.0,0,0,0,54,eth:ethertype:ip:tcp,30.4,94.9,52.2,160.0,-51.0,84:F3:EB:12:34:56,,,,,0.0,Normal,0.0
1744307558982518,10.42.0.2,10.42.0.1,50132,1883,0,0,1,0,0,0,0,0,0,0,0,0,0,0.0,0,,0,0,,0,0,0,0,0,0,0,0,0.0,0,0,0,0,0,64.0,5760.0,0,0,0,58,eth:ethertype:ip:tcp,30.4,94.9,52.2,160.0,-51.0,84:F3:EB:12:34:56,,,,,0.0,Normal,0.0
1744307558986477,10.42.0.2,10.42.0.1,50132,1883,1,1,0,1,0,0,0,0,0,0,0,0,0,0.0,0,,0,0,,0,0,0,0,0,0,0,0,0.0,0,0,0,0,0,64.0,5760.0,0,0,0,54,eth:ethertype:ip:tcp,30.4,94.9,52.2,160.0,-51.0,84:F3:EB:12:34:56,,,,,0.0,Normal,0.0
1744307558988555,10.42.0.2,10.42.0.1,50132,1883,1,1,0,1,0,0,1,0,3,0,0,0,0,0.0,0,,0,0,,0,0,0,0,0,0,0,0,0.0,0,0,0,0,0,64.0,5760.0,0,0,0,57,eth:ethertype:ip:tcp,30.4,94.9,52.2,160.0,-51.0,84:F3:EB:12:34:56,,,,,0.0,Normal,0.0
1744307558992017,10.42.0.2,10.42.0.1,50132,1883,4,1,0,1,0,0,1,0,29,0,0,0,0,0.0,0,,0,0,,0,0,0,0,0,0,0,0,0.0,0,0,0,0,0,64.0,5760.0,0,0,0,83,eth:ethertype:ip:tcp,30.4,94.9,52.2,160.0,-51.0,84:F3:EB:12:34:56,,,,,0.0,Normal,0.0
1744307558995071,10.42.0.2,10.42.0.1,50132,1883,33,1,0,1,0,0,1,0,12,0,0,0,0,0.0,0,,0,1,,0,0,0,1,42,4,MQTT,4,0.0,0,0,0,0,0,64.0,5760.0,0,0,esp32_a0a3b3edac1c,66,eth:ethertype:ip:tcp:mqtt,30.4,94.9,52.2,160.0,-51.0,84:F3:EB:12:34:56,,,,,0.0,Normal,0.0
1744307559030397,10.42.0.2,10.42.0.1,50132,1883,45,5,0,1,0,0,1,0,3,0,0,0,0,0.0,0,,0,0,,0,0,0,0,0,0,0,0,0.0,0,0,0,0,0,64.0,5756.0,0,0,0,57,eth:ethertype:ip:tcp,30.4,94.9,52.2,160.0,-51.0,84:F3:EB:12:34:56,,,,,0.0,Normal,0.0
1744307559043021,10.42.0.2,10.42.0.1,50132,1883,48,5,0,1,1,0,1,0,185,0,0,0,0,0.0,0,,0,3,"Wakeup: 0, Mode: 0, Reset: 1, Temperature: 38.3, Uptime: 631818, Memory: 94.9, In_Temperature: 52.2°C, CPU: 160, RSSI: -50, MAC: 84:F3:EB:12:34:56, F_Storage: 99.2",test/temperatura,16,0,0,182,0,0,0,0.0,0,0,0,0,0,64.0,5756.0,0,0,0,239,eth:ethertype:ip:tcp:mqtt,38.3,94.9,52.2,160.0,-50.0,84:F3:EB:12:34:56,,,,,0.0,Normal,0.0
1744307559048431,10.42.0.2,10.42.0.1,50132,1883,234,6,0,1,0,0,0,0,0,0,0,0,0,0.0,0,,0,0,,0,0,0,0,0,0,0,0,0.0,0,0,0,0,0,64.0,5755.0,0,0,0,54,eth:ethertype:ip:tcp,38.3,94.9,52.2,160.0,-50.0,84:F3:EB:12:34:56,,,,,0.0,Normal,0.0
1744307589051720,10.42.0.2,10.42.0.1,50133,1883,0,0,1,0,0,0,0,0,0,0,0,0,0,0.0,0,,0,0,,0,0,0,0,0,0,0,0,0.0,0,0,0,0,0,64.0,5760.0,0,0,0,58,eth:ethertype:ip:tcp,38.3,94.9,52.2,160.0,-50.0,84:F3:EB:12:34:56,,,,,0.0,Normal,0.0
1744307589056895,10.42.0.2,10.42.0.1,50133,1883,1,1,0,1,0,0,0,0,0,0,0,0,0,0.0,0,,0,0,,0,0,0,0,0,0,0,0,0.0,0,0,0,0,0,64.0,5760.0,0,0,0,54,eth:ethertype:ip:tcp,38.3,94.9,52.2,160.0,-50.0,84:F3:EB:12:34:56,,,,,0.0,Normal,0.0
1744307589059271,10.42.0.2,10.42.0.1,50133,1883,1,1,0,1,0,0,1,0,3,0,0,0,0,0.0,0,,0,0,,0,0,0,0,0,0,0,0,0.0,0,0,0,0,0,64.0,5760.0,0,0,0,57,eth:ethertype:ip:tcp,38.3,94.9,52.2,160.0,-50.0,84:F3:EB:12:34:56,,,,,0.0,Normal,0.0
1744307589063445,10.42.0.2,10.42.0.1,50133,1883,4,1,0,1,0,0,1,0,29,0,0,0,0,0.0,0,,0,0,,0,0,0,0,0,0,0,0,0.0,0,0,0,0,0,64.0,5760.0,0,0,0,83,eth:ethertype:ip:tcp,38.3,94.9,52.2,160.0,-50.0,84:F3:EB:12:34:56,,,,,0.0,Normal,0.0
1744307589066283,10.42.0.2,10.42.0.1,50133,1883,33,1,0,1,0,0,1,0,12,0,0,0,0,0.0,0,,0,1,,0,0,0,1,42,4,MQTT,4,0.0,0,0,0,0,0,64.0,5760.0,0,0,esp32_a0a3b3edac1c,66,eth:ethertype:ip:tcp:mqtt,38.3,94.9,52.2,160.0,-50.0,84:F3:EB:12:34:56,,,,,0.0,Normal,0.0
1744307589101325,10.42.0.2,10.42.0.1,50133,1883,45,5,0,1,0,0,1,0,3,0,0,0,0,0.0,0,,0,0,,0,0,0,0,0,0,0,0,0.0,0,0,0,0,0,64.0,5756.0,0,0,0,57,eth:ethertype:ip:tcp,38.3,94.9,52.2,160.0,-50.0,84:F3:EB:12:34:56,,,,,0.0,Normal,0.0
1744307589112242,10.42.0.2,10.42.0.1,50133,1883,48,5,0,1,1,0,1,0,185,0,0,0,0,0.0,0,,0,3,"Wakeup: 0, Mode: 0, Reset: 1, Temperature: 31.7, Uptime: 631848, Memory: 94.9, In_Temperature: 52.2°C, CPU: 160, RSSI: -50, MAC: 84:F3:EB:12:34:56, F_Storage: 99.2",test/temperatura,16,0,0,182,0,0,0,0.0,0,0,0,0,0,64.0,5756.0,0,0,0,239,eth:ethertype:ip:tcp:mqtt,31.7,94.9,52.2,160.0,-50.0,84:F3:EB:12:34:56,,,,,0.0,Normal,0.0
1744307589115657,10.42.0.2,10.42.0.1,50133,1883,234,6,0,1,0,0,0,0,0,0,0,0,0,0.0,0,,0,0,,0,0,0,0,0,0,0,0,0.0,0,0,0,0,0,64.0,5755.0,0,0,0,54,eth:ethertype:ip:tcp,31.7,94.9,52.2,160.0,-50.0,84:F3:EB:12:34:56,,,,,0.0,Normal,0.0
1744307619121010,10.42.0.2,10.42.0.1,50134,1883,0,0,1,0,0,0,0,0,0,0,0,0,0,0.0,0,,0,0,,0,0,0,0,0,0,0,0,0.0,0,0,0,0,0,64.0,5760.0,0,0,0,58,eth:ethertype:ip:tcp,31.7,94.9,52.2,160.0,-50.0,84:F3:EB:12:34:56,,,,,0.0,Normal,0.0
1744307619124613,10.42.0.2,10.42.0.1,50134,1883,1,1,0,1,0,0,0,0,0,0,0,0,0,0.0,0,,0,0,,0,0,0,0,0,0,0,0,0.0,0,0,0,0,0,64.0,5760.0,0,0,0,54,eth:ethertype:ip:tcp,31.7,94.9,52.2,160.0,-50.0,84:F3:EB:12:34:56,,,,,0.0,Normal,0.0
1744307619126933,10.42.0.2,10.42.0.1,50134,1883,1,1,0,1,0,0,1,0,3,0,0,0,0,0.0,0,,0,0,,0,0,0,0,0,0,0,0,0.0,0,0,0,0,0,64.0,5760.0,0,0,0,57,eth:ethertype:ip:tcp,31.7,94.9,52.2,160.0,-50.0,84:F3:EB:12:34:56,,,,,0.0,Normal,0.0
1744307619130378,10.42.0.2,10.42.0.1,50134,1883,4,1,0,1,0,0,1,0,29,0,0,0,0,0.0,0,,0,0,,0,0,0,0,0,0,0,0,0.0,0,0,0,0,0,64.0,5760.0,0,0,0,83,eth:ethertype:ip:tcp,31.7,94.9,52.2,160.0,-50.0,84:F3:EB:12:34:56,,,,,0.0,Normal,0.0
1744307619133375,10.42.0.2,10.42.0.1,50134,1883,33,1,0,1,0,0,1,0,12,0,0,0,0,0.0,0,,0,1,,0,0,0,1,42,4,MQTT,4,0.0,0,0,0,0,0,64.0,5760.0,0,0,esp32_a0a3b3edac1c,66,eth:ethertype:ip:tcp:mqtt,31.7,94.9,52.2,160.0,-50.0,84:F3:EB:12:34:56,,,,,0.0,Normal,0.0
1744307619172545,10.42.0.2,10.42.0.1,50134,1883,45,5,0,1,0,0,1,0,3,0,0,0,0,0.0,0,,0,0,,0,0,0,0,0,0,0,0,0.0,0,0,0,0,0,64.0,5756.0,0,0,0,57,eth:ethertype:ip:tcp,31.7,94.9,52.2,160.0,-50.0,84:F3:EB:12:34:56,,,,,0.0,Normal,0.0
1744307619181529,10.42.0.2,10.42.0.1,50134,1883,48,5,0,1,1,0,1,0,185,0,0,0,0,0.0,0,,0,3,"Wakeup: 0, Mode: 0, Reset: 1, Temperature: 40.6, Uptime: 631878, Memory: 94.9, In_Temperature: 52.2°C, CPU: 160, RSSI: -50, MAC: 84:F3:EB:12:34:56, F_Storage: 99.2",test/temperatura,16,0,0,182,0,0,0,0.0,0,0,0,0,0,64.0,5756.0,0,0,0,239,eth:ethertype:ip:tcp:mqtt,40.6,94.9,52.2,160.0,-50.0,84:F3:EB:12:34:56,,,,,0.0,Normal,0.0
1744307619185174,10.42.0.2,10.42.0.1,50134,1883,234,6,0,1,0,0,0,0,0,0,0,0,0,0.0,0,,0,0,,0,0,0,0,0,0,0,0,0.0,0,0,0,0,0,64.0,5755.0,0,0,0,54,eth:ethertype:ip:tcp,40.6,94.9,52.2,160.0,-50.0,84:F3:EB:12:34:56,,,,,0.0,Normal,0.0
1744307649190624,10.42.0.2,10.42.0.1,50135,1883,0,0,1,0,0,0,0,0,0,0,0,0,0,0.0,0,,0,0,,0,0,0,0,0,0,0,0,0.0,0,0,0,0,0,64.0,5760.0,0,0,0,58,eth:ethertype:ip:tcp,40.6,94.9,52.2,160.0,-50.0,84:F3:EB:12:34:56,,,,,0.0,Normal,0.0
1744307649196237,10.42.0.2,10.42.0.1,50135,1883,1,1,0,1,0,0,0,0,0,0,0,0,0,0.0,0,,0,0,,0,0,0,0,0,0,0,0,0.0,0,0,0,0,0,64.0,5760.0,0,0,0,54,eth:ethertype:ip:tcp,40.6,94.9,52.2,160.0,-50.0,84:F3:EB:12:34:56,,,,,0.0,Normal,0.0
1744307649196940,10.42.0.2,10.42.0.1,50135,1883,1,1,0,1,0,0,1,0,3,0,0,0,0,0.0,0,,0,0,,0,0,0,0,0,0,0,0,0.0,0,0,0,0,0,64.0,5760.0,0,0,0,57,eth:ethertype:ip:tcp,40.6,94.9,52.2,160.0,-50.0,84:F3:EB:12:34:56,,,,,0.0,Normal,0.0
1744307649200240,10.42.0.2,10.42.0.1,50135,1883,4,1,0,1,0,0,1,0,31,0,0,0,0,0.0,0,,0,0,,0,0,0,0,0,0,0,0,0.0,0,0,0,0,0,64.0,5760.0,0,0,0,85,eth:ethertype:ip:tcp,40.6,94.9,52.2,160.0,-50.0,84:F3:EB:12:34:56,,,,,0.0,Normal,0.0
1744307649203102,10.42.0.2,10.42.0.1,50135,1883,35,1,0,1,0,0,1,0,10,0,0,0,0,0.0,0,,0,1,,0,0,0,1,42,4,MQTT,4,0.0,0,0,0,0,0,64.0,5760.0,0,0,esp32_a0a3b3edac1c,64,eth:ethertype:ip:tcp:mqtt,40.6,94.9,52.2,160.0,-50.0,84:F3:EB:12:34:56,,,,,0.0,Normal,0.0
1744307649238807,10.42.0.2,10.42.0.1,50135,1883,45,5,0,1,0,0,1,0,3,0,0,0,0,0.0,0,,0,0,,0,0,0,0,0,0,0,0,0.0,0,0,0,0,0,64.0,5756.0,0,0,0,57,eth:ethertype:ip:tcp,40.6,94.9,52.2,160.0,-50.0,84:F3:EB:12:34:56,,,,,0.0,Normal,0.0
1744307649251026,10.42.0.2,10.42.0.1,50135,1883,48,5,0,1,1,0,1,0,185,0,0,0,0,0.0,0,,0,3,"Wakeup: 0, Mode: 0, Reset: 1, Temperature: 35.8, Uptime: 631908, Memory: 94.9, In_Temperature: 52.2°C, CPU: 160, RSSI: -50, MAC: 84:F3:EB:12:34:56, F_Storage: 99.2",test/temperatura,16,0,0,182,0,0,0,0.0,0,0,0,0,0,64.0,5756.0,0,0,0,239,eth:ethertype:ip:tcp:mqtt,35.8,94.9,52.2,160.0,-50.0,84:F3:EB:12:34:56,,,,,0.0,Normal,0.0
1744307649254294,10.42.0.2,10.42.0.1,50135,1883,234,6,0,1,0,0,0,0,0,0,0,0,0,0.0,0,,0,0,,0,0,0,0,0,0,0,0,0.0,0,0,0,0,0,64.0,5755.0,0,0,0,54,eth:ethertype:ip:tcp,35.8,94.9,52.2,160.0,-50.0,84:F3:EB:12:34:56,,,,,0.0,Normal,0.0
1744307679259899,10.42.0.2,10.42.0.1,50136,1883,0,0,1,0,0,0,0,0,0,0,0,0,0,0.0,0,,0,0,,0,0,0,0,0,0,0,0,0.0,0,0,0,0,0,64.0,5760.0,0,0,0,58,eth:ethertype:ip:tcp,35.8,94.9,52.2,160.0,-50.0,84:F3:EB:12:34:56,,,,,0.0,Normal,0.0
1744307679263839,10.42.0.2,10.42.0.1,50136,1883,1,1,0,1,0,0,0,0,0,0,0,0,0,0.0,0,,0,0,,0,0,0,0,0,0,0,0,0.0,0,0,0,0,0,64.0,5760.0,0,0,0,54,eth:ethertype:ip:tcp,35.8,94.9,52.2,160.0,-50.0,84:F3:EB:12:34:56,,,,,0.0,Normal,0.0
1744307679266274,10.42.0.2,10.42.0.1,50136,1883,1,1,0,1,0,0,1,0,3,0,0,0,0,0.0,0,,0,0,,0,0,0,0,0,0,0,0,0.0,0,0,0,0,0,64.0,5760.0,0,0,0,57,eth:ethertype:ip:tcp,35.8,94.9,52.2,160.0,-50.0,84:F3:EB:12:34:56,,,,,0.0,Normal,0.0
1744307679271867,10.42.0.2,10.42.0.1,50136,1883,4,1,0,1,0,0,1,0,41,0,0,0,0,0.0,0,,0,1,,0,0,0,1,42,4,MQTT,4,0.0,0,0,0,0,0,64.0,5760.0,0,0,esp32_a0a3b3edac1c,95,eth:ethertype:ip:tcp:mqtt,35.8,94.9,52.2,160.0,-50.0,84:F3:EB:12:34:56,,,,,0.0,Normal,0.0
1744307679279874,10.42.0.2,10.42.0.1,50136,1883,45,5,0,1,0,0,0,0,0,0,0,0,0,0.0,0,,0,0,,0,0,0,0,0,0,0,0,0.0,0,0,0,0,0,64.0,5756.0,0,0,0,54,eth:ethertype:ip:tcp,35.8,94.9,52.2,160.0,-50.0,84:F3:EB:12:34:56,,,,,0.0,Normal,0.0
1744307679307131,10.42.0.2,10.42.0.1,50136,1883,45,5,0,1,0,0,1,0,3,0,0,0,0,0.0,0,,0,0,,0,0,0,0,0,0,0,0,0.0,0,0,0,0,0,64.0,5756.0,0,0,0,57,eth:ethertype:ip:tcp,35.8,94.9,52.2,160.0,-50.0,84:F3:EB:12:34:56,,,,,0.0,Normal,0.0
1744307679320195,10.42.0.2,10.42.0.1,50136,1883,48,5,0,1,1,0,1,0,185,0,0,0,0,0.0,0,,0,3,"Wakeup: 0, Mode: 0, Reset: 1, Temperature: 33.4, Uptime: 631938, Memory: 94.9, In_Temperature: 52.2°C, CPU: 160, RSSI: -49, MAC: 84:F3:EB:12:34:56, F_Storage: 99.2",test/temperatura,16,0,0,182,0,0,0,0.0,0,0,0,0,0,64.0,5756.0,0,0,0,239,eth:ethertype:ip:tcp:mqtt,33.4,94.9,52.2,160.0,-49.0,84:F3:EB:12:34:56,,,,,0.0,Normal,0.0
1744307679323726,10.42.0.2,10.42.0.1,50136,1883,234,6,0,1,0,0,0,0,0,0,0,0,0,0.0,0,,0,0,,0,0,0,0,0,0,0,0,0.0,0,0,0,0,0,64.0,5755.0,0,0,0,54,eth:ethertype:ip:tcp,33.4,94.9,52.2,160.0,-49.0,84:F3:EB:12:34:56,,,,,0.0,Normal,0.0
1744307709331575,10.42.0.2,10.42.0.1,50137,1883,0,0,1,0,0,0,0,0,0,0,0,0,0,0.0,0,,0,0,,0,0,0,0,0,0,0,0,0.0,0,0,0,0,0,64.0,5760.0,0,0,0,58,eth:ethertype:ip:tcp,33.4,94.9,52.2,160.0,-49.0,84:F3:EB:12:34:56,,,,,0.0,Normal,0.0
1744307709335660,10.42.0.2,10.42.0.1,50137,1883,1,1,0,1,0,0,0,0,0,0,0,0,0,0.0,0,,0,0,,0,0,0,0,0,0,0,0,0.0,0,0,0,0,0,64.0,5760.0,0,0,0,54,eth:ethertype:ip:tcp,33.4,94.9,52.2,160.0,-49.0,84:F3:EB:12:34:56,,,,,0.0,Normal,0.0
1744307709337623,10.42.0.2,10.42.0.1,50137,1883,1,1,0,1,0,0,1,0,3,0,0,0,0,0.0,0,,0,0,,0,0,0,0,0,0,0,0,0.0,0,0,0,0,0,64.0,5760.0,0,0,0,57,eth:ethertype:ip:tcp,33.4,94.9,52.2,160.0,-49.0,84:F3:EB:12:34:56,,,,,0.0,Normal,0.0
1744307709341151,10.42.0.2,10.42.0.1,50137,1883,4,1,0,1,0,0,1,0,29,0,0,0,0,0.0,0,,0,0,,0,0,0,0,0,0,0,0,0.0,0,0,0,0,0,64.0,5760.0,0,0,0,83,eth:ethertype:ip:tcp,33.4,94.9,52.2,160.0,-49.0,84:F3:EB:12:34:56,,,,,0.0,Normal,0.0
1744307709344208,10.42.0.2,10.42.0.1,50137,1883,33,1,0,1,0,0,1,0,12,0,0,0,0,0.0,0,,0,1,,0,0,0,1,42,4,MQTT,4,0.0,0,0,0,0,0,64.0,5760.0,0,0,esp32_a0a3b3edac1c,66,eth:ethertype:ip:tcp:mqtt,33.4,94.9,52.2,160.0,-49.0,84:F3:EB:12:34:56,,,,,0.0,Normal,0.0
1744307709380877,10.42.0.2,10.42.0.1,50137,1883,45,5,0,1,0,0,1,0,3,0,0,0,0,0.0,0,,0,0,,0,0,0,0,0,0,0,0,0.0,0,0,0,0,0,64.0,5756.0,0,0,0,57,eth:ethertype:ip:tcp,33.4,94.9,52.2,160.0,-49.0,84:F3:EB:12:34:56,,,,,0.0,Normal,0.0
1744307709392038,10.42.0.2,10.42.0.1,50137,1883,48,5,0,1,1,0,1,0,185,0,0,0,0,0.0,0,,0,3,"Wakeup: 0, Mode: 0, Reset: 1, Temperature: 34.4, Uptime: 631968, Memory: 94.9, In_Temperature: 52.2°C, CPU: 160, RSSI: -51, MAC: 84:F3:EB:12:34:56, F_Storage: 99.2",test/temperatura,16,0,0,182,0,0,0,0.0,0,0,0,0,0,64.0,5756.0,0,0,0,239,eth:ethertype:ip:tcp:mqtt,34.4,94.9,52.2,160.0,-51.0,84:F3:EB:12:34:56,,,,,0.0,Normal,0.0
1744307709395484,10.42.0.2,10.42.0.1,50137,1883,234,6,0,1,0,0,0,0,0,0,0,0,0,0.0,0,,0,0,,0,0,0,0,0,0,0,0,0.0,0,0,0,0,0,64.0,5755.0,0,0,0,54,eth:ethertype:ip:tcp,34.4,94.9,52.2,160.0,-51.0,84:F3:EB:12:34:56,,,,,0.0,Normal,0.0
1744307739406931,10.42.0.2,10.42.0.1,50138,1883,0,0,1,0,0,0,0,0,0,0,0,0,0,0.0,0,,0,0,,0,0,0,0,0,0,0,0,0.0,0,0,0,0,0,64.0,5760.0,0,0,0,58,eth:ethertype:ip:tcp,34.4,94.9,52.2,160.0,-51.0,84:F3:EB:12:34:56,,,,,0.0,Normal,0.0
1744307739411021,10.42.0.2,10.42.0.1,50138,1883,1,1,0,1,0,0,0,0,0,0,0,0,0,0.0,0,,0,0,,0,0,0,0,0,0,0,0,0.0,0,0,0,0,0,64.0,5760.0,0,0,0,54,eth:ethertype:ip:tcp,34.4,94.9,52.2,160.0,-51.0,84:F3:EB:12:34:56,,,,,0.0,Normal,0.0
1744307739413171,10.42.0.2,10.42.0.1,50138,1883,1,1,0,1,0,0,1,0,3,0,0,0,0,0.0,0,,0,0,,0,0,0,0,0,0,0,0,0.0,0,0,0,0,0,64.0,5760.0,0,0,0,57,eth:ethertype:ip:tcp,34.4,94.9,52.2,160.0,-51.0,84:F3:EB:12:34:56,,,,,0.0,Normal,0.0
1744307739416568,10.42.0.2,10.42.0.1,50138,1883,4,1,0,1,0,0,1,0,29,0,0,0,0,0.0,0,,0,0,,0,0,0,0,0,0,0,0,0.0,0,0,0,0,0,64.0,5760.0,0,0,0,83,eth:ethertype:ip:tcp,34.4,94.9,52.2,160.0,-51.0,84:F3:EB:12:34:56,,,,,0.0,Normal,0.0
1744307739419701,10.42.0.2,10.42.0.1,50138,1883,33,1,0,1,0,0,1,0,12,0,0,0,0,0.0,0,,0,1,,0,0,0,1,42,4,MQTT,4,0.0,0,0,0,0,0,64.0,5760.0,0,0,esp32_a0a3b3edac1c,66,eth:ethertype:ip:tcp:mqtt,34.4,94.9,52.2,160.0,-51.0,84:F3:EB:12:34:56,,,,,0.0,Normal,0.0
1744307739455101,10.42.0.2,10.42.0.1,50138,1883,45,5,0,1,0,0,1,0,3,0,0,0,0,0.0,0,,0,0,,0,0,0,0,0,0,0,0,0.0,0,0,0,0,0,64.0,5756.0,0,0,0,57,eth:ethertype:ip:tcp,34.4,94.9,52.2,160.0,-51.0,84:F3:EB:12:34:56,,,,,0.0,Normal,0.0
1744307739468877,10.42.0.2,10.42.0.1,50138,1883,48,5,0,1,1,0,1,0,185,0,0,0,0,0.0,0,,0,3,"Wakeup: 0, Mode: 0, Reset: 1, Temperature: 39.3, Uptime: 631998, Memory: 94.9, In_Temperature: 52.2°C, CPU: 160, RSSI: -51, MAC: 84:F3:EB:12:34:56, F_Storage: 99.2",test/temperatura,16,0,0,182,0,0,0,0.0,0,0,0,0,0,64.0,5756.0,0,0,0,239,eth:ethertype:ip:tcp:mqtt,39.3,94.9,52.2,160.0,-51.0,84:F3:EB:12:34:56,,,,,0.0,Normal,0.0
1744307739472206,10.42.0.2,10.42.0.1,50138,1883,234,6,0,1,0,0,0,0,0,0,0,0,0,0.0,0,,0,0,,0,0,0,0,0,0,0,0,0.0,0,0,0,0,0,64.0,5755.0,0,0,0,54,eth:ethertype:ip:tcp,39.3,94.9,52.2,160.0,-51.0,84:F3:EB:12:34:56,,,,,0.0,Normal,0.0
1744307769477080,10.42.0.2,10.42.0.1,50139,1883,0,0,1,0,0,0,0,0,0,0,0,0,0,0.0,0,,0,0,,0,0,0,0,0,0,0,0,0.0,0,0,0,0,0,64.0,5760.0,0,0,0,58,eth:ethertype:ip:tcp,39.3,94.9,52.2,160.0,-51.0,84:F3:EB:12:34:56,,,,,0.0,Normal,0.0
1744307769485387,10.42.0.2,10.42.0.1,50139,1883,1,1,0,1,0,0,0,0,0,0,0,0,0,0.0,0,,0,0,,0,0,0,0,0,0,0,0,0.0,0,0,0,0,0,64.0,5760.0,0,0,0,54,eth:ethertype:ip:tcp,39.3,94.9,52.2,160.0,-51.0,84:F3:EB:12:34:56,,,,,0.0,Normal,0.0
1744307769487739,10.42.0.2,10.42.0.1,50139,1883,1,1,0,1,0,0,1,0,3,0,0,0,0,0.0,0,,0,0,,0,0,0,0,0,0,0,0,0.0,0,0,0,0,0,64.0,5760.0,0,0,0,57,eth:ethertype:ip:tcp,39.3,94.9,52.2,160.0,-51.0,84:F3:EB:12:34:56,,,,,0.0,Normal,0.0
1744307769491324,10.42.0.2,10.42.0.1,50139,1883,4,1,0,1,0,0,1,0,29,0,0,0,0,0.0,0,,0,0,,0,0,0,0,0,0,0,0,0.0,0,0,0,0,0,64.0,5760.0,0,0,0,83,eth:ethertype:ip:tcp,39.3,94.9,52.2,160.0,-51.0,84:F3:EB:12:34:56,,,,,0.0,Normal,0.0
1744307769494388,10.42.0.2,10.42.0.1,50139,1883,33,1,0,1,0,0,1,0,12,0,0,0,0,0.0,0,,0,1,,0,0,0,1,42,4,MQTT,4,0.0,0,0,0,0,0,64.0,5760.0,0,0,esp32_a0a3b3edac1c,66,eth:ethertype:ip:tcp:mqtt,39.3,94.9,52.2,160.0,-51.0,84:F3:EB:12:34:56,,,,,0.0,Normal,0.0
1744307769528933,10.42.0.2,10.42.0.1,50139,1883,45,5,0,1,0,0,0,0,0,0,0,0,0,0.0,0,,0,0,,0,0,0,0,0,0,0,0,0.0,0,0,0,0,0,64.0,5756.0,0,0,0,54,eth:ethertype:ip:tcp,39.3,94.9,52.2,160.0,-51.0,84:F3:EB:12:34:56,,,,,0.0,Normal,0.0
1744307769530548,10.42.0.2,10.42.0.1,50139,1883,45,5,0,1,0,0,1,0,3,0,0,0,0,0.0,0,,0,0,,0,0,0,0,0,0,0,0,0.0,0,0,0,0,0,64.0,5756.0,0,0,0,57,eth:ethertype:ip:tcp,39.3,94.9,52.2,160.0,-51.0,84:F3:EB:12:34:56,,,,,0.0,Normal,0.0
1744307769548329,10.42.0.2,10.42.0.1,50139,1883,48,5,0,1,1,0,1,0,185,0,0,0,0,0.0,0,,0,3,"Wakeup: 0, Mode: 0, Reset: 1, Temperature: 27.0, Uptime: 632028, Memory: 94.9, In_Temperature: 52.2°C, CPU: 160, RSSI: -50, MAC: 84:F3:EB:12:34:56, F_Storage: 99.2",test/temperatura,16,0,0,182,0,0,0,0.0,0,0,0,0,0,64.0,5756.0,0,0,0,239,eth:ethertype:ip:tcp:mqtt,27.0,94.9,52.2,160.0,-50.0,84:F3:EB:12:34:56,,,,,0.0,Normal,0.0
1744307769551864,10.42.0.2,10.42.0.1,50139,1883,234,6,0,1,0,0,0,0,0,0,0,0,0,0.0,0,,0,0,,0,0,0,0,0,0,0,0,0.0,0,0,0,0,0,64.0,5755.0,0,0,0,54,eth:ethertype:ip:tcp,27.0,94.9,52.2,160.0,-50.0,84:F3:EB:12:34:56,,,,,0.0,Normal,0.0
1744307799556315,10.42.0.2,10.42.0.1,50140,1883,0,0,1,0,0,0,0,0,0,0,0,0,0,0.0,0,,0,0,,0,0,0,0,0,0,0,0,0.0,0,0,0,0,0,64.0,5760.0,0,0,0,58,eth:ethertype:ip:tcp,27.0,94.9,52.2,160.0,-50.0,84:F3:EB:12:34:56,,,,,0.0,Normal,0.0
1744307799559940,10.42.0.2,10.42.0.1,50140,1883,1,1,0,1,0,0,0,0,0,0,0,0,0,0.0,0,,0,0,,0,0,0,0,0,0,0,0,0.0,0,0,0,0,0,64.0,5760.0,0,0,0,54,eth:ethertype:ip:tcp,27.0,94.9,52.2,160.0,-50.0,84:F3:EB:12:34:56,,,,,0.0,Normal,0.0
1744307799562324,10.42.0.2,10.42.0.1,50140,1883,1,1,0,1,0,0,1,0,3,0,0,0,0,0.0,0,,0,0,,0,0,0,0,0,0,0,0,0.0,0,0,0,0,0,64.0,5760.0,0,0,0,57,eth:ethertype:ip:tcp,27.0,94.9,52.2,160.0,-50.0,84:F3:EB:12:34:56,,,,,0.0,Normal,0.0
1744307799565609,10.42.0.2,10.42.0.1,50140,1883,4,1,0,1,0,0,1,0,29,0,0,0,0,0.0,0,,0,0,,0,0,0,0,0,0,0,0,0.0,0,0,0,0,0,64.0,5760.0,0,0,0,83,eth:ethertype:ip:tcp,27.0,94.9,52.2,160.0,-50.0,84:F3:EB:12:34:56,,,,,0.0,Normal,0.0
1744307799568711,10.42.0.2,10.42.0.1,50140,1883,33,1,0,1,0,0,1,0,12,0,0,0,0,0.0,0,,0,1,,0,0,0,1,42,4,MQTT,4,0.0,0,0,0,0,0,64.0,5760.0,0,0,esp32_a0a3b3edac1c,66,eth:ethertype:ip:tcp:mqtt,27.0,94.9,52.2,160.0,-50.0,84:F3:EB:12:34:56,,,,,0.0,Normal,0.0
1744307799604501,10.42.0.2,10.42.0.1,50140,1883,45,5,0,1,0,0,1,0,3,0,0,0,0,0.0,0,,0,0,,0,0,0,0,0,0,0,0,0.0,0,0,0,0,0,64.0,5756.0,0,0,0,57,eth:ethertype:ip:tcp,27.0,94.9,52.2,160.0,-50.0,84:F3:EB:12:34:56,,,,,0.0,Normal,0.0
1744307799617524,10.42.0.2,10.42.0.1,50140,1883,48,5,0,1,1,0,1,0,185,0,0,0,0,0.0,0,,0,3,"Wakeup: 0, Mode: 0, Reset: 1, Temperature: 38.1, Uptime: 632059, Memory: 94.9, In_Temperature: 52.2°C, CPU: 160, RSSI: -51, MAC: 84:F3:EB:12:34:56, F_Storage: 99.2",test/temperatura,16,0,0,182,0,0,0,0.0,0,0,0,0,0,64.0,5756.0,0,0,0,239,eth:ethertype:ip:tcp:mqtt,38.1,94.9,52.2,160.0,-51.0,84:F3:EB:12:34:56,,,,,0.0,Normal,0.0
1744307799621053,10.42.0.2,10.42.0.1,50140,1883,234,6,0,1,0,0,0,0,0,0,0,0,0,0.0,0,,0,0,,0,0,0,0,0,0,0,0,0.0,0,0,0,0,0,64.0,5755.0,0,0,0,54,eth:ethertype:ip:tcp,38.1,94.9,52.2,160.0,-51.0,84:F3:EB:12:34:56,,,,,0.0,Normal,0.0
1744307829626574,10.42.0.2,10.42.0.1,50141,1883,0,0,1,0,0,0,0,0,0,0,0,0,0,0.0,0,,0,0,,0,0,0,0,0,0,0,0,0.0,0,0,0,0,0,64.0,5760.0,0,0,0,58,eth:ethertype:ip:tcp,38.1,94.9,52.2,160.0,-51.0,84:F3:EB:12:34:56,,,,,0.0,Normal,0.0
1744307829631054,10.42.0.2,10.42.0.1,50141,1883,1,1,0,1,0,0,0,0,0,0,0,0,0,0.0,0,,0,0,,0,0,0,0,0,0,0,0,0.0,0,0,0,0,0,64.0,5760.0,0,0,0,54,eth:ethertype:ip:tcp,38.1,94.9,52.2,160.0,-51.0,84:F3:EB:12:34:56,,,,,0.0,Normal,0.0
1744307829632740,10.42.0.2,10.42.0.1,50141,1883,1,1,0,1,0,0,1,0,3,0,0,0,0,0.0,0,,0,0,,0,0,0,0,0,0,0,0,0.0,0,0,0,0,0,64.0,5760.0,0,0,0,57,eth:ethertype:ip:tcp,38.1,94.9,52.2,160.0,-51.0,84:F3:EB:12:34:56,,,,,0.0,Normal,0.0
1744307829636195,10.42.0.2,10.42.0.1,50141,1883,4,1,0,1,0,0,1,0,29,0,0,0,0,0.0,0,,0,0,,0,0,0,0,0,0,0,0,0.0,0,0,0,0,0,64.0,5760.0,0,0,0,83,eth:ethertype:ip:tcp,38.1,94.9,52.2,160.0,-51.0,84:F3:EB:12:34:56,,,,,0.0,Normal,0.0
1744307829639241,10.42.0.2,10.42.0.1,50141,1883,33,1,0,1,0,0,1,0,12,0,0,0,0,0.0,0,,0,1,,0,0,0,1,42,4,MQTT,4,0.0,0,0,0,0,0,64.0,5760.0,0,0,esp32_a0a3b3edac1c,66,eth:ethertype:ip:tcp:mqtt,38.1,94.9,52.2,160.0,-51.0,84:F3:EB:12:34:56,,,,,0.0,Normal,0.0
1744307829674904,10.42.0.2,10.42.0.1,50141,1883,45,5,0,1,0,0,1,0,3,0,0,0,0,0.0,0,,0,0,,0,0,0,0,0,0,0,0,0.0,0,0,0,0,0,64.0,5756.0,0,0,0,57,eth:ethertype:ip:tcp,38.1,94.9,52.2,160.0,-51.0,84:F3:EB:12:34:56,,,,,0.0,Normal,0.0
1744307829686954,10.42.0.2,10.42.0.1,50141,1883,48,5,0,1,1,0,1,0,185,0,0,0,0,0.0,0,,0,3,"Wakeup: 0, Mode: 0, Reset: 1, Temperature: 31.9, Uptime: 632089, Memory: 94.9, In_Temperature: 52.2°C, CPU: 160, RSSI: -50, MAC: 84:F3:EB:12:34:56, F_Storage: 99.2",test/temperatura,16,0,0,182,0,0,0,0.0,0,0,0,0,0,64.0,5756.0,0,0,0,239,eth:ethertype:ip:tcp:mqtt,31.9,94.9,52.2,160.0,-50.0,84:F3:EB:12:34:56,,,,,0.0,Normal,0.0
1744307829692434,10.42.0.2,10.42.0.1,50141,1883,234,6,0,1,0,0,0,0,0,0,0,0,0,0.0,0,,0,0,,0,0,0,0,0,0,0,0,0.0,0,0,0,0,0,64.0,5755.0,0,0,0,54,eth:ethertype:ip:tcp,31.9,94.9,52.2,160.0,-50.0,84:F3:EB:12:34:56,,,,,0.0,Normal,0.0
1744307859695949,10.42.0.2,10.42.0.1,50142,1883,0,0,1,0,0,0,0,0,0,0,0,0,0,0.0,0,,0,0,,0,0,0,0,0,0,0,0,0.0,0,0,0,0,0,64.0,5760.0,0,0,0,58,eth:ethertype:ip:tcp,31.9,94.9,52.2,160.0,-50.0,84:F3:EB:12:34:56,,,,,0.0,Normal,0.0
1744307859699896,10.42.0.2,10.42.0.1,50142,1883,1,1,0,1,0,0,0,0,0,0,0,0,0,0.0,0,,0,0,,0,0,0,0,0,0,0,0,0.0,0,0,0,0,0,64.0,5760.0,0,0,0,54,eth:ethertype:ip:tcp,31.9,94.9,52.2,160.0,-50.0,84:F3:EB:12:34:56,,,,,0.0,Normal,0.0
1744307859702097,10.42.0.2,10.42.0.1,50142,1883,1,1,0,1,0,0,1,0,3,0,0,0,0,0.0,0,,0,0,,0,0,0,0,0,0,0,0,0.0,0,0,0,0,0,64.0,5760.0,0,0,0,57,eth:ethertype:ip:tcp,31.9,94.9,52.2,160.0,-50.0,84:F3:EB:12:34:56,,,,,0.0,Normal,0.0
1744307859705537,10.42.0.2,10.42.0.1,50142,1883,4,1,0,1,0,0,1,0,29,0,0,0,0,0.0,0,,0,0,,0,0,0,0,0,0,0,0,0.0,0,0,0,0,0,64.0,5760.0,0,0,0,83,eth:ethertype:ip:tcp,31.9,94.9,52.2,160.0,-50.0,84:F3:EB:12:34:56,,,,,0.0,Normal,0.0
1744307859708734,10.42.0.2,10.42.0.1,50142,1883,33,1,0,1,0,0,1,0,12,0,0,0,0,0.0,0,,0,1,,0,0,0,1,42,4,MQTT,4,0.0,0,0,0,0,0,64.0,5760.0,0,0,esp32_a0a3b3edac1c,66,eth:ethertype:ip:tcp:mqtt,31.9,94.9,52.2,160.0,-50.0,84:F3:EB:12:34:56,,,,,0.0,Normal,0.0
1744307859744086,10.42.0.2,10.42.0.1,50142,1883,45,5,0,1,0,0,1,0,3,0,0,0,0,0.0,0,,0,0,,0,0,0,0,0,0,0,0,0.0,0,0,0,0,0,64.0,5756.0,0,0,0,57,eth:ethertype:ip:tcp,31.9,94.9,52.2,160.0,-50.0,84:F3:EB:12:34:56,,,,,0.0,Normal,0.0
1744307859756828,10.42.0.2,10.42.0.1,50142,1883,48,5,0,1,1,0,1,0,185,0,0,0,0,0.0,0,,0,3,"Wakeup: 0, Mode: 0, Reset: 1, Temperature: 34.6, Uptime: 632119, Memory: 94.9, In_Temperature: 52.2°C, CPU: 160, RSSI: -50, MAC: 84:F3:EB:12:34:56, F_Storage: 99.2",test/temperatura,16,0,0,182,0,0,0,0.0,0,0,0,0,0,64.0,5756.0,0,0,0,239,eth:ethertype:ip:tcp:mqtt,34.6,94.9,52.2,160.0,-50.0,84:F3:EB:12:34:56,,,,,0.0,Normal,0.0
1744307859760411,10.42.0.2,10.42.0.1,50142,1883,234,6,0,1,0,0,0,0,0,0,0,0,0,0.0,0,,0,0,,0,0,0,0,0,0,0,0,0.0,0,0,0,0,0,64.0,5755.0,0,0,0,54,eth:ethertype:ip:tcp,34.6,94.9,52.2,160.0,-50.0,84:F3:EB:12:34:56,,,,,0.0,Normal,0.0
1744307889765459,10.42.0.2,10.42.0.1,50143,1883,0,0,1,0,0,0,0,0,0,0,0,0,0,0.0,0,,0,0,,0,0,0,0,0,0,0,0,0.0,0,0,0,0,0,64.0,5760.0,0,0,0,58,eth:ethertype:ip:tcp,34.6,94.9,52.2,160.0,-50.0,84:F3:EB:12:34:56,,,,,0.0,Normal,0.0
1744307889769444,10.42.0.2,10.42.0.1,50143,1883,1,1,0,1,0,0,0,0,0,0,0,0,0,0.0,0,,0,0,,0,0,0,0,0,0,0,0,0.0,0,0,0,0,0,64.0,5760.0,0,0,0,54,eth:ethertype:ip:tcp,34.6,94.9,52.2,160.0,-50.0,84:F3:EB:12:34:56,,,,,0.0,Normal,0.0
1744307889771517,10.42.0.2,10.42.0.1,50143,1883,1,1,0,1,0,0,1,0,3,0,0,0,0,0.0,0,,0,0,,0,0,0,0,0,0,0,0,0.0,0,0,0,0,0,64.0,5760.0,0,0,0,57,eth:ethertype:ip:tcp,34.6,94.9,52.2,160.0,-50.0,84:F3:EB:12:34:56,,,,,0.0,Normal,0.0
1744307889774942,10.42.0.2,10.42.0.1,50143,1883,4,1,0,1,0,0,1,0,29,0,0,0,0,0.0,0,,0,0,,0,0,0,0,0,0,0,0,0.0,0,0,0,0,0,64.0,5760.0,0,0,0,83,eth:ethertype:ip:tcp,34.6,94.9,52.2,160.0,-50.0,84:F3:EB:12:34:56,,,,,0.0,Normal,0.0
1744307889778326,10.42.0.2,10.42.0.1,50143,1883,33,1,0,1,0,0,1,0,6,0,0,0,0,0.0,0,,0,0,,0,0,0,0,0,0,0,0,0.0,0,0,0,0,0,64.0,5760.0,0,0,0,60,eth:ethertype:ip:tcp,34.6,94.9,52.2,160.0,-50.0,84:F3:EB:12:34:56,,,,,0.0,Normal,0.0
1744307889781461,10.42.0.2,10.42.0.1,50143,1883,39,1,0,1,0,0,1,0,6,0,0,0,0,0.0,0,,0,1,,0,0,0,1,42,4,MQTT,4,0.0,0,0,0,0,0,64.0,5760.0,0,0,esp32_a0a3b3edac1c,60,eth:ethertype:ip:tcp:mqtt,34.6,94.9,52.2,160.0,-50.0,84:F3:EB:12:34:56,,,,,0.0,Normal,0.0
1744307889817578,10.42.0.2,10.42.0.1,50143,1883,45,5,0,1,0,0,1,0,3,0,0,0,0,0.0,0,,0,0,,0,0,0,0,0,0,0,0,0.0,0,0,0,0,0,64.0,5756.0,0,0,0,57,eth:ethertype:ip:tcp,34.6,94.9,52.2,160.0,-50.0,84:F3:EB:12:34:56,,,,,0.0,Normal,0.0
1744307889835689,10.42.0.2,10.42.0.1,50143,1883,48,5,0,1,1,0,1,0,185,0,0,0,0,0.0,0,,0,3,"Wakeup: 0, Mode: 0, Reset: 1, Temperature: 34.8, Uptime: 632149, Memory: 94.9, In_Temperature: 52.2°C, CPU: 160, RSSI: -51, MAC: 84:F3:EB:12:34:56, F_Storage: 99.2",test/temperatura,16,0,0,182,0,0,0,0.0,0,0,0,0,0,64.0,5756.0,0,0,0,239,eth:ethertype:ip:tcp:mqtt,34.8,94.9,52.2,160.0,-51.0,84:F3:EB:12:34:56,,,,,0.0,Normal,0.0
1744307889839187,10.42.0.2,10.42.0.1,50143,1883,234,6,0,1,0,0,0,0,0,0,0,0,0,0.0,0,,0,0,,0,0,0,0,0,0,0,0,0.0,0,0,0,0,0,64.0,5755.0,0,0,0,54,eth:ethertype:ip:tcp,34.8,94.9,52.2,160.0,-51.0,84:F3:EB:12:34:56,,,,,0.0,Normal,0.0
1744307900776673,10.42.0.2,10.42.0.1,0,0,0,0,0,0,0,0,0,0,0,0,0,0,0,0.0,0,,0,0,,0,0,0,0,0,0,0,0,0.0,0,0,0,0,0,64.0,0.0,0,0,0,350,eth:ethertype:ip:udp:dhcp,34.8,94.9,52.2,160.0,-51.0,84:F3:EB:12:34:56,,,,,0.0,Normal,0.0
1744307919844789,10.42.0.2,10.42.0.1,50144,1883,0,0,1,0,0,0,0,0,0,0,0,0,0,0.0,0,,0,0,,0,0,0,0,0,0,0,0,0.0,0,0,0,0,0,64.0,5760.0,0,0,0,58,eth:ethertype:ip:tcp,34.8,94.9,52.2,160.0,-51.0,84:F3:EB:12:34:56,,,,,0.0,Normal,0.0
1744307919848745,10.42.0.2,10.42.0.1,50144,1883,1,1,0,1,0,0,0,0,0,0,0,0,0,0.0,0,,0,0,,0,0,0,0,0,0,0,0,0.0,0,0,0,0,0,64.0,5760.0,0,0,0,54,eth:ethertype:ip:tcp,34.8,94.9,52.2,160.0,-51.0,84:F3:EB:12:34:56,,,,,0.0,Normal,0.0
1744307919851017,10.42.0.2,10.42.0.1,50144,1883,1,1,0,1,0,0,1,0,3,0,0,0,0,0.0,0,,0,0,,0,0,0,0,0,0,0,0,0.0,0,0,0,0,0,64.0,5760.0,0,0,0,57,eth:ethertype:ip:tcp,34.8,94.9,52.2,160.0,-51.0,84:F3:EB:12:34:56,,,,,0.0,Normal,0.0
1744307919854434,10.42.0.2,10.42.0.1,50144,1883,4,1,0,1,0,0,1,0,29,0,0,0,0,0.0,0,,0,0,,0,0,0,0,0,0,0,0,0.0,0,0,0,0,0,64.0,5760.0,0,0,0,83,eth:ethertype:ip:tcp,34.8,94.9,52.2,160.0,-51.0,84:F3:EB:12:34:56,,,,,0.0,Normal,0.0
1744307919857660,10.42.0.2,10.42.0.1,50144,1883,33,1,0,1,0,0,1,0,12,0,0,0,0,0.0,0,,0,1,,0,0,0,1,42,4,MQTT,4,0.0,0,0,0,0,0,64.0,5760.0,0,0,esp32_a0a3b3edac1c,66,eth:ethertype:ip:tcp:mqtt,34.8,94.9,52.2,160.0,-51.0,84:F3:EB:12:34:56,,,,,0.0,Normal,0.0
1744307919893019,10.42.0.2,10.42.0.1,50144,1883,45,5,0,1,0,0,1,0,3,0,0,0,0,0.0,0,,0,0,,0,0,0,0,0,0,0,0,0.0,0,0,0,0,0,64.0,5756.0,0,0,0,57,eth:ethertype:ip:tcp,34.8,94.9,52.2,160.0,-51.0,84:F3:EB:12:34:56,,,,,0.0,Normal,0.0
1744307919906830,10.42.0.2,10.42.0.1,50144,1883,48,5,0,1,1,0,1,0,185,0,0,0,0,0.0,0,,0,3,"Wakeup: 0, Mode: 0, Reset: 1, Temperature: 25.2, Uptime: 632179, Memory: 94.9, In_Temperature: 52.2°C, CPU: 160, RSSI: -51, MAC: 84:F3:EB:12:34:56, F_Storage: 99.2",test/temperatura,16,0,0,182,0,0,0,0.0,0,0,0,0,0,64.0,5756.0,0,0,0,239,eth:ethertype:ip:tcp:mqtt,25.2,94.9,52.2,160.0,-51.0,84:F3:EB:12:34:56,,,,,0.0,Normal,0.0
1744307919911635,10.42.0.2,10.42.0.1,50144,1883,234,6,0,1,0,0,0,0,0,0,0,0,0,0.0,0,,0,0,,0,0,0,0,0,0,0,0,0.0,0,0,0,0,0,64.0,5755.0,0,0,0,54,eth:ethertype:ip:tcp,25.2,94.9,52.2,160.0,-51.0,84:F3:EB:12:34:56,,,,,0.0,Normal,0.0
1744307949914795,10.42.0.2,10.42.0.1,50145,1883,0,0,1,0,0,0,0,0,0,0,0,0,0,0.0,0,,0,0,,0,0,0,0,0,0,0,0,0.0,0,0,0,0,0,64.0,5760.0,0,0,0,58,eth:ethertype:ip:tcp,25.2,94.9,52.2,160.0,-51.0,84:F3:EB:12:34:56,,,,,0.0,Normal,0.0
1744307949918671,10.42.0.2,10.42.0.1,50145,1883,1,1,0,1,0,0,0,0,0,0,0,0,0,0.0,0,,0,0,,0,0,0,0,0,0,0,0,0.0,0,0,0,0,0,64.0,5760.0,0,0,0,54,eth:ethertype:ip:tcp,25.2,94.9,52.2,160.0,-51.0,84:F3:EB:12:34:56,,,,,0.0,Normal,0.0
1744307949920766,10.42.0.2,10.42.0.1,50145,1883,1,1,0,1,0,0,1,0,3,0,0,0,0,0.0,0,,0,0,,0,0,0,0,0,0,0,0,0.0,0,0,0,0,0,64.0,5760.0,0,0,0,57,eth:ethertype:ip:tcp,25.2,94.9,52.2,160.0,-51.0,84:F3:EB:12:34:56,,,,,0.0,Normal,0.0
1744307949924268,10.42.0.2,10.42.0.1,50145,1883,4,1,0,1,0,0,1,0,29,0,0,0,0,0.0,0,,0,0,,0,0,0,0,0,0,0,0,0.0,0,0,0,0,0,64.0,5760.0,0,0,0,83,eth:ethertype:ip:tcp,25.2,94.9,52.2,160.0,-51.0,84:F3:EB:12:34:56,,,,,0.0,Normal,0.0
1744307949927520,10.42.0.2,10.42.0.1,50145,1883,33,1,0,1,0,0,1,0,12,0,0,0,0,0.0,0,,0,1,,0,0,0,1,42,4,MQTT,4,0.0,0,0,0,0,0,64.0,5760.0,0,0,esp32_a0a3b3edac1c,66,eth:ethertype:ip:tcp:mqtt,25.2,94.9,52.2,160.0,-51.0,84:F3:EB:12:34:56,,,,,0.0,Normal,0.0
1744307949962771,10.42.0.2,10.42.0.1,50145,1883,45,5,0,1,0,0,1,0,3,0,0,0,0,0.0,0,,0,0,,0,0,0,0,0,0,0,0,0.0,0,0,0,0,0,64.0,5756.0,0,0,0,57,eth:ethertype:ip:tcp,25.2,94.9,52.2,160.0,-51.0,84:F3:EB:12:34:56,,,,,0.0,Normal,0.0
1744307949974349,10.42.0.2,10.42.0.1,50145,1883,48,5,0,1,1,0,1,0,185,0,0,0,0,0.0,0,,0,3,"Wakeup: 0, Mode: 0, Reset: 1, Temperature: 31.4, Uptime: 632209, Memory: 94.9, In_Temperature: 52.2°C, CPU: 160, RSSI: -51, MAC: 84:F3:EB:12:34:56, F_Storage: 99.2",test/temperatura,16,0,0,182,0,0,0,0.0,0,0,0,0,0,64.0,5756.0,0,0,0,239,eth:ethertype:ip:tcp:mqtt,31.4,94.9,52.2,160.0,-51.0,84:F3:EB:12:34:56,,,,,0.0,Normal,0.0
1744307949977738,10.42.0.2,10.42.0.1,50145,1883,234,6,0,1,0,0,0,0,0,0,0,0,0,0.0,0,,0,0,,0,0,0,0,0,0,0,0,0.0,0,0,0,0,0,64.0,5755.0,0,0,0,54,eth:ethertype:ip:tcp,31.4,94.9,52.2,160.0,-51.0,84:F3:EB:12:34:56,,,,,0.0,Normal,0.0
1744307979982368,10.42.0.2,10.42.0.1,50146,1883,0,0,1,0,0,0,0,0,0,0,0,0,0,0.0,0,,0,0,,0,0,0,0,0,0,0,0,0.0,0,0,0,0,0,64.0,5760.0,0,0,0,58,eth:ethertype:ip:tcp,31.4,94.9,52.2,160.0,-51.0,84:F3:EB:12:34:56,,,,,0.0,Normal,0.0
1744307979985958,10.42.0.2,10.42.0.1,50146,1883,1,1,0,1,0,0,0,0,0,0,0,0,0,0.0,0,,0,0,,0,0,0,0,0,0,0,0,0.0,0,0,0,0,0,64.0,5760.0,0,0,0,54,eth:ethertype:ip:tcp,31.4,94.9,52.2,160.0,-51.0,84:F3:EB:12:34:56,,,,,0.0,Normal,0.0
1744307979988355,10.42.0.2,10.42.0.1,50146,1883,1,1,0,1,0,0,1,0,3,0,0,0,0,0.0,0,,0,0,,0,0,0,0,0,0,0,0,0.0,0,0,0,0,0,64.0,5760.0,0,0,0,57,eth:ethertype:ip:tcp,31.4,94.9,52.2,160.0,-51.0,84:F3:EB:12:34:56,,,,,0.0,Normal,0.0
1744307979991754,10.42.0.2,10.42.0.1,50146,1883,4,1,0,1,0,0,1,0,29,0,0,0,0,0.0,0,,0,0,,0,0,0,0,0,0,0,0,0.0,0,0,0,0,0,64.0,5760.0,0,0,0,83,eth:ethertype:ip:tcp,31.4,94.9,52.2,160.0,-51.0,84:F3:EB:12:34:56,,,,,0.0,Normal,0.0
1744307979994898,10.42.0.2,10.42.0.1,50146,1883,33,1,0,1,0,0,1,0,12,0,0,0,0,0.0,0,,0,1,,0,0,0,1,42,4,MQTT,4,0.0,0,0,0,0,0,64.0,5760.0,0,0,esp32_a0a3b3edac1c,66,eth:ethertype:ip:tcp:mqtt,31.4,94.9,52.2,160.0,-51.0,84:F3:EB:12:34:56,,,,,0.0,Normal,0.0
1744307980024397,10.42.0.2,10.42.0.1,50146,1883,45,5,0,1,0,0,0,0,0,0,0,0,0,0.0,0,,0,0,,0,0,0,0,0,0,0,0,0.0,0,0,0,0,0,64.0,5756.0,0,0,0,54,eth:ethertype:ip:tcp,31.4,94.9,52.2,160.0,-51.0,84:F3:EB:12:34:56,,,,,0.0,Normal,0.0
1744307980032517,10.42.0.2,10.42.0.1,50146,1883,45,5,0,1,0,0,1,0,3,0,0,0,0,0.0,0,,0,0,,0,0,0,0,0,0,0,0,0.0,0,0,0,0,0,64.0,5756.0,0,0,0,57,eth:ethertype:ip:tcp,31.4,94.9,52.2,160.0,-51.0,84:F3:EB:12:34:56,,,,,0.0,Normal,0.0
1744307980043651,10.42.0.2,10.42.0.1,50146,1883,48,5,0,1,1,0,1,0,185,0,0,0,0,0.0,0,,0,3,"Wakeup: 0, Mode: 0, Reset: 1, Temperature: 30.2, Uptime: 632239, Memory: 94.9, In_Temperature: 52.2°C, CPU: 160, RSSI: -50, MAC: 84:F3:EB:12:34:56, F_Storage: 99.2",test/temperatura,16,0,0,182,0,0,0,0.0,0,0,0,0,0,64.0,5756.0,0,0,0,239,eth:ethertype:ip:tcp:mqtt,30.2,94.9,52.2,160.0,-50.0,84:F3:EB:12:34:56,,,,,0.0,Normal,0.0
1744307980049053,10.42.0.2,10.42.0.1,50146,1883,234,6,0,1,0,0,0,0,0,0,0,0,0,0.0,0,,0,0,,0,0,0,0,0,0,0,0,0.0,0,0,0,0,0,64.0,5755.0,0,0,0,54,eth:ethertype:ip:tcp,30.2,94.9,52.2,160.0,-50.0,84:F3:EB:12:34:56,,,,,0.0,Normal,0.0
1744308010052615,10.42.0.2,10.42.0.1,50147,1883,0,0,1,0,0,0,0,0,0,0,0,0,0,0.0,0,,0,0,,0,0,0,0,0,0,0,0,0.0,0,0,0,0,0,64.0,5760.0,0,0,0,58,eth:ethertype:ip:tcp,30.2,94.9,52.2,160.0,-50.0,84:F3:EB:12:34:56,,,,,0.0,Normal,0.0
1744308010056917,10.42.0.2,10.42.0.1,50147,1883,1,1,0,1,0,0,0,0,0,0,0,0,0,0.0,0,,0,0,,0,0,0,0,0,0,0,0,0.0,0,0,0,0,0,64.0,5760.0,0,0,0,54,eth:ethertype:ip:tcp,30.2,94.9,52.2,160.0,-50.0,84:F3:EB:12:34:56,,,,,0.0,Normal,0.0
1744308010058985,10.42.0.2,10.42.0.1,50147,1883,1,1,0,1,0,0,1,0,3,0,0,0,0,0.0,0,,0,0,,0,0,0,0,0,0,0,0,0.0,0,0,0,0,0,64.0,5760.0,0,0,0,57,eth:ethertype:ip:tcp,30.2,94.9,52.2,160.0,-50.0,84:F3:EB:12:34:56,,,,,0.0,Normal,0.0
1744308010062352,10.42.0.2,10.42.0.1,50147,1883,4,1,0,1,0,0,1,0,29,0,0,0,0,0.0,0,,0,0,,0,0,0,0,0,0,0,0,0.0,0,0,0,0,0,64.0,5760.0,0,0,0,83,eth:ethertype:ip:tcp,30.2,94.9,52.2,160.0,-50.0,84:F3:EB:12:34:56,,,,,0.0,Normal,0.0
1744308010069968,10.42.0.2,10.42.0.1,50147,1883,33,1,0,1,0,0,1,0,12,0,0,0,0,0.0,0,,0,1,,0,0,0,1,42,4,MQTT,4,0.0,0,0,0,0,0,64.0,5760.0,0,0,esp32_a0a3b3edac1c,66,eth:ethertype:ip:tcp:mqtt,30.2,94.9,52.2,160.0,-50.0,84:F3:EB:12:34:56,,,,,0.0,Normal,0.0
1744308010105358,10.42.0.2,10.42.0.1,50147,1883,45,5,0,1,0,0,1,0,3,0,0,0,0,0.0,0,,0,0,,0,0,0,0,0,0,0,0,0.0,0,0,0,0,0,64.0,5756.0,0,0,0,57,eth:ethertype:ip:tcp,30.2,94.9,52.2,160.0,-50.0,84:F3:EB:12:34:56,,,,,0.0,Normal,0.0
1744308010124922,10.42.0.2,10.42.0.1,50147,1883,48,5,0,1,1,0,1,0,185,0,0,0,0,0.0,0,,0,3,"Wakeup: 0, Mode: 0, Reset: 1, Temperature: 36.2, Uptime: 632269, Memory: 94.9, In_Temperature: 52.2°C, CPU: 160, RSSI: -52, MAC: 84:F3:EB:12:34:56, F_Storage: 99.2",test/temperatura,16,0,0,182,0,0,0,0.0,0,0,0,0,0,64.0,5756.0,0,0,0,239,eth:ethertype:ip:tcp:mqtt,36.2,94.9,52.2,160.0,-52.0,84:F3:EB:12:34:56,,,,,0.0,Normal,0.0
1744308010128597,10.42.0.2,10.42.0.1,50147,1883,234,6,0,1,0,0,0,0,0,0,0,0,0,0.0,0,,0,0,,0,0,0,0,0,0,0,0,0.0,0,0,0,0,0,64.0,5755.0,0,0,0,54,eth:ethertype:ip:tcp,36.2,94.9,52.2,160.0,-52.0,84:F3:EB:12:34:56,,,,,0.0,Normal,0.0
1744308040132865,10.42.0.2,10.42.0.1,50148,1883,0,0,1,0,0,0,0,0,0,0,0,0,0,0.0,0,,0,0,,0,0,0,0,0,0,0,0,0.0,0,0,0,0,0,64.0,5760.0,0,0,0,58,eth:ethertype:ip:tcp,36.2,94.9,52.2,160.0,-52.0,84:F3:EB:12:34:56,,,,,0.0,Normal,0.0
1744308040136799,10.42.0.2,10.42.0.1,50148,1883,1,1,0,1,0,0,0,0,0,0,0,0,0,0.0,0,,0,0,,0,0,0,0,0,0,0,0,0.0,0,0,0,0,0,64.0,5760.0,0,0,0,54,eth:ethertype:ip:tcp,36.2,94.9,52.2,160.0,-52.0,84:F3:EB:12:34:56,,,,,0.0,Normal,0.0
1744308040139024,10.42.0.2,10.42.0.1,50148,1883,1,1,0,1,0,0,1,0,3,0,0,0,0,0.0,0,,0,0,,0,0,0,0,0,0,0,0,0.0,0,0,0,0,0,64.0,5760.0,0,0,0,57,eth:ethertype:ip:tcp,36.2,94.9,52.2,160.0,-52.0,84:F3:EB:12:34:56,,,,,0.0,Normal,0.0
1744308040142482,10.42.0.2,10.42.0.1,50148,1883,4,1,0,1,0,0,1,0,29,0,0,0,0,0.0,0,,0,0,,0,0,0,0,0,0,0,0,0.0,0,0,0,0,0,64.0,5760.0,0,0,0,83,eth:ethertype:ip:tcp,36.2,94.9,52.2,160.0,-52.0,84:F3:EB:12:34:56,,,,,0.0,Normal,0.0
1744308040145562,10.42.0.2,10.42.0.1,50148,1883,33,1,0,1,0,0,1,0,12,0,0,0,0,0.0,0,,0,1,,0,0,0,1,42,4,MQTT,4,0.0,0,0,0,0,0,64.0,5760.0,0,0,esp32_a0a3b3edac1c,66,eth:ethertype:ip:tcp:mqtt,36.2,94.9,52.2,160.0,-52.0,84:F3:EB:12:34:56,,,,,0.0,Normal,0.0
1744308040180738,10.42.0.2,10.42.0.1,50148,1883,45,5,0,1,0,0,1,0,3,0,0,0,0,0.0,0,,0,0,,0,0,0,0,0,0,0,0,0.0,0,0,0,0,0,64.0,5756.0,0,0,0,57,eth:ethertype:ip:tcp,36.2,94.9,52.2,160.0,-52.0,84:F3:EB:12:34:56,,,,,0.0,Normal,0.0
1744308040192617,10.42.0.2,10.42.0.1,50148,1883,48,5,0,1,1,0,1,0,185,0,0,0,0,0.0,0,,0,3,"Wakeup: 0, Mode: 0, Reset: 1, Temperature: 34.7, Uptime: 632299, Memory: 94.9, In_Temperature: 52.2°C, CPU: 160, RSSI: -51, MAC: 84:F3:EB:12:34:56, F_Storage: 99.2",test/temperatura,16,0,0,182,0,0,0,0.0,0,0,0,0,0,64.0,5756.0,0,0,0,239,eth:ethertype:ip:tcp:mqtt,34.7,94.9,52.2,160.0,-51.0,84:F3:EB:12:34:56,,,,,0.0,Normal,0.0
1744308040196083,10.42.0.2,10.42.0.1,50148,1883,234,6,0,1,0,0,0,0,0,0,0,0,0,0.0,0,,0,0,,0,0,0,0,0,0,0,0,0.0,0,0,0,0,0,64.0,5755.0,0,0,0,54,eth:ethertype:ip:tcp,34.7,94.9,52.2,160.0,-51.0,84:F3:EB:12:34:56,,,,,0.0,Normal,0.0
1744308070201391,10.42.0.2,10.42.0.1,50149,1883,0,0,1,0,0,0,0,0,0,0,0,0,0,0.0,0,,0,0,,0,0,0,0,0,0,0,0,0.0,0,0,0,0,0,64.0,5760.0,0,0,0,58,eth:ethertype:ip:tcp,34.7,94.9,52.2,160.0,-51.0,84:F3:EB:12:34:56,,,,,0.0,Normal,0.0
1744308070205486,10.42.0.2,10.42.0.1,50149,1883,1,1,0,1,0,0,0,0,0,0,0,0,0,0.0,0,,0,0,,0,0,0,0,0,0,0,0,0.0,0,0,0,0,0,64.0,5760.0,0,0,0,54,eth:ethertype:ip:tcp,34.7,94.9,52.2,160.0,-51.0,84:F3:EB:12:34:56,,,,,0.0,Normal,0.0
1744308070207526,10.42.0.2,10.42.0.1,50149,1883,1,1,0,1,0,0,1,0,3,0,0,0,0,0.0,0,,0,0,,0,0,0,0,0,0,0,0,0.0,0,0,0,0,0,64.0,5760.0,0,0,0,57,eth:ethertype:ip:tcp,34.7,94.9,52.2,160.0,-51.0,84:F3:EB:12:34:56,,,,,0.0,Normal,0.0
1744308070210970,10.42.0.2,10.42.0.1,50149,1883,4,1,0,1,0,0,1,0,29,0,0,0,0,0.0,0,,0,0,,0,0,0,0,0,0,0,0,0.0,0,0,0,0,0,64.0,5760.0,0,0,0,83,eth:ethertype:ip:tcp,34.7,94.9,52.2,160.0,-51.0,84:F3:EB:12:34:56,,,,,0.0,Normal,0.0
1744308070214686,10.42.0.2,10.42.0.1,50149,1883,33,1,0,1,0,0,1,0,2,0,0,0,0,0.0,0,,0,0,,0,0,0,0,0,0,0,0,0.0,0,0,0,0,0,64.0,5760.0,0,0,0,56,eth:ethertype:ip:tcp,34.7,94.9,52.2,160.0,-51.0,84:F3:EB:12:34:56,,,,,0.0,Normal,0.0
1744308070218781,10.42.0.2,10.42.0.1,50149,1883,35,1,0,1,0,0,1,0,4,0,0,0,0,0.0,0,,0,0,,0,0,0,0,0,0,0,0,0.0,0,0,0,0,0,64.0,5760.0,0,0,0,58,eth:ethertype:ip:tcp,34.7,94.9,52.2,160.0,-51.0,84:F3:EB:12:34:56,,,,,0.0,Normal,0.0
1744308070222055,10.42.0.2,10.42.0.1,50149,1883,39,1,0,1,0,0,1,0,2,0,0,0,0,0.0,0,,0,0,,0,0,0,0,0,0,0,0,0.0,0,0,0,0,0,64.0,5760.0,0,0,0,56,eth:ethertype:ip:tcp,34.7,94.9,52.2,160.0,-51.0,84:F3:EB:12:34:56,,,,,0.0,Normal,0.0
1744308070225039,10.42.0.2,10.42.0.1,50149,1883,41,1,0,1,0,0,1,0,4,0,0,0,0,0.0,0,,0,1,,0,0,0,1,42,4,MQTT,4,0.0,0,0,0,0,0,64.0,5760.0,0,0,esp32_a0a3b3edac1c,58,eth:ethertype:ip:tcp:mqtt,34.7,94.9,52.2,160.0,-51.0,84:F3:EB:12:34:56,,,,,0.0,Normal,0.0
1744308070261334,10.42.0.2,10.42.0.1,50149,1883,45,5,0,1,0,0,1,0,3,0,0,0,0,0.0,0,,0,0,,0,0,0,0,0,0,0,0,0.0,0,0,0,0,0,64.0,5756.0,0,0,0,57,eth:ethertype:ip:tcp,34.7,94.9,52.2,160.0,-51.0,84:F3:EB:12:34:56,,,,,0.0,Normal,0.0
1744308070271781,10.42.0.2,10.42.0.1,50149,1883,48,5,0,1,1,0,1,0,185,0,0,0,0,0.0,0,,0,3,"Wakeup: 0, Mode: 0, Reset: 1, Temperature: 39.2, Uptime: 632329, Memory: 94.9, In_Temperature: 52.2°C, CPU: 160, RSSI: -49, MAC: 84:F3:EB:12:34:56, F_Storage: 99.2",test/temperatura,16,0,0,182,0,0,0,0.0,0,0,0,0,0,64.0,5756.0,0,0,0,239,eth:ethertype:ip:tcp:mqtt,39.2,94.9,52.2,160.0,-49.0,84:F3:EB:12:34:56,,,,,0.0,Normal,0.0
1744308070275771,10.42.0.2,10.42.0.1,50149,1883,234,6,0,1,0,0,0,0,0,0,0,0,0,0.0,0,,0,0,,0,0,0,0,0,0,0,0,0.0,0,0,0,0,0,64.0,5755.0,0,0,0,54,eth:ethertype:ip:tcp,39.2,94.9,52.2,160.0,-49.0,84:F3:EB:12:34:56,,,,,0.0,Normal,0.0
1744308100280805,10.42.0.2,10.42.0.1,50150,1883,0,0,1,0,0,0,0,0,0,0,0,0,0,0.0,0,,0,0,,0,0,0,0,0,0,0,0,0.0,0,0,0,0,0,64.0,5760.0,0,0,0,58,eth:ethertype:ip:tcp,39.2,94.9,52.2,160.0,-49.0,84:F3:EB:12:34:56,,,,,0.0,Normal,0.0
1744308100285808,10.42.0.2,10.42.0.1,50150,1883,1,1,0,1,0,0,0,0,0,0,0,0,0,0.0,0,,0,0,,0,0,0,0,0,0,0,0,0.0,0,0,0,0,0,64.0,5760.0,0,0,0,54,eth:ethertype:ip:tcp,39.2,94.9,52.2,160.0,-49.0,84:F3:EB:12:34:56,,,,,0.0,Normal,0.0
1744308100288080,10.42.0.2,10.42.0.1,50150,1883,1,1,0,1,0,0,1,0,3,0,0,0,0,0.0,0,,0,0,,0,0,0,0,0,0,0,0,0.0,0,0,0,0,0,64.0,5760.0,0,0,0,57,eth:ethertype:ip:tcp,39.2,94.9,52.2,160.0,-49.0,84:F3:EB:12:34:56,,,,,0.0,Normal,0.0
1744308100291504,10.42.0.2,10.42.0.1,50150,1883,4,1,0,1,0,0,1,0,29,0,0,0,0,0.0,0,,0,0,,0,0,0,0,0,0,0,0,0.0,0,0,0,0,0,64.0,5760.0,0,0,0,83,eth:ethertype:ip:tcp,39.2,94.9,52.2,160.0,-49.0,84:F3:EB:12:34:56,,,,,0.0,Normal,0.0
1744308100294654,10.42.0.2,10.42.0.1,50150,1883,33,1,0,1,0,0,1,0,12,0,0,0,0,0.0,0,,0,1,,0,0,0,1,42,4,MQTT,4,0.0,0,0,0,0,0,64.0,5760.0,0,0,esp32_a0a3b3edac1c,66,eth:ethertype:ip:tcp:mqtt,39.2,94.9,52.2,160.0,-49.0,84:F3:EB:12:34:56,,,,,0.0,Normal,0.0
1744308100330015,10.42.0.2,10.42.0.1,50150,1883,45,5,0,1,0,0,1,0,3,0,0,0,0,0.0,0,,0,0,,0,0,0,0,0,0,0,0,0.0,0,0,0,0,0,64.0,5756.0,0,0,0,57,eth:ethertype:ip:tcp,39.2,94.9,52.2,160.0,-49.0,84:F3:EB:12:34:56,,,,,0.0,Normal,0.0
1744308100341797,10.42.0.2,10.42.0.1,50150,1883,48,5,0,1,1,0,1,0,185,0,0,0,0,0.0,0,,0,3,"Wakeup: 0, Mode: 0, Reset: 1, Temperature: 28.4, Uptime: 632359, Memory: 94.9, In_Temperature: 52.2°C, CPU: 160, RSSI: -51, MAC: 84:F3:EB:12:34:56, F_Storage: 99.2",test/temperatura,16,0,0,182,0,0,0,0.0,0,0,0,0,0,64.0,5756.0,0,0,0,239,eth:ethertype:ip:tcp:mqtt,28.4,94.9,52.2,160.0,-51.0,84:F3:EB:12:34:56,,,,,0.0,Normal,0.0
1744308100345359,10.42.0.2,10.42.0.1,50150,1883,234,6,0,1,0,0,0,0,0,0,0,0,0,0.0,0,,0,0,,0,0,0,0,0,0,0,0,0.0,0,0,0,0,0,64.0,5755.0,0,0,0,54,eth:ethertype:ip:tcp,28.4,94.9,52.2,160.0,-51.0,84:F3:EB:12:34:56,,,,,0.0,Normal,0.0
1744308130350084,10.42.0.2,10.42.0.1,50151,1883,0,0,1,0,0,0,0,0,0,0,0,0,0,0.0,0,,0,0,,0,0,0,0,0,0,0,0,0.0,0,0,0,0,0,64.0,5760.0,0,0,0,58,eth:ethertype:ip:tcp,28.4,94.9,52.2,160.0,-51.0,84:F3:EB:12:34:56,,,,,0.0,Normal,0.0
1744308130354008,10.42.0.2,10.42.0.1,50151,1883,1,1,0,1,0,0,0,0,0,0,0,0,0,0.0,0,,0,0,,0,0,0,0,0,0,0,0,0.0,0,0,0,0,0,64.0,5760.0,0,0,0,54,eth:ethertype:ip:tcp,28.4,94.9,52.2,160.0,-51.0,84:F3:EB:12:34:56,,,,,0.0,Normal,0.0
1744308130355984,10.42.0.2,10.42.0.1,50151,1883,1,1,0,1,0,0,1,0,3,0,0,0,0,0.0,0,,0,0,,0,0,0,0,0,0,0,0,0.0,0,0,0,0,0,64.0,5760.0,0,0,0,57,eth:ethertype:ip:tcp,28.4,94.9,52.2,160.0,-51.0,84:F3:EB:12:34:56,,,,,0.0,Normal,0.0
1744308130360513,10.42.0.2,10.42.0.1,50151,1883,4,1,0,1,0,0,1,0,29,0,0,0,0,0.0,0,,0,0,,0,0,0,0,0,0,0,0,0.0,0,0,0,0,0,64.0,5760.0,0,0,0,83,eth:ethertype:ip:tcp,28.4,94.9,52.2,160.0,-51.0,84:F3:EB:12:34:56,,,,,0.0,Normal,0.0
1744308130363393,10.42.0.2,10.42.0.1,50151,1883,33,1,0,1,0,0,1,0,12,0,0,0,0,0.0,0,,0,1,,0,0,0,1,42,4,MQTT,4,0.0,0,0,0,0,0,64.0,5760.0,0,0,esp32_a0a3b3edac1c,66,eth:ethertype:ip:tcp:mqtt,28.4,94.9,52.2,160.0,-51.0,84:F3:EB:12:34:56,,,,,0.0,Normal,0.0
1744308130398543,10.42.0.2,10.42.0.1,50151,1883,45,5,0,1,0,0,1,0,3,0,0,0,0,0.0,0,,0,0,,0,0,0,0,0,0,0,0,0.0,0,0,0,0,0,64.0,5756.0,0,0,0,57,eth:ethertype:ip:tcp,28.4,94.9,52.2,160.0,-51.0,84:F3:EB:12:34:56,,,,,0.0,Normal,0.0
1744308130410310,10.42.0.2,10.42.0.1,50151,1883,48,5,0,1,1,0,1,0,185,0,0,0,0,0.0,0,,0,3,"Wakeup: 0, Mode: 0, Reset: 1, Temperature: 37.3, Uptime: 632389, Memory: 94.9, In_Temperature: 52.2°C, CPU: 160, RSSI: -50, MAC: 84:F3:EB:12:34:56, F_Storage: 99.2",test/temperatura,16,0,0,182,0,0,0,0.0,0,0,0,0,0,64.0,5756.0,0,0,0,239,eth:ethertype:ip:tcp:mqtt,37.3,94.9,52.2,160.0,-50.0,84:F3:EB:12:34:56,,,,,0.0,Normal,0.0
1744308130413799,10.42.0.2,10.42.0.1,50151,1883,234,6,0,1,0,0,0,0,0,0,0,0,0,0.0,0,,0,0,,0,0,0,0,0,0,0,0,0.0,0,0,0,0,0,64.0,5755.0,0,0,0,54,eth:ethertype:ip:tcp,37.3,94.9,52.2,160.0,-50.0,84:F3:EB:12:34:56,,,,,0.0,Normal,0.0
1744308160418336,10.42.0.2,10.42.0.1,50152,1883,0,0,1,0,0,0,0,0,0,0,0,0,0,0.0,0,,0,0,,0,0,0,0,0,0,0,0,0.0,0,0,0,0,0,64.0,5760.0,0,0,0,58,eth:ethertype:ip:tcp,37.3,94.9,52.2,160.0,-50.0,84:F3:EB:12:34:56,,,,,0.0,Normal,0.0
1744308160422121,10.42.0.2,10.42.0.1,50152,1883,1,1,0,1,0,0,0,0,0,0,0,0,0,0.0,0,,0,0,,0,0,0,0,0,0,0,0,0.0,0,0,0,0,0,64.0,5760.0,0,0,0,54,eth:ethertype:ip:tcp,37.3,94.9,52.2,160.0,-50.0,84:F3:EB:12:34:56,,,,,0.0,Normal,0.0
1744308160424460,10.42.0.2,10.42.0.1,50152,1883,1,1,0,1,0,0,1,0,3,0,0,0,0,0.0,0,,0,0,,0,0,0,0,0,0,0,0,0.0,0,0,0,0,0,64.0,5760.0,0,0,0,57,eth:ethertype:ip:tcp,37.3,94.9,52.2,160.0,-50.0,84:F3:EB:12:34:56,,,,,0.0,Normal,0.0
1744308160427978,10.42.0.2,10.42.0.1,50152,1883,4,1,0,1,0,0,1,0,29,0,0,0,0,0.0,0,,0,0,,0,0,0,0,0,0,0,0,0.0,0,0,0,0,0,64.0,5760.0,0,0,0,83,eth:ethertype:ip:tcp,37.3,94.9,52.2,160.0,-50.0,84:F3:EB:12:34:56,,,,,0.0,Normal,0.0
1744308160431033,10.42.0.2,10.42.0.1,50152,1883,33,1,0,1,0,0,1,0,12,0,0,0,0,0.0,0,,0,1,,0,0,0,1,42,4,MQTT,4,0.0,0,0,0,0,0,64.0,5760.0,0,0,esp32_a0a3b3edac1c,66,eth:ethertype:ip:tcp:mqtt,37.3,94.9,52.2,160.0,-50.0,84:F3:EB:12:34:56,,,,,0.0,Normal,0.0
1744308160467002,10.42.0.2,10.42.0.1,50152,1883,45,5,0,1,0,0,1,0,3,0,0,0,0,0.0,0,,0,0,,0,0,0,0,0,0,0,0,0.0,0,0,0,0,0,64.0,5756.0,0,0,0,57,eth:ethertype:ip:tcp,37.3,94.9,52.2,160.0,-50.0,84:F3:EB:12:34:56,,,,,0.0,Normal,0.0
1744308160479764,10.42.0.2,10.42.0.1,50152,1883,48,5,0,1,1,0,1,0,185,0,0,0,0,0.0,0,,0,3,"Wakeup: 0, Mode: 0, Reset: 1, Temperature: 30.0, Uptime: 632419, Memory: 94.9, In_Temperature: 52.2°C, CPU: 160, RSSI: -50, MAC: 84:F3:EB:12:34:56, F_Storage: 99.2",test/temperatura,16,0,0,182,0,0,0,0.0,0,0,0,0,0,64.0,5756.0,0,0,0,239,eth:ethertype:ip:tcp:mqtt,30.0,94.9,52.2,160.0,-50.0,84:F3:EB:12:34:56,,,,,0.0,Normal,0.0
1744308160483317,10.42.0.2,10.42.0.1,50152,1883,234,6,0,1,0,0,0,0,0,0,0,0,0,0.0,0,,0,0,,0,0,0,0,0,0,0,0,0.0,0,0,0,0,0,64.0,5755.0,0,0,0,54,eth:ethertype:ip:tcp,30.0,94.9,52.2,160.0,-50.0,84:F3:EB:12:34:56,,,,,0.0,Normal,0.0
1744308190488473,10.42.0.2,10.42.0.1,50153,1883,0,0,1,0,0,0,0,0,0,0,0,0,0,0.0,0,,0,0,,0,0,0,0,0,0,0,0,0.0,0,0,0,0,0,64.0,5760.0,0,0,0,58,eth:ethertype:ip:tcp,30.0,94.9,52.2,160.0,-50.0,84:F3:EB:12:34:56,,,,,0.0,Normal,0.0
1744308190492653,10.42.0.2,10.42.0.1,50153,1883,1,1,0,1,0,0,0,0,0,0,0,0,0,0.0,0,,0,0,,0,0,0,0,0,0,0,0,0.0,0,0,0,0,0,64.0,5760.0,0,0,0,54,eth:ethertype:ip:tcp,30.0,94.9,52.2,160.0,-50.0,84:F3:EB:12:34:56,,,,,0.0,Normal,0.0
1744308190494696,10.42.0.2,10.42.0.1,50153,1883,1,1,0,1,0,0,1,0,3,0,0,0,0,0.0,0,,0,0,,0,0,0,0,0,0,0,0,0.0,0,0,0,0,0,64.0,5760.0,0,0,0,57,eth:ethertype:ip:tcp,30.0,94.9,52.2,160.0,-50.0,84:F3:EB:12:34:56,,,,,0.0,Normal,0.0
1744308190498151,10.42.0.2,10.42.0.1,50153,1883,4,1,0,1,0,0,1,0,29,0,0,0,0,0.0,0,,0,0,,0,0,0,0,0,0,0,0,0.0,0,0,0,0,0,64.0,5760.0,0,0,0,83,eth:ethertype:ip:tcp,30.0,94.9,52.2,160.0,-50.0,84:F3:EB:12:34:56,,,,,0.0,Normal,0.0
1744308190501174,10.42.0.2,10.42.0.1,50153,1883,33,1,0,1,0,0,1,0,12,0,0,0,0,0.0,0,,0,1,,0,0,0,1,42,4,MQTT,4,0.0,0,0,0,0,0,64.0,5760.0,0,0,esp32_a0a3b3edac1c,66,eth:ethertype:ip:tcp:mqtt,30.0,94.9,52.2,160.0,-50.0,84:F3:EB:12:34:56,,,,,0.0,Normal,0.0
1744308190520100,10.42.0.2,10.42.0.1,50153,1883,45,5,0,1,0,0,0,0,0,0,0,0,0,0.0,0,,0,0,,0,0,0,0,0,0,0,0,0.0,0,0,0,0,0,64.0,5756.0,0,0,0,54,eth:ethertype:ip:tcp,30.0,94.9,52.2,160.0,-50.0,84:F3:EB:12:34:56,,,,,0.0,Normal,0.0
1744308190537515,10.42.0.2,10.42.0.1,50153,1883,45,5,0,1,0,0,1,0,3,0,0,0,0,0.0,0,,0,0,,0,0,0,0,0,0,0,0,0.0,0,0,0,0,0,64.0,5756.0,0,0,0,57,eth:ethertype:ip:tcp,30.0,94.9,52.2,160.0,-50.0,84:F3:EB:12:34:56,,,,,0.0,Normal,0.0
1744308190550423,10.42.0.2,10.42.0.1,50153,1883,48,5,0,1,1,0,1,0,185,0,0,0,0,0.0,0,,0,3,"Wakeup: 0, Mode: 0, Reset: 1, Temperature: 27.2, Uptime: 632450, Memory: 94.9, In_Temperature: 52.2°C, CPU: 160, RSSI: -51, MAC: 84:F3:EB:12:34:56, F_Storage: 99.2",test/temperatura,16,0,0,182,0,0,0,0.0,0,0,0,0,0,64.0,5756.0,0,0,0,239,eth:ethertype:ip:tcp:mqtt,27.2,94.9,52.2,160.0,-51.0,84:F3:EB:12:34:56,,,,,0.0,Normal,0.0
1744308190555226,10.42.0.2,10.42.0.1,50153,1883,234,6,0,1,0,0,0,0,0,0,0,0,0,0.0,0,,0,0,,0,0,0,0,0,0,0,0,0.0,0,0,0,0,0,64.0,5755.0,0,0,0,54,eth:ethertype:ip:tcp,27.2,94.9,52.2,160.0,-51.0,84:F3:EB:12:34:56,,,,,0.0,Normal,0.0
1744308220557764,10.42.0.2,10.42.0.1,50154,1883,0,0,1,0,0,0,0,0,0,0,0,0,0,0.0,0,,0,0,,0,0,0,0,0,0,0,0,0.0,0,0,0,0,0,64.0,5760.0,0,0,0,58,eth:ethertype:ip:tcp,27.2,94.9,52.2,160.0,-51.0,84:F3:EB:12:34:56,,,,,0.0,Normal,0.0
1744308220561945,10.42.0.2,10.42.0.1,50154,1883,1,1,0,1,0,0,0,0,0,0,0,0,0,0.0,0,,0,0,,0,0,0,0,0,0,0,0,0.0,0,0,0,0,0,64.0,5760.0,0,0,0,54,eth:ethertype:ip:tcp,27.2,94.9,52.2,160.0,-51.0,84:F3:EB:12:34:56,,,,,0.0,Normal,0.0
1744308220563991,10.42.0.2,10.42.0.1,50154,1883,1,1,0,1,0,0,1,0,3,0,0,0,0,0.0,0,,0,0,,0,0,0,0,0,0,0,0,0.0,0,0,0,0,0,64.0,5760.0,0,0,0,57,eth:ethertype:ip:tcp,27.2,94.9,52.2,160.0,-51.0,84:F3:EB:12:34:56,,,,,0.0,Normal,0.0
1744308220567490,10.42.0.2,10.42.0.1,50154,1883,4,1,0,1,0,0,1,0,29,0,0,0,0,0.0,0,,0,0,,0,0,0,0,0,0,0,0,0.0,0,0,0,0,0,64.0,5760.0,0,0,0,83,eth:ethertype:ip:tcp,27.2,94.9,52.2,160.0,-51.0,84:F3:EB:12:34:56,,,,,0.0,Normal,0.0
1744308220570491,10.42.0.2,10.42.0.1,50154,1883,33,1,0,1,0,0,1,0,12,0,0,0,0,0.0,0,,0,1,,0,0,0,1,42,4,MQTT,4,0.0,0,0,0,0,0,64.0,5760.0,0,0,esp32_a0a3b3edac1c,66,eth:ethertype:ip:tcp:mqtt,27.2,94.9,52.2,160.0,-51.0,84:F3:EB:12:34:56,,,,,0.0,Normal,0.0
1744308220605925,10.42.0.2,10.42.0.1,50154,1883,45,5,0,1,0,0,1,0,3,0,0,0,0,0.0,0,,0,0,,0,0,0,0,0,0,0,0,0.0,0,0,0,0,0,64.0,5756.0,0,0,0,57,eth:ethertype:ip:tcp,27.2,94.9,52.2,160.0,-51.0,84:F3:EB:12:34:56,,,,,0.0,Normal,0.0
1744308220618676,10.42.0.2,10.42.0.1,50154,1883,48,5,0,1,1,0,1,0,185,0,0,0,0,0.0,0,,0,3,"Wakeup: 0, Mode: 0, Reset: 1, Temperature: 33.3, Uptime: 632480, Memory: 94.9, In_Temperature: 52.2°C, CPU: 160, RSSI: -51, MAC: 84:F3:EB:12:34:56, F_Storage: 99.2",test/temperatura,16,0,0,182,0,0,0,0.0,0,0,0,0,0,64.0,5756.0,0,0,0,239,eth:ethertype:ip:tcp:mqtt,33.3,94.9,52.2,160.0,-51.0,84:F3:EB:12:34:56,,,,,0.0,Normal,0.0
1744308220622195,10.42.0.2,10.42.0.1,50154,1883,234,6,0,1,0,0,0,0,0,0,0,0,0,0.0,0,,0,0,,0,0,0,0,0,0,0,0,0.0,0,0,0,0,0,64.0,5755.0,0,0,0,54,eth:ethertype:ip:tcp,33.3,94.9,52.2,160.0,-51.0,84:F3:EB:12:34:56,,,,,0.0,Normal,0.0
1744308250627406,10.42.0.2,10.42.0.1,50155,1883,0,0,1,0,0,0,0,0,0,0,0,0,0,0.0,0,,0,0,,0,0,0,0,0,0,0,0,0.0,0,0,0,0,0,64.0,5760.0,0,0,0,58,eth:ethertype:ip:tcp,33.3,94.9,52.2,160.0,-51.0,84:F3:EB:12:34:56,,,,,0.0,Normal,0.0
1744308250631337,10.42.0.2,10.42.0.1,50155,1883,1,1,0,1,0,0,0,0,0,0,0,0,0,0.0,0,,0,0,,0,0,0,0,0,0,0,0,0.0,0,0,0,0,0,64.0,5760.0,0,0,0,54,eth:ethertype:ip:tcp,33.3,94.9,52.2,160.0,-51.0,84:F3:EB:12:34:56,,,,,0.0,Normal,0.0
1744308250633505,10.42.0.2,10.42.0.1,50155,1883,1,1,0,1,0,0,1,0,3,0,0,0,0,0.0,0,,0,0,,0,0,0,0,0,0,0,0,0.0,0,0,0,0,0,64.0,5760.0,0,0,0,57,eth:ethertype:ip:tcp,33.3,94.9,52.2,160.0,-51.0,84:F3:EB:12:34:56,,,,,0.0,Normal,0.0
1744308250636946,10.42.0.2,10.42.0.1,50155,1883,4,1,0,1,0,0,1,0,29,0,0,0,0,0.0,0,,0,0,,0,0,0,0,0,0,0,0,0.0,0,0,0,0,0,64.0,5760.0,0,0,0,83,eth:ethertype:ip:tcp,33.3,94.9,52.2,160.0,-51.0,84:F3:EB:12:34:56,,,,,0.0,Normal,0.0
1744308250640430,10.42.0.2,10.42.0.1,50155,1883,33,1,0,1,0,0,1,0,12,0,0,0,0,0.0,0,,0,1,,0,0,0,1,42,4,MQTT,4,0.0,0,0,0,0,0,64.0,5760.0,0,0,esp32_a0a3b3edac1c,66,eth:ethertype:ip:tcp:mqtt,33.3,94.9,52.2,160.0,-51.0,84:F3:EB:12:34:56,,,,,0.0,Normal,0.0
1744308250676213,10.42.0.2,10.42.0.1,50155,1883,45,5,0,1,0,0,1,0,3,0,0,0,0,0.0,0,,0,0,,0,0,0,0,0,0,0,0,0.0,0,0,0,0,0,64.0,5756.0,0,0,0,57,eth:ethertype:ip:tcp,33.3,94.9,52.2,160.0,-51.0,84:F3:EB:12:34:56,,,,,0.0,Normal,0.0
1744308250687568,10.42.0.2,10.42.0.1,50155,1883,48,5,0,1,1,0,1,0,185,0,0,0,0,0.0,0,,0,3,"Wakeup: 0, Mode: 0, Reset: 1, Temperature: 32.6, Uptime: 632510, Memory: 94.9, In_Temperature: 52.2°C, CPU: 160, RSSI: -49, MAC: 84:F3:EB:12:34:56, F_Storage: 99.2",test/temperatura,16,0,0,182,0,0,0,0.0,0,0,0,0,0,64.0,5756.0,0,0,0,239,eth:ethertype:ip:tcp:mqtt,32.6,94.9,52.2,160.0,-49.0,84:F3:EB:12:34:56,,,,,0.0,Normal,0.0
1744308250691611,10.42.0.2,10.42.0.1,50155,1883,234,6,0,1,0,0,0,0,0,0,0,0,0,0.0,0,,0,0,,0,0,0,0,0,0,0,0,0.0,0,0,0,0,0,64.0,5755.0,0,0,0,54,eth:ethertype:ip:tcp,32.6,94.9,52.2,160.0,-49.0,84:F3:EB:12:34:56,,,,,0.0,Normal,0.0
1744308280696704,10.42.0.2,10.42.0.1,50156,1883,0,0,1,0,0,0,0,0,0,0,0,0,0,0.0,0,,0,0,,0,0,0,0,0,0,0,0,0.0,0,0,0,0,0,64.0,5760.0,0,0,0,58,eth:ethertype:ip:tcp,32.6,94.9,52.2,160.0,-49.0,84:F3:EB:12:34:56,,,,,0.0,Normal,0.0
1744308280700693,10.42.0.2,10.42.0.1,50156,1883,1,1,0,1,0,0,0,0,0,0,0,0,0,0.0,0,,0,0,,0,0,0,0,0,0,0,0,0.0,0,0,0,0,0,64.0,5760.0,0,0,0,54,eth:ethertype:ip:tcp,32.6,94.9,52.2,160.0,-49.0,84:F3:EB:12:34:56,,,,,0.0,Normal,0.0
1744308280702745,10.42.0.2,10.42.0.1,50156,1883,1,1,0,1,0,0,1,0,3,0,0,0,0,0.0,0,,0,0,,0,0,0,0,0,0,0,0,0.0,0,0,0,0,0,64.0,5760.0,0,0,0,57,eth:ethertype:ip:tcp,32.6,94.9,52.2,160.0,-49.0,84:F3:EB:12:34:56,,,,,0.0,Normal,0.0
1744308280706137,10.42.0.2,10.42.0.1,50156,1883,4,1,0,1,0,0,1,0,29,0,0,0,0,0.0,0,,0,0,,0,0,0,0,0,0,0,0,0.0,0,0,0,0,0,64.0,5760.0,0,0,0,83,eth:ethertype:ip:tcp,32.6,94.9,52.2,160.0,-49.0,84:F3:EB:12:34:56,,,,,0.0,Normal,0.0
1744308280709185,10.42.0.2,10.42.0.1,50156,1883,33,1,0,1,0,0,1,0,12,0,0,0,0,0.0,0,,0,1,,0,0,0,1,42,4,MQTT,4,0.0,0,0,0,0,0,64.0,5760.0,0,0,esp32_a0a3b3edac1c,66,eth:ethertype:ip:tcp:mqtt,32.6,94.9,52.2,160.0,-49.0,84:F3:EB:12:34:56,,,,,0.0,Normal,0.0
1744308280744544,10.42.0.2,10.42.0.1,50156,1883,45,5,0,1,0,0,1,0,3,0,0,0,0,0.0,0,,0,0,,0,0,0,0,0,0,0,0,0.0,0,0,0,0,0,64.0,5756.0,0,0,0,57,eth:ethertype:ip:tcp,32.6,94.9,52.2,160.0,-49.0,84:F3:EB:12:34:56,,,,,0.0,Normal,0.0
1744308280756993,10.42.0.2,10.42.0.1,50156,1883,48,5,0,1,1,0,1,0,185,0,0,0,0,0.0,0,,0,3,"Wakeup: 0, Mode: 0, Reset: 1, Temperature: 36.8, Uptime: 632540, Memory: 94.9, In_Temperature: 52.2°C, CPU: 160, RSSI: -52, MAC: 84:F3:EB:12:34:56, F_Storage: 99.2",test/temperatura,16,0,0,182,0,0,0,0.0,0,0,0,0,0,64.0,5756.0,0,0,0,239,eth:ethertype:ip:tcp:mqtt,36.8,94.9,52.2,160.0,-52.0,84:F3:EB:12:34:56,,,,,0.0,Normal,0.0
1744308280760527,10.42.0.2,10.42.0.1,50156,1883,234,6,0,1,0,0,0,0,0,0,0,0,0,0.0,0,,0,0,,0,0,0,0,0,0,0,0,0.0,0,0,0,0,0,64.0,5755.0,0,0,0,54,eth:ethertype:ip:tcp,36.8,94.9,52.2,160.0,-52.0,84:F3:EB:12:34:56,,,,,0.0,Normal,0.0
1744308310765475,10.42.0.2,10.42.0.1,50157,1883,0,0,1,0,0,0,0,0,0,0,0,0,0,0.0,0,,0,0,,0,0,0,0,0,0,0,0,0.0,0,0,0,0,0,64.0,5760.0,0,0,0,58,eth:ethertype:ip:tcp,36.8,94.9,52.2,160.0,-52.0,84:F3:EB:12:34:56,,,,,0.0,Normal,0.0
1744308310774450,10.42.0.2,10.42.0.1,50157,1883,1,1,0,1,0,0,0,0,0,0,0,0,0,0.0,0,,0,0,,0,0,0,0,0,0,0,0,0.0,0,0,0,0,0,64.0,5760.0,0,0,0,54,eth:ethertype:ip:tcp,36.8,94.9,52.2,160.0,-52.0,84:F3:EB:12:34:56,,,,,0.0,Normal,0.0
1744308310775308,10.42.0.2,10.42.0.1,50157,1883,1,1,0,1,0,0,1,0,3,0,0,0,0,0.0,0,,0,0,,0,0,0,0,0,0,0,0,0.0,0,0,0,0,0,64.0,5760.0,0,0,0,57,eth:ethertype:ip:tcp,36.8,94.9,52.2,160.0,-52.0,84:F3:EB:12:34:56,,,,,0.0,Normal,0.0
1744308310778972,10.42.0.2,10.42.0.1,50157,1883,4,1,0,1,0,0,1,0,35,0,0,0,0,0.0,0,,0,0,,0,0,0,0,0,0,0,0,0.0,0,0,0,0,0,64.0,5760.0,0,0,0,89,eth:ethertype:ip:tcp,36.8,94.9,52.2,160.0,-52.0,84:F3:EB:12:34:56,,,,,0.0,Normal,0.0
1744308310782010,10.42.0.2,10.42.0.1,50157,1883,39,1,0,1,0,0,1,0,6,0,0,0,0,0.0,0,,0,1,,0,0,0,1,42,4,MQTT,4,0.0,0,0,0,0,0,64.0,5760.0,0,0,esp32_a0a3b3edac1c,60,eth:ethertype:ip:tcp:mqtt,36.8,94.9,52.2,160.0,-52.0,84:F3:EB:12:34:56,,,,,0.0,Normal,0.0
1744308310817411,10.42.0.2,10.42.0.1,50157,1883,45,5,0,1,0,0,1,0,3,0,0,0,0,0.0,0,,0,0,,0,0,0,0,0,0,0,0,0.0,0,0,0,0,0,64.0,5756.0,0,0,0,57,eth:ethertype:ip:tcp,36.8,94.9,52.2,160.0,-52.0,84:F3:EB:12:34:56,,,,,0.0,Normal,0.0
1744308310826391,10.42.0.2,10.42.0.1,50157,1883,48,5,0,1,1,0,1,0,185,0,0,0,0,0.0,0,,0,3,"Wakeup: 0, Mode: 0, Reset: 1, Temperature: 29.9, Uptime: 632570, Memory: 94.9, In_Temperature: 52.8°C, CPU: 160, RSSI: -50, MAC: 84:F3:EB:12:34:56, F_Storage: 99.2",test/temperatura,16,0,0,182,0,0,0,0.0,0,0,0,0,0,64.0,5756.0,0,0,0,239,eth:ethertype:ip:tcp:mqtt,29.9,94.9,52.8,160.0,-50.0,84:F3:EB:12:34:56,,,,,0.0,Normal,0.0
1744308310829599,10.42.0.2,10.42.0.1,50157,1883,234,6,0,1,0,0,0,0,0,0,0,0,0,0.0,0,,0,0,,0,0,0,0,0,0,0,0,0.0,0,0,0,0,0,64.0,5755.0,0,0,0,54,eth:ethertype:ip:tcp,29.9,94.9,52.8,160.0,-50.0,84:F3:EB:12:34:56,,,,,0.0,Normal,0.0
1744308340842880,10.42.0.2,10.42.0.1,50158,1883,0,0,1,0,0,0,0,0,0,0,0,0,0,0.0,0,,0,0,,0,0,0,0,0,0,0,0,0.0,0,0,0,0,0,64.0,5760.0,0,0,0,58,eth:ethertype:ip:tcp,29.9,94.9,52.8,160.0,-50.0,84:F3:EB:12:34:56,,,,,0.0,Normal,0.0
1744308340846815,10.42.0.2,10.42.0.1,50158,1883,1,1,0,1,0,0,0,0,0,0,0,0,0,0.0,0,,0,0,,0,0,0,0,0,0,0,0,0.0,0,0,0,0,0,64.0,5760.0,0,0,0,54,eth:ethertype:ip:tcp,29.9,94.9,52.8,160.0,-50.0,84:F3:EB:12:34:56,,,,,0.0,Normal,0.0
1744308340849147,10.42.0.2,10.42.0.1,50158,1883,1,1,0,1,0,0,1,0,3,0,0,0,0,0.0,0,,0,0,,0,0,0,0,0,0,0,0,0.0,0,0,0,0,0,64.0,5760.0,0,0,0,57,eth:ethertype:ip:tcp,29.9,94.9,52.8,160.0,-50.0,84:F3:EB:12:34:56,,,,,0.0,Normal,0.0
1744308340852368,10.42.0.2,10.42.0.1,50158,1883,4,1,0,1,0,0,1,0,29,0,0,0,0,0.0,0,,0,0,,0,0,0,0,0,0,0,0,0.0,0,0,0,0,0,64.0,5760.0,0,0,0,83,eth:ethertype:ip:tcp,29.9,94.9,52.8,160.0,-50.0,84:F3:EB:12:34:56,,,,,0.0,Normal,0.0
1744308340855664,10.42.0.2,10.42.0.1,50158,1883,33,1,0,1,0,0,1,0,12,0,0,0,0,0.0,0,,0,1,,0,0,0,1,42,4,MQTT,4,0.0,0,0,0,0,0,64.0,5760.0,0,0,esp32_a0a3b3edac1c,66,eth:ethertype:ip:tcp:mqtt,29.9,94.9,52.8,160.0,-50.0,84:F3:EB:12:34:56,,,,,0.0,Normal,0.0
1744308340891525,10.42.0.2,10.42.0.1,50158,1883,45,5,0,1,0,0,1,0,3,0,0,0,0,0.0,0,,0,0,,0,0,0,0,0,0,0,0,0.0,0,0,0,0,0,64.0,5756.0,0,0,0,57,eth:ethertype:ip:tcp,29.9,94.9,52.8,160.0,-50.0,84:F3:EB:12:34:56,,,,,0.0,Normal,0.0
1744308340906953,10.42.0.2,10.42.0.1,50158,1883,48,5,0,1,1,0,1,0,185,0,0,0,0,0.0,0,,0,3,"Wakeup: 0, Mode: 0, Reset: 1, Temperature: 40.8, Uptime: 632600, Memory: 94.9, In_Temperature: 52.2°C, CPU: 160, RSSI: -50, MAC: 84:F3:EB:12:34:56, F_Storage: 99.2",test/temperatura,16,0,0,182,0,0,0,0.0,0,0,0,0,0,64.0,5756.0,0,0,0,239,eth:ethertype:ip:tcp:mqtt,40.8,94.9,52.2,160.0,-50.0,84:F3:EB:12:34:56,,,,,0.0,Normal,0.0
1744308340910480,10.42.0.2,10.42.0.1,50158,1883,234,6,0,1,0,0,0,0,0,0,0,0,0,0.0,0,,0,0,,0,0,0,0,0,0,0,0,0.0,0,0,0,0,0,64.0,5755.0,0,0,0,54,eth:ethertype:ip:tcp,40.8,94.9,52.2,160.0,-50.0,84:F3:EB:12:34:56,,,,,0.0,Normal,0.0
1744308370914593,10.42.0.2,10.42.0.1,50159,1883,0,0,1,0,0,0,0,0,0,0,0,0,0,0.0,0,,0,0,,0,0,0,0,0,0,0,0,0.0,0,0,0,0,0,64.0,5760.0,0,0,0,58,eth:ethertype:ip:tcp,40.8,94.9,52.2,160.0,-50.0,84:F3:EB:12:34:56,,,,,0.0,Normal,0.0
1744308370918592,10.42.0.2,10.42.0.1,50159,1883,1,1,0,1,0,0,0,0,0,0,0,0,0,0.0,0,,0,0,,0,0,0,0,0,0,0,0,0.0,0,0,0,0,0,64.0,5760.0,0,0,0,54,eth:ethertype:ip:tcp,40.8,94.9,52.2,160.0,-50.0,84:F3:EB:12:34:56,,,,,0.0,Normal,0.0
1744308370920820,10.42.0.2,10.42.0.1,50159,1883,1,1,0,1,0,0,1,0,3,0,0,0,0,0.0,0,,0,0,,0,0,0,0,0,0,0,0,0.0,0,0,0,0,0,64.0,5760.0,0,0,0,57,eth:ethertype:ip:tcp,40.8,94.9,52.2,160.0,-50.0,84:F3:EB:12:34:56,,,,,0.0,Normal,0.0
1744308370924256,10.42.0.2,10.42.0.1,50159,1883,4,1,0,1,0,0,1,0,29,0,0,0,0,0.0,0,,0,0,,0,0,0,0,0,0,0,0,0.0,0,0,0,0,0,64.0,5760.0,0,0,0,83,eth:ethertype:ip:tcp,40.8,94.9,52.2,160.0,-50.0,84:F3:EB:12:34:56,,,,,0.0,Normal,0.0
1744308370927353,10.42.0.2,10.42.0.1,50159,1883,33,1,0,1,0,0,1,0,12,0,0,0,0,0.0,0,,0,1,,0,0,0,1,42,4,MQTT,4,0.0,0,0,0,0,0,64.0,5760.0,0,0,esp32_a0a3b3edac1c,66,eth:ethertype:ip:tcp:mqtt,40.8,94.9,52.2,160.0,-50.0,84:F3:EB:12:34:56,,,,,0.0,Normal,0.0
1744308370963093,10.42.0.2,10.42.0.1,50159,1883,45,5,0,1,0,0,1,0,3,0,0,0,0,0.0,0,,0,0,,0,0,0,0,0,0,0,0,0.0,0,0,0,0,0,64.0,5756.0,0,0,0,57,eth:ethertype:ip:tcp,40.8,94.9,52.2,160.0,-50.0,84:F3:EB:12:34:56,,,,,0.0,Normal,0.0
1744308370974982,10.42.0.2,10.42.0.1,50159,1883,48,5,0,1,1,0,1,0,185,0,0,0,0,0.0,0,,0,3,"Wakeup: 0, Mode: 0, Reset: 1, Temperature: 25.4, Uptime: 632630, Memory: 94.9, In_Temperature: 52.8°C, CPU: 160, RSSI: -50, MAC: 84:F3:EB:12:34:56, F_Storage: 99.2",test/temperatura,16,0,0,182,0,0,0,0.0,0,0,0,0,0,64.0,5756.0,0,0,0,239,eth:ethertype:ip:tcp:mqtt,25.4,94.9,52.8,160.0,-50.0,84:F3:EB:12:34:56,,,,,0.0,Normal,0.0
1744308370979495,10.42.0.2,10.42.0.1,50159,1883,234,6,0,1,0,0,0,0,0,0,0,0,0,0.0,0,,0,0,,0,0,0,0,0,0,0,0,0.0,0,0,0,0,0,64.0,5755.0,0,0,0,54,eth:ethertype:ip:tcp,25.4,94.9,52.8,160.0,-50.0,84:F3:EB:12:34:56,,,,,0.0,Normal,0.0
1744308400983235,10.42.0.2,10.42.0.1,50160,1883,0,0,1,0,0,0,0,0,0,0,0,0,0,0.0,0,,0,0,,0,0,0,0,0,0,0,0,0.0,0,0,0,0,0,64.0,5760.0,0,0,0,58,eth:ethertype:ip:tcp,25.4,94.9,52.8,160.0,-50.0,84:F3:EB:12:34:56,,,,,0.0,Normal,0.0
1744308400991006,10.42.0.2,10.42.0.1,50160,1883,1,1,0,1,0,0,0,0,0,0,0,0,0,0.0,0,,0,0,,0,0,0,0,0,0,0,0,0.0,0,0,0,0,0,64.0,5760.0,0,0,0,54,eth:ethertype:ip:tcp,25.4,94.9,52.8,160.0,-50.0,84:F3:EB:12:34:56,,,,,0.0,Normal,0.0
1744308400991067,10.42.0.2,10.42.0.1,50160,1883,1,1,0,1,0,0,1,0,3,0,0,0,0,0.0,0,,0,0,,0,0,0,0,0,0,0,0,0.0,0,0,0,0,0,64.0,5760.0,0,0,0,57,eth:ethertype:ip:tcp,25.4,94.9,52.8,160.0,-50.0,84:F3:EB:12:34:56,,,,,0.0,Normal,0.0
1744308400994441,10.42.0.2,10.42.0.1,50160,1883,4,1,0,1,0,0,1,0,31,0,0,0,0,0.0,0,,0,0,,0,0,0,0,0,0,0,0,0.0,0,0,0,0,0,64.0,5760.0,0,0,0,85,eth:ethertype:ip:tcp,25.4,94.9,52.8,160.0,-50.0,84:F3:EB:12:34:56,,,,,0.0,Normal,0.0
1744308400997499,10.42.0.2,10.42.0.1,50160,1883,35,1,0,1,0,0,1,0,10,0,0,0,0,0.0,0,,0,1,,0,0,0,1,42,4,MQTT,4,0.0,0,0,0,0,0,64.0,5760.0,0,0,esp32_a0a3b3edac1c,64,eth:ethertype:ip:tcp:mqtt,25.4,94.9,52.8,160.0,-50.0,84:F3:EB:12:34:56,,,,,0.0,Normal,0.0
1744308401016203,10.42.0.2,10.42.0.1,50160,1883,45,5,0,1,0,0,0,0,0,0,0,0,0,0.0,0,,0,0,,0,0,0,0,0,0,0,0,0.0,0,0,0,0,0,64.0,5756.0,0,0,0,54,eth:ethertype:ip:tcp,25.4,94.9,52.8,160.0,-50.0,84:F3:EB:12:34:56,,,,,0.0,Normal,0.0
1744308401033800,10.42.0.2,10.42.0.1,50160,1883,45,5,0,1,0,0,1,0,3,0,0,0,0,0.0,0,,0,0,,0,0,0,0,0,0,0,0,0.0,0,0,0,0,0,64.0,5756.0,0,0,0,57,eth:ethertype:ip:tcp,25.4,94.9,52.8,160.0,-50.0,84:F3:EB:12:34:56,,,,,0.0,Normal,0.0
1744308401044307,10.42.0.2,10.42.0.1,50160,1883,48,5,0,1,1,0,1,0,185,0,0,0,0,0.0,0,,0,3,"Wakeup: 0, Mode: 0, Reset: 1, Temperature: 37.3, Uptime: 632660, Memory: 94.9, In_Temperature: 52.8°C, CPU: 160, RSSI: -52, MAC: 84:F3:EB:12:34:56, F_Storage: 99.2",test/temperatura,16,0,0,182,0,0,0,0.0,0,0,0,0,0,64.0,5756.0,0,0,0,239,eth:ethertype:ip:tcp:mqtt,37.3,94.9,52.8,160.0,-52.0,84:F3:EB:12:34:56,,,,,0.0,Normal,0.0
1744308401047823,10.42.0.2,10.42.0.1,50160,1883,234,6,0,1,0,0,0,0,0,0,0,0,0,0.0,0,,0,0,,0,0,0,0,0,0,0,0,0.0,0,0,0,0,0,64.0,5755.0,0,0,0,54,eth:ethertype:ip:tcp,37.3,94.9,52.8,160.0,-52.0,84:F3:EB:12:34:56,,,,,0.0,Normal,0.0
1744308431053223,10.42.0.2,10.42.0.1,50161,1883,0,0,1,0,0,0,0,0,0,0,0,0,0,0.0,0,,0,0,,0,0,0,0,0,0,0,0,0.0,0,0,0,0,0,64.0,5760.0,0,0,0,58,eth:ethertype:ip:tcp,37.3,94.9,52.8,160.0,-52.0,84:F3:EB:12:34:56,,,,,0.0,Normal,0.0
1744308431056934,10.42.0.2,10.42.0.1,50161,1883,1,1,0,1,0,0,0,0,0,0,0,0,0,0.0,0,,0,0,,0,0,0,0,0,0,0,0,0.0,0,0,0,0,0,64.0,5760.0,0,0,0,54,eth:ethertype:ip:tcp,37.3,94.9,52.8,160.0,-52.0,84:F3:EB:12:34:56,,,,,0.0,Normal,0.0
1744308431059238,10.42.0.2,10.42.0.1,50161,1883,1,1,0,1,0,0,1,0,3,0,0,0,0,0.0,0,,0,0,,0,0,0,0,0,0,0,0,0.0,0,0,0,0,0,64.0,5760.0,0,0,0,57,eth:ethertype:ip:tcp,37.3,94.9,52.8,160.0,-52.0,84:F3:EB:12:34:56,,,,,0.0,Normal,0.0
1744308431062713,10.42.0.2,10.42.0.1,50161,1883,4,1,0,1,0,0,1,0,29,0,0,0,0,0.0,0,,0,0,,0,0,0,0,0,0,0,0,0.0,0,0,0,0,0,64.0,5760.0,0,0,0,83,eth:ethertype:ip:tcp,37.3,94.9,52.8,160.0,-52.0,84:F3:EB:12:34:56,,,,,0.0,Normal,0.0
1744308431065801,10.42.0.2,10.42.0.1,50161,1883,33,1,0,1,0,0,1,0,12,0,0,0,0,0.0,0,,0,1,,0,0,0,1,42,4,MQTT,4,0.0,0,0,0,0,0,64.0,5760.0,0,0,esp32_a0a3b3edac1c,66,eth:ethertype:ip:tcp:mqtt,37.3,94.9,52.8,160.0,-52.0,84:F3:EB:12:34:56,,,,,0.0,Normal,0.0
1744308431102196,10.42.0.2,10.42.0.1,50161,1883,45,5,0,1,0,0,1,0,3,0,0,0,0,0.0,0,,0,0,,0,0,0,0,0,0,0,0,0.0,0,0,0,0,0,64.0,5756.0,0,0,0,57,eth:ethertype:ip:tcp,37.3,94.9,52.8,160.0,-52.0,84:F3:EB:12:34:56,,,,,0.0,Normal,0.0
1744308431115593,10.42.0.2,10.42.0.1,50161,1883,48,5,0,1,1,0,1,0,185,0,0,0,0,0.0,0,,0,3,"Wakeup: 0, Mode: 0, Reset: 1, Temperature: 29.5, Uptime: 632690, Memory: 94.9, In_Temperature: 52.8°C, CPU: 160, RSSI: -50, MAC: 84:F3:EB:12:34:56, F_Storage: 99.2",test/temperatura,16,0,0,182,0,0,0,0.0,0,0,0,0,0,64.0,5756.0,0,0,0,239,eth:ethertype:ip:tcp:mqtt,29.5,94.9,52.8,160.0,-50.0,84:F3:EB:12:34:56,,,,,0.0,Normal,0.0
1744308431119630,10.42.0.2,10.42.0.1,50161,1883,234,6,0,1,0,0,0,0,0,0,0,0,0,0.0,0,,0,0,,0,0,0,0,0,0,0,0,0.0,0,0,0,0,0,64.0,5755.0,0,0,0,54,eth:ethertype:ip:tcp,29.5,94.9,52.8,160.0,-50.0,84:F3:EB:12:34:56,,,,,0.0,Normal,0.0
1744308461123398,10.42.0.2,10.42.0.1,50162,1883,0,0,1,0,0,0,0,0,0,0,0,0,0,0.0,0,,0,0,,0,0,0,0,0,0,0,0,0.0,0,0,0,0,0,64.0,5760.0,0,0,0,58,eth:ethertype:ip:tcp,29.5,94.9,52.8,160.0,-50.0,84:F3:EB:12:34:56,,,,,0.0,Normal,0.0
1744308461141839,10.42.0.2,10.42.0.1,50162,1883,1,1,0,1,0,0,0,0,0,0,0,0,0,0.0,0,,0,0,,0,0,0,0,0,0,0,0,0.0,0,0,0,0,0,64.0,5760.0,0,0,0,54,eth:ethertype:ip:tcp,29.5,94.9,52.8,160.0,-50.0,84:F3:EB:12:34:56,,,,,0.0,Normal,0.0
1744308461143905,10.42.0.2,10.42.0.1,50162,1883,1,1,0,1,0,0,1,0,3,0,0,0,0,0.0,0,,0,0,,0,0,0,0,0,0,0,0,0.0,0,0,0,0,0,64.0,5760.0,0,0,0,57,eth:ethertype:ip:tcp,29.5,94.9,52.8,160.0,-50.0,84:F3:EB:12:34:56,,,,,0.0,Normal,0.0
1744308461147379,10.42.0.2,10.42.0.1,50162,1883,4,1,0,1,0,0,1,0,29,0,0,0,0,0.0,0,,0,0,,0,0,0,0,0,0,0,0,0.0,0,0,0,0,0,64.0,5760.0,0,0,0,83,eth:ethertype:ip:tcp,29.5,94.9,52.8,160.0,-50.0,84:F3:EB:12:34:56,,,,,0.0,Normal,0.0
1744308461150467,10.42.0.2,10.42.0.1,50162,1883,33,1,0,1,0,0,1,0,12,0,0,0,0,0.0,0,,0,1,,0,0,0,1,42,4,MQTT,4,0.0,0,0,0,0,0,64.0,5760.0,0,0,esp32_a0a3b3edac1c,66,eth:ethertype:ip:tcp:mqtt,29.5,94.9,52.8,160.0,-50.0,84:F3:EB:12:34:56,,,,,0.0,Normal,0.0
1744308461186427,10.42.0.2,10.42.0.1,50162,1883,45,5,0,1,0,0,1,0,3,0,0,0,0,0.0,0,,0,0,,0,0,0,0,0,0,0,0,0.0,0,0,0,0,0,64.0,5756.0,0,0,0,57,eth:ethertype:ip:tcp,29.5,94.9,52.8,160.0,-50.0,84:F3:EB:12:34:56,,,,,0.0,Normal,0.0
1744308461220458,10.42.0.2,10.42.0.1,50162,1883,48,5,0,1,1,0,1,0,185,0,0,0,0,0.0,0,,0,3,"Wakeup: 0, Mode: 0, Reset: 1, Temperature: 32.0, Uptime: 632720, Memory: 94.9, In_Temperature: 52.2°C, CPU: 160, RSSI: -50, MAC: 84:F3:EB:12:34:56, F_Storage: 99.2",test/temperatura,16,0,0,182,0,0,0,0.0,0,0,0,0,0,64.0,5756.0,0,0,0,239,eth:ethertype:ip:tcp:mqtt,32.0,94.9,52.2,160.0,-50.0,84:F3:EB:12:34:56,,,,,0.0,Normal,0.0
1744308461223734,10.42.0.2,10.42.0.1,50162,1883,234,6,0,1,0,0,0,0,0,0,0,0,0,0.0,0,,0,0,,0,0,0,0,0,0,0,0,0.0,0,0,0,0,0,64.0,5755.0,0,0,0,54,eth:ethertype:ip:tcp,32.0,94.9,52.2,160.0,-50.0,84:F3:EB:12:34:56,,,,,0.0,Normal,0.0
1744308491212170,10.42.0.2,10.42.0.1,50163,1883,0,0,1,0,0,0,0,0,0,0,0,0,0,0.0,0,,0,0,,0,0,0,0,0,0,0,0,0.0,0,0,0,0,0,64.0,5760.0,0,0,0,58,eth:ethertype:ip:tcp,32.0,94.9,52.2,160.0,-50.0,84:F3:EB:12:34:56,,,,,0.0,Normal,0.0
1744308491216161,10.42.0.2,10.42.0.1,50163,1883,1,1,0,1,0,0,0,0,0,0,0,0,0,0.0,0,,0,0,,0,0,0,0,0,0,0,0,0.0,0,0,0,0,0,64.0,5760.0,0,0,0,54,eth:ethertype:ip:tcp,32.0,94.9,52.2,160.0,-50.0,84:F3:EB:12:34:56,,,,,0.0,Normal,0.0
1744308491218361,10.42.0.2,10.42.0.1,50163,1883,1,1,0,1,0,0,1,0,3,0,0,0,0,0.0,0,,0,0,,0,0,0,0,0,0,0,0,0.0,0,0,0,0,0,64.0,5760.0,0,0,0,57,eth:ethertype:ip:tcp,32.0,94.9,52.2,160.0,-50.0,84:F3:EB:12:34:56,,,,,0.0,Normal,0.0
1744308491221789,10.42.0.2,10.42.0.1,50163,1883,4,1,0,1,0,0,1,0,29,0,0,0,0,0.0,0,,0,0,,0,0,0,0,0,0,0,0,0.0,0,0,0,0,0,64.0,5760.0,0,0,0,83,eth:ethertype:ip:tcp,32.0,94.9,52.2,160.0,-50.0,84:F3:EB:12:34:56,,,,,0.0,Normal,0.0
1744308491224839,10.42.0.2,10.42.0.1,50163,1883,33,1,0,1,0,0,1,0,12,0,0,0,0,0.0,0,,0,1,,0,0,0,1,42,4,MQTT,4,0.0,0,0,0,0,0,64.0,5760.0,0,0,esp32_a0a3b3edac1c,66,eth:ethertype:ip:tcp:mqtt,32.0,94.9,52.2,160.0,-50.0,84:F3:EB:12:34:56,,,,,0.0,Normal,0.0
1744308491280372,10.42.0.2,10.42.0.1,50163,1883,45,5,0,1,0,0,1,0,3,0,0,0,0,0.0,0,,0,0,,0,0,0,0,0,0,0,0,0.0,0,0,0,0,0,64.0,5756.0,0,0,0,57,eth:ethertype:ip:tcp,32.0,94.9,52.2,160.0,-50.0,84:F3:EB:12:34:56,,,,,0.0,Normal,0.0
1744308491281412,10.42.0.2,10.42.0.1,50163,1883,48,5,0,1,1,0,1,0,185,0,0,0,0,0.0,0,,0,3,"Wakeup: 0, Mode: 0, Reset: 1, Temperature: 37.0, Uptime: 632750, Memory: 94.9, In_Temperature: 52.8°C, CPU: 160, RSSI: -51, MAC: 84:F3:EB:12:34:56, F_Storage: 99.2",test/temperatura,16,0,0,182,0,0,0,0.0,0,0,0,0,0,64.0,5756.0,0,0,0,239,eth:ethertype:ip:tcp:mqtt,37.0,94.9,52.8,160.0,-51.0,84:F3:EB:12:34:56,,,,,0.0,Normal,0.0
1744308491284866,10.42.0.2,10.42.0.1,50163,1883,234,6,0,1,0,0,0,0,0,0,0,0,0,0.0,0,,0,0,,0,0,0,0,0,0,0,0,0.0,0,0,0,0,0,64.0,5755.0,0,0,0,54,eth:ethertype:ip:tcp,37.0,94.9,52.8,160.0,-51.0,84:F3:EB:12:34:56,,,,,0.0,Normal,0.0
1744308521288960,10.42.0.2,10.42.0.1,50164,1883,0,0,1,0,0,0,0,0,0,0,0,0,0,0.0,0,,0,0,,0,0,0,0,0,0,0,0,0.0,0,0,0,0,0,64.0,5760.0,0,0,0,58,eth:ethertype:ip:tcp,37.0,94.9,52.8,160.0,-51.0,84:F3:EB:12:34:56,,,,,0.0,Normal,0.0
1744308521292587,10.42.0.2,10.42.0.1,50164,1883,1,1,0,1,0,0,0,0,0,0,0,0,0,0.0,0,,0,0,,0,0,0,0,0,0,0,0,0.0,0,0,0,0,0,64.0,5760.0,0,0,0,54,eth:ethertype:ip:tcp,37.0,94.9,52.8,160.0,-51.0,84:F3:EB:12:34:56,,,,,0.0,Normal,0.0
1744308521294978,10.42.0.2,10.42.0.1,50164,1883,1,1,0,1,0,0,1,0,3,0,0,0,0,0.0,0,,0,0,,0,0,0,0,0,0,0,0,0.0,0,0,0,0,0,64.0,5760.0,0,0,0,57,eth:ethertype:ip:tcp,37.0,94.9,52.8,160.0,-51.0,84:F3:EB:12:34:56,,,,,0.0,Normal,0.0
1744308521298388,10.42.0.2,10.42.0.1,50164,1883,4,1,0,1,0,0,1,0,29,0,0,0,0,0.0,0,,0,0,,0,0,0,0,0,0,0,0,0.0,0,0,0,0,0,64.0,5760.0,0,0,0,83,eth:ethertype:ip:tcp,37.0,94.9,52.8,160.0,-51.0,84:F3:EB:12:34:56,,,,,0.0,Normal,0.0
1744308521302981,10.42.0.2,10.42.0.1,50164,1883,33,1,0,1,0,0,1,0,12,0,0,0,0,0.0,0,,0,1,,0,0,0,1,42,4,MQTT,4,0.0,0,0,0,0,0,64.0,5760.0,0,0,esp32_a0a3b3edac1c,66,eth:ethertype:ip:tcp:mqtt,37.0,94.9,52.8,160.0,-51.0,84:F3:EB:12:34:56,,,,,0.0,Normal,0.0
1744308521340062,10.42.0.2,10.42.0.1,50164,1883,45,5,0,1,0,0,1,0,3,0,0,0,0,0.0,0,,0,0,,0,0,0,0,0,0,0,0,0.0,0,0,0,0,0,64.0,5756.0,0,0,0,57,eth:ethertype:ip:tcp,37.0,94.9,52.8,160.0,-51.0,84:F3:EB:12:34:56,,,,,0.0,Normal,0.0
1744308521353445,10.42.0.2,10.42.0.1,50164,1883,48,5,0,1,1,0,1,0,185,0,0,0,0,0.0,0,,0,3,"Wakeup: 0, Mode: 0, Reset: 1, Temperature: 28.6, Uptime: 632780, Memory: 94.9, In_Temperature: 52.2°C, CPU: 160, RSSI: -50, MAC: 84:F3:EB:12:34:56, F_Storage: 99.2",test/temperatura,16,0,0,182,0,0,0,0.0,0,0,0,0,0,64.0,5756.0,0,0,0,239,eth:ethertype:ip:tcp:mqtt,28.6,94.9,52.2,160.0,-50.0,84:F3:EB:12:34:56,,,,,0.0,Normal,0.0
1744308521356906,10.42.0.2,10.42.0.1,50164,1883,234,6,0,1,0,0,0,0,0,0,0,0,0,0.0,0,,0,0,,0,0,0,0,0,0,0,0,0.0,0,0,0,0,0,64.0,5755.0,0,0,0,54,eth:ethertype:ip:tcp,28.6,94.9,52.2,160.0,-50.0,84:F3:EB:12:34:56,,,,,0.0,Normal,0.0
1744308551360662,10.42.0.2,10.42.0.1,50165,1883,0,0,1,0,0,0,0,0,0,0,0,0,0,0.0,0,,0,0,,0,0,0,0,0,0,0,0,0.0,0,0,0,0,0,64.0,5760.0,0,0,0,58,eth:ethertype:ip:tcp,28.6,94.9,52.2,160.0,-50.0,84:F3:EB:12:34:56,,,,,0.0,Normal,0.0
1744308551385435,10.42.0.2,10.42.0.1,50165,1883,1,1,0,1,0,0,0,0,0,0,0,0,0,0.0,0,,0,0,,0,0,0,0,0,0,0,0,0.0,0,0,0,0,0,64.0,5760.0,0,0,0,54,eth:ethertype:ip:tcp,28.6,94.9,52.2,160.0,-50.0,84:F3:EB:12:34:56,,,,,0.0,Normal,0.0
1744308551386220,10.42.0.2,10.42.0.1,50165,1883,1,1,0,1,0,0,1,0,3,0,0,0,0,0.0,0,,0,0,,0,0,0,0,0,0,0,0,0.0,0,0,0,0,0,64.0,5760.0,0,0,0,57,eth:ethertype:ip:tcp,28.6,94.9,52.2,160.0,-50.0,84:F3:EB:12:34:56,,,,,0.0,Normal,0.0
1744308551388974,10.42.0.2,10.42.0.1,50165,1883,4,1,0,1,0,0,1,0,41,0,0,0,0,0.0,0,,0,1,,0,0,0,1,42,4,MQTT,4,0.0,0,0,0,0,0,64.0,5760.0,0,0,esp32_a0a3b3edac1c,95,eth:ethertype:ip:tcp:mqtt,28.6,94.9,52.2,160.0,-50.0,84:F3:EB:12:34:56,,,,,0.0,Normal,0.0
1744308551425270,10.42.0.2,10.42.0.1,50165,1883,45,5,0,1,0,0,1,0,3,0,0,0,0,0.0,0,,0,0,,0,0,0,0,0,0,0,0,0.0,0,0,0,0,0,64.0,5756.0,0,0,0,57,eth:ethertype:ip:tcp,28.6,94.9,52.2,160.0,-50.0,84:F3:EB:12:34:56,,,,,0.0,Normal,0.0
1744308551443244,10.42.0.2,10.42.0.1,50165,1883,48,5,0,1,1,0,1,0,185,0,0,0,0,0.0,0,,0,3,"Wakeup: 0, Mode: 0, Reset: 1, Temperature: 27.2, Uptime: 632810, Memory: 94.9, In_Temperature: 52.2°C, CPU: 160, RSSI: -51, MAC: 84:F3:EB:12:34:56, F_Storage: 99.2",test/temperatura,16,0,0,182,0,0,0,0.0,0,0,0,0,0,64.0,5756.0,0,0,0,239,eth:ethertype:ip:tcp:mqtt,27.2,94.9,52.2,160.0,-51.0,84:F3:EB:12:34:56,,,,,0.0,Normal,0.0
1744308551446711,10.42.0.2,10.42.0.1,50165,1883,234,6,0,1,0,0,0,0,0,0,0,0,0,0.0,0,,0,0,,0,0,0,0,0,0,0,0,0.0,0,0,0,0,0,64.0,5755.0,0,0,0,54,eth:ethertype:ip:tcp,27.2,94.9,52.2,160.0,-51.0,84:F3:EB:12:34:56,,,,,0.0,Normal,0.0
1744308581450365,10.42.0.2,10.42.0.1,50166,1883,0,0,1,0,0,0,0,0,0,0,0,0,0,0.0,0,,0,0,,0,0,0,0,0,0,0,0,0.0,0,0,0,0,0,64.0,5760.0,0,0,0,58,eth:ethertype:ip:tcp,27.2,94.9,52.2,160.0,-51.0,84:F3:EB:12:34:56,,,,,0.0,Normal,0.0
1744308581461154,10.42.0.2,10.42.0.1,50166,1883,1,1,0,1,0,0,0,0,0,0,0,0,0,0.0,0,,0,0,,0,0,0,0,0,0,0,0,0.0,0,0,0,0,0,64.0,5760.0,0,0,0,54,eth:ethertype:ip:tcp,27.2,94.9,52.2,160.0,-51.0,84:F3:EB:12:34:56,,,,,0.0,Normal,0.0
1744308581461609,10.42.0.2,10.42.0.1,50166,1883,1,1,0,1,0,0,1,0,3,0,0,0,0,0.0,0,,0,0,,0,0,0,0,0,0,0,0,0.0,0,0,0,0,0,64.0,5760.0,0,0,0,57,eth:ethertype:ip:tcp,27.2,94.9,52.2,160.0,-51.0,84:F3:EB:12:34:56,,,,,0.0,Normal,0.0
1744308581464373,10.42.0.2,10.42.0.1,50166,1883,4,1,0,1,0,0,1,0,41,0,0,0,0,0.0,0,,0,1,,0,0,0,1,42,4,MQTT,4,0.0,0,0,0,0,0,64.0,5760.0,0,0,esp32_a0a3b3edac1c,95,eth:ethertype:ip:tcp:mqtt,27.2,94.9,52.2,160.0,-51.0,84:F3:EB:12:34:56,,,,,0.0,Normal,0.0
1744308581499841,10.42.0.2,10.42.0.1,50166,1883,45,5,0,1,0,0,1,0,3,0,0,0,0,0.0,0,,0,0,,0,0,0,0,0,0,0,0,0.0,0,0,0,0,0,64.0,5756.0,0,0,0,57,eth:ethertype:ip:tcp,27.2,94.9,52.2,160.0,-51.0,84:F3:EB:12:34:56,,,,,0.0,Normal,0.0
1744308581524171,10.42.0.2,10.42.0.1,50166,1883,48,5,0,1,1,0,1,0,185,0,0,0,0,0.0,0,,0,3,"Wakeup: 0, Mode: 0, Reset: 1, Temperature: 40.7, Uptime: 632840, Memory: 94.9, In_Temperature: 52.2°C, CPU: 160, RSSI: -51, MAC: 84:F3:EB:12:34:56, F_Storage: 99.2",test/temperatura,16,0,0,182,0,0,0,0.0,0,0,0,0,0,64.0,5756.0,0,0,0,239,eth:ethertype:ip:tcp:mqtt,40.7,94.9,52.2,160.0,-51.0,84:F3:EB:12:34:56,,,,,0.0,Normal,0.0
1744308581527685,10.42.0.2,10.42.0.1,50166,1883,234,6,0,1,0,0,0,0,0,0,0,0,0,0.0,0,,0,0,,0,0,0,0,0,0,0,0,0.0,0,0,0,0,0,64.0,5755.0,0,0,0,54,eth:ethertype:ip:tcp,40.7,94.9,52.2,160.0,-51.0,84:F3:EB:12:34:56,,,,,0.0,Normal,0.0
1744308611518779,10.42.0.2,10.42.0.1,50167,1883,0,0,1,0,0,0,0,0,0,0,0,0,0,0.0,0,,0,0,,0,0,0,0,0,0,0,0,0.0,0,0,0,0,0,64.0,5760.0,0,0,0,58,eth:ethertype:ip:tcp,40.7,94.9,52.2,160.0,-51.0,84:F3:EB:12:34:56,,,,,0.0,Normal,0.0
1744308611523831,10.42.0.2,10.42.0.1,50167,1883,1,1,0,1,0,0,0,0,0,0,0,0,0,0.0,0,,0,0,,0,0,0,0,0,0,0,0,0.0,0,0,0,0,0,64.0,5760.0,0,0,0,54,eth:ethertype:ip:tcp,40.7,94.9,52.2,160.0,-51.0,84:F3:EB:12:34:56,,,,,0.0,Normal,0.0
1744308611525771,10.42.0.2,10.42.0.1,50167,1883,1,1,0,1,0,0,1,0,3,0,0,0,0,0.0,0,,0,0,,0,0,0,0,0,0,0,0,0.0,0,0,0,0,0,64.0,5760.0,0,0,0,57,eth:ethertype:ip:tcp,40.7,94.9,52.2,160.0,-51.0,84:F3:EB:12:34:56,,,,,0.0,Normal,0.0
1744308611529229,10.42.0.2,10.42.0.1,50167,1883,4,1,0,1,0,0,1,0,29,0,0,0,0,0.0,0,,0,0,,0,0,0,0,0,0,0,0,0.0,0,0,0,0,0,64.0,5760.0,0,0,0,83,eth:ethertype:ip:tcp,40.7,94.9,52.2,160.0,-51.0,84:F3:EB:12:34:56,,,,,0.0,Normal,0.0
1744308611532263,10.42.0.2,10.42.0.1,50167,1883,33,1,0,1,0,0,1,0,12,0,0,0,0,0.0,0,,0,1,,0,0,0,1,42,4,MQTT,4,0.0,0,0,0,0,0,64.0,5760.0,0,0,esp32_a0a3b3edac1c,66,eth:ethertype:ip:tcp:mqtt,40.7,94.9,52.2,160.0,-51.0,84:F3:EB:12:34:56,,,,,0.0,Normal,0.0
1744308611567499,10.42.0.2,10.42.0.1,50167,1883,45,5,0,1,0,0,1,0,3,0,0,0,0,0.0,0,,0,0,,0,0,0,0,0,0,0,0,0.0,0,0,0,0,0,64.0,5756.0,0,0,0,57,eth:ethertype:ip:tcp,40.7,94.9,52.2,160.0,-51.0,84:F3:EB:12:34:56,,,,,0.0,Normal,0.0
1744308611580130,10.42.0.2,10.42.0.1,50167,1883,48,5,0,1,1,0,1,0,185,0,0,0,0,0.0,0,,0,3,"Wakeup: 0, Mode: 0, Reset: 1, Temperature: 29.3, Uptime: 632871, Memory: 94.9, In_Temperature: 52.2°C, CPU: 160, RSSI: -50, MAC: 84:F3:EB:12:34:56, F_Storage: 99.2",test/temperatura,16,0,0,182,0,0,0,0.0,0,0,0,0,0,64.0,5756.0,0,0,0,239,eth:ethertype:ip:tcp:mqtt,29.3,94.9,52.2,160.0,-50.0,84:F3:EB:12:34:56,,,,,0.0,Normal,0.0
1744308611583523,10.42.0.2,10.42.0.1,50167,1883,234,6,0,1,0,0,0,0,0,0,0,0,0,0.0,0,,0,0,,0,0,0,0,0,0,0,0,0.0,0,0,0,0,0,64.0,5755.0,0,0,0,54,eth:ethertype:ip:tcp,29.3,94.9,52.2,160.0,-50.0,84:F3:EB:12:34:56,,,,,0.0,Normal,0.0
1744308641588886,10.42.0.2,10.42.0.1,50168,1883,0,0,1,0,0,0,0,0,0,0,0,0,0,0.0,0,,0,0,,0,0,0,0,0,0,0,0,0.0,0,0,0,0,0,64.0,5760.0,0,0,0,58,eth:ethertype:ip:tcp,29.3,94.9,52.2,160.0,-50.0,84:F3:EB:12:34:56,,,,,0.0,Normal,0.0
1744308641592895,10.42.0.2,10.42.0.1,50168,1883,1,1,0,1,0,0,0,0,0,0,0,0,0,0.0,0,,0,0,,0,0,0,0,0,0,0,0,0.0,0,0,0,0,0,64.0,5760.0,0,0,0,54,eth:ethertype:ip:tcp,29.3,94.9,52.2,160.0,-50.0,84:F3:EB:12:34:56,,,,,0.0,Normal,0.0
1744308641594945,10.42.0.2,10.42.0.1,50168,1883,1,1,0,1,0,0,1,0,3,0,0,0,0,0.0,0,,0,0,,0,0,0,0,0,0,0,0,0.0,0,0,0,0,0,64.0,5760.0,0,0,0,57,eth:ethertype:ip:tcp,29.3,94.9,52.2,160.0,-50.0,84:F3:EB:12:34:56,,,,,0.0,Normal,0.0
1744308641598320,10.42.0.2,10.42.0.1,50168,1883,4,1,0,1,0,0,1,0,29,0,0,0,0,0.0,0,,0,0,,0,0,0,0,0,0,0,0,0.0,0,0,0,0,0,64.0,5760.0,0,0,0,83,eth:ethertype:ip:tcp,29.3,94.9,52.2,160.0,-50.0,84:F3:EB:12:34:56,,,,,0.0,Normal,0.0
1744308641601542,10.42.0.2,10.42.0.1,50168,1883,33,1,0,1,0,0,1,0,12,0,0,0,0,0.0,0,,0,1,,0,0,0,1,42,4,MQTT,4,0.0,0,0,0,0,0,64.0,5760.0,0,0,esp32_a0a3b3edac1c,66,eth:ethertype:ip:tcp:mqtt,29.3,94.9,52.2,160.0,-50.0,84:F3:EB:12:34:56,,,,,0.0,Normal,0.0
1744308641638227,10.42.0.2,10.42.0.1,50168,1883,45,5,0,1,0,0,1,0,3,0,0,0,0,0.0,0,,0,0,,0,0,0,0,0,0,0,0,0.0,0,0,0,0,0,64.0,5756.0,0,0,0,57,eth:ethertype:ip:tcp,29.3,94.9,52.2,160.0,-50.0,84:F3:EB:12:34:56,,,,,0.0,Normal,0.0
1744308641649041,10.42.0.2,10.42.0.1,50168,1883,48,5,0,1,1,0,1,0,185,0,0,0,0,0.0,0,,0,3,"Wakeup: 0, Mode: 0, Reset: 1, Temperature: 30.6, Uptime: 632901, Memory: 94.9, In_Temperature: 52.2°C, CPU: 160, RSSI: -51, MAC: 84:F3:EB:12:34:56, F_Storage: 99.2",test/temperatura,16,0,0,182,0,0,0,0.0,0,0,0,0,0,64.0,5756.0,0,0,0,239,eth:ethertype:ip:tcp:mqtt,30.6,94.9,52.2,160.0,-51.0,84:F3:EB:12:34:56,,,,,0.0,Normal,0.0
1744308641652431,10.42.0.2,10.42.0.1,50168,1883,234,6,0,1,0,0,0,0,0,0,0,0,0,0.0,0,,0,0,,0,0,0,0,0,0,0,0,0.0,0,0,0,0,0,64.0,5755.0,0,0,0,54,eth:ethertype:ip:tcp,30.6,94.9,52.2,160.0,-51.0,84:F3:EB:12:34:56,,,,,0.0,Normal,0.0
1744308671657994,10.42.0.2,10.42.0.1,50169,1883,0,0,1,0,0,0,0,0,0,0,0,0,0,0.0,0,,0,0,,0,0,0,0,0,0,0,0,0.0,0,0,0,0,0,64.0,5760.0,0,0,0,58,eth:ethertype:ip:tcp,30.6,94.9,52.2,160.0,-51.0,84:F3:EB:12:34:56,,,,,0.0,Normal,0.0
1744308671661694,10.42.0.2,10.42.0.1,50169,1883,1,1,0,1,0,0,0,0,0,0,0,0,0,0.0,0,,0,0,,0,0,0,0,0,0,0,0,0.0,0,0,0,0,0,64.0,5760.0,0,0,0,54,eth:ethertype:ip:tcp,30.6,94.9,52.2,160.0,-51.0,84:F3:EB:12:34:56,,,,,0.0,Normal,0.0
1744308671664155,10.42.0.2,10.42.0.1,50169,1883,1,1,0,1,0,0,1,0,3,0,0,0,0,0.0,0,,0,0,,0,0,0,0,0,0,0,0,0.0,0,0,0,0,0,64.0,5760.0,0,0,0,57,eth:ethertype:ip:tcp,30.6,94.9,52.2,160.0,-51.0,84:F3:EB:12:34:56,,,,,0.0,Normal,0.0
1744308671667470,10.42.0.2,10.42.0.1,50169,1883,4,1,0,1,0,0,1,0,29,0,0,0,0,0.0,0,,0,0,,0,0,0,0,0,0,0,0,0.0,0,0,0,0,0,64.0,5760.0,0,0,0,83,eth:ethertype:ip:tcp,30.6,94.9,52.2,160.0,-51.0,84:F3:EB:12:34:56,,,,,0.0,Normal,0.0
1744308671670685,10.42.0.2,10.42.0.1,50169,1883,33,1,0,1,0,0,1,0,12,0,0,0,0,0.0,0,,0,1,,0,0,0,1,42,4,MQTT,4,0.0,0,0,0,0,0,64.0,5760.0,0,0,esp32_a0a3b3edac1c,66,eth:ethertype:ip:tcp:mqtt,30.6,94.9,52.2,160.0,-51.0,84:F3:EB:12:34:56,,,,,0.0,Normal,0.0
1744308671705956,10.42.0.2,10.42.0.1,50169,1883,45,5,0,1,0,0,1,0,3,0,0,0,0,0.0,0,,0,0,,0,0,0,0,0,0,0,0,0.0,0,0,0,0,0,64.0,5756.0,0,0,0,57,eth:ethertype:ip:tcp,30.6,94.9,52.2,160.0,-51.0,84:F3:EB:12:34:56,,,,,0.0,Normal,0.0
1744308671718416,10.42.0.2,10.42.0.1,50169,1883,48,5,0,1,1,0,1,0,185,0,0,0,0,0.0,0,,0,3,"Wakeup: 0, Mode: 0, Reset: 1, Temperature: 29.3, Uptime: 632931, Memory: 94.9, In_Temperature: 52.2°C, CPU: 160, RSSI: -50, MAC: 84:F3:EB:12:34:56, F_Storage: 99.2",test/temperatura,16,0,0,182,0,0,0,0.0,0,0,0,0,0,64.0,5756.0,0,0,0,239,eth:ethertype:ip:tcp:mqtt,29.3,94.9,52.2,160.0,-50.0,84:F3:EB:12:34:56,,,,,0.0,Normal,0.0
1744308671721809,10.42.0.2,10.42.0.1,50169,1883,234,6,0,1,0,0,0,0,0,0,0,0,0,0.0,0,,0,0,,0,0,0,0,0,0,0,0,0.0,0,0,0,0,0,64.0,5755.0,0,0,0,54,eth:ethertype:ip:tcp,29.3,94.9,52.2,160.0,-50.0,84:F3:EB:12:34:56,,,,,0.0,Normal,0.0
1744308701726581,10.42.0.2,10.42.0.1,50170,1883,0,0,1,0,0,0,0,0,0,0,0,0,0,0.0,0,,0,0,,0,0,0,0,0,0,0,0,0.0,0,0,0,0,0,64.0,5760.0,0,0,0,58,eth:ethertype:ip:tcp,29.3,94.9,52.2,160.0,-50.0,84:F3:EB:12:34:56,,,,,0.0,Normal,0.0
1744308701732237,10.42.0.2,10.42.0.1,50170,1883,1,1,0,1,0,0,0,0,0,0,0,0,0,0.0,0,,0,0,,0,0,0,0,0,0,0,0,0.0,0,0,0,0,0,64.0,5760.0,0,0,0,54,eth:ethertype:ip:tcp,29.3,94.9,52.2,160.0,-50.0,84:F3:EB:12:34:56,,,,,0.0,Normal,0.0
1744308701735750,10.42.0.2,10.42.0.1,50170,1883,1,1,0,1,0,0,1,0,3,0,0,0,0,0.0,0,,0,0,,0,0,0,0,0,0,0,0,0.0,0,0,0,0,0,64.0,5760.0,0,0,0,57,eth:ethertype:ip:tcp,29.3,94.9,52.2,160.0,-50.0,84:F3:EB:12:34:56,,,,,0.0,Normal,0.0
1744308701739037,10.42.0.2,10.42.0.1,50170,1883,4,1,0,1,0,0,1,0,41,0,0,0,0,0.0,0,,0,1,,0,0,0,1,42,4,MQTT,4,0.0,0,0,0,0,0,64.0,5760.0,0,0,esp32_a0a3b3edac1c,95,eth:ethertype:ip:tcp:mqtt,29.3,94.9,52.2,160.0,-50.0,84:F3:EB:12:34:56,,,,,0.0,Normal,0.0
1744308701758485,10.42.0.2,10.42.0.1,50170,1883,45,5,0,1,0,0,0,0,0,0,0,0,0,0.0,0,,0,0,,0,0,0,0,0,0,0,0,0.0,0,0,0,0,0,64.0,5756.0,0,0,0,54,eth:ethertype:ip:tcp,29.3,94.9,52.2,160.0,-50.0,84:F3:EB:12:34:56,,,,,0.0,Normal,0.0
1744308701775613,10.42.0.2,10.42.0.1,50170,1883,45,5,0,1,0,0,1,0,3,0,0,0,0,0.0,0,,0,0,,0,0,0,0,0,0,0,0,0.0,0,0,0,0,0,64.0,5756.0,0,0,0,57,eth:ethertype:ip:tcp,29.3,94.9,52.2,160.0,-50.0,84:F3:EB:12:34:56,,,,,0.0,Normal,0.0
1744308701787455,10.42.0.2,10.42.0.1,50170,1883,48,5,0,1,1,0,1,0,185,0,0,0,0,0.0,0,,0,3,"Wakeup: 0, Mode: 0, Reset: 1, Temperature: 26.3, Uptime: 632961, Memory: 94.9, In_Temperature: 52.2°C, CPU: 160, RSSI: -49, MAC: 84:F3:EB:12:34:56, F_Storage: 99.2",test/temperatura,16,0,0,182,0,0,0,0.0,0,0,0,0,0,64.0,5756.0,0,0,0,239,eth:ethertype:ip:tcp:mqtt,26.3,94.9,52.2,160.0,-49.0,84:F3:EB:12:34:56,,,,,0.0,Normal,0.0
1744308701790810,10.42.0.2,10.42.0.1,50170,1883,234,6,0,1,0,0,0,0,0,0,0,0,0,0.0,0,,0,0,,0,0,0,0,0,0,0,0,0.0,0,0,0,0,0,64.0,5755.0,0,0,0,54,eth:ethertype:ip:tcp,26.3,94.9,52.2,160.0,-49.0,84:F3:EB:12:34:56,,,,,0.0,Normal,0.0
1744308731796951,10.42.0.2,10.42.0.1,50171,1883,0,0,1,0,0,0,0,0,0,0,0,0,0,0.0,0,,0,0,,0,0,0,0,0,0,0,0,0.0,0,0,0,0,0,64.0,5760.0,0,0,0,58,eth:ethertype:ip:tcp,26.3,94.9,52.2,160.0,-49.0,84:F3:EB:12:34:56,,,,,0.0,Normal,0.0
1744308731800772,10.42.0.2,10.42.0.1,50171,1883,1,1,0,1,0,0,0,0,0,0,0,0,0,0.0,0,,0,0,,0,0,0,0,0,0,0,0,0.0,0,0,0,0,0,64.0,5760.0,0,0,0,54,eth:ethertype:ip:tcp,26.3,94.9,52.2,160.0,-49.0,84:F3:EB:12:34:56,,,,,0.0,Normal,0.0
1744308731803070,10.42.0.2,10.42.0.1,50171,1883,1,1,0,1,0,0,1,0,3,0,0,0,0,0.0,0,,0,0,,0,0,0,0,0,0,0,0,0.0,0,0,0,0,0,64.0,5760.0,0,0,0,57,eth:ethertype:ip:tcp,26.3,94.9,52.2,160.0,-49.0,84:F3:EB:12:34:56,,,,,0.0,Normal,0.0
1744308731806526,10.42.0.2,10.42.0.1,50171,1883,4,1,0,1,0,0,1,0,29,0,0,0,0,0.0,0,,0,0,,0,0,0,0,0,0,0,0,0.0,0,0,0,0,0,64.0,5760.0,0,0,0,83,eth:ethertype:ip:tcp,26.3,94.9,52.2,160.0,-49.0,84:F3:EB:12:34:56,,,,,0.0,Normal,0.0
1744308731809551,10.42.0.2,10.42.0.1,50171,1883,33,1,0,1,0,0,1,0,12,0,0,0,0,0.0,0,,0,1,,0,0,0,1,42,4,MQTT,4,0.0,0,0,0,0,0,64.0,5760.0,0,0,esp32_a0a3b3edac1c,66,eth:ethertype:ip:tcp:mqtt,26.3,94.9,52.2,160.0,-49.0,84:F3:EB:12:34:56,,,,,0.0,Normal,0.0
1744308731846374,10.42.0.2,10.42.0.1,50171,1883,45,5,0,1,0,0,1,0,3,0,0,0,0,0.0,0,,0,0,,0,0,0,0,0,0,0,0,0.0,0,0,0,0,0,64.0,5756.0,0,0,0,57,eth:ethertype:ip:tcp,26.3,94.9,52.2,160.0,-49.0,84:F3:EB:12:34:56,,,,,0.0,Normal,0.0
1744308731857060,10.42.0.2,10.42.0.1,50171,1883,48,5,0,1,1,0,1,0,185,0,0,0,0,0.0,0,,0,3,"Wakeup: 0, Mode: 0, Reset: 1, Temperature: 31.5, Uptime: 632991, Memory: 94.9, In_Temperature: 52.2°C, CPU: 160, RSSI: -52, MAC: 84:F3:EB:12:34:56, F_Storage: 99.2",test/temperatura,16,0,0,182,0,0,0,0.0,0,0,0,0,0,64.0,5756.0,0,0,0,239,eth:ethertype:ip:tcp:mqtt,31.5,94.9,52.2,160.0,-52.0,84:F3:EB:12:34:56,,,,,0.0,Normal,0.0
1744308731860671,10.42.0.2,10.42.0.1,50171,1883,234,6,0,1,0,0,0,0,0,0,0,0,0,0.0,0,,0,0,,0,0,0,0,0,0,0,0,0.0,0,0,0,0,0,64.0,5755.0,0,0,0,54,eth:ethertype:ip:tcp,31.5,94.9,52.2,160.0,-52.0,84:F3:EB:12:34:56,,,,,0.0,Normal,0.0
1744308761866051,10.42.0.2,10.42.0.1,50172,1883,0,0,1,0,0,0,0,0,0,0,0,0,0,0.0,0,,0,0,,0,0,0,0,0,0,0,0,0.0,0,0,0,0,0,64.0,5760.0,0,0,0,58,eth:ethertype:ip:tcp,31.5,94.9,52.2,160.0,-52.0,84:F3:EB:12:34:56,,,,,0.0,Normal,0.0
1744308761869962,10.42.0.2,10.42.0.1,50172,1883,1,1,0,1,0,0,0,0,0,0,0,0,0,0.0,0,,0,0,,0,0,0,0,0,0,0,0,0.0,0,0,0,0,0,64.0,5760.0,0,0,0,54,eth:ethertype:ip:tcp,31.5,94.9,52.2,160.0,-52.0,84:F3:EB:12:34:56,,,,,0.0,Normal,0.0
1744308761872093,10.42.0.2,10.42.0.1,50172,1883,1,1,0,1,0,0,1,0,3,0,0,0,0,0.0,0,,0,0,,0,0,0,0,0,0,0,0,0.0,0,0,0,0,0,64.0,5760.0,0,0,0,57,eth:ethertype:ip:tcp,31.5,94.9,52.2,160.0,-52.0,84:F3:EB:12:34:56,,,,,0.0,Normal,0.0
1744308761877140,10.42.0.2,10.42.0.1,50172,1883,4,1,0,1,0,0,1,0,31,0,0,0,0,0.0,0,,0,0,,0,0,0,0,0,0,0,0,0.0,0,0,0,0,0,64.0,5760.0,0,0,0,85,eth:ethertype:ip:tcp,31.5,94.9,52.2,160.0,-52.0,84:F3:EB:12:34:56,,,,,0.0,Normal,0.0
1744308761879872,10.42.0.2,10.42.0.1,50172,1883,35,1,0,1,0,0,1,0,10,0,0,0,0,0.0,0,,0,1,,0,0,0,1,42,4,MQTT,4,0.0,0,0,0,0,0,64.0,5760.0,0,0,esp32_a0a3b3edac1c,64,eth:ethertype:ip:tcp:mqtt,31.5,94.9,52.2,160.0,-52.0,84:F3:EB:12:34:56,,,,,0.0,Normal,0.0
1744308761915451,10.42.0.2,10.42.0.1,50172,1883,45,5,0,1,0,0,1,0,3,0,0,0,0,0.0,0,,0,0,,0,0,0,0,0,0,0,0,0.0,0,0,0,0,0,64.0,5756.0,0,0,0,57,eth:ethertype:ip:tcp,31.5,94.9,52.2,160.0,-52.0,84:F3:EB:12:34:56,,,,,0.0,Normal,0.0
1744308761926486,10.42.0.2,10.42.0.1,50172,1883,48,5,0,1,1,0,1,0,185,0,0,0,0,0.0,0,,0,3,"Wakeup: 0, Mode: 0, Reset: 1, Temperature: 34.8, Uptime: 633021, Memory: 94.9, In_Temperature: 52.2°C, CPU: 160, RSSI: -52, MAC: 84:F3:EB:12:34:56, F_Storage: 99.2",test/temperatura,16,0,0,182,0,0,0,0.0,0,0,0,0,0,64.0,5756.0,0,0,0,239,eth:ethertype:ip:tcp:mqtt,34.8,94.9,52.2,160.0,-52.0,84:F3:EB:12:34:56,,,,,0.0,Normal,0.0
1744308761929842,10.42.0.2,10.42.0.1,50172,1883,234,6,0,1,0,0,0,0,0,0,0,0,0,0.0,0,,0,0,,0,0,0,0,0,0,0,0,0.0,0,0,0,0,0,64.0,5755.0,0,0,0,54,eth:ethertype:ip:tcp,34.8,94.9,52.2,160.0,-52.0,84:F3:EB:12:34:56,,,,,0.0,Normal,0.0
1744308791935397,10.42.0.2,10.42.0.1,50173,1883,0,0,1,0,0,0,0,0,0,0,0,0,0,0.0,0,,0,0,,0,0,0,0,0,0,0,0,0.0,0,0,0,0,0,64.0,5760.0,0,0,0,58,eth:ethertype:ip:tcp,34.8,94.9,52.2,160.0,-52.0,84:F3:EB:12:34:56,,,,,0.0,Normal,0.0
1744308791939459,10.42.0.2,10.42.0.1,50173,1883,1,1,0,1,0,0,0,0,0,0,0,0,0,0.0,0,,0,0,,0,0,0,0,0,0,0,0,0.0,0,0,0,0,0,64.0,5760.0,0,0,0,54,eth:ethertype:ip:tcp,34.8,94.9,52.2,160.0,-52.0,84:F3:EB:12:34:56,,,,,0.0,Normal,0.0
1744308791941494,10.42.0.2,10.42.0.1,50173,1883,1,1,0,1,0,0,1,0,3,0,0,0,0,0.0,0,,0,0,,0,0,0,0,0,0,0,0,0.0,0,0,0,0,0,64.0,5760.0,0,0,0,57,eth:ethertype:ip:tcp,34.8,94.9,52.2,160.0,-52.0,84:F3:EB:12:34:56,,,,,0.0,Normal,0.0
1744308791946787,10.42.0.2,10.42.0.1,50173,1883,4,1,0,1,0,0,1,0,29,0,0,0,0,0.0,0,,0,0,,0,0,0,0,0,0,0,0,0.0,0,0,0,0,0,64.0,5760.0,0,0,0,83,eth:ethertype:ip:tcp,34.8,94.9,52.2,160.0,-52.0,84:F3:EB:12:34:56,,,,,0.0,Normal,0.0
1744308791950796,10.42.0.2,10.42.0.1,50173,1883,33,1,0,1,0,0,1,0,12,0,0,0,0,0.0,0,,0,1,,0,0,0,1,42,4,MQTT,4,0.0,0,0,0,0,0,64.0,5760.0,0,0,esp32_a0a3b3edac1c,66,eth:ethertype:ip:tcp:mqtt,34.8,94.9,52.2,160.0,-52.0,84:F3:EB:12:34:56,,,,,0.0,Normal,0.0
1744308791986462,10.42.0.2,10.42.0.1,50173,1883,45,5,0,1,0,0,1,0,3,0,0,0,0,0.0,0,,0,0,,0,0,0,0,0,0,0,0,0.0,0,0,0,0,0,64.0,5756.0,0,0,0,57,eth:ethertype:ip:tcp,34.8,94.9,52.2,160.0,-52.0,84:F3:EB:12:34:56,,,,,0.0,Normal,0.0
1744308791995762,10.42.0.2,10.42.0.1,50173,1883,48,5,0,1,1,0,1,0,185,0,0,0,0,0.0,0,,0,3,"Wakeup: 0, Mode: 0, Reset: 1, Temperature: 38.5, Uptime: 633051, Memory: 94.8, In_Temperature: 52.2°C, CPU: 160, RSSI: -50, MAC: 84:F3:EB:12:34:56, F_Storage: 99.2",test/temperatura,16,0,0,182,0,0,0,0.0,0,0,0,0,0,64.0,5756.0,0,0,0,239,eth:ethertype:ip:tcp:mqtt,38.5,94.8,52.2,160.0,-50.0,84:F3:EB:12:34:56,,,,,0.0,Normal,0.0
1744308791998977,10.42.0.2,10.42.0.1,50173,1883,234,6,0,1,0,0,0,0,0,0,0,0,0,0.0,0,,0,0,,0,0,0,0,0,0,0,0,0.0,0,0,0,0,0,64.0,5755.0,0,0,0,54,eth:ethertype:ip:tcp,38.5,94.8,52.2,160.0,-50.0,84:F3:EB:12:34:56,,,,,0.0,Normal,0.0
1744308822013136,10.42.0.2,10.42.0.1,50174,1883,0,0,1,0,0,0,0,0,0,0,0,0,0,0.0,0,,0,0,,0,0,0,0,0,0,0,0,0.0,0,0,0,0,0,64.0,5760.0,0,0,0,58,eth:ethertype:ip:tcp,38.5,94.8,52.2,160.0,-50.0,84:F3:EB:12:34:56,,,,,0.0,Normal,0.0
1744308822017204,10.42.0.2,10.42.0.1,50174,1883,1,1,0,1,0,0,0,0,0,0,0,0,0,0.0,0,,0,0,,0,0,0,0,0,0,0,0,0.0,0,0,0,0,0,64.0,5760.0,0,0,0,54,eth:ethertype:ip:tcp,38.5,94.8,52.2,160.0,-50.0,84:F3:EB:12:34:56,,,,,0.0,Normal,0.0
1744308822019357,10.42.0.2,10.42.0.1,50174,1883,1,1,0,1,0,0,1,0,3,0,0,0,0,0.0,0,,0,0,,0,0,0,0,0,0,0,0,0.0,0,0,0,0,0,64.0,5760.0,0,0,0,57,eth:ethertype:ip:tcp,38.5,94.8,52.2,160.0,-50.0,84:F3:EB:12:34:56,,,,,0.0,Normal,0.0
1744308822022767,10.42.0.2,10.42.0.1,50174,1883,4,1,0,1,0,0,1,0,29,0,0,0,0,0.0,0,,0,0,,0,0,0,0,0,0,0,0,0.0,0,0,0,0,0,64.0,5760.0,0,0,0,83,eth:ethertype:ip:tcp,38.5,94.8,52.2,160.0,-50.0,84:F3:EB:12:34:56,,,,,0.0,Normal,0.0
1744308822025880,10.42.0.2,10.42.0.1,50174,1883,33,1,0,1,0,0,1,0,12,0,0,0,0,0.0,0,,0,1,,0,0,0,1,42,4,MQTT,4,0.0,0,0,0,0,0,64.0,5760.0,0,0,esp32_a0a3b3edac1c,66,eth:ethertype:ip:tcp:mqtt,38.5,94.8,52.2,160.0,-50.0,84:F3:EB:12:34:56,,,,,0.0,Normal,0.0
1744308822062426,10.42.0.2,10.42.0.1,50174,1883,45,5,0,1,0,0,1,0,3,0,0,0,0,0.0,0,,0,0,,0,0,0,0,0,0,0,0,0.0,0,0,0,0,0,64.0,5756.0,0,0,0,57,eth:ethertype:ip:tcp,38.5,94.8,52.2,160.0,-50.0,84:F3:EB:12:34:56,,,,,0.0,Normal,0.0
1744308822075027,10.42.0.2,10.42.0.1,50174,1883,48,5,0,1,1,0,1,0,185,0,0,0,0,0.0,0,,0,3,"Wakeup: 0, Mode: 0, Reset: 1, Temperature: 27.1, Uptime: 633081, Memory: 94.9, In_Temperature: 52.2°C, CPU: 160, RSSI: -50, MAC: 84:F3:EB:12:34:56, F_Storage: 99.2",test/temperatura,16,0,0,182,0,0,0,0.0,0,0,0,0,0,64.0,5756.0,0,0,0,239,eth:ethertype:ip:tcp:mqtt,27.1,94.9,52.2,160.0,-50.0,84:F3:EB:12:34:56,,,,,0.0,Normal,0.0
1744308822078886,10.42.0.2,10.42.0.1,50174,1883,234,6,0,1,0,0,0,0,0,0,0,0,0,0.0,0,,0,0,,0,0,0,0,0,0,0,0,0.0,0,0,0,0,0,64.0,5755.0,0,0,0,54,eth:ethertype:ip:tcp,27.1,94.9,52.2,160.0,-50.0,84:F3:EB:12:34:56,,,,,0.0,Normal,0.0
1744308852084013,10.42.0.2,10.42.0.1,50175,1883,0,0,1,0,0,0,0,0,0,0,0,0,0,0.0,0,,0,0,,0,0,0,0,0,0,0,0,0.0,0,0,0,0,0,64.0,5760.0,0,0,0,58,eth:ethertype:ip:tcp,27.1,94.9,52.2,160.0,-50.0,84:F3:EB:12:34:56,,,,,0.0,Normal,0.0
1744308852087934,10.42.0.2,10.42.0.1,50175,1883,1,1,0,1,0,0,0,0,0,0,0,0,0,0.0,0,,0,0,,0,0,0,0,0,0,0,0,0.0,0,0,0,0,0,64.0,5760.0,0,0,0,54,eth:ethertype:ip:tcp,27.1,94.9,52.2,160.0,-50.0,84:F3:EB:12:34:56,,,,,0.0,Normal,0.0
1744308852092308,10.42.0.2,10.42.0.1,50175,1883,1,1,0,1,0,0,1,0,3,0,0,0,0,0.0,0,,0,0,,0,0,0,0,0,0,0,0,0.0,0,0,0,0,0,64.0,5760.0,0,0,0,57,eth:ethertype:ip:tcp,27.1,94.9,52.2,160.0,-50.0,84:F3:EB:12:34:56,,,,,0.0,Normal,0.0
1744308852095192,10.42.0.2,10.42.0.1,50175,1883,4,1,0,1,0,0,1,0,41,0,0,0,0,0.0,0,,0,1,,0,0,0,1,42,4,MQTT,4,0.0,0,0,0,0,0,64.0,5760.0,0,0,esp32_a0a3b3edac1c,95,eth:ethertype:ip:tcp:mqtt,27.1,94.9,52.2,160.0,-50.0,84:F3:EB:12:34:56,,,,,0.0,Normal,0.0
1744308852130503,10.42.0.2,10.42.0.1,50175,1883,45,5,0,1,0,0,1,0,3,0,0,0,0,0.0,0,,0,0,,0,0,0,0,0,0,0,0,0.0,0,0,0,0,0,64.0,5756.0,0,0,0,57,eth:ethertype:ip:tcp,27.1,94.9,52.2,160.0,-50.0,84:F3:EB:12:34:56,,,,,0.0,Normal,0.0
1744308852144312,10.42.0.2,10.42.0.1,50175,1883,48,5,0,1,1,0,1,0,185,0,0,0,0,0.0,0,,0,3,"Wakeup: 0, Mode: 0, Reset: 1, Temperature: 34.1, Uptime: 633111, Memory: 94.9, In_Temperature: 52.2°C, CPU: 160, RSSI: -51, MAC: 84:F3:EB:12:34:56, F_Storage: 99.2",test/temperatura,16,0,0,182,0,0,0,0.0,0,0,0,0,0,64.0,5756.0,0,0,0,239,eth:ethertype:ip:tcp:mqtt,34.1,94.9,52.2,160.0,-51.0,84:F3:EB:12:34:56,,,,,0.0,Normal,0.0
1744308852147684,10.42.0.2,10.42.0.1,50175,1883,234,6,0,1,0,0,0,0,0,0,0,0,0,0.0,0,,0,0,,0,0,0,0,0,0,0,0,0.0,0,0,0,0,0,64.0,5755.0,0,0,0,54,eth:ethertype:ip:tcp,34.1,94.9,52.2,160.0,-51.0,84:F3:EB:12:34:56,,,,,0.0,Normal,0.0
1744308882152584,10.42.0.2,10.42.0.1,50176,1883,0,0,1,0,0,0,0,0,0,0,0,0,0,0.0,0,,0,0,,0,0,0,0,0,0,0,0,0.0,0,0,0,0,0,64.0,5760.0,0,0,0,58,eth:ethertype:ip:tcp,34.1,94.9,52.2,160.0,-51.0,84:F3:EB:12:34:56,,,,,0.0,Normal,0.0
1744308882156290,10.42.0.2,10.42.0.1,50176,1883,1,1,0,1,0,0,0,0,0,0,0,0,0,0.0,0,,0,0,,0,0,0,0,0,0,0,0,0.0,0,0,0,0,0,64.0,5760.0,0,0,0,54,eth:ethertype:ip:tcp,34.1,94.9,52.2,160.0,-51.0,84:F3:EB:12:34:56,,,,,0.0,Normal,0.0
1744308882158482,10.42.0.2,10.42.0.1,50176,1883,1,1,0,1,0,0,1,0,3,0,0,0,0,0.0,0,,0,0,,0,0,0,0,0,0,0,0,0.0,0,0,0,0,0,64.0,5760.0,0,0,0,57,eth:ethertype:ip:tcp,34.1,94.9,52.2,160.0,-51.0,84:F3:EB:12:34:56,,,,,0.0,Normal,0.0
1744308882165333,10.42.0.2,10.42.0.1,50176,1883,4,1,0,1,0,0,1,0,41,0,0,0,0,0.0,0,,0,1,,0,0,0,1,42,4,MQTT,4,0.0,0,0,0,0,0,64.0,5760.0,0,0,esp32_a0a3b3edac1c,95,eth:ethertype:ip:tcp:mqtt,34.1,94.9,52.2,160.0,-51.0,84:F3:EB:12:34:56,,,,,0.0,Normal,0.0
1744308882200671,10.42.0.2,10.42.0.1,50176,1883,45,5,0,1,0,0,1,0,3,0,0,0,0,0.0,0,,0,0,,0,0,0,0,0,0,0,0,0.0,0,0,0,0,0,64.0,5756.0,0,0,0,57,eth:ethertype:ip:tcp,34.1,94.9,52.2,160.0,-51.0,84:F3:EB:12:34:56,,,,,0.0,Normal,0.0
1744308882213768,10.42.0.2,10.42.0.1,50176,1883,48,5,0,1,1,0,1,0,185,0,0,0,0,0.0,0,,0,3,"Wakeup: 0, Mode: 0, Reset: 1, Temperature: 31.7, Uptime: 633141, Memory: 94.9, In_Temperature: 52.2°C, CPU: 160, RSSI: -51, MAC: 84:F3:EB:12:34:56, F_Storage: 99.2",test/temperatura,16,0,0,182,0,0,0,0.0,0,0,0,0,0,64.0,5756.0,0,0,0,239,eth:ethertype:ip:tcp:mqtt,31.7,94.9,52.2,160.0,-51.0,84:F3:EB:12:34:56,,,,,0.0,Normal,0.0
1744308882217140,10.42.0.2,10.42.0.1,50176,1883,234,6,0,1,0,0,0,0,0,0,0,0,0,0.0,0,,0,0,,0,0,0,0,0,0,0,0,0.0,0,0,0,0,0,64.0,5755.0,0,0,0,54,eth:ethertype:ip:tcp,31.7,94.9,52.2,160.0,-51.0,84:F3:EB:12:34:56,,,,,0.0,Normal,0.0
1744308912222754,10.42.0.2,10.42.0.1,50177,1883,0,0,1,0,0,0,0,0,0,0,0,0,0,0.0,0,,0,0,,0,0,0,0,0,0,0,0,0.0,0,0,0,0,0,64.0,5760.0,0,0,0,58,eth:ethertype:ip:tcp,31.7,94.9,52.2,160.0,-51.0,84:F3:EB:12:34:56,,,,,0.0,Normal,0.0
1744308912227153,10.42.0.2,10.42.0.1,50177,1883,1,1,0,1,0,0,0,0,0,0,0,0,0,0.0,0,,0,0,,0,0,0,0,0,0,0,0,0.0,0,0,0,0,0,64.0,5760.0,0,0,0,54,eth:ethertype:ip:tcp,31.7,94.9,52.2,160.0,-51.0,84:F3:EB:12:34:56,,,,,0.0,Normal,0.0
1744308912229092,10.42.0.2,10.42.0.1,50177,1883,1,1,0,1,0,0,1,0,3,0,0,0,0,0.0,0,,0,0,,0,0,0,0,0,0,0,0,0.0,0,0,0,0,0,64.0,5760.0,0,0,0,57,eth:ethertype:ip:tcp,31.7,94.9,52.2,160.0,-51.0,84:F3:EB:12:34:56,,,,,0.0,Normal,0.0
1744308912232604,10.42.0.2,10.42.0.1,50177,1883,4,1,0,1,0,0,1,0,29,0,0,0,0,0.0,0,,0,0,,0,0,0,0,0,0,0,0,0.0,0,0,0,0,0,64.0,5760.0,0,0,0,83,eth:ethertype:ip:tcp,31.7,94.9,52.2,160.0,-51.0,84:F3:EB:12:34:56,,,,,0.0,Normal,0.0
1744308912235697,10.42.0.2,10.42.0.1,50177,1883,33,1,0,1,0,0,1,0,12,0,0,0,0,0.0,0,,0,1,,0,0,0,1,42,4,MQTT,4,0.0,0,0,0,0,0,64.0,5760.0,0,0,esp32_a0a3b3edac1c,66,eth:ethertype:ip:tcp:mqtt,31.7,94.9,52.2,160.0,-51.0,84:F3:EB:12:34:56,,,,,0.0,Normal,0.0
1744308912253430,10.42.0.2,10.42.0.1,50177,1883,45,5,0,1,0,0,0,0,0,0,0,0,0,0.0,0,,0,0,,0,0,0,0,0,0,0,0,0.0,0,0,0,0,0,64.0,5756.0,0,0,0,54,eth:ethertype:ip:tcp,31.7,94.9,52.2,160.0,-51.0,84:F3:EB:12:34:56,,,,,0.0,Normal,0.0
1744308912273798,10.42.0.2,10.42.0.1,50177,1883,45,5,0,1,0,0,1,0,3,0,0,0,0,0.0,0,,0,0,,0,0,0,0,0,0,0,0,0.0,0,0,0,0,0,64.0,5756.0,0,0,0,57,eth:ethertype:ip:tcp,31.7,94.9,52.2,160.0,-51.0,84:F3:EB:12:34:56,,,,,0.0,Normal,0.0
1744308912283074,10.42.0.2,10.42.0.1,50177,1883,48,5,0,1,1,0,1,0,185,0,0,0,0,0.0,0,,0,3,"Wakeup: 0, Mode: 0, Reset: 1, Temperature: 29.9, Uptime: 633171, Memory: 94.9, In_Temperature: 52.2°C, CPU: 160, RSSI: -51, MAC: 84:F3:EB:12:34:56, F_Storage: 99.2",test/temperatura,16,0,0,182,0,0,0,0.0,0,0,0,0,0,64.0,5756.0,0,0,0,239,eth:ethertype:ip:tcp:mqtt,29.9,94.9,52.2,160.0,-51.0,84:F3:EB:12:34:56,,,,,0.0,Normal,0.0
1744308912286502,10.42.0.2,10.42.0.1,50177,1883,234,6,0,1,0,0,0,0,0,0,0,0,0,0.0,0,,0,0,,0,0,0,0,0,0,0,0,0.0,0,0,0,0,0,64.0,5755.0,0,0,0,54,eth:ethertype:ip:tcp,29.9,94.9,52.2,160.0,-51.0,84:F3:EB:12:34:56,,,,,0.0,Normal,0.0
1744308942300379,10.42.0.2,10.42.0.1,50178,1883,0,0,1,0,0,0,0,0,0,0,0,0,0,0.0,0,,0,0,,0,0,0,0,0,0,0,0,0.0,0,0,0,0,0,64.0,5760.0,0,0,0,58,eth:ethertype:ip:tcp,29.9,94.9,52.2,160.0,-51.0,84:F3:EB:12:34:56,,,,,0.0,Normal,0.0
1744308942304479,10.42.0.2,10.42.0.1,50178,1883,1,1,0,1,0,0,0,0,0,0,0,0,0,0.0,0,,0,0,,0,0,0,0,0,0,0,0,0.0,0,0,0,0,0,64.0,5760.0,0,0,0,54,eth:ethertype:ip:tcp,29.9,94.9,52.2,160.0,-51.0,84:F3:EB:12:34:56,,,,,0.0,Normal,0.0
1744308942307488,10.42.0.2,10.42.0.1,50178,1883,1,1,0,1,0,0,1,0,3,0,0,0,0,0.0,0,,0,0,,0,0,0,0,0,0,0,0,0.0,0,0,0,0,0,64.0,5760.0,0,0,0,57,eth:ethertype:ip:tcp,29.9,94.9,52.2,160.0,-51.0,84:F3:EB:12:34:56,,,,,0.0,Normal,0.0
1744308942310892,10.42.0.2,10.42.0.1,50178,1883,4,1,0,1,0,0,1,0,37,0,0,0,0,0.0,0,,0,0,,0,0,0,0,0,0,0,0,0.0,0,0,0,0,0,64.0,5760.0,0,0,0,91,eth:ethertype:ip:tcp,29.9,94.9,52.2,160.0,-51.0,84:F3:EB:12:34:56,,,,,0.0,Normal,0.0
1744308942313590,10.42.0.2,10.42.0.1,50178,1883,41,1,0,1,0,0,1,0,4,0,0,0,0,0.0,0,,0,1,,0,0,0,1,42,4,MQTT,4,0.0,0,0,0,0,0,64.0,5760.0,0,0,esp32_a0a3b3edac1c,58,eth:ethertype:ip:tcp:mqtt,29.9,94.9,52.2,160.0,-51.0,84:F3:EB:12:34:56,,,,,0.0,Normal,0.0
1744308942349125,10.42.0.2,10.42.0.1,50178,1883,45,5,0,1,0,0,1,0,3,0,0,0,0,0.0,0,,0,0,,0,0,0,0,0,0,0,0,0.0,0,0,0,0,0,64.0,5756.0,0,0,0,57,eth:ethertype:ip:tcp,29.9,94.9,52.2,160.0,-51.0,84:F3:EB:12:34:56,,,,,0.0,Normal,0.0
1744308942362547,10.42.0.2,10.42.0.1,50178,1883,48,5,0,1,1,0,1,0,185,0,0,0,0,0.0,0,,0,3,"Wakeup: 0, Mode: 0, Reset: 1, Temperature: 28.4, Uptime: 633201, Memory: 94.9, In_Temperature: 52.2°C, CPU: 160, RSSI: -50, MAC: 84:F3:EB:12:34:56, F_Storage: 99.2",test/temperatura,16,0,0,182,0,0,0,0.0,0,0,0,0,0,64.0,5756.0,0,0,0,239,eth:ethertype:ip:tcp:mqtt,28.4,94.9,52.2,160.0,-50.0,84:F3:EB:12:34:56,,,,,0.0,Normal,0.0
1744308942365940,10.42.0.2,10.42.0.1,50178,1883,234,6,0,1,0,0,0,0,0,0,0,0,0,0.0,0,,0,0,,0,0,0,0,0,0,0,0,0.0,0,0,0,0,0,64.0,5755.0,0,0,0,54,eth:ethertype:ip:tcp,28.4,94.9,52.2,160.0,-50.0,84:F3:EB:12:34:56,,,,,0.0,Normal,0.0
1744308972371508,10.42.0.2,10.42.0.1,50179,1883,0,0,1,0,0,0,0,0,0,0,0,0,0,0.0,0,,0,0,,0,0,0,0,0,0,0,0,0.0,0,0,0,0,0,64.0,5760.0,0,0,0,58,eth:ethertype:ip:tcp,28.4,94.9,52.2,160.0,-50.0,84:F3:EB:12:34:56,,,,,0.0,Normal,0.0
1744308972375833,10.42.0.2,10.42.0.1,50179,1883,1,1,0,1,0,0,0,0,0,0,0,0,0,0.0,0,,0,0,,0,0,0,0,0,0,0,0,0.0,0,0,0,0,0,64.0,5760.0,0,0,0,54,eth:ethertype:ip:tcp,28.4,94.9,52.2,160.0,-50.0,84:F3:EB:12:34:56,,,,,0.0,Normal,0.0
1744308972379946,10.42.0.2,10.42.0.1,50179,1883,1,1,0,1,0,0,1,0,3,0,0,0,0,0.0,0,,0,0,,0,0,0,0,0,0,0,0,0.0,0,0,0,0,0,64.0,5760.0,0,0,0,57,eth:ethertype:ip:tcp,28.4,94.9,52.2,160.0,-50.0,84:F3:EB:12:34:56,,,,,0.0,Normal,0.0
1744308972383913,10.42.0.2,10.42.0.1,50179,1883,4,1,0,1,0,0,1,0,41,0,0,0,0,0.0,0,,0,1,,0,0,0,1,42,4,MQTT,4,0.0,0,0,0,0,0,64.0,5760.0,0,0,esp32_a0a3b3edac1c,95,eth:ethertype:ip:tcp:mqtt,28.4,94.9,52.2,160.0,-50.0,84:F3:EB:12:34:56,,,,,0.0,Normal,0.0
1744308972419231,10.42.0.2,10.42.0.1,50179,1883,45,5,0,1,0,0,1,0,3,0,0,0,0,0.0,0,,0,0,,0,0,0,0,0,0,0,0,0.0,0,0,0,0,0,64.0,5756.0,0,0,0,57,eth:ethertype:ip:tcp,28.4,94.9,52.2,160.0,-50.0,84:F3:EB:12:34:56,,,,,0.0,Normal,0.0
1744308972431787,10.42.0.2,10.42.0.1,50179,1883,48,5,0,1,1,0,1,0,185,0,0,0,0,0.0,0,,0,3,"Wakeup: 0, Mode: 0, Reset: 1, Temperature: 38.6, Uptime: 633231, Memory: 94.9, In_Temperature: 52.2°C, CPU: 160, RSSI: -50, MAC: 84:F3:EB:12:34:56, F_Storage: 99.2",test/temperatura,16,0,0,182,0,0,0,0.0,0,0,0,0,0,64.0,5756.0,0,0,0,239,eth:ethertype:ip:tcp:mqtt,38.6,94.9,52.2,160.0,-50.0,84:F3:EB:12:34:56,,,,,0.0,Normal,0.0
1744308972435153,10.42.0.2,10.42.0.1,50179,1883,234,6,0,1,0,0,0,0,0,0,0,0,0,0.0,0,,0,0,,0,0,0,0,0,0,0,0,0.0,0,0,0,0,0,64.0,5755.0,0,0,0,54,eth:ethertype:ip:tcp,38.6,94.9,52.2,160.0,-50.0,84:F3:EB:12:34:56,,,,,0.0,Normal,0.0
1744309002440717,10.42.0.2,10.42.0.1,50180,1883,0,0,1,0,0,0,0,0,0,0,0,0,0,0.0,0,,0,0,,0,0,0,0,0,0,0,0,0.0,0,0,0,0,0,64.0,5760.0,0,0,0,58,eth:ethertype:ip:tcp,38.6,94.9,52.2,160.0,-50.0,84:F3:EB:12:34:56,,,,,0.0,Normal,0.0
1744309002444659,10.42.0.2,10.42.0.1,50180,1883,1,1,0,1,0,0,0,0,0,0,0,0,0,0.0,0,,0,0,,0,0,0,0,0,0,0,0,0.0,0,0,0,0,0,64.0,5760.0,0,0,0,54,eth:ethertype:ip:tcp,38.6,94.9,52.2,160.0,-50.0,84:F3:EB:12:34:56,,,,,0.0,Normal,0.0
1744309002446772,10.42.0.2,10.42.0.1,50180,1883,1,1,0,1,0,0,1,0,3,0,0,0,0,0.0,0,,0,0,,0,0,0,0,0,0,0,0,0.0,0,0,0,0,0,64.0,5760.0,0,0,0,57,eth:ethertype:ip:tcp,38.6,94.9,52.2,160.0,-50.0,84:F3:EB:12:34:56,,,,,0.0,Normal,0.0
1744309002450191,10.42.0.2,10.42.0.1,50180,1883,4,1,0,1,0,0,1,0,29,0,0,0,0,0.0,0,,0,0,,0,0,0,0,0,0,0,0,0.0,0,0,0,0,0,64.0,5760.0,0,0,0,83,eth:ethertype:ip:tcp,38.6,94.9,52.2,160.0,-50.0,84:F3:EB:12:34:56,,,,,0.0,Normal,0.0
1744309002453316,10.42.0.2,10.42.0.1,50180,1883,33,1,0,1,0,0,1,0,12,0,0,0,0,0.0,0,,0,1,,0,0,0,1,42,4,MQTT,4,0.0,0,0,0,0,0,64.0,5760.0,0,0,esp32_a0a3b3edac1c,66,eth:ethertype:ip:tcp:mqtt,38.6,94.9,52.2,160.0,-50.0,84:F3:EB:12:34:56,,,,,0.0,Normal,0.0
1744309002489914,10.42.0.2,10.42.0.1,50180,1883,45,5,0,1,0,0,1,0,3,0,0,0,0,0.0,0,,0,0,,0,0,0,0,0,0,0,0,0.0,0,0,0,0,0,64.0,5756.0,0,0,0,57,eth:ethertype:ip:tcp,38.6,94.9,52.2,160.0,-50.0,84:F3:EB:12:34:56,,,,,0.0,Normal,0.0
1744309002501217,10.42.0.2,10.42.0.1,50180,1883,48,5,0,1,1,0,1,0,185,0,0,0,0,0.0,0,,0,3,"Wakeup: 0, Mode: 0, Reset: 1, Temperature: 32.9, Uptime: 633261, Memory: 94.9, In_Temperature: 52.2°C, CPU: 160, RSSI: -51, MAC: 84:F3:EB:12:34:56, F_Storage: 99.2",test/temperatura,16,0,0,182,0,0,0,0.0,0,0,0,0,0,64.0,5756.0,0,0,0,239,eth:ethertype:ip:tcp:mqtt,32.9,94.9,52.2,160.0,-51.0,84:F3:EB:12:34:56,,,,,0.0,Normal,0.0
1744309002504891,10.42.0.2,10.42.0.1,50180,1883,234,6,0,1,0,0,0,0,0,0,0,0,0,0.0,0,,0,0,,0,0,0,0,0,0,0,0,0.0,0,0,0,0,0,64.0,5755.0,0,0,0,54,eth:ethertype:ip:tcp,32.9,94.9,52.2,160.0,-51.0,84:F3:EB:12:34:56,,,,,0.0,Normal,0.0
1744309032510287,10.42.0.2,10.42.0.1,50181,1883,0,0,1,0,0,0,0,0,0,0,0,0,0,0.0,0,,0,0,,0,0,0,0,0,0,0,0,0.0,0,0,0,0,0,64.0,5760.0,0,0,0,58,eth:ethertype:ip:tcp,32.9,94.9,52.2,160.0,-51.0,84:F3:EB:12:34:56,,,,,0.0,Normal,0.0
1744309032516472,10.42.0.2,10.42.0.1,50181,1883,1,1,0,1,0,0,0,0,0,0,0,0,0,0.0,0,,0,0,,0,0,0,0,0,0,0,0,0.0,0,0,0,0,0,64.0,5760.0,0,0,0,54,eth:ethertype:ip:tcp,32.9,94.9,52.2,160.0,-51.0,84:F3:EB:12:34:56,,,,,0.0,Normal,0.0
1744309032517231,10.42.0.2,10.42.0.1,50181,1883,1,1,0,1,0,0,1,0,3,0,0,0,0,0.0,0,,0,0,,0,0,0,0,0,0,0,0,0.0,0,0,0,0,0,64.0,5760.0,0,0,0,57,eth:ethertype:ip:tcp,32.9,94.9,52.2,160.0,-51.0,84:F3:EB:12:34:56,,,,,0.0,Normal,0.0
1744309032522815,10.42.0.2,10.42.0.1,50181,1883,4,1,0,1,0,0,1,0,35,0,0,0,0,0.0,0,,0,0,,0,0,0,0,0,0,0,0,0.0,0,0,0,0,0,64.0,5760.0,0,0,0,89,eth:ethertype:ip:tcp,32.9,94.9,52.2,160.0,-51.0,84:F3:EB:12:34:56,,,,,0.0,Normal,0.0
1744309032525478,10.42.0.2,10.42.0.1,50181,1883,39,1,0,1,0,0,1,0,6,0,0,0,0,0.0,0,,0,1,,0,0,0,1,42,4,MQTT,4,0.0,0,0,0,0,0,64.0,5760.0,0,0,esp32_a0a3b3edac1c,60,eth:ethertype:ip:tcp:mqtt,32.9,94.9,52.2,160.0,-51.0,84:F3:EB:12:34:56,,,,,0.0,Normal,0.0
1744309032560606,10.42.0.2,10.42.0.1,50181,1883,45,5,0,1,0,0,1,0,3,0,0,0,0,0.0,0,,0,0,,0,0,0,0,0,0,0,0,0.0,0,0,0,0,0,64.0,5756.0,0,0,0,57,eth:ethertype:ip:tcp,32.9,94.9,52.2,160.0,-51.0,84:F3:EB:12:34:56,,,,,0.0,Normal,0.0
1744309032570406,10.42.0.2,10.42.0.1,50181,1883,48,5,0,1,1,0,1,0,185,0,0,0,0,0.0,0,,0,3,"Wakeup: 0, Mode: 0, Reset: 1, Temperature: 36.9, Uptime: 633292, Memory: 94.9, In_Temperature: 52.2°C, CPU: 160, RSSI: -51, MAC: 84:F3:EB:12:34:56, F_Storage: 99.2",test/temperatura,16,0,0,182,0,0,0,0.0,0,0,0,0,0,64.0,5756.0,0,0,0,239,eth:ethertype:ip:tcp:mqtt,36.9,94.9,52.2,160.0,-51.0,84:F3:EB:12:34:56,,,,,0.0,Normal,0.0
1744309032573796,10.42.0.2,10.42.0.1,50181,1883,234,6,0,1,0,0,0,0,0,0,0,0,0,0.0,0,,0,0,,0,0,0,0,0,0,0,0,0.0,0,0,0,0,0,64.0,5755.0,0,0,0,54,eth:ethertype:ip:tcp,36.9,94.9,52.2,160.0,-51.0,84:F3:EB:12:34:56,,,,,0.0,Normal,0.0
1744309062578893,10.42.0.2,10.42.0.1,50182,1883,0,0,1,0,0,0,0,0,0,0,0,0,0,0.0,0,,0,0,,0,0,0,0,0,0,0,0,0.0,0,0,0,0,0,64.0,5760.0,0,0,0,58,eth:ethertype:ip:tcp,36.9,94.9,52.2,160.0,-51.0,84:F3:EB:12:34:56,,,,,0.0,Normal,0.0
1744309062583316,10.42.0.2,10.42.0.1,50182,1883,1,1,0,1,0,0,0,0,0,0,0,0,0,0.0,0,,0,0,,0,0,0,0,0,0,0,0,0.0,0,0,0,0,0,64.0,5760.0,0,0,0,54,eth:ethertype:ip:tcp,36.9,94.9,52.2,160.0,-51.0,84:F3:EB:12:34:56,,,,,0.0,Normal,0.0
1744309062585643,10.42.0.2,10.42.0.1,50182,1883,1,1,0,1,0,0,1,0,3,0,0,0,0,0.0,0,,0,0,,0,0,0,0,0,0,0,0,0.0,0,0,0,0,0,64.0,5760.0,0,0,0,57,eth:ethertype:ip:tcp,36.9,94.9,52.2,160.0,-51.0,84:F3:EB:12:34:56,,,,,0.0,Normal,0.0
1744309062590370,10.42.0.2,10.42.0.1,50182,1883,4,1,0,1,0,0,1,0,29,0,0,0,0,0.0,0,,0,0,,0,0,0,0,0,0,0,0,0.0,0,0,0,0,0,64.0,5760.0,0,0,0,83,eth:ethertype:ip:tcp,36.9,94.9,52.2,160.0,-51.0,84:F3:EB:12:34:56,,,,,0.0,Normal,0.0
1744309062594527,10.42.0.2,10.42.0.1,50182,1883,33,1,0,1,0,0,1,0,12,0,0,0,0,0.0,0,,0,1,,0,0,0,1,42,4,MQTT,4,0.0,0,0,0,0,0,64.0,5760.0,0,0,esp32_a0a3b3edac1c,66,eth:ethertype:ip:tcp:mqtt,36.9,94.9,52.2,160.0,-51.0,84:F3:EB:12:34:56,,,,,0.0,Normal,0.0
1744309062630152,10.42.0.2,10.42.0.1,50182,1883,45,5,0,1,0,0,1,0,3,0,0,0,0,0.0,0,,0,0,,0,0,0,0,0,0,0,0,0.0,0,0,0,0,0,64.0,5756.0,0,0,0,57,eth:ethertype:ip:tcp,36.9,94.9,52.2,160.0,-51.0,84:F3:EB:12:34:56,,,,,0.0,Normal,0.0
1744309062639821,10.42.0.2,10.42.0.1,50182,1883,48,5,0,1,1,0,1,0,185,0,0,0,0,0.0,0,,0,3,"Wakeup: 0, Mode: 0, Reset: 1, Temperature: 32.8, Uptime: 633322, Memory: 94.9, In_Temperature: 52.2°C, CPU: 160, RSSI: -50, MAC: 84:F3:EB:12:34:56, F_Storage: 99.2",test/temperatura,16,0,0,182,0,0,0,0.0,0,0,0,0,0,64.0,5756.0,0,0,0,239,eth:ethertype:ip:tcp:mqtt,32.8,94.9,52.2,160.0,-50.0,84:F3:EB:12:34:56,,,,,0.0,Normal,0.0
1744309062643180,10.42.0.2,10.42.0.1,50182,1883,234,6,0,1,0,0,0,0,0,0,0,0,0,0.0,0,,0,0,,0,0,0,0,0,0,0,0,0.0,0,0,0,0,0,64.0,5755.0,0,0,0,54,eth:ethertype:ip:tcp,32.8,94.9,52.2,160.0,-50.0,84:F3:EB:12:34:56,,,,,0.0,Normal,0.0
1744309092656774,10.42.0.2,10.42.0.1,50183,1883,0,0,1,0,0,0,0,0,0,0,0,0,0,0.0,0,,0,0,,0,0,0,0,0,0,0,0,0.0,0,0,0,0,0,64.0,5760.0,0,0,0,58,eth:ethertype:ip:tcp,32.8,94.9,52.2,160.0,-50.0,84:F3:EB:12:34:56,,,,,0.0,Normal,0.0
1744309092660551,10.42.0.2,10.42.0.1,50183,1883,1,1,0,1,0,0,0,0,0,0,0,0,0,0.0,0,,0,0,,0,0,0,0,0,0,0,0,0.0,0,0,0,0,0,64.0,5760.0,0,0,0,54,eth:ethertype:ip:tcp,32.8,94.9,52.2,160.0,-50.0,84:F3:EB:12:34:56,,,,,0.0,Normal,0.0
1744309092662745,10.42.0.2,10.42.0.1,50183,1883,1,1,0,1,0,0,1,0,3,0,0,0,0,0.0,0,,0,0,,0,0,0,0,0,0,0,0,0.0,0,0,0,0,0,64.0,5760.0,0,0,0,57,eth:ethertype:ip:tcp,32.8,94.9,52.2,160.0,-50.0,84:F3:EB:12:34:56,,,,,0.0,Normal,0.0
1744309092666143,10.42.0.2,10.42.0.1,50183,1883,4,1,0,1,0,0,1,0,29,0,0,0,0,0.0,0,,0,0,,0,0,0,0,0,0,0,0,0.0,0,0,0,0,0,64.0,5760.0,0,0,0,83,eth:ethertype:ip:tcp,32.8,94.9,52.2,160.0,-50.0,84:F3:EB:12:34:56,,,,,0.0,Normal,0.0
1744309092669209,10.42.0.2,10.42.0.1,50183,1883,33,1,0,1,0,0,1,0,12,0,0,0,0,0.0,0,,0,1,,0,0,0,1,42,4,MQTT,4,0.0,0,0,0,0,0,64.0,5760.0,0,0,esp32_a0a3b3edac1c,66,eth:ethertype:ip:tcp:mqtt,32.8,94.9,52.2,160.0,-50.0,84:F3:EB:12:34:56,,,,,0.0,Normal,0.0
1744309092705989,10.42.0.2,10.42.0.1,50183,1883,45,5,0,1,0,0,1,0,3,0,0,0,0,0.0,0,,0,0,,0,0,0,0,0,0,0,0,0.0,0,0,0,0,0,64.0,5756.0,0,0,0,57,eth:ethertype:ip:tcp,32.8,94.9,52.2,160.0,-50.0,84:F3:EB:12:34:56,,,,,0.0,Normal,0.0
1744309092719072,10.42.0.2,10.42.0.1,50183,1883,48,5,0,1,1,0,1,0,185,0,0,0,0,0.0,0,,0,3,"Wakeup: 0, Mode: 0, Reset: 1, Temperature: 32.4, Uptime: 633352, Memory: 94.9, In_Temperature: 52.2°C, CPU: 160, RSSI: -50, MAC: 84:F3:EB:12:34:56, F_Storage: 99.2",test/temperatura,16,0,0,182,0,0,0,0.0,0,0,0,0,0,64.0,5756.0,0,0,0,239,eth:ethertype:ip:tcp:mqtt,32.4,94.9,52.2,160.0,-50.0,84:F3:EB:12:34:56,,,,,0.0,Normal,0.0
1744309092722728,10.42.0.2,10.42.0.1,50183,1883,234,6,0,1,0,0,0,0,0,0,0,0,0,0.0,0,,0,0,,0,0,0,0,0,0,0,0,0.0,0,0,0,0,0,64.0,5755.0,0,0,0,54,eth:ethertype:ip:tcp,32.4,94.9,52.2,160.0,-50.0,84:F3:EB:12:34:56,,,,,0.0,Normal,0.0
1744309122728100,10.42.0.2,10.42.0.1,50184,1883,0,0,1,0,0,0,0,0,0,0,0,0,0,0.0,0,,0,0,,0,0,0,0,0,0,0,0,0.0,0,0,0,0,0,64.0,5760.0,0,0,0,58,eth:ethertype:ip:tcp,32.4,94.9,52.2,160.0,-50.0,84:F3:EB:12:34:56,,,,,0.0,Normal,0.0
1744309122732042,10.42.0.2,10.42.0.1,50184,1883,1,1,0,1,0,0,0,0,0,0,0,0,0,0.0,0,,0,0,,0,0,0,0,0,0,0,0,0.0,0,0,0,0,0,64.0,5760.0,0,0,0,54,eth:ethertype:ip:tcp,32.4,94.9,52.2,160.0,-50.0,84:F3:EB:12:34:56,,,,,0.0,Normal,0.0
1744309122734141,10.42.0.2,10.42.0.1,50184,1883,1,1,0,1,0,0,1,0,3,0,0,0,0,0.0,0,,0,0,,0,0,0,0,0,0,0,0,0.0,0,0,0,0,0,64.0,5760.0,0,0,0,57,eth:ethertype:ip:tcp,32.4,94.9,52.2,160.0,-50.0,84:F3:EB:12:34:56,,,,,0.0,Normal,0.0
1744309122738036,10.42.0.2,10.42.0.1,50184,1883,4,1,0,1,0,0,1,0,29,0,0,0,0,0.0,0,,0,0,,0,0,0,0,0,0,0,0,0.0,0,0,0,0,0,64.0,5760.0,0,0,0,83,eth:ethertype:ip:tcp,32.4,94.9,52.2,160.0,-50.0,84:F3:EB:12:34:56,,,,,0.0,Normal,0.0
1744309122741131,10.42.0.2,10.42.0.1,50184,1883,33,1,0,1,0,0,1,0,12,0,0,0,0,0.0,0,,0,1,,0,0,0,1,42,4,MQTT,4,0.0,0,0,0,0,0,64.0,5760.0,0,0,esp32_a0a3b3edac1c,66,eth:ethertype:ip:tcp:mqtt,32.4,94.9,52.2,160.0,-50.0,84:F3:EB:12:34:56,,,,,0.0,Normal,0.0
1744309122748172,10.42.0.2,10.42.0.1,50184,1883,45,5,0,1,0,0,0,0,0,0,0,0,0,0.0,0,,0,0,,0,0,0,0,0,0,0,0,0.0,0,0,0,0,0,64.0,5756.0,0,0,0,54,eth:ethertype:ip:tcp,32.4,94.9,52.2,160.0,-50.0,84:F3:EB:12:34:56,,,,,0.0,Normal,0.0
1744309122776600,10.42.0.2,10.42.0.1,50184,1883,45,5,0,1,0,0,1,0,3,0,0,0,0,0.0,0,,0,0,,0,0,0,0,0,0,0,0,0.0,0,0,0,0,0,64.0,5756.0,0,0,0,57,eth:ethertype:ip:tcp,32.4,94.9,52.2,160.0,-50.0,84:F3:EB:12:34:56,,,,,0.0,Normal,0.0
1744309122788473,10.42.0.2,10.42.0.1,50184,1883,48,5,0,1,1,0,1,0,185,0,0,0,0,0.0,0,,0,3,"Wakeup: 0, Mode: 0, Reset: 1, Temperature: 37.7, Uptime: 633382, Memory: 94.9, In_Temperature: 52.2°C, CPU: 160, RSSI: -51, MAC: 84:F3:EB:12:34:56, F_Storage: 99.2",test/temperatura,16,0,0,182,0,0,0,0.0,0,0,0,0,0,64.0,5756.0,0,0,0,239,eth:ethertype:ip:tcp:mqtt,37.7,94.9,52.2,160.0,-51.0,84:F3:EB:12:34:56,,,,,0.0,Normal,0.0
1744309122791924,10.42.0.2,10.42.0.1,50184,1883,234,6,0,1,0,0,0,0,0,0,0,0,0,0.0,0,,0,0,,0,0,0,0,0,0,0,0,0.0,0,0,0,0,0,64.0,5755.0,0,0,0,54,eth:ethertype:ip:tcp,37.7,94.9,52.2,160.0,-51.0,84:F3:EB:12:34:56,,,,,0.0,Normal,0.0
1744309152797394,10.42.0.2,10.42.0.1,50185,1883,0,0,1,0,0,0,0,0,0,0,0,0,0,0.0,0,,0,0,,0,0,0,0,0,0,0,0,0.0,0,0,0,0,0,64.0,5760.0,0,0,0,58,eth:ethertype:ip:tcp,37.7,94.9,52.2,160.0,-51.0,84:F3:EB:12:34:56,,,,,0.0,Normal,0.0
1744309152801515,10.42.0.2,10.42.0.1,50185,1883,1,1,0,1,0,0,0,0,0,0,0,0,0,0.0,0,,0,0,,0,0,0,0,0,0,0,0,0.0,0,0,0,0,0,64.0,5760.0,0,0,0,54,eth:ethertype:ip:tcp,37.7,94.9,52.2,160.0,-51.0,84:F3:EB:12:34:56,,,,,0.0,Normal,0.0
1744309152804948,10.42.0.2,10.42.0.1,50185,1883,1,1,0,1,0,0,1,0,3,0,0,0,0,0.0,0,,0,0,,0,0,0,0,0,0,0,0,0.0,0,0,0,0,0,64.0,5760.0,0,0,0,57,eth:ethertype:ip:tcp,37.7,94.9,52.2,160.0,-51.0,84:F3:EB:12:34:56,,,,,0.0,Normal,0.0
1744309152810458,10.42.0.2,10.42.0.1,50185,1883,4,1,0,1,0,0,1,0,41,0,0,0,0,0.0,0,,0,1,,0,0,0,1,42,4,MQTT,4,0.0,0,0,0,0,0,64.0,5760.0,0,0,esp32_a0a3b3edac1c,95,eth:ethertype:ip:tcp:mqtt,37.7,94.9,52.2,160.0,-51.0,84:F3:EB:12:34:56,,,,,0.0,Normal,0.0
1744309152845912,10.42.0.2,10.42.0.1,50185,1883,45,5,0,1,0,0,1,0,3,0,0,0,0,0.0,0,,0,0,,0,0,0,0,0,0,0,0,0.0,0,0,0,0,0,64.0,5756.0,0,0,0,57,eth:ethertype:ip:tcp,37.7,94.9,52.2,160.0,-51.0,84:F3:EB:12:34:56,,,,,0.0,Normal,0.0
1744309152857802,10.42.0.2,10.42.0.1,50185,1883,48,5,0,1,1,0,1,0,185,0,0,0,0,0.0,0,,0,3,"Wakeup: 0, Mode: 0, Reset: 1, Temperature: 32.9, Uptime: 633412, Memory: 94.9, In_Temperature: 52.2°C, CPU: 160, RSSI: -50, MAC: 84:F3:EB:12:34:56, F_Storage: 99.2",test/temperatura,16,0,0,182,0,0,0,0.0,0,0,0,0,0,64.0,5756.0,0,0,0,239,eth:ethertype:ip:tcp:mqtt,32.9,94.9,52.2,160.0,-50.0,84:F3:EB:12:34:56,,,,,0.0,Normal,0.0
1744309152861283,10.42.0.2,10.42.0.1,50185,1883,234,6,0,1,0,0,0,0,0,0,0,0,0,0.0,0,,0,0,,0,0,0,0,0,0,0,0,0.0,0,0,0,0,0,64.0,5755.0,0,0,0,54,eth:ethertype:ip:tcp,32.9,94.9,52.2,160.0,-50.0,84:F3:EB:12:34:56,,,,,0.0,Normal,0.0
1744309182866658,10.42.0.2,10.42.0.1,50186,1883,0,0,1,0,0,0,0,0,0,0,0,0,0,0.0,0,,0,0,,0,0,0,0,0,0,0,0,0.0,0,0,0,0,0,64.0,5760.0,0,0,0,58,eth:ethertype:ip:tcp,32.9,94.9,52.2,160.0,-50.0,84:F3:EB:12:34:56,,,,,0.0,Normal,0.0
1744309182870549,10.42.0.2,10.42.0.1,50186,1883,1,1,0,1,0,0,0,0,0,0,0,0,0,0.0,0,,0,0,,0,0,0,0,0,0,0,0,0.0,0,0,0,0,0,64.0,5760.0,0,0,0,54,eth:ethertype:ip:tcp,32.9,94.9,52.2,160.0,-50.0,84:F3:EB:12:34:56,,,,,0.0,Normal,0.0
1744309182872725,10.42.0.2,10.42.0.1,50186,1883,1,1,0,1,0,0,1,0,3,0,0,0,0,0.0,0,,0,0,,0,0,0,0,0,0,0,0,0.0,0,0,0,0,0,64.0,5760.0,0,0,0,57,eth:ethertype:ip:tcp,32.9,94.9,52.2,160.0,-50.0,84:F3:EB:12:34:56,,,,,0.0,Normal,0.0
1744309182876159,10.42.0.2,10.42.0.1,50186,1883,4,1,0,1,0,0,1,0,29,0,0,0,0,0.0,0,,0,0,,0,0,0,0,0,0,0,0,0.0,0,0,0,0,0,64.0,5760.0,0,0,0,83,eth:ethertype:ip:tcp,32.9,94.9,52.2,160.0,-50.0,84:F3:EB:12:34:56,,,,,0.0,Normal,0.0
1744309182879997,10.42.0.2,10.42.0.1,50186,1883,33,1,0,1,0,0,1,0,2,0,0,0,0,0.0,0,,0,0,,0,0,0,0,0,0,0,0,0.0,0,0,0,0,0,64.0,5760.0,0,0,0,56,eth:ethertype:ip:tcp,32.9,94.9,52.2,160.0,-50.0,84:F3:EB:12:34:56,,,,,0.0,Normal,0.0
1744309182883962,10.42.0.2,10.42.0.1,50186,1883,35,1,0,1,0,0,1,0,4,0,0,0,0,0.0,0,,0,0,,0,0,0,0,0,0,0,0,0.0,0,0,0,0,0,64.0,5760.0,0,0,0,58,eth:ethertype:ip:tcp,32.9,94.9,52.2,160.0,-50.0,84:F3:EB:12:34:56,,,,,0.0,Normal,0.0
1744309182887747,10.42.0.2,10.42.0.1,50186,1883,39,1,0,1,0,0,1,0,2,0,0,0,0,0.0,0,,0,0,,0,0,0,0,0,0,0,0,0.0,0,0,0,0,0,64.0,5760.0,0,0,0,56,eth:ethertype:ip:tcp,32.9,94.9,52.2,160.0,-50.0,84:F3:EB:12:34:56,,,,,0.0,Normal,0.0
1744309182891769,10.42.0.2,10.42.0.1,50186,1883,41,1,0,1,0,0,1,0,4,0,0,0,0,0.0,0,,0,1,,0,0,0,1,42,4,MQTT,4,0.0,0,0,0,0,0,64.0,5760.0,0,0,esp32_a0a3b3edac1c,58,eth:ethertype:ip:tcp:mqtt,32.9,94.9,52.2,160.0,-50.0,84:F3:EB:12:34:56,,,,,0.0,Normal,0.0
1744309182928924,10.42.0.2,10.42.0.1,50186,1883,45,5,0,1,0,0,1,0,3,0,0,0,0,0.0,0,,0,0,,0,0,0,0,0,0,0,0,0.0,0,0,0,0,0,64.0,5756.0,0,0,0,57,eth:ethertype:ip:tcp,32.9,94.9,52.2,160.0,-50.0,84:F3:EB:12:34:56,,,,,0.0,Normal,0.0
1744309182937507,10.42.0.2,10.42.0.1,50186,1883,48,5,0,1,1,0,1,0,185,0,0,0,0,0.0,0,,0,3,"Wakeup: 0, Mode: 0, Reset: 1, Temperature: 25.4, Uptime: 633442, Memory: 94.9, In_Temperature: 52.2°C, CPU: 160, RSSI: -51, MAC: 84:F3:EB:12:34:56, F_Storage: 99.2",test/temperatura,16,0,0,182,0,0,0,0.0,0,0,0,0,0,64.0,5756.0,0,0,0,239,eth:ethertype:ip:tcp:mqtt,25.4,94.9,52.2,160.0,-51.0,84:F3:EB:12:34:56,,,,,0.0,Normal,0.0
1744309182940933,10.42.0.2,10.42.0.1,50186,1883,234,6,0,1,0,0,0,0,0,0,0,0,0,0.0,0,,0,0,,0,0,0,0,0,0,0,0,0.0,0,0,0,0,0,64.0,5755.0,0,0,0,54,eth:ethertype:ip:tcp,25.4,94.9,52.2,160.0,-51.0,84:F3:EB:12:34:56,,,,,0.0,Normal,0.0
1744309212954421,10.42.0.2,10.42.0.1,50187,1883,0,0,1,0,0,0,0,0,0,0,0,0,0,0.0,0,,0,0,,0,0,0,0,0,0,0,0,0.0,0,0,0,0,0,64.0,5760.0,0,0,0,58,eth:ethertype:ip:tcp,25.4,94.9,52.2,160.0,-51.0,84:F3:EB:12:34:56,,,,,0.0,Normal,0.0
1744309212960575,10.42.0.2,10.42.0.1,50187,1883,1,1,0,1,0,0,0,0,0,0,0,0,0,0.0,0,,0,0,,0,0,0,0,0,0,0,0,0.0,0,0,0,0,0,64.0,5760.0,0,0,0,54,eth:ethertype:ip:tcp,25.4,94.9,52.2,160.0,-51.0,84:F3:EB:12:34:56,,,,,0.0,Normal,0.0
1744309212961230,10.42.0.2,10.42.0.1,50187,1883,1,1,0,1,0,0,1,0,3,0,0,0,0,0.0,0,,0,0,,0,0,0,0,0,0,0,0,0.0,0,0,0,0,0,64.0,5760.0,0,0,0,57,eth:ethertype:ip:tcp,25.4,94.9,52.2,160.0,-51.0,84:F3:EB:12:34:56,,,,,0.0,Normal,0.0
1744309212964467,10.42.0.2,10.42.0.1,50187,1883,4,1,0,1,0,0,1,0,37,0,0,0,0,0.0,0,,0,0,,0,0,0,0,0,0,0,0,0.0,0,0,0,0,0,64.0,5760.0,0,0,0,91,eth:ethertype:ip:tcp,25.4,94.9,52.2,160.0,-51.0,84:F3:EB:12:34:56,,,,,0.0,Normal,0.0
1744309212967160,10.42.0.2,10.42.0.1,50187,1883,41,1,0,1,0,0,1,0,4,0,0,0,0,0.0,0,,0,1,,0,0,0,1,42,4,MQTT,4,0.0,0,0,0,0,0,64.0,5760.0,0,0,esp32_a0a3b3edac1c,58,eth:ethertype:ip:tcp:mqtt,25.4,94.9,52.2,160.0,-51.0,84:F3:EB:12:34:56,,,,,0.0,Normal,0.0
1744309212997169,10.42.0.2,10.42.0.1,50187,1883,45,5,0,1,0,0,0,0,0,0,0,0,0,0.0,0,,0,0,,0,0,0,0,0,0,0,0,0.0,0,0,0,0,0,64.0,5756.0,0,0,0,54,eth:ethertype:ip:tcp,25.4,94.9,52.2,160.0,-51.0,84:F3:EB:12:34:56,,,,,0.0,Normal,0.0
1744309213003632,10.42.0.2,10.42.0.1,50187,1883,45,5,0,1,0,0,1,0,3,0,0,0,0,0.0,0,,0,0,,0,0,0,0,0,0,0,0,0.0,0,0,0,0,0,64.0,5756.0,0,0,0,57,eth:ethertype:ip:tcp,25.4,94.9,52.2,160.0,-51.0,84:F3:EB:12:34:56,,,,,0.0,Normal,0.0
1744309213016368,10.42.0.2,10.42.0.1,50187,1883,48,5,0,1,1,0,1,0,185,0,0,0,0,0.0,0,,0,3,"Wakeup: 0, Mode: 0, Reset: 1, Temperature: 27.6, Uptime: 633472, Memory: 94.9, In_Temperature: 52.2°C, CPU: 160, RSSI: -50, MAC: 84:F3:EB:12:34:56, F_Storage: 99.2",test/temperatura,16,0,0,182,0,0,0,0.0,0,0,0,0,0,64.0,5756.0,0,0,0,239,eth:ethertype:ip:tcp:mqtt,27.6,94.9,52.2,160.0,-50.0,84:F3:EB:12:34:56,,,,,0.0,Normal,0.0
1744309213021468,10.42.0.2,10.42.0.1,50187,1883,234,6,0,1,0,0,0,0,0,0,0,0,0,0.0,0,,0,0,,0,0,0,0,0,0,0,0,0.0,0,0,0,0,0,64.0,5755.0,0,0,0,54,eth:ethertype:ip:tcp,27.6,94.9,52.2,160.0,-50.0,84:F3:EB:12:34:56,,,,,0.0,Normal,0.0
1744309243026412,10.42.0.2,10.42.0.1,50188,1883,0,0,1,0,0,0,0,0,0,0,0,0,0,0.0,0,,0,0,,0,0,0,0,0,0,0,0,0.0,0,0,0,0,0,64.0,5760.0,0,0,0,58,eth:ethertype:ip:tcp,27.6,94.9,52.2,160.0,-50.0,84:F3:EB:12:34:56,,,,,0.0,Normal,0.0
1744309243030463,10.42.0.2,10.42.0.1,50188,1883,1,1,0,1,0,0,0,0,0,0,0,0,0,0.0,0,,0,0,,0,0,0,0,0,0,0,0,0.0,0,0,0,0,0,64.0,5760.0,0,0,0,54,eth:ethertype:ip:tcp,27.6,94.9,52.2,160.0,-50.0,84:F3:EB:12:34:56,,,,,0.0,Normal,0.0
1744309243032539,10.42.0.2,10.42.0.1,50188,1883,1,1,0,1,0,0,1,0,3,0,0,0,0,0.0,0,,0,0,,0,0,0,0,0,0,0,0,0.0,0,0,0,0,0,64.0,5760.0,0,0,0,57,eth:ethertype:ip:tcp,27.6,94.9,52.2,160.0,-50.0,84:F3:EB:12:34:56,,,,,0.0,Normal,0.0
1744309243035858,10.42.0.2,10.42.0.1,50188,1883,4,1,0,1,0,0,1,0,29,0,0,0,0,0.0,0,,0,0,,0,0,0,0,0,0,0,0,0.0,0,0,0,0,0,64.0,5760.0,0,0,0,83,eth:ethertype:ip:tcp,27.6,94.9,52.2,160.0,-50.0,84:F3:EB:12:34:56,,,,,0.0,Normal,0.0
1744309243039062,10.42.0.2,10.42.0.1,50188,1883,33,1,0,1,0,0,1,0,12,0,0,0,0,0.0,0,,0,1,,0,0,0,1,42,4,MQTT,4,0.0,0,0,0,0,0,64.0,5760.0,0,0,esp32_a0a3b3edac1c,66,eth:ethertype:ip:tcp:mqtt,27.6,94.9,52.2,160.0,-50.0,84:F3:EB:12:34:56,,,,,0.0,Normal,0.0
1744309243074366,10.42.0.2,10.42.0.1,50188,1883,45,5,0,1,0,0,1,0,3,0,0,0,0,0.0,0,,0,0,,0,0,0,0,0,0,0,0,0.0,0,0,0,0,0,64.0,5756.0,0,0,0,57,eth:ethertype:ip:tcp,27.6,94.9,52.2,160.0,-50.0,84:F3:EB:12:34:56,,,,,0.0,Normal,0.0
1744309243085865,10.42.0.2,10.42.0.1,50188,1883,48,5,0,1,1,0,1,0,185,0,0,0,0,0.0,0,,0,3,"Wakeup: 0, Mode: 0, Reset: 1, Temperature: 28.0, Uptime: 633502, Memory: 94.9, In_Temperature: 52.2°C, CPU: 160, RSSI: -50, MAC: 84:F3:EB:12:34:56, F_Storage: 99.2",test/temperatura,16,0,0,182,0,0,0,0.0,0,0,0,0,0,64.0,5756.0,0,0,0,239,eth:ethertype:ip:tcp:mqtt,28.0,94.9,52.2,160.0,-50.0,84:F3:EB:12:34:56,,,,,0.0,Normal,0.0
1744309243089224,10.42.0.2,10.42.0.1,50188,1883,234,6,0,1,0,0,0,0,0,0,0,0,0,0.0,0,,0,0,,0,0,0,0,0,0,0,0,0.0,0,0,0,0,0,64.0,5755.0,0,0,0,54,eth:ethertype:ip:tcp,28.0,94.9,52.2,160.0,-50.0,84:F3:EB:12:34:56,,,,,0.0,Normal,0.0
1744309273093845,10.42.0.2,10.42.0.1,50189,1883,0,0,1,0,0,0,0,0,0,0,0,0,0,0.0,0,,0,0,,0,0,0,0,0,0,0,0,0.0,0,0,0,0,0,64.0,5760.0,0,0,0,58,eth:ethertype:ip:tcp,28.0,94.9,52.2,160.0,-50.0,84:F3:EB:12:34:56,,,,,0.0,Normal,0.0
1744309273098534,10.42.0.2,10.42.0.1,50189,1883,1,1,0,1,0,0,0,0,0,0,0,0,0,0.0,0,,0,0,,0,0,0,0,0,0,0,0,0.0,0,0,0,0,0,64.0,5760.0,0,0,0,54,eth:ethertype:ip:tcp,28.0,94.9,52.2,160.0,-50.0,84:F3:EB:12:34:56,,,,,0.0,Normal,0.0
1744309273100022,10.42.0.2,10.42.0.1,50189,1883,1,1,0,1,0,0,1,0,3,0,0,0,0,0.0,0,,0,0,,0,0,0,0,0,0,0,0,0.0,0,0,0,0,0,64.0,5760.0,0,0,0,57,eth:ethertype:ip:tcp,28.0,94.9,52.2,160.0,-50.0,84:F3:EB:12:34:56,,,,,0.0,Normal,0.0
1744309273104051,10.42.0.2,10.42.0.1,50189,1883,4,1,0,1,0,0,1,0,41,0,0,0,0,0.0,0,,0,1,,0,0,0,1,42,4,MQTT,4,0.0,0,0,0,0,0,64.0,5760.0,0,0,esp32_a0a3b3edac1c,95,eth:ethertype:ip:tcp:mqtt,28.0,94.9,52.2,160.0,-50.0,84:F3:EB:12:34:56,,,,,0.0,Normal,0.0
1744309273140355,10.42.0.2,10.42.0.1,50189,1883,45,5,0,1,0,0,1,0,3,0,0,0,0,0.0,0,,0,0,,0,0,0,0,0,0,0,0,0.0,0,0,0,0,0,64.0,5756.0,0,0,0,57,eth:ethertype:ip:tcp,28.0,94.9,52.2,160.0,-50.0,84:F3:EB:12:34:56,,,,,0.0,Normal,0.0
1744309273154879,10.42.0.2,10.42.0.1,50189,1883,48,5,0,1,1,0,1,0,185,0,0,0,0,0.0,0,,0,3,"Wakeup: 0, Mode: 0, Reset: 1, Temperature: 30.4, Uptime: 633532, Memory: 94.9, In_Temperature: 52.2°C, CPU: 160, RSSI: -49, MAC: 84:F3:EB:12:34:56, F_Storage: 99.2",test/temperatura,16,0,0,182,0,0,0,0.0,0,0,0,0,0,64.0,5756.0,0,0,0,239,eth:ethertype:ip:tcp:mqtt,30.4,94.9,52.2,160.0,-49.0,84:F3:EB:12:34:56,,,,,0.0,Normal,0.0
1744309273158456,10.42.0.2,10.42.0.1,50189,1883,234,6,0,1,0,0,0,0,0,0,0,0,0,0.0,0,,0,0,,0,0,0,0,0,0,0,0,0.0,0,0,0,0,0,64.0,5755.0,0,0,0,54,eth:ethertype:ip:tcp,30.4,94.9,52.2,160.0,-49.0,84:F3:EB:12:34:56,,,,,0.0,Normal,0.0
1744309303164061,10.42.0.2,10.42.0.1,50190,1883,0,0,1,0,0,0,0,0,0,0,0,0,0,0.0,0,,0,0,,0,0,0,0,0,0,0,0,0.0,0,0,0,0,0,64.0,5760.0,0,0,0,58,eth:ethertype:ip:tcp,30.4,94.9,52.2,160.0,-49.0,84:F3:EB:12:34:56,,,,,0.0,Normal,0.0
1744309303168353,10.42.0.2,10.42.0.1,50190,1883,1,1,0,1,0,0,0,0,0,0,0,0,0,0.0,0,,0,0,,0,0,0,0,0,0,0,0,0.0,0,0,0,0,0,64.0,5760.0,0,0,0,54,eth:ethertype:ip:tcp,30.4,94.9,52.2,160.0,-49.0,84:F3:EB:12:34:56,,,,,0.0,Normal,0.0
1744309303170120,10.42.0.2,10.42.0.1,50190,1883,1,1,0,1,0,0,1,0,3,0,0,0,0,0.0,0,,0,0,,0,0,0,0,0,0,0,0,0.0,0,0,0,0,0,64.0,5760.0,0,0,0,57,eth:ethertype:ip:tcp,30.4,94.9,52.2,160.0,-49.0,84:F3:EB:12:34:56,,,,,0.0,Normal,0.0
1744309303173548,10.42.0.2,10.42.0.1,50190,1883,4,1,0,1,0,0,1,0,29,0,0,0,0,0.0,0,,0,0,,0,0,0,0,0,0,0,0,0.0,0,0,0,0,0,64.0,5760.0,0,0,0,83,eth:ethertype:ip:tcp,30.4,94.9,52.2,160.0,-49.0,84:F3:EB:12:34:56,,,,,0.0,Normal,0.0
1744309303176602,10.42.0.2,10.42.0.1,50190,1883,33,1,0,1,0,0,1,0,12,0,0,0,0,0.0,0,,0,1,,0,0,0,1,42,4,MQTT,4,0.0,0,0,0,0,0,64.0,5760.0,0,0,esp32_a0a3b3edac1c,66,eth:ethertype:ip:tcp:mqtt,30.4,94.9,52.2,160.0,-49.0,84:F3:EB:12:34:56,,,,,0.0,Normal,0.0
1744309303212178,10.42.0.2,10.42.0.1,50190,1883,45,5,0,1,0,0,1,0,3,0,0,0,0,0.0,0,,0,0,,0,0,0,0,0,0,0,0,0.0,0,0,0,0,0,64.0,5756.0,0,0,0,57,eth:ethertype:ip:tcp,30.4,94.9,52.2,160.0,-49.0,84:F3:EB:12:34:56,,,,,0.0,Normal,0.0
1744309303224581,10.42.0.2,10.42.0.1,50190,1883,48,5,0,1,1,0,1,0,185,0,0,0,0,0.0,0,,0,3,"Wakeup: 0, Mode: 0, Reset: 1, Temperature: 33.2, Uptime: 633562, Memory: 94.9, In_Temperature: 52.2°C, CPU: 160, RSSI: -50, MAC: 84:F3:EB:12:34:56, F_Storage: 99.2",test/temperatura,16,0,0,182,0,0,0,0.0,0,0,0,0,0,64.0,5756.0,0,0,0,239,eth:ethertype:ip:tcp:mqtt,33.2,94.9,52.2,160.0,-50.0,84:F3:EB:12:34:56,,,,,0.0,Normal,0.0
1744309303228091,10.42.0.2,10.42.0.1,50190,1883,234,6,0,1,0,0,0,0,0,0,0,0,0,0.0,0,,0,0,,0,0,0,0,0,0,0,0,0.0,0,0,0,0,0,64.0,5755.0,0,0,0,54,eth:ethertype:ip:tcp,33.2,94.9,52.2,160.0,-50.0,84:F3:EB:12:34:56,,,,,0.0,Normal,0.0
1744309333234457,10.42.0.2,10.42.0.1,50191,1883,0,0,1,0,0,0,0,0,0,0,0,0,0,0.0,0,,0,0,,0,0,0,0,0,0,0,0,0.0,0,0,0,0,0,64.0,5760.0,0,0,0,58,eth:ethertype:ip:tcp,33.2,94.9,52.2,160.0,-50.0,84:F3:EB:12:34:56,,,,,0.0,Normal,0.0
1744309333239336,10.42.0.2,10.42.0.1,50191,1883,1,1,0,1,0,0,0,0,0,0,0,0,0,0.0,0,,0,0,,0,0,0,0,0,0,0,0,0.0,0,0,0,0,0,64.0,5760.0,0,0,0,54,eth:ethertype:ip:tcp,33.2,94.9,52.2,160.0,-50.0,84:F3:EB:12:34:56,,,,,0.0,Normal,0.0
1744309333240536,10.42.0.2,10.42.0.1,50191,1883,1,1,0,1,0,0,1,0,3,0,0,0,0,0.0,0,,0,0,,0,0,0,0,0,0,0,0,0.0,0,0,0,0,0,64.0,5760.0,0,0,0,57,eth:ethertype:ip:tcp,33.2,94.9,52.2,160.0,-50.0,84:F3:EB:12:34:56,,,,,0.0,Normal,0.0
1744309333243946,10.42.0.2,10.42.0.1,50191,1883,4,1,0,1,0,0,1,0,11,0,0,0,0,0.0,0,,0,0,,0,0,0,0,0,0,0,0,0.0,0,0,0,0,0,64.0,5760.0,0,0,0,65,eth:ethertype:ip:tcp,33.2,94.9,52.2,160.0,-50.0,84:F3:EB:12:34:56,,,,,0.0,Normal,0.0
1744309333247102,10.42.0.2,10.42.0.1,50191,1883,15,1,0,1,0,0,1,0,30,0,0,0,0,0.0,0,,0,1,,0,0,0,1,42,4,MQTT,4,0.0,0,0,0,0,0,64.0,5760.0,0,0,esp32_a0a3b3edac1c,84,eth:ethertype:ip:tcp:mqtt,33.2,94.9,52.2,160.0,-50.0,84:F3:EB:12:34:56,,,,,0.0,Normal,0.0
1744309333282442,10.42.0.2,10.42.0.1,50191,1883,45,5,0,1,0,0,1,0,3,0,0,0,0,0.0,0,,0,0,,0,0,0,0,0,0,0,0,0.0,0,0,0,0,0,64.0,5756.0,0,0,0,57,eth:ethertype:ip:tcp,33.2,94.9,52.2,160.0,-50.0,84:F3:EB:12:34:56,,,,,0.0,Normal,0.0
1744309333294443,10.42.0.2,10.42.0.1,50191,1883,48,5,0,1,1,0,1,0,185,0,0,0,0,0.0,0,,0,3,"Wakeup: 0, Mode: 0, Reset: 1, Temperature: 28.0, Uptime: 633592, Memory: 94.9, In_Temperature: 52.2°C, CPU: 160, RSSI: -50, MAC: 84:F3:EB:12:34:56, F_Storage: 99.2",test/temperatura,16,0,0,182,0,0,0,0.0,0,0,0,0,0,64.0,5756.0,0,0,0,239,eth:ethertype:ip:tcp:mqtt,28.0,94.9,52.2,160.0,-50.0,84:F3:EB:12:34:56,,,,,0.0,Normal,0.0
1744309333297940,10.42.0.2,10.42.0.1,50191,1883,234,6,0,1,0,0,0,0,0,0,0,0,0,0.0,0,,0,0,,0,0,0,0,0,0,0,0,0.0,0,0,0,0,0,64.0,5755.0,0,0,0,54,eth:ethertype:ip:tcp,28.0,94.9,52.2,160.0,-50.0,84:F3:EB:12:34:56,,,,,0.0,Normal,0.0
1744309363303203,10.42.0.2,10.42.0.1,50192,1883,0,0,1,0,0,0,0,0,0,0,0,0,0,0.0,0,,0,0,,0,0,0,0,0,0,0,0,0.0,0,0,0,0,0,64.0,5760.0,0,0,0,58,eth:ethertype:ip:tcp,28.0,94.9,52.2,160.0,-50.0,84:F3:EB:12:34:56,,,,,0.0,Normal,0.0
1744309363307179,10.42.0.2,10.42.0.1,50192,1883,1,1,0,1,0,0,0,0,0,0,0,0,0,0.0,0,,0,0,,0,0,0,0,0,0,0,0,0.0,0,0,0,0,0,64.0,5760.0,0,0,0,54,eth:ethertype:ip:tcp,28.0,94.9,52.2,160.0,-50.0,84:F3:EB:12:34:56,,,,,0.0,Normal,0.0
1744309363309379,10.42.0.2,10.42.0.1,50192,1883,1,1,0,1,0,0,1,0,3,0,0,0,0,0.0,0,,0,0,,0,0,0,0,0,0,0,0,0.0,0,0,0,0,0,64.0,5760.0,0,0,0,57,eth:ethertype:ip:tcp,28.0,94.9,52.2,160.0,-50.0,84:F3:EB:12:34:56,,,,,0.0,Normal,0.0
1744309363312792,10.42.0.2,10.42.0.1,50192,1883,4,1,0,1,0,0,1,0,29,0,0,0,0,0.0,0,,0,0,,0,0,0,0,0,0,0,0,0.0,0,0,0,0,0,64.0,5760.0,0,0,0,83,eth:ethertype:ip:tcp,28.0,94.9,52.2,160.0,-50.0,84:F3:EB:12:34:56,,,,,0.0,Normal,0.0
1744309363315965,10.42.0.2,10.42.0.1,50192,1883,33,1,0,1,0,0,1,0,12,0,0,0,0,0.0,0,,0,1,,0,0,0,1,42,4,MQTT,4,0.0,0,0,0,0,0,64.0,5760.0,0,0,esp32_a0a3b3edac1c,66,eth:ethertype:ip:tcp:mqtt,28.0,94.9,52.2,160.0,-50.0,84:F3:EB:12:34:56,,,,,0.0,Normal,0.0
1744309363352662,10.42.0.2,10.42.0.1,50192,1883,45,5,0,1,0,0,1,0,3,0,0,0,0,0.0,0,,0,0,,0,0,0,0,0,0,0,0,0.0,0,0,0,0,0,64.0,5756.0,0,0,0,57,eth:ethertype:ip:tcp,28.0,94.9,52.2,160.0,-50.0,84:F3:EB:12:34:56,,,,,0.0,Normal,0.0
1744309363363177,10.42.0.2,10.42.0.1,50192,1883,48,5,0,1,1,0,1,0,185,0,0,0,0,0.0,0,,0,3,"Wakeup: 0, Mode: 0, Reset: 1, Temperature: 35.7, Uptime: 633622, Memory: 94.9, In_Temperature: 52.2°C, CPU: 160, RSSI: -51, MAC: 84:F3:EB:12:34:56, F_Storage: 99.2",test/temperatura,16,0,0,182,0,0,0,0.0,0,0,0,0,0,64.0,5756.0,0,0,0,239,eth:ethertype:ip:tcp:mqtt,35.7,94.9,52.2,160.0,-51.0,84:F3:EB:12:34:56,,,,,0.0,Normal,0.0
1744309363366627,10.42.0.2,10.42.0.1,50192,1883,234,6,0,1,0,0,0,0,0,0,0,0,0,0.0,0,,0,0,,0,0,0,0,0,0,0,0,0.0,0,0,0,0,0,64.0,5755.0,0,0,0,54,eth:ethertype:ip:tcp,35.7,94.9,52.2,160.0,-51.0,84:F3:EB:12:34:56,,,,,0.0,Normal,0.0
1744309393372005,10.42.0.2,10.42.0.1,50193,1883,0,0,1,0,0,0,0,0,0,0,0,0,0,0.0,0,,0,0,,0,0,0,0,0,0,0,0,0.0,0,0,0,0,0,64.0,5760.0,0,0,0,58,eth:ethertype:ip:tcp,35.7,94.9,52.2,160.0,-51.0,84:F3:EB:12:34:56,,,,,0.0,Normal,0.0
1744309393375895,10.42.0.2,10.42.0.1,50193,1883,1,1,0,1,0,0,0,0,0,0,0,0,0,0.0,0,,0,0,,0,0,0,0,0,0,0,0,0.0,0,0,0,0,0,64.0,5760.0,0,0,0,54,eth:ethertype:ip:tcp,35.7,94.9,52.2,160.0,-51.0,84:F3:EB:12:34:56,,,,,0.0,Normal,0.0
1744309393378063,10.42.0.2,10.42.0.1,50193,1883,1,1,0,1,0,0,1,0,3,0,0,0,0,0.0,0,,0,0,,0,0,0,0,0,0,0,0,0.0,0,0,0,0,0,64.0,5760.0,0,0,0,57,eth:ethertype:ip:tcp,35.7,94.9,52.2,160.0,-51.0,84:F3:EB:12:34:56,,,,,0.0,Normal,0.0
1744309393383650,10.42.0.2,10.42.0.1,50193,1883,4,1,0,1,0,0,1,0,29,0,0,0,0,0.0,0,,0,0,,0,0,0,0,0,0,0,0,0.0,0,0,0,0,0,64.0,5760.0,0,0,0,83,eth:ethertype:ip:tcp,35.7,94.9,52.2,160.0,-51.0,84:F3:EB:12:34:56,,,,,0.0,Normal,0.0
1744309393386582,10.42.0.2,10.42.0.1,50193,1883,33,1,0,1,0,0,1,0,12,0,0,0,0,0.0,0,,0,1,,0,0,0,1,42,4,MQTT,4,0.0,0,0,0,0,0,64.0,5760.0,0,0,esp32_a0a3b3edac1c,66,eth:ethertype:ip:tcp:mqtt,35.7,94.9,52.2,160.0,-51.0,84:F3:EB:12:34:56,,,,,0.0,Normal,0.0
1744309393421849,10.42.0.2,10.42.0.1,50193,1883,45,5,0,1,0,0,1,0,3,0,0,0,0,0.0,0,,0,0,,0,0,0,0,0,0,0,0,0.0,0,0,0,0,0,64.0,5756.0,0,0,0,57,eth:ethertype:ip:tcp,35.7,94.9,52.2,160.0,-51.0,84:F3:EB:12:34:56,,,,,0.0,Normal,0.0
1744309393432522,10.42.0.2,10.42.0.1,50193,1883,48,5,0,1,1,0,1,0,185,0,0,0,0,0.0,0,,0,3,"Wakeup: 0, Mode: 0, Reset: 1, Temperature: 32.9, Uptime: 633652, Memory: 94.9, In_Temperature: 52.2°C, CPU: 160, RSSI: -50, MAC: 84:F3:EB:12:34:56, F_Storage: 99.2",test/temperatura,16,0,0,182,0,0,0,0.0,0,0,0,0,0,64.0,5756.0,0,0,0,239,eth:ethertype:ip:tcp:mqtt,32.9,94.9,52.2,160.0,-50.0,84:F3:EB:12:34:56,,,,,0.0,Normal,0.0
1744309393435794,10.42.0.2,10.42.0.1,50193,1883,234,6,0,1,0,0,0,0,0,0,0,0,0,0.0,0,,0,0,,0,0,0,0,0,0,0,0,0.0,0,0,0,0,0,64.0,5755.0,0,0,0,54,eth:ethertype:ip:tcp,32.9,94.9,52.2,160.0,-50.0,84:F3:EB:12:34:56,,,,,0.0,Normal,0.0
1744309423440621,10.42.0.2,10.42.0.1,50194,1883,0,0,1,0,0,0,0,0,0,0,0,0,0,0.0,0,,0,0,,0,0,0,0,0,0,0,0,0.0,0,0,0,0,0,64.0,5760.0,0,0,0,58,eth:ethertype:ip:tcp,32.9,94.9,52.2,160.0,-50.0,84:F3:EB:12:34:56,,,,,0.0,Normal,0.0
1744309423444281,10.42.0.2,10.42.0.1,50194,1883,1,1,0,1,0,0,0,0,0,0,0,0,0,0.0,0,,0,0,,0,0,0,0,0,0,0,0,0.0,0,0,0,0,0,64.0,5760.0,0,0,0,54,eth:ethertype:ip:tcp,32.9,94.9,52.2,160.0,-50.0,84:F3:EB:12:34:56,,,,,0.0,Normal,0.0
1744309423448764,10.42.0.2,10.42.0.1,50194,1883,1,1,0,1,0,0,1,0,3,0,0,0,0,0.0,0,,0,0,,0,0,0,0,0,0,0,0,0.0,0,0,0,0,0,64.0,5760.0,0,0,0,57,eth:ethertype:ip:tcp,32.9,94.9,52.2,160.0,-50.0,84:F3:EB:12:34:56,,,,,0.0,Normal,0.0
1744309423453245,10.42.0.2,10.42.0.1,50194,1883,4,1,0,1,0,0,1,0,41,0,0,0,0,0.0,0,,0,1,,0,0,0,1,42,4,MQTT,4,0.0,0,0,0,0,0,64.0,5760.0,0,0,esp32_a0a3b3edac1c,95,eth:ethertype:ip:tcp:mqtt,32.9,94.9,52.2,160.0,-50.0,84:F3:EB:12:34:56,,,,,0.0,Normal,0.0
1744309423489499,10.42.0.2,10.42.0.1,50194,1883,45,5,0,1,0,0,1,0,3,0,0,0,0,0.0,0,,0,0,,0,0,0,0,0,0,0,0,0.0,0,0,0,0,0,64.0,5756.0,0,0,0,57,eth:ethertype:ip:tcp,32.9,94.9,52.2,160.0,-50.0,84:F3:EB:12:34:56,,,,,0.0,Normal,0.0
1744309423501974,10.42.0.2,10.42.0.1,50194,1883,48,5,0,1,1,0,1,0,185,0,0,0,0,0.0,0,,0,3,"Wakeup: 0, Mode: 0, Reset: 1, Temperature: 28.2, Uptime: 633682, Memory: 94.9, In_Temperature: 52.2°C, CPU: 160, RSSI: -51, MAC: 84:F3:EB:12:34:56, F_Storage: 99.2",test/temperatura,16,0,0,182,0,0,0,0.0,0,0,0,0,0,64.0,5756.0,0,0,0,239,eth:ethertype:ip:tcp:mqtt,28.2,94.9,52.2,160.0,-51.0,84:F3:EB:12:34:56,,,,,0.0,Normal,0.0
1744309423505439,10.42.0.2,10.42.0.1,50194,1883,234,6,0,1,0,0,0,0,0,0,0,0,0,0.0,0,,0,0,,0,0,0,0,0,0,0,0,0.0,0,0,0,0,0,64.0,5755.0,0,0,0,54,eth:ethertype:ip:tcp,28.2,94.9,52.2,160.0,-51.0,84:F3:EB:12:34:56,,,,,0.0,Normal,0.0
1744309453510609,10.42.0.2,10.42.0.1,50195,1883,0,0,1,0,0,0,0,0,0,0,0,0,0,0.0,0,,0,0,,0,0,0,0,0,0,0,0,0.0,0,0,0,0,0,64.0,5760.0,0,0,0,58,eth:ethertype:ip:tcp,28.2,94.9,52.2,160.0,-51.0,84:F3:EB:12:34:56,,,,,0.0,Normal,0.0
1744309453515062,10.42.0.2,10.42.0.1,50195,1883,1,1,0,1,0,0,0,0,0,0,0,0,0,0.0,0,,0,0,,0,0,0,0,0,0,0,0,0.0,0,0,0,0,0,64.0,5760.0,0,0,0,54,eth:ethertype:ip:tcp,28.2,94.9,52.2,160.0,-51.0,84:F3:EB:12:34:56,,,,,0.0,Normal,0.0
1744309453517146,10.42.0.2,10.42.0.1,50195,1883,1,1,0,1,0,0,1,0,3,0,0,0,0,0.0,0,,0,0,,0,0,0,0,0,0,0,0,0.0,0,0,0,0,0,64.0,5760.0,0,0,0,57,eth:ethertype:ip:tcp,28.2,94.9,52.2,160.0,-51.0,84:F3:EB:12:34:56,,,,,0.0,Normal,0.0
1744309453520534,10.42.0.2,10.42.0.1,50195,1883,4,1,0,1,0,0,1,0,29,0,0,0,0,0.0,0,,0,0,,0,0,0,0,0,0,0,0,0.0,0,0,0,0,0,64.0,5760.0,0,0,0,83,eth:ethertype:ip:tcp,28.2,94.9,52.2,160.0,-51.0,84:F3:EB:12:34:56,,,,,0.0,Normal,0.0
1744309453523803,10.42.0.2,10.42.0.1,50195,1883,33,1,0,1,0,0,1,0,12,0,0,0,0,0.0,0,,0,1,,0,0,0,1,42,4,MQTT,4,0.0,0,0,0,0,0,64.0,5760.0,0,0,esp32_a0a3b3edac1c,66,eth:ethertype:ip:tcp:mqtt,28.2,94.9,52.2,160.0,-51.0,84:F3:EB:12:34:56,,,,,0.0,Normal,0.0
1744309453560108,10.42.0.2,10.42.0.1,50195,1883,45,5,0,1,0,0,1,0,3,0,0,0,0,0.0,0,,0,0,,0,0,0,0,0,0,0,0,0.0,0,0,0,0,0,64.0,5756.0,0,0,0,57,eth:ethertype:ip:tcp,28.2,94.9,52.2,160.0,-51.0,84:F3:EB:12:34:56,,,,,0.0,Normal,0.0
1744309453571152,10.42.0.2,10.42.0.1,50195,1883,48,5,0,1,1,0,1,0,185,0,0,0,0,0.0,0,,0,3,"Wakeup: 0, Mode: 0, Reset: 1, Temperature: 29.7, Uptime: 633713, Memory: 94.9, In_Temperature: 52.2°C, CPU: 160, RSSI: -50, MAC: 84:F3:EB:12:34:56, F_Storage: 99.2",test/temperatura,16,0,0,182,0,0,0,0.0,0,0,0,0,0,64.0,5756.0,0,0,0,239,eth:ethertype:ip:tcp:mqtt,29.7,94.9,52.2,160.0,-50.0,84:F3:EB:12:34:56,,,,,0.0,Normal,0.0
1744309453574641,10.42.0.2,10.42.0.1,50195,1883,234,6,0,1,0,0,0,0,0,0,0,0,0,0.0,0,,0,0,,0,0,0,0,0,0,0,0,0.0,0,0,0,0,0,64.0,5755.0,0,0,0,54,eth:ethertype:ip:tcp,29.7,94.9,52.2,160.0,-50.0,84:F3:EB:12:34:56,,,,,0.0,Normal,0.0
1744309483580098,10.42.0.2,10.42.0.1,50196,1883,0,0,1,0,0,0,0,0,0,0,0,0,0,0.0,0,,0,0,,0,0,0,0,0,0,0,0,0.0,0,0,0,0,0,64.0,5760.0,0,0,0,58,eth:ethertype:ip:tcp,29.7,94.9,52.2,160.0,-50.0,84:F3:EB:12:34:56,,,,,0.0,Normal,0.0
1744309483584357,10.42.0.2,10.42.0.1,50196,1883,1,1,0,1,0,0,0,0,0,0,0,0,0,0.0,0,,0,0,,0,0,0,0,0,0,0,0,0.0,0,0,0,0,0,64.0,5760.0,0,0,0,54,eth:ethertype:ip:tcp,29.7,94.9,52.2,160.0,-50.0,84:F3:EB:12:34:56,,,,,0.0,Normal,0.0
1744309483586887,10.42.0.2,10.42.0.1,50196,1883,1,1,0,1,0,0,1,0,3,0,0,0,0,0.0,0,,0,0,,0,0,0,0,0,0,0,0,0.0,0,0,0,0,0,64.0,5760.0,0,0,0,57,eth:ethertype:ip:tcp,29.7,94.9,52.2,160.0,-50.0,84:F3:EB:12:34:56,,,,,0.0,Normal,0.0
1744309483590476,10.42.0.2,10.42.0.1,50196,1883,4,1,0,1,0,0,1,0,35,0,0,0,0,0.0,0,,0,0,,0,0,0,0,0,0,0,0,0.0,0,0,0,0,0,64.0,5760.0,0,0,0,89,eth:ethertype:ip:tcp,29.7,94.9,52.2,160.0,-50.0,84:F3:EB:12:34:56,,,,,0.0,Normal,0.0
1744309483593529,10.42.0.2,10.42.0.1,50196,1883,39,1,0,1,0,0,1,0,6,0,0,0,0,0.0,0,,0,1,,0,0,0,1,42,4,MQTT,4,0.0,0,0,0,0,0,64.0,5760.0,0,0,esp32_a0a3b3edac1c,60,eth:ethertype:ip:tcp:mqtt,29.7,94.9,52.2,160.0,-50.0,84:F3:EB:12:34:56,,,,,0.0,Normal,0.0
1744309483629168,10.42.0.2,10.42.0.1,50196,1883,45,5,0,1,0,0,1,0,3,0,0,0,0,0.0,0,,0,0,,0,0,0,0,0,0,0,0,0.0,0,0,0,0,0,64.0,5756.0,0,0,0,57,eth:ethertype:ip:tcp,29.7,94.9,52.2,160.0,-50.0,84:F3:EB:12:34:56,,,,,0.0,Normal,0.0
1744309483640862,10.42.0.2,10.42.0.1,50196,1883,48,5,0,1,1,0,1,0,185,0,0,0,0,0.0,0,,0,3,"Wakeup: 0, Mode: 0, Reset: 1, Temperature: 31.3, Uptime: 633743, Memory: 94.9, In_Temperature: 52.2°C, CPU: 160, RSSI: -50, MAC: 84:F3:EB:12:34:56, F_Storage: 99.2",test/temperatura,16,0,0,182,0,0,0,0.0,0,0,0,0,0,64.0,5756.0,0,0,0,239,eth:ethertype:ip:tcp:mqtt,31.3,94.9,52.2,160.0,-50.0,84:F3:EB:12:34:56,,,,,0.0,Normal,0.0
1744309483644429,10.42.0.2,10.42.0.1,50196,1883,234,6,0,1,0,0,0,0,0,0,0,0,0,0.0,0,,0,0,,0,0,0,0,0,0,0,0,0.0,0,0,0,0,0,64.0,5755.0,0,0,0,54,eth:ethertype:ip:tcp,31.3,94.9,52.2,160.0,-50.0,84:F3:EB:12:34:56,,,,,0.0,Normal,0.0
1744309513649545,10.42.0.2,10.42.0.1,50197,1883,0,0,1,0,0,0,0,0,0,0,0,0,0,0.0,0,,0,0,,0,0,0,0,0,0,0,0,0.0,0,0,0,0,0,64.0,5760.0,0,0,0,58,eth:ethertype:ip:tcp,31.3,94.9,52.2,160.0,-50.0,84:F3:EB:12:34:56,,,,,0.0,Normal,0.0
1744309513653482,10.42.0.2,10.42.0.1,50197,1883,1,1,0,1,0,0,0,0,0,0,0,0,0,0.0,0,,0,0,,0,0,0,0,0,0,0,0,0.0,0,0,0,0,0,64.0,5760.0,0,0,0,54,eth:ethertype:ip:tcp,31.3,94.9,52.2,160.0,-50.0,84:F3:EB:12:34:56,,,,,0.0,Normal,0.0
1744309513655526,10.42.0.2,10.42.0.1,50197,1883,1,1,0,1,0,0,1,0,3,0,0,0,0,0.0,0,,0,0,,0,0,0,0,0,0,0,0,0.0,0,0,0,0,0,64.0,5760.0,0,0,0,57,eth:ethertype:ip:tcp,31.3,94.9,52.2,160.0,-50.0,84:F3:EB:12:34:56,,,,,0.0,Normal,0.0
1744309513659084,10.42.0.2,10.42.0.1,50197,1883,4,1,0,1,0,0,1,0,29,0,0,0,0,0.0,0,,0,0,,0,0,0,0,0,0,0,0,0.0,0,0,0,0,0,64.0,5760.0,0,0,0,83,eth:ethertype:ip:tcp,31.3,94.9,52.2,160.0,-50.0,84:F3:EB:12:34:56,,,,,0.0,Normal,0.0
1744309513663204,10.42.0.2,10.42.0.1,50197,1883,33,1,0,1,0,0,1,0,12,0,0,0,0,0.0,0,,0,1,,0,0,0,1,42,4,MQTT,4,0.0,0,0,0,0,0,64.0,5760.0,0,0,esp32_a0a3b3edac1c,66,eth:ethertype:ip:tcp:mqtt,31.3,94.9,52.2,160.0,-50.0,84:F3:EB:12:34:56,,,,,0.0,Normal,0.0
1744309513700283,10.42.0.2,10.42.0.1,50197,1883,45,5,0,1,0,0,1,0,3,0,0,0,0,0.0,0,,0,0,,0,0,0,0,0,0,0,0,0.0,0,0,0,0,0,64.0,5756.0,0,0,0,57,eth:ethertype:ip:tcp,31.3,94.9,52.2,160.0,-50.0,84:F3:EB:12:34:56,,,,,0.0,Normal,0.0
1744309513709786,10.42.0.2,10.42.0.1,50197,1883,48,5,0,1,1,0,1,0,185,0,0,0,0,0.0,0,,0,3,"Wakeup: 0, Mode: 0, Reset: 1, Temperature: 32.8, Uptime: 633773, Memory: 94.9, In_Temperature: 52.2°C, CPU: 160, RSSI: -51, MAC: 84:F3:EB:12:34:56, F_Storage: 99.2",test/temperatura,16,0,0,182,0,0,0,0.0,0,0,0,0,0,64.0,5756.0,0,0,0,239,eth:ethertype:ip:tcp:mqtt,32.8,94.9,52.2,160.0,-51.0,84:F3:EB:12:34:56,,,,,0.0,Normal,0.0
1744309513713282,10.42.0.2,10.42.0.1,50197,1883,234,6,0,1,0,0,0,0,0,0,0,0,0,0.0,0,,0,0,,0,0,0,0,0,0,0,0,0.0,0,0,0,0,0,64.0,5755.0,0,0,0,54,eth:ethertype:ip:tcp,32.8,94.9,52.2,160.0,-51.0,84:F3:EB:12:34:56,,,,,0.0,Normal,0.0
1744309535740763,10.42.0.2,10.42.0.1,0,0,0,0,0,0,0,0,0,0,0,0,0,0,0,0.0,0,,0,0,,0,0,0,0,0,0,0,0,0.0,0,0,0,0,0,64.0,0.0,0,0,0,350,eth:ethertype:ip:udp:dhcp,32.8,94.9,52.2,160.0,-51.0,84:F3:EB:12:34:56,,,,,0.0,Normal,0.0
1744309543719026,10.42.0.2,10.42.0.1,50198,1883,0,0,1,0,0,0,0,0,0,0,0,0,0,0.0,0,,0,0,,0,0,0,0,0,0,0,0,0.0,0,0,0,0,0,64.0,5760.0,0,0,0,58,eth:ethertype:ip:tcp,32.8,94.9,52.2,160.0,-51.0,84:F3:EB:12:34:56,,,,,0.0,Normal,0.0
1744309543723179,10.42.0.2,10.42.0.1,50198,1883,1,1,0,1,0,0,0,0,0,0,0,0,0,0.0,0,,0,0,,0,0,0,0,0,0,0,0,0.0,0,0,0,0,0,64.0,5760.0,0,0,0,54,eth:ethertype:ip:tcp,32.8,94.9,52.2,160.0,-51.0,84:F3:EB:12:34:56,,,,,0.0,Normal,0.0
1744309543725229,10.42.0.2,10.42.0.1,50198,1883,1,1,0,1,0,0,1,0,3,0,0,0,0,0.0,0,,0,0,,0,0,0,0,0,0,0,0,0.0,0,0,0,0,0,64.0,5760.0,0,0,0,57,eth:ethertype:ip:tcp,32.8,94.9,52.2,160.0,-51.0,84:F3:EB:12:34:56,,,,,0.0,Normal,0.0
1744309543728720,10.42.0.2,10.42.0.1,50198,1883,4,1,0,1,0,0,1,0,29,0,0,0,0,0.0,0,,0,0,,0,0,0,0,0,0,0,0,0.0,0,0,0,0,0,64.0,5760.0,0,0,0,83,eth:ethertype:ip:tcp,32.8,94.9,52.2,160.0,-51.0,84:F3:EB:12:34:56,,,,,0.0,Normal,0.0
1744309543731849,10.42.0.2,10.42.0.1,50198,1883,33,1,0,1,0,0,1,0,12,0,0,0,0,0.0,0,,0,1,,0,0,0,1,42,4,MQTT,4,0.0,0,0,0,0,0,64.0,5760.0,0,0,esp32_a0a3b3edac1c,66,eth:ethertype:ip:tcp:mqtt,32.8,94.9,52.2,160.0,-51.0,84:F3:EB:12:34:56,,,,,0.0,Normal,0.0
1744309543739151,10.42.0.2,10.42.0.1,50198,1883,45,5,0,1,0,0,0,0,0,0,0,0,0,0.0,0,,0,0,,0,0,0,0,0,0,0,0,0.0,0,0,0,0,0,64.0,5756.0,0,0,0,54,eth:ethertype:ip:tcp,32.8,94.9,52.2,160.0,-51.0,84:F3:EB:12:34:56,,,,,0.0,Normal,0.0
1744309543768916,10.42.0.2,10.42.0.1,50198,1883,45,5,0,1,0,0,1,0,3,0,0,0,0,0.0,0,,0,0,,0,0,0,0,0,0,0,0,0.0,0,0,0,0,0,64.0,5756.0,0,0,0,57,eth:ethertype:ip:tcp,32.8,94.9,52.2,160.0,-51.0,84:F3:EB:12:34:56,,,,,0.0,Normal,0.0
1744309543779957,10.42.0.2,10.42.0.1,50198,1883,48,5,0,1,1,0,1,0,185,0,0,0,0,0.0,0,,0,3,"Wakeup: 0, Mode: 0, Reset: 1, Temperature: 36.7, Uptime: 633803, Memory: 94.9, In_Temperature: 52.2°C, CPU: 160, RSSI: -51, MAC: 84:F3:EB:12:34:56, F_Storage: 99.2",test/temperatura,16,0,0,182,0,0,0,0.0,0,0,0,0,0,64.0,5756.0,0,0,0,239,eth:ethertype:ip:tcp:mqtt,36.7,94.9,52.2,160.0,-51.0,84:F3:EB:12:34:56,,,,,0.0,Normal,0.0
1744309543783332,10.42.0.2,10.42.0.1,50198,1883,234,6,0,1,0,0,0,0,0,0,0,0,0,0.0,0,,0,0,,0,0,0,0,0,0,0,0,0.0,0,0,0,0,0,64.0,5755.0,0,0,0,54,eth:ethertype:ip:tcp,36.7,94.9,52.2,160.0,-51.0,84:F3:EB:12:34:56,,,,,0.0,Normal,0.0
1744309573788405,10.42.0.2,10.42.0.1,50199,1883,0,0,1,0,0,0,0,0,0,0,0,0,0,0.0,0,,0,0,,0,0,0,0,0,0,0,0,0.0,0,0,0,0,0,64.0,5760.0,0,0,0,58,eth:ethertype:ip:tcp,36.7,94.9,52.2,160.0,-51.0,84:F3:EB:12:34:56,,,,,0.0,Normal,0.0
1744309573792389,10.42.0.2,10.42.0.1,50199,1883,1,1,0,1,0,0,0,0,0,0,0,0,0,0.0,0,,0,0,,0,0,0,0,0,0,0,0,0.0,0,0,0,0,0,64.0,5760.0,0,0,0,54,eth:ethertype:ip:tcp,36.7,94.9,52.2,160.0,-51.0,84:F3:EB:12:34:56,,,,,0.0,Normal,0.0
1744309573794530,10.42.0.2,10.42.0.1,50199,1883,1,1,0,1,0,0,1,0,3,0,0,0,0,0.0,0,,0,0,,0,0,0,0,0,0,0,0,0.0,0,0,0,0,0,64.0,5760.0,0,0,0,57,eth:ethertype:ip:tcp,36.7,94.9,52.2,160.0,-51.0,84:F3:EB:12:34:56,,,,,0.0,Normal,0.0
1744309573798031,10.42.0.2,10.42.0.1,50199,1883,4,1,0,1,0,0,1,0,29,0,0,0,0,0.0,0,,0,0,,0,0,0,0,0,0,0,0,0.0,0,0,0,0,0,64.0,5760.0,0,0,0,83,eth:ethertype:ip:tcp,36.7,94.9,52.2,160.0,-51.0,84:F3:EB:12:34:56,,,,,0.0,Normal,0.0
1744309573801258,10.42.0.2,10.42.0.1,50199,1883,33,1,0,1,0,0,1,0,12,0,0,0,0,0.0,0,,0,1,,0,0,0,1,42,4,MQTT,4,0.0,0,0,0,0,0,64.0,5760.0,0,0,esp32_a0a3b3edac1c,66,eth:ethertype:ip:tcp:mqtt,36.7,94.9,52.2,160.0,-51.0,84:F3:EB:12:34:56,,,,,0.0,Normal,0.0
1744309573836510,10.42.0.2,10.42.0.1,50199,1883,45,5,0,1,0,0,1,0,3,0,0,0,0,0.0,0,,0,0,,0,0,0,0,0,0,0,0,0.0,0,0,0,0,0,64.0,5756.0,0,0,0,57,eth:ethertype:ip:tcp,36.7,94.9,52.2,160.0,-51.0,84:F3:EB:12:34:56,,,,,0.0,Normal,0.0
1744309573848492,10.42.0.2,10.42.0.1,50199,1883,48,5,0,1,1,0,1,0,185,0,0,0,0,0.0,0,,0,3,"Wakeup: 0, Mode: 0, Reset: 1, Temperature: 35.7, Uptime: 633833, Memory: 94.9, In_Temperature: 52.2°C, CPU: 160, RSSI: -51, MAC: 84:F3:EB:12:34:56, F_Storage: 99.2",test/temperatura,16,0,0,182,0,0,0,0.0,0,0,0,0,0,64.0,5756.0,0,0,0,239,eth:ethertype:ip:tcp:mqtt,35.7,94.9,52.2,160.0,-51.0,84:F3:EB:12:34:56,,,,,0.0,Normal,0.0
1744309573851908,10.42.0.2,10.42.0.1,50199,1883,234,6,0,1,0,0,0,0,0,0,0,0,0,0.0,0,,0,0,,0,0,0,0,0,0,0,0,0.0,0,0,0,0,0,64.0,5755.0,0,0,0,54,eth:ethertype:ip:tcp,35.7,94.9,52.2,160.0,-51.0,84:F3:EB:12:34:56,,,,,0.0,Normal,0.0
1744309603856944,10.42.0.2,10.42.0.1,50200,1883,0,0,1,0,0,0,0,0,0,0,0,0,0,0.0,0,,0,0,,0,0,0,0,0,0,0,0,0.0,0,0,0,0,0,64.0,5760.0,0,0,0,58,eth:ethertype:ip:tcp,35.7,94.9,52.2,160.0,-51.0,84:F3:EB:12:34:56,,,,,0.0,Normal,0.0
1744309603863143,10.42.0.2,10.42.0.1,50200,1883,1,1,0,1,0,0,0,0,0,0,0,0,0,0.0,0,,0,0,,0,0,0,0,0,0,0,0,0.0,0,0,0,0,0,64.0,5760.0,0,0,0,54,eth:ethertype:ip:tcp,35.7,94.9,52.2,160.0,-51.0,84:F3:EB:12:34:56,,,,,0.0,Normal,0.0
1744309603863208,10.42.0.2,10.42.0.1,50200,1883,1,1,0,1,0,0,1,0,3,0,0,0,0,0.0,0,,0,0,,0,0,0,0,0,0,0,0,0.0,0,0,0,0,0,64.0,5760.0,0,0,0,57,eth:ethertype:ip:tcp,35.7,94.9,52.2,160.0,-51.0,84:F3:EB:12:34:56,,,,,0.0,Normal,0.0
1744309603866645,10.42.0.2,10.42.0.1,50200,1883,4,1,0,1,0,0,1,0,29,0,0,0,0,0.0,0,,0,0,,0,0,0,0,0,0,0,0,0.0,0,0,0,0,0,64.0,5760.0,0,0,0,83,eth:ethertype:ip:tcp,35.7,94.9,52.2,160.0,-51.0,84:F3:EB:12:34:56,,,,,0.0,Normal,0.0
1744309603869868,10.42.0.2,10.42.0.1,50200,1883,33,1,0,1,0,0,1,0,12,0,0,0,0,0.0,0,,0,1,,0,0,0,1,42,4,MQTT,4,0.0,0,0,0,0,0,64.0,5760.0,0,0,esp32_a0a3b3edac1c,66,eth:ethertype:ip:tcp:mqtt,35.7,94.9,52.2,160.0,-51.0,84:F3:EB:12:34:56,,,,,0.0,Normal,0.0
1744309603906533,10.42.0.2,10.42.0.1,50200,1883,45,5,0,1,0,0,1,0,3,0,0,0,0,0.0,0,,0,0,,0,0,0,0,0,0,0,0,0.0,0,0,0,0,0,64.0,5756.0,0,0,0,57,eth:ethertype:ip:tcp,35.7,94.9,52.2,160.0,-51.0,84:F3:EB:12:34:56,,,,,0.0,Normal,0.0
1744309603919986,10.42.0.2,10.42.0.1,50200,1883,48,5,0,1,1,0,1,0,185,0,0,0,0,0.0,0,,0,3,"Wakeup: 0, Mode: 0, Reset: 1, Temperature: 30.0, Uptime: 633863, Memory: 94.9, In_Temperature: 52.2°C, CPU: 160, RSSI: -49, MAC: 84:F3:EB:12:34:56, F_Storage: 99.2",test/temperatura,16,0,0,182,0,0,0,0.0,0,0,0,0,0,64.0,5756.0,0,0,0,239,eth:ethertype:ip:tcp:mqtt,30.0,94.9,52.2,160.0,-49.0,84:F3:EB:12:34:56,,,,,0.0,Normal,0.0
1744309603923637,10.42.0.2,10.42.0.1,50200,1883,234,6,0,1,0,0,0,0,0,0,0,0,0,0.0,0,,0,0,,0,0,0,0,0,0,0,0,0.0,0,0,0,0,0,64.0,5755.0,0,0,0,54,eth:ethertype:ip:tcp,30.0,94.9,52.2,160.0,-49.0,84:F3:EB:12:34:56,,,,,0.0,Normal,0.0
1744309633926917,10.42.0.2,10.42.0.1,50201,1883,0,0,1,0,0,0,0,0,0,0,0,0,0,0.0,0,,0,0,,0,0,0,0,0,0,0,0,0.0,0,0,0,0,0,64.0,5760.0,0,0,0,58,eth:ethertype:ip:tcp,30.0,94.9,52.2,160.0,-49.0,84:F3:EB:12:34:56,,,,,0.0,Normal,0.0
1744309633932214,10.42.0.2,10.42.0.1,50201,1883,1,1,0,1,0,0,0,0,0,0,0,0,0,0.0,0,,0,0,,0,0,0,0,0,0,0,0,0.0,0,0,0,0,0,64.0,5760.0,0,0,0,54,eth:ethertype:ip:tcp,30.0,94.9,52.2,160.0,-49.0,84:F3:EB:12:34:56,,,,,0.0,Normal,0.0
1744309633932891,10.42.0.2,10.42.0.1,50201,1883,1,1,0,1,0,0,1,0,3,0,0,0,0,0.0,0,,0,0,,0,0,0,0,0,0,0,0,0.0,0,0,0,0,0,64.0,5760.0,0,0,0,57,eth:ethertype:ip:tcp,30.0,94.9,52.2,160.0,-49.0,84:F3:EB:12:34:56,,,,,0.0,Normal,0.0
1744309633936283,10.42.0.2,10.42.0.1,50201,1883,4,1,0,1,0,0,1,0,29,0,0,0,0,0.0,0,,0,0,,0,0,0,0,0,0,0,0,0.0,0,0,0,0,0,64.0,5760.0,0,0,0,83,eth:ethertype:ip:tcp,30.0,94.9,52.2,160.0,-49.0,84:F3:EB:12:34:56,,,,,0.0,Normal,0.0
1744309633939431,10.42.0.2,10.42.0.1,50201,1883,33,1,0,1,0,0,1,0,12,0,0,0,0,0.0,0,,0,1,,0,0,0,1,42,4,MQTT,4,0.0,0,0,0,0,0,64.0,5760.0,0,0,esp32_a0a3b3edac1c,66,eth:ethertype:ip:tcp:mqtt,30.0,94.9,52.2,160.0,-49.0,84:F3:EB:12:34:56,,,,,0.0,Normal,0.0
1744309633975065,10.42.0.2,10.42.0.1,50201,1883,45,5,0,1,0,0,1,0,3,0,0,0,0,0.0,0,,0,0,,0,0,0,0,0,0,0,0,0.0,0,0,0,0,0,64.0,5756.0,0,0,0,57,eth:ethertype:ip:tcp,30.0,94.9,52.2,160.0,-49.0,84:F3:EB:12:34:56,,,,,0.0,Normal,0.0
1744309633988173,10.42.0.2,10.42.0.1,50201,1883,48,5,0,1,1,0,1,0,185,0,0,0,0,0.0,0,,0,3,"Wakeup: 0, Mode: 0, Reset: 1, Temperature: 29.0, Uptime: 633893, Memory: 94.9, In_Temperature: 52.2°C, CPU: 160, RSSI: -49, MAC: 84:F3:EB:12:34:56, F_Storage: 99.2",test/temperatura,16,0,0,182,0,0,0,0.0,0,0,0,0,0,64.0,5756.0,0,0,0,239,eth:ethertype:ip:tcp:mqtt,29.0,94.9,52.2,160.0,-49.0,84:F3:EB:12:34:56,,,,,0.0,Normal,0.0
1744309633991886,10.42.0.2,10.42.0.1,50201,1883,234,6,0,1,0,0,0,0,0,0,0,0,0,0.0,0,,0,0,,0,0,0,0,0,0,0,0,0.0,0,0,0,0,0,64.0,5755.0,0,0,0,54,eth:ethertype:ip:tcp,29.0,94.9,52.2,160.0,-49.0,84:F3:EB:12:34:56,,,,,0.0,Normal,0.0
1744309663996824,10.42.0.2,10.42.0.1,50202,1883,0,0,1,0,0,0,0,0,0,0,0,0,0,0.0,0,,0,0,,0,0,0,0,0,0,0,0,0.0,0,0,0,0,0,64.0,5760.0,0,0,0,58,eth:ethertype:ip:tcp,29.0,94.9,52.2,160.0,-49.0,84:F3:EB:12:34:56,,,,,0.0,Normal,0.0
1744309664000910,10.42.0.2,10.42.0.1,50202,1883,1,1,0,1,0,0,0,0,0,0,0,0,0,0.0,0,,0,0,,0,0,0,0,0,0,0,0,0.0,0,0,0,0,0,64.0,5760.0,0,0,0,54,eth:ethertype:ip:tcp,29.0,94.9,52.2,160.0,-49.0,84:F3:EB:12:34:56,,,,,0.0,Normal,0.0
1744309664002924,10.42.0.2,10.42.0.1,50202,1883,1,1,0,1,0,0,1,0,3,0,0,0,0,0.0,0,,0,0,,0,0,0,0,0,0,0,0,0.0,0,0,0,0,0,64.0,5760.0,0,0,0,57,eth:ethertype:ip:tcp,29.0,94.9,52.2,160.0,-49.0,84:F3:EB:12:34:56,,,,,0.0,Normal,0.0
1744309664006335,10.42.0.2,10.42.0.1,50202,1883,4,1,0,1,0,0,1,0,29,0,0,0,0,0.0,0,,0,0,,0,0,0,0,0,0,0,0,0.0,0,0,0,0,0,64.0,5760.0,0,0,0,83,eth:ethertype:ip:tcp,29.0,94.9,52.2,160.0,-49.0,84:F3:EB:12:34:56,,,,,0.0,Normal,0.0
1744309664009500,10.42.0.2,10.42.0.1,50202,1883,33,1,0,1,0,0,1,0,12,0,0,0,0,0.0,0,,0,1,,0,0,0,1,42,4,MQTT,4,0.0,0,0,0,0,0,64.0,5760.0,0,0,esp32_a0a3b3edac1c,66,eth:ethertype:ip:tcp:mqtt,29.0,94.9,52.2,160.0,-49.0,84:F3:EB:12:34:56,,,,,0.0,Normal,0.0
1744309664044929,10.42.0.2,10.42.0.1,50202,1883,45,5,0,1,0,0,1,0,3,0,0,0,0,0.0,0,,0,0,,0,0,0,0,0,0,0,0,0.0,0,0,0,0,0,64.0,5756.0,0,0,0,57,eth:ethertype:ip:tcp,29.0,94.9,52.2,160.0,-49.0,84:F3:EB:12:34:56,,,,,0.0,Normal,0.0
1744309664056921,10.42.0.2,10.42.0.1,50202,1883,48,5,0,1,1,0,1,0,185,0,0,0,0,0.0,0,,0,3,"Wakeup: 0, Mode: 0, Reset: 1, Temperature: 25.5, Uptime: 633923, Memory: 94.9, In_Temperature: 52.2°C, CPU: 160, RSSI: -50, MAC: 84:F3:EB:12:34:56, F_Storage: 99.2",test/temperatura,16,0,0,182,0,0,0,0.0,0,0,0,0,0,64.0,5756.0,0,0,0,239,eth:ethertype:ip:tcp:mqtt,25.5,94.9,52.2,160.0,-50.0,84:F3:EB:12:34:56,,,,,0.0,Normal,0.0
1744309664060459,10.42.0.2,10.42.0.1,50202,1883,234,6,0,1,0,0,0,0,0,0,0,0,0,0.0,0,,0,0,,0,0,0,0,0,0,0,0,0.0,0,0,0,0,0,64.0,5755.0,0,0,0,54,eth:ethertype:ip:tcp,25.5,94.9,52.2,160.0,-50.0,84:F3:EB:12:34:56,,,,,0.0,Normal,0.0
1744309694065557,10.42.0.2,10.42.0.1,50203,1883,0,0,1,0,0,0,0,0,0,0,0,0,0,0.0,0,,0,0,,0,0,0,0,0,0,0,0,0.0,0,0,0,0,0,64.0,5760.0,0,0,0,58,eth:ethertype:ip:tcp,25.5,94.9,52.2,160.0,-50.0,84:F3:EB:12:34:56,,,,,0.0,Normal,0.0
1744309694069536,10.42.0.2,10.42.0.1,50203,1883,1,1,0,1,0,0,0,0,0,0,0,0,0,0.0,0,,0,0,,0,0,0,0,0,0,0,0,0.0,0,0,0,0,0,64.0,5760.0,0,0,0,54,eth:ethertype:ip:tcp,25.5,94.9,52.2,160.0,-50.0,84:F3:EB:12:34:56,,,,,0.0,Normal,0.0
1744309694071687,10.42.0.2,10.42.0.1,50203,1883,1,1,0,1,0,0,1,0,3,0,0,0,0,0.0,0,,0,0,,0,0,0,0,0,0,0,0,0.0,0,0,0,0,0,64.0,5760.0,0,0,0,57,eth:ethertype:ip:tcp,25.5,94.9,52.2,160.0,-50.0,84:F3:EB:12:34:56,,,,,0.0,Normal,0.0
1744309694075089,10.42.0.2,10.42.0.1,50203,1883,4,1,0,1,0,0,1,0,29,0,0,0,0,0.0,0,,0,0,,0,0,0,0,0,0,0,0,0.0,0,0,0,0,0,64.0,5760.0,0,0,0,83,eth:ethertype:ip:tcp,25.5,94.9,52.2,160.0,-50.0,84:F3:EB:12:34:56,,,,,0.0,Normal,0.0
1744309694078272,10.42.0.2,10.42.0.1,50203,1883,33,1,0,1,0,0,1,0,12,0,0,0,0,0.0,0,,0,1,,0,0,0,1,42,4,MQTT,4,0.0,0,0,0,0,0,64.0,5760.0,0,0,esp32_a0a3b3edac1c,66,eth:ethertype:ip:tcp:mqtt,25.5,94.9,52.2,160.0,-50.0,84:F3:EB:12:34:56,,,,,0.0,Normal,0.0
1744309694114122,10.42.0.2,10.42.0.1,50203,1883,45,5,0,1,0,0,1,0,3,0,0,0,0,0.0,0,,0,0,,0,0,0,0,0,0,0,0,0.0,0,0,0,0,0,64.0,5756.0,0,0,0,57,eth:ethertype:ip:tcp,25.5,94.9,52.2,160.0,-50.0,84:F3:EB:12:34:56,,,,,0.0,Normal,0.0
1744309694125839,10.42.0.2,10.42.0.1,50203,1883,48,5,0,1,1,0,1,0,185,0,0,0,0,0.0,0,,0,3,"Wakeup: 0, Mode: 0, Reset: 1, Temperature: 37.4, Uptime: 633953, Memory: 94.9, In_Temperature: 52.2°C, CPU: 160, RSSI: -49, MAC: 84:F3:EB:12:34:56, F_Storage: 99.2",test/temperatura,16,0,0,182,0,0,0,0.0,0,0,0,0,0,64.0,5756.0,0,0,0,239,eth:ethertype:ip:tcp:mqtt,37.4,94.9,52.2,160.0,-49.0,84:F3:EB:12:34:56,,,,,0.0,Normal,0.0
1744309694129275,10.42.0.2,10.42.0.1,50203,1883,234,6,0,1,0,0,0,0,0,0,0,0,0,0.0,0,,0,0,,0,0,0,0,0,0,0,0,0.0,0,0,0,0,0,64.0,5755.0,0,0,0,54,eth:ethertype:ip:tcp,37.4,94.9,52.2,160.0,-49.0,84:F3:EB:12:34:56,,,,,0.0,Normal,0.0
1744309724134891,10.42.0.2,10.42.0.1,50204,1883,0,0,1,0,0,0,0,0,0,0,0,0,0,0.0,0,,0,0,,0,0,0,0,0,0,0,0,0.0,0,0,0,0,0,64.0,5760.0,0,0,0,58,eth:ethertype:ip:tcp,37.4,94.9,52.2,160.0,-49.0,84:F3:EB:12:34:56,,,,,0.0,Normal,0.0
1744309724138840,10.42.0.2,10.42.0.1,50204,1883,1,1,0,1,0,0,0,0,0,0,0,0,0,0.0,0,,0,0,,0,0,0,0,0,0,0,0,0.0,0,0,0,0,0,64.0,5760.0,0,0,0,54,eth:ethertype:ip:tcp,37.4,94.9,52.2,160.0,-49.0,84:F3:EB:12:34:56,,,,,0.0,Normal,0.0
1744309724140909,10.42.0.2,10.42.0.1,50204,1883,1,1,0,1,0,0,1,0,3,0,0,0,0,0.0,0,,0,0,,0,0,0,0,0,0,0,0,0.0,0,0,0,0,0,64.0,5760.0,0,0,0,57,eth:ethertype:ip:tcp,37.4,94.9,52.2,160.0,-49.0,84:F3:EB:12:34:56,,,,,0.0,Normal,0.0
1744309724144321,10.42.0.2,10.42.0.1,50204,1883,4,1,0,1,0,0,1,0,29,0,0,0,0,0.0,0,,0,0,,0,0,0,0,0,0,0,0,0.0,0,0,0,0,0,64.0,5760.0,0,0,0,83,eth:ethertype:ip:tcp,37.4,94.9,52.2,160.0,-49.0,84:F3:EB:12:34:56,,,,,0.0,Normal,0.0
1744309724147434,10.42.0.2,10.42.0.1,50204,1883,33,1,0,1,0,0,1,0,12,0,0,0,0,0.0,0,,0,1,,0,0,0,1,42,4,MQTT,4,0.0,0,0,0,0,0,64.0,5760.0,0,0,esp32_a0a3b3edac1c,66,eth:ethertype:ip:tcp:mqtt,37.4,94.9,52.2,160.0,-49.0,84:F3:EB:12:34:56,,,,,0.0,Normal,0.0
1744309724182758,10.42.0.2,10.42.0.1,50204,1883,45,5,0,1,0,0,1,0,3,0,0,0,0,0.0,0,,0,0,,0,0,0,0,0,0,0,0,0.0,0,0,0,0,0,64.0,5756.0,0,0,0,57,eth:ethertype:ip:tcp,37.4,94.9,52.2,160.0,-49.0,84:F3:EB:12:34:56,,,,,0.0,Normal,0.0
1744309724195271,10.42.0.2,10.42.0.1,50204,1883,48,5,0,1,1,0,1,0,185,0,0,0,0,0.0,0,,0,3,"Wakeup: 0, Mode: 0, Reset: 1, Temperature: 26.6, Uptime: 633983, Memory: 94.9, In_Temperature: 52.8°C, CPU: 160, RSSI: -51, MAC: 84:F3:EB:12:34:56, F_Storage: 99.2",test/temperatura,16,0,0,182,0,0,0,0.0,0,0,0,0,0,64.0,5756.0,0,0,0,239,eth:ethertype:ip:tcp:mqtt,26.6,94.9,52.8,160.0,-51.0,84:F3:EB:12:34:56,,,,,0.0,Normal,0.0
1744309724204905,10.42.0.2,10.42.0.1,50204,1883,234,6,0,1,0,0,0,0,0,0,0,0,0,0.0,0,,0,0,,0,0,0,0,0,0,0,0,0.0,0,0,0,0,0,64.0,5755.0,0,0,0,54,eth:ethertype:ip:tcp,26.6,94.9,52.8,160.0,-51.0,84:F3:EB:12:34:56,,,,,0.0,Normal,0.0
1744309754204660,10.42.0.2,10.42.0.1,50205,1883,0,0,1,0,0,0,0,0,0,0,0,0,0,0.0,0,,0,0,,0,0,0,0,0,0,0,0,0.0,0,0,0,0,0,64.0,5760.0,0,0,0,58,eth:ethertype:ip:tcp,26.6,94.9,52.8,160.0,-51.0,84:F3:EB:12:34:56,,,,,0.0,Normal,0.0
1744309754208412,10.42.0.2,10.42.0.1,50205,1883,1,1,0,1,0,0,0,0,0,0,0,0,0,0.0,0,,0,0,,0,0,0,0,0,0,0,0,0.0,0,0,0,0,0,64.0,5760.0,0,0,0,54,eth:ethertype:ip:tcp,26.6,94.9,52.8,160.0,-51.0,84:F3:EB:12:34:56,,,,,0.0,Normal,0.0
1744309754210752,10.42.0.2,10.42.0.1,50205,1883,1,1,0,1,0,0,1,0,3,0,0,0,0,0.0,0,,0,0,,0,0,0,0,0,0,0,0,0.0,0,0,0,0,0,64.0,5760.0,0,0,0,57,eth:ethertype:ip:tcp,26.6,94.9,52.8,160.0,-51.0,84:F3:EB:12:34:56,,,,,0.0,Normal,0.0
1744309754214019,10.42.0.2,10.42.0.1,50205,1883,4,1,0,1,0,0,1,0,29,0,0,0,0,0.0,0,,0,0,,0,0,0,0,0,0,0,0,0.0,0,0,0,0,0,64.0,5760.0,0,0,0,83,eth:ethertype:ip:tcp,26.6,94.9,52.8,160.0,-51.0,84:F3:EB:12:34:56,,,,,0.0,Normal,0.0
1744309754217074,10.42.0.2,10.42.0.1,50205,1883,33,1,0,1,0,0,1,0,12,0,0,0,0,0.0,0,,0,1,,0,0,0,1,42,4,MQTT,4,0.0,0,0,0,0,0,64.0,5760.0,0,0,esp32_a0a3b3edac1c,66,eth:ethertype:ip:tcp:mqtt,26.6,94.9,52.8,160.0,-51.0,84:F3:EB:12:34:56,,,,,0.0,Normal,0.0
1744309754234919,10.42.0.2,10.42.0.1,50205,1883,45,5,0,1,0,0,0,0,0,0,0,0,0,0.0,0,,0,0,,0,0,0,0,0,0,0,0,0.0,0,0,0,0,0,64.0,5756.0,0,0,0,54,eth:ethertype:ip:tcp,26.6,94.9,52.8,160.0,-51.0,84:F3:EB:12:34:56,,,,,0.0,Normal,0.0
1744309754253796,10.42.0.2,10.42.0.1,50205,1883,45,5,0,1,0,0,1,0,3,0,0,0,0,0.0,0,,0,0,,0,0,0,0,0,0,0,0,0.0,0,0,0,0,0,64.0,5756.0,0,0,0,57,eth:ethertype:ip:tcp,26.6,94.9,52.8,160.0,-51.0,84:F3:EB:12:34:56,,,,,0.0,Normal,0.0
1744309754264439,10.42.0.2,10.42.0.1,50205,1883,48,5,0,1,1,0,1,0,185,0,0,0,0,0.0,0,,0,3,"Wakeup: 0, Mode: 0, Reset: 1, Temperature: 40.9, Uptime: 634013, Memory: 94.9, In_Temperature: 52.2°C, CPU: 160, RSSI: -51, MAC: 84:F3:EB:12:34:56, F_Storage: 99.2",test/temperatura,16,0,0,182,0,0,0,0.0,0,0,0,0,0,64.0,5756.0,0,0,0,239,eth:ethertype:ip:tcp:mqtt,40.9,94.9,52.2,160.0,-51.0,84:F3:EB:12:34:56,,,,,0.0,Normal,0.0
1744309754267790,10.42.0.2,10.42.0.1,50205,1883,234,6,0,1,0,0,0,0,0,0,0,0,0,0.0,0,,0,0,,0,0,0,0,0,0,0,0,0.0,0,0,0,0,0,64.0,5755.0,0,0,0,54,eth:ethertype:ip:tcp,40.9,94.9,52.2,160.0,-51.0,84:F3:EB:12:34:56,,,,,0.0,Normal,0.0
1744309784272674,10.42.0.2,10.42.0.1,50206,1883,0,0,1,0,0,0,0,0,0,0,0,0,0,0.0,0,,0,0,,0,0,0,0,0,0,0,0,0.0,0,0,0,0,0,64.0,5760.0,0,0,0,58,eth:ethertype:ip:tcp,40.9,94.9,52.2,160.0,-51.0,84:F3:EB:12:34:56,,,,,0.0,Normal,0.0
1744309784276501,10.42.0.2,10.42.0.1,50206,1883,1,1,0,1,0,0,0,0,0,0,0,0,0,0.0,0,,0,0,,0,0,0,0,0,0,0,0,0.0,0,0,0,0,0,64.0,5760.0,0,0,0,54,eth:ethertype:ip:tcp,40.9,94.9,52.2,160.0,-51.0,84:F3:EB:12:34:56,,,,,0.0,Normal,0.0
1744309784278802,10.42.0.2,10.42.0.1,50206,1883,1,1,0,1,0,0,1,0,3,0,0,0,0,0.0,0,,0,0,,0,0,0,0,0,0,0,0,0.0,0,0,0,0,0,64.0,5760.0,0,0,0,57,eth:ethertype:ip:tcp,40.9,94.9,52.2,160.0,-51.0,84:F3:EB:12:34:56,,,,,0.0,Normal,0.0
1744309784282316,10.42.0.2,10.42.0.1,50206,1883,4,1,0,1,0,0,1,0,29,0,0,0,0,0.0,0,,0,0,,0,0,0,0,0,0,0,0,0.0,0,0,0,0,0,64.0,5760.0,0,0,0,83,eth:ethertype:ip:tcp,40.9,94.9,52.2,160.0,-51.0,84:F3:EB:12:34:56,,,,,0.0,Normal,0.0
1744309784286012,10.42.0.2,10.42.0.1,50206,1883,33,1,0,1,0,0,1,0,12,0,0,0,0,0.0,0,,0,1,,0,0,0,1,42,4,MQTT,4,0.0,0,0,0,0,0,64.0,5760.0,0,0,esp32_a0a3b3edac1c,66,eth:ethertype:ip:tcp:mqtt,40.9,94.9,52.2,160.0,-51.0,84:F3:EB:12:34:56,,,,,0.0,Normal,0.0
1744309784322533,10.42.0.2,10.42.0.1,50206,1883,45,5,0,1,0,0,1,0,3,0,0,0,0,0.0,0,,0,0,,0,0,0,0,0,0,0,0,0.0,0,0,0,0,0,64.0,5756.0,0,0,0,57,eth:ethertype:ip:tcp,40.9,94.9,52.2,160.0,-51.0,84:F3:EB:12:34:56,,,,,0.0,Normal,0.0
1744309784333963,10.42.0.2,10.42.0.1,50206,1883,48,5,0,1,1,0,1,0,185,0,0,0,0,0.0,0,,0,3,"Wakeup: 0, Mode: 0, Reset: 1, Temperature: 35.6, Uptime: 634043, Memory: 94.9, In_Temperature: 52.2°C, CPU: 160, RSSI: -50, MAC: 84:F3:EB:12:34:56, F_Storage: 99.2",test/temperatura,16,0,0,182,0,0,0,0.0,0,0,0,0,0,64.0,5756.0,0,0,0,239,eth:ethertype:ip:tcp:mqtt,35.6,94.9,52.2,160.0,-50.0,84:F3:EB:12:34:56,,,,,0.0,Normal,0.0
1744309784337463,10.42.0.2,10.42.0.1,50206,1883,234,6,0,1,0,0,0,0,0,0,0,0,0,0.0,0,,0,0,,0,0,0,0,0,0,0,0,0.0,0,0,0,0,0,64.0,5755.0,0,0,0,54,eth:ethertype:ip:tcp,35.6,94.9,52.2,160.0,-50.0,84:F3:EB:12:34:56,,,,,0.0,Normal,0.0
1744309814342876,10.42.0.2,10.42.0.1,50207,1883,0,0,1,0,0,0,0,0,0,0,0,0,0,0.0,0,,0,0,,0,0,0,0,0,0,0,0,0.0,0,0,0,0,0,64.0,5760.0,0,0,0,58,eth:ethertype:ip:tcp,35.6,94.9,52.2,160.0,-50.0,84:F3:EB:12:34:56,,,,,0.0,Normal,0.0
1744309814346808,10.42.0.2,10.42.0.1,50207,1883,1,1,0,1,0,0,0,0,0,0,0,0,0,0.0,0,,0,0,,0,0,0,0,0,0,0,0,0.0,0,0,0,0,0,64.0,5760.0,0,0,0,54,eth:ethertype:ip:tcp,35.6,94.9,52.2,160.0,-50.0,84:F3:EB:12:34:56,,,,,0.0,Normal,0.0
1744309814348970,10.42.0.2,10.42.0.1,50207,1883,1,1,0,1,0,0,1,0,3,0,0,0,0,0.0,0,,0,0,,0,0,0,0,0,0,0,0,0.0,0,0,0,0,0,64.0,5760.0,0,0,0,57,eth:ethertype:ip:tcp,35.6,94.9,52.2,160.0,-50.0,84:F3:EB:12:34:56,,,,,0.0,Normal,0.0
1744309814353823,10.42.0.2,10.42.0.1,50207,1883,4,1,0,1,0,0,1,0,31,0,0,0,0,0.0,0,,0,0,,0,0,0,0,0,0,0,0,0.0,0,0,0,0,0,64.0,5760.0,0,0,0,85,eth:ethertype:ip:tcp,35.6,94.9,52.2,160.0,-50.0,84:F3:EB:12:34:56,,,,,0.0,Normal,0.0
1744309814356498,10.42.0.2,10.42.0.1,50207,1883,35,1,0,1,0,0,1,0,10,0,0,0,0,0.0,0,,0,1,,0,0,0,1,42,4,MQTT,4,0.0,0,0,0,0,0,64.0,5760.0,0,0,esp32_a0a3b3edac1c,64,eth:ethertype:ip:tcp:mqtt,35.6,94.9,52.2,160.0,-50.0,84:F3:EB:12:34:56,,,,,0.0,Normal,0.0
1744309814392071,10.42.0.2,10.42.0.1,50207,1883,45,5,0,1,0,0,1,0,3,0,0,0,0,0.0,0,,0,0,,0,0,0,0,0,0,0,0,0.0,0,0,0,0,0,64.0,5756.0,0,0,0,57,eth:ethertype:ip:tcp,35.6,94.9,52.2,160.0,-50.0,84:F3:EB:12:34:56,,,,,0.0,Normal,0.0
1744309814403267,10.42.0.2,10.42.0.1,50207,1883,48,5,0,1,1,0,1,0,185,0,0,0,0,0.0,0,,0,3,"Wakeup: 0, Mode: 0, Reset: 1, Temperature: 38.8, Uptime: 634073, Memory: 94.9, In_Temperature: 52.2°C, CPU: 160, RSSI: -50, MAC: 84:F3:EB:12:34:56, F_Storage: 99.2",test/temperatura,16,0,0,182,0,0,0,0.0,0,0,0,0,0,64.0,5756.0,0,0,0,239,eth:ethertype:ip:tcp:mqtt,38.8,94.9,52.2,160.0,-50.0,84:F3:EB:12:34:56,,,,,0.0,Normal,0.0
1744309814407100,10.42.0.2,10.42.0.1,50207,1883,234,6,0,1,0,0,0,0,0,0,0,0,0,0.0,0,,0,0,,0,0,0,0,0,0,0,0,0.0,0,0,0,0,0,64.0,5755.0,0,0,0,54,eth:ethertype:ip:tcp,38.8,94.9,52.2,160.0,-50.0,84:F3:EB:12:34:56,,,,,0.0,Normal,0.0
1744309844412178,10.42.0.2,10.42.0.1,50208,1883,0,0,1,0,0,0,0,0,0,0,0,0,0,0.0,0,,0,0,,0,0,0,0,0,0,0,0,0.0,0,0,0,0,0,64.0,5760.0,0,0,0,58,eth:ethertype:ip:tcp,38.8,94.9,52.2,160.0,-50.0,84:F3:EB:12:34:56,,,,,0.0,Normal,0.0
1744309844422334,10.42.0.2,10.42.0.1,50208,1883,1,1,0,1,0,0,0,0,0,0,0,0,0,0.0,0,,0,0,,0,0,0,0,0,0,0,0,0.0,0,0,0,0,0,64.0,5760.0,0,0,0,54,eth:ethertype:ip:tcp,38.8,94.9,52.2,160.0,-50.0,84:F3:EB:12:34:56,,,,,0.0,Normal,0.0
1744309844423324,10.42.0.2,10.42.0.1,50208,1883,1,1,0,1,0,0,1,0,3,0,0,0,0,0.0,0,,0,0,,0,0,0,0,0,0,0,0,0.0,0,0,0,0,0,64.0,5760.0,0,0,0,57,eth:ethertype:ip:tcp,38.8,94.9,52.2,160.0,-50.0,84:F3:EB:12:34:56,,,,,0.0,Normal,0.0
1744309844426892,10.42.0.2,10.42.0.1,50208,1883,4,1,0,1,0,0,1,0,35,0,0,0,0,0.0,0,,0,0,,0,0,0,0,0,0,0,0,0.0,0,0,0,0,0,64.0,5760.0,0,0,0,89,eth:ethertype:ip:tcp,38.8,94.9,52.2,160.0,-50.0,84:F3:EB:12:34:56,,,,,0.0,Normal,0.0
1744309844429611,10.42.0.2,10.42.0.1,50208,1883,39,1,0,1,0,0,1,0,6,0,0,0,0,0.0,0,,0,1,,0,0,0,1,42,4,MQTT,4,0.0,0,0,0,0,0,64.0,5760.0,0,0,esp32_a0a3b3edac1c,60,eth:ethertype:ip:tcp:mqtt,38.8,94.9,52.2,160.0,-50.0,84:F3:EB:12:34:56,,,,,0.0,Normal,0.0
1744309844465430,10.42.0.2,10.42.0.1,50208,1883,45,5,0,1,0,0,1,0,3,0,0,0,0,0.0,0,,0,0,,0,0,0,0,0,0,0,0,0.0,0,0,0,0,0,64.0,5756.0,0,0,0,57,eth:ethertype:ip:tcp,38.8,94.9,52.2,160.0,-50.0,84:F3:EB:12:34:56,,,,,0.0,Normal,0.0
1744309844483028,10.42.0.2,10.42.0.1,50208,1883,48,5,0,1,1,0,1,0,185,0,0,0,0,0.0,0,,0,3,"Wakeup: 0, Mode: 0, Reset: 1, Temperature: 30.1, Uptime: 634103, Memory: 94.9, In_Temperature: 52.2°C, CPU: 160, RSSI: -51, MAC: 84:F3:EB:12:34:56, F_Storage: 99.2",test/temperatura,16,0,0,182,0,0,0,0.0,0,0,0,0,0,64.0,5756.0,0,0,0,239,eth:ethertype:ip:tcp:mqtt,30.1,94.9,52.2,160.0,-51.0,84:F3:EB:12:34:56,,,,,0.0,Normal,0.0
1744309844486505,10.42.0.2,10.42.0.1,50208,1883,234,6,0,1,0,0,0,0,0,0,0,0,0,0.0,0,,0,0,,0,0,0,0,0,0,0,0,0.0,0,0,0,0,0,64.0,5755.0,0,0,0,54,eth:ethertype:ip:tcp,30.1,94.9,52.2,160.0,-51.0,84:F3:EB:12:34:56,,,,,0.0,Normal,0.0
1744309874491799,10.42.0.2,10.42.0.1,50209,1883,0,0,1,0,0,0,0,0,0,0,0,0,0,0.0,0,,0,0,,0,0,0,0,0,0,0,0,0.0,0,0,0,0,0,64.0,5760.0,0,0,0,58,eth:ethertype:ip:tcp,30.1,94.9,52.2,160.0,-51.0,84:F3:EB:12:34:56,,,,,0.0,Normal,0.0
1744309874495804,10.42.0.2,10.42.0.1,50209,1883,1,1,0,1,0,0,0,0,0,0,0,0,0,0.0,0,,0,0,,0,0,0,0,0,0,0,0,0.0,0,0,0,0,0,64.0,5760.0,0,0,0,54,eth:ethertype:ip:tcp,30.1,94.9,52.2,160.0,-51.0,84:F3:EB:12:34:56,,,,,0.0,Normal,0.0
1744309874497929,10.42.0.2,10.42.0.1,50209,1883,1,1,0,1,0,0,1,0,3,0,0,0,0,0.0,0,,0,0,,0,0,0,0,0,0,0,0,0.0,0,0,0,0,0,64.0,5760.0,0,0,0,57,eth:ethertype:ip:tcp,30.1,94.9,52.2,160.0,-51.0,84:F3:EB:12:34:56,,,,,0.0,Normal,0.0
1744309874501361,10.42.0.2,10.42.0.1,50209,1883,4,1,0,1,0,0,1,0,29,0,0,0,0,0.0,0,,0,0,,0,0,0,0,0,0,0,0,0.0,0,0,0,0,0,64.0,5760.0,0,0,0,83,eth:ethertype:ip:tcp,30.1,94.9,52.2,160.0,-51.0,84:F3:EB:12:34:56,,,,,0.0,Normal,0.0
1744309874504467,10.42.0.2,10.42.0.1,50209,1883,33,1,0,1,0,0,1,0,12,0,0,0,0,0.0,0,,0,1,,0,0,0,1,42,4,MQTT,4,0.0,0,0,0,0,0,64.0,5760.0,0,0,esp32_a0a3b3edac1c,66,eth:ethertype:ip:tcp:mqtt,30.1,94.9,52.2,160.0,-51.0,84:F3:EB:12:34:56,,,,,0.0,Normal,0.0
1744309874540282,10.42.0.2,10.42.0.1,50209,1883,45,5,0,1,0,0,1,0,3,0,0,0,0,0.0,0,,0,0,,0,0,0,0,0,0,0,0,0.0,0,0,0,0,0,64.0,5756.0,0,0,0,57,eth:ethertype:ip:tcp,30.1,94.9,52.2,160.0,-51.0,84:F3:EB:12:34:56,,,,,0.0,Normal,0.0
1744309874551796,10.42.0.2,10.42.0.1,50209,1883,48,5,0,1,1,0,1,0,185,0,0,0,0,0.0,0,,0,3,"Wakeup: 0, Mode: 0, Reset: 1, Temperature: 33.1, Uptime: 634134, Memory: 94.9, In_Temperature: 52.2°C, CPU: 160, RSSI: -51, MAC: 84:F3:EB:12:34:56, F_Storage: 99.2",test/temperatura,16,0,0,182,0,0,0,0.0,0,0,0,0,0,64.0,5756.0,0,0,0,239,eth:ethertype:ip:tcp:mqtt,33.1,94.9,52.2,160.0,-51.0,84:F3:EB:12:34:56,,,,,0.0,Normal,0.0
1744309874555323,10.42.0.2,10.42.0.1,50209,1883,234,6,0,1,0,0,0,0,0,0,0,0,0,0.0,0,,0,0,,0,0,0,0,0,0,0,0,0.0,0,0,0,0,0,64.0,5755.0,0,0,0,54,eth:ethertype:ip:tcp,33.1,94.9,52.2,160.0,-51.0,84:F3:EB:12:34:56,,,,,0.0,Normal,0.0
1744309904560837,10.42.0.2,10.42.0.1,50210,1883,0,0,1,0,0,0,0,0,0,0,0,0,0,0.0,0,,0,0,,0,0,0,0,0,0,0,0,0.0,0,0,0,0,0,64.0,5760.0,0,0,0,58,eth:ethertype:ip:tcp,33.1,94.9,52.2,160.0,-51.0,84:F3:EB:12:34:56,,,,,0.0,Normal,0.0
1744309904564822,10.42.0.2,10.42.0.1,50210,1883,1,1,0,1,0,0,0,0,0,0,0,0,0,0.0,0,,0,0,,0,0,0,0,0,0,0,0,0.0,0,0,0,0,0,64.0,5760.0,0,0,0,54,eth:ethertype:ip:tcp,33.1,94.9,52.2,160.0,-51.0,84:F3:EB:12:34:56,,,,,0.0,Normal,0.0
1744309904569032,10.42.0.2,10.42.0.1,50210,1883,1,1,0,1,0,0,1,0,3,0,0,0,0,0.0,0,,0,0,,0,0,0,0,0,0,0,0,0.0,0,0,0,0,0,64.0,5760.0,0,0,0,57,eth:ethertype:ip:tcp,33.1,94.9,52.2,160.0,-51.0,84:F3:EB:12:34:56,,,,,0.0,Normal,0.0
1744309904571984,10.42.0.2,10.42.0.1,50210,1883,4,1,0,1,0,0,1,0,41,0,0,0,0,0.0,0,,0,1,,0,0,0,1,42,4,MQTT,4,0.0,0,0,0,0,0,64.0,5760.0,0,0,esp32_a0a3b3edac1c,95,eth:ethertype:ip:tcp:mqtt,33.1,94.9,52.2,160.0,-51.0,84:F3:EB:12:34:56,,,,,0.0,Normal,0.0
1744309904607328,10.42.0.2,10.42.0.1,50210,1883,45,5,0,1,0,0,1,0,3,0,0,0,0,0.0,0,,0,0,,0,0,0,0,0,0,0,0,0.0,0,0,0,0,0,64.0,5756.0,0,0,0,57,eth:ethertype:ip:tcp,33.1,94.9,52.2,160.0,-51.0,84:F3:EB:12:34:56,,,,,0.0,Normal,0.0
1744309904621274,10.42.0.2,10.42.0.1,50210,1883,48,5,0,1,1,0,1,0,185,0,0,0,0,0.0,0,,0,3,"Wakeup: 0, Mode: 0, Reset: 1, Temperature: 31.2, Uptime: 634164, Memory: 94.9, In_Temperature: 52.2°C, CPU: 160, RSSI: -50, MAC: 84:F3:EB:12:34:56, F_Storage: 99.2",test/temperatura,16,0,0,182,0,0,0,0.0,0,0,0,0,0,64.0,5756.0,0,0,0,239,eth:ethertype:ip:tcp:mqtt,31.2,94.9,52.2,160.0,-50.0,84:F3:EB:12:34:56,,,,,0.0,Normal,0.0
1744309904624633,10.42.0.2,10.42.0.1,50210,1883,234,6,0,1,0,0,0,0,0,0,0,0,0,0.0,0,,0,0,,0,0,0,0,0,0,0,0,0.0,0,0,0,0,0,64.0,5755.0,0,0,0,54,eth:ethertype:ip:tcp,31.2,94.9,52.2,160.0,-50.0,84:F3:EB:12:34:56,,,,,0.0,Normal,0.0
1744309934630547,10.42.0.2,10.42.0.1,50211,1883,0,0,1,0,0,0,0,0,0,0,0,0,0,0.0,0,,0,0,,0,0,0,0,0,0,0,0,0.0,0,0,0,0,0,64.0,5760.0,0,0,0,58,eth:ethertype:ip:tcp,31.2,94.9,52.2,160.0,-50.0,84:F3:EB:12:34:56,,,,,0.0,Normal,0.0
1744309934635872,10.42.0.2,10.42.0.1,50211,1883,1,1,0,1,0,0,0,0,0,0,0,0,0,0.0,0,,0,0,,0,0,0,0,0,0,0,0,0.0,0,0,0,0,0,64.0,5760.0,0,0,0,54,eth:ethertype:ip:tcp,31.2,94.9,52.2,160.0,-50.0,84:F3:EB:12:34:56,,,,,0.0,Normal,0.0
1744309934637905,10.42.0.2,10.42.0.1,50211,1883,1,1,0,1,0,0,1,0,3,0,0,0,0,0.0,0,,0,0,,0,0,0,0,0,0,0,0,0.0,0,0,0,0,0,64.0,5760.0,0,0,0,57,eth:ethertype:ip:tcp,31.2,94.9,52.2,160.0,-50.0,84:F3:EB:12:34:56,,,,,0.0,Normal,0.0
1744309934641466,10.42.0.2,10.42.0.1,50211,1883,4,1,0,1,0,0,1,0,29,0,0,0,0,0.0,0,,0,0,,0,0,0,0,0,0,0,0,0.0,0,0,0,0,0,64.0,5760.0,0,0,0,83,eth:ethertype:ip:tcp,31.2,94.9,52.2,160.0,-50.0,84:F3:EB:12:34:56,,,,,0.0,Normal,0.0
1744309934644540,10.42.0.2,10.42.0.1,50211,1883,33,1,0,1,0,0,1,0,12,0,0,0,0,0.0,0,,0,1,,0,0,0,1,42,4,MQTT,4,0.0,0,0,0,0,0,64.0,5760.0,0,0,esp32_a0a3b3edac1c,66,eth:ethertype:ip:tcp:mqtt,31.2,94.9,52.2,160.0,-50.0,84:F3:EB:12:34:56,,,,,0.0,Normal,0.0
1744309934679863,10.42.0.2,10.42.0.1,50211,1883,45,5,0,1,0,0,1,0,3,0,0,0,0,0.0,0,,0,0,,0,0,0,0,0,0,0,0,0.0,0,0,0,0,0,64.0,5756.0,0,0,0,57,eth:ethertype:ip:tcp,31.2,94.9,52.2,160.0,-50.0,84:F3:EB:12:34:56,,,,,0.0,Normal,0.0
1744309934691022,10.42.0.2,10.42.0.1,50211,1883,48,5,0,1,1,0,1,0,185,0,0,0,0,0.0,0,,0,3,"Wakeup: 0, Mode: 0, Reset: 1, Temperature: 32.5, Uptime: 634194, Memory: 94.9, In_Temperature: 52.2°C, CPU: 160, RSSI: -51, MAC: 84:F3:EB:12:34:56, F_Storage: 99.2",test/temperatura,16,0,0,182,0,0,0,0.0,0,0,0,0,0,64.0,5756.0,0,0,0,239,eth:ethertype:ip:tcp:mqtt,32.5,94.9,52.2,160.0,-51.0,84:F3:EB:12:34:56,,,,,0.0,Normal,0.0
1744309934694460,10.42.0.2,10.42.0.1,50211,1883,234,6,0,1,0,0,0,0,0,0,0,0,0,0.0,0,,0,0,,0,0,0,0,0,0,0,0,0.0,0,0,0,0,0,64.0,5755.0,0,0,0,54,eth:ethertype:ip:tcp,32.5,94.9,52.2,160.0,-51.0,84:F3:EB:12:34:56,,,,,0.0,Normal,0.0
1744309964699786,10.42.0.2,10.42.0.1,50212,1883,0,0,1,0,0,0,0,0,0,0,0,0,0,0.0,0,,0,0,,0,0,0,0,0,0,0,0,0.0,0,0,0,0,0,64.0,5760.0,0,0,0,58,eth:ethertype:ip:tcp,32.5,94.9,52.2,160.0,-51.0,84:F3:EB:12:34:56,,,,,0.0,Normal,0.0
1744309964703594,10.42.0.2,10.42.0.1,50212,1883,1,1,0,1,0,0,0,0,0,0,0,0,0,0.0,0,,0,0,,0,0,0,0,0,0,0,0,0.0,0,0,0,0,0,64.0,5760.0,0,0,0,54,eth:ethertype:ip:tcp,32.5,94.9,52.2,160.0,-51.0,84:F3:EB:12:34:56,,,,,0.0,Normal,0.0
1744309964705744,10.42.0.2,10.42.0.1,50212,1883,1,1,0,1,0,0,1,0,3,0,0,0,0,0.0,0,,0,0,,0,0,0,0,0,0,0,0,0.0,0,0,0,0,0,64.0,5760.0,0,0,0,57,eth:ethertype:ip:tcp,32.5,94.9,52.2,160.0,-51.0,84:F3:EB:12:34:56,,,,,0.0,Normal,0.0
1744309964709291,10.42.0.2,10.42.0.1,50212,1883,4,1,0,1,0,0,1,0,29,0,0,0,0,0.0,0,,0,0,,0,0,0,0,0,0,0,0,0.0,0,0,0,0,0,64.0,5760.0,0,0,0,83,eth:ethertype:ip:tcp,32.5,94.9,52.2,160.0,-51.0,84:F3:EB:12:34:56,,,,,0.0,Normal,0.0
1744309964712381,10.42.0.2,10.42.0.1,50212,1883,33,1,0,1,0,0,1,0,12,0,0,0,0,0.0,0,,0,1,,0,0,0,1,42,4,MQTT,4,0.0,0,0,0,0,0,64.0,5760.0,0,0,esp32_a0a3b3edac1c,66,eth:ethertype:ip:tcp:mqtt,32.5,94.9,52.2,160.0,-51.0,84:F3:EB:12:34:56,,,,,0.0,Normal,0.0
1744309964730676,10.42.0.2,10.42.0.1,50212,1883,45,5,0,1,0,0,0,0,0,0,0,0,0,0.0,0,,0,0,,0,0,0,0,0,0,0,0,0.0,0,0,0,0,0,64.0,5756.0,0,0,0,54,eth:ethertype:ip:tcp,32.5,94.9,52.2,160.0,-51.0,84:F3:EB:12:34:56,,,,,0.0,Normal,0.0
1744309964751110,10.42.0.2,10.42.0.1,50212,1883,45,5,0,1,0,0,1,0,3,0,0,0,0,0.0,0,,0,0,,0,0,0,0,0,0,0,0,0.0,0,0,0,0,0,64.0,5756.0,0,0,0,57,eth:ethertype:ip:tcp,32.5,94.9,52.2,160.0,-51.0,84:F3:EB:12:34:56,,,,,0.0,Normal,0.0
1744309964759982,10.42.0.2,10.42.0.1,50212,1883,48,5,0,1,1,0,1,0,185,0,0,0,0,0.0,0,,0,3,"Wakeup: 0, Mode: 0, Reset: 1, Temperature: 38.7, Uptime: 634224, Memory: 94.9, In_Temperature: 52.2°C, CPU: 160, RSSI: -50, MAC: 84:F3:EB:12:34:56, F_Storage: 99.2",test/temperatura,16,0,0,182,0,0,0,0.0,0,0,0,0,0,64.0,5756.0,0,0,0,239,eth:ethertype:ip:tcp:mqtt,38.7,94.9,52.2,160.0,-50.0,84:F3:EB:12:34:56,,,,,0.0,Normal,0.0
1744309964763427,10.42.0.2,10.42.0.1,50212,1883,234,6,0,1,0,0,0,0,0,0,0,0,0,0.0,0,,0,0,,0,0,0,0,0,0,0,0,0.0,0,0,0,0,0,64.0,5755.0,0,0,0,54,eth:ethertype:ip:tcp,38.7,94.9,52.2,160.0,-50.0,84:F3:EB:12:34:56,,,,,0.0,Normal,0.0
1744309994777378,10.42.0.2,10.42.0.1,50213,1883,0,0,1,0,0,0,0,0,0,0,0,0,0,0.0,0,,0,0,,0,0,0,0,0,0,0,0,0.0,0,0,0,0,0,64.0,5760.0,0,0,0,58,eth:ethertype:ip:tcp,38.7,94.9,52.2,160.0,-50.0,84:F3:EB:12:34:56,,,,,0.0,Normal,0.0
1744309994781686,10.42.0.2,10.42.0.1,50213,1883,1,1,0,1,0,0,0,0,0,0,0,0,0,0.0,0,,0,0,,0,0,0,0,0,0,0,0,0.0,0,0,0,0,0,64.0,5760.0,0,0,0,54,eth:ethertype:ip:tcp,38.7,94.9,52.2,160.0,-50.0,84:F3:EB:12:34:56,,,,,0.0,Normal,0.0
1744309994784269,10.42.0.2,10.42.0.1,50213,1883,1,1,0,1,0,0,1,0,3,0,0,0,0,0.0,0,,0,0,,0,0,0,0,0,0,0,0,0.0,0,0,0,0,0,64.0,5760.0,0,0,0,57,eth:ethertype:ip:tcp,38.7,94.9,52.2,160.0,-50.0,84:F3:EB:12:34:56,,,,,0.0,Normal,0.0
1744309994787609,10.42.0.2,10.42.0.1,50213,1883,4,1,0,1,0,0,1,0,31,0,0,0,0,0.0,0,,0,0,,0,0,0,0,0,0,0,0,0.0,0,0,0,0,0,64.0,5760.0,0,0,0,85,eth:ethertype:ip:tcp,38.7,94.9,52.2,160.0,-50.0,84:F3:EB:12:34:56,,,,,0.0,Normal,0.0
1744309994790733,10.42.0.2,10.42.0.1,50213,1883,35,1,0,1,0,0,1,0,10,0,0,0,0,0.0,0,,0,1,,0,0,0,1,42,4,MQTT,4,0.0,0,0,0,0,0,64.0,5760.0,0,0,esp32_a0a3b3edac1c,64,eth:ethertype:ip:tcp:mqtt,38.7,94.9,52.2,160.0,-50.0,84:F3:EB:12:34:56,,,,,0.0,Normal,0.0
1744309994826245,10.42.0.2,10.42.0.1,50213,1883,45,5,0,1,0,0,1,0,3,0,0,0,0,0.0,0,,0,0,,0,0,0,0,0,0,0,0,0.0,0,0,0,0,0,64.0,5756.0,0,0,0,57,eth:ethertype:ip:tcp,38.7,94.9,52.2,160.0,-50.0,84:F3:EB:12:34:56,,,,,0.0,Normal,0.0
1744309994839241,10.42.0.2,10.42.0.1,50213,1883,48,5,0,1,1,0,1,0,185,0,0,0,0,0.0,0,,0,3,"Wakeup: 0, Mode: 0, Reset: 1, Temperature: 29.3, Uptime: 634254, Memory: 94.9, In_Temperature: 52.2°C, CPU: 160, RSSI: -50, MAC: 84:F3:EB:12:34:56, F_Storage: 99.2",test/temperatura,16,0,0,182,0,0,0,0.0,0,0,0,0,0,64.0,5756.0,0,0,0,239,eth:ethertype:ip:tcp:mqtt,29.3,94.9,52.2,160.0,-50.0,84:F3:EB:12:34:56,,,,,0.0,Normal,0.0
1744309994846177,10.42.0.2,10.42.0.1,50213,1883,234,6,0,1,0,0,0,0,0,0,0,0,0,0.0,0,,0,0,,0,0,0,0,0,0,0,0,0.0,0,0,0,0,0,64.0,5755.0,0,0,0,54,eth:ethertype:ip:tcp,29.3,94.9,52.2,160.0,-50.0,84:F3:EB:12:34:56,,,,,0.0,Normal,0.0
1744310024848310,10.42.0.2,10.42.0.1,50214,1883,0,0,1,0,0,0,0,0,0,0,0,0,0,0.0,0,,0,0,,0,0,0,0,0,0,0,0,0.0,0,0,0,0,0,64.0,5760.0,0,0,0,58,eth:ethertype:ip:tcp,29.3,94.9,52.2,160.0,-50.0,84:F3:EB:12:34:56,,,,,0.0,Normal,0.0
1744310024852254,10.42.0.2,10.42.0.1,50214,1883,1,1,0,1,0,0,0,0,0,0,0,0,0,0.0,0,,0,0,,0,0,0,0,0,0,0,0,0.0,0,0,0,0,0,64.0,5760.0,0,0,0,54,eth:ethertype:ip:tcp,29.3,94.9,52.2,160.0,-50.0,84:F3:EB:12:34:56,,,,,0.0,Normal,0.0
1744310024854404,10.42.0.2,10.42.0.1,50214,1883,1,1,0,1,0,0,1,0,3,0,0,0,0,0.0,0,,0,0,,0,0,0,0,0,0,0,0,0.0,0,0,0,0,0,64.0,5760.0,0,0,0,57,eth:ethertype:ip:tcp,29.3,94.9,52.2,160.0,-50.0,84:F3:EB:12:34:56,,,,,0.0,Normal,0.0
1744310024858025,10.42.0.2,10.42.0.1,50214,1883,4,1,0,1,0,0,1,0,29,0,0,0,0,0.0,0,,0,0,,0,0,0,0,0,0,0,0,0.0,0,0,0,0,0,64.0,5760.0,0,0,0,83,eth:ethertype:ip:tcp,29.3,94.9,52.2,160.0,-50.0,84:F3:EB:12:34:56,,,,,0.0,Normal,0.0
1744310024861180,10.42.0.2,10.42.0.1,50214,1883,33,1,0,1,0,0,1,0,12,0,0,0,0,0.0,0,,0,1,,0,0,0,1,42,4,MQTT,4,0.0,0,0,0,0,0,64.0,5760.0,0,0,esp32_a0a3b3edac1c,66,eth:ethertype:ip:tcp:mqtt,29.3,94.9,52.2,160.0,-50.0,84:F3:EB:12:34:56,,,,,0.0,Normal,0.0
1744310024896591,10.42.0.2,10.42.0.1,50214,1883,45,5,0,1,0,0,1,0,3,0,0,0,0,0.0,0,,0,0,,0,0,0,0,0,0,0,0,0.0,0,0,0,0,0,64.0,5756.0,0,0,0,57,eth:ethertype:ip:tcp,29.3,94.9,52.2,160.0,-50.0,84:F3:EB:12:34:56,,,,,0.0,Normal,0.0
1744310024908985,10.42.0.2,10.42.0.1,50214,1883,48,5,0,1,1,0,1,0,185,0,0,0,0,0.0,0,,0,3,"Wakeup: 0, Mode: 0, Reset: 1, Temperature: 40.6, Uptime: 634284, Memory: 94.9, In_Temperature: 52.2°C, CPU: 160, RSSI: -52, MAC: 84:F3:EB:12:34:56, F_Storage: 99.2",test/temperatura,16,0,0,182,0,0,0,0.0,0,0,0,0,0,64.0,5756.0,0,0,0,239,eth:ethertype:ip:tcp:mqtt,40.6,94.9,52.2,160.0,-52.0,84:F3:EB:12:34:56,,,,,0.0,Normal,0.0
1744310024912481,10.42.0.2,10.42.0.1,50214,1883,234,6,0,1,0,0,0,0,0,0,0,0,0,0.0,0,,0,0,,0,0,0,0,0,0,0,0,0.0,0,0,0,0,0,64.0,5755.0,0,0,0,54,eth:ethertype:ip:tcp,40.6,94.9,52.2,160.0,-52.0,84:F3:EB:12:34:56,,,,,0.0,Normal,0.0
1744310054917724,10.42.0.2,10.42.0.1,50215,1883,0,0,1,0,0,0,0,0,0,0,0,0,0,0.0,0,,0,0,,0,0,0,0,0,0,0,0,0.0,0,0,0,0,0,64.0,5760.0,0,0,0,58,eth:ethertype:ip:tcp,40.6,94.9,52.2,160.0,-52.0,84:F3:EB:12:34:56,,,,,0.0,Normal,0.0
1744310054921779,10.42.0.2,10.42.0.1,50215,1883,1,1,0,1,0,0,0,0,0,0,0,0,0,0.0,0,,0,0,,0,0,0,0,0,0,0,0,0.0,0,0,0,0,0,64.0,5760.0,0,0,0,54,eth:ethertype:ip:tcp,40.6,94.9,52.2,160.0,-52.0,84:F3:EB:12:34:56,,,,,0.0,Normal,0.0
1744310054923857,10.42.0.2,10.42.0.1,50215,1883,1,1,0,1,0,0,1,0,3,0,0,0,0,0.0,0,,0,0,,0,0,0,0,0,0,0,0,0.0,0,0,0,0,0,64.0,5760.0,0,0,0,57,eth:ethertype:ip:tcp,40.6,94.9,52.2,160.0,-52.0,84:F3:EB:12:34:56,,,,,0.0,Normal,0.0
1744310054927220,10.42.0.2,10.42.0.1,50215,1883,4,1,0,1,0,0,1,0,29,0,0,0,0,0.0,0,,0,0,,0,0,0,0,0,0,0,0,0.0,0,0,0,0,0,64.0,5760.0,0,0,0,83,eth:ethertype:ip:tcp,40.6,94.9,52.2,160.0,-52.0,84:F3:EB:12:34:56,,,,,0.0,Normal,0.0
1744310054930357,10.42.0.2,10.42.0.1,50215,1883,33,1,0,1,0,0,1,0,12,0,0,0,0,0.0,0,,0,1,,0,0,0,1,42,4,MQTT,4,0.0,0,0,0,0,0,64.0,5760.0,0,0,esp32_a0a3b3edac1c,66,eth:ethertype:ip:tcp:mqtt,40.6,94.9,52.2,160.0,-52.0,84:F3:EB:12:34:56,,,,,0.0,Normal,0.0
1744310054966575,10.42.0.2,10.42.0.1,50215,1883,45,5,0,1,0,0,1,0,3,0,0,0,0,0.0,0,,0,0,,0,0,0,0,0,0,0,0,0.0,0,0,0,0,0,64.0,5756.0,0,0,0,57,eth:ethertype:ip:tcp,40.6,94.9,52.2,160.0,-52.0,84:F3:EB:12:34:56,,,,,0.0,Normal,0.0
1744310054978088,10.42.0.2,10.42.0.1,50215,1883,48,5,0,1,1,0,1,0,185,0,0,0,0,0.0,0,,0,3,"Wakeup: 0, Mode: 0, Reset: 1, Temperature: 26.5, Uptime: 634314, Memory: 94.9, In_Temperature: 52.2°C, CPU: 160, RSSI: -52, MAC: 84:F3:EB:12:34:56, F_Storage: 99.2",test/temperatura,16,0,0,182,0,0,0,0.0,0,0,0,0,0,64.0,5756.0,0,0,0,239,eth:ethertype:ip:tcp:mqtt,26.5,94.9,52.2,160.0,-52.0,84:F3:EB:12:34:56,,,,,0.0,Normal,0.0
1744310054981747,10.42.0.2,10.42.0.1,50215,1883,234,6,0,1,0,0,0,0,0,0,0,0,0,0.0,0,,0,0,,0,0,0,0,0,0,0,0,0.0,0,0,0,0,0,64.0,5755.0,0,0,0,54,eth:ethertype:ip:tcp,26.5,94.9,52.2,160.0,-52.0,84:F3:EB:12:34:56,,,,,0.0,Normal,0.0
1744310084986945,10.42.0.2,10.42.0.1,50216,1883,0,0,1,0,0,0,0,0,0,0,0,0,0,0.0,0,,0,0,,0,0,0,0,0,0,0,0,0.0,0,0,0,0,0,64.0,5760.0,0,0,0,58,eth:ethertype:ip:tcp,26.5,94.9,52.2,160.0,-52.0,84:F3:EB:12:34:56,,,,,0.0,Normal,0.0
1744310084991130,10.42.0.2,10.42.0.1,50216,1883,1,1,0,1,0,0,0,0,0,0,0,0,0,0.0,0,,0,0,,0,0,0,0,0,0,0,0,0.0,0,0,0,0,0,64.0,5760.0,0,0,0,54,eth:ethertype:ip:tcp,26.5,94.9,52.2,160.0,-52.0,84:F3:EB:12:34:56,,,,,0.0,Normal,0.0
1744310084993414,10.42.0.2,10.42.0.1,50216,1883,1,1,0,1,0,0,1,0,3,0,0,0,0,0.0,0,,0,0,,0,0,0,0,0,0,0,0,0.0,0,0,0,0,0,64.0,5760.0,0,0,0,57,eth:ethertype:ip:tcp,26.5,94.9,52.2,160.0,-52.0,84:F3:EB:12:34:56,,,,,0.0,Normal,0.0
1744310084996854,10.42.0.2,10.42.0.1,50216,1883,4,1,0,1,0,0,1,0,31,0,0,0,0,0.0,0,,0,0,,0,0,0,0,0,0,0,0,0.0,0,0,0,0,0,64.0,5760.0,0,0,0,85,eth:ethertype:ip:tcp,26.5,94.9,52.2,160.0,-52.0,84:F3:EB:12:34:56,,,,,0.0,Normal,0.0
1744310085002126,10.42.0.2,10.42.0.1,50216,1883,35,1,0,1,0,0,1,0,10,0,0,0,0,0.0,0,,0,1,,0,0,0,1,42,4,MQTT,4,0.0,0,0,0,0,0,64.0,5760.0,0,0,esp32_a0a3b3edac1c,64,eth:ethertype:ip:tcp:mqtt,26.5,94.9,52.2,160.0,-52.0,84:F3:EB:12:34:56,,,,,0.0,Normal,0.0
1744310085037425,10.42.0.2,10.42.0.1,50216,1883,45,5,0,1,0,0,1,0,3,0,0,0,0,0.0,0,,0,0,,0,0,0,0,0,0,0,0,0.0,0,0,0,0,0,64.0,5756.0,0,0,0,57,eth:ethertype:ip:tcp,26.5,94.9,52.2,160.0,-52.0,84:F3:EB:12:34:56,,,,,0.0,Normal,0.0
1744310085047241,10.42.0.2,10.42.0.1,50216,1883,48,5,0,1,1,0,1,0,185,0,0,0,0,0.0,0,,0,3,"Wakeup: 0, Mode: 0, Reset: 1, Temperature: 32.1, Uptime: 634344, Memory: 94.9, In_Temperature: 52.2°C, CPU: 160, RSSI: -50, MAC: 84:F3:EB:12:34:56, F_Storage: 99.2",test/temperatura,16,0,0,182,0,0,0,0.0,0,0,0,0,0,64.0,5756.0,0,0,0,239,eth:ethertype:ip:tcp:mqtt,32.1,94.9,52.2,160.0,-50.0,84:F3:EB:12:34:56,,,,,0.0,Normal,0.0
1744310085050851,10.42.0.2,10.42.0.1,50216,1883,234,6,0,1,0,0,0,0,0,0,0,0,0,0.0,0,,0,0,,0,0,0,0,0,0,0,0,0.0,0,0,0,0,0,64.0,5755.0,0,0,0,54,eth:ethertype:ip:tcp,32.1,94.9,52.2,160.0,-50.0,84:F3:EB:12:34:56,,,,,0.0,Normal,0.0
1744310115055503,10.42.0.2,10.42.0.1,50217,1883,0,0,1,0,0,0,0,0,0,0,0,0,0,0.0,0,,0,0,,0,0,0,0,0,0,0,0,0.0,0,0,0,0,0,64.0,5760.0,0,0,0,58,eth:ethertype:ip:tcp,32.1,94.9,52.2,160.0,-50.0,84:F3:EB:12:34:56,,,,,0.0,Normal,0.0
1744310115059591,10.42.0.2,10.42.0.1,50217,1883,1,1,0,1,0,0,0,0,0,0,0,0,0,0.0,0,,0,0,,0,0,0,0,0,0,0,0,0.0,0,0,0,0,0,64.0,5760.0,0,0,0,54,eth:ethertype:ip:tcp,32.1,94.9,52.2,160.0,-50.0,84:F3:EB:12:34:56,,,,,0.0,Normal,0.0
1744310115064071,10.42.0.2,10.42.0.1,50217,1883,1,1,0,1,0,0,1,0,3,0,0,0,0,0.0,0,,0,0,,0,0,0,0,0,0,0,0,0.0,0,0,0,0,0,64.0,5760.0,0,0,0,57,eth:ethertype:ip:tcp,32.1,94.9,52.2,160.0,-50.0,84:F3:EB:12:34:56,,,,,0.0,Normal,0.0
1744310115067728,10.42.0.2,10.42.0.1,50217,1883,4,1,0,1,0,0,1,0,41,0,0,0,0,0.0,0,,0,1,,0,0,0,1,42,4,MQTT,4,0.0,0,0,0,0,0,64.0,5760.0,0,0,esp32_a0a3b3edac1c,95,eth:ethertype:ip:tcp:mqtt,32.1,94.9,52.2,160.0,-50.0,84:F3:EB:12:34:56,,,,,0.0,Normal,0.0
1744310115107060,10.42.0.2,10.42.0.1,50217,1883,45,5,0,1,0,0,1,0,3,0,0,0,0,0.0,0,,0,0,,0,0,0,0,0,0,0,0,0.0,0,0,0,0,0,64.0,5756.0,0,0,0,57,eth:ethertype:ip:tcp,32.1,94.9,52.2,160.0,-50.0,84:F3:EB:12:34:56,,,,,0.0,Normal,0.0
1744310115116632,10.42.0.2,10.42.0.1,50217,1883,48,5,0,1,1,0,1,0,185,0,0,0,0,0.0,0,,0,3,"Wakeup: 0, Mode: 0, Reset: 1, Temperature: 37.4, Uptime: 634374, Memory: 94.9, In_Temperature: 52.2°C, CPU: 160, RSSI: -50, MAC: 84:F3:EB:12:34:56, F_Storage: 99.2",test/temperatura,16,0,0,182,0,0,0,0.0,0,0,0,0,0,64.0,5756.0,0,0,0,239,eth:ethertype:ip:tcp:mqtt,37.4,94.9,52.2,160.0,-50.0,84:F3:EB:12:34:56,,,,,0.0,Normal,0.0
1744310115120004,10.42.0.2,10.42.0.1,50217,1883,234,6,0,1,0,0,0,0,0,0,0,0,0,0.0,0,,0,0,,0,0,0,0,0,0,0,0,0.0,0,0,0,0,0,64.0,5755.0,0,0,0,54,eth:ethertype:ip:tcp,37.4,94.9,52.2,160.0,-50.0,84:F3:EB:12:34:56,,,,,0.0,Normal,0.0
1744310145125258,10.42.0.2,10.42.0.1,50218,1883,0,0,1,0,0,0,0,0,0,0,0,0,0,0.0,0,,0,0,,0,0,0,0,0,0,0,0,0.0,0,0,0,0,0,64.0,5760.0,0,0,0,58,eth:ethertype:ip:tcp,37.4,94.9,52.2,160.0,-50.0,84:F3:EB:12:34:56,,,,,0.0,Normal,0.0
1744310145128910,10.42.0.2,10.42.0.1,50218,1883,1,1,0,1,0,0,0,0,0,0,0,0,0,0.0,0,,0,0,,0,0,0,0,0,0,0,0,0.0,0,0,0,0,0,64.0,5760.0,0,0,0,54,eth:ethertype:ip:tcp,37.4,94.9,52.2,160.0,-50.0,84:F3:EB:12:34:56,,,,,0.0,Normal,0.0
1744310145130958,10.42.0.2,10.42.0.1,50218,1883,1,1,0,1,0,0,1,0,3,0,0,0,0,0.0,0,,0,0,,0,0,0,0,0,0,0,0,0.0,0,0,0,0,0,64.0,5760.0,0,0,0,57,eth:ethertype:ip:tcp,37.4,94.9,52.2,160.0,-50.0,84:F3:EB:12:34:56,,,,,0.0,Normal,0.0
1744310145134578,10.42.0.2,10.42.0.1,50218,1883,4,1,0,1,0,0,1,0,29,0,0,0,0,0.0,0,,0,0,,0,0,0,0,0,0,0,0,0.0,0,0,0,0,0,64.0,5760.0,0,0,0,83,eth:ethertype:ip:tcp,37.4,94.9,52.2,160.0,-50.0,84:F3:EB:12:34:56,,,,,0.0,Normal,0.0
1744310145137547,10.42.0.2,10.42.0.1,50218,1883,33,1,0,1,0,0,1,0,12,0,0,0,0,0.0,0,,0,1,,0,0,0,1,42,4,MQTT,4,0.0,0,0,0,0,0,64.0,5760.0,0,0,esp32_a0a3b3edac1c,66,eth:ethertype:ip:tcp:mqtt,37.4,94.9,52.2,160.0,-50.0,84:F3:EB:12:34:56,,,,,0.0,Normal,0.0
1744310145174400,10.42.0.2,10.42.0.1,50218,1883,45,5,0,1,0,0,1,0,3,0,0,0,0,0.0,0,,0,0,,0,0,0,0,0,0,0,0,0.0,0,0,0,0,0,64.0,5756.0,0,0,0,57,eth:ethertype:ip:tcp,37.4,94.9,52.2,160.0,-50.0,84:F3:EB:12:34:56,,,,,0.0,Normal,0.0
1744310145186066,10.42.0.2,10.42.0.1,50218,1883,48,5,0,1,1,0,1,0,185,0,0,0,0,0.0,0,,0,3,"Wakeup: 0, Mode: 0, Reset: 1, Temperature: 38.8, Uptime: 634404, Memory: 94.9, In_Temperature: 52.2°C, CPU: 160, RSSI: -52, MAC: 84:F3:EB:12:34:56, F_Storage: 99.2",test/temperatura,16,0,0,182,0,0,0,0.0,0,0,0,0,0,64.0,5756.0,0,0,0,239,eth:ethertype:ip:tcp:mqtt,38.8,94.9,52.2,160.0,-52.0,84:F3:EB:12:34:56,,,,,0.0,Normal,0.0
1744310145189645,10.42.0.2,10.42.0.1,50218,1883,234,6,0,1,0,0,0,0,0,0,0,0,0,0.0,0,,0,0,,0,0,0,0,0,0,0,0,0.0,0,0,0,0,0,64.0,5755.0,0,0,0,54,eth:ethertype:ip:tcp,38.8,94.9,52.2,160.0,-52.0,84:F3:EB:12:34:56,,,,,0.0,Normal,0.0
1744310175194983,10.42.0.2,10.42.0.1,50219,1883,0,0,1,0,0,0,0,0,0,0,0,0,0,0.0,0,,0,0,,0,0,0,0,0,0,0,0,0.0,0,0,0,0,0,64.0,5760.0,0,0,0,58,eth:ethertype:ip:tcp,38.8,94.9,52.2,160.0,-52.0,84:F3:EB:12:34:56,,,,,0.0,Normal,0.0
1744310175198987,10.42.0.2,10.42.0.1,50219,1883,1,1,0,1,0,0,0,0,0,0,0,0,0,0.0,0,,0,0,,0,0,0,0,0,0,0,0,0.0,0,0,0,0,0,64.0,5760.0,0,0,0,54,eth:ethertype:ip:tcp,38.8,94.9,52.2,160.0,-52.0,84:F3:EB:12:34:56,,,,,0.0,Normal,0.0
1744310175201092,10.42.0.2,10.42.0.1,50219,1883,1,1,0,1,0,0,1,0,3,0,0,0,0,0.0,0,,0,0,,0,0,0,0,0,0,0,0,0.0,0,0,0,0,0,64.0,5760.0,0,0,0,57,eth:ethertype:ip:tcp,38.8,94.9,52.2,160.0,-52.0,84:F3:EB:12:34:56,,,,,0.0,Normal,0.0
1744310175205886,10.42.0.2,10.42.0.1,50219,1883,4,1,0,1,0,0,1,0,41,0,0,0,0,0.0,0,,0,1,,0,0,0,1,42,4,MQTT,4,0.0,0,0,0,0,0,64.0,5760.0,0,0,esp32_a0a3b3edac1c,95,eth:ethertype:ip:tcp:mqtt,38.8,94.9,52.2,160.0,-52.0,84:F3:EB:12:34:56,,,,,0.0,Normal,0.0
1744310175225720,10.42.0.2,10.42.0.1,50219,1883,45,5,0,1,0,0,0,0,0,0,0,0,0,0.0,0,,0,0,,0,0,0,0,0,0,0,0,0.0,0,0,0,0,0,64.0,5756.0,0,0,0,54,eth:ethertype:ip:tcp,38.8,94.9,52.2,160.0,-52.0,84:F3:EB:12:34:56,,,,,0.0,Normal,0.0
1744310175242755,10.42.0.2,10.42.0.1,50219,1883,45,5,0,1,0,0,1,0,3,0,0,0,0,0.0,0,,0,0,,0,0,0,0,0,0,0,0,0.0,0,0,0,0,0,64.0,5756.0,0,0,0,57,eth:ethertype:ip:tcp,38.8,94.9,52.2,160.0,-52.0,84:F3:EB:12:34:56,,,,,0.0,Normal,0.0
1744310175255331,10.42.0.2,10.42.0.1,50219,1883,48,5,0,1,1,0,1,0,185,0,0,0,0,0.0,0,,0,3,"Wakeup: 0, Mode: 0, Reset: 1, Temperature: 34.8, Uptime: 634434, Memory: 94.9, In_Temperature: 52.2°C, CPU: 160, RSSI: -50, MAC: 84:F3:EB:12:34:56, F_Storage: 99.2",test/temperatura,16,0,0,182,0,0,0,0.0,0,0,0,0,0,64.0,5756.0,0,0,0,239,eth:ethertype:ip:tcp:mqtt,34.8,94.9,52.2,160.0,-50.0,84:F3:EB:12:34:56,,,,,0.0,Normal,0.0
1744310175258692,10.42.0.2,10.42.0.1,50219,1883,234,6,0,1,0,0,0,0,0,0,0,0,0,0.0,0,,0,0,,0,0,0,0,0,0,0,0,0.0,0,0,0,0,0,64.0,5755.0,0,0,0,54,eth:ethertype:ip:tcp,34.8,94.9,52.2,160.0,-50.0,84:F3:EB:12:34:56,,,,,0.0,Normal,0.0
1744310205264191,10.42.0.2,10.42.0.1,50220,1883,0,0,1,0,0,0,0,0,0,0,0,0,0,0.0,0,,0,0,,0,0,0,0,0,0,0,0,0.0,0,0,0,0,0,64.0,5760.0,0,0,0,58,eth:ethertype:ip:tcp,34.8,94.9,52.2,160.0,-50.0,84:F3:EB:12:34:56,,,,,0.0,Normal,0.0
1744310205270672,10.42.0.2,10.42.0.1,50220,1883,1,1,0,1,0,0,0,0,0,0,0,0,0,0.0,0,,0,0,,0,0,0,0,0,0,0,0,0.0,0,0,0,0,0,64.0,5760.0,0,0,0,54,eth:ethertype:ip:tcp,34.8,94.9,52.2,160.0,-50.0,84:F3:EB:12:34:56,,,,,0.0,Normal,0.0
1744310205270736,10.42.0.2,10.42.0.1,50220,1883,1,1,0,1,0,0,1,0,3,0,0,0,0,0.0,0,,0,0,,0,0,0,0,0,0,0,0,0.0,0,0,0,0,0,64.0,5760.0,0,0,0,57,eth:ethertype:ip:tcp,34.8,94.9,52.2,160.0,-50.0,84:F3:EB:12:34:56,,,,,0.0,Normal,0.0
1744310205278293,10.42.0.2,10.42.0.1,50220,1883,4,1,0,1,0,0,1,0,41,0,0,0,0,0.0,0,,0,1,,0,0,0,1,42,4,MQTT,4,0.0,0,0,0,0,0,64.0,5760.0,0,0,esp32_a0a3b3edac1c,95,eth:ethertype:ip:tcp:mqtt,34.8,94.9,52.2,160.0,-50.0,84:F3:EB:12:34:56,,,,,0.0,Normal,0.0
1744310205314036,10.42.0.2,10.42.0.1,50220,1883,45,5,0,1,0,0,1,0,3,0,0,0,0,0.0,0,,0,0,,0,0,0,0,0,0,0,0,0.0,0,0,0,0,0,64.0,5756.0,0,0,0,57,eth:ethertype:ip:tcp,34.8,94.9,52.2,160.0,-50.0,84:F3:EB:12:34:56,,,,,0.0,Normal,0.0
1744310205324574,10.42.0.2,10.42.0.1,50220,1883,48,5,0,1,1,0,1,0,185,0,0,0,0,0.0,0,,0,3,"Wakeup: 0, Mode: 0, Reset: 1, Temperature: 28.5, Uptime: 634464, Memory: 94.9, In_Temperature: 52.2°C, CPU: 160, RSSI: -51, MAC: 84:F3:EB:12:34:56, F_Storage: 99.2",test/temperatura,16,0,0,182,0,0,0,0.0,0,0,0,0,0,64.0,5756.0,0,0,0,239,eth:ethertype:ip:tcp:mqtt,28.5,94.9,52.2,160.0,-51.0,84:F3:EB:12:34:56,,,,,0.0,Normal,0.0
1744310205327999,10.42.0.2,10.42.0.1,50220,1883,234,6,0,1,0,0,0,0,0,0,0,0,0,0.0,0,,0,0,,0,0,0,0,0,0,0,0,0.0,0,0,0,0,0,64.0,5755.0,0,0,0,54,eth:ethertype:ip:tcp,28.5,94.9,52.2,160.0,-51.0,84:F3:EB:12:34:56,,,,,0.0,Normal,0.0
1744310235333661,10.42.0.2,10.42.0.1,50221,1883,0,0,1,0,0,0,0,0,0,0,0,0,0,0.0,0,,0,0,,0,0,0,0,0,0,0,0,0.0,0,0,0,0,0,64.0,5760.0,0,0,0,58,eth:ethertype:ip:tcp,28.5,94.9,52.2,160.0,-51.0,84:F3:EB:12:34:56,,,,,0.0,Normal,0.0
1744310235337699,10.42.0.2,10.42.0.1,50221,1883,1,1,0,1,0,0,0,0,0,0,0,0,0,0.0,0,,0,0,,0,0,0,0,0,0,0,0,0.0,0,0,0,0,0,64.0,5760.0,0,0,0,54,eth:ethertype:ip:tcp,28.5,94.9,52.2,160.0,-51.0,84:F3:EB:12:34:56,,,,,0.0,Normal,0.0
1744310235339904,10.42.0.2,10.42.0.1,50221,1883,1,1,0,1,0,0,1,0,3,0,0,0,0,0.0,0,,0,0,,0,0,0,0,0,0,0,0,0.0,0,0,0,0,0,64.0,5760.0,0,0,0,57,eth:ethertype:ip:tcp,28.5,94.9,52.2,160.0,-51.0,84:F3:EB:12:34:56,,,,,0.0,Normal,0.0
1744310235346178,10.42.0.2,10.42.0.1,50221,1883,4,1,0,1,0,0,1,0,29,0,0,0,0,0.0,0,,0,0,,0,0,0,0,0,0,0,0,0.0,0,0,0,0,0,64.0,5760.0,0,0,0,83,eth:ethertype:ip:tcp,28.5,94.9,52.2,160.0,-51.0,84:F3:EB:12:34:56,,,,,0.0,Normal,0.0
1744310235348912,10.42.0.2,10.42.0.1,50221,1883,33,1,0,1,0,0,1,0,12,0,0,0,0,0.0,0,,0,1,,0,0,0,1,42,4,MQTT,4,0.0,0,0,0,0,0,64.0,5760.0,0,0,esp32_a0a3b3edac1c,66,eth:ethertype:ip:tcp:mqtt,28.5,94.9,52.2,160.0,-51.0,84:F3:EB:12:34:56,,,,,0.0,Normal,0.0
1744310235386877,10.42.0.2,10.42.0.1,50221,1883,45,5,0,1,0,0,1,0,3,0,0,0,0,0.0,0,,0,0,,0,0,0,0,0,0,0,0,0.0,0,0,0,0,0,64.0,5756.0,0,0,0,57,eth:ethertype:ip:tcp,28.5,94.9,52.2,160.0,-51.0,84:F3:EB:12:34:56,,,,,0.0,Normal,0.0
1744310235393980,10.42.0.2,10.42.0.1,50221,1883,48,5,0,1,1,0,1,0,185,0,0,0,0,0.0,0,,0,3,"Wakeup: 0, Mode: 0, Reset: 1, Temperature: 35.1, Uptime: 634494, Memory: 94.9, In_Temperature: 52.2°C, CPU: 160, RSSI: -51, MAC: 84:F3:EB:12:34:56, F_Storage: 99.2",test/temperatura,16,0,0,182,0,0,0,0.0,0,0,0,0,0,64.0,5756.0,0,0,0,239,eth:ethertype:ip:tcp:mqtt,35.1,94.9,52.2,160.0,-51.0,84:F3:EB:12:34:56,,,,,0.0,Normal,0.0
1744310235397368,10.42.0.2,10.42.0.1,50221,1883,234,6,0,1,0,0,0,0,0,0,0,0,0,0.0,0,,0,0,,0,0,0,0,0,0,0,0,0.0,0,0,0,0,0,64.0,5755.0,0,0,0,54,eth:ethertype:ip:tcp,35.1,94.9,52.2,160.0,-51.0,84:F3:EB:12:34:56,,,,,0.0,Normal,0.0
1744310265411347,10.42.0.2,10.42.0.1,50222,1883,0,0,1,0,0,0,0,0,0,0,0,0,0,0.0,0,,0,0,,0,0,0,0,0,0,0,0,0.0,0,0,0,0,0,64.0,5760.0,0,0,0,58,eth:ethertype:ip:tcp,35.1,94.9,52.2,160.0,-51.0,84:F3:EB:12:34:56,,,,,0.0,Normal,0.0
1744310265415289,10.42.0.2,10.42.0.1,50222,1883,1,1,0,1,0,0,0,0,0,0,0,0,0,0.0,0,,0,0,,0,0,0,0,0,0,0,0,0.0,0,0,0,0,0,64.0,5760.0,0,0,0,54,eth:ethertype:ip:tcp,35.1,94.9,52.2,160.0,-51.0,84:F3:EB:12:34:56,,,,,0.0,Normal,0.0
1744310265417460,10.42.0.2,10.42.0.1,50222,1883,1,1,0,1,0,0,1,0,3,0,0,0,0,0.0,0,,0,0,,0,0,0,0,0,0,0,0,0.0,0,0,0,0,0,64.0,5760.0,0,0,0,57,eth:ethertype:ip:tcp,35.1,94.9,52.2,160.0,-51.0,84:F3:EB:12:34:56,,,,,0.0,Normal,0.0
1744310265421153,10.42.0.2,10.42.0.1,50222,1883,4,1,0,1,0,0,1,0,31,0,0,0,0,0.0,0,,0,0,,0,0,0,0,0,0,0,0,0.0,0,0,0,0,0,64.0,5760.0,0,0,0,85,eth:ethertype:ip:tcp,35.1,94.9,52.2,160.0,-51.0,84:F3:EB:12:34:56,,,,,0.0,Normal,0.0
1744310265424186,10.42.0.2,10.42.0.1,50222,1883,35,1,0,1,0,0,1,0,10,0,0,0,0,0.0,0,,0,1,,0,0,0,1,42,4,MQTT,4,0.0,0,0,0,0,0,64.0,5760.0,0,0,esp32_a0a3b3edac1c,64,eth:ethertype:ip:tcp:mqtt,35.1,94.9,52.2,160.0,-51.0,84:F3:EB:12:34:56,,,,,0.0,Normal,0.0
1744310265459399,10.42.0.2,10.42.0.1,50222,1883,45,5,0,1,0,0,1,0,3,0,0,0,0,0.0,0,,0,0,,0,0,0,0,0,0,0,0,0.0,0,0,0,0,0,64.0,5756.0,0,0,0,57,eth:ethertype:ip:tcp,35.1,94.9,52.2,160.0,-51.0,84:F3:EB:12:34:56,,,,,0.0,Normal,0.0
1744310265476794,10.42.0.2,10.42.0.1,50222,1883,48,5,0,1,1,0,1,0,185,0,0,0,0,0.0,0,,0,3,"Wakeup: 0, Mode: 0, Reset: 1, Temperature: 37.1, Uptime: 634524, Memory: 94.9, In_Temperature: 52.2°C, CPU: 160, RSSI: -50, MAC: 84:F3:EB:12:34:56, F_Storage: 99.2",test/temperatura,16,0,0,182,0,0,0,0.0,0,0,0,0,0,64.0,5756.0,0,0,0,239,eth:ethertype:ip:tcp:mqtt,37.1,94.9,52.2,160.0,-50.0,84:F3:EB:12:34:56,,,,,0.0,Normal,0.0
1744310265480099,10.42.0.2,10.42.0.1,50222,1883,234,6,0,1,0,0,0,0,0,0,0,0,0,0.0,0,,0,0,,0,0,0,0,0,0,0,0,0.0,0,0,0,0,0,64.0,5755.0,0,0,0,54,eth:ethertype:ip:tcp,37.1,94.9,52.2,160.0,-50.0,84:F3:EB:12:34:56,,,,,0.0,Normal,0.0
1744310295481312,10.42.0.2,10.42.0.1,50223,1883,0,0,1,0,0,0,0,0,0,0,0,0,0,0.0,0,,0,0,,0,0,0,0,0,0,0,0,0.0,0,0,0,0,0,64.0,5760.0,0,0,0,58,eth:ethertype:ip:tcp,37.1,94.9,52.2,160.0,-50.0,84:F3:EB:12:34:56,,,,,0.0,Normal,0.0
1744310295485175,10.42.0.2,10.42.0.1,50223,1883,1,1,0,1,0,0,0,0,0,0,0,0,0,0.0,0,,0,0,,0,0,0,0,0,0,0,0,0.0,0,0,0,0,0,64.0,5760.0,0,0,0,54,eth:ethertype:ip:tcp,37.1,94.9,52.2,160.0,-50.0,84:F3:EB:12:34:56,,,,,0.0,Normal,0.0
1744310295488793,10.42.0.2,10.42.0.1,50223,1883,1,1,0,1,0,0,1,0,3,0,0,0,0,0.0,0,,0,0,,0,0,0,0,0,0,0,0,0.0,0,0,0,0,0,64.0,5760.0,0,0,0,57,eth:ethertype:ip:tcp,37.1,94.9,52.2,160.0,-50.0,84:F3:EB:12:34:56,,,,,0.0,Normal,0.0
1744310295493918,10.42.0.2,10.42.0.1,50223,1883,4,1,0,1,0,0,1,0,41,0,0,0,0,0.0,0,,0,1,,0,0,0,1,42,4,MQTT,4,0.0,0,0,0,0,0,64.0,5760.0,0,0,esp32_a0a3b3edac1c,95,eth:ethertype:ip:tcp:mqtt,37.1,94.9,52.2,160.0,-50.0,84:F3:EB:12:34:56,,,,,0.0,Normal,0.0
1744310295529184,10.42.0.2,10.42.0.1,50223,1883,45,5,0,1,0,0,1,0,3,0,0,0,0,0.0,0,,0,0,,0,0,0,0,0,0,0,0,0.0,0,0,0,0,0,64.0,5756.0,0,0,0,57,eth:ethertype:ip:tcp,37.1,94.9,52.2,160.0,-50.0,84:F3:EB:12:34:56,,,,,0.0,Normal,0.0
1744310295544600,10.42.0.2,10.42.0.1,50223,1883,48,5,0,1,1,0,1,0,185,0,0,0,0,0.0,0,,0,3,"Wakeup: 0, Mode: 0, Reset: 1, Temperature: 37.8, Uptime: 634555, Memory: 94.9, In_Temperature: 52.2°C, CPU: 160, RSSI: -50, MAC: 84:F3:EB:12:34:56, F_Storage: 99.2",test/temperatura,16,0,0,182,0,0,0,0.0,0,0,0,0,0,64.0,5756.0,0,0,0,239,eth:ethertype:ip:tcp:mqtt,37.8,94.9,52.2,160.0,-50.0,84:F3:EB:12:34:56,,,,,0.0,Normal,0.0
1744310295547958,10.42.0.2,10.42.0.1,50223,1883,234,6,0,1,0,0,0,0,0,0,0,0,0,0.0,0,,0,0,,0,0,0,0,0,0,0,0,0.0,0,0,0,0,0,64.0,5755.0,0,0,0,54,eth:ethertype:ip:tcp,37.8,94.9,52.2,160.0,-50.0,84:F3:EB:12:34:56,,,,,0.0,Normal,0.0
1744310325551636,10.42.0.2,10.42.0.1,50224,1883,0,0,1,0,0,0,0,0,0,0,0,0,0,0.0,0,,0,0,,0,0,0,0,0,0,0,0,0.0,0,0,0,0,0,64.0,5760.0,0,0,0,58,eth:ethertype:ip:tcp,37.8,94.9,52.2,160.0,-50.0,84:F3:EB:12:34:56,,,,,0.0,Normal,0.0
1744310325556163,10.42.0.2,10.42.0.1,50224,1883,1,1,0,1,0,0,0,0,0,0,0,0,0,0.0,0,,0,0,,0,0,0,0,0,0,0,0,0.0,0,0,0,0,0,64.0,5760.0,0,0,0,54,eth:ethertype:ip:tcp,37.8,94.9,52.2,160.0,-50.0,84:F3:EB:12:34:56,,,,,0.0,Normal,0.0
1744310325558148,10.42.0.2,10.42.0.1,50224,1883,1,1,0,1,0,0,1,0,3,0,0,0,0,0.0,0,,0,0,,0,0,0,0,0,0,0,0,0.0,0,0,0,0,0,64.0,5760.0,0,0,0,57,eth:ethertype:ip:tcp,37.8,94.9,52.2,160.0,-50.0,84:F3:EB:12:34:56,,,,,0.0,Normal,0.0
1744310325561705,10.42.0.2,10.42.0.1,50224,1883,4,1,0,1,0,0,1,0,29,0,0,0,0,0.0,0,,0,0,,0,0,0,0,0,0,0,0,0.0,0,0,0,0,0,64.0,5760.0,0,0,0,83,eth:ethertype:ip:tcp,37.8,94.9,52.2,160.0,-50.0,84:F3:EB:12:34:56,,,,,0.0,Normal,0.0
1744310325564694,10.42.0.2,10.42.0.1,50224,1883,33,1,0,1,0,0,1,0,12,0,0,0,0,0.0,0,,0,1,,0,0,0,1,42,4,MQTT,4,0.0,0,0,0,0,0,64.0,5760.0,0,0,esp32_a0a3b3edac1c,66,eth:ethertype:ip:tcp:mqtt,37.8,94.9,52.2,160.0,-50.0,84:F3:EB:12:34:56,,,,,0.0,Normal,0.0
1744310325601162,10.42.0.2,10.42.0.1,50224,1883,45,5,0,1,0,0,1,0,3,0,0,0,0,0.0,0,,0,0,,0,0,0,0,0,0,0,0,0.0,0,0,0,0,0,64.0,5756.0,0,0,0,57,eth:ethertype:ip:tcp,37.8,94.9,52.2,160.0,-50.0,84:F3:EB:12:34:56,,,,,0.0,Normal,0.0
1744310325612022,10.42.0.2,10.42.0.1,50224,1883,48,5,0,1,1,0,1,0,185,0,0,0,0,0.0,0,,0,3,"Wakeup: 0, Mode: 0, Reset: 1, Temperature: 35.3, Uptime: 634585, Memory: 94.9, In_Temperature: 52.2°C, CPU: 160, RSSI: -50, MAC: 84:F3:EB:12:34:56, F_Storage: 99.2",test/temperatura,16,0,0,182,0,0,0,0.0,0,0,0,0,0,64.0,5756.0,0,0,0,239,eth:ethertype:ip:tcp:mqtt,35.3,94.9,52.2,160.0,-50.0,84:F3:EB:12:34:56,,,,,0.0,Normal,0.0
1744310325615461,10.42.0.2,10.42.0.1,50224,1883,234,6,0,1,0,0,0,0,0,0,0,0,0,0.0,0,,0,0,,0,0,0,0,0,0,0,0,0.0,0,0,0,0,0,64.0,5755.0,0,0,0,54,eth:ethertype:ip:tcp,35.3,94.9,52.2,160.0,-50.0,84:F3:EB:12:34:56,,,,,0.0,Normal,0.0
1744310355620868,10.42.0.2,10.42.0.1,50225,1883,0,0,1,0,0,0,0,0,0,0,0,0,0,0.0,0,,0,0,,0,0,0,0,0,0,0,0,0.0,0,0,0,0,0,64.0,5760.0,0,0,0,58,eth:ethertype:ip:tcp,35.3,94.9,52.2,160.0,-50.0,84:F3:EB:12:34:56,,,,,0.0,Normal,0.0
1744310355628284,10.42.0.2,10.42.0.1,50225,1883,1,1,0,1,0,0,0,0,0,0,0,0,0,0.0,0,,0,0,,0,0,0,0,0,0,0,0,0.0,0,0,0,0,0,64.0,5760.0,0,0,0,54,eth:ethertype:ip:tcp,35.3,94.9,52.2,160.0,-50.0,84:F3:EB:12:34:56,,,,,0.0,Normal,0.0
1744310355628353,10.42.0.2,10.42.0.1,50225,1883,1,1,0,1,0,0,1,0,3,0,0,0,0,0.0,0,,0,0,,0,0,0,0,0,0,0,0,0.0,0,0,0,0,0,64.0,5760.0,0,0,0,57,eth:ethertype:ip:tcp,35.3,94.9,52.2,160.0,-50.0,84:F3:EB:12:34:56,,,,,0.0,Normal,0.0
1744310355631910,10.42.0.2,10.42.0.1,50225,1883,4,1,0,1,0,0,1,0,35,0,0,0,0,0.0,0,,0,0,,0,0,0,0,0,0,0,0,0.0,0,0,0,0,0,64.0,5760.0,0,0,0,89,eth:ethertype:ip:tcp,35.3,94.9,52.2,160.0,-50.0,84:F3:EB:12:34:56,,,,,0.0,Normal,0.0
1744310355634725,10.42.0.2,10.42.0.1,50225,1883,39,1,0,1,0,0,1,0,6,0,0,0,0,0.0,0,,0,1,,0,0,0,1,42,4,MQTT,4,0.0,0,0,0,0,0,64.0,5760.0,0,0,esp32_a0a3b3edac1c,60,eth:ethertype:ip:tcp:mqtt,35.3,94.9,52.2,160.0,-50.0,84:F3:EB:12:34:56,,,,,0.0,Normal,0.0
1744310355670241,10.42.0.2,10.42.0.1,50225,1883,45,5,0,1,0,0,1,0,3,0,0,0,0,0.0,0,,0,0,,0,0,0,0,0,0,0,0,0.0,0,0,0,0,0,64.0,5756.0,0,0,0,57,eth:ethertype:ip:tcp,35.3,94.9,52.2,160.0,-50.0,84:F3:EB:12:34:56,,,,,0.0,Normal,0.0
1744310355681695,10.42.0.2,10.42.0.1,50225,1883,48,5,0,1,1,0,1,0,185,0,0,0,0,0.0,0,,0,3,"Wakeup: 0, Mode: 0, Reset: 1, Temperature: 28.1, Uptime: 634615, Memory: 94.9, In_Temperature: 52.2°C, CPU: 160, RSSI: -52, MAC: 84:F3:EB:12:34:56, F_Storage: 99.2",test/temperatura,16,0,0,182,0,0,0,0.0,0,0,0,0,0,64.0,5756.0,0,0,0,239,eth:ethertype:ip:tcp:mqtt,28.1,94.9,52.2,160.0,-52.0,84:F3:EB:12:34:56,,,,,0.0,Normal,0.0
1744310355685099,10.42.0.2,10.42.0.1,50225,1883,234,6,0,1,0,0,0,0,0,0,0,0,0,0.0,0,,0,0,,0,0,0,0,0,0,0,0,0.0,0,0,0,0,0,64.0,5755.0,0,0,0,54,eth:ethertype:ip:tcp,28.1,94.9,52.2,160.0,-52.0,84:F3:EB:12:34:56,,,,,0.0,Normal,0.0
1744310385690245,10.42.0.2,10.42.0.1,50226,1883,0,0,1,0,0,0,0,0,0,0,0,0,0,0.0,0,,0,0,,0,0,0,0,0,0,0,0,0.0,0,0,0,0,0,64.0,5760.0,0,0,0,58,eth:ethertype:ip:tcp,28.1,94.9,52.2,160.0,-52.0,84:F3:EB:12:34:56,,,,,0.0,Normal,0.0
1744310385694607,10.42.0.2,10.42.0.1,50226,1883,1,1,0,1,0,0,0,0,0,0,0,0,0,0.0,0,,0,0,,0,0,0,0,0,0,0,0,0.0,0,0,0,0,0,64.0,5760.0,0,0,0,54,eth:ethertype:ip:tcp,28.1,94.9,52.2,160.0,-52.0,84:F3:EB:12:34:56,,,,,0.0,Normal,0.0
1744310385696636,10.42.0.2,10.42.0.1,50226,1883,1,1,0,1,0,0,1,0,3,0,0,0,0,0.0,0,,0,0,,0,0,0,0,0,0,0,0,0.0,0,0,0,0,0,64.0,5760.0,0,0,0,57,eth:ethertype:ip:tcp,28.1,94.9,52.2,160.0,-52.0,84:F3:EB:12:34:56,,,,,0.0,Normal,0.0
1744310385700057,10.42.0.2,10.42.0.1,50226,1883,4,1,0,1,0,0,1,0,29,0,0,0,0,0.0,0,,0,0,,0,0,0,0,0,0,0,0,0.0,0,0,0,0,0,64.0,5760.0,0,0,0,83,eth:ethertype:ip:tcp,28.1,94.9,52.2,160.0,-52.0,84:F3:EB:12:34:56,,,,,0.0,Normal,0.0
1744310385706989,10.42.0.2,10.42.0.1,50226,1883,33,1,0,1,0,0,1,0,12,0,0,0,0,0.0,0,,0,1,,0,0,0,1,42,4,MQTT,4,0.0,0,0,0,0,0,64.0,5760.0,0,0,esp32_a0a3b3edac1c,66,eth:ethertype:ip:tcp:mqtt,28.1,94.9,52.2,160.0,-52.0,84:F3:EB:12:34:56,,,,,0.0,Normal,0.0
1744310385721059,10.42.0.2,10.42.0.1,50226,1883,45,5,0,1,0,0,0,0,0,0,0,0,0,0.0,0,,0,0,,0,0,0,0,0,0,0,0,0.0,0,0,0,0,0,64.0,5756.0,0,0,0,54,eth:ethertype:ip:tcp,28.1,94.9,52.2,160.0,-52.0,84:F3:EB:12:34:56,,,,,0.0,Normal,0.0
1744310385743980,10.42.0.2,10.42.0.1,50226,1883,45,5,0,1,0,0,1,0,3,0,0,0,0,0.0,0,,0,0,,0,0,0,0,0,0,0,0,0.0,0,0,0,0,0,64.0,5756.0,0,0,0,57,eth:ethertype:ip:tcp,28.1,94.9,52.2,160.0,-52.0,84:F3:EB:12:34:56,,,,,0.0,Normal,0.0
1744310385760663,10.42.0.2,10.42.0.1,50226,1883,48,5,0,1,1,0,1,0,185,0,0,0,0,0.0,0,,0,3,"Wakeup: 0, Mode: 0, Reset: 1, Temperature: 38.0, Uptime: 634645, Memory: 94.9, In_Temperature: 52.2°C, CPU: 160, RSSI: -52, MAC: 84:F3:EB:12:34:56, F_Storage: 99.2",test/temperatura,16,0,0,182,0,0,0,0.0,0,0,0,0,0,64.0,5756.0,0,0,0,239,eth:ethertype:ip:tcp:mqtt,38.0,94.9,52.2,160.0,-52.0,84:F3:EB:12:34:56,,,,,0.0,Normal,0.0
1744310385764468,10.42.0.2,10.42.0.1,50226,1883,234,6,0,1,0,0,0,0,0,0,0,0,0,0.0,0,,0,0,,0,0,0,0,0,0,0,0,0.0,0,0,0,0,0,64.0,5755.0,0,0,0,54,eth:ethertype:ip:tcp,38.0,94.9,52.2,160.0,-52.0,84:F3:EB:12:34:56,,,,,0.0,Normal,0.0
1744310415769598,10.42.0.2,10.42.0.1,50227,1883,0,0,1,0,0,0,0,0,0,0,0,0,0,0.0,0,,0,0,,0,0,0,0,0,0,0,0,0.0,0,0,0,0,0,64.0,5760.0,0,0,0,58,eth:ethertype:ip:tcp,38.0,94.9,52.2,160.0,-52.0,84:F3:EB:12:34:56,,,,,0.0,Normal,0.0
1744310415773828,10.42.0.2,10.42.0.1,50227,1883,1,1,0,1,0,0,0,0,0,0,0,0,0,0.0,0,,0,0,,0,0,0,0,0,0,0,0,0.0,0,0,0,0,0,64.0,5760.0,0,0,0,54,eth:ethertype:ip:tcp,38.0,94.9,52.2,160.0,-52.0,84:F3:EB:12:34:56,,,,,0.0,Normal,0.0
1744310415775876,10.42.0.2,10.42.0.1,50227,1883,1,1,0,1,0,0,1,0,3,0,0,0,0,0.0,0,,0,0,,0,0,0,0,0,0,0,0,0.0,0,0,0,0,0,64.0,5760.0,0,0,0,57,eth:ethertype:ip:tcp,38.0,94.9,52.2,160.0,-52.0,84:F3:EB:12:34:56,,,,,0.0,Normal,0.0
1744310415779375,10.42.0.2,10.42.0.1,50227,1883,4,1,0,1,0,0,1,0,29,0,0,0,0,0.0,0,,0,0,,0,0,0,0,0,0,0,0,0.0,0,0,0,0,0,64.0,5760.0,0,0,0,83,eth:ethertype:ip:tcp,38.0,94.9,52.2,160.0,-52.0,84:F3:EB:12:34:56,,,,,0.0,Normal,0.0
1744310415782478,10.42.0.2,10.42.0.1,50227,1883,33,1,0,1,0,0,1,0,12,0,0,0,0,0.0,0,,0,1,,0,0,0,1,42,4,MQTT,4,0.0,0,0,0,0,0,64.0,5760.0,0,0,esp32_a0a3b3edac1c,66,eth:ethertype:ip:tcp:mqtt,38.0,94.9,52.2,160.0,-52.0,84:F3:EB:12:34:56,,,,,0.0,Normal,0.0
1744310415830631,10.42.0.2,10.42.0.1,50227,1883,45,5,0,1,0,0,1,0,3,0,0,0,0,0.0,0,,0,0,,0,0,0,0,0,0,0,0,0.0,0,0,0,0,0,64.0,5756.0,0,0,0,57,eth:ethertype:ip:tcp,38.0,94.9,52.2,160.0,-52.0,84:F3:EB:12:34:56,,,,,0.0,Normal,0.0
1744310415831342,10.42.0.2,10.42.0.1,50227,1883,48,5,0,1,1,0,1,0,185,0,0,0,0,0.0,0,,0,3,"Wakeup: 0, Mode: 0, Reset: 1, Temperature: 38.0, Uptime: 634675, Memory: 94.9, In_Temperature: 52.2°C, CPU: 160, RSSI: -50, MAC: 84:F3:EB:12:34:56, F_Storage: 99.2",test/temperatura,16,0,0,182,0,0,0,0.0,0,0,0,0,0,64.0,5756.0,0,0,0,239,eth:ethertype:ip:tcp:mqtt,38.0,94.9,52.2,160.0,-50.0,84:F3:EB:12:34:56,,,,,0.0,Normal,0.0
1744310415834841,10.42.0.2,10.42.0.1,50227,1883,234,6,0,1,0,0,0,0,0,0,0,0,0,0.0,0,,0,0,,0,0,0,0,0,0,0,0,0.0,0,0,0,0,0,64.0,5755.0,0,0,0,54,eth:ethertype:ip:tcp,38.0,94.9,52.2,160.0,-50.0,84:F3:EB:12:34:56,,,,,0.0,Normal,0.0
1744310445838775,10.42.0.2,10.42.0.1,50228,1883,0,0,1,0,0,0,0,0,0,0,0,0,0,0.0,0,,0,0,,0,0,0,0,0,0,0,0,0.0,0,0,0,0,0,64.0,5760.0,0,0,0,58,eth:ethertype:ip:tcp,38.0,94.9,52.2,160.0,-50.0,84:F3:EB:12:34:56,,,,,0.0,Normal,0.0
1744310445844830,10.42.0.2,10.42.0.1,50228,1883,1,1,0,1,0,0,0,0,0,0,0,0,0,0.0,0,,0,0,,0,0,0,0,0,0,0,0,0.0,0,0,0,0,0,64.0,5760.0,0,0,0,54,eth:ethertype:ip:tcp,38.0,94.9,52.2,160.0,-50.0,84:F3:EB:12:34:56,,,,,0.0,Normal,0.0
1744310445845556,10.42.0.2,10.42.0.1,50228,1883,1,1,0,1,0,0,1,0,3,0,0,0,0,0.0,0,,0,0,,0,0,0,0,0,0,0,0,0.0,0,0,0,0,0,64.0,5760.0,0,0,0,57,eth:ethertype:ip:tcp,38.0,94.9,52.2,160.0,-50.0,84:F3:EB:12:34:56,,,,,0.0,Normal,0.0
1744310445849478,10.42.0.2,10.42.0.1,50228,1883,4,1,0,1,0,0,1,0,41,0,0,0,0,0.0,0,,0,1,,0,0,0,1,42,4,MQTT,4,0.0,0,0,0,0,0,64.0,5760.0,0,0,esp32_a0a3b3edac1c,95,eth:ethertype:ip:tcp:mqtt,38.0,94.9,52.2,160.0,-50.0,84:F3:EB:12:34:56,,,,,0.0,Normal,0.0
1744310445884795,10.42.0.2,10.42.0.1,50228,1883,45,5,0,1,0,0,1,0,3,0,0,0,0,0.0,0,,0,0,,0,0,0,0,0,0,0,0,0.0,0,0,0,0,0,64.0,5756.0,0,0,0,57,eth:ethertype:ip:tcp,38.0,94.9,52.2,160.0,-50.0,84:F3:EB:12:34:56,,,,,0.0,Normal,0.0
1744310445899515,10.42.0.2,10.42.0.1,50228,1883,48,5,0,1,1,0,1,0,185,0,0,0,0,0.0,0,,0,3,"Wakeup: 0, Mode: 0, Reset: 1, Temperature: 33.4, Uptime: 634705, Memory: 94.9, In_Temperature: 52.2°C, CPU: 160, RSSI: -53, MAC: 84:F3:EB:12:34:56, F_Storage: 99.2",test/temperatura,16,0,0,182,0,0,0,0.0,0,0,0,0,0,64.0,5756.0,0,0,0,239,eth:ethertype:ip:tcp:mqtt,33.4,94.9,52.2,160.0,-53.0,84:F3:EB:12:34:56,,,,,0.0,Normal,0.0
1744310445902918,10.42.0.2,10.42.0.1,50228,1883,234,6,0,1,0,0,0,0,0,0,0,0,0,0.0,0,,0,0,,0,0,0,0,0,0,0,0,0.0,0,0,0,0,0,64.0,5755.0,0,0,0,54,eth:ethertype:ip:tcp,33.4,94.9,52.2,160.0,-53.0,84:F3:EB:12:34:56,,,,,0.0,Normal,0.0
1744310475907604,10.42.0.2,10.42.0.1,50229,1883,0,0,1,0,0,0,0,0,0,0,0,0,0,0.0,0,,0,0,,0,0,0,0,0,0,0,0,0.0,0,0,0,0,0,64.0,5760.0,0,0,0,58,eth:ethertype:ip:tcp,33.4,94.9,52.2,160.0,-53.0,84:F3:EB:12:34:56,,,,,0.0,Normal,0.0
1744310475911400,10.42.0.2,10.42.0.1,50229,1883,1,1,0,1,0,0,0,0,0,0,0,0,0,0.0,0,,0,0,,0,0,0,0,0,0,0,0,0.0,0,0,0,0,0,64.0,5760.0,0,0,0,54,eth:ethertype:ip:tcp,33.4,94.9,52.2,160.0,-53.0,84:F3:EB:12:34:56,,,,,0.0,Normal,0.0
1744310475913591,10.42.0.2,10.42.0.1,50229,1883,1,1,0,1,0,0,1,0,3,0,0,0,0,0.0,0,,0,0,,0,0,0,0,0,0,0,0,0.0,0,0,0,0,0,64.0,5760.0,0,0,0,57,eth:ethertype:ip:tcp,33.4,94.9,52.2,160.0,-53.0,84:F3:EB:12:34:56,,,,,0.0,Normal,0.0
1744310475917897,10.42.0.2,10.42.0.1,50229,1883,4,1,0,1,0,0,1,0,37,0,0,0,0,0.0,0,,0,0,,0,0,0,0,0,0,0,0,0.0,0,0,0,0,0,64.0,5760.0,0,0,0,91,eth:ethertype:ip:tcp,33.4,94.9,52.2,160.0,-53.0,84:F3:EB:12:34:56,,,,,0.0,Normal,0.0
1744310475921995,10.42.0.2,10.42.0.1,50229,1883,41,1,0,1,0,0,1,0,4,0,0,0,0,0.0,0,,0,1,,0,0,0,1,42,4,MQTT,4,0.0,0,0,0,0,0,64.0,5760.0,0,0,esp32_a0a3b3edac1c,58,eth:ethertype:ip:tcp:mqtt,33.4,94.9,52.2,160.0,-53.0,84:F3:EB:12:34:56,,,,,0.0,Normal,0.0
1744310475957498,10.42.0.2,10.42.0.1,50229,1883,45,5,0,1,0,0,1,0,3,0,0,0,0,0.0,0,,0,0,,0,0,0,0,0,0,0,0,0.0,0,0,0,0,0,64.0,5756.0,0,0,0,57,eth:ethertype:ip:tcp,33.4,94.9,52.2,160.0,-53.0,84:F3:EB:12:34:56,,,,,0.0,Normal,0.0
1744310475968755,10.42.0.2,10.42.0.1,50229,1883,48,5,0,1,1,0,1,0,185,0,0,0,0,0.0,0,,0,3,"Wakeup: 0, Mode: 0, Reset: 1, Temperature: 30.7, Uptime: 634735, Memory: 94.9, In_Temperature: 52.2°C, CPU: 160, RSSI: -49, MAC: 84:F3:EB:12:34:56, F_Storage: 99.2",test/temperatura,16,0,0,182,0,0,0,0.0,0,0,0,0,0,64.0,5756.0,0,0,0,239,eth:ethertype:ip:tcp:mqtt,30.7,94.9,52.2,160.0,-49.0,84:F3:EB:12:34:56,,,,,0.0,Normal,0.0
1744310475972202,10.42.0.2,10.42.0.1,50229,1883,234,6,0,1,0,0,0,0,0,0,0,0,0,0.0,0,,0,0,,0,0,0,0,0,0,0,0,0.0,0,0,0,0,0,64.0,5755.0,0,0,0,54,eth:ethertype:ip:tcp,30.7,94.9,52.2,160.0,-49.0,84:F3:EB:12:34:56,,,,,0.0,Normal,0.0
1744310505977767,10.42.0.2,10.42.0.1,50230,1883,0,0,1,0,0,0,0,0,0,0,0,0,0,0.0,0,,0,0,,0,0,0,0,0,0,0,0,0.0,0,0,0,0,0,64.0,5760.0,0,0,0,58,eth:ethertype:ip:tcp,30.7,94.9,52.2,160.0,-49.0,84:F3:EB:12:34:56,,,,,0.0,Normal,0.0
1744310505996174,10.42.0.2,10.42.0.1,50230,1883,1,1,0,1,0,0,0,0,0,0,0,0,0,0.0,0,,0,0,,0,0,0,0,0,0,0,0,0.0,0,0,0,0,0,64.0,5760.0,0,0,0,54,eth:ethertype:ip:tcp,30.7,94.9,52.2,160.0,-49.0,84:F3:EB:12:34:56,,,,,0.0,Normal,0.0
1744310505998163,10.42.0.2,10.42.0.1,50230,1883,1,1,0,1,0,0,1,0,3,0,0,0,0,0.0,0,,0,0,,0,0,0,0,0,0,0,0,0.0,0,0,0,0,0,64.0,5760.0,0,0,0,57,eth:ethertype:ip:tcp,30.7,94.9,52.2,160.0,-49.0,84:F3:EB:12:34:56,,,,,0.0,Normal,0.0
1744310506001710,10.42.0.2,10.42.0.1,50230,1883,4,1,0,1,0,0,1,0,29,0,0,0,0,0.0,0,,0,0,,0,0,0,0,0,0,0,0,0.0,0,0,0,0,0,64.0,5760.0,0,0,0,83,eth:ethertype:ip:tcp,30.7,94.9,52.2,160.0,-49.0,84:F3:EB:12:34:56,,,,,0.0,Normal,0.0
1744310506004837,10.42.0.2,10.42.0.1,50230,1883,33,1,0,1,0,0,1,0,12,0,0,0,0,0.0,0,,0,1,,0,0,0,1,42,4,MQTT,4,0.0,0,0,0,0,0,64.0,5760.0,0,0,esp32_a0a3b3edac1c,66,eth:ethertype:ip:tcp:mqtt,30.7,94.9,52.2,160.0,-49.0,84:F3:EB:12:34:56,,,,,0.0,Normal,0.0
1744310506040769,10.42.0.2,10.42.0.1,50230,1883,45,5,0,1,0,0,1,0,3,0,0,0,0,0.0,0,,0,0,,0,0,0,0,0,0,0,0,0.0,0,0,0,0,0,64.0,5756.0,0,0,0,57,eth:ethertype:ip:tcp,30.7,94.9,52.2,160.0,-49.0,84:F3:EB:12:34:56,,,,,0.0,Normal,0.0
1744310506058007,10.42.0.2,10.42.0.1,50230,1883,48,5,0,1,1,0,1,0,185,0,0,0,0,0.0,0,,0,3,"Wakeup: 0, Mode: 0, Reset: 1, Temperature: 36.0, Uptime: 634765, Memory: 94.9, In_Temperature: 52.2°C, CPU: 160, RSSI: -51, MAC: 84:F3:EB:12:34:56, F_Storage: 99.2",test/temperatura,16,0,0,182,0,0,0,0.0,0,0,0,0,0,64.0,5756.0,0,0,0,239,eth:ethertype:ip:tcp:mqtt,36.0,94.9,52.2,160.0,-51.0,84:F3:EB:12:34:56,,,,,0.0,Normal,0.0
1744310506061441,10.42.0.2,10.42.0.1,50230,1883,234,6,0,1,0,0,0,0,0,0,0,0,0,0.0,0,,0,0,,0,0,0,0,0,0,0,0,0.0,0,0,0,0,0,64.0,5755.0,0,0,0,54,eth:ethertype:ip:tcp,36.0,94.9,52.2,160.0,-51.0,84:F3:EB:12:34:56,,,,,0.0,Normal,0.0
1744310536069841,10.42.0.2,10.42.0.1,50231,1883,0,0,1,0,0,0,0,0,0,0,0,0,0,0.0,0,,0,0,,0,0,0,0,0,0,0,0,0.0,0,0,0,0,0,64.0,5760.0,0,0,0,58,eth:ethertype:ip:tcp,36.0,94.9,52.2,160.0,-51.0,84:F3:EB:12:34:56,,,,,0.0,Normal,0.0
1744310536075676,10.42.0.2,10.42.0.1,50231,1883,1,1,0,1,0,0,0,0,0,0,0,0,0,0.0,0,,0,0,,0,0,0,0,0,0,0,0,0.0,0,0,0,0,0,64.0,5760.0,0,0,0,54,eth:ethertype:ip:tcp,36.0,94.9,52.2,160.0,-51.0,84:F3:EB:12:34:56,,,,,0.0,Normal,0.0
1744310536076447,10.42.0.2,10.42.0.1,50231,1883,1,1,0,1,0,0,1,0,3,0,0,0,0,0.0,0,,0,0,,0,0,0,0,0,0,0,0,0.0,0,0,0,0,0,64.0,5760.0,0,0,0,57,eth:ethertype:ip:tcp,36.0,94.9,52.2,160.0,-51.0,84:F3:EB:12:34:56,,,,,0.0,Normal,0.0
1744310536079916,10.42.0.2,10.42.0.1,50231,1883,4,1,0,1,0,0,1,0,35,0,0,0,0,0.0,0,,0,0,,0,0,0,0,0,0,0,0,0.0,0,0,0,0,0,64.0,5760.0,0,0,0,89,eth:ethertype:ip:tcp,36.0,94.9,52.2,160.0,-51.0,84:F3:EB:12:34:56,,,,,0.0,Normal,0.0
1744310536082638,10.42.0.2,10.42.0.1,50231,1883,39,1,0,1,0,0,1,0,6,0,0,0,0,0.0,0,,0,1,,0,0,0,1,42,4,MQTT,4,0.0,0,0,0,0,0,64.0,5760.0,0,0,esp32_a0a3b3edac1c,60,eth:ethertype:ip:tcp:mqtt,36.0,94.9,52.2,160.0,-51.0,84:F3:EB:12:34:56,,,,,0.0,Normal,0.0
1744310536150972,10.42.0.2,10.42.0.1,50231,1883,45,5,0,1,0,0,1,0,3,0,0,0,0,0.0,0,,0,0,,0,0,0,0,0,0,0,0,0.0,0,0,0,0,0,64.0,5756.0,0,0,0,57,eth:ethertype:ip:tcp,36.0,94.9,52.2,160.0,-51.0,84:F3:EB:12:34:56,,,,,0.0,Normal,0.0
1744310536151555,10.42.0.2,10.42.0.1,50231,1883,48,5,0,1,1,0,1,0,185,0,0,0,0,0.0,0,,0,3,"Wakeup: 0, Mode: 0, Reset: 1, Temperature: 31.0, Uptime: 634795, Memory: 94.9, In_Temperature: 52.2°C, CPU: 160, RSSI: -50, MAC: 84:F3:EB:12:34:56, F_Storage: 99.2",test/temperatura,16,0,0,182,0,0,0,0.0,0,0,0,0,0,64.0,5756.0,0,0,0,239,eth:ethertype:ip:tcp:mqtt,31.0,94.9,52.2,160.0,-50.0,84:F3:EB:12:34:56,,,,,0.0,Normal,0.0
1744310536156352,10.42.0.2,10.42.0.1,50231,1883,234,6,0,1,0,0,0,0,0,0,0,0,0,0.0,0,,0,0,,0,0,0,0,0,0,0,0,0.0,0,0,0,0,0,64.0,5755.0,0,0,0,54,eth:ethertype:ip:tcp,31.0,94.9,52.2,160.0,-50.0,84:F3:EB:12:34:56,,,,,0.0,Normal,0.0
1744310566144882,10.42.0.2,10.42.0.1,50232,1883,0,0,1,0,0,0,0,0,0,0,0,0,0,0.0,0,,0,0,,0,0,0,0,0,0,0,0,0.0,0,0,0,0,0,64.0,5760.0,0,0,0,58,eth:ethertype:ip:tcp,31.0,94.9,52.2,160.0,-50.0,84:F3:EB:12:34:56,,,,,0.0,Normal,0.0
1744310566156778,10.42.0.2,10.42.0.1,50232,1883,1,1,0,1,0,0,0,0,0,0,0,0,0,0.0,0,,0,0,,0,0,0,0,0,0,0,0,0.0,0,0,0,0,0,64.0,5760.0,0,0,0,54,eth:ethertype:ip:tcp,31.0,94.9,52.2,160.0,-50.0,84:F3:EB:12:34:56,,,,,0.0,Normal,0.0
1744310566159248,10.42.0.2,10.42.0.1,50232,1883,1,1,0,1,0,0,1,0,3,0,0,0,0,0.0,0,,0,0,,0,0,0,0,0,0,0,0,0.0,0,0,0,0,0,64.0,5760.0,0,0,0,57,eth:ethertype:ip:tcp,31.0,94.9,52.2,160.0,-50.0,84:F3:EB:12:34:56,,,,,0.0,Normal,0.0
1744310566162643,10.42.0.2,10.42.0.1,50232,1883,4,1,0,1,0,0,1,0,29,0,0,0,0,0.0,0,,0,0,,0,0,0,0,0,0,0,0,0.0,0,0,0,0,0,64.0,5760.0,0,0,0,83,eth:ethertype:ip:tcp,31.0,94.9,52.2,160.0,-50.0,84:F3:EB:12:34:56,,,,,0.0,Normal,0.0
1744310566167613,10.42.0.2,10.42.0.1,50232,1883,33,1,0,1,0,0,1,0,12,0,0,0,0,0.0,0,,0,1,,0,0,0,1,42,4,MQTT,4,0.0,0,0,0,0,0,64.0,5760.0,0,0,esp32_a0a3b3edac1c,66,eth:ethertype:ip:tcp:mqtt,31.0,94.9,52.2,160.0,-50.0,84:F3:EB:12:34:56,,,,,0.0,Normal,0.0
1744310566215900,10.42.0.2,10.42.0.1,50232,1883,45,5,0,1,0,0,1,0,3,0,0,0,0,0.0,0,,0,0,,0,0,0,0,0,0,0,0,0.0,0,0,0,0,0,64.0,5756.0,0,0,0,57,eth:ethertype:ip:tcp,31.0,94.9,52.2,160.0,-50.0,84:F3:EB:12:34:56,,,,,0.0,Normal,0.0
1744310566217362,10.42.0.2,10.42.0.1,50232,1883,48,5,0,1,1,0,1,0,185,0,0,0,0,0.0,0,,0,3,"Wakeup: 0, Mode: 0, Reset: 1, Temperature: 25.1, Uptime: 634825, Memory: 94.9, In_Temperature: 52.2°C, CPU: 160, RSSI: -52, MAC: 84:F3:EB:12:34:56, F_Storage: 99.2",test/temperatura,16,0,0,182,0,0,0,0.0,0,0,0,0,0,64.0,5756.0,0,0,0,239,eth:ethertype:ip:tcp:mqtt,25.1,94.9,52.2,160.0,-52.0,84:F3:EB:12:34:56,,,,,0.0,Normal,0.0
1744310566220885,10.42.0.2,10.42.0.1,50232,1883,234,6,0,1,0,0,0,0,0,0,0,0,0,0.0,0,,0,0,,0,0,0,0,0,0,0,0,0.0,0,0,0,0,0,64.0,5755.0,0,0,0,54,eth:ethertype:ip:tcp,25.1,94.9,52.2,160.0,-52.0,84:F3:EB:12:34:56,,,,,0.0,Normal,0.0
1744310596225860,10.42.0.2,10.42.0.1,50233,1883,0,0,1,0,0,0,0,0,0,0,0,0,0,0.0,0,,0,0,,0,0,0,0,0,0,0,0,0.0,0,0,0,0,0,64.0,5760.0,0,0,0,58,eth:ethertype:ip:tcp,25.1,94.9,52.2,160.0,-52.0,84:F3:EB:12:34:56,,,,,0.0,Normal,0.0
1744310596229921,10.42.0.2,10.42.0.1,50233,1883,1,1,0,1,0,0,0,0,0,0,0,0,0,0.0,0,,0,0,,0,0,0,0,0,0,0,0,0.0,0,0,0,0,0,64.0,5760.0,0,0,0,54,eth:ethertype:ip:tcp,25.1,94.9,52.2,160.0,-52.0,84:F3:EB:12:34:56,,,,,0.0,Normal,0.0
1744310596231972,10.42.0.2,10.42.0.1,50233,1883,1,1,0,1,0,0,1,0,3,0,0,0,0,0.0,0,,0,0,,0,0,0,0,0,0,0,0,0.0,0,0,0,0,0,64.0,5760.0,0,0,0,57,eth:ethertype:ip:tcp,25.1,94.9,52.2,160.0,-52.0,84:F3:EB:12:34:56,,,,,0.0,Normal,0.0
1744310596238176,10.42.0.2,10.42.0.1,50233,1883,4,1,0,1,0,0,1,0,41,0,0,0,0,0.0,0,,0,1,,0,0,0,1,42,4,MQTT,4,0.0,0,0,0,0,0,64.0,5760.0,0,0,esp32_a0a3b3edac1c,95,eth:ethertype:ip:tcp:mqtt,25.1,94.9,52.2,160.0,-52.0,84:F3:EB:12:34:56,,,,,0.0,Normal,0.0
1744310596275347,10.42.0.2,10.42.0.1,50233,1883,45,5,0,1,0,0,1,0,3,0,0,0,0,0.0,0,,0,0,,0,0,0,0,0,0,0,0,0.0,0,0,0,0,0,64.0,5756.0,0,0,0,57,eth:ethertype:ip:tcp,25.1,94.9,52.2,160.0,-52.0,84:F3:EB:12:34:56,,,,,0.0,Normal,0.0
1744310596287475,10.42.0.2,10.42.0.1,50233,1883,48,5,0,1,1,0,1,0,185,0,0,0,0,0.0,0,,0,3,"Wakeup: 0, Mode: 0, Reset: 1, Temperature: 36.1, Uptime: 634855, Memory: 94.9, In_Temperature: 52.2°C, CPU: 160, RSSI: -50, MAC: 84:F3:EB:12:34:56, F_Storage: 99.2",test/temperatura,16,0,0,182,0,0,0,0.0,0,0,0,0,0,64.0,5756.0,0,0,0,239,eth:ethertype:ip:tcp:mqtt,36.1,94.9,52.2,160.0,-50.0,84:F3:EB:12:34:56,,,,,0.0,Normal,0.0
1744310596291224,10.42.0.2,10.42.0.1,50233,1883,234,6,0,1,0,0,0,0,0,0,0,0,0,0.0,0,,0,0,,0,0,0,0,0,0,0,0,0.0,0,0,0,0,0,64.0,5755.0,0,0,0,54,eth:ethertype:ip:tcp,36.1,94.9,52.2,160.0,-50.0,84:F3:EB:12:34:56,,,,,0.0,Normal,0.0
1744310626294989,10.42.0.2,10.42.0.1,50234,1883,0,0,1,0,0,0,0,0,0,0,0,0,0,0.0,0,,0,0,,0,0,0,0,0,0,0,0,0.0,0,0,0,0,0,64.0,5760.0,0,0,0,58,eth:ethertype:ip:tcp,36.1,94.9,52.2,160.0,-50.0,84:F3:EB:12:34:56,,,,,0.0,Normal,0.0
1744310626318921,10.42.0.2,10.42.0.1,50234,1883,1,1,0,1,0,0,0,0,0,0,0,0,0,0.0,0,,0,0,,0,0,0,0,0,0,0,0,0.0,0,0,0,0,0,64.0,5760.0,0,0,0,54,eth:ethertype:ip:tcp,36.1,94.9,52.2,160.0,-50.0,84:F3:EB:12:34:56,,,,,0.0,Normal,0.0
1744310626321012,10.42.0.2,10.42.0.1,50234,1883,1,1,0,1,0,0,1,0,3,0,0,0,0,0.0,0,,0,0,,0,0,0,0,0,0,0,0,0.0,0,0,0,0,0,64.0,5760.0,0,0,0,57,eth:ethertype:ip:tcp,36.1,94.9,52.2,160.0,-50.0,84:F3:EB:12:34:56,,,,,0.0,Normal,0.0
1744310626324707,10.42.0.2,10.42.0.1,50234,1883,4,1,0,1,0,0,1,0,31,0,0,0,0,0.0,0,,0,0,,0,0,0,0,0,0,0,0,0.0,0,0,0,0,0,64.0,5760.0,0,0,0,85,eth:ethertype:ip:tcp,36.1,94.9,52.2,160.0,-50.0,84:F3:EB:12:34:56,,,,,0.0,Normal,0.0
1744310626327738,10.42.0.2,10.42.0.1,50234,1883,35,1,0,1,0,0,1,0,10,0,0,0,0,0.0,0,,0,1,,0,0,0,1,42,4,MQTT,4,0.0,0,0,0,0,0,64.0,5760.0,0,0,esp32_a0a3b3edac1c,64,eth:ethertype:ip:tcp:mqtt,36.1,94.9,52.2,160.0,-50.0,84:F3:EB:12:34:56,,,,,0.0,Normal,0.0
1744310626365796,10.42.0.2,10.42.0.1,50234,1883,45,5,0,1,0,0,1,0,3,0,0,0,0,0.0,0,,0,0,,0,0,0,0,0,0,0,0,0.0,0,0,0,0,0,64.0,5756.0,0,0,0,57,eth:ethertype:ip:tcp,36.1,94.9,52.2,160.0,-50.0,84:F3:EB:12:34:56,,,,,0.0,Normal,0.0
1744310626376796,10.42.0.2,10.42.0.1,50234,1883,48,5,0,1,1,0,1,0,185,0,0,0,0,0.0,0,,0,3,"Wakeup: 0, Mode: 0, Reset: 1, Temperature: 34.7, Uptime: 634885, Memory: 94.9, In_Temperature: 52.2°C, CPU: 160, RSSI: -52, MAC: 84:F3:EB:12:34:56, F_Storage: 99.2",test/temperatura,16,0,0,182,0,0,0,0.0,0,0,0,0,0,64.0,5756.0,0,0,0,239,eth:ethertype:ip:tcp:mqtt,34.7,94.9,52.2,160.0,-52.0,84:F3:EB:12:34:56,,,,,0.0,Normal,0.0
1744310626380283,10.42.0.2,10.42.0.1,50234,1883,234,6,0,1,0,0,0,0,0,0,0,0,0,0.0,0,,0,0,,0,0,0,0,0,0,0,0,0.0,0,0,0,0,0,64.0,5755.0,0,0,0,54,eth:ethertype:ip:tcp,34.7,94.9,52.2,160.0,-52.0,84:F3:EB:12:34:56,,,,,0.0,Normal,0.0
1744310656384520,10.42.0.2,10.42.0.1,50235,1883,0,0,1,0,0,0,0,0,0,0,0,0,0,0.0,0,,0,0,,0,0,0,0,0,0,0,0,0.0,0,0,0,0,0,64.0,5760.0,0,0,0,58,eth:ethertype:ip:tcp,34.7,94.9,52.2,160.0,-52.0,84:F3:EB:12:34:56,,,,,0.0,Normal,0.0
1744310656401534,10.42.0.2,10.42.0.1,50235,1883,1,1,0,1,0,0,0,0,0,0,0,0,0,0.0,0,,0,0,,0,0,0,0,0,0,0,0,0.0,0,0,0,0,0,64.0,5760.0,0,0,0,54,eth:ethertype:ip:tcp,34.7,94.9,52.2,160.0,-52.0,84:F3:EB:12:34:56,,,,,0.0,Normal,0.0
1744310656402271,10.42.0.2,10.42.0.1,50235,1883,1,1,0,1,0,0,1,0,3,0,0,0,0,0.0,0,,0,0,,0,0,0,0,0,0,0,0,0.0,0,0,0,0,0,64.0,5760.0,0,0,0,57,eth:ethertype:ip:tcp,34.7,94.9,52.2,160.0,-52.0,84:F3:EB:12:34:56,,,,,0.0,Normal,0.0
1744310656422494,10.42.0.2,10.42.0.1,50235,1883,4,1,0,1,0,0,1,0,41,0,0,0,0,0.0,0,,0,1,,0,0,0,1,42,4,MQTT,4,0.0,0,0,0,0,0,64.0,5760.0,0,0,esp32_a0a3b3edac1c,95,eth:ethertype:ip:tcp:mqtt,34.7,94.9,52.2,160.0,-52.0,84:F3:EB:12:34:56,,,,,0.0,Normal,0.0
1744310656471146,10.42.0.2,10.42.0.1,50235,1883,45,5,0,1,0,0,1,0,3,0,0,0,0,0.0,0,,0,0,,0,0,0,0,0,0,0,0,0.0,0,0,0,0,0,64.0,5756.0,0,0,0,57,eth:ethertype:ip:tcp,34.7,94.9,52.2,160.0,-52.0,84:F3:EB:12:34:56,,,,,0.0,Normal,0.0
1744310656475464,10.42.0.2,10.42.0.1,50235,1883,48,5,0,1,1,0,1,0,185,0,0,0,0,0.0,0,,0,3,"Wakeup: 0, Mode: 0, Reset: 1, Temperature: 28.4, Uptime: 634915, Memory: 94.9, In_Temperature: 52.2°C, CPU: 160, RSSI: -51, MAC: 84:F3:EB:12:34:56, F_Storage: 99.2",test/temperatura,16,0,0,182,0,0,0,0.0,0,0,0,0,0,64.0,5756.0,0,0,0,239,eth:ethertype:ip:tcp:mqtt,28.4,94.9,52.2,160.0,-51.0,84:F3:EB:12:34:56,,,,,0.0,Normal,0.0
1744310656478968,10.42.0.2,10.42.0.1,50235,1883,234,6,0,1,0,0,0,0,0,0,0,0,0,0.0,0,,0,0,,0,0,0,0,0,0,0,0,0.0,0,0,0,0,0,64.0,5755.0,0,0,0,54,eth:ethertype:ip:tcp,28.4,94.9,52.2,160.0,-51.0,84:F3:EB:12:34:56,,,,,0.0,Normal,0.0
1744310686485841,10.42.0.2,10.42.0.1,50236,1883,0,0,1,0,0,0,0,0,0,0,0,0,0,0.0,0,,0,0,,0,0,0,0,0,0,0,0,0.0,0,0,0,0,0,64.0,5760.0,0,0,0,58,eth:ethertype:ip:tcp,28.4,94.9,52.2,160.0,-51.0,84:F3:EB:12:34:56,,,,,0.0,Normal,0.0
1744310686489795,10.42.0.2,10.42.0.1,50236,1883,1,1,0,1,0,0,0,0,0,0,0,0,0,0.0,0,,0,0,,0,0,0,0,0,0,0,0,0.0,0,0,0,0,0,64.0,5760.0,0,0,0,54,eth:ethertype:ip:tcp,28.4,94.9,52.2,160.0,-51.0,84:F3:EB:12:34:56,,,,,0.0,Normal,0.0
1744310686491863,10.42.0.2,10.42.0.1,50236,1883,1,1,0,1,0,0,1,0,3,0,0,0,0,0.0,0,,0,0,,0,0,0,0,0,0,0,0,0.0,0,0,0,0,0,64.0,5760.0,0,0,0,57,eth:ethertype:ip:tcp,28.4,94.9,52.2,160.0,-51.0,84:F3:EB:12:34:56,,,,,0.0,Normal,0.0
1744310686495186,10.42.0.2,10.42.0.1,50236,1883,4,1,0,1,0,0,1,0,29,0,0,0,0,0.0,0,,0,0,,0,0,0,0,0,0,0,0,0.0,0,0,0,0,0,64.0,5760.0,0,0,0,83,eth:ethertype:ip:tcp,28.4,94.9,52.2,160.0,-51.0,84:F3:EB:12:34:56,,,,,0.0,Normal,0.0
1744310686498532,10.42.0.2,10.42.0.1,50236,1883,33,1,0,1,0,0,1,0,12,0,0,0,0,0.0,0,,0,1,,0,0,0,1,42,4,MQTT,4,0.0,0,0,0,0,0,64.0,5760.0,0,0,esp32_a0a3b3edac1c,66,eth:ethertype:ip:tcp:mqtt,28.4,94.9,52.2,160.0,-51.0,84:F3:EB:12:34:56,,,,,0.0,Normal,0.0
1744310686541083,10.42.0.2,10.42.0.1,50236,1883,45,5,0,1,0,0,1,0,3,0,0,0,0,0.0,0,,0,0,,0,0,0,0,0,0,0,0,0.0,0,0,0,0,0,64.0,5756.0,0,0,0,57,eth:ethertype:ip:tcp,28.4,94.9,52.2,160.0,-51.0,84:F3:EB:12:34:56,,,,,0.0,Normal,0.0
1744310686545898,10.42.0.2,10.42.0.1,50236,1883,48,5,0,1,1,0,1,0,185,0,0,0,0,0.0,0,,0,3,"Wakeup: 0, Mode: 0, Reset: 1, Temperature: 39.0, Uptime: 634946, Memory: 94.8, In_Temperature: 52.2°C, CPU: 160, RSSI: -51, MAC: 84:F3:EB:12:34:56, F_Storage: 99.2",test/temperatura,16,0,0,182,0,0,0,0.0,0,0,0,0,0,64.0,5756.0,0,0,0,239,eth:ethertype:ip:tcp:mqtt,39.0,94.8,52.2,160.0,-51.0,84:F3:EB:12:34:56,,,,,0.0,Normal,0.0
1744310686549285,10.42.0.2,10.42.0.1,50236,1883,234,6,0,1,0,0,0,0,0,0,0,0,0,0.0,0,,0,0,,0,0,0,0,0,0,0,0,0.0,0,0,0,0,0,64.0,5755.0,0,0,0,54,eth:ethertype:ip:tcp,39.0,94.8,52.2,160.0,-51.0,84:F3:EB:12:34:56,,,,,0.0,Normal,0.0
1744310716552144,10.42.0.2,10.42.0.1,50237,1883,0,0,1,0,0,0,0,0,0,0,0,0,0,0.0,0,,0,0,,0,0,0,0,0,0,0,0,0.0,0,0,0,0,0,64.0,5760.0,0,0,0,58,eth:ethertype:ip:tcp,39.0,94.8,52.2,160.0,-51.0,84:F3:EB:12:34:56,,,,,0.0,Normal,0.0
1744310716555761,10.42.0.2,10.42.0.1,50237,1883,1,1,0,1,0,0,0,0,0,0,0,0,0,0.0,0,,0,0,,0,0,0,0,0,0,0,0,0.0,0,0,0,0,0,64.0,5760.0,0,0,0,54,eth:ethertype:ip:tcp,39.0,94.8,52.2,160.0,-51.0,84:F3:EB:12:34:56,,,,,0.0,Normal,0.0
1744310716558356,10.42.0.2,10.42.0.1,50237,1883,1,1,0,1,0,0,1,0,3,0,0,0,0,0.0,0,,0,0,,0,0,0,0,0,0,0,0,0.0,0,0,0,0,0,64.0,5760.0,0,0,0,57,eth:ethertype:ip:tcp,39.0,94.8,52.2,160.0,-51.0,84:F3:EB:12:34:56,,,,,0.0,Normal,0.0
1744310716564053,10.42.0.2,10.42.0.1,50237,1883,4,1,0,1,0,0,1,0,41,0,0,0,0,0.0,0,,0,1,,0,0,0,1,42,4,MQTT,4,0.0,0,0,0,0,0,64.0,5760.0,0,0,esp32_a0a3b3edac1c,95,eth:ethertype:ip:tcp:mqtt,39.0,94.8,52.2,160.0,-51.0,84:F3:EB:12:34:56,,,,,0.0,Normal,0.0
1744310716599541,10.42.0.2,10.42.0.1,50237,1883,45,5,0,1,0,0,1,0,3,0,0,0,0,0.0,0,,0,0,,0,0,0,0,0,0,0,0,0.0,0,0,0,0,0,64.0,5756.0,0,0,0,57,eth:ethertype:ip:tcp,39.0,94.8,52.2,160.0,-51.0,84:F3:EB:12:34:56,,,,,0.0,Normal,0.0
1744310716613356,10.42.0.2,10.42.0.1,50237,1883,48,5,0,1,1,0,1,0,185,0,0,0,0,0.0,0,,0,3,"Wakeup: 0, Mode: 0, Reset: 1, Temperature: 40.8, Uptime: 634976, Memory: 94.9, In_Temperature: 52.2°C, CPU: 160, RSSI: -50, MAC: 84:F3:EB:12:34:56, F_Storage: 99.2",test/temperatura,16,0,0,182,0,0,0,0.0,0,0,0,0,0,64.0,5756.0,0,0,0,239,eth:ethertype:ip:tcp:mqtt,40.8,94.9,52.2,160.0,-50.0,84:F3:EB:12:34:56,,,,,0.0,Normal,0.0
1744310716616810,10.42.0.2,10.42.0.1,50237,1883,234,6,0,1,0,0,0,0,0,0,0,0,0,0.0,0,,0,0,,0,0,0,0,0,0,0,0,0.0,0,0,0,0,0,64.0,5755.0,0,0,0,54,eth:ethertype:ip:tcp,40.8,94.9,52.2,160.0,-50.0,84:F3:EB:12:34:56,,,,,0.0,Normal,0.0
1744310746622363,10.42.0.2,10.42.0.1,50238,1883,0,0,1,0,0,0,0,0,0,0,0,0,0,0.0,0,,0,0,,0,0,0,0,0,0,0,0,0.0,0,0,0,0,0,64.0,5760.0,0,0,0,58,eth:ethertype:ip:tcp,40.8,94.9,52.2,160.0,-50.0,84:F3:EB:12:34:56,,,,,0.0,Normal,0.0
1744310746626863,10.42.0.2,10.42.0.1,50238,1883,1,1,0,1,0,0,0,0,0,0,0,0,0,0.0,0,,0,0,,0,0,0,0,0,0,0,0,0.0,0,0,0,0,0,64.0,5760.0,0,0,0,54,eth:ethertype:ip:tcp,40.8,94.9,52.2,160.0,-50.0,84:F3:EB:12:34:56,,,,,0.0,Normal,0.0
1744310746628922,10.42.0.2,10.42.0.1,50238,1883,1,1,0,1,0,0,1,0,3,0,0,0,0,0.0,0,,0,0,,0,0,0,0,0,0,0,0,0.0,0,0,0,0,0,64.0,5760.0,0,0,0,57,eth:ethertype:ip:tcp,40.8,94.9,52.2,160.0,-50.0,84:F3:EB:12:34:56,,,,,0.0,Normal,0.0
1744310746632501,10.42.0.2,10.42.0.1,50238,1883,4,1,0,1,0,0,1,0,31,0,0,0,0,0.0,0,,0,0,,0,0,0,0,0,0,0,0,0.0,0,0,0,0,0,64.0,5760.0,0,0,0,85,eth:ethertype:ip:tcp,40.8,94.9,52.2,160.0,-50.0,84:F3:EB:12:34:56,,,,,0.0,Normal,0.0
1744310746635763,10.42.0.2,10.42.0.1,50238,1883,35,1,0,1,0,0,1,0,10,0,0,0,0,0.0,0,,0,1,,0,0,0,1,42,4,MQTT,4,0.0,0,0,0,0,0,64.0,5760.0,0,0,esp32_a0a3b3edac1c,64,eth:ethertype:ip:tcp:mqtt,40.8,94.9,52.2,160.0,-50.0,84:F3:EB:12:34:56,,,,,0.0,Normal,0.0
1744310746697443,10.42.0.2,10.42.0.1,50238,1883,45,5,0,1,0,0,1,0,3,0,0,0,0,0.0,0,,0,0,,0,0,0,0,0,0,0,0,0.0,0,0,0,0,0,64.0,5756.0,0,0,0,57,eth:ethertype:ip:tcp,40.8,94.9,52.2,160.0,-50.0,84:F3:EB:12:34:56,,,,,0.0,Normal,0.0
1744310746698139,10.42.0.2,10.42.0.1,50238,1883,48,5,0,1,1,0,1,0,185,0,0,0,0,0.0,0,,0,3,"Wakeup: 0, Mode: 0, Reset: 1, Temperature: 30.4, Uptime: 635006, Memory: 94.9, In_Temperature: 52.2°C, CPU: 160, RSSI: -51, MAC: 84:F3:EB:12:34:56, F_Storage: 99.2",test/temperatura,16,0,0,182,0,0,0,0.0,0,0,0,0,0,64.0,5756.0,0,0,0,239,eth:ethertype:ip:tcp:mqtt,30.4,94.9,52.2,160.0,-51.0,84:F3:EB:12:34:56,,,,,0.0,Normal,0.0
1744310746701668,10.42.0.2,10.42.0.1,50238,1883,234,6,0,1,0,0,0,0,0,0,0,0,0,0.0,0,,0,0,,0,0,0,0,0,0,0,0,0.0,0,0,0,0,0,64.0,5755.0,0,0,0,54,eth:ethertype:ip:tcp,30.4,94.9,52.2,160.0,-51.0,84:F3:EB:12:34:56,,,,,0.0,Normal,0.0
1744310776691677,10.42.0.2,10.42.0.1,50239,1883,0,0,1,0,0,0,0,0,0,0,0,0,0,0.0,0,,0,0,,0,0,0,0,0,0,0,0,0.0,0,0,0,0,0,64.0,5760.0,0,0,0,58,eth:ethertype:ip:tcp,30.4,94.9,52.2,160.0,-51.0,84:F3:EB:12:34:56,,,,,0.0,Normal,0.0
1744310776696476,10.42.0.2,10.42.0.1,50239,1883,1,1,0,1,0,0,0,0,0,0,0,0,0,0.0,0,,0,0,,0,0,0,0,0,0,0,0,0.0,0,0,0,0,0,64.0,5760.0,0,0,0,54,eth:ethertype:ip:tcp,30.4,94.9,52.2,160.0,-51.0,84:F3:EB:12:34:56,,,,,0.0,Normal,0.0
1744310776698575,10.42.0.2,10.42.0.1,50239,1883,1,1,0,1,0,0,1,0,3,0,0,0,0,0.0,0,,0,0,,0,0,0,0,0,0,0,0,0.0,0,0,0,0,0,64.0,5760.0,0,0,0,57,eth:ethertype:ip:tcp,30.4,94.9,52.2,160.0,-51.0,84:F3:EB:12:34:56,,,,,0.0,Normal,0.0
1744310776702699,10.42.0.2,10.42.0.1,50239,1883,4,1,0,1,0,0,1,0,29,0,0,0,0,0.0,0,,0,0,,0,0,0,0,0,0,0,0,0.0,0,0,0,0,0,64.0,5760.0,0,0,0,83,eth:ethertype:ip:tcp,30.4,94.9,52.2,160.0,-51.0,84:F3:EB:12:34:56,,,,,0.0,Normal,0.0
1744310776706701,10.42.0.2,10.42.0.1,50239,1883,33,1,0,1,0,0,1,0,2,0,0,0,0,0.0,0,,0,0,,0,0,0,0,0,0,0,0,0.0,0,0,0,0,0,64.0,5760.0,0,0,0,56,eth:ethertype:ip:tcp,30.4,94.9,52.2,160.0,-51.0,84:F3:EB:12:34:56,,,,,0.0,Normal,0.0
1744310776710561,10.42.0.2,10.42.0.1,50239,1883,35,1,0,1,0,0,1,0,4,0,0,0,0,0.0,0,,0,0,,0,0,0,0,0,0,0,0,0.0,0,0,0,0,0,64.0,5760.0,0,0,0,58,eth:ethertype:ip:tcp,30.4,94.9,52.2,160.0,-51.0,84:F3:EB:12:34:56,,,,,0.0,Normal,0.0
1744310776714257,10.42.0.2,10.42.0.1,50239,1883,39,1,0,1,0,0,1,0,6,0,0,0,0,0.0,0,,0,1,,0,0,0,1,42,4,MQTT,4,0.0,0,0,0,0,0,64.0,5760.0,0,0,esp32_a0a3b3edac1c,60,eth:ethertype:ip:tcp:mqtt,30.4,94.9,52.2,160.0,-51.0,84:F3:EB:12:34:56,,,,,0.0,Normal,0.0
1744310776749867,10.42.0.2,10.42.0.1,50239,1883,45,5,0,1,0,0,1,0,3,0,0,0,0,0.0,0,,0,0,,0,0,0,0,0,0,0,0,0.0,0,0,0,0,0,64.0,5756.0,0,0,0,57,eth:ethertype:ip:tcp,30.4,94.9,52.2,160.0,-51.0,84:F3:EB:12:34:56,,,,,0.0,Normal,0.0
1744310776762486,10.42.0.2,10.42.0.1,50239,1883,48,5,0,1,1,0,1,0,185,0,0,0,0,0.0,0,,0,3,"Wakeup: 0, Mode: 0, Reset: 1, Temperature: 29.0, Uptime: 635036, Memory: 94.9, In_Temperature: 52.2°C, CPU: 160, RSSI: -51, MAC: 84:F3:EB:12:34:56, F_Storage: 99.2",test/temperatura,16,0,0,182,0,0,0,0.0,0,0,0,0,0,64.0,5756.0,0,0,0,239,eth:ethertype:ip:tcp:mqtt,29.0,94.9,52.2,160.0,-51.0,84:F3:EB:12:34:56,,,,,0.0,Normal,0.0
1744310776766217,10.42.0.2,10.42.0.1,50239,1883,234,6,0,1,0,0,0,0,0,0,0,0,0,0.0,0,,0,0,,0,0,0,0,0,0,0,0,0.0,0,0,0,0,0,64.0,5755.0,0,0,0,54,eth:ethertype:ip:tcp,29.0,94.9,52.2,160.0,-51.0,84:F3:EB:12:34:56,,,,,0.0,Normal,0.0
1744310806772980,10.42.0.2,10.42.0.1,50240,1883,0,0,1,0,0,0,0,0,0,0,0,0,0,0.0,0,,0,0,,0,0,0,0,0,0,0,0,0.0,0,0,0,0,0,64.0,5760.0,0,0,0,58,eth:ethertype:ip:tcp,29.0,94.9,52.2,160.0,-51.0,84:F3:EB:12:34:56,,,,,0.0,Normal,0.0
1744310806778587,10.42.0.2,10.42.0.1,50240,1883,1,1,0,1,0,0,0,0,0,0,0,0,0,0.0,0,,0,0,,0,0,0,0,0,0,0,0,0.0,0,0,0,0,0,64.0,5760.0,0,0,0,54,eth:ethertype:ip:tcp,29.0,94.9,52.2,160.0,-51.0,84:F3:EB:12:34:56,,,,,0.0,Normal,0.0
1744310806780941,10.42.0.2,10.42.0.1,50240,1883,1,1,0,1,0,0,1,0,3,0,0,0,0,0.0,0,,0,0,,0,0,0,0,0,0,0,0,0.0,0,0,0,0,0,64.0,5760.0,0,0,0,57,eth:ethertype:ip:tcp,29.0,94.9,52.2,160.0,-51.0,84:F3:EB:12:34:56,,,,,0.0,Normal,0.0
1744310806784502,10.42.0.2,10.42.0.1,50240,1883,4,1,0,1,0,0,1,0,35,0,0,0,0,0.0,0,,0,0,,0,0,0,0,0,0,0,0,0.0,0,0,0,0,0,64.0,5760.0,0,0,0,89,eth:ethertype:ip:tcp,29.0,94.9,52.2,160.0,-51.0,84:F3:EB:12:34:56,,,,,0.0,Normal,0.0
1744310806787484,10.42.0.2,10.42.0.1,50240,1883,39,1,0,1,0,0,1,0,6,0,0,0,0,0.0,0,,0,1,,0,0,0,1,42,4,MQTT,4,0.0,0,0,0,0,0,64.0,5760.0,0,0,esp32_a0a3b3edac1c,60,eth:ethertype:ip:tcp:mqtt,29.0,94.9,52.2,160.0,-51.0,84:F3:EB:12:34:56,,,,,0.0,Normal,0.0
1744310806822675,10.42.0.2,10.42.0.1,50240,1883,45,5,0,1,0,0,1,0,3,0,0,0,0,0.0,0,,0,0,,0,0,0,0,0,0,0,0,0.0,0,0,0,0,0,64.0,5756.0,0,0,0,57,eth:ethertype:ip:tcp,29.0,94.9,52.2,160.0,-51.0,84:F3:EB:12:34:56,,,,,0.0,Normal,0.0
1744310806831385,10.42.0.2,10.42.0.1,50240,1883,48,5,0,1,1,0,1,0,185,0,0,0,0,0.0,0,,0,3,"Wakeup: 0, Mode: 0, Reset: 1, Temperature: 33.1, Uptime: 635066, Memory: 94.9, In_Temperature: 52.2°C, CPU: 160, RSSI: -51, MAC: 84:F3:EB:12:34:56, F_Storage: 99.2",test/temperatura,16,0,0,182,0,0,0,0.0,0,0,0,0,0,64.0,5756.0,0,0,0,239,eth:ethertype:ip:tcp:mqtt,33.1,94.9,52.2,160.0,-51.0,84:F3:EB:12:34:56,,,,,0.0,Normal,0.0
1744310806836175,10.42.0.2,10.42.0.1,50240,1883,234,6,0,1,0,0,0,0,0,0,0,0,0,0.0,0,,0,0,,0,0,0,0,0,0,0,0,0.0,0,0,0,0,0,64.0,5755.0,0,0,0,54,eth:ethertype:ip:tcp,33.1,94.9,52.2,160.0,-51.0,84:F3:EB:12:34:56,,,,,0.0,Normal,0.0
1744310836849181,10.42.0.2,10.42.0.1,50241,1883,0,0,1,0,0,0,0,0,0,0,0,0,0,0.0,0,,0,0,,0,0,0,0,0,0,0,0,0.0,0,0,0,0,0,64.0,5760.0,0,0,0,58,eth:ethertype:ip:tcp,33.1,94.9,52.2,160.0,-51.0,84:F3:EB:12:34:56,,,,,0.0,Normal,0.0
1744310836852909,10.42.0.2,10.42.0.1,50241,1883,1,1,0,1,0,0,0,0,0,0,0,0,0,0.0,0,,0,0,,0,0,0,0,0,0,0,0,0.0,0,0,0,0,0,64.0,5760.0,0,0,0,54,eth:ethertype:ip:tcp,33.1,94.9,52.2,160.0,-51.0,84:F3:EB:12:34:56,,,,,0.0,Normal,0.0
1744310836855248,10.42.0.2,10.42.0.1,50241,1883,1,1,0,1,0,0,1,0,3,0,0,0,0,0.0,0,,0,0,,0,0,0,0,0,0,0,0,0.0,0,0,0,0,0,64.0,5760.0,0,0,0,57,eth:ethertype:ip:tcp,33.1,94.9,52.2,160.0,-51.0,84:F3:EB:12:34:56,,,,,0.0,Normal,0.0
1744310836858681,10.42.0.2,10.42.0.1,50241,1883,4,1,0,1,0,0,1,0,29,0,0,0,0,0.0,0,,0,0,,0,0,0,0,0,0,0,0,0.0,0,0,0,0,0,64.0,5760.0,0,0,0,83,eth:ethertype:ip:tcp,33.1,94.9,52.2,160.0,-51.0,84:F3:EB:12:34:56,,,,,0.0,Normal,0.0
1744310836863620,10.42.0.2,10.42.0.1,50241,1883,33,1,0,1,0,0,1,0,12,0,0,0,0,0.0,0,,0,1,,0,0,0,1,42,4,MQTT,4,0.0,0,0,0,0,0,64.0,5760.0,0,0,esp32_a0a3b3edac1c,66,eth:ethertype:ip:tcp:mqtt,33.1,94.9,52.2,160.0,-51.0,84:F3:EB:12:34:56,,,,,0.0,Normal,0.0
1744310836899624,10.42.0.2,10.42.0.1,50241,1883,45,5,0,1,0,0,1,0,3,0,0,0,0,0.0,0,,0,0,,0,0,0,0,0,0,0,0,0.0,0,0,0,0,0,64.0,5756.0,0,0,0,57,eth:ethertype:ip:tcp,33.1,94.9,52.2,160.0,-51.0,84:F3:EB:12:34:56,,,,,0.0,Normal,0.0
1744310836911971,10.42.0.2,10.42.0.1,50241,1883,48,5,0,1,1,0,1,0,185,0,0,0,0,0.0,0,,0,3,"Wakeup: 0, Mode: 0, Reset: 1, Temperature: 39.0, Uptime: 635096, Memory: 94.9, In_Temperature: 52.2°C, CPU: 160, RSSI: -50, MAC: 84:F3:EB:12:34:56, F_Storage: 99.2",test/temperatura,16,0,0,182,0,0,0,0.0,0,0,0,0,0,64.0,5756.0,0,0,0,239,eth:ethertype:ip:tcp:mqtt,39.0,94.9,52.2,160.0,-50.0,84:F3:EB:12:34:56,,,,,0.0,Normal,0.0
1744310836916425,10.42.0.2,10.42.0.1,50241,1883,234,6,0,1,0,0,0,0,0,0,0,0,0,0.0,0,,0,0,,0,0,0,0,0,0,0,0,0.0,0,0,0,0,0,64.0,5755.0,0,0,0,54,eth:ethertype:ip:tcp,39.0,94.9,52.2,160.0,-50.0,84:F3:EB:12:34:56,,,,,0.0,Normal,0.0
1744310866919692,10.42.0.2,10.42.0.1,50242,1883,0,0,1,0,0,0,0,0,0,0,0,0,0,0.0,0,,0,0,,0,0,0,0,0,0,0,0,0.0,0,0,0,0,0,64.0,5760.0,0,0,0,58,eth:ethertype:ip:tcp,39.0,94.9,52.2,160.0,-50.0,84:F3:EB:12:34:56,,,,,0.0,Normal,0.0
1744310866923736,10.42.0.2,10.42.0.1,50242,1883,1,1,0,1,0,0,0,0,0,0,0,0,0,0.0,0,,0,0,,0,0,0,0,0,0,0,0,0.0,0,0,0,0,0,64.0,5760.0,0,0,0,54,eth:ethertype:ip:tcp,39.0,94.9,52.2,160.0,-50.0,84:F3:EB:12:34:56,,,,,0.0,Normal,0.0
1744310866925751,10.42.0.2,10.42.0.1,50242,1883,1,1,0,1,0,0,1,0,3,0,0,0,0,0.0,0,,0,0,,0,0,0,0,0,0,0,0,0.0,0,0,0,0,0,64.0,5760.0,0,0,0,57,eth:ethertype:ip:tcp,39.0,94.9,52.2,160.0,-50.0,84:F3:EB:12:34:56,,,,,0.0,Normal,0.0
1744310866929195,10.42.0.2,10.42.0.1,50242,1883,4,1,0,1,0,0,1,0,29,0,0,0,0,0.0,0,,0,0,,0,0,0,0,0,0,0,0,0.0,0,0,0,0,0,64.0,5760.0,0,0,0,83,eth:ethertype:ip:tcp,39.0,94.9,52.2,160.0,-50.0,84:F3:EB:12:34:56,,,,,0.0,Normal,0.0
1744310866933150,10.42.0.2,10.42.0.1,50242,1883,33,1,0,1,0,0,1,0,12,0,0,0,0,0.0,0,,0,1,,0,0,0,1,42,4,MQTT,4,0.0,0,0,0,0,0,64.0,5760.0,0,0,esp32_a0a3b3edac1c,66,eth:ethertype:ip:tcp:mqtt,39.0,94.9,52.2,160.0,-50.0,84:F3:EB:12:34:56,,,,,0.0,Normal,0.0
1744310866960439,10.42.0.2,10.42.0.1,50242,1883,45,5,0,1,0,0,0,0,0,0,0,0,0,0.0,0,,0,0,,0,0,0,0,0,0,0,0,0.0,0,0,0,0,0,64.0,5756.0,0,0,0,54,eth:ethertype:ip:tcp,39.0,94.9,52.2,160.0,-50.0,84:F3:EB:12:34:56,,,,,0.0,Normal,0.0
1744310866969431,10.42.0.2,10.42.0.1,50242,1883,45,5,0,1,0,0,1,0,3,0,0,0,0,0.0,0,,0,0,,0,0,0,0,0,0,0,0,0.0,0,0,0,0,0,64.0,5756.0,0,0,0,57,eth:ethertype:ip:tcp,39.0,94.9,52.2,160.0,-50.0,84:F3:EB:12:34:56,,,,,0.0,Normal,0.0
1744310866980026,10.42.0.2,10.42.0.1,50242,1883,48,5,0,1,1,0,1,0,185,0,0,0,0,0.0,0,,0,3,"Wakeup: 0, Mode: 0, Reset: 1, Temperature: 32.6, Uptime: 635126, Memory: 94.9, In_Temperature: 52.2°C, CPU: 160, RSSI: -50, MAC: 84:F3:EB:12:34:56, F_Storage: 99.2",test/temperatura,16,0,0,182,0,0,0,0.0,0,0,0,0,0,64.0,5756.0,0,0,0,239,eth:ethertype:ip:tcp:mqtt,32.6,94.9,52.2,160.0,-50.0,84:F3:EB:12:34:56,,,,,0.0,Normal,0.0
1744310866984188,10.42.0.2,10.42.0.1,50242,1883,234,6,0,1,0,0,0,0,0,0,0,0,0,0.0,0,,0,0,,0,0,0,0,0,0,0,0,0.0,0,0,0,0,0,64.0,5755.0,0,0,0,54,eth:ethertype:ip:tcp,32.6,94.9,52.2,160.0,-50.0,84:F3:EB:12:34:56,,,,,0.0,Normal,0.0
1744310896988440,10.42.0.2,10.42.0.1,50243,1883,0,0,1,0,0,0,0,0,0,0,0,0,0,0.0,0,,0,0,,0,0,0,0,0,0,0,0,0.0,0,0,0,0,0,64.0,5760.0,0,0,0,58,eth:ethertype:ip:tcp,32.6,94.9,52.2,160.0,-50.0,84:F3:EB:12:34:56,,,,,0.0,Normal,0.0
1744310896993457,10.42.0.2,10.42.0.1,50243,1883,1,1,0,1,0,0,0,0,0,0,0,0,0,0.0,0,,0,0,,0,0,0,0,0,0,0,0,0.0,0,0,0,0,0,64.0,5760.0,0,0,0,54,eth:ethertype:ip:tcp,32.6,94.9,52.2,160.0,-50.0,84:F3:EB:12:34:56,,,,,0.0,Normal,0.0
1744310896995462,10.42.0.2,10.42.0.1,50243,1883,1,1,0,1,0,0,1,0,3,0,0,0,0,0.0,0,,0,0,,0,0,0,0,0,0,0,0,0.0,0,0,0,0,0,64.0,5760.0,0,0,0,57,eth:ethertype:ip:tcp,32.6,94.9,52.2,160.0,-50.0,84:F3:EB:12:34:56,,,,,0.0,Normal,0.0
1744310896998873,10.42.0.2,10.42.0.1,50243,1883,4,1,0,1,0,0,1,0,29,0,0,0,0,0.0,0,,0,0,,0,0,0,0,0,0,0,0,0.0,0,0,0,0,0,64.0,5760.0,0,0,0,83,eth:ethertype:ip:tcp,32.6,94.9,52.2,160.0,-50.0,84:F3:EB:12:34:56,,,,,0.0,Normal,0.0
1744310897002119,10.42.0.2,10.42.0.1,50243,1883,33,1,0,1,0,0,1,0,12,0,0,0,0,0.0,0,,0,1,,0,0,0,1,42,4,MQTT,4,0.0,0,0,0,0,0,64.0,5760.0,0,0,esp32_a0a3b3edac1c,66,eth:ethertype:ip:tcp:mqtt,32.6,94.9,52.2,160.0,-50.0,84:F3:EB:12:34:56,,,,,0.0,Normal,0.0
1744310897038963,10.42.0.2,10.42.0.1,50243,1883,45,5,0,1,0,0,1,0,3,0,0,0,0,0.0,0,,0,0,,0,0,0,0,0,0,0,0,0.0,0,0,0,0,0,64.0,5756.0,0,0,0,57,eth:ethertype:ip:tcp,32.6,94.9,52.2,160.0,-50.0,84:F3:EB:12:34:56,,,,,0.0,Normal,0.0
1744310897049384,10.42.0.2,10.42.0.1,50243,1883,48,5,0,1,1,0,1,0,185,0,0,0,0,0.0,0,,0,3,"Wakeup: 0, Mode: 0, Reset: 1, Temperature: 28.9, Uptime: 635156, Memory: 94.9, In_Temperature: 52.2°C, CPU: 160, RSSI: -50, MAC: 84:F3:EB:12:34:56, F_Storage: 99.2",test/temperatura,16,0,0,182,0,0,0,0.0,0,0,0,0,0,64.0,5756.0,0,0,0,239,eth:ethertype:ip:tcp:mqtt,28.9,94.9,52.2,160.0,-50.0,84:F3:EB:12:34:56,,,,,0.0,Normal,0.0
1744310897053744,10.42.0.2,10.42.0.1,50243,1883,234,6,0,1,0,0,0,0,0,0,0,0,0,0.0,0,,0,0,,0,0,0,0,0,0,0,0,0.0,0,0,0,0,0,64.0,5755.0,0,0,0,54,eth:ethertype:ip:tcp,28.9,94.9,52.2,160.0,-50.0,84:F3:EB:12:34:56,,,,,0.0,Normal,0.0
1744310927058762,10.42.0.2,10.42.0.1,50244,1883,0,0,1,0,0,0,0,0,0,0,0,0,0,0.0,0,,0,0,,0,0,0,0,0,0,0,0,0.0,0,0,0,0,0,64.0,5760.0,0,0,0,58,eth:ethertype:ip:tcp,28.9,94.9,52.2,160.0,-50.0,84:F3:EB:12:34:56,,,,,0.0,Normal,0.0
1744310927063013,10.42.0.2,10.42.0.1,50244,1883,1,1,0,1,0,0,0,0,0,0,0,0,0,0.0,0,,0,0,,0,0,0,0,0,0,0,0,0.0,0,0,0,0,0,64.0,5760.0,0,0,0,54,eth:ethertype:ip:tcp,28.9,94.9,52.2,160.0,-50.0,84:F3:EB:12:34:56,,,,,0.0,Normal,0.0
1744310927065089,10.42.0.2,10.42.0.1,50244,1883,1,1,0,1,0,0,1,0,3,0,0,0,0,0.0,0,,0,0,,0,0,0,0,0,0,0,0,0.0,0,0,0,0,0,64.0,5760.0,0,0,0,57,eth:ethertype:ip:tcp,28.9,94.9,52.2,160.0,-50.0,84:F3:EB:12:34:56,,,,,0.0,Normal,0.0
1744310927068542,10.42.0.2,10.42.0.1,50244,1883,4,1,0,1,0,0,1,0,29,0,0,0,0,0.0,0,,0,0,,0,0,0,0,0,0,0,0,0.0,0,0,0,0,0,64.0,5760.0,0,0,0,83,eth:ethertype:ip:tcp,28.9,94.9,52.2,160.0,-50.0,84:F3:EB:12:34:56,,,,,0.0,Normal,0.0
1744310927071524,10.42.0.2,10.42.0.1,50244,1883,33,1,0,1,0,0,1,0,12,0,0,0,0,0.0,0,,0,1,,0,0,0,1,42,4,MQTT,4,0.0,0,0,0,0,0,64.0,5760.0,0,0,esp32_a0a3b3edac1c,66,eth:ethertype:ip:tcp:mqtt,28.9,94.9,52.2,160.0,-50.0,84:F3:EB:12:34:56,,,,,0.0,Normal,0.0
1744310927108109,10.42.0.2,10.42.0.1,50244,1883,45,5,0,1,0,0,1,0,3,0,0,0,0,0.0,0,,0,0,,0,0,0,0,0,0,0,0,0.0,0,0,0,0,0,64.0,5756.0,0,0,0,57,eth:ethertype:ip:tcp,28.9,94.9,52.2,160.0,-50.0,84:F3:EB:12:34:56,,,,,0.0,Normal,0.0
1744310927118740,10.42.0.2,10.42.0.1,50244,1883,48,5,0,1,1,0,1,0,185,0,0,0,0,0.0,0,,0,3,"Wakeup: 0, Mode: 0, Reset: 1, Temperature: 32.2, Uptime: 635186, Memory: 94.9, In_Temperature: 52.2°C, CPU: 160, RSSI: -50, MAC: 84:F3:EB:12:34:56, F_Storage: 99.2",test/temperatura,16,0,0,182,0,0,0,0.0,0,0,0,0,0,64.0,5756.0,0,0,0,239,eth:ethertype:ip:tcp:mqtt,32.2,94.9,52.2,160.0,-50.0,84:F3:EB:12:34:56,,,,,0.0,Normal,0.0
1744310927122176,10.42.0.2,10.42.0.1,50244,1883,234,6,0,1,0,0,0,0,0,0,0,0,0,0.0,0,,0,0,,0,0,0,0,0,0,0,0,0.0,0,0,0,0,0,64.0,5755.0,0,0,0,54,eth:ethertype:ip:tcp,32.2,94.9,52.2,160.0,-50.0,84:F3:EB:12:34:56,,,,,0.0,Normal,0.0
1744310957129780,10.42.0.2,10.42.0.1,50245,1883,0,0,1,0,0,0,0,0,0,0,0,0,0,0.0,0,,0,0,,0,0,0,0,0,0,0,0,0.0,0,0,0,0,0,64.0,5760.0,0,0,0,58,eth:ethertype:ip:tcp,32.2,94.9,52.2,160.0,-50.0,84:F3:EB:12:34:56,,,,,0.0,Normal,0.0
1744310957133751,10.42.0.2,10.42.0.1,50245,1883,1,1,0,1,0,0,0,0,0,0,0,0,0,0.0,0,,0,0,,0,0,0,0,0,0,0,0,0.0,0,0,0,0,0,64.0,5760.0,0,0,0,54,eth:ethertype:ip:tcp,32.2,94.9,52.2,160.0,-50.0,84:F3:EB:12:34:56,,,,,0.0,Normal,0.0
1744310957135834,10.42.0.2,10.42.0.1,50245,1883,1,1,0,1,0,0,1,0,3,0,0,0,0,0.0,0,,0,0,,0,0,0,0,0,0,0,0,0.0,0,0,0,0,0,64.0,5760.0,0,0,0,57,eth:ethertype:ip:tcp,32.2,94.9,52.2,160.0,-50.0,84:F3:EB:12:34:56,,,,,0.0,Normal,0.0
1744310957138897,10.42.0.2,10.42.0.1,50245,1883,4,1,0,1,0,0,1,0,29,0,0,0,0,0.0,0,,0,0,,0,0,0,0,0,0,0,0,0.0,0,0,0,0,0,64.0,5760.0,0,0,0,83,eth:ethertype:ip:tcp,32.2,94.9,52.2,160.0,-50.0,84:F3:EB:12:34:56,,,,,0.0,Normal,0.0
1744310957142238,10.42.0.2,10.42.0.1,50245,1883,33,1,0,1,0,0,1,0,12,0,0,0,0,0.0,0,,0,1,,0,0,0,1,42,4,MQTT,4,0.0,0,0,0,0,0,64.0,5760.0,0,0,esp32_a0a3b3edac1c,66,eth:ethertype:ip:tcp:mqtt,32.2,94.9,52.2,160.0,-50.0,84:F3:EB:12:34:56,,,,,0.0,Normal,0.0
1744310957177904,10.42.0.2,10.42.0.1,50245,1883,45,5,0,1,0,0,1,0,3,0,0,0,0,0.0,0,,0,0,,0,0,0,0,0,0,0,0,0.0,0,0,0,0,0,64.0,5756.0,0,0,0,57,eth:ethertype:ip:tcp,32.2,94.9,52.2,160.0,-50.0,84:F3:EB:12:34:56,,,,,0.0,Normal,0.0
1744310957188084,10.42.0.2,10.42.0.1,50245,1883,48,5,0,1,1,0,1,0,185,0,0,0,0,0.0,0,,0,3,"Wakeup: 0, Mode: 0, Reset: 1, Temperature: 33.4, Uptime: 635216, Memory: 94.9, In_Temperature: 52.2°C, CPU: 160, RSSI: -51, MAC: 84:F3:EB:12:34:56, F_Storage: 99.2",test/temperatura,16,0,0,182,0,0,0,0.0,0,0,0,0,0,64.0,5756.0,0,0,0,239,eth:ethertype:ip:tcp:mqtt,33.4,94.9,52.2,160.0,-51.0,84:F3:EB:12:34:56,,,,,0.0,Normal,0.0
1744310957191468,10.42.0.2,10.42.0.1,50245,1883,234,6,0,1,0,0,0,0,0,0,0,0,0,0.0,0,,0,0,,0,0,0,0,0,0,0,0,0.0,0,0,0,0,0,64.0,5755.0,0,0,0,54,eth:ethertype:ip:tcp,33.4,94.9,52.2,160.0,-51.0,84:F3:EB:12:34:56,,,,,0.0,Normal,0.0
1744310987197609,10.42.0.2,10.42.0.1,50246,1883,0,0,1,0,0,0,0,0,0,0,0,0,0,0.0,0,,0,0,,0,0,0,0,0,0,0,0,0.0,0,0,0,0,0,64.0,5760.0,0,0,0,58,eth:ethertype:ip:tcp,33.4,94.9,52.2,160.0,-51.0,84:F3:EB:12:34:56,,,,,0.0,Normal,0.0
1744310987202188,10.42.0.2,10.42.0.1,50246,1883,1,1,0,1,0,0,0,0,0,0,0,0,0,0.0,0,,0,0,,0,0,0,0,0,0,0,0,0.0,0,0,0,0,0,64.0,5760.0,0,0,0,54,eth:ethertype:ip:tcp,33.4,94.9,52.2,160.0,-51.0,84:F3:EB:12:34:56,,,,,0.0,Normal,0.0
1744310987206200,10.42.0.2,10.42.0.1,50246,1883,1,1,0,1,0,0,1,0,3,0,0,0,0,0.0,0,,0,0,,0,0,0,0,0,0,0,0,0.0,0,0,0,0,0,64.0,5760.0,0,0,0,57,eth:ethertype:ip:tcp,33.4,94.9,52.2,160.0,-51.0,84:F3:EB:12:34:56,,,,,0.0,Normal,0.0
1744310987210116,10.42.0.2,10.42.0.1,50246,1883,4,1,0,1,0,0,1,0,41,0,0,0,0,0.0,0,,0,1,,0,0,0,1,42,4,MQTT,4,0.0,0,0,0,0,0,64.0,5760.0,0,0,esp32_a0a3b3edac1c,95,eth:ethertype:ip:tcp:mqtt,33.4,94.9,52.2,160.0,-51.0,84:F3:EB:12:34:56,,,,,0.0,Normal,0.0
1744310987245434,10.42.0.2,10.42.0.1,50246,1883,45,5,0,1,0,0,1,0,3,0,0,0,0,0.0,0,,0,0,,0,0,0,0,0,0,0,0,0.0,0,0,0,0,0,64.0,5756.0,0,0,0,57,eth:ethertype:ip:tcp,33.4,94.9,52.2,160.0,-51.0,84:F3:EB:12:34:56,,,,,0.0,Normal,0.0
1744310987257397,10.42.0.2,10.42.0.1,50246,1883,48,5,0,1,1,0,1,0,185,0,0,0,0,0.0,0,,0,3,"Wakeup: 0, Mode: 0, Reset: 1, Temperature: 40.6, Uptime: 635246, Memory: 94.9, In_Temperature: 52.2°C, CPU: 160, RSSI: -50, MAC: 84:F3:EB:12:34:56, F_Storage: 99.2",test/temperatura,16,0,0,182,0,0,0,0.0,0,0,0,0,0,64.0,5756.0,0,0,0,239,eth:ethertype:ip:tcp:mqtt,40.6,94.9,52.2,160.0,-50.0,84:F3:EB:12:34:56,,,,,0.0,Normal,0.0
1744310987260876,10.42.0.2,10.42.0.1,50246,1883,234,6,0,1,0,0,0,0,0,0,0,0,0,0.0,0,,0,0,,0,0,0,0,0,0,0,0,0.0,0,0,0,0,0,64.0,5755.0,0,0,0,54,eth:ethertype:ip:tcp,40.6,94.9,52.2,160.0,-50.0,84:F3:EB:12:34:56,,,,,0.0,Normal,0.0
1744311017266385,10.42.0.2,10.42.0.1,50247,1883,0,0,1,0,0,0,0,0,0,0,0,0,0,0.0,0,,0,0,,0,0,0,0,0,0,0,0,0.0,0,0,0,0,0,64.0,5760.0,0,0,0,58,eth:ethertype:ip:tcp,40.6,94.9,52.2,160.0,-50.0,84:F3:EB:12:34:56,,,,,0.0,Normal,0.0
1744311017270297,10.42.0.2,10.42.0.1,50247,1883,1,1,0,1,0,0,0,0,0,0,0,0,0,0.0,0,,0,0,,0,0,0,0,0,0,0,0,0.0,0,0,0,0,0,64.0,5760.0,0,0,0,54,eth:ethertype:ip:tcp,40.6,94.9,52.2,160.0,-50.0,84:F3:EB:12:34:56,,,,,0.0,Normal,0.0
1744311017272457,10.42.0.2,10.42.0.1,50247,1883,1,1,0,1,0,0,1,0,3,0,0,0,0,0.0,0,,0,0,,0,0,0,0,0,0,0,0,0.0,0,0,0,0,0,64.0,5760.0,0,0,0,57,eth:ethertype:ip:tcp,40.6,94.9,52.2,160.0,-50.0,84:F3:EB:12:34:56,,,,,0.0,Normal,0.0
1744311017275879,10.42.0.2,10.42.0.1,50247,1883,4,1,0,1,0,0,1,0,29,0,0,0,0,0.0,0,,0,0,,0,0,0,0,0,0,0,0,0.0,0,0,0,0,0,64.0,5760.0,0,0,0,83,eth:ethertype:ip:tcp,40.6,94.9,52.2,160.0,-50.0,84:F3:EB:12:34:56,,,,,0.0,Normal,0.0
1744311017279640,10.42.0.2,10.42.0.1,50247,1883,33,1,0,1,0,0,1,0,2,0,0,0,0,0.0,0,,0,0,,0,0,0,0,0,0,0,0,0.0,0,0,0,0,0,64.0,5760.0,0,0,0,56,eth:ethertype:ip:tcp,40.6,94.9,52.2,160.0,-50.0,84:F3:EB:12:34:56,,,,,0.0,Normal,0.0
1744311017283892,10.42.0.2,10.42.0.1,50247,1883,35,1,0,1,0,0,1,0,4,0,0,0,0,0.0,0,,0,0,,0,0,0,0,0,0,0,0,0.0,0,0,0,0,0,64.0,5760.0,0,0,0,58,eth:ethertype:ip:tcp,40.6,94.9,52.2,160.0,-50.0,84:F3:EB:12:34:56,,,,,0.0,Normal,0.0
1744311017287591,10.42.0.2,10.42.0.1,50247,1883,39,1,0,1,0,0,1,0,2,0,0,0,0,0.0,0,,0,0,,0,0,0,0,0,0,0,0,0.0,0,0,0,0,0,64.0,5760.0,0,0,0,56,eth:ethertype:ip:tcp,40.6,94.9,52.2,160.0,-50.0,84:F3:EB:12:34:56,,,,,0.0,Normal,0.0
1744311017290194,10.42.0.2,10.42.0.1,50247,1883,41,1,0,1,0,0,1,0,4,0,0,0,0,0.0,0,,0,1,,0,0,0,1,42,4,MQTT,4,0.0,0,0,0,0,0,64.0,5760.0,0,0,esp32_a0a3b3edac1c,58,eth:ethertype:ip:tcp:mqtt,40.6,94.9,52.2,160.0,-50.0,84:F3:EB:12:34:56,,,,,0.0,Normal,0.0
1744311017325968,10.42.0.2,10.42.0.1,50247,1883,45,5,0,1,0,0,1,0,3,0,0,0,0,0.0,0,,0,0,,0,0,0,0,0,0,0,0,0.0,0,0,0,0,0,64.0,5756.0,0,0,0,57,eth:ethertype:ip:tcp,40.6,94.9,52.2,160.0,-50.0,84:F3:EB:12:34:56,,,,,0.0,Normal,0.0
1744311017336741,10.42.0.2,10.42.0.1,50247,1883,48,5,0,1,1,0,1,0,185,0,0,0,0,0.0,0,,0,3,"Wakeup: 0, Mode: 0, Reset: 1, Temperature: 40.9, Uptime: 635276, Memory: 94.9, In_Temperature: 52.2°C, CPU: 160, RSSI: -51, MAC: 84:F3:EB:12:34:56, F_Storage: 99.2",test/temperatura,16,0,0,182,0,0,0,0.0,0,0,0,0,0,64.0,5756.0,0,0,0,239,eth:ethertype:ip:tcp:mqtt,40.9,94.9,52.2,160.0,-51.0,84:F3:EB:12:34:56,,,,,0.0,Normal,0.0
1744311017341021,10.42.0.2,10.42.0.1,50247,1883,234,6,0,1,0,0,0,0,0,0,0,0,0,0.0,0,,0,0,,0,0,0,0,0,0,0,0,0.0,0,0,0,0,0,64.0,5755.0,0,0,0,54,eth:ethertype:ip:tcp,40.9,94.9,52.2,160.0,-51.0,84:F3:EB:12:34:56,,,,,0.0,Normal,0.0
1744311047345731,10.42.0.2,10.42.0.1,50248,1883,0,0,1,0,0,0,0,0,0,0,0,0,0,0.0,0,,0,0,,0,0,0,0,0,0,0,0,0.0,0,0,0,0,0,64.0,5760.0,0,0,0,58,eth:ethertype:ip:tcp,40.9,94.9,52.2,160.0,-51.0,84:F3:EB:12:34:56,,,,,0.0,Normal,0.0
1744311047349692,10.42.0.2,10.42.0.1,50248,1883,1,1,0,1,0,0,0,0,0,0,0,0,0,0.0,0,,0,0,,0,0,0,0,0,0,0,0,0.0,0,0,0,0,0,64.0,5760.0,0,0,0,54,eth:ethertype:ip:tcp,40.9,94.9,52.2,160.0,-51.0,84:F3:EB:12:34:56,,,,,0.0,Normal,0.0
1744311047351862,10.42.0.2,10.42.0.1,50248,1883,1,1,0,1,0,0,1,0,3,0,0,0,0,0.0,0,,0,0,,0,0,0,0,0,0,0,0,0.0,0,0,0,0,0,64.0,5760.0,0,0,0,57,eth:ethertype:ip:tcp,40.9,94.9,52.2,160.0,-51.0,84:F3:EB:12:34:56,,,,,0.0,Normal,0.0
1744311047355311,10.42.0.2,10.42.0.1,50248,1883,4,1,0,1,0,0,1,0,29,0,0,0,0,0.0,0,,0,0,,0,0,0,0,0,0,0,0,0.0,0,0,0,0,0,64.0,5760.0,0,0,0,83,eth:ethertype:ip:tcp,40.9,94.9,52.2,160.0,-51.0,84:F3:EB:12:34:56,,,,,0.0,Normal,0.0
1744311047358345,10.42.0.2,10.42.0.1,50248,1883,33,1,0,1,0,0,1,0,12,0,0,0,0,0.0,0,,0,1,,0,0,0,1,42,4,MQTT,4,0.0,0,0,0,0,0,64.0,5760.0,0,0,esp32_a0a3b3edac1c,66,eth:ethertype:ip:tcp:mqtt,40.9,94.9,52.2,160.0,-51.0,84:F3:EB:12:34:56,,,,,0.0,Normal,0.0
1744311047393725,10.42.0.2,10.42.0.1,50248,1883,45,5,0,1,0,0,1,0,3,0,0,0,0,0.0,0,,0,0,,0,0,0,0,0,0,0,0,0.0,0,0,0,0,0,64.0,5756.0,0,0,0,57,eth:ethertype:ip:tcp,40.9,94.9,52.2,160.0,-51.0,84:F3:EB:12:34:56,,,,,0.0,Normal,0.0
1744311047406045,10.42.0.2,10.42.0.1,50248,1883,48,5,0,1,1,0,1,0,185,0,0,0,0,0.0,0,,0,3,"Wakeup: 0, Mode: 0, Reset: 1, Temperature: 39.0, Uptime: 635306, Memory: 94.9, In_Temperature: 52.2°C, CPU: 160, RSSI: -51, MAC: 84:F3:EB:12:34:56, F_Storage: 99.2",test/temperatura,16,0,0,182,0,0,0,0.0,0,0,0,0,0,64.0,5756.0,0,0,0,239,eth:ethertype:ip:tcp:mqtt,39.0,94.9,52.2,160.0,-51.0,84:F3:EB:12:34:56,,,,,0.0,Normal,0.0
1744311047409257,10.42.0.2,10.42.0.1,50248,1883,234,6,0,1,0,0,0,0,0,0,0,0,0,0.0,0,,0,0,,0,0,0,0,0,0,0,0,0.0,0,0,0,0,0,64.0,5755.0,0,0,0,54,eth:ethertype:ip:tcp,39.0,94.9,52.2,160.0,-51.0,84:F3:EB:12:34:56,,,,,0.0,Normal,0.0
1744311077414081,10.42.0.2,10.42.0.1,50249,1883,0,0,1,0,0,0,0,0,0,0,0,0,0,0.0,0,,0,0,,0,0,0,0,0,0,0,0,0.0,0,0,0,0,0,64.0,5760.0,0,0,0,58,eth:ethertype:ip:tcp,39.0,94.9,52.2,160.0,-51.0,84:F3:EB:12:34:56,,,,,0.0,Normal,0.0
1744311077421556,10.42.0.2,10.42.0.1,50249,1883,1,1,0,1,0,0,0,0,0,0,0,0,0,0.0,0,,0,0,,0,0,0,0,0,0,0,0,0.0,0,0,0,0,0,64.0,5760.0,0,0,0,54,eth:ethertype:ip:tcp,39.0,94.9,52.2,160.0,-51.0,84:F3:EB:12:34:56,,,,,0.0,Normal,0.0
1744311077423652,10.42.0.2,10.42.0.1,50249,1883,1,1,0,1,0,0,1,0,3,0,0,0,0,0.0,0,,0,0,,0,0,0,0,0,0,0,0,0.0,0,0,0,0,0,64.0,5760.0,0,0,0,57,eth:ethertype:ip:tcp,39.0,94.9,52.2,160.0,-51.0,84:F3:EB:12:34:56,,,,,0.0,Normal,0.0
1744311077427236,10.42.0.2,10.42.0.1,50249,1883,4,1,0,1,0,0,1,0,29,0,0,0,0,0.0,0,,0,0,,0,0,0,0,0,0,0,0,0.0,0,0,0,0,0,64.0,5760.0,0,0,0,83,eth:ethertype:ip:tcp,39.0,94.9,52.2,160.0,-51.0,84:F3:EB:12:34:56,,,,,0.0,Normal,0.0
1744311077430456,10.42.0.2,10.42.0.1,50249,1883,33,1,0,1,0,0,1,0,12,0,0,0,0,0.0,0,,0,1,,0,0,0,1,42,4,MQTT,4,0.0,0,0,0,0,0,64.0,5760.0,0,0,esp32_a0a3b3edac1c,66,eth:ethertype:ip:tcp:mqtt,39.0,94.9,52.2,160.0,-51.0,84:F3:EB:12:34:56,,,,,0.0,Normal,0.0
1744311077455504,10.42.0.2,10.42.0.1,50249,1883,45,5,0,1,0,0,0,0,0,0,0,0,0,0.0,0,,0,0,,0,0,0,0,0,0,0,0,0.0,0,0,0,0,0,64.0,5756.0,0,0,0,54,eth:ethertype:ip:tcp,39.0,94.9,52.2,160.0,-51.0,84:F3:EB:12:34:56,,,,,0.0,Normal,0.0
1744311077469374,10.42.0.2,10.42.0.1,50249,1883,45,5,0,1,0,0,1,0,3,0,0,0,0,0.0,0,,0,0,,0,0,0,0,0,0,0,0,0.0,0,0,0,0,0,64.0,5756.0,0,0,0,57,eth:ethertype:ip:tcp,39.0,94.9,52.2,160.0,-51.0,84:F3:EB:12:34:56,,,,,0.0,Normal,0.0
1744311077485455,10.42.0.2,10.42.0.1,50249,1883,48,5,0,1,1,0,1,0,185,0,0,0,0,0.0,0,,0,3,"Wakeup: 0, Mode: 0, Reset: 1, Temperature: 33.5, Uptime: 635336, Memory: 94.9, In_Temperature: 52.2°C, CPU: 160, RSSI: -50, MAC: 84:F3:EB:12:34:56, F_Storage: 99.2",test/temperatura,16,0,0,182,0,0,0,0.0,0,0,0,0,0,64.0,5756.0,0,0,0,239,eth:ethertype:ip:tcp:mqtt,33.5,94.9,52.2,160.0,-50.0,84:F3:EB:12:34:56,,,,,0.0,Normal,0.0
1744311077488864,10.42.0.2,10.42.0.1,50249,1883,234,6,0,1,0,0,0,0,0,0,0,0,0,0.0,0,,0,0,,0,0,0,0,0,0,0,0,0.0,0,0,0,0,0,64.0,5755.0,0,0,0,54,eth:ethertype:ip:tcp,33.5,94.9,52.2,160.0,-50.0,84:F3:EB:12:34:56,,,,,0.0,Normal,0.0
1744311107493749,10.42.0.2,10.42.0.1,50250,1883,0,0,1,0,0,0,0,0,0,0,0,0,0,0.0,0,,0,0,,0,0,0,0,0,0,0,0,0.0,0,0,0,0,0,64.0,5760.0,0,0,0,58,eth:ethertype:ip:tcp,33.5,94.9,52.2,160.0,-50.0,84:F3:EB:12:34:56,,,,,0.0,Normal,0.0
1744311107497676,10.42.0.2,10.42.0.1,50250,1883,1,1,0,1,0,0,0,0,0,0,0,0,0,0.0,0,,0,0,,0,0,0,0,0,0,0,0,0.0,0,0,0,0,0,64.0,5760.0,0,0,0,54,eth:ethertype:ip:tcp,33.5,94.9,52.2,160.0,-50.0,84:F3:EB:12:34:56,,,,,0.0,Normal,0.0
1744311107499990,10.42.0.2,10.42.0.1,50250,1883,1,1,0,1,0,0,1,0,3,0,0,0,0,0.0,0,,0,0,,0,0,0,0,0,0,0,0,0.0,0,0,0,0,0,64.0,5760.0,0,0,0,57,eth:ethertype:ip:tcp,33.5,94.9,52.2,160.0,-50.0,84:F3:EB:12:34:56,,,,,0.0,Normal,0.0
1744311107503459,10.42.0.2,10.42.0.1,50250,1883,4,1,0,1,0,0,1,0,29,0,0,0,0,0.0,0,,0,0,,0,0,0,0,0,0,0,0,0.0,0,0,0,0,0,64.0,5760.0,0,0,0,83,eth:ethertype:ip:tcp,33.5,94.9,52.2,160.0,-50.0,84:F3:EB:12:34:56,,,,,0.0,Normal,0.0
1744311107507616,10.42.0.2,10.42.0.1,50250,1883,33,1,0,1,0,0,1,0,12,0,0,0,0,0.0,0,,0,1,,0,0,0,1,42,4,MQTT,4,0.0,0,0,0,0,0,64.0,5760.0,0,0,esp32_a0a3b3edac1c,66,eth:ethertype:ip:tcp:mqtt,33.5,94.9,52.2,160.0,-50.0,84:F3:EB:12:34:56,,,,,0.0,Normal,0.0
1744311107543385,10.42.0.2,10.42.0.1,50250,1883,45,5,0,1,0,0,1,0,3,0,0,0,0,0.0,0,,0,0,,0,0,0,0,0,0,0,0,0.0,0,0,0,0,0,64.0,5756.0,0,0,0,57,eth:ethertype:ip:tcp,33.5,94.9,52.2,160.0,-50.0,84:F3:EB:12:34:56,,,,,0.0,Normal,0.0
1744311107555778,10.42.0.2,10.42.0.1,50250,1883,48,5,0,1,1,0,1,0,185,0,0,0,0,0.0,0,,0,3,"Wakeup: 0, Mode: 0, Reset: 1, Temperature: 29.8, Uptime: 635367, Memory: 94.9, In_Temperature: 52.2°C, CPU: 160, RSSI: -50, MAC: 84:F3:EB:12:34:56, F_Storage: 99.2",test/temperatura,16,0,0,182,0,0,0,0.0,0,0,0,0,0,64.0,5756.0,0,0,0,239,eth:ethertype:ip:tcp:mqtt,29.8,94.9,52.2,160.0,-50.0,84:F3:EB:12:34:56,,,,,0.0,Normal,0.0
1744311107559600,10.42.0.2,10.42.0.1,50250,1883,234,6,0,1,0,0,0,0,0,0,0,0,0,0.0,0,,0,0,,0,0,0,0,0,0,0,0,0.0,0,0,0,0,0,64.0,5755.0,0,0,0,54,eth:ethertype:ip:tcp,29.8,94.9,52.2,160.0,-50.0,84:F3:EB:12:34:56,,,,,0.0,Normal,0.0
1744311126705788,10.42.0.2,10.42.0.1,0,0,0,0,0,0,0,0,0,0,0,0,0,0,0,0.0,0,,0,0,,0,0,0,0,0,0,0,0,0.0,0,0,0,0,0,64.0,0.0,0,0,0,350,eth:ethertype:ip:udp:dhcp,29.8,94.9,52.2,160.0,-50.0,84:F3:EB:12:34:56,,,,,0.0,Normal,0.0
1744311137563981,10.42.0.2,10.42.0.1,50251,1883,0,0,1,0,0,0,0,0,0,0,0,0,0,0.0,0,,0,0,,0,0,0,0,0,0,0,0,0.0,0,0,0,0,0,64.0,5760.0,0,0,0,58,eth:ethertype:ip:tcp,29.8,94.9,52.2,160.0,-50.0,84:F3:EB:12:34:56,,,,,0.0,Normal,0.0
1744311137568084,10.42.0.2,10.42.0.1,50251,1883,1,1,0,1,0,0,0,0,0,0,0,0,0,0.0,0,,0,0,,0,0,0,0,0,0,0,0,0.0,0,0,0,0,0,64.0,5760.0,0,0,0,54,eth:ethertype:ip:tcp,29.8,94.9,52.2,160.0,-50.0,84:F3:EB:12:34:56,,,,,0.0,Normal,0.0
1744311137570284,10.42.0.2,10.42.0.1,50251,1883,1,1,0,1,0,0,1,0,3,0,0,0,0,0.0,0,,0,0,,0,0,0,0,0,0,0,0,0.0,0,0,0,0,0,64.0,5760.0,0,0,0,57,eth:ethertype:ip:tcp,29.8,94.9,52.2,160.0,-50.0,84:F3:EB:12:34:56,,,,,0.0,Normal,0.0
1744311137573767,10.42.0.2,10.42.0.1,50251,1883,4,1,0,1,0,0,1,0,29,0,0,0,0,0.0,0,,0,0,,0,0,0,0,0,0,0,0,0.0,0,0,0,0,0,64.0,5760.0,0,0,0,83,eth:ethertype:ip:tcp,29.8,94.9,52.2,160.0,-50.0,84:F3:EB:12:34:56,,,,,0.0,Normal,0.0
1744311137578760,10.42.0.2,10.42.0.1,50251,1883,33,1,0,1,0,0,1,0,12,0,0,0,0,0.0,0,,0,1,,0,0,0,1,42,4,MQTT,4,0.0,0,0,0,0,0,64.0,5760.0,0,0,esp32_a0a3b3edac1c,66,eth:ethertype:ip:tcp:mqtt,29.8,94.9,52.2,160.0,-50.0,84:F3:EB:12:34:56,,,,,0.0,Normal,0.0
1744311137614242,10.42.0.2,10.42.0.1,50251,1883,45,5,0,1,0,0,1,0,3,0,0,0,0,0.0,0,,0,0,,0,0,0,0,0,0,0,0,0.0,0,0,0,0,0,64.0,5756.0,0,0,0,57,eth:ethertype:ip:tcp,29.8,94.9,52.2,160.0,-50.0,84:F3:EB:12:34:56,,,,,0.0,Normal,0.0
1744311137624475,10.42.0.2,10.42.0.1,50251,1883,48,5,0,1,1,0,1,0,185,0,0,0,0,0.0,0,,0,3,"Wakeup: 0, Mode: 0, Reset: 1, Temperature: 36.5, Uptime: 635397, Memory: 94.9, In_Temperature: 52.2°C, CPU: 160, RSSI: -50, MAC: 84:F3:EB:12:34:56, F_Storage: 99.2",test/temperatura,16,0,0,182,0,0,0,0.0,0,0,0,0,0,64.0,5756.0,0,0,0,239,eth:ethertype:ip:tcp:mqtt,36.5,94.9,52.2,160.0,-50.0,84:F3:EB:12:34:56,,,,,0.0,Normal,0.0
1744311137632377,10.42.0.2,10.42.0.1,50251,1883,234,6,0,1,0,0,0,0,0,0,0,0,0,0.0,0,,0,0,,0,0,0,0,0,0,0,0,0.0,0,0,0,0,0,64.0,5755.0,0,0,0,54,eth:ethertype:ip:tcp,36.5,94.9,52.2,160.0,-50.0,84:F3:EB:12:34:56,,,,,0.0,Normal,0.0
1744311167633263,10.42.0.2,10.42.0.1,50252,1883,0,0,1,0,0,0,0,0,0,0,0,0,0,0.0,0,,0,0,,0,0,0,0,0,0,0,0,0.0,0,0,0,0,0,64.0,5760.0,0,0,0,58,eth:ethertype:ip:tcp,36.5,94.9,52.2,160.0,-50.0,84:F3:EB:12:34:56,,,,,0.0,Normal,0.0
1744311167637220,10.42.0.2,10.42.0.1,50252,1883,1,1,0,1,0,0,0,0,0,0,0,0,0,0.0,0,,0,0,,0,0,0,0,0,0,0,0,0.0,0,0,0,0,0,64.0,5760.0,0,0,0,54,eth:ethertype:ip:tcp,36.5,94.9,52.2,160.0,-50.0,84:F3:EB:12:34:56,,,,,0.0,Normal,0.0
1744311167639444,10.42.0.2,10.42.0.1,50252,1883,1,1,0,1,0,0,1,0,3,0,0,0,0,0.0,0,,0,0,,0,0,0,0,0,0,0,0,0.0,0,0,0,0,0,64.0,5760.0,0,0,0,57,eth:ethertype:ip:tcp,36.5,94.9,52.2,160.0,-50.0,84:F3:EB:12:34:56,,,,,0.0,Normal,0.0
1744311167642788,10.42.0.2,10.42.0.1,50252,1883,4,1,0,1,0,0,1,0,29,0,0,0,0,0.0,0,,0,0,,0,0,0,0,0,0,0,0,0.0,0,0,0,0,0,64.0,5760.0,0,0,0,83,eth:ethertype:ip:tcp,36.5,94.9,52.2,160.0,-50.0,84:F3:EB:12:34:56,,,,,0.0,Normal,0.0
1744311167645854,10.42.0.2,10.42.0.1,50252,1883,33,1,0,1,0,0,1,0,12,0,0,0,0,0.0,0,,0,1,,0,0,0,1,42,4,MQTT,4,0.0,0,0,0,0,0,64.0,5760.0,0,0,esp32_a0a3b3edac1c,66,eth:ethertype:ip:tcp:mqtt,36.5,94.9,52.2,160.0,-50.0,84:F3:EB:12:34:56,,,,,0.0,Normal,0.0
1744311167681277,10.42.0.2,10.42.0.1,50252,1883,45,5,0,1,0,0,1,0,3,0,0,0,0,0.0,0,,0,0,,0,0,0,0,0,0,0,0,0.0,0,0,0,0,0,64.0,5756.0,0,0,0,57,eth:ethertype:ip:tcp,36.5,94.9,52.2,160.0,-50.0,84:F3:EB:12:34:56,,,,,0.0,Normal,0.0
1744311167694103,10.42.0.2,10.42.0.1,50252,1883,48,5,0,1,1,0,1,0,185,0,0,0,0,0.0,0,,0,3,"Wakeup: 0, Mode: 0, Reset: 1, Temperature: 27.8, Uptime: 635427, Memory: 94.9, In_Temperature: 52.2°C, CPU: 160, RSSI: -51, MAC: 84:F3:EB:12:34:56, F_Storage: 99.2",test/temperatura,16,0,0,182,0,0,0,0.0,0,0,0,0,0,64.0,5756.0,0,0,0,239,eth:ethertype:ip:tcp:mqtt,27.8,94.9,52.2,160.0,-51.0,84:F3:EB:12:34:56,,,,,0.0,Normal,0.0
1744311167697554,10.42.0.2,10.42.0.1,50252,1883,234,6,0,1,0,0,0,0,0,0,0,0,0,0.0,0,,0,0,,0,0,0,0,0,0,0,0,0.0,0,0,0,0,0,64.0,5755.0,0,0,0,54,eth:ethertype:ip:tcp,27.8,94.9,52.2,160.0,-51.0,84:F3:EB:12:34:56,,,,,0.0,Normal,0.0
1744311197702598,10.42.0.2,10.42.0.1,50253,1883,0,0,1,0,0,0,0,0,0,0,0,0,0,0.0,0,,0,0,,0,0,0,0,0,0,0,0,0.0,0,0,0,0,0,64.0,5760.0,0,0,0,58,eth:ethertype:ip:tcp,27.8,94.9,52.2,160.0,-51.0,84:F3:EB:12:34:56,,,,,0.0,Normal,0.0
1744311197706808,10.42.0.2,10.42.0.1,50253,1883,1,1,0,1,0,0,0,0,0,0,0,0,0,0.0,0,,0,0,,0,0,0,0,0,0,0,0,0.0,0,0,0,0,0,64.0,5760.0,0,0,0,54,eth:ethertype:ip:tcp,27.8,94.9,52.2,160.0,-51.0,84:F3:EB:12:34:56,,,,,0.0,Normal,0.0
1744311197708989,10.42.0.2,10.42.0.1,50253,1883,1,1,0,1,0,0,1,0,3,0,0,0,0,0.0,0,,0,0,,0,0,0,0,0,0,0,0,0.0,0,0,0,0,0,64.0,5760.0,0,0,0,57,eth:ethertype:ip:tcp,27.8,94.9,52.2,160.0,-51.0,84:F3:EB:12:34:56,,,,,0.0,Normal,0.0
1744311197712444,10.42.0.2,10.42.0.1,50253,1883,4,1,0,1,0,0,1,0,29,0,0,0,0,0.0,0,,0,0,,0,0,0,0,0,0,0,0,0.0,0,0,0,0,0,64.0,5760.0,0,0,0,83,eth:ethertype:ip:tcp,27.8,94.9,52.2,160.0,-51.0,84:F3:EB:12:34:56,,,,,0.0,Normal,0.0
1744311197715408,10.42.0.2,10.42.0.1,50253,1883,33,1,0,1,0,0,1,0,12,0,0,0,0,0.0,0,,0,1,,0,0,0,1,42,4,MQTT,4,0.0,0,0,0,0,0,64.0,5760.0,0,0,esp32_a0a3b3edac1c,66,eth:ethertype:ip:tcp:mqtt,27.8,94.9,52.2,160.0,-51.0,84:F3:EB:12:34:56,,,,,0.0,Normal,0.0
1744311197751962,10.42.0.2,10.42.0.1,50253,1883,45,5,0,1,0,0,1,0,3,0,0,0,0,0.0,0,,0,0,,0,0,0,0,0,0,0,0,0.0,0,0,0,0,0,64.0,5756.0,0,0,0,57,eth:ethertype:ip:tcp,27.8,94.9,52.2,160.0,-51.0,84:F3:EB:12:34:56,,,,,0.0,Normal,0.0
1744311197762933,10.42.0.2,10.42.0.1,50253,1883,48,5,0,1,1,0,1,0,185,0,0,0,0,0.0,0,,0,3,"Wakeup: 0, Mode: 0, Reset: 1, Temperature: 39.5, Uptime: 635457, Memory: 94.9, In_Temperature: 52.2°C, CPU: 160, RSSI: -49, MAC: 84:F3:EB:12:34:56, F_Storage: 99.2",test/temperatura,16,0,0,182,0,0,0,0.0,0,0,0,0,0,64.0,5756.0,0,0,0,239,eth:ethertype:ip:tcp:mqtt,39.5,94.9,52.2,160.0,-49.0,84:F3:EB:12:34:56,,,,,0.0,Normal,0.0
1744311197766497,10.42.0.2,10.42.0.1,50253,1883,234,6,0,1,0,0,0,0,0,0,0,0,0,0.0,0,,0,0,,0,0,0,0,0,0,0,0,0.0,0,0,0,0,0,64.0,5755.0,0,0,0,54,eth:ethertype:ip:tcp,39.5,94.9,52.2,160.0,-49.0,84:F3:EB:12:34:56,,,,,0.0,Normal,0.0
1744311227771906,10.42.0.2,10.42.0.1,50254,1883,0,0,1,0,0,0,0,0,0,0,0,0,0,0.0,0,,0,0,,0,0,0,0,0,0,0,0,0.0,0,0,0,0,0,64.0,5760.0,0,0,0,58,eth:ethertype:ip:tcp,39.5,94.9,52.2,160.0,-49.0,84:F3:EB:12:34:56,,,,,0.0,Normal,0.0
1744311227775911,10.42.0.2,10.42.0.1,50254,1883,1,1,0,1,0,0,0,0,0,0,0,0,0,0.0,0,,0,0,,0,0,0,0,0,0,0,0,0.0,0,0,0,0,0,64.0,5760.0,0,0,0,54,eth:ethertype:ip:tcp,39.5,94.9,52.2,160.0,-49.0,84:F3:EB:12:34:56,,,,,0.0,Normal,0.0
1744311227778100,10.42.0.2,10.42.0.1,50254,1883,1,1,0,1,0,0,1,0,3,0,0,0,0,0.0,0,,0,0,,0,0,0,0,0,0,0,0,0.0,0,0,0,0,0,64.0,5760.0,0,0,0,57,eth:ethertype:ip:tcp,39.5,94.9,52.2,160.0,-49.0,84:F3:EB:12:34:56,,,,,0.0,Normal,0.0
1744311227781476,10.42.0.2,10.42.0.1,50254,1883,4,1,0,1,0,0,1,0,29,0,0,0,0,0.0,0,,0,0,,0,0,0,0,0,0,0,0,0.0,0,0,0,0,0,64.0,5760.0,0,0,0,83,eth:ethertype:ip:tcp,39.5,94.9,52.2,160.0,-49.0,84:F3:EB:12:34:56,,,,,0.0,Normal,0.0
1744311227784792,10.42.0.2,10.42.0.1,50254,1883,33,1,0,1,0,0,1,0,12,0,0,0,0,0.0,0,,0,1,,0,0,0,1,42,4,MQTT,4,0.0,0,0,0,0,0,64.0,5760.0,0,0,esp32_a0a3b3edac1c,66,eth:ethertype:ip:tcp:mqtt,39.5,94.9,52.2,160.0,-49.0,84:F3:EB:12:34:56,,,,,0.0,Normal,0.0
1744311227820101,10.42.0.2,10.42.0.1,50254,1883,45,5,0,1,0,0,1,0,3,0,0,0,0,0.0,0,,0,0,,0,0,0,0,0,0,0,0,0.0,0,0,0,0,0,64.0,5756.0,0,0,0,57,eth:ethertype:ip:tcp,39.5,94.9,52.2,160.0,-49.0,84:F3:EB:12:34:56,,,,,0.0,Normal,0.0
1744311227832174,10.42.0.2,10.42.0.1,50254,1883,48,5,0,1,1,0,1,0,185,0,0,0,0,0.0,0,,0,3,"Wakeup: 0, Mode: 0, Reset: 1, Temperature: 37.0, Uptime: 635487, Memory: 94.9, In_Temperature: 52.2°C, CPU: 160, RSSI: -51, MAC: 84:F3:EB:12:34:56, F_Storage: 99.2",test/temperatura,16,0,0,182,0,0,0,0.0,0,0,0,0,0,64.0,5756.0,0,0,0,239,eth:ethertype:ip:tcp:mqtt,37.0,94.9,52.2,160.0,-51.0,84:F3:EB:12:34:56,,,,,0.0,Normal,0.0
1744311227835424,10.42.0.2,10.42.0.1,50254,1883,234,6,0,1,0,0,0,0,0,0,0,0,0,0.0,0,,0,0,,0,0,0,0,0,0,0,0,0.0,0,0,0,0,0,64.0,5755.0,0,0,0,54,eth:ethertype:ip:tcp,37.0,94.9,52.2,160.0,-51.0,84:F3:EB:12:34:56,,,,,0.0,Normal,0.0
1744311257840272,10.42.0.2,10.42.0.1,50255,1883,0,0,1,0,0,0,0,0,0,0,0,0,0,0.0,0,,0,0,,0,0,0,0,0,0,0,0,0.0,0,0,0,0,0,64.0,5760.0,0,0,0,58,eth:ethertype:ip:tcp,37.0,94.9,52.2,160.0,-51.0,84:F3:EB:12:34:56,,,,,0.0,Normal,0.0
1744311257845820,10.42.0.2,10.42.0.1,50255,1883,1,1,0,1,0,0,0,0,0,0,0,0,0,0.0,0,,0,0,,0,0,0,0,0,0,0,0,0.0,0,0,0,0,0,64.0,5760.0,0,0,0,54,eth:ethertype:ip:tcp,37.0,94.9,52.2,160.0,-51.0,84:F3:EB:12:34:56,,,,,0.0,Normal,0.0
1744311257846694,10.42.0.2,10.42.0.1,50255,1883,1,1,0,1,0,0,1,0,3,0,0,0,0,0.0,0,,0,0,,0,0,0,0,0,0,0,0,0.0,0,0,0,0,0,64.0,5760.0,0,0,0,57,eth:ethertype:ip:tcp,37.0,94.9,52.2,160.0,-51.0,84:F3:EB:12:34:56,,,,,0.0,Normal,0.0
1744311257852302,10.42.0.2,10.42.0.1,50255,1883,4,1,0,1,0,0,1,0,41,0,0,0,0,0.0,0,,0,1,,0,0,0,1,42,4,MQTT,4,0.0,0,0,0,0,0,64.0,5760.0,0,0,esp32_a0a3b3edac1c,95,eth:ethertype:ip:tcp:mqtt,37.0,94.9,52.2,160.0,-51.0,84:F3:EB:12:34:56,,,,,0.0,Normal,0.0
1744311257887593,10.42.0.2,10.42.0.1,50255,1883,45,5,0,1,0,0,1,0,3,0,0,0,0,0.0,0,,0,0,,0,0,0,0,0,0,0,0,0.0,0,0,0,0,0,64.0,5756.0,0,0,0,57,eth:ethertype:ip:tcp,37.0,94.9,52.2,160.0,-51.0,84:F3:EB:12:34:56,,,,,0.0,Normal,0.0
1744311257901732,10.42.0.2,10.42.0.1,50255,1883,48,5,0,1,1,0,1,0,185,0,0,0,0,0.0,0,,0,3,"Wakeup: 0, Mode: 0, Reset: 1, Temperature: 38.1, Uptime: 635517, Memory: 94.9, In_Temperature: 52.2°C, CPU: 160, RSSI: -50, MAC: 84:F3:EB:12:34:56, F_Storage: 99.2",test/temperatura,16,0,0,182,0,0,0,0.0,0,0,0,0,0,64.0,5756.0,0,0,0,239,eth:ethertype:ip:tcp:mqtt,38.1,94.9,52.2,160.0,-50.0,84:F3:EB:12:34:56,,,,,0.0,Normal,0.0
1744311257905224,10.42.0.2,10.42.0.1,50255,1883,234,6,0,1,0,0,0,0,0,0,0,0,0,0.0,0,,0,0,,0,0,0,0,0,0,0,0,0.0,0,0,0,0,0,64.0,5755.0,0,0,0,54,eth:ethertype:ip:tcp,38.1,94.9,52.2,160.0,-50.0,84:F3:EB:12:34:56,,,,,0.0,Normal,0.0
1744311287910623,10.42.0.2,10.42.0.1,50256,1883,0,0,1,0,0,0,0,0,0,0,0,0,0,0.0,0,,0,0,,0,0,0,0,0,0,0,0,0.0,0,0,0,0,0,64.0,5760.0,0,0,0,58,eth:ethertype:ip:tcp,38.1,94.9,52.2,160.0,-50.0,84:F3:EB:12:34:56,,,,,0.0,Normal,0.0
1744311287914301,10.42.0.2,10.42.0.1,50256,1883,1,1,0,1,0,0,0,0,0,0,0,0,0,0.0,0,,0,0,,0,0,0,0,0,0,0,0,0.0,0,0,0,0,0,64.0,5760.0,0,0,0,54,eth:ethertype:ip:tcp,38.1,94.9,52.2,160.0,-50.0,84:F3:EB:12:34:56,,,,,0.0,Normal,0.0
1744311287916644,10.42.0.2,10.42.0.1,50256,1883,1,1,0,1,0,0,1,0,3,0,0,0,0,0.0,0,,0,0,,0,0,0,0,0,0,0,0,0.0,0,0,0,0,0,64.0,5760.0,0,0,0,57,eth:ethertype:ip:tcp,38.1,94.9,52.2,160.0,-50.0,84:F3:EB:12:34:56,,,,,0.0,Normal,0.0
1744311287920013,10.42.0.2,10.42.0.1,50256,1883,4,1,0,1,0,0,1,0,29,0,0,0,0,0.0,0,,0,0,,0,0,0,0,0,0,0,0,0.0,0,0,0,0,0,64.0,5760.0,0,0,0,83,eth:ethertype:ip:tcp,38.1,94.9,52.2,160.0,-50.0,84:F3:EB:12:34:56,,,,,0.0,Normal,0.0
1744311287923247,10.42.0.2,10.42.0.1,50256,1883,33,1,0,1,0,0,1,0,12,0,0,0,0,0.0,0,,0,1,,0,0,0,1,42,4,MQTT,4,0.0,0,0,0,0,0,64.0,5760.0,0,0,esp32_a0a3b3edac1c,66,eth:ethertype:ip:tcp:mqtt,38.1,94.9,52.2,160.0,-50.0,84:F3:EB:12:34:56,,,,,0.0,Normal,0.0
1744311287951615,10.42.0.2,10.42.0.1,50256,1883,45,5,0,1,0,0,0,0,0,0,0,0,0,0.0,0,,0,0,,0,0,0,0,0,0,0,0,0.0,0,0,0,0,0,64.0,5756.0,0,0,0,54,eth:ethertype:ip:tcp,38.1,94.9,52.2,160.0,-50.0,84:F3:EB:12:34:56,,,,,0.0,Normal,0.0
1744311287961955,10.42.0.2,10.42.0.1,50256,1883,45,5,0,1,0,0,1,0,3,0,0,0,0,0.0,0,,0,0,,0,0,0,0,0,0,0,0,0.0,0,0,0,0,0,64.0,5756.0,0,0,0,57,eth:ethertype:ip:tcp,38.1,94.9,52.2,160.0,-50.0,84:F3:EB:12:34:56,,,,,0.0,Normal,0.0
1744311287970786,10.42.0.2,10.42.0.1,50256,1883,48,5,0,1,1,0,1,0,185,0,0,0,0,0.0,0,,0,3,"Wakeup: 0, Mode: 0, Reset: 1, Temperature: 28.9, Uptime: 635547, Memory: 94.9, In_Temperature: 52.2°C, CPU: 160, RSSI: -51, MAC: 84:F3:EB:12:34:56, F_Storage: 99.2",test/temperatura,16,0,0,182,0,0,0,0.0,0,0,0,0,0,64.0,5756.0,0,0,0,239,eth:ethertype:ip:tcp:mqtt,28.9,94.9,52.2,160.0,-51.0,84:F3:EB:12:34:56,,,,,0.0,Normal,0.0
1744311287974155,10.42.0.2,10.42.0.1,50256,1883,234,6,0,1,0,0,0,0,0,0,0,0,0,0.0,0,,0,0,,0,0,0,0,0,0,0,0,0.0,0,0,0,0,0,64.0,5755.0,0,0,0,54,eth:ethertype:ip:tcp,28.9,94.9,52.2,160.0,-51.0,84:F3:EB:12:34:56,,,,,0.0,Normal,0.0
1744311317988148,10.42.0.2,10.42.0.1,50257,1883,0,0,1,0,0,0,0,0,0,0,0,0,0,0.0,0,,0,0,,0,0,0,0,0,0,0,0,0.0,0,0,0,0,0,64.0,5760.0,0,0,0,58,eth:ethertype:ip:tcp,28.9,94.9,52.2,160.0,-51.0,84:F3:EB:12:34:56,,,,,0.0,Normal,0.0
1744311317992116,10.42.0.2,10.42.0.1,50257,1883,1,1,0,1,0,0,0,0,0,0,0,0,0,0.0,0,,0,0,,0,0,0,0,0,0,0,0,0.0,0,0,0,0,0,64.0,5760.0,0,0,0,54,eth:ethertype:ip:tcp,28.9,94.9,52.2,160.0,-51.0,84:F3:EB:12:34:56,,,,,0.0,Normal,0.0
1744311317994176,10.42.0.2,10.42.0.1,50257,1883,1,1,0,1,0,0,1,0,3,0,0,0,0,0.0,0,,0,0,,0,0,0,0,0,0,0,0,0.0,0,0,0,0,0,64.0,5760.0,0,0,0,57,eth:ethertype:ip:tcp,28.9,94.9,52.2,160.0,-51.0,84:F3:EB:12:34:56,,,,,0.0,Normal,0.0
1744311317997654,10.42.0.2,10.42.0.1,50257,1883,4,1,0,1,0,0,1,0,29,0,0,0,0,0.0,0,,0,0,,0,0,0,0,0,0,0,0,0.0,0,0,0,0,0,64.0,5760.0,0,0,0,83,eth:ethertype:ip:tcp,28.9,94.9,52.2,160.0,-51.0,84:F3:EB:12:34:56,,,,,0.0,Normal,0.0
1744311318000747,10.42.0.2,10.42.0.1,50257,1883,33,1,0,1,0,0,1,0,12,0,0,0,0,0.0,0,,0,1,,0,0,0,1,42,4,MQTT,4,0.0,0,0,0,0,0,64.0,5760.0,0,0,esp32_a0a3b3edac1c,66,eth:ethertype:ip:tcp:mqtt,28.9,94.9,52.2,160.0,-51.0,84:F3:EB:12:34:56,,,,,0.0,Normal,0.0
1744311318037235,10.42.0.2,10.42.0.1,50257,1883,45,5,0,1,0,0,1,0,3,0,0,0,0,0.0,0,,0,0,,0,0,0,0,0,0,0,0,0.0,0,0,0,0,0,64.0,5756.0,0,0,0,57,eth:ethertype:ip:tcp,28.9,94.9,52.2,160.0,-51.0,84:F3:EB:12:34:56,,,,,0.0,Normal,0.0
1744311318050110,10.42.0.2,10.42.0.1,50257,1883,48,5,0,1,1,0,1,0,185,0,0,0,0,0.0,0,,0,3,"Wakeup: 0, Mode: 0, Reset: 1, Temperature: 35.3, Uptime: 635577, Memory: 94.9, In_Temperature: 52.2°C, CPU: 160, RSSI: -51, MAC: 84:F3:EB:12:34:56, F_Storage: 99.2",test/temperatura,16,0,0,182,0,0,0,0.0,0,0,0,0,0,64.0,5756.0,0,0,0,239,eth:ethertype:ip:tcp:mqtt,35.3,94.9,52.2,160.0,-51.0,84:F3:EB:12:34:56,,,,,0.0,Normal,0.0
1744311318053526,10.42.0.2,10.42.0.1,50257,1883,234,6,0,1,0,0,0,0,0,0,0,0,0,0.0,0,,0,0,,0,0,0,0,0,0,0,0,0.0,0,0,0,0,0,64.0,5755.0,0,0,0,54,eth:ethertype:ip:tcp,35.3,94.9,52.2,160.0,-51.0,84:F3:EB:12:34:56,,,,,0.0,Normal,0.0
1744311348060496,10.42.0.2,10.42.0.1,50258,1883,0,0,1,0,0,0,0,0,0,0,0,0,0,0.0,0,,0,0,,0,0,0,0,0,0,0,0,0.0,0,0,0,0,0,64.0,5760.0,0,0,0,58,eth:ethertype:ip:tcp,35.3,94.9,52.2,160.0,-51.0,84:F3:EB:12:34:56,,,,,0.0,Normal,0.0
1744311348064498,10.42.0.2,10.42.0.1,50258,1883,1,1,0,1,0,0,0,0,0,0,0,0,0,0.0,0,,0,0,,0,0,0,0,0,0,0,0,0.0,0,0,0,0,0,64.0,5760.0,0,0,0,54,eth:ethertype:ip:tcp,35.3,94.9,52.2,160.0,-51.0,84:F3:EB:12:34:56,,,,,0.0,Normal,0.0
1744311348066647,10.42.0.2,10.42.0.1,50258,1883,1,1,0,1,0,0,1,0,3,0,0,0,0,0.0,0,,0,0,,0,0,0,0,0,0,0,0,0.0,0,0,0,0,0,64.0,5760.0,0,0,0,57,eth:ethertype:ip:tcp,35.3,94.9,52.2,160.0,-51.0,84:F3:EB:12:34:56,,,,,0.0,Normal,0.0
1744311348069998,10.42.0.2,10.42.0.1,50258,1883,4,1,0,1,0,0,1,0,29,0,0,0,0,0.0,0,,0,0,,0,0,0,0,0,0,0,0,0.0,0,0,0,0,0,64.0,5760.0,0,0,0,83,eth:ethertype:ip:tcp,35.3,94.9,52.2,160.0,-51.0,84:F3:EB:12:34:56,,,,,0.0,Normal,0.0
1744311348073091,10.42.0.2,10.42.0.1,50258,1883,33,1,0,1,0,0,1,0,12,0,0,0,0,0.0,0,,0,1,,0,0,0,1,42,4,MQTT,4,0.0,0,0,0,0,0,64.0,5760.0,0,0,esp32_a0a3b3edac1c,66,eth:ethertype:ip:tcp:mqtt,35.3,94.9,52.2,160.0,-51.0,84:F3:EB:12:34:56,,,,,0.0,Normal,0.0
1744311348108787,10.42.0.2,10.42.0.1,50258,1883,45,5,0,1,0,0,1,0,3,0,0,0,0,0.0,0,,0,0,,0,0,0,0,0,0,0,0,0.0,0,0,0,0,0,64.0,5756.0,0,0,0,57,eth:ethertype:ip:tcp,35.3,94.9,52.2,160.0,-51.0,84:F3:EB:12:34:56,,,,,0.0,Normal,0.0
1744311348119530,10.42.0.2,10.42.0.1,50258,1883,48,5,0,1,1,0,1,0,185,0,0,0,0,0.0,0,,0,3,"Wakeup: 0, Mode: 0, Reset: 1, Temperature: 34.6, Uptime: 635607, Memory: 94.9, In_Temperature: 52.2°C, CPU: 160, RSSI: -50, MAC: 84:F3:EB:12:34:56, F_Storage: 99.2",test/temperatura,16,0,0,182,0,0,0,0.0,0,0,0,0,0,64.0,5756.0,0,0,0,239,eth:ethertype:ip:tcp:mqtt,34.6,94.9,52.2,160.0,-50.0,84:F3:EB:12:34:56,,,,,0.0,Normal,0.0
1744311348123193,10.42.0.2,10.42.0.1,50258,1883,234,6,0,1,0,0,0,0,0,0,0,0,0,0.0,0,,0,0,,0,0,0,0,0,0,0,0,0.0,0,0,0,0,0,64.0,5755.0,0,0,0,54,eth:ethertype:ip:tcp,34.6,94.9,52.2,160.0,-50.0,84:F3:EB:12:34:56,,,,,0.0,Normal,0.0
1744311378128975,10.42.0.2,10.42.0.1,50259,1883,0,0,1,0,0,0,0,0,0,0,0,0,0,0.0,0,,0,0,,0,0,0,0,0,0,0,0,0.0,0,0,0,0,0,64.0,5760.0,0,0,0,58,eth:ethertype:ip:tcp,34.6,94.9,52.2,160.0,-50.0,84:F3:EB:12:34:56,,,,,0.0,Normal,0.0
1744311378132601,10.42.0.2,10.42.0.1,50259,1883,1,1,0,1,0,0,0,0,0,0,0,0,0,0.0,0,,0,0,,0,0,0,0,0,0,0,0,0.0,0,0,0,0,0,64.0,5760.0,0,0,0,54,eth:ethertype:ip:tcp,34.6,94.9,52.2,160.0,-50.0,84:F3:EB:12:34:56,,,,,0.0,Normal,0.0
1744311378134899,10.42.0.2,10.42.0.1,50259,1883,1,1,0,1,0,0,1,0,3,0,0,0,0,0.0,0,,0,0,,0,0,0,0,0,0,0,0,0.0,0,0,0,0,0,64.0,5760.0,0,0,0,57,eth:ethertype:ip:tcp,34.6,94.9,52.2,160.0,-50.0,84:F3:EB:12:34:56,,,,,0.0,Normal,0.0
1744311378138385,10.42.0.2,10.42.0.1,50259,1883,4,1,0,1,0,0,1,0,29,0,0,0,0,0.0,0,,0,0,,0,0,0,0,0,0,0,0,0.0,0,0,0,0,0,64.0,5760.0,0,0,0,83,eth:ethertype:ip:tcp,34.6,94.9,52.2,160.0,-50.0,84:F3:EB:12:34:56,,,,,0.0,Normal,0.0
1744311378141425,10.42.0.2,10.42.0.1,50259,1883,33,1,0,1,0,0,1,0,12,0,0,0,0,0.0,0,,0,1,,0,0,0,1,42,4,MQTT,4,0.0,0,0,0,0,0,64.0,5760.0,0,0,esp32_a0a3b3edac1c,66,eth:ethertype:ip:tcp:mqtt,34.6,94.9,52.2,160.0,-50.0,84:F3:EB:12:34:56,,,,,0.0,Normal,0.0
1744311378178189,10.42.0.2,10.42.0.1,50259,1883,45,5,0,1,0,0,1,0,3,0,0,0,0,0.0,0,,0,0,,0,0,0,0,0,0,0,0,0.0,0,0,0,0,0,64.0,5756.0,0,0,0,57,eth:ethertype:ip:tcp,34.6,94.9,52.2,160.0,-50.0,84:F3:EB:12:34:56,,,,,0.0,Normal,0.0
1744311378188908,10.42.0.2,10.42.0.1,50259,1883,48,5,0,1,1,0,1,0,185,0,0,0,0,0.0,0,,0,3,"Wakeup: 0, Mode: 0, Reset: 1, Temperature: 26.0, Uptime: 635637, Memory: 94.9, In_Temperature: 52.2°C, CPU: 160, RSSI: -49, MAC: 84:F3:EB:12:34:56, F_Storage: 99.2",test/temperatura,16,0,0,182,0,0,0,0.0,0,0,0,0,0,64.0,5756.0,0,0,0,239,eth:ethertype:ip:tcp:mqtt,26.0,94.9,52.2,160.0,-49.0,84:F3:EB:12:34:56,,,,,0.0,Normal,0.0
1744311378192381,10.42.0.2,10.42.0.1,50259,1883,234,6,0,1,0,0,0,0,0,0,0,0,0,0.0,0,,0,0,,0,0,0,0,0,0,0,0,0.0,0,0,0,0,0,64.0,5755.0,0,0,0,54,eth:ethertype:ip:tcp,26.0,94.9,52.2,160.0,-49.0,84:F3:EB:12:34:56,,,,,0.0,Normal,0.0
1744311408197963,10.42.0.2,10.42.0.1,50260,1883,0,0,1,0,0,0,0,0,0,0,0,0,0,0.0,0,,0,0,,0,0,0,0,0,0,0,0,0.0,0,0,0,0,0,64.0,5760.0,0,0,0,58,eth:ethertype:ip:tcp,26.0,94.9,52.2,160.0,-49.0,84:F3:EB:12:34:56,,,,,0.0,Normal,0.0
1744311408202009,10.42.0.2,10.42.0.1,50260,1883,1,1,0,1,0,0,0,0,0,0,0,0,0,0.0,0,,0,0,,0,0,0,0,0,0,0,0,0.0,0,0,0,0,0,64.0,5760.0,0,0,0,54,eth:ethertype:ip:tcp,26.0,94.9,52.2,160.0,-49.0,84:F3:EB:12:34:56,,,,,0.0,Normal,0.0
1744311408204155,10.42.0.2,10.42.0.1,50260,1883,1,1,0,1,0,0,1,0,3,0,0,0,0,0.0,0,,0,0,,0,0,0,0,0,0,0,0,0.0,0,0,0,0,0,64.0,5760.0,0,0,0,57,eth:ethertype:ip:tcp,26.0,94.9,52.2,160.0,-49.0,84:F3:EB:12:34:56,,,,,0.0,Normal,0.0
1744311408208015,10.42.0.2,10.42.0.1,50260,1883,4,1,0,1,0,0,1,0,35,0,0,0,0,0.0,0,,0,0,,0,0,0,0,0,0,0,0,0.0,0,0,0,0,0,64.0,5760.0,0,0,0,89,eth:ethertype:ip:tcp,26.0,94.9,52.2,160.0,-49.0,84:F3:EB:12:34:56,,,,,0.0,Normal,0.0
1744311408210900,10.42.0.2,10.42.0.1,50260,1883,39,1,0,1,0,0,1,0,6,0,0,0,0,0.0,0,,0,1,,0,0,0,1,42,4,MQTT,4,0.0,0,0,0,0,0,64.0,5760.0,0,0,esp32_a0a3b3edac1c,60,eth:ethertype:ip:tcp:mqtt,26.0,94.9,52.2,160.0,-49.0,84:F3:EB:12:34:56,,,,,0.0,Normal,0.0
1744311408246156,10.42.0.2,10.42.0.1,50260,1883,45,5,0,1,0,0,1,0,3,0,0,0,0,0.0,0,,0,0,,0,0,0,0,0,0,0,0,0.0,0,0,0,0,0,64.0,5756.0,0,0,0,57,eth:ethertype:ip:tcp,26.0,94.9,52.2,160.0,-49.0,84:F3:EB:12:34:56,,,,,0.0,Normal,0.0
1744311408260550,10.42.0.2,10.42.0.1,50260,1883,48,5,0,1,1,0,1,0,185,0,0,0,0,0.0,0,,0,3,"Wakeup: 0, Mode: 0, Reset: 1, Temperature: 32.2, Uptime: 635667, Memory: 94.9, In_Temperature: 52.2°C, CPU: 160, RSSI: -51, MAC: 84:F3:EB:12:34:56, F_Storage: 99.2",test/temperatura,16,0,0,182,0,0,0,0.0,0,0,0,0,0,64.0,5756.0,0,0,0,239,eth:ethertype:ip:tcp:mqtt,32.2,94.9,52.2,160.0,-51.0,84:F3:EB:12:34:56,,,,,0.0,Normal,0.0
1744311408263997,10.42.0.2,10.42.0.1,50260,1883,234,6,0,1,0,0,0,0,0,0,0,0,0,0.0,0,,0,0,,0,0,0,0,0,0,0,0,0.0,0,0,0,0,0,64.0,5755.0,0,0,0,54,eth:ethertype:ip:tcp,32.2,94.9,52.2,160.0,-51.0,84:F3:EB:12:34:56,,,,,0.0,Normal,0.0
1744311438266314,10.42.0.2,10.42.0.1,50261,1883,0,0,1,0,0,0,0,0,0,0,0,0,0,0.0,0,,0,0,,0,0,0,0,0,0,0,0,0.0,0,0,0,0,0,64.0,5760.0,0,0,0,58,eth:ethertype:ip:tcp,32.2,94.9,52.2,160.0,-51.0,84:F3:EB:12:34:56,,,,,0.0,Normal,0.0
1744311438270206,10.42.0.2,10.42.0.1,50261,1883,1,1,0,1,0,0,0,0,0,0,0,0,0,0.0,0,,0,0,,0,0,0,0,0,0,0,0,0.0,0,0,0,0,0,64.0,5760.0,0,0,0,54,eth:ethertype:ip:tcp,32.2,94.9,52.2,160.0,-51.0,84:F3:EB:12:34:56,,,,,0.0,Normal,0.0
1744311438272487,10.42.0.2,10.42.0.1,50261,1883,1,1,0,1,0,0,1,0,3,0,0,0,0,0.0,0,,0,0,,0,0,0,0,0,0,0,0,0.0,0,0,0,0,0,64.0,5760.0,0,0,0,57,eth:ethertype:ip:tcp,32.2,94.9,52.2,160.0,-51.0,84:F3:EB:12:34:56,,,,,0.0,Normal,0.0
1744311438279087,10.42.0.2,10.42.0.1,50261,1883,4,1,0,1,0,0,1,0,41,0,0,0,0,0.0,0,,0,1,,0,0,0,1,42,4,MQTT,4,0.0,0,0,0,0,0,64.0,5760.0,0,0,esp32_a0a3b3edac1c,95,eth:ethertype:ip:tcp:mqtt,32.2,94.9,52.2,160.0,-51.0,84:F3:EB:12:34:56,,,,,0.0,Normal,0.0
1744311438314492,10.42.0.2,10.42.0.1,50261,1883,45,5,0,1,0,0,1,0,3,0,0,0,0,0.0,0,,0,0,,0,0,0,0,0,0,0,0,0.0,0,0,0,0,0,64.0,5756.0,0,0,0,57,eth:ethertype:ip:tcp,32.2,94.9,52.2,160.0,-51.0,84:F3:EB:12:34:56,,,,,0.0,Normal,0.0
1744311438327491,10.42.0.2,10.42.0.1,50261,1883,48,5,0,1,1,0,1,0,185,0,0,0,0,0.0,0,,0,3,"Wakeup: 0, Mode: 0, Reset: 1, Temperature: 35.5, Uptime: 635697, Memory: 94.9, In_Temperature: 52.2°C, CPU: 160, RSSI: -50, MAC: 84:F3:EB:12:34:56, F_Storage: 99.2",test/temperatura,16,0,0,182,0,0,0,0.0,0,0,0,0,0,64.0,5756.0,0,0,0,239,eth:ethertype:ip:tcp:mqtt,35.5,94.9,52.2,160.0,-50.0,84:F3:EB:12:34:56,,,,,0.0,Normal,0.0
1744311438333081,10.42.0.2,10.42.0.1,50261,1883,234,6,0,1,0,0,0,0,0,0,0,0,0,0.0,0,,0,0,,0,0,0,0,0,0,0,0,0.0,0,0,0,0,0,64.0,5755.0,0,0,0,54,eth:ethertype:ip:tcp,35.5,94.9,52.2,160.0,-50.0,84:F3:EB:12:34:56,,,,,0.0,Normal,0.0
1744311468336554,10.42.0.2,10.42.0.1,50262,1883,0,0,1,0,0,0,0,0,0,0,0,0,0,0.0,0,,0,0,,0,0,0,0,0,0,0,0,0.0,0,0,0,0,0,64.0,5760.0,0,0,0,58,eth:ethertype:ip:tcp,35.5,94.9,52.2,160.0,-50.0,84:F3:EB:12:34:56,,,,,0.0,Normal,0.0
1744311468341097,10.42.0.2,10.42.0.1,50262,1883,1,1,0,1,0,0,0,0,0,0,0,0,0,0.0,0,,0,0,,0,0,0,0,0,0,0,0,0.0,0,0,0,0,0,64.0,5760.0,0,0,0,54,eth:ethertype:ip:tcp,35.5,94.9,52.2,160.0,-50.0,84:F3:EB:12:34:56,,,,,0.0,Normal,0.0
1744311468343169,10.42.0.2,10.42.0.1,50262,1883,1,1,0,1,0,0,1,0,3,0,0,0,0,0.0,0,,0,0,,0,0,0,0,0,0,0,0,0.0,0,0,0,0,0,64.0,5760.0,0,0,0,57,eth:ethertype:ip:tcp,35.5,94.9,52.2,160.0,-50.0,84:F3:EB:12:34:56,,,,,0.0,Normal,0.0
1744311468346351,10.42.0.2,10.42.0.1,50262,1883,4,1,0,1,0,0,1,0,29,0,0,0,0,0.0,0,,0,0,,0,0,0,0,0,0,0,0,0.0,0,0,0,0,0,64.0,5760.0,0,0,0,83,eth:ethertype:ip:tcp,35.5,94.9,52.2,160.0,-50.0,84:F3:EB:12:34:56,,,,,0.0,Normal,0.0
1744311468349939,10.42.0.2,10.42.0.1,50262,1883,33,1,0,1,0,0,1,0,12,0,0,0,0,0.0,0,,0,1,,0,0,0,1,42,4,MQTT,4,0.0,0,0,0,0,0,64.0,5760.0,0,0,esp32_a0a3b3edac1c,66,eth:ethertype:ip:tcp:mqtt,35.5,94.9,52.2,160.0,-50.0,84:F3:EB:12:34:56,,,,,0.0,Normal,0.0
1744311468386336,10.42.0.2,10.42.0.1,50262,1883,45,5,0,1,0,0,1,0,3,0,0,0,0,0.0,0,,0,0,,0,0,0,0,0,0,0,0,0.0,0,0,0,0,0,64.0,5756.0,0,0,0,57,eth:ethertype:ip:tcp,35.5,94.9,52.2,160.0,-50.0,84:F3:EB:12:34:56,,,,,0.0,Normal,0.0
1744311468396880,10.42.0.2,10.42.0.1,50262,1883,48,5,0,1,1,0,1,0,185,0,0,0,0,0.0,0,,0,3,"Wakeup: 0, Mode: 0, Reset: 1, Temperature: 38.5, Uptime: 635727, Memory: 94.9, In_Temperature: 52.2°C, CPU: 160, RSSI: -52, MAC: 84:F3:EB:12:34:56, F_Storage: 99.2",test/temperatura,16,0,0,182,0,0,0,0.0,0,0,0,0,0,64.0,5756.0,0,0,0,239,eth:ethertype:ip:tcp:mqtt,38.5,94.9,52.2,160.0,-52.0,84:F3:EB:12:34:56,,,,,0.0,Normal,0.0
1744311468400464,10.42.0.2,10.42.0.1,50262,1883,234,6,0,1,0,0,0,0,0,0,0,0,0,0.0,0,,0,0,,0,0,0,0,0,0,0,0,0.0,0,0,0,0,0,64.0,5755.0,0,0,0,54,eth:ethertype:ip:tcp,38.5,94.9,52.2,160.0,-52.0,84:F3:EB:12:34:56,,,,,0.0,Normal,0.0
1744311498405863,10.42.0.2,10.42.0.1,50263,1883,0,0,1,0,0,0,0,0,0,0,0,0,0,0.0,0,,0,0,,0,0,0,0,0,0,0,0,0.0,0,0,0,0,0,64.0,5760.0,0,0,0,58,eth:ethertype:ip:tcp,38.5,94.9,52.2,160.0,-52.0,84:F3:EB:12:34:56,,,,,0.0,Normal,0.0
1744311498409816,10.42.0.2,10.42.0.1,50263,1883,1,1,0,1,0,0,0,0,0,0,0,0,0,0.0,0,,0,0,,0,0,0,0,0,0,0,0,0.0,0,0,0,0,0,64.0,5760.0,0,0,0,54,eth:ethertype:ip:tcp,38.5,94.9,52.2,160.0,-52.0,84:F3:EB:12:34:56,,,,,0.0,Normal,0.0
1744311498412016,10.42.0.2,10.42.0.1,50263,1883,1,1,0,1,0,0,1,0,3,0,0,0,0,0.0,0,,0,0,,0,0,0,0,0,0,0,0,0.0,0,0,0,0,0,64.0,5760.0,0,0,0,57,eth:ethertype:ip:tcp,38.5,94.9,52.2,160.0,-52.0,84:F3:EB:12:34:56,,,,,0.0,Normal,0.0
1744311498415422,10.42.0.2,10.42.0.1,50263,1883,4,1,0,1,0,0,1,0,29,0,0,0,0,0.0,0,,0,0,,0,0,0,0,0,0,0,0,0.0,0,0,0,0,0,64.0,5760.0,0,0,0,83,eth:ethertype:ip:tcp,38.5,94.9,52.2,160.0,-52.0,84:F3:EB:12:34:56,,,,,0.0,Normal,0.0
1744311498418408,10.42.0.2,10.42.0.1,50263,1883,33,1,0,1,0,0,1,0,12,0,0,0,0,0.0,0,,0,1,,0,0,0,1,42,4,MQTT,4,0.0,0,0,0,0,0,64.0,5760.0,0,0,esp32_a0a3b3edac1c,66,eth:ethertype:ip:tcp:mqtt,38.5,94.9,52.2,160.0,-52.0,84:F3:EB:12:34:56,,,,,0.0,Normal,0.0
1744311498446983,10.42.0.2,10.42.0.1,50263,1883,45,5,0,1,0,0,0,0,0,0,0,0,0,0.0,0,,0,0,,0,0,0,0,0,0,0,0,0.0,0,0,0,0,0,64.0,5756.0,0,0,0,54,eth:ethertype:ip:tcp,38.5,94.9,52.2,160.0,-52.0,84:F3:EB:12:34:56,,,,,0.0,Normal,0.0
1744311498455230,10.42.0.2,10.42.0.1,50263,1883,45,5,0,1,0,0,1,0,3,0,0,0,0,0.0,0,,0,0,,0,0,0,0,0,0,0,0,0.0,0,0,0,0,0,64.0,5756.0,0,0,0,57,eth:ethertype:ip:tcp,38.5,94.9,52.2,160.0,-52.0,84:F3:EB:12:34:56,,,,,0.0,Normal,0.0
1744311498466202,10.42.0.2,10.42.0.1,50263,1883,48,5,0,1,1,0,1,0,185,0,0,0,0,0.0,0,,0,3,"Wakeup: 0, Mode: 0, Reset: 1, Temperature: 39.2, Uptime: 635757, Memory: 94.9, In_Temperature: 52.2°C, CPU: 160, RSSI: -50, MAC: 84:F3:EB:12:34:56, F_Storage: 99.2",test/temperatura,16,0,0,182,0,0,0,0.0,0,0,0,0,0,64.0,5756.0,0,0,0,239,eth:ethertype:ip:tcp:mqtt,39.2,94.9,52.2,160.0,-50.0,84:F3:EB:12:34:56,,,,,0.0,Normal,0.0
1744311498469812,10.42.0.2,10.42.0.1,50263,1883,234,6,0,1,0,0,0,0,0,0,0,0,0,0.0,0,,0,0,,0,0,0,0,0,0,0,0,0.0,0,0,0,0,0,64.0,5755.0,0,0,0,54,eth:ethertype:ip:tcp,39.2,94.9,52.2,160.0,-50.0,84:F3:EB:12:34:56,,,,,0.0,Normal,0.0
1744311528475195,10.42.0.2,10.42.0.1,50264,1883,0,0,1,0,0,0,0,0,0,0,0,0,0,0.0,0,,0,0,,0,0,0,0,0,0,0,0,0.0,0,0,0,0,0,64.0,5760.0,0,0,0,58,eth:ethertype:ip:tcp,39.2,94.9,52.2,160.0,-50.0,84:F3:EB:12:34:56,,,,,0.0,Normal,0.0
1744311528479325,10.42.0.2,10.42.0.1,50264,1883,1,1,0,1,0,0,0,0,0,0,0,0,0,0.0,0,,0,0,,0,0,0,0,0,0,0,0,0.0,0,0,0,0,0,64.0,5760.0,0,0,0,54,eth:ethertype:ip:tcp,39.2,94.9,52.2,160.0,-50.0,84:F3:EB:12:34:56,,,,,0.0,Normal,0.0
1744311528481473,10.42.0.2,10.42.0.1,50264,1883,1,1,0,1,0,0,1,0,3,0,0,0,0,0.0,0,,0,0,,0,0,0,0,0,0,0,0,0.0,0,0,0,0,0,64.0,5760.0,0,0,0,57,eth:ethertype:ip:tcp,39.2,94.9,52.2,160.0,-50.0,84:F3:EB:12:34:56,,,,,0.0,Normal,0.0
1744311528485143,10.42.0.2,10.42.0.1,50264,1883,4,1,0,1,0,0,1,0,31,0,0,0,0,0.0,0,,0,0,,0,0,0,0,0,0,0,0,0.0,0,0,0,0,0,64.0,5760.0,0,0,0,85,eth:ethertype:ip:tcp,39.2,94.9,52.2,160.0,-50.0,84:F3:EB:12:34:56,,,,,0.0,Normal,0.0
1744311528489638,10.42.0.2,10.42.0.1,50264,1883,35,1,0,1,0,0,1,0,10,0,0,0,0,0.0,0,,0,1,,0,0,0,1,42,4,MQTT,4,0.0,0,0,0,0,0,64.0,5760.0,0,0,esp32_a0a3b3edac1c,64,eth:ethertype:ip:tcp:mqtt,39.2,94.9,52.2,160.0,-50.0,84:F3:EB:12:34:56,,,,,0.0,Normal,0.0
1744311528526628,10.42.0.2,10.42.0.1,50264,1883,45,5,0,1,0,0,1,0,3,0,0,0,0,0.0,0,,0,0,,0,0,0,0,0,0,0,0,0.0,0,0,0,0,0,64.0,5756.0,0,0,0,57,eth:ethertype:ip:tcp,39.2,94.9,52.2,160.0,-50.0,84:F3:EB:12:34:56,,,,,0.0,Normal,0.0
1744311528535482,10.42.0.2,10.42.0.1,50264,1883,48,5,0,1,1,0,1,0,185,0,0,0,0,0.0,0,,0,3,"Wakeup: 0, Mode: 0, Reset: 1, Temperature: 31.4, Uptime: 635788, Memory: 94.9, In_Temperature: 52.2°C, CPU: 160, RSSI: -50, MAC: 84:F3:EB:12:34:56, F_Storage: 99.2",test/temperatura,16,0,0,182,0,0,0,0.0,0,0,0,0,0,64.0,5756.0,0,0,0,239,eth:ethertype:ip:tcp:mqtt,31.4,94.9,52.2,160.0,-50.0,84:F3:EB:12:34:56,,,,,0.0,Normal,0.0
1744311528538762,10.42.0.2,10.42.0.1,50264,1883,234,6,0,1,0,0,0,0,0,0,0,0,0,0.0,0,,0,0,,0,0,0,0,0,0,0,0,0.0,0,0,0,0,0,64.0,5755.0,0,0,0,54,eth:ethertype:ip:tcp,31.4,94.9,52.2,160.0,-50.0,84:F3:EB:12:34:56,,,,,0.0,Normal,0.0
1744311558552844,10.42.0.2,10.42.0.1,50265,1883,0,0,1,0,0,0,0,0,0,0,0,0,0,0.0,0,,0,0,,0,0,0,0,0,0,0,0,0.0,0,0,0,0,0,64.0,5760.0,0,0,0,58,eth:ethertype:ip:tcp,31.4,94.9,52.2,160.0,-50.0,84:F3:EB:12:34:56,,,,,0.0,Normal,0.0
1744311558556765,10.42.0.2,10.42.0.1,50265,1883,1,1,0,1,0,0,0,0,0,0,0,0,0,0.0,0,,0,0,,0,0,0,0,0,0,0,0,0.0,0,0,0,0,0,64.0,5760.0,0,0,0,54,eth:ethertype:ip:tcp,31.4,94.9,52.2,160.0,-50.0,84:F3:EB:12:34:56,,,,,0.0,Normal,0.0
1744311558558955,10.42.0.2,10.42.0.1,50265,1883,1,1,0,1,0,0,1,0,3,0,0,0,0,0.0,0,,0,0,,0,0,0,0,0,0,0,0,0.0,0,0,0,0,0,64.0,5760.0,0,0,0,57,eth:ethertype:ip:tcp,31.4,94.9,52.2,160.0,-50.0,84:F3:EB:12:34:56,,,,,0.0,Normal,0.0
1744311558562775,10.42.0.2,10.42.0.1,50265,1883,4,1,0,1,0,0,1,0,31,0,0,0,0,0.0,0,,0,0,,0,0,0,0,0,0,0,0,0.0,0,0,0,0,0,64.0,5760.0,0,0,0,85,eth:ethertype:ip:tcp,31.4,94.9,52.2,160.0,-50.0,84:F3:EB:12:34:56,,,,,0.0,Normal,0.0
1744311558565970,10.42.0.2,10.42.0.1,50265,1883,35,1,0,1,0,0,1,0,10,0,0,0,0,0.0,0,,0,1,,0,0,0,1,42,4,MQTT,4,0.0,0,0,0,0,0,64.0,5760.0,0,0,esp32_a0a3b3edac1c,64,eth:ethertype:ip:tcp:mqtt,31.4,94.9,52.2,160.0,-50.0,84:F3:EB:12:34:56,,,,,0.0,Normal,0.0
1744311558602332,10.42.0.2,10.42.0.1,50265,1883,45,5,0,1,0,0,1,0,3,0,0,0,0,0.0,0,,0,0,,0,0,0,0,0,0,0,0,0.0,0,0,0,0,0,64.0,5756.0,0,0,0,57,eth:ethertype:ip:tcp,31.4,94.9,52.2,160.0,-50.0,84:F3:EB:12:34:56,,,,,0.0,Normal,0.0
1744311558614926,10.42.0.2,10.42.0.1,50265,1883,48,5,0,1,1,0,1,0,185,0,0,0,0,0.0,0,,0,3,"Wakeup: 0, Mode: 0, Reset: 1, Temperature: 36.9, Uptime: 635818, Memory: 94.9, In_Temperature: 52.2°C, CPU: 160, RSSI: -50, MAC: 84:F3:EB:12:34:56, F_Storage: 99.2",test/temperatura,16,0,0,182,0,0,0,0.0,0,0,0,0,0,64.0,5756.0,0,0,0,239,eth:ethertype:ip:tcp:mqtt,36.9,94.9,52.2,160.0,-50.0,84:F3:EB:12:34:56,,,,,0.0,Normal,0.0
1744311558618625,10.42.0.2,10.42.0.1,50265,1883,234,6,0,1,0,0,0,0,0,0,0,0,0,0.0,0,,0,0,,0,0,0,0,0,0,0,0,0.0,0,0,0,0,0,64.0,5755.0,0,0,0,54,eth:ethertype:ip:tcp,36.9,94.9,52.2,160.0,-50.0,84:F3:EB:12:34:56,,,,,0.0,Normal,0.0
1744311588623866,10.42.0.2,10.42.0.1,50266,1883,0,0,1,0,0,0,0,0,0,0,0,0,0,0.0,0,,0,0,,0,0,0,0,0,0,0,0,0.0,0,0,0,0,0,64.0,5760.0,0,0,0,58,eth:ethertype:ip:tcp,36.9,94.9,52.2,160.0,-50.0,84:F3:EB:12:34:56,,,,,0.0,Normal,0.0
1744311588627961,10.42.0.2,10.42.0.1,50266,1883,1,1,0,1,0,0,0,0,0,0,0,0,0,0.0,0,,0,0,,0,0,0,0,0,0,0,0,0.0,0,0,0,0,0,64.0,5760.0,0,0,0,54,eth:ethertype:ip:tcp,36.9,94.9,52.2,160.0,-50.0,84:F3:EB:12:34:56,,,,,0.0,Normal,0.0
1744311588630096,10.42.0.2,10.42.0.1,50266,1883,1,1,0,1,0,0,1,0,3,0,0,0,0,0.0,0,,0,0,,0,0,0,0,0,0,0,0,0.0,0,0,0,0,0,64.0,5760.0,0,0,0,57,eth:ethertype:ip:tcp,36.9,94.9,52.2,160.0,-50.0,84:F3:EB:12:34:56,,,,,0.0,Normal,0.0
1744311588633512,10.42.0.2,10.42.0.1,50266,1883,4,1,0,1,0,0,1,0,29,0,0,0,0,0.0,0,,0,0,,0,0,0,0,0,0,0,0,0.0,0,0,0,0,0,64.0,5760.0,0,0,0,83,eth:ethertype:ip:tcp,36.9,94.9,52.2,160.0,-50.0,84:F3:EB:12:34:56,,,,,0.0,Normal,0.0
1744311588636473,10.42.0.2,10.42.0.1,50266,1883,33,1,0,1,0,0,1,0,12,0,0,0,0,0.0,0,,0,1,,0,0,0,1,42,4,MQTT,4,0.0,0,0,0,0,0,64.0,5760.0,0,0,esp32_a0a3b3edac1c,66,eth:ethertype:ip:tcp:mqtt,36.9,94.9,52.2,160.0,-50.0,84:F3:EB:12:34:56,,,,,0.0,Normal,0.0
1744311588671836,10.42.0.2,10.42.0.1,50266,1883,45,5,0,1,0,0,1,0,3,0,0,0,0,0.0,0,,0,0,,0,0,0,0,0,0,0,0,0.0,0,0,0,0,0,64.0,5756.0,0,0,0,57,eth:ethertype:ip:tcp,36.9,94.9,52.2,160.0,-50.0,84:F3:EB:12:34:56,,,,,0.0,Normal,0.0
1744311588684269,10.42.0.2,10.42.0.1,50266,1883,48,5,0,1,1,0,1,0,185,0,0,0,0,0.0,0,,0,3,"Wakeup: 0, Mode: 0, Reset: 1, Temperature: 37.9, Uptime: 635848, Memory: 94.9, In_Temperature: 52.2°C, CPU: 160, RSSI: -50, MAC: 84:F3:EB:12:34:56, F_Storage: 99.2",test/temperatura,16,0,0,182,0,0,0,0.0,0,0,0,0,0,64.0,5756.0,0,0,0,239,eth:ethertype:ip:tcp:mqtt,37.9,94.9,52.2,160.0,-50.0,84:F3:EB:12:34:56,,,,,0.0,Normal,0.0
1744311588687656,10.42.0.2,10.42.0.1,50266,1883,234,6,0,1,0,0,0,0,0,0,0,0,0,0.0,0,,0,0,,0,0,0,0,0,0,0,0,0.0,0,0,0,0,0,64.0,5755.0,0,0,0,54,eth:ethertype:ip:tcp,37.9,94.9,52.2,160.0,-50.0,84:F3:EB:12:34:56,,,,,0.0,Normal,0.0
1744311618693458,10.42.0.2,10.42.0.1,50267,1883,0,0,1,0,0,0,0,0,0,0,0,0,0,0.0,0,,0,0,,0,0,0,0,0,0,0,0,0.0,0,0,0,0,0,64.0,5760.0,0,0,0,58,eth:ethertype:ip:tcp,37.9,94.9,52.2,160.0,-50.0,84:F3:EB:12:34:56,,,,,0.0,Normal,0.0
1744311618697493,10.42.0.2,10.42.0.1,50267,1883,1,1,0,1,0,0,0,0,0,0,0,0,0,0.0,0,,0,0,,0,0,0,0,0,0,0,0,0.0,0,0,0,0,0,64.0,5760.0,0,0,0,54,eth:ethertype:ip:tcp,37.9,94.9,52.2,160.0,-50.0,84:F3:EB:12:34:56,,,,,0.0,Normal,0.0
1744311618699668,10.42.0.2,10.42.0.1,50267,1883,1,1,0,1,0,0,1,0,3,0,0,0,0,0.0,0,,0,0,,0,0,0,0,0,0,0,0,0.0,0,0,0,0,0,64.0,5760.0,0,0,0,57,eth:ethertype:ip:tcp,37.9,94.9,52.2,160.0,-50.0,84:F3:EB:12:34:56,,,,,0.0,Normal,0.0
1744311618704141,10.42.0.2,10.42.0.1,50267,1883,4,1,0,1,0,0,1,0,29,0,0,0,0,0.0,0,,0,0,,0,0,0,0,0,0,0,0,0.0,0,0,0,0,0,64.0,5760.0,0,0,0,83,eth:ethertype:ip:tcp,37.9,94.9,52.2,160.0,-50.0,84:F3:EB:12:34:56,,,,,0.0,Normal,0.0
1744311618708718,10.42.0.2,10.42.0.1,50267,1883,33,1,0,1,0,0,1,0,12,0,0,0,0,0.0,0,,0,1,,0,0,0,1,42,4,MQTT,4,0.0,0,0,0,0,0,64.0,5760.0,0,0,esp32_a0a3b3edac1c,66,eth:ethertype:ip:tcp:mqtt,37.9,94.9,52.2,160.0,-50.0,84:F3:EB:12:34:56,,,,,0.0,Normal,0.0
1744311618743841,10.42.0.2,10.42.0.1,50267,1883,45,5,0,1,0,0,1,0,3,0,0,0,0,0.0,0,,0,0,,0,0,0,0,0,0,0,0,0.0,0,0,0,0,0,64.0,5756.0,0,0,0,57,eth:ethertype:ip:tcp,37.9,94.9,52.2,160.0,-50.0,84:F3:EB:12:34:56,,,,,0.0,Normal,0.0
1744311618753630,10.42.0.2,10.42.0.1,50267,1883,48,5,0,1,1,0,1,0,185,0,0,0,0,0.0,0,,0,3,"Wakeup: 0, Mode: 0, Reset: 1, Temperature: 38.5, Uptime: 635878, Memory: 94.9, In_Temperature: 52.2°C, CPU: 160, RSSI: -51, MAC: 84:F3:EB:12:34:56, F_Storage: 99.2",test/temperatura,16,0,0,182,0,0,0,0.0,0,0,0,0,0,64.0,5756.0,0,0,0,239,eth:ethertype:ip:tcp:mqtt,38.5,94.9,52.2,160.0,-51.0,84:F3:EB:12:34:56,,,,,0.0,Normal,0.0
1744311618757681,10.42.0.2,10.42.0.1,50267,1883,234,6,0,1,0,0,0,0,0,0,0,0,0,0.0,0,,0,0,,0,0,0,0,0,0,0,0,0.0,0,0,0,0,0,64.0,5755.0,0,0,0,54,eth:ethertype:ip:tcp,38.5,94.9,52.2,160.0,-51.0,84:F3:EB:12:34:56,,,,,0.0,Normal,0.0
1744311648764609,10.42.0.2,10.42.0.1,50268,1883,0,0,1,0,0,0,0,0,0,0,0,0,0,0.0,0,,0,0,,0,0,0,0,0,0,0,0,0.0,0,0,0,0,0,64.0,5760.0,0,0,0,58,eth:ethertype:ip:tcp,38.5,94.9,52.2,160.0,-51.0,84:F3:EB:12:34:56,,,,,0.0,Normal,0.0
1744311648768308,10.42.0.2,10.42.0.1,50268,1883,1,1,0,1,0,0,0,0,0,0,0,0,0,0.0,0,,0,0,,0,0,0,0,0,0,0,0,0.0,0,0,0,0,0,64.0,5760.0,0,0,0,54,eth:ethertype:ip:tcp,38.5,94.9,52.2,160.0,-51.0,84:F3:EB:12:34:56,,,,,0.0,Normal,0.0
1744311648770663,10.42.0.2,10.42.0.1,50268,1883,1,1,0,1,0,0,1,0,3,0,0,0,0,0.0,0,,0,0,,0,0,0,0,0,0,0,0,0.0,0,0,0,0,0,64.0,5760.0,0,0,0,57,eth:ethertype:ip:tcp,38.5,94.9,52.2,160.0,-51.0,84:F3:EB:12:34:56,,,,,0.0,Normal,0.0
1744311648774211,10.42.0.2,10.42.0.1,50268,1883,4,1,0,1,0,0,1,0,29,0,0,0,0,0.0,0,,0,0,,0,0,0,0,0,0,0,0,0.0,0,0,0,0,0,64.0,5760.0,0,0,0,83,eth:ethertype:ip:tcp,38.5,94.9,52.2,160.0,-51.0,84:F3:EB:12:34:56,,,,,0.0,Normal,0.0
1744311648777885,10.42.0.2,10.42.0.1,50268,1883,33,1,0,1,0,0,1,0,2,0,0,0,0,0.0,0,,0,0,,0,0,0,0,0,0,0,0,0.0,0,0,0,0,0,64.0,5760.0,0,0,0,56,eth:ethertype:ip:tcp,38.5,94.9,52.2,160.0,-51.0,84:F3:EB:12:34:56,,,,,0.0,Normal,0.0
1744311648782151,10.42.0.2,10.42.0.1,50268,1883,35,1,0,1,0,0,1,0,4,0,0,0,0,0.0,0,,0,0,,0,0,0,0,0,0,0,0,0.0,0,0,0,0,0,64.0,5760.0,0,0,0,58,eth:ethertype:ip:tcp,38.5,94.9,52.2,160.0,-51.0,84:F3:EB:12:34:56,,,,,0.0,Normal,0.0
1744311648785279,10.42.0.2,10.42.0.1,50268,1883,39,1,0,1,0,0,1,0,6,0,0,0,0,0.0,0,,0,1,,0,0,0,1,42,4,MQTT,4,0.0,0,0,0,0,0,64.0,5760.0,0,0,esp32_a0a3b3edac1c,60,eth:ethertype:ip:tcp:mqtt,38.5,94.9,52.2,160.0,-51.0,84:F3:EB:12:34:56,,,,,0.0,Normal,0.0
1744311648821921,10.42.0.2,10.42.0.1,50268,1883,45,5,0,1,0,0,1,0,3,0,0,0,0,0.0,0,,0,0,,0,0,0,0,0,0,0,0,0.0,0,0,0,0,0,64.0,5756.0,0,0,0,57,eth:ethertype:ip:tcp,38.5,94.9,52.2,160.0,-51.0,84:F3:EB:12:34:56,,,,,0.0,Normal,0.0
1744311648832998,10.42.0.2,10.42.0.1,50268,1883,48,5,0,1,1,0,1,0,185,0,0,0,0,0.0,0,,0,3,"Wakeup: 0, Mode: 0, Reset: 1, Temperature: 29.7, Uptime: 635908, Memory: 94.9, In_Temperature: 52.2°C, CPU: 160, RSSI: -49, MAC: 84:F3:EB:12:34:56, F_Storage: 99.2",test/temperatura,16,0,0,182,0,0,0,0.0,0,0,0,0,0,64.0,5756.0,0,0,0,239,eth:ethertype:ip:tcp:mqtt,29.7,94.9,52.2,160.0,-49.0,84:F3:EB:12:34:56,,,,,0.0,Normal,0.0
1744311648836605,10.42.0.2,10.42.0.1,50268,1883,234,6,0,1,0,0,0,0,0,0,0,0,0,0.0,0,,0,0,,0,0,0,0,0,0,0,0,0.0,0,0,0,0,0,64.0,5755.0,0,0,0,54,eth:ethertype:ip:tcp,29.7,94.9,52.2,160.0,-49.0,84:F3:EB:12:34:56,,,,,0.0,Normal,0.0
1744311678841860,10.42.0.2,10.42.0.1,50269,1883,0,0,1,0,0,0,0,0,0,0,0,0,0,0.0,0,,0,0,,0,0,0,0,0,0,0,0,0.0,0,0,0,0,0,64.0,5760.0,0,0,0,58,eth:ethertype:ip:tcp,29.7,94.9,52.2,160.0,-49.0,84:F3:EB:12:34:56,,,,,0.0,Normal,0.0
1744311678846025,10.42.0.2,10.42.0.1,50269,1883,1,1,0,1,0,0,0,0,0,0,0,0,0,0.0,0,,0,0,,0,0,0,0,0,0,0,0,0.0,0,0,0,0,0,64.0,5760.0,0,0,0,54,eth:ethertype:ip:tcp,29.7,94.9,52.2,160.0,-49.0,84:F3:EB:12:34:56,,,,,0.0,Normal,0.0
1744311678848112,10.42.0.2,10.42.0.1,50269,1883,1,1,0,1,0,0,1,0,3,0,0,0,0,0.0,0,,0,0,,0,0,0,0,0,0,0,0,0.0,0,0,0,0,0,64.0,5760.0,0,0,0,57,eth:ethertype:ip:tcp,29.7,94.9,52.2,160.0,-49.0,84:F3:EB:12:34:56,,,,,0.0,Normal,0.0
1744311678851582,10.42.0.2,10.42.0.1,50269,1883,4,1,0,1,0,0,1,0,29,0,0,0,0,0.0,0,,0,0,,0,0,0,0,0,0,0,0,0.0,0,0,0,0,0,64.0,5760.0,0,0,0,83,eth:ethertype:ip:tcp,29.7,94.9,52.2,160.0,-49.0,84:F3:EB:12:34:56,,,,,0.0,Normal,0.0
1744311678854801,10.42.0.2,10.42.0.1,50269,1883,33,1,0,1,0,0,1,0,12,0,0,0,0,0.0,0,,0,1,,0,0,0,1,42,4,MQTT,4,0.0,0,0,0,0,0,64.0,5760.0,0,0,esp32_a0a3b3edac1c,66,eth:ethertype:ip:tcp:mqtt,29.7,94.9,52.2,160.0,-49.0,84:F3:EB:12:34:56,,,,,0.0,Normal,0.0
1744311678890361,10.42.0.2,10.42.0.1,50269,1883,45,5,0,1,0,0,1,0,3,0,0,0,0,0.0,0,,0,0,,0,0,0,0,0,0,0,0,0.0,0,0,0,0,0,64.0,5756.0,0,0,0,57,eth:ethertype:ip:tcp,29.7,94.9,52.2,160.0,-49.0,84:F3:EB:12:34:56,,,,,0.0,Normal,0.0
1744311678902567,10.42.0.2,10.42.0.1,50269,1883,48,5,0,1,1,0,1,0,185,0,0,0,0,0.0,0,,0,3,"Wakeup: 0, Mode: 0, Reset: 1, Temperature: 26.6, Uptime: 635938, Memory: 94.9, In_Temperature: 52.2°C, CPU: 160, RSSI: -51, MAC: 84:F3:EB:12:34:56, F_Storage: 99.2",test/temperatura,16,0,0,182,0,0,0,0.0,0,0,0,0,0,64.0,5756.0,0,0,0,239,eth:ethertype:ip:tcp:mqtt,26.6,94.9,52.2,160.0,-51.0,84:F3:EB:12:34:56,,,,,0.0,Normal,0.0
1744311678905979,10.42.0.2,10.42.0.1,50269,1883,234,6,0,1,0,0,0,0,0,0,0,0,0,0.0,0,,0,0,,0,0,0,0,0,0,0,0,0.0,0,0,0,0,0,64.0,5755.0,0,0,0,54,eth:ethertype:ip:tcp,26.6,94.9,52.2,160.0,-51.0,84:F3:EB:12:34:56,,,,,0.0,Normal,0.0
1744311708910049,10.42.0.2,10.42.0.1,50270,1883,0,0,1,0,0,0,0,0,0,0,0,0,0,0.0,0,,0,0,,0,0,0,0,0,0,0,0,0.0,0,0,0,0,0,64.0,5760.0,0,0,0,58,eth:ethertype:ip:tcp,26.6,94.9,52.2,160.0,-51.0,84:F3:EB:12:34:56,,,,,0.0,Normal,0.0
1744311708913950,10.42.0.2,10.42.0.1,50270,1883,1,1,0,1,0,0,0,0,0,0,0,0,0,0.0,0,,0,0,,0,0,0,0,0,0,0,0,0.0,0,0,0,0,0,64.0,5760.0,0,0,0,54,eth:ethertype:ip:tcp,26.6,94.9,52.2,160.0,-51.0,84:F3:EB:12:34:56,,,,,0.0,Normal,0.0
1744311708916359,10.42.0.2,10.42.0.1,50270,1883,1,1,0,1,0,0,1,0,3,0,0,0,0,0.0,0,,0,0,,0,0,0,0,0,0,0,0,0.0,0,0,0,0,0,64.0,5760.0,0,0,0,57,eth:ethertype:ip:tcp,26.6,94.9,52.2,160.0,-51.0,84:F3:EB:12:34:56,,,,,0.0,Normal,0.0
1744311708922775,10.42.0.2,10.42.0.1,50270,1883,4,1,0,1,0,0,1,0,41,0,0,0,0,0.0,0,,0,1,,0,0,0,1,42,4,MQTT,4,0.0,0,0,0,0,0,64.0,5760.0,0,0,esp32_a0a3b3edac1c,95,eth:ethertype:ip:tcp:mqtt,26.6,94.9,52.2,160.0,-51.0,84:F3:EB:12:34:56,,,,,0.0,Normal,0.0
1744311708942317,10.42.0.2,10.42.0.1,50270,1883,45,5,0,1,0,0,0,0,0,0,0,0,0,0.0,0,,0,0,,0,0,0,0,0,0,0,0,0.0,0,0,0,0,0,64.0,5756.0,0,0,0,54,eth:ethertype:ip:tcp,26.6,94.9,52.2,160.0,-51.0,84:F3:EB:12:34:56,,,,,0.0,Normal,0.0
1744311708959088,10.42.0.2,10.42.0.1,50270,1883,45,5,0,1,0,0,1,0,3,0,0,0,0,0.0,0,,0,0,,0,0,0,0,0,0,0,0,0.0,0,0,0,0,0,64.0,5756.0,0,0,0,57,eth:ethertype:ip:tcp,26.6,94.9,52.2,160.0,-51.0,84:F3:EB:12:34:56,,,,,0.0,Normal,0.0
1744311708971581,10.42.0.2,10.42.0.1,50270,1883,48,5,0,1,1,0,1,0,185,0,0,0,0,0.0,0,,0,3,"Wakeup: 0, Mode: 0, Reset: 1, Temperature: 40.2, Uptime: 635968, Memory: 94.9, In_Temperature: 52.2°C, CPU: 160, RSSI: -50, MAC: 84:F3:EB:12:34:56, F_Storage: 99.2",test/temperatura,16,0,0,182,0,0,0,0.0,0,0,0,0,0,64.0,5756.0,0,0,0,239,eth:ethertype:ip:tcp:mqtt,40.2,94.9,52.2,160.0,-50.0,84:F3:EB:12:34:56,,,,,0.0,Normal,0.0
1744311708976093,10.42.0.2,10.42.0.1,50270,1883,234,6,0,1,0,0,0,0,0,0,0,0,0,0.0,0,,0,0,,0,0,0,0,0,0,0,0,0.0,0,0,0,0,0,64.0,5755.0,0,0,0,54,eth:ethertype:ip:tcp,40.2,94.9,52.2,160.0,-50.0,84:F3:EB:12:34:56,,,,,0.0,Normal,0.0
1744311738980510,10.42.0.2,10.42.0.1,50271,1883,0,0,1,0,0,0,0,0,0,0,0,0,0,0.0,0,,0,0,,0,0,0,0,0,0,0,0,0.0,0,0,0,0,0,64.0,5760.0,0,0,0,58,eth:ethertype:ip:tcp,40.2,94.9,52.2,160.0,-50.0,84:F3:EB:12:34:56,,,,,0.0,Normal,0.0
1744311738984966,10.42.0.2,10.42.0.1,50271,1883,1,1,0,1,0,0,0,0,0,0,0,0,0,0.0,0,,0,0,,0,0,0,0,0,0,0,0,0.0,0,0,0,0,0,64.0,5760.0,0,0,0,54,eth:ethertype:ip:tcp,40.2,94.9,52.2,160.0,-50.0,84:F3:EB:12:34:56,,,,,0.0,Normal,0.0
1744311738987472,10.42.0.2,10.42.0.1,50271,1883,1,1,0,1,0,0,1,0,3,0,0,0,0,0.0,0,,0,0,,0,0,0,0,0,0,0,0,0.0,0,0,0,0,0,64.0,5760.0,0,0,0,57,eth:ethertype:ip:tcp,40.2,94.9,52.2,160.0,-50.0,84:F3:EB:12:34:56,,,,,0.0,Normal,0.0
1744311738991484,10.42.0.2,10.42.0.1,50271,1883,4,1,0,1,0,0,1,0,11,0,0,0,0,0.0,0,,0,0,,0,0,0,0,0,0,0,0,0.0,0,0,0,0,0,64.0,5760.0,0,0,0,65,eth:ethertype:ip:tcp,40.2,94.9,52.2,160.0,-50.0,84:F3:EB:12:34:56,,,,,0.0,Normal,0.0
1744311738994650,10.42.0.2,10.42.0.1,50271,1883,15,1,0,1,0,0,1,0,30,0,0,0,0,0.0,0,,0,1,,0,0,0,1,42,4,MQTT,4,0.0,0,0,0,0,0,64.0,5760.0,0,0,esp32_a0a3b3edac1c,84,eth:ethertype:ip:tcp:mqtt,40.2,94.9,52.2,160.0,-50.0,84:F3:EB:12:34:56,,,,,0.0,Normal,0.0
1744311739031013,10.42.0.2,10.42.0.1,50271,1883,45,5,0,1,0,0,1,0,3,0,0,0,0,0.0,0,,0,0,,0,0,0,0,0,0,0,0,0.0,0,0,0,0,0,64.0,5756.0,0,0,0,57,eth:ethertype:ip:tcp,40.2,94.9,52.2,160.0,-50.0,84:F3:EB:12:34:56,,,,,0.0,Normal,0.0
1744311739041987,10.42.0.2,10.42.0.1,50271,1883,48,5,0,1,1,0,1,0,185,0,0,0,0,0.0,0,,0,3,"Wakeup: 0, Mode: 0, Reset: 1, Temperature: 40.5, Uptime: 635998, Memory: 94.9, In_Temperature: 52.2°C, CPU: 160, RSSI: -51, MAC: 84:F3:EB:12:34:56, F_Storage: 99.2",test/temperatura,16,0,0,182,0,0,0,0.0,0,0,0,0,0,64.0,5756.0,0,0,0,239,eth:ethertype:ip:tcp:mqtt,40.5,94.9,52.2,160.0,-51.0,84:F3:EB:12:34:56,,,,,0.0,Normal,0.0
1744311739045551,10.42.0.2,10.42.0.1,50271,1883,234,6,0,1,0,0,0,0,0,0,0,0,0,0.0,0,,0,0,,0,0,0,0,0,0,0,0,0.0,0,0,0,0,0,64.0,5755.0,0,0,0,54,eth:ethertype:ip:tcp,40.5,94.9,52.2,160.0,-51.0,84:F3:EB:12:34:56,,,,,0.0,Normal,0.0
1744311769049974,10.42.0.2,10.42.0.1,50272,1883,0,0,1,0,0,0,0,0,0,0,0,0,0,0.0,0,,0,0,,0,0,0,0,0,0,0,0,0.0,0,0,0,0,0,64.0,5760.0,0,0,0,58,eth:ethertype:ip:tcp,40.5,94.9,52.2,160.0,-51.0,84:F3:EB:12:34:56,,,,,0.0,Normal,0.0
1744311769053846,10.42.0.2,10.42.0.1,50272,1883,1,1,0,1,0,0,0,0,0,0,0,0,0,0.0,0,,0,0,,0,0,0,0,0,0,0,0,0.0,0,0,0,0,0,64.0,5760.0,0,0,0,54,eth:ethertype:ip:tcp,40.5,94.9,52.2,160.0,-51.0,84:F3:EB:12:34:56,,,,,0.0,Normal,0.0
1744311769055979,10.42.0.2,10.42.0.1,50272,1883,1,1,0,1,0,0,1,0,3,0,0,0,0,0.0,0,,0,0,,0,0,0,0,0,0,0,0,0.0,0,0,0,0,0,64.0,5760.0,0,0,0,57,eth:ethertype:ip:tcp,40.5,94.9,52.2,160.0,-51.0,84:F3:EB:12:34:56,,,,,0.0,Normal,0.0
1744311769059499,10.42.0.2,10.42.0.1,50272,1883,4,1,0,1,0,0,1,0,29,0,0,0,0,0.0,0,,0,0,,0,0,0,0,0,0,0,0,0.0,0,0,0,0,0,64.0,5760.0,0,0,0,83,eth:ethertype:ip:tcp,40.5,94.9,52.2,160.0,-51.0,84:F3:EB:12:34:56,,,,,0.0,Normal,0.0
1744311769062557,10.42.0.2,10.42.0.1,50272,1883,33,1,0,1,0,0,1,0,12,0,0,0,0,0.0,0,,0,1,,0,0,0,1,42,4,MQTT,4,0.0,0,0,0,0,0,64.0,5760.0,0,0,esp32_a0a3b3edac1c,66,eth:ethertype:ip:tcp:mqtt,40.5,94.9,52.2,160.0,-51.0,84:F3:EB:12:34:56,,,,,0.0,Normal,0.0
1744311769098774,10.42.0.2,10.42.0.1,50272,1883,45,5,0,1,0,0,1,0,3,0,0,0,0,0.0,0,,0,0,,0,0,0,0,0,0,0,0,0.0,0,0,0,0,0,64.0,5756.0,0,0,0,57,eth:ethertype:ip:tcp,40.5,94.9,52.2,160.0,-51.0,84:F3:EB:12:34:56,,,,,0.0,Normal,0.0
1744311769110350,10.42.0.2,10.42.0.1,50272,1883,48,5,0,1,1,0,1,0,185,0,0,0,0,0.0,0,,0,3,"Wakeup: 0, Mode: 0, Reset: 1, Temperature: 33.5, Uptime: 636028, Memory: 94.9, In_Temperature: 52.2°C, CPU: 160, RSSI: -52, MAC: 84:F3:EB:12:34:56, F_Storage: 99.2",test/temperatura,16,0,0,182,0,0,0,0.0,0,0,0,0,0,64.0,5756.0,0,0,0,239,eth:ethertype:ip:tcp:mqtt,33.5,94.9,52.2,160.0,-52.0,84:F3:EB:12:34:56,,,,,0.0,Normal,0.0
1744311769113767,10.42.0.2,10.42.0.1,50272,1883,234,6,0,1,0,0,0,0,0,0,0,0,0,0.0,0,,0,0,,0,0,0,0,0,0,0,0,0.0,0,0,0,0,0,64.0,5755.0,0,0,0,54,eth:ethertype:ip:tcp,33.5,94.9,52.2,160.0,-52.0,84:F3:EB:12:34:56,,,,,0.0,Normal,0.0
1744311799119249,10.42.0.2,10.42.0.1,50273,1883,0,0,1,0,0,0,0,0,0,0,0,0,0,0.0,0,,0,0,,0,0,0,0,0,0,0,0,0.0,0,0,0,0,0,64.0,5760.0,0,0,0,58,eth:ethertype:ip:tcp,33.5,94.9,52.2,160.0,-52.0,84:F3:EB:12:34:56,,,,,0.0,Normal,0.0
1744311799123242,10.42.0.2,10.42.0.1,50273,1883,1,1,0,1,0,0,0,0,0,0,0,0,0,0.0,0,,0,0,,0,0,0,0,0,0,0,0,0.0,0,0,0,0,0,64.0,5760.0,0,0,0,54,eth:ethertype:ip:tcp,33.5,94.9,52.2,160.0,-52.0,84:F3:EB:12:34:56,,,,,0.0,Normal,0.0
1744311799125310,10.42.0.2,10.42.0.1,50273,1883,1,1,0,1,0,0,1,0,3,0,0,0,0,0.0,0,,0,0,,0,0,0,0,0,0,0,0,0.0,0,0,0,0,0,64.0,5760.0,0,0,0,57,eth:ethertype:ip:tcp,33.5,94.9,52.2,160.0,-52.0,84:F3:EB:12:34:56,,,,,0.0,Normal,0.0
1744311799128657,10.42.0.2,10.42.0.1,50273,1883,4,1,0,1,0,0,1,0,29,0,0,0,0,0.0,0,,0,0,,0,0,0,0,0,0,0,0,0.0,0,0,0,0,0,64.0,5760.0,0,0,0,83,eth:ethertype:ip:tcp,33.5,94.9,52.2,160.0,-52.0,84:F3:EB:12:34:56,,,,,0.0,Normal,0.0
1744311799133385,10.42.0.2,10.42.0.1,50273,1883,33,1,0,1,0,0,1,0,12,0,0,0,0,0.0,0,,0,1,,0,0,0,1,42,4,MQTT,4,0.0,0,0,0,0,0,64.0,5760.0,0,0,esp32_a0a3b3edac1c,66,eth:ethertype:ip:tcp:mqtt,33.5,94.9,52.2,160.0,-52.0,84:F3:EB:12:34:56,,,,,0.0,Normal,0.0
1744311799170441,10.42.0.2,10.42.0.1,50273,1883,45,5,0,1,0,0,1,0,3,0,0,0,0,0.0,0,,0,0,,0,0,0,0,0,0,0,0,0.0,0,0,0,0,0,64.0,5756.0,0,0,0,57,eth:ethertype:ip:tcp,33.5,94.9,52.2,160.0,-52.0,84:F3:EB:12:34:56,,,,,0.0,Normal,0.0
1744311799179643,10.42.0.2,10.42.0.1,50273,1883,48,5,0,1,1,0,1,0,185,0,0,0,0,0.0,0,,0,3,"Wakeup: 0, Mode: 0, Reset: 1, Temperature: 33.2, Uptime: 636058, Memory: 94.9, In_Temperature: 52.2°C, CPU: 160, RSSI: -51, MAC: 84:F3:EB:12:34:56, F_Storage: 99.2",test/temperatura,16,0,0,182,0,0,0,0.0,0,0,0,0,0,64.0,5756.0,0,0,0,239,eth:ethertype:ip:tcp:mqtt,33.2,94.9,52.2,160.0,-51.0,84:F3:EB:12:34:56,,,,,0.0,Normal,0.0
1744311799183644,10.42.0.2,10.42.0.1,50273,1883,234,6,0,1,0,0,0,0,0,0,0,0,0,0.0,0,,0,0,,0,0,0,0,0,0,0,0,0.0,0,0,0,0,0,64.0,5755.0,0,0,0,54,eth:ethertype:ip:tcp,33.2,94.9,52.2,160.0,-51.0,84:F3:EB:12:34:56,,,,,0.0,Normal,0.0
1744311829196901,10.42.0.2,10.42.0.1,50274,1883,0,0,1,0,0,0,0,0,0,0,0,0,0,0.0,0,,0,0,,0,0,0,0,0,0,0,0,0.0,0,0,0,0,0,64.0,5760.0,0,0,0,58,eth:ethertype:ip:tcp,33.2,94.9,52.2,160.0,-51.0,84:F3:EB:12:34:56,,,,,0.0,Normal,0.0
1744311829200922,10.42.0.2,10.42.0.1,50274,1883,1,1,0,1,0,0,0,0,0,0,0,0,0,0.0,0,,0,0,,0,0,0,0,0,0,0,0,0.0,0,0,0,0,0,64.0,5760.0,0,0,0,54,eth:ethertype:ip:tcp,33.2,94.9,52.2,160.0,-51.0,84:F3:EB:12:34:56,,,,,0.0,Normal,0.0
1744311829202970,10.42.0.2,10.42.0.1,50274,1883,1,1,0,1,0,0,1,0,3,0,0,0,0,0.0,0,,0,0,,0,0,0,0,0,0,0,0,0.0,0,0,0,0,0,64.0,5760.0,0,0,0,57,eth:ethertype:ip:tcp,33.2,94.9,52.2,160.0,-51.0,84:F3:EB:12:34:56,,,,,0.0,Normal,0.0
1744311829206470,10.42.0.2,10.42.0.1,50274,1883,4,1,0,1,0,0,1,0,29,0,0,0,0,0.0,0,,0,0,,0,0,0,0,0,0,0,0,0.0,0,0,0,0,0,64.0,5760.0,0,0,0,83,eth:ethertype:ip:tcp,33.2,94.9,52.2,160.0,-51.0,84:F3:EB:12:34:56,,,,,0.0,Normal,0.0
1744311829209478,10.42.0.2,10.42.0.1,50274,1883,33,1,0,1,0,0,1,0,12,0,0,0,0,0.0,0,,0,1,,0,0,0,1,42,4,MQTT,4,0.0,0,0,0,0,0,64.0,5760.0,0,0,esp32_a0a3b3edac1c,66,eth:ethertype:ip:tcp:mqtt,33.2,94.9,52.2,160.0,-51.0,84:F3:EB:12:34:56,,,,,0.0,Normal,0.0
1744311829245931,10.42.0.2,10.42.0.1,50274,1883,45,5,0,1,0,0,1,0,3,0,0,0,0,0.0,0,,0,0,,0,0,0,0,0,0,0,0,0.0,0,0,0,0,0,64.0,5756.0,0,0,0,57,eth:ethertype:ip:tcp,33.2,94.9,52.2,160.0,-51.0,84:F3:EB:12:34:56,,,,,0.0,Normal,0.0
1744311829259004,10.42.0.2,10.42.0.1,50274,1883,48,5,0,1,1,0,1,0,185,0,0,0,0,0.0,0,,0,3,"Wakeup: 0, Mode: 0, Reset: 1, Temperature: 38.2, Uptime: 636088, Memory: 94.9, In_Temperature: 52.2°C, CPU: 160, RSSI: -52, MAC: 84:F3:EB:12:34:56, F_Storage: 99.2",test/temperatura,16,0,0,182,0,0,0,0.0,0,0,0,0,0,64.0,5756.0,0,0,0,239,eth:ethertype:ip:tcp:mqtt,38.2,94.9,52.2,160.0,-52.0,84:F3:EB:12:34:56,,,,,0.0,Normal,0.0
1744311829262652,10.42.0.2,10.42.0.1,50274,1883,234,6,0,1,0,0,0,0,0,0,0,0,0,0.0,0,,0,0,,0,0,0,0,0,0,0,0,0.0,0,0,0,0,0,64.0,5755.0,0,0,0,54,eth:ethertype:ip:tcp,38.2,94.9,52.2,160.0,-52.0,84:F3:EB:12:34:56,,,,,0.0,Normal,0.0
1744311859267814,10.42.0.2,10.42.0.1,50275,1883,0,0,1,0,0,0,0,0,0,0,0,0,0,0.0,0,,0,0,,0,0,0,0,0,0,0,0,0.0,0,0,0,0,0,64.0,5760.0,0,0,0,58,eth:ethertype:ip:tcp,38.2,94.9,52.2,160.0,-52.0,84:F3:EB:12:34:56,,,,,0.0,Normal,0.0
1744311859271801,10.42.0.2,10.42.0.1,50275,1883,1,1,0,1,0,0,0,0,0,0,0,0,0,0.0,0,,0,0,,0,0,0,0,0,0,0,0,0.0,0,0,0,0,0,64.0,5760.0,0,0,0,54,eth:ethertype:ip:tcp,38.2,94.9,52.2,160.0,-52.0,84:F3:EB:12:34:56,,,,,0.0,Normal,0.0
1744311859273883,10.42.0.2,10.42.0.1,50275,1883,1,1,0,1,0,0,1,0,3,0,0,0,0,0.0,0,,0,0,,0,0,0,0,0,0,0,0,0.0,0,0,0,0,0,64.0,5760.0,0,0,0,57,eth:ethertype:ip:tcp,38.2,94.9,52.2,160.0,-52.0,84:F3:EB:12:34:56,,,,,0.0,Normal,0.0
1744311859277360,10.42.0.2,10.42.0.1,50275,1883,4,1,0,1,0,0,1,0,29,0,0,0,0,0.0,0,,0,0,,0,0,0,0,0,0,0,0,0.0,0,0,0,0,0,64.0,5760.0,0,0,0,83,eth:ethertype:ip:tcp,38.2,94.9,52.2,160.0,-52.0,84:F3:EB:12:34:56,,,,,0.0,Normal,0.0
1744311859280434,10.42.0.2,10.42.0.1,50275,1883,33,1,0,1,0,0,1,0,12,0,0,0,0,0.0,0,,0,1,,0,0,0,1,42,4,MQTT,4,0.0,0,0,0,0,0,64.0,5760.0,0,0,esp32_a0a3b3edac1c,66,eth:ethertype:ip:tcp:mqtt,38.2,94.9,52.2,160.0,-52.0,84:F3:EB:12:34:56,,,,,0.0,Normal,0.0
1744311859315717,10.42.0.2,10.42.0.1,50275,1883,45,5,0,1,0,0,1,0,3,0,0,0,0,0.0,0,,0,0,,0,0,0,0,0,0,0,0,0.0,0,0,0,0,0,64.0,5756.0,0,0,0,57,eth:ethertype:ip:tcp,38.2,94.9,52.2,160.0,-52.0,84:F3:EB:12:34:56,,,,,0.0,Normal,0.0
1744311859328268,10.42.0.2,10.42.0.1,50275,1883,48,5,0,1,1,0,1,0,185,0,0,0,0,0.0,0,,0,3,"Wakeup: 0, Mode: 0, Reset: 1, Temperature: 33.6, Uptime: 636118, Memory: 94.9, In_Temperature: 52.2°C, CPU: 160, RSSI: -51, MAC: 84:F3:EB:12:34:56, F_Storage: 99.2",test/temperatura,16,0,0,182,0,0,0,0.0,0,0,0,0,0,64.0,5756.0,0,0,0,239,eth:ethertype:ip:tcp:mqtt,33.6,94.9,52.2,160.0,-51.0,84:F3:EB:12:34:56,,,,,0.0,Normal,0.0
1744311859331559,10.42.0.2,10.42.0.1,50275,1883,234,6,0,1,0,0,0,0,0,0,0,0,0,0.0,0,,0,0,,0,0,0,0,0,0,0,0,0.0,0,0,0,0,0,64.0,5755.0,0,0,0,54,eth:ethertype:ip:tcp,33.6,94.9,52.2,160.0,-51.0,84:F3:EB:12:34:56,,,,,0.0,Normal,0.0
1744311889336448,10.42.0.2,10.42.0.1,50276,1883,0,0,1,0,0,0,0,0,0,0,0,0,0,0.0,0,,0,0,,0,0,0,0,0,0,0,0,0.0,0,0,0,0,0,64.0,5760.0,0,0,0,58,eth:ethertype:ip:tcp,33.6,94.9,52.2,160.0,-51.0,84:F3:EB:12:34:56,,,,,0.0,Normal,0.0
1744311889340168,10.42.0.2,10.42.0.1,50276,1883,1,1,0,1,0,0,0,0,0,0,0,0,0,0.0,0,,0,0,,0,0,0,0,0,0,0,0,0.0,0,0,0,0,0,64.0,5760.0,0,0,0,54,eth:ethertype:ip:tcp,33.6,94.9,52.2,160.0,-51.0,84:F3:EB:12:34:56,,,,,0.0,Normal,0.0
1744311889342594,10.42.0.2,10.42.0.1,50276,1883,1,1,0,1,0,0,1,0,3,0,0,0,0,0.0,0,,0,0,,0,0,0,0,0,0,0,0,0.0,0,0,0,0,0,64.0,5760.0,0,0,0,57,eth:ethertype:ip:tcp,33.6,94.9,52.2,160.0,-51.0,84:F3:EB:12:34:56,,,,,0.0,Normal,0.0
1744311889347919,10.42.0.2,10.42.0.1,50276,1883,4,1,0,1,0,0,1,0,29,0,0,0,0,0.0,0,,0,0,,0,0,0,0,0,0,0,0,0.0,0,0,0,0,0,64.0,5760.0,0,0,0,83,eth:ethertype:ip:tcp,33.6,94.9,52.2,160.0,-51.0,84:F3:EB:12:34:56,,,,,0.0,Normal,0.0
1744311889351971,10.42.0.2,10.42.0.1,50276,1883,33,1,0,1,0,0,1,0,12,0,0,0,0,0.0,0,,0,1,,0,0,0,1,42,4,MQTT,4,0.0,0,0,0,0,0,64.0,5760.0,0,0,esp32_a0a3b3edac1c,66,eth:ethertype:ip:tcp:mqtt,33.6,94.9,52.2,160.0,-51.0,84:F3:EB:12:34:56,,,,,0.0,Normal,0.0
1744311889387467,10.42.0.2,10.42.0.1,50276,1883,45,5,0,1,0,0,1,0,3,0,0,0,0,0.0,0,,0,0,,0,0,0,0,0,0,0,0,0.0,0,0,0,0,0,64.0,5756.0,0,0,0,57,eth:ethertype:ip:tcp,33.6,94.9,52.2,160.0,-51.0,84:F3:EB:12:34:56,,,,,0.0,Normal,0.0
1744311889397663,10.42.0.2,10.42.0.1,50276,1883,48,5,0,1,1,0,1,0,185,0,0,0,0,0.0,0,,0,3,"Wakeup: 0, Mode: 0, Reset: 1, Temperature: 40.0, Uptime: 636148, Memory: 94.9, In_Temperature: 52.2°C, CPU: 160, RSSI: -50, MAC: 84:F3:EB:12:34:56, F_Storage: 99.2",test/temperatura,16,0,0,182,0,0,0,0.0,0,0,0,0,0,64.0,5756.0,0,0,0,239,eth:ethertype:ip:tcp:mqtt,40.0,94.9,52.2,160.0,-50.0,84:F3:EB:12:34:56,,,,,0.0,Normal,0.0
1744311889401065,10.42.0.2,10.42.0.1,50276,1883,234,6,0,1,0,0,0,0,0,0,0,0,0,0.0,0,,0,0,,0,0,0,0,0,0,0,0,0.0,0,0,0,0,0,64.0,5755.0,0,0,0,54,eth:ethertype:ip:tcp,40.0,94.9,52.2,160.0,-50.0,84:F3:EB:12:34:56,,,,,0.0,Normal,0.0
1744311919406448,10.42.0.2,10.42.0.1,50277,1883,0,0,1,0,0,0,0,0,0,0,0,0,0,0.0,0,,0,0,,0,0,0,0,0,0,0,0,0.0,0,0,0,0,0,64.0,5760.0,0,0,0,58,eth:ethertype:ip:tcp,40.0,94.9,52.2,160.0,-50.0,84:F3:EB:12:34:56,,,,,0.0,Normal,0.0
1744311919410976,10.42.0.2,10.42.0.1,50277,1883,1,1,0,1,0,0,0,0,0,0,0,0,0,0.0,0,,0,0,,0,0,0,0,0,0,0,0,0.0,0,0,0,0,0,64.0,5760.0,0,0,0,54,eth:ethertype:ip:tcp,40.0,94.9,52.2,160.0,-50.0,84:F3:EB:12:34:56,,,,,0.0,Normal,0.0
1744311919413378,10.42.0.2,10.42.0.1,50277,1883,1,1,0,1,0,0,1,0,3,0,0,0,0,0.0,0,,0,0,,0,0,0,0,0,0,0,0,0.0,0,0,0,0,0,64.0,5760.0,0,0,0,57,eth:ethertype:ip:tcp,40.0,94.9,52.2,160.0,-50.0,84:F3:EB:12:34:56,,,,,0.0,Normal,0.0
1744311919417046,10.42.0.2,10.42.0.1,50277,1883,4,1,0,1,0,0,1,0,31,0,0,0,0,0.0,0,,0,0,,0,0,0,0,0,0,0,0,0.0,0,0,0,0,0,64.0,5760.0,0,0,0,85,eth:ethertype:ip:tcp,40.0,94.9,52.2,160.0,-50.0,84:F3:EB:12:34:56,,,,,0.0,Normal,0.0
1744311919420193,10.42.0.2,10.42.0.1,50277,1883,35,1,0,1,0,0,1,0,10,0,0,0,0,0.0,0,,0,1,,0,0,0,1,42,4,MQTT,4,0.0,0,0,0,0,0,64.0,5760.0,0,0,esp32_a0a3b3edac1c,64,eth:ethertype:ip:tcp:mqtt,40.0,94.9,52.2,160.0,-50.0,84:F3:EB:12:34:56,,,,,0.0,Normal,0.0
1744311919437586,10.42.0.2,10.42.0.1,50277,1883,45,5,0,1,0,0,0,0,0,0,0,0,0,0.0,0,,0,0,,0,0,0,0,0,0,0,0,0.0,0,0,0,0,0,64.0,5756.0,0,0,0,54,eth:ethertype:ip:tcp,40.0,94.9,52.2,160.0,-50.0,84:F3:EB:12:34:56,,,,,0.0,Normal,0.0
1744311919458381,10.42.0.2,10.42.0.1,50277,1883,45,5,0,1,0,0,1,0,3,0,0,0,0,0.0,0,,0,0,,0,0,0,0,0,0,0,0,0.0,0,0,0,0,0,64.0,5756.0,0,0,0,57,eth:ethertype:ip:tcp,40.0,94.9,52.2,160.0,-50.0,84:F3:EB:12:34:56,,,,,0.0,Normal,0.0
1744311919466939,10.42.0.2,10.42.0.1,50277,1883,48,5,0,1,1,0,1,0,185,0,0,0,0,0.0,0,,0,3,"Wakeup: 0, Mode: 0, Reset: 1, Temperature: 28.2, Uptime: 636179, Memory: 94.9, In_Temperature: 52.2°C, CPU: 160, RSSI: -51, MAC: 84:F3:EB:12:34:56, F_Storage: 99.2",test/temperatura,16,0,0,182,0,0,0,0.0,0,0,0,0,0,64.0,5756.0,0,0,0,239,eth:ethertype:ip:tcp:mqtt,28.2,94.9,52.2,160.0,-51.0,84:F3:EB:12:34:56,,,,,0.0,Normal,0.0
1744311919470828,10.42.0.2,10.42.0.1,50277,1883,234,6,0,1,0,0,0,0,0,0,0,0,0,0.0,0,,0,0,,0,0,0,0,0,0,0,0,0.0,0,0,0,0,0,64.0,5755.0,0,0,0,54,eth:ethertype:ip:tcp,28.2,94.9,52.2,160.0,-51.0,84:F3:EB:12:34:56,,,,,0.0,Normal,0.0
1744311949488391,10.42.0.2,10.42.0.1,50278,1883,0,0,1,0,0,0,0,0,0,0,0,0,0,0.0,0,,0,0,,0,0,0,0,0,0,0,0,0.0,0,0,0,0,0,64.0,5760.0,0,0,0,58,eth:ethertype:ip:tcp,28.2,94.9,52.2,160.0,-51.0,84:F3:EB:12:34:56,,,,,0.0,Normal,0.0
1744311949492386,10.42.0.2,10.42.0.1,50278,1883,1,1,0,1,0,0,0,0,0,0,0,0,0,0.0,0,,0,0,,0,0,0,0,0,0,0,0,0.0,0,0,0,0,0,64.0,5760.0,0,0,0,54,eth:ethertype:ip:tcp,28.2,94.9,52.2,160.0,-51.0,84:F3:EB:12:34:56,,,,,0.0,Normal,0.0
1744311949494489,10.42.0.2,10.42.0.1,50278,1883,1,1,0,1,0,0,1,0,3,0,0,0,0,0.0,0,,0,0,,0,0,0,0,0,0,0,0,0.0,0,0,0,0,0,64.0,5760.0,0,0,0,57,eth:ethertype:ip:tcp,28.2,94.9,52.2,160.0,-51.0,84:F3:EB:12:34:56,,,,,0.0,Normal,0.0
1744311949497919,10.42.0.2,10.42.0.1,50278,1883,4,1,0,1,0,0,1,0,29,0,0,0,0,0.0,0,,0,0,,0,0,0,0,0,0,0,0,0.0,0,0,0,0,0,64.0,5760.0,0,0,0,83,eth:ethertype:ip:tcp,28.2,94.9,52.2,160.0,-51.0,84:F3:EB:12:34:56,,,,,0.0,Normal,0.0
1744311949500894,10.42.0.2,10.42.0.1,50278,1883,33,1,0,1,0,0,1,0,12,0,0,0,0,0.0,0,,0,1,,0,0,0,1,42,4,MQTT,4,0.0,0,0,0,0,0,64.0,5760.0,0,0,esp32_a0a3b3edac1c,66,eth:ethertype:ip:tcp:mqtt,28.2,94.9,52.2,160.0,-51.0,84:F3:EB:12:34:56,,,,,0.0,Normal,0.0
1744311949536898,10.42.0.2,10.42.0.1,50278,1883,45,5,0,1,0,0,1,0,3,0,0,0,0,0.0,0,,0,0,,0,0,0,0,0,0,0,0,0.0,0,0,0,0,0,64.0,5756.0,0,0,0,57,eth:ethertype:ip:tcp,28.2,94.9,52.2,160.0,-51.0,84:F3:EB:12:34:56,,,,,0.0,Normal,0.0
1744311949546336,10.42.0.2,10.42.0.1,50278,1883,48,5,0,1,1,0,1,0,185,0,0,0,0,0.0,0,,0,3,"Wakeup: 0, Mode: 0, Reset: 1, Temperature: 33.6, Uptime: 636209, Memory: 94.9, In_Temperature: 52.2°C, CPU: 160, RSSI: -51, MAC: 84:F3:EB:12:34:56, F_Storage: 99.2",test/temperatura,16,0,0,182,0,0,0,0.0,0,0,0,0,0,64.0,5756.0,0,0,0,239,eth:ethertype:ip:tcp:mqtt,33.6,94.9,52.2,160.0,-51.0,84:F3:EB:12:34:56,,,,,0.0,Normal,0.0
1744311949549788,10.42.0.2,10.42.0.1,50278,1883,234,6,0,1,0,0,0,0,0,0,0,0,0,0.0,0,,0,0,,0,0,0,0,0,0,0,0,0.0,0,0,0,0,0,64.0,5755.0,0,0,0,54,eth:ethertype:ip:tcp,33.6,94.9,52.2,160.0,-51.0,84:F3:EB:12:34:56,,,,,0.0,Normal,0.0
1744311979555402,10.42.0.2,10.42.0.1,50279,1883,0,0,1,0,0,0,0,0,0,0,0,0,0,0.0,0,,0,0,,0,0,0,0,0,0,0,0,0.0,0,0,0,0,0,64.0,5760.0,0,0,0,58,eth:ethertype:ip:tcp,33.6,94.9,52.2,160.0,-51.0,84:F3:EB:12:34:56,,,,,0.0,Normal,0.0
1744311979559477,10.42.0.2,10.42.0.1,50279,1883,1,1,0,1,0,0,0,0,0,0,0,0,0,0.0,0,,0,0,,0,0,0,0,0,0,0,0,0.0,0,0,0,0,0,64.0,5760.0,0,0,0,54,eth:ethertype:ip:tcp,33.6,94.9,52.2,160.0,-51.0,84:F3:EB:12:34:56,,,,,0.0,Normal,0.0
1744311979562474,10.42.0.2,10.42.0.1,50279,1883,1,1,0,1,0,0,1,0,3,0,0,0,0,0.0,0,,0,0,,0,0,0,0,0,0,0,0,0.0,0,0,0,0,0,64.0,5760.0,0,0,0,57,eth:ethertype:ip:tcp,33.6,94.9,52.2,160.0,-51.0,84:F3:EB:12:34:56,,,,,0.0,Normal,0.0
1744311979567778,10.42.0.2,10.42.0.1,50279,1883,4,1,0,1,0,0,1,0,41,0,0,0,0,0.0,0,,0,1,,0,0,0,1,42,4,MQTT,4,0.0,0,0,0,0,0,64.0,5760.0,0,0,esp32_a0a3b3edac1c,95,eth:ethertype:ip:tcp:mqtt,33.6,94.9,52.2,160.0,-51.0,84:F3:EB:12:34:56,,,,,0.0,Normal,0.0
1744311979603109,10.42.0.2,10.42.0.1,50279,1883,45,5,0,1,0,0,1,0,3,0,0,0,0,0.0,0,,0,0,,0,0,0,0,0,0,0,0,0.0,0,0,0,0,0,64.0,5756.0,0,0,0,57,eth:ethertype:ip:tcp,33.6,94.9,52.2,160.0,-51.0,84:F3:EB:12:34:56,,,,,0.0,Normal,0.0
1744311979615589,10.42.0.2,10.42.0.1,50279,1883,48,5,0,1,1,0,1,0,185,0,0,0,0,0.0,0,,0,3,"Wakeup: 0, Mode: 0, Reset: 1, Temperature: 37.0, Uptime: 636239, Memory: 94.9, In_Temperature: 52.2°C, CPU: 160, RSSI: -49, MAC: 84:F3:EB:12:34:56, F_Storage: 99.2",test/temperatura,16,0,0,182,0,0,0,0.0,0,0,0,0,0,64.0,5756.0,0,0,0,239,eth:ethertype:ip:tcp:mqtt,37.0,94.9,52.2,160.0,-49.0,84:F3:EB:12:34:56,,,,,0.0,Normal,0.0
1744311979618798,10.42.0.2,10.42.0.1,50279,1883,234,6,0,1,0,0,0,0,0,0,0,0,0,0.0,0,,0,0,,0,0,0,0,0,0,0,0,0.0,0,0,0,0,0,64.0,5755.0,0,0,0,54,eth:ethertype:ip:tcp,37.0,94.9,52.2,160.0,-49.0,84:F3:EB:12:34:56,,,,,0.0,Normal,0.0
1744312009625291,10.42.0.2,10.42.0.1,50280,1883,0,0,1,0,0,0,0,0,0,0,0,0,0,0.0,0,,0,0,,0,0,0,0,0,0,0,0,0.0,0,0,0,0,0,64.0,5760.0,0,0,0,58,eth:ethertype:ip:tcp,37.0,94.9,52.2,160.0,-49.0,84:F3:EB:12:34:56,,,,,0.0,Normal,0.0
1744312009629144,10.42.0.2,10.42.0.1,50280,1883,1,1,0,1,0,0,0,0,0,0,0,0,0,0.0,0,,0,0,,0,0,0,0,0,0,0,0,0.0,0,0,0,0,0,64.0,5760.0,0,0,0,54,eth:ethertype:ip:tcp,37.0,94.9,52.2,160.0,-49.0,84:F3:EB:12:34:56,,,,,0.0,Normal,0.0
1744312009631289,10.42.0.2,10.42.0.1,50280,1883,1,1,0,1,0,0,1,0,3,0,0,0,0,0.0,0,,0,0,,0,0,0,0,0,0,0,0,0.0,0,0,0,0,0,64.0,5760.0,0,0,0,57,eth:ethertype:ip:tcp,37.0,94.9,52.2,160.0,-49.0,84:F3:EB:12:34:56,,,,,0.0,Normal,0.0
1744312009634755,10.42.0.2,10.42.0.1,50280,1883,4,1,0,1,0,0,1,0,29,0,0,0,0,0.0,0,,0,0,,0,0,0,0,0,0,0,0,0.0,0,0,0,0,0,64.0,5760.0,0,0,0,83,eth:ethertype:ip:tcp,37.0,94.9,52.2,160.0,-49.0,84:F3:EB:12:34:56,,,,,0.0,Normal,0.0
1744312009637894,10.42.0.2,10.42.0.1,50280,1883,33,1,0,1,0,0,1,0,12,0,0,0,0,0.0,0,,0,1,,0,0,0,1,42,4,MQTT,4,0.0,0,0,0,0,0,64.0,5760.0,0,0,esp32_a0a3b3edac1c,66,eth:ethertype:ip:tcp:mqtt,37.0,94.9,52.2,160.0,-49.0,84:F3:EB:12:34:56,,,,,0.0,Normal,0.0
1744312009674299,10.42.0.2,10.42.0.1,50280,1883,45,5,0,1,0,0,1,0,3,0,0,0,0,0.0,0,,0,0,,0,0,0,0,0,0,0,0,0.0,0,0,0,0,0,64.0,5756.0,0,0,0,57,eth:ethertype:ip:tcp,37.0,94.9,52.2,160.0,-49.0,84:F3:EB:12:34:56,,,,,0.0,Normal,0.0
1744312009685005,10.42.0.2,10.42.0.1,50280,1883,48,5,0,1,1,0,1,0,185,0,0,0,0,0.0,0,,0,3,"Wakeup: 0, Mode: 0, Reset: 1, Temperature: 40.1, Uptime: 636269, Memory: 94.9, In_Temperature: 52.2°C, CPU: 160, RSSI: -51, MAC: 84:F3:EB:12:34:56, F_Storage: 99.2",test/temperatura,16,0,0,182,0,0,0,0.0,0,0,0,0,0,64.0,5756.0,0,0,0,239,eth:ethertype:ip:tcp:mqtt,40.1,94.9,52.2,160.0,-51.0,84:F3:EB:12:34:56,,,,,0.0,Normal,0.0
1744312009688592,10.42.0.2,10.42.0.1,50280,1883,234,6,0,1,0,0,0,0,0,0,0,0,0,0.0,0,,0,0,,0,0,0,0,0,0,0,0,0.0,0,0,0,0,0,64.0,5755.0,0,0,0,54,eth:ethertype:ip:tcp,40.1,94.9,52.2,160.0,-51.0,84:F3:EB:12:34:56,,,,,0.0,Normal,0.0
1744312039694067,10.42.0.2,10.42.0.1,50281,1883,0,0,1,0,0,0,0,0,0,0,0,0,0,0.0,0,,0,0,,0,0,0,0,0,0,0,0,0.0,0,0,0,0,0,64.0,5760.0,0,0,0,58,eth:ethertype:ip:tcp,40.1,94.9,52.2,160.0,-51.0,84:F3:EB:12:34:56,,,,,0.0,Normal,0.0
1744312039698105,10.42.0.2,10.42.0.1,50281,1883,1,1,0,1,0,0,0,0,0,0,0,0,0,0.0,0,,0,0,,0,0,0,0,0,0,0,0,0.0,0,0,0,0,0,64.0,5760.0,0,0,0,54,eth:ethertype:ip:tcp,40.1,94.9,52.2,160.0,-51.0,84:F3:EB:12:34:56,,,,,0.0,Normal,0.0
1744312039700190,10.42.0.2,10.42.0.1,50281,1883,1,1,0,1,0,0,1,0,3,0,0,0,0,0.0,0,,0,0,,0,0,0,0,0,0,0,0,0.0,0,0,0,0,0,64.0,5760.0,0,0,0,57,eth:ethertype:ip:tcp,40.1,94.9,52.2,160.0,-51.0,84:F3:EB:12:34:56,,,,,0.0,Normal,0.0
1744312039703531,10.42.0.2,10.42.0.1,50281,1883,4,1,0,1,0,0,1,0,29,0,0,0,0,0.0,0,,0,0,,0,0,0,0,0,0,0,0,0.0,0,0,0,0,0,64.0,5760.0,0,0,0,83,eth:ethertype:ip:tcp,40.1,94.9,52.2,160.0,-51.0,84:F3:EB:12:34:56,,,,,0.0,Normal,0.0
1744312039706590,10.42.0.2,10.42.0.1,50281,1883,33,1,0,1,0,0,1,0,12,0,0,0,0,0.0,0,,0,1,,0,0,0,1,42,4,MQTT,4,0.0,0,0,0,0,0,64.0,5760.0,0,0,esp32_a0a3b3edac1c,66,eth:ethertype:ip:tcp:mqtt,40.1,94.9,52.2,160.0,-51.0,84:F3:EB:12:34:56,,,,,0.0,Normal,0.0
1744312039742032,10.42.0.2,10.42.0.1,50281,1883,45,5,0,1,0,0,1,0,3,0,0,0,0,0.0,0,,0,0,,0,0,0,0,0,0,0,0,0.0,0,0,0,0,0,64.0,5756.0,0,0,0,57,eth:ethertype:ip:tcp,40.1,94.9,52.2,160.0,-51.0,84:F3:EB:12:34:56,,,,,0.0,Normal,0.0
1744312039754273,10.42.0.2,10.42.0.1,50281,1883,48,5,0,1,1,0,1,0,185,0,0,0,0,0.0,0,,0,3,"Wakeup: 0, Mode: 0, Reset: 1, Temperature: 29.6, Uptime: 636299, Memory: 94.9, In_Temperature: 52.2°C, CPU: 160, RSSI: -51, MAC: 84:F3:EB:12:34:56, F_Storage: 99.2",test/temperatura,16,0,0,182,0,0,0,0.0,0,0,0,0,0,64.0,5756.0,0,0,0,239,eth:ethertype:ip:tcp:mqtt,29.6,94.9,52.2,160.0,-51.0,84:F3:EB:12:34:56,,,,,0.0,Normal,0.0
1744312039757673,10.42.0.2,10.42.0.1,50281,1883,234,6,0,1,0,0,0,0,0,0,0,0,0,0.0,0,,0,0,,0,0,0,0,0,0,0,0,0.0,0,0,0,0,0,64.0,5755.0,0,0,0,54,eth:ethertype:ip:tcp,29.6,94.9,52.2,160.0,-51.0,84:F3:EB:12:34:56,,,,,0.0,Normal,0.0
1744312069762549,10.42.0.2,10.42.0.1,50282,1883,0,0,1,0,0,0,0,0,0,0,0,0,0,0.0,0,,0,0,,0,0,0,0,0,0,0,0,0.0,0,0,0,0,0,64.0,5760.0,0,0,0,58,eth:ethertype:ip:tcp,29.6,94.9,52.2,160.0,-51.0,84:F3:EB:12:34:56,,,,,0.0,Normal,0.0
1744312069766175,10.42.0.2,10.42.0.1,50282,1883,1,1,0,1,0,0,0,0,0,0,0,0,0,0.0,0,,0,0,,0,0,0,0,0,0,0,0,0.0,0,0,0,0,0,64.0,5760.0,0,0,0,54,eth:ethertype:ip:tcp,29.6,94.9,52.2,160.0,-51.0,84:F3:EB:12:34:56,,,,,0.0,Normal,0.0
1744312069768332,10.42.0.2,10.42.0.1,50282,1883,1,1,0,1,0,0,1,0,3,0,0,0,0,0.0,0,,0,0,,0,0,0,0,0,0,0,0,0.0,0,0,0,0,0,64.0,5760.0,0,0,0,57,eth:ethertype:ip:tcp,29.6,94.9,52.2,160.0,-51.0,84:F3:EB:12:34:56,,,,,0.0,Normal,0.0
1744312069772028,10.42.0.2,10.42.0.1,50282,1883,4,1,0,1,0,0,1,0,29,0,0,0,0,0.0,0,,0,0,,0,0,0,0,0,0,0,0,0.0,0,0,0,0,0,64.0,5760.0,0,0,0,83,eth:ethertype:ip:tcp,29.6,94.9,52.2,160.0,-51.0,84:F3:EB:12:34:56,,,,,0.0,Normal,0.0
1744312069777021,10.42.0.2,10.42.0.1,50282,1883,33,1,0,1,0,0,1,0,12,0,0,0,0,0.0,0,,0,1,,0,0,0,1,42,4,MQTT,4,0.0,0,0,0,0,0,64.0,5760.0,0,0,esp32_a0a3b3edac1c,66,eth:ethertype:ip:tcp:mqtt,29.6,94.9,52.2,160.0,-51.0,84:F3:EB:12:34:56,,,,,0.0,Normal,0.0
1744312069814060,10.42.0.2,10.42.0.1,50282,1883,45,5,0,1,0,0,1,0,3,0,0,0,0,0.0,0,,0,0,,0,0,0,0,0,0,0,0,0.0,0,0,0,0,0,64.0,5756.0,0,0,0,57,eth:ethertype:ip:tcp,29.6,94.9,52.2,160.0,-51.0,84:F3:EB:12:34:56,,,,,0.0,Normal,0.0
1744312069823720,10.42.0.2,10.42.0.1,50282,1883,48,5,0,1,1,0,1,0,185,0,0,0,0,0.0,0,,0,3,"Wakeup: 0, Mode: 0, Reset: 1, Temperature: 26.9, Uptime: 636329, Memory: 94.9, In_Temperature: 52.2°C, CPU: 160, RSSI: -51, MAC: 84:F3:EB:12:34:56, F_Storage: 99.2",test/temperatura,16,0,0,182,0,0,0,0.0,0,0,0,0,0,64.0,5756.0,0,0,0,239,eth:ethertype:ip:tcp:mqtt,26.9,94.9,52.2,160.0,-51.0,84:F3:EB:12:34:56,,,,,0.0,Normal,0.0
1744312069827028,10.42.0.2,10.42.0.1,50282,1883,234,6,0,1,0,0,0,0,0,0,0,0,0,0.0,0,,0,0,,0,0,0,0,0,0,0,0,0.0,0,0,0,0,0,64.0,5755.0,0,0,0,54,eth:ethertype:ip:tcp,26.9,94.9,52.2,160.0,-51.0,84:F3:EB:12:34:56,,,,,0.0,Normal,0.0
1744312099832673,10.42.0.2,10.42.0.1,50283,1883,0,0,1,0,0,0,0,0,0,0,0,0,0,0.0,0,,0,0,,0,0,0,0,0,0,0,0,0.0,0,0,0,0,0,64.0,5760.0,0,0,0,58,eth:ethertype:ip:tcp,26.9,94.9,52.2,160.0,-51.0,84:F3:EB:12:34:56,,,,,0.0,Normal,0.0
1744312099836753,10.42.0.2,10.42.0.1,50283,1883,1,1,0,1,0,0,0,0,0,0,0,0,0,0.0,0,,0,0,,0,0,0,0,0,0,0,0,0.0,0,0,0,0,0,64.0,5760.0,0,0,0,54,eth:ethertype:ip:tcp,26.9,94.9,52.2,160.0,-51.0,84:F3:EB:12:34:56,,,,,0.0,Normal,0.0
1744312099840518,10.42.0.2,10.42.0.1,50283,1883,1,1,0,1,0,0,1,0,3,0,0,0,0,0.0,0,,0,0,,0,0,0,0,0,0,0,0,0.0,0,0,0,0,0,64.0,5760.0,0,0,0,57,eth:ethertype:ip:tcp,26.9,94.9,52.2,160.0,-51.0,84:F3:EB:12:34:56,,,,,0.0,Normal,0.0
1744312099843864,10.42.0.2,10.42.0.1,50283,1883,4,1,0,1,0,0,1,0,41,0,0,0,0,0.0,0,,0,1,,0,0,0,1,42,4,MQTT,4,0.0,0,0,0,0,0,64.0,5760.0,0,0,esp32_a0a3b3edac1c,95,eth:ethertype:ip:tcp:mqtt,26.9,94.9,52.2,160.0,-51.0,84:F3:EB:12:34:56,,,,,0.0,Normal,0.0
1744312099879324,10.42.0.2,10.42.0.1,50283,1883,45,5,0,1,0,0,1,0,3,0,0,0,0,0.0,0,,0,0,,0,0,0,0,0,0,0,0,0.0,0,0,0,0,0,64.0,5756.0,0,0,0,57,eth:ethertype:ip:tcp,26.9,94.9,52.2,160.0,-51.0,84:F3:EB:12:34:56,,,,,0.0,Normal,0.0
1744312099893793,10.42.0.2,10.42.0.1,50283,1883,48,5,0,1,1,0,1,0,185,0,0,0,0,0.0,0,,0,3,"Wakeup: 0, Mode: 0, Reset: 1, Temperature: 35.7, Uptime: 636359, Memory: 94.9, In_Temperature: 52.2°C, CPU: 160, RSSI: -50, MAC: 84:F3:EB:12:34:56, F_Storage: 99.2",test/temperatura,16,0,0,182,0,0,0,0.0,0,0,0,0,0,64.0,5756.0,0,0,0,239,eth:ethertype:ip:tcp:mqtt,35.7,94.9,52.2,160.0,-50.0,84:F3:EB:12:34:56,,,,,0.0,Normal,0.0
1744312099897237,10.42.0.2,10.42.0.1,50283,1883,234,6,0,1,0,0,0,0,0,0,0,0,0,0.0,0,,0,0,,0,0,0,0,0,0,0,0,0.0,0,0,0,0,0,64.0,5755.0,0,0,0,54,eth:ethertype:ip:tcp,35.7,94.9,52.2,160.0,-50.0,84:F3:EB:12:34:56,,,,,0.0,Normal,0.0
1744312129902291,10.42.0.2,10.42.0.1,50284,1883,0,0,1,0,0,0,0,0,0,0,0,0,0,0.0,0,,0,0,,0,0,0,0,0,0,0,0,0.0,0,0,0,0,0,64.0,5760.0,0,0,0,58,eth:ethertype:ip:tcp,35.7,94.9,52.2,160.0,-50.0,84:F3:EB:12:34:56,,,,,0.0,Normal,0.0
1744312129906191,10.42.0.2,10.42.0.1,50284,1883,1,1,0,1,0,0,0,0,0,0,0,0,0,0.0,0,,0,0,,0,0,0,0,0,0,0,0,0.0,0,0,0,0,0,64.0,5760.0,0,0,0,54,eth:ethertype:ip:tcp,35.7,94.9,52.2,160.0,-50.0,84:F3:EB:12:34:56,,,,,0.0,Normal,0.0
1744312129908343,10.42.0.2,10.42.0.1,50284,1883,1,1,0,1,0,0,1,0,3,0,0,0,0,0.0,0,,0,0,,0,0,0,0,0,0,0,0,0.0,0,0,0,0,0,64.0,5760.0,0,0,0,57,eth:ethertype:ip:tcp,35.7,94.9,52.2,160.0,-50.0,84:F3:EB:12:34:56,,,,,0.0,Normal,0.0
1744312129911741,10.42.0.2,10.42.0.1,50284,1883,4,1,0,1,0,0,1,0,29,0,0,0,0,0.0,0,,0,0,,0,0,0,0,0,0,0,0,0.0,0,0,0,0,0,64.0,5760.0,0,0,0,83,eth:ethertype:ip:tcp,35.7,94.9,52.2,160.0,-50.0,84:F3:EB:12:34:56,,,,,0.0,Normal,0.0
1744312129914888,10.42.0.2,10.42.0.1,50284,1883,33,1,0,1,0,0,1,0,12,0,0,0,0,0.0,0,,0,1,,0,0,0,1,42,4,MQTT,4,0.0,0,0,0,0,0,64.0,5760.0,0,0,esp32_a0a3b3edac1c,66,eth:ethertype:ip:tcp:mqtt,35.7,94.9,52.2,160.0,-50.0,84:F3:EB:12:34:56,,,,,0.0,Normal,0.0
1744312129933048,10.42.0.2,10.42.0.1,50284,1883,45,5,0,1,0,0,0,0,0,0,0,0,0,0.0,0,,0,0,,0,0,0,0,0,0,0,0,0.0,0,0,0,0,0,64.0,5756.0,0,0,0,54,eth:ethertype:ip:tcp,35.7,94.9,52.2,160.0,-50.0,84:F3:EB:12:34:56,,,,,0.0,Normal,0.0
1744312129951838,10.42.0.2,10.42.0.1,50284,1883,45,5,0,1,0,0,1,0,3,0,0,0,0,0.0,0,,0,0,,0,0,0,0,0,0,0,0,0.0,0,0,0,0,0,64.0,5756.0,0,0,0,57,eth:ethertype:ip:tcp,35.7,94.9,52.2,160.0,-50.0,84:F3:EB:12:34:56,,,,,0.0,Normal,0.0
1744312129962370,10.42.0.2,10.42.0.1,50284,1883,48,5,0,1,1,0,1,0,185,0,0,0,0,0.0,0,,0,3,"Wakeup: 0, Mode: 0, Reset: 1, Temperature: 29.5, Uptime: 636389, Memory: 94.9, In_Temperature: 52.2°C, CPU: 160, RSSI: -51, MAC: 84:F3:EB:12:34:56, F_Storage: 99.2",test/temperatura,16,0,0,182,0,0,0,0.0,0,0,0,0,0,64.0,5756.0,0,0,0,239,eth:ethertype:ip:tcp:mqtt,29.5,94.9,52.2,160.0,-51.0,84:F3:EB:12:34:56,,,,,0.0,Normal,0.0
1744312129965849,10.42.0.2,10.42.0.1,50284,1883,234,6,0,1,0,0,0,0,0,0,0,0,0,0.0,0,,0,0,,0,0,0,0,0,0,0,0,0.0,0,0,0,0,0,64.0,5755.0,0,0,0,54,eth:ethertype:ip:tcp,29.5,94.9,52.2,160.0,-51.0,84:F3:EB:12:34:56,,,,,0.0,Normal,0.0
1744312159970585,10.42.0.2,10.42.0.1,50285,1883,0,0,1,0,0,0,0,0,0,0,0,0,0,0.0,0,,0,0,,0,0,0,0,0,0,0,0,0.0,0,0,0,0,0,64.0,5760.0,0,0,0,58,eth:ethertype:ip:tcp,29.5,94.9,52.2,160.0,-51.0,84:F3:EB:12:34:56,,,,,0.0,Normal,0.0
1744312159974547,10.42.0.2,10.42.0.1,50285,1883,1,1,0,1,0,0,0,0,0,0,0,0,0,0.0,0,,0,0,,0,0,0,0,0,0,0,0,0.0,0,0,0,0,0,64.0,5760.0,0,0,0,54,eth:ethertype:ip:tcp,29.5,94.9,52.2,160.0,-51.0,84:F3:EB:12:34:56,,,,,0.0,Normal,0.0
1744312159976820,10.42.0.2,10.42.0.1,50285,1883,1,1,0,1,0,0,1,0,3,0,0,0,0,0.0,0,,0,0,,0,0,0,0,0,0,0,0,0.0,0,0,0,0,0,64.0,5760.0,0,0,0,57,eth:ethertype:ip:tcp,29.5,94.9,52.2,160.0,-51.0,84:F3:EB:12:34:56,,,,,0.0,Normal,0.0
1744312159980370,10.42.0.2,10.42.0.1,50285,1883,4,1,0,1,0,0,1,0,29,0,0,0,0,0.0,0,,0,0,,0,0,0,0,0,0,0,0,0.0,0,0,0,0,0,64.0,5760.0,0,0,0,83,eth:ethertype:ip:tcp,29.5,94.9,52.2,160.0,-51.0,84:F3:EB:12:34:56,,,,,0.0,Normal,0.0
1744312159983518,10.42.0.2,10.42.0.1,50285,1883,33,1,0,1,0,0,1,0,12,0,0,0,0,0.0,0,,0,1,,0,0,0,1,42,4,MQTT,4,0.0,0,0,0,0,0,64.0,5760.0,0,0,esp32_a0a3b3edac1c,66,eth:ethertype:ip:tcp:mqtt,29.5,94.9,52.2,160.0,-51.0,84:F3:EB:12:34:56,,,,,0.0,Normal,0.0
1744312160021141,10.42.0.2,10.42.0.1,50285,1883,45,5,0,1,0,0,1,0,3,0,0,0,0,0.0,0,,0,0,,0,0,0,0,0,0,0,0,0.0,0,0,0,0,0,64.0,5756.0,0,0,0,57,eth:ethertype:ip:tcp,29.5,94.9,52.2,160.0,-51.0,84:F3:EB:12:34:56,,,,,0.0,Normal,0.0
1744312160031648,10.42.0.2,10.42.0.1,50285,1883,48,5,0,1,1,0,1,0,185,0,0,0,0,0.0,0,,0,3,"Wakeup: 0, Mode: 0, Reset: 1, Temperature: 31.5, Uptime: 636419, Memory: 94.9, In_Temperature: 52.2°C, CPU: 160, RSSI: -51, MAC: 84:F3:EB:12:34:56, F_Storage: 99.2",test/temperatura,16,0,0,182,0,0,0,0.0,0,0,0,0,0,64.0,5756.0,0,0,0,239,eth:ethertype:ip:tcp:mqtt,31.5,94.9,52.2,160.0,-51.0,84:F3:EB:12:34:56,,,,,0.0,Normal,0.0
1744312160035319,10.42.0.2,10.42.0.1,50285,1883,234,6,0,1,0,0,0,0,0,0,0,0,0,0.0,0,,0,0,,0,0,0,0,0,0,0,0,0.0,0,0,0,0,0,64.0,5755.0,0,0,0,54,eth:ethertype:ip:tcp,31.5,94.9,52.2,160.0,-51.0,84:F3:EB:12:34:56,,,,,0.0,Normal,0.0
1744312190040734,10.42.0.2,10.42.0.1,50286,1883,0,0,1,0,0,0,0,0,0,0,0,0,0,0.0,0,,0,0,,0,0,0,0,0,0,0,0,0.0,0,0,0,0,0,64.0,5760.0,0,0,0,58,eth:ethertype:ip:tcp,31.5,94.9,52.2,160.0,-51.0,84:F3:EB:12:34:56,,,,,0.0,Normal,0.0
1744312190044745,10.42.0.2,10.42.0.1,50286,1883,1,1,0,1,0,0,0,0,0,0,0,0,0,0.0,0,,0,0,,0,0,0,0,0,0,0,0,0.0,0,0,0,0,0,64.0,5760.0,0,0,0,54,eth:ethertype:ip:tcp,31.5,94.9,52.2,160.0,-51.0,84:F3:EB:12:34:56,,,,,0.0,Normal,0.0
1744312190046755,10.42.0.2,10.42.0.1,50286,1883,1,1,0,1,0,0,1,0,3,0,0,0,0,0.0,0,,0,0,,0,0,0,0,0,0,0,0,0.0,0,0,0,0,0,64.0,5760.0,0,0,0,57,eth:ethertype:ip:tcp,31.5,94.9,52.2,160.0,-51.0,84:F3:EB:12:34:56,,,,,0.0,Normal,0.0
1744312190050175,10.42.0.2,10.42.0.1,50286,1883,4,1,0,1,0,0,1,0,29,0,0,0,0,0.0,0,,0,0,,0,0,0,0,0,0,0,0,0.0,0,0,0,0,0,64.0,5760.0,0,0,0,83,eth:ethertype:ip:tcp,31.5,94.9,52.2,160.0,-51.0,84:F3:EB:12:34:56,,,,,0.0,Normal,0.0
1744312190053195,10.42.0.2,10.42.0.1,50286,1883,33,1,0,1,0,0,1,0,12,0,0,0,0,0.0,0,,0,1,,0,0,0,1,42,4,MQTT,4,0.0,0,0,0,0,0,64.0,5760.0,0,0,esp32_a0a3b3edac1c,66,eth:ethertype:ip:tcp:mqtt,31.5,94.9,52.2,160.0,-51.0,84:F3:EB:12:34:56,,,,,0.0,Normal,0.0
1744312190090717,10.42.0.2,10.42.0.1,50286,1883,45,5,0,1,0,0,1,0,3,0,0,0,0,0.0,0,,0,0,,0,0,0,0,0,0,0,0,0.0,0,0,0,0,0,64.0,5756.0,0,0,0,57,eth:ethertype:ip:tcp,31.5,94.9,52.2,160.0,-51.0,84:F3:EB:12:34:56,,,,,0.0,Normal,0.0
1744312190101981,10.42.0.2,10.42.0.1,50286,1883,48,5,0,1,1,0,1,0,185,0,0,0,0,0.0,0,,0,3,"Wakeup: 0, Mode: 0, Reset: 1, Temperature: 31.4, Uptime: 636449, Memory: 94.9, In_Temperature: 52.2°C, CPU: 160, RSSI: -51, MAC: 84:F3:EB:12:34:56, F_Storage: 99.2",test/temperatura,16,0,0,182,0,0,0,0.0,0,0,0,0,0,64.0,5756.0,0,0,0,239,eth:ethertype:ip:tcp:mqtt,31.4,94.9,52.2,160.0,-51.0,84:F3:EB:12:34:56,,,,,0.0,Normal,0.0
1744312190105596,10.42.0.2,10.42.0.1,50286,1883,234,6,0,1,0,0,0,0,0,0,0,0,0,0.0,0,,0,0,,0,0,0,0,0,0,0,0,0.0,0,0,0,0,0,64.0,5755.0,0,0,0,54,eth:ethertype:ip:tcp,31.4,94.9,52.2,160.0,-51.0,84:F3:EB:12:34:56,,,,,0.0,Normal,0.0
1744312220110217,10.42.0.2,10.42.0.1,50287,1883,0,0,1,0,0,0,0,0,0,0,0,0,0,0.0,0,,0,0,,0,0,0,0,0,0,0,0,0.0,0,0,0,0,0,64.0,5760.0,0,0,0,58,eth:ethertype:ip:tcp,31.4,94.9,52.2,160.0,-51.0,84:F3:EB:12:34:56,,,,,0.0,Normal,0.0
1744312220114203,10.42.0.2,10.42.0.1,50287,1883,1,1,0,1,0,0,0,0,0,0,0,0,0,0.0,0,,0,0,,0,0,0,0,0,0,0,0,0.0,0,0,0,0,0,64.0,5760.0,0,0,0,54,eth:ethertype:ip:tcp,31.4,94.9,52.2,160.0,-51.0,84:F3:EB:12:34:56,,,,,0.0,Normal,0.0
1744312220116306,10.42.0.2,10.42.0.1,50287,1883,1,1,0,1,0,0,1,0,3,0,0,0,0,0.0,0,,0,0,,0,0,0,0,0,0,0,0,0.0,0,0,0,0,0,64.0,5760.0,0,0,0,57,eth:ethertype:ip:tcp,31.4,94.9,52.2,160.0,-51.0,84:F3:EB:12:34:56,,,,,0.0,Normal,0.0
1744312220119642,10.42.0.2,10.42.0.1,50287,1883,4,1,0,1,0,0,1,0,29,0,0,0,0,0.0,0,,0,0,,0,0,0,0,0,0,0,0,0.0,0,0,0,0,0,64.0,5760.0,0,0,0,83,eth:ethertype:ip:tcp,31.4,94.9,52.2,160.0,-51.0,84:F3:EB:12:34:56,,,,,0.0,Normal,0.0
1744312220122886,10.42.0.2,10.42.0.1,50287,1883,33,1,0,1,0,0,1,0,12,0,0,0,0,0.0,0,,0,1,,0,0,0,1,42,4,MQTT,4,0.0,0,0,0,0,0,64.0,5760.0,0,0,esp32_a0a3b3edac1c,66,eth:ethertype:ip:tcp:mqtt,31.4,94.9,52.2,160.0,-51.0,84:F3:EB:12:34:56,,,,,0.0,Normal,0.0
1744312220158282,10.42.0.2,10.42.0.1,50287,1883,45,5,0,1,0,0,1,0,3,0,0,0,0,0.0,0,,0,0,,0,0,0,0,0,0,0,0,0.0,0,0,0,0,0,64.0,5756.0,0,0,0,57,eth:ethertype:ip:tcp,31.4,94.9,52.2,160.0,-51.0,84:F3:EB:12:34:56,,,,,0.0,Normal,0.0
1744312220170921,10.42.0.2,10.42.0.1,50287,1883,48,5,0,1,1,0,1,0,185,0,0,0,0,0.0,0,,0,3,"Wakeup: 0, Mode: 0, Reset: 1, Temperature: 27.4, Uptime: 636479, Memory: 94.9, In_Temperature: 52.2°C, CPU: 160, RSSI: -50, MAC: 84:F3:EB:12:34:56, F_Storage: 99.2",test/temperatura,16,0,0,182,0,0,0,0.0,0,0,0,0,0,64.0,5756.0,0,0,0,239,eth:ethertype:ip:tcp:mqtt,27.4,94.9,52.2,160.0,-50.0,84:F3:EB:12:34:56,,,,,0.0,Normal,0.0
1744312220174419,10.42.0.2,10.42.0.1,50287,1883,234,6,0,1,0,0,0,0,0,0,0,0,0,0.0,0,,0,0,,0,0,0,0,0,0,0,0,0.0,0,0,0,0,0,64.0,5755.0,0,0,0,54,eth:ethertype:ip:tcp,27.4,94.9,52.2,160.0,-50.0,84:F3:EB:12:34:56,,,,,0.0,Normal,0.0
1744312250179592,10.42.0.2,10.42.0.1,50288,1883,0,0,1,0,0,0,0,0,0,0,0,0,0,0.0,0,,0,0,,0,0,0,0,0,0,0,0,0.0,0,0,0,0,0,64.0,5760.0,0,0,0,58,eth:ethertype:ip:tcp,27.4,94.9,52.2,160.0,-50.0,84:F3:EB:12:34:56,,,,,0.0,Normal,0.0
1744312250183645,10.42.0.2,10.42.0.1,50288,1883,1,1,0,1,0,0,0,0,0,0,0,0,0,0.0,0,,0,0,,0,0,0,0,0,0,0,0,0.0,0,0,0,0,0,64.0,5760.0,0,0,0,54,eth:ethertype:ip:tcp,27.4,94.9,52.2,160.0,-50.0,84:F3:EB:12:34:56,,,,,0.0,Normal,0.0
1744312250185744,10.42.0.2,10.42.0.1,50288,1883,1,1,0,1,0,0,1,0,3,0,0,0,0,0.0,0,,0,0,,0,0,0,0,0,0,0,0,0.0,0,0,0,0,0,64.0,5760.0,0,0,0,57,eth:ethertype:ip:tcp,27.4,94.9,52.2,160.0,-50.0,84:F3:EB:12:34:56,,,,,0.0,Normal,0.0
1744312250189149,10.42.0.2,10.42.0.1,50288,1883,4,1,0,1,0,0,1,0,29,0,0,0,0,0.0,0,,0,0,,0,0,0,0,0,0,0,0,0.0,0,0,0,0,0,64.0,5760.0,0,0,0,83,eth:ethertype:ip:tcp,27.4,94.9,52.2,160.0,-50.0,84:F3:EB:12:34:56,,,,,0.0,Normal,0.0
1744312250192775,10.42.0.2,10.42.0.1,50288,1883,33,1,0,1,0,0,1,0,12,0,0,0,0,0.0,0,,0,1,,0,0,0,1,42,4,MQTT,4,0.0,0,0,0,0,0,64.0,5760.0,0,0,esp32_a0a3b3edac1c,66,eth:ethertype:ip:tcp:mqtt,27.4,94.9,52.2,160.0,-50.0,84:F3:EB:12:34:56,,,,,0.0,Normal,0.0
1744312250228574,10.42.0.2,10.42.0.1,50288,1883,45,5,0,1,0,0,1,0,3,0,0,0,0,0.0,0,,0,0,,0,0,0,0,0,0,0,0,0.0,0,0,0,0,0,64.0,5756.0,0,0,0,57,eth:ethertype:ip:tcp,27.4,94.9,52.2,160.0,-50.0,84:F3:EB:12:34:56,,,,,0.0,Normal,0.0
1744312250239854,10.42.0.2,10.42.0.1,50288,1883,48,5,0,1,1,0,1,0,185,0,0,0,0,0.0,0,,0,3,"Wakeup: 0, Mode: 0, Reset: 1, Temperature: 25.6, Uptime: 636509, Memory: 94.9, In_Temperature: 52.2°C, CPU: 160, RSSI: -51, MAC: 84:F3:EB:12:34:56, F_Storage: 99.2",test/temperatura,16,0,0,182,0,0,0,0.0,0,0,0,0,0,64.0,5756.0,0,0,0,239,eth:ethertype:ip:tcp:mqtt,25.6,94.9,52.2,160.0,-51.0,84:F3:EB:12:34:56,,,,,0.0,Normal,0.0
1744312250243363,10.42.0.2,10.42.0.1,50288,1883,234,6,0,1,0,0,0,0,0,0,0,0,0,0.0,0,,0,0,,0,0,0,0,0,0,0,0,0.0,0,0,0,0,0,64.0,5755.0,0,0,0,54,eth:ethertype:ip:tcp,25.6,94.9,52.2,160.0,-51.0,84:F3:EB:12:34:56,,,,,0.0,Normal,0.0
1744312280248637,10.42.0.2,10.42.0.1,50289,1883,0,0,1,0,0,0,0,0,0,0,0,0,0,0.0,0,,0,0,,0,0,0,0,0,0,0,0,0.0,0,0,0,0,0,64.0,5760.0,0,0,0,58,eth:ethertype:ip:tcp,25.6,94.9,52.2,160.0,-51.0,84:F3:EB:12:34:56,,,,,0.0,Normal,0.0
1744312280252612,10.42.0.2,10.42.0.1,50289,1883,1,1,0,1,0,0,0,0,0,0,0,0,0,0.0,0,,0,0,,0,0,0,0,0,0,0,0,0.0,0,0,0,0,0,64.0,5760.0,0,0,0,54,eth:ethertype:ip:tcp,25.6,94.9,52.2,160.0,-51.0,84:F3:EB:12:34:56,,,,,0.0,Normal,0.0
1744312280254727,10.42.0.2,10.42.0.1,50289,1883,1,1,0,1,0,0,1,0,3,0,0,0,0,0.0,0,,0,0,,0,0,0,0,0,0,0,0,0.0,0,0,0,0,0,64.0,5760.0,0,0,0,57,eth:ethertype:ip:tcp,25.6,94.9,52.2,160.0,-51.0,84:F3:EB:12:34:56,,,,,0.0,Normal,0.0
1744312280258277,10.42.0.2,10.42.0.1,50289,1883,4,1,0,1,0,0,1,0,29,0,0,0,0,0.0,0,,0,0,,0,0,0,0,0,0,0,0,0.0,0,0,0,0,0,64.0,5760.0,0,0,0,83,eth:ethertype:ip:tcp,25.6,94.9,52.2,160.0,-51.0,84:F3:EB:12:34:56,,,,,0.0,Normal,0.0
1744312280261426,10.42.0.2,10.42.0.1,50289,1883,33,1,0,1,0,0,1,0,12,0,0,0,0,0.0,0,,0,1,,0,0,0,1,42,4,MQTT,4,0.0,0,0,0,0,0,64.0,5760.0,0,0,esp32_a0a3b3edac1c,66,eth:ethertype:ip:tcp:mqtt,25.6,94.9,52.2,160.0,-51.0,84:F3:EB:12:34:56,,,,,0.0,Normal,0.0
1744312280296567,10.42.0.2,10.42.0.1,50289,1883,45,5,0,1,0,0,1,0,3,0,0,0,0,0.0,0,,0,0,,0,0,0,0,0,0,0,0,0.0,0,0,0,0,0,64.0,5756.0,0,0,0,57,eth:ethertype:ip:tcp,25.6,94.9,52.2,160.0,-51.0,84:F3:EB:12:34:56,,,,,0.0,Normal,0.0
1744312280308975,10.42.0.2,10.42.0.1,50289,1883,48,5,0,1,1,0,1,0,185,0,0,0,0,0.0,0,,0,3,"Wakeup: 0, Mode: 0, Reset: 1, Temperature: 27.9, Uptime: 636539, Memory: 94.9, In_Temperature: 52.2°C, CPU: 160, RSSI: -51, MAC: 84:F3:EB:12:34:56, F_Storage: 99.2",test/temperatura,16,0,0,182,0,0,0,0.0,0,0,0,0,0,64.0,5756.0,0,0,0,239,eth:ethertype:ip:tcp:mqtt,27.9,94.9,52.2,160.0,-51.0,84:F3:EB:12:34:56,,,,,0.0,Normal,0.0
1744312280315918,10.42.0.2,10.42.0.1,50289,1883,234,6,0,1,0,0,0,0,0,0,0,0,0,0.0,0,,0,0,,0,0,0,0,0,0,0,0,0.0,0,0,0,0,0,64.0,5755.0,0,0,0,54,eth:ethertype:ip:tcp,27.9,94.9,52.2,160.0,-51.0,84:F3:EB:12:34:56,,,,,0.0,Normal,0.0
1744312310318613,10.42.0.2,10.42.0.1,50290,1883,0,0,1,0,0,0,0,0,0,0,0,0,0,0.0,0,,0,0,,0,0,0,0,0,0,0,0,0.0,0,0,0,0,0,64.0,5760.0,0,0,0,58,eth:ethertype:ip:tcp,27.9,94.9,52.2,160.0,-51.0,84:F3:EB:12:34:56,,,,,0.0,Normal,0.0
1744312310322329,10.42.0.2,10.42.0.1,50290,1883,1,1,0,1,0,0,0,0,0,0,0,0,0,0.0,0,,0,0,,0,0,0,0,0,0,0,0,0.0,0,0,0,0,0,64.0,5760.0,0,0,0,54,eth:ethertype:ip:tcp,27.9,94.9,52.2,160.0,-51.0,84:F3:EB:12:34:56,,,,,0.0,Normal,0.0
1744312310324680,10.42.0.2,10.42.0.1,50290,1883,1,1,0,1,0,0,1,0,3,0,0,0,0,0.0,0,,0,0,,0,0,0,0,0,0,0,0,0.0,0,0,0,0,0,64.0,5760.0,0,0,0,57,eth:ethertype:ip:tcp,27.9,94.9,52.2,160.0,-51.0,84:F3:EB:12:34:56,,,,,0.0,Normal,0.0
1744312310328012,10.42.0.2,10.42.0.1,50290,1883,4,1,0,1,0,0,1,0,29,0,0,0,0,0.0,0,,0,0,,0,0,0,0,0,0,0,0,0.0,0,0,0,0,0,64.0,5760.0,0,0,0,83,eth:ethertype:ip:tcp,27.9,94.9,52.2,160.0,-51.0,84:F3:EB:12:34:56,,,,,0.0,Normal,0.0
1744312310330959,10.42.0.2,10.42.0.1,50290,1883,33,1,0,1,0,0,1,0,12,0,0,0,0,0.0,0,,0,1,,0,0,0,1,42,4,MQTT,4,0.0,0,0,0,0,0,64.0,5760.0,0,0,esp32_a0a3b3edac1c,66,eth:ethertype:ip:tcp:mqtt,27.9,94.9,52.2,160.0,-51.0,84:F3:EB:12:34:56,,,,,0.0,Normal,0.0
1744312310366739,10.42.0.2,10.42.0.1,50290,1883,45,5,0,1,0,0,1,0,3,0,0,0,0,0.0,0,,0,0,,0,0,0,0,0,0,0,0,0.0,0,0,0,0,0,64.0,5756.0,0,0,0,57,eth:ethertype:ip:tcp,27.9,94.9,52.2,160.0,-51.0,84:F3:EB:12:34:56,,,,,0.0,Normal,0.0
1744312310378368,10.42.0.2,10.42.0.1,50290,1883,48,5,0,1,1,0,1,0,185,0,0,0,0,0.0,0,,0,3,"Wakeup: 0, Mode: 0, Reset: 1, Temperature: 27.6, Uptime: 636569, Memory: 94.9, In_Temperature: 52.2°C, CPU: 160, RSSI: -50, MAC: 84:F3:EB:12:34:56, F_Storage: 99.2",test/temperatura,16,0,0,182,0,0,0,0.0,0,0,0,0,0,64.0,5756.0,0,0,0,239,eth:ethertype:ip:tcp:mqtt,27.6,94.9,52.2,160.0,-50.0,84:F3:EB:12:34:56,,,,,0.0,Normal,0.0
1744312310381901,10.42.0.2,10.42.0.1,50290,1883,234,6,0,1,0,0,0,0,0,0,0,0,0,0.0,0,,0,0,,0,0,0,0,0,0,0,0,0.0,0,0,0,0,0,64.0,5755.0,0,0,0,54,eth:ethertype:ip:tcp,27.6,94.9,52.2,160.0,-50.0,84:F3:EB:12:34:56,,,,,0.0,Normal,0.0
1744312340386473,10.42.0.2,10.42.0.1,50291,1883,0,0,1,0,0,0,0,0,0,0,0,0,0,0.0,0,,0,0,,0,0,0,0,0,0,0,0,0.0,0,0,0,0,0,64.0,5760.0,0,0,0,58,eth:ethertype:ip:tcp,27.6,94.9,52.2,160.0,-50.0,84:F3:EB:12:34:56,,,,,0.0,Normal,0.0
1744312340390337,10.42.0.2,10.42.0.1,50291,1883,1,1,0,1,0,0,0,0,0,0,0,0,0,0.0,0,,0,0,,0,0,0,0,0,0,0,0,0.0,0,0,0,0,0,64.0,5760.0,0,0,0,54,eth:ethertype:ip:tcp,27.6,94.9,52.2,160.0,-50.0,84:F3:EB:12:34:56,,,,,0.0,Normal,0.0
1744312340392642,10.42.0.2,10.42.0.1,50291,1883,1,1,0,1,0,0,1,0,3,0,0,0,0,0.0,0,,0,0,,0,0,0,0,0,0,0,0,0.0,0,0,0,0,0,64.0,5760.0,0,0,0,57,eth:ethertype:ip:tcp,27.6,94.9,52.2,160.0,-50.0,84:F3:EB:12:34:56,,,,,0.0,Normal,0.0
1744312340396110,10.42.0.2,10.42.0.1,50291,1883,4,1,0,1,0,0,1,0,29,0,0,0,0,0.0,0,,0,0,,0,0,0,0,0,0,0,0,0.0,0,0,0,0,0,64.0,5760.0,0,0,0,83,eth:ethertype:ip:tcp,27.6,94.9,52.2,160.0,-50.0,84:F3:EB:12:34:56,,,,,0.0,Normal,0.0
1744312340399096,10.42.0.2,10.42.0.1,50291,1883,33,1,0,1,0,0,1,0,12,0,0,0,0,0.0,0,,0,1,,0,0,0,1,42,4,MQTT,4,0.0,0,0,0,0,0,64.0,5760.0,0,0,esp32_a0a3b3edac1c,66,eth:ethertype:ip:tcp:mqtt,27.6,94.9,52.2,160.0,-50.0,84:F3:EB:12:34:56,,,,,0.0,Normal,0.0
1744312340428713,10.42.0.2,10.42.0.1,50291,1883,45,5,0,1,0,0,0,0,0,0,0,0,0,0.0,0,,0,0,,0,0,0,0,0,0,0,0,0.0,0,0,0,0,0,64.0,5756.0,0,0,0,54,eth:ethertype:ip:tcp,27.6,94.9,52.2,160.0,-50.0,84:F3:EB:12:34:56,,,,,0.0,Normal,0.0
1744312340436706,10.42.0.2,10.42.0.1,50291,1883,45,5,0,1,0,0,1,0,3,0,0,0,0,0.0,0,,0,0,,0,0,0,0,0,0,0,0,0.0,0,0,0,0,0,64.0,5756.0,0,0,0,57,eth:ethertype:ip:tcp,27.6,94.9,52.2,160.0,-50.0,84:F3:EB:12:34:56,,,,,0.0,Normal,0.0
1744312340447670,10.42.0.2,10.42.0.1,50291,1883,48,5,0,1,1,0,1,0,185,0,0,0,0,0.0,0,,0,3,"Wakeup: 0, Mode: 0, Reset: 1, Temperature: 26.3, Uptime: 636599, Memory: 94.9, In_Temperature: 52.2°C, CPU: 160, RSSI: -50, MAC: 84:F3:EB:12:34:56, F_Storage: 99.2",test/temperatura,16,0,0,182,0,0,0,0.0,0,0,0,0,0,64.0,5756.0,0,0,0,239,eth:ethertype:ip:tcp:mqtt,26.3,94.9,52.2,160.0,-50.0,84:F3:EB:12:34:56,,,,,0.0,Normal,0.0
1744312340451126,10.42.0.2,10.42.0.1,50291,1883,234,6,0,1,0,0,0,0,0,0,0,0,0,0.0,0,,0,0,,0,0,0,0,0,0,0,0,0.0,0,0,0,0,0,64.0,5755.0,0,0,0,54,eth:ethertype:ip:tcp,26.3,94.9,52.2,160.0,-50.0,84:F3:EB:12:34:56,,,,,0.0,Normal,0.0
1744312370456735,10.42.0.2,10.42.0.1,50292,1883,0,0,1,0,0,0,0,0,0,0,0,0,0,0.0,0,,0,0,,0,0,0,0,0,0,0,0,0.0,0,0,0,0,0,64.0,5760.0,0,0,0,58,eth:ethertype:ip:tcp,26.3,94.9,52.2,160.0,-50.0,84:F3:EB:12:34:56,,,,,0.0,Normal,0.0
1744312370460617,10.42.0.2,10.42.0.1,50292,1883,1,1,0,1,0,0,0,0,0,0,0,0,0,0.0,0,,0,0,,0,0,0,0,0,0,0,0,0.0,0,0,0,0,0,64.0,5760.0,0,0,0,54,eth:ethertype:ip:tcp,26.3,94.9,52.2,160.0,-50.0,84:F3:EB:12:34:56,,,,,0.0,Normal,0.0
1744312370462847,10.42.0.2,10.42.0.1,50292,1883,1,1,0,1,0,0,1,0,3,0,0,0,0,0.0,0,,0,0,,0,0,0,0,0,0,0,0,0.0,0,0,0,0,0,64.0,5760.0,0,0,0,57,eth:ethertype:ip:tcp,26.3,94.9,52.2,160.0,-50.0,84:F3:EB:12:34:56,,,,,0.0,Normal,0.0
1744312370466187,10.42.0.2,10.42.0.1,50292,1883,4,1,0,1,0,0,1,0,29,0,0,0,0,0.0,0,,0,0,,0,0,0,0,0,0,0,0,0.0,0,0,0,0,0,64.0,5760.0,0,0,0,83,eth:ethertype:ip:tcp,26.3,94.9,52.2,160.0,-50.0,84:F3:EB:12:34:56,,,,,0.0,Normal,0.0
1744312370469163,10.42.0.2,10.42.0.1,50292,1883,33,1,0,1,0,0,1,0,12,0,0,0,0,0.0,0,,0,1,,0,0,0,1,42,4,MQTT,4,0.0,0,0,0,0,0,64.0,5760.0,0,0,esp32_a0a3b3edac1c,66,eth:ethertype:ip:tcp:mqtt,26.3,94.9,52.2,160.0,-50.0,84:F3:EB:12:34:56,,,,,0.0,Normal,0.0
1744312370504587,10.42.0.2,10.42.0.1,50292,1883,45,5,0,1,0,0,1,0,3,0,0,0,0,0.0,0,,0,0,,0,0,0,0,0,0,0,0,0.0,0,0,0,0,0,64.0,5756.0,0,0,0,57,eth:ethertype:ip:tcp,26.3,94.9,52.2,160.0,-50.0,84:F3:EB:12:34:56,,,,,0.0,Normal,0.0
1744312370517148,10.42.0.2,10.42.0.1,50292,1883,48,5,0,1,1,0,1,0,185,0,0,0,0,0.0,0,,0,3,"Wakeup: 0, Mode: 0, Reset: 1, Temperature: 38.1, Uptime: 636630, Memory: 94.9, In_Temperature: 52.2°C, CPU: 160, RSSI: -51, MAC: 84:F3:EB:12:34:56, F_Storage: 99.2",test/temperatura,16,0,0,182,0,0,0,0.0,0,0,0,0,0,64.0,5756.0,0,0,0,239,eth:ethertype:ip:tcp:mqtt,38.1,94.9,52.2,160.0,-51.0,84:F3:EB:12:34:56,,,,,0.0,Normal,0.0
1744312370520591,10.42.0.2,10.42.0.1,50292,1883,234,6,0,1,0,0,0,0,0,0,0,0,0,0.0,0,,0,0,,0,0,0,0,0,0,0,0,0.0,0,0,0,0,0,64.0,5755.0,0,0,0,54,eth:ethertype:ip:tcp,38.1,94.9,52.2,160.0,-51.0,84:F3:EB:12:34:56,,,,,0.0,Normal,0.0
1744312400526109,10.42.0.2,10.42.0.1,50293,1883,0,0,1,0,0,0,0,0,0,0,0,0,0,0.0,0,,0,0,,0,0,0,0,0,0,0,0,0.0,0,0,0,0,0,64.0,5760.0,0,0,0,58,eth:ethertype:ip:tcp,38.1,94.9,52.2,160.0,-51.0,84:F3:EB:12:34:56,,,,,0.0,Normal,0.0
1744312400534685,10.42.0.2,10.42.0.1,50293,1883,1,1,0,1,0,0,0,0,0,0,0,0,0,0.0,0,,0,0,,0,0,0,0,0,0,0,0,0.0,0,0,0,0,0,64.0,5760.0,0,0,0,54,eth:ethertype:ip:tcp,38.1,94.9,52.2,160.0,-51.0,84:F3:EB:12:34:56,,,,,0.0,Normal,0.0
1744312400536610,10.42.0.2,10.42.0.1,50293,1883,1,1,0,1,0,0,1,0,3,0,0,0,0,0.0,0,,0,0,,0,0,0,0,0,0,0,0,0.0,0,0,0,0,0,64.0,5760.0,0,0,0,57,eth:ethertype:ip:tcp,38.1,94.9,52.2,160.0,-51.0,84:F3:EB:12:34:56,,,,,0.0,Normal,0.0
1744312400540222,10.42.0.2,10.42.0.1,50293,1883,4,1,0,1,0,0,1,0,29,0,0,0,0,0.0,0,,0,0,,0,0,0,0,0,0,0,0,0.0,0,0,0,0,0,64.0,5760.0,0,0,0,83,eth:ethertype:ip:tcp,38.1,94.9,52.2,160.0,-51.0,84:F3:EB:12:34:56,,,,,0.0,Normal,0.0
1744312400543475,10.42.0.2,10.42.0.1,50293,1883,33,1,0,1,0,0,1,0,12,0,0,0,0,0.0,0,,0,1,,0,0,0,1,42,4,MQTT,4,0.0,0,0,0,0,0,64.0,5760.0,0,0,esp32_a0a3b3edac1c,66,eth:ethertype:ip:tcp:mqtt,38.1,94.9,52.2,160.0,-51.0,84:F3:EB:12:34:56,,,,,0.0,Normal,0.0
1744312400578753,10.42.0.2,10.42.0.1,50293,1883,45,5,0,1,0,0,1,0,3,0,0,0,0,0.0,0,,0,0,,0,0,0,0,0,0,0,0,0.0,0,0,0,0,0,64.0,5756.0,0,0,0,57,eth:ethertype:ip:tcp,38.1,94.9,52.2,160.0,-51.0,84:F3:EB:12:34:56,,,,,0.0,Normal,0.0
1744312400596741,10.42.0.2,10.42.0.1,50293,1883,48,5,0,1,1,0,1,0,185,0,0,0,0,0.0,0,,0,3,"Wakeup: 0, Mode: 0, Reset: 1, Temperature: 26.4, Uptime: 636660, Memory: 94.9, In_Temperature: 52.2°C, CPU: 160, RSSI: -50, MAC: 84:F3:EB:12:34:56, F_Storage: 99.2",test/temperatura,16,0,0,182,0,0,0,0.0,0,0,0,0,0,64.0,5756.0,0,0,0,239,eth:ethertype:ip:tcp:mqtt,26.4,94.9,52.2,160.0,-50.0,84:F3:EB:12:34:56,,,,,0.0,Normal,0.0
1744312400600219,10.42.0.2,10.42.0.1,50293,1883,234,6,0,1,0,0,0,0,0,0,0,0,0,0.0,0,,0,0,,0,0,0,0,0,0,0,0,0.0,0,0,0,0,0,64.0,5755.0,0,0,0,54,eth:ethertype:ip:tcp,26.4,94.9,52.2,160.0,-50.0,84:F3:EB:12:34:56,,,,,0.0,Normal,0.0
1744312430605510,10.42.0.2,10.42.0.1,50294,1883,0,0,1,0,0,0,0,0,0,0,0,0,0,0.0,0,,0,0,,0,0,0,0,0,0,0,0,0.0,0,0,0,0,0,64.0,5760.0,0,0,0,58,eth:ethertype:ip:tcp,26.4,94.9,52.2,160.0,-50.0,84:F3:EB:12:34:56,,,,,0.0,Normal,0.0
1744312430609489,10.42.0.2,10.42.0.1,50294,1883,1,1,0,1,0,0,0,0,0,0,0,0,0,0.0,0,,0,0,,0,0,0,0,0,0,0,0,0.0,0,0,0,0,0,64.0,5760.0,0,0,0,54,eth:ethertype:ip:tcp,26.4,94.9,52.2,160.0,-50.0,84:F3:EB:12:34:56,,,,,0.0,Normal,0.0
1744312430611695,10.42.0.2,10.42.0.1,50294,1883,1,1,0,1,0,0,1,0,3,0,0,0,0,0.0,0,,0,0,,0,0,0,0,0,0,0,0,0.0,0,0,0,0,0,64.0,5760.0,0,0,0,57,eth:ethertype:ip:tcp,26.4,94.9,52.2,160.0,-50.0,84:F3:EB:12:34:56,,,,,0.0,Normal,0.0
1744312430615531,10.42.0.2,10.42.0.1,50294,1883,4,1,0,1,0,0,1,0,35,0,0,0,0,0.0,0,,0,0,,0,0,0,0,0,0,0,0,0.0,0,0,0,0,0,64.0,5760.0,0,0,0,89,eth:ethertype:ip:tcp,26.4,94.9,52.2,160.0,-50.0,84:F3:EB:12:34:56,,,,,0.0,Normal,0.0
1744312430618410,10.42.0.2,10.42.0.1,50294,1883,39,1,0,1,0,0,1,0,6,0,0,0,0,0.0,0,,0,1,,0,0,0,1,42,4,MQTT,4,0.0,0,0,0,0,0,64.0,5760.0,0,0,esp32_a0a3b3edac1c,60,eth:ethertype:ip:tcp:mqtt,26.4,94.9,52.2,160.0,-50.0,84:F3:EB:12:34:56,,,,,0.0,Normal,0.0
1744312430654294,10.42.0.2,10.42.0.1,50294,1883,45,5,0,1,0,0,1,0,3,0,0,0,0,0.0,0,,0,0,,0,0,0,0,0,0,0,0,0.0,0,0,0,0,0,64.0,5756.0,0,0,0,57,eth:ethertype:ip:tcp,26.4,94.9,52.2,160.0,-50.0,84:F3:EB:12:34:56,,,,,0.0,Normal,0.0
1744312430665915,10.42.0.2,10.42.0.1,50294,1883,48,5,0,1,1,0,1,0,185,0,0,0,0,0.0,0,,0,3,"Wakeup: 0, Mode: 0, Reset: 1, Temperature: 26.6, Uptime: 636690, Memory: 94.9, In_Temperature: 52.2°C, CPU: 160, RSSI: -51, MAC: 84:F3:EB:12:34:56, F_Storage: 99.2",test/temperatura,16,0,0,182,0,0,0,0.0,0,0,0,0,0,64.0,5756.0,0,0,0,239,eth:ethertype:ip:tcp:mqtt,26.6,94.9,52.2,160.0,-51.0,84:F3:EB:12:34:56,,,,,0.0,Normal,0.0
1744312430669404,10.42.0.2,10.42.0.1,50294,1883,234,6,0,1,0,0,0,0,0,0,0,0,0,0.0,0,,0,0,,0,0,0,0,0,0,0,0,0.0,0,0,0,0,0,64.0,5755.0,0,0,0,54,eth:ethertype:ip:tcp,26.6,94.9,52.2,160.0,-51.0,84:F3:EB:12:34:56,,,,,0.0,Normal,0.0
1744312460675007,10.42.0.2,10.42.0.1,50295,1883,0,0,1,0,0,0,0,0,0,0,0,0,0,0.0,0,,0,0,,0,0,0,0,0,0,0,0,0.0,0,0,0,0,0,64.0,5760.0,0,0,0,58,eth:ethertype:ip:tcp,26.6,94.9,52.2,160.0,-51.0,84:F3:EB:12:34:56,,,,,0.0,Normal,0.0
1744312460678956,10.42.0.2,10.42.0.1,50295,1883,1,1,0,1,0,0,0,0,0,0,0,0,0,0.0,0,,0,0,,0,0,0,0,0,0,0,0,0.0,0,0,0,0,0,64.0,5760.0,0,0,0,54,eth:ethertype:ip:tcp,26.6,94.9,52.2,160.0,-51.0,84:F3:EB:12:34:56,,,,,0.0,Normal,0.0
1744312460681067,10.42.0.2,10.42.0.1,50295,1883,1,1,0,1,0,0,1,0,3,0,0,0,0,0.0,0,,0,0,,0,0,0,0,0,0,0,0,0.0,0,0,0,0,0,64.0,5760.0,0,0,0,57,eth:ethertype:ip:tcp,26.6,94.9,52.2,160.0,-51.0,84:F3:EB:12:34:56,,,,,0.0,Normal,0.0
1744312460684473,10.42.0.2,10.42.0.1,50295,1883,4,1,0,1,0,0,1,0,29,0,0,0,0,0.0,0,,0,0,,0,0,0,0,0,0,0,0,0.0,0,0,0,0,0,64.0,5760.0,0,0,0,83,eth:ethertype:ip:tcp,26.6,94.9,52.2,160.0,-51.0,84:F3:EB:12:34:56,,,,,0.0,Normal,0.0
1744312460687527,10.42.0.2,10.42.0.1,50295,1883,33,1,0,1,0,0,1,0,12,0,0,0,0,0.0,0,,0,1,,0,0,0,1,42,4,MQTT,4,0.0,0,0,0,0,0,64.0,5760.0,0,0,esp32_a0a3b3edac1c,66,eth:ethertype:ip:tcp:mqtt,26.6,94.9,52.2,160.0,-51.0,84:F3:EB:12:34:56,,,,,0.0,Normal,0.0
1744312460722841,10.42.0.2,10.42.0.1,50295,1883,45,5,0,1,0,0,1,0,3,0,0,0,0,0.0,0,,0,0,,0,0,0,0,0,0,0,0,0.0,0,0,0,0,0,64.0,5756.0,0,0,0,57,eth:ethertype:ip:tcp,26.6,94.9,52.2,160.0,-51.0,84:F3:EB:12:34:56,,,,,0.0,Normal,0.0
1744312460735156,10.42.0.2,10.42.0.1,50295,1883,48,5,0,1,1,0,1,0,185,0,0,0,0,0.0,0,,0,3,"Wakeup: 0, Mode: 0, Reset: 1, Temperature: 30.9, Uptime: 636720, Memory: 94.9, In_Temperature: 52.2°C, CPU: 160, RSSI: -50, MAC: 84:F3:EB:12:34:56, F_Storage: 99.2",test/temperatura,16,0,0,182,0,0,0,0.0,0,0,0,0,0,64.0,5756.0,0,0,0,239,eth:ethertype:ip:tcp:mqtt,30.9,94.9,52.2,160.0,-50.0,84:F3:EB:12:34:56,,,,,0.0,Normal,0.0
1744312460738559,10.42.0.2,10.42.0.1,50295,1883,234,6,0,1,0,0,0,0,0,0,0,0,0,0.0,0,,0,0,,0,0,0,0,0,0,0,0,0.0,0,0,0,0,0,64.0,5755.0,0,0,0,54,eth:ethertype:ip:tcp,30.9,94.9,52.2,160.0,-50.0,84:F3:EB:12:34:56,,,,,0.0,Normal,0.0
1744312490744311,10.42.0.2,10.42.0.1,50296,1883,0,0,1,0,0,0,0,0,0,0,0,0,0,0.0,0,,0,0,,0,0,0,0,0,0,0,0,0.0,0,0,0,0,0,64.0,5760.0,0,0,0,58,eth:ethertype:ip:tcp,30.9,94.9,52.2,160.0,-50.0,84:F3:EB:12:34:56,,,,,0.0,Normal,0.0
1744312490749659,10.42.0.2,10.42.0.1,50296,1883,1,1,0,1,0,0,0,0,0,0,0,0,0,0.0,0,,0,0,,0,0,0,0,0,0,0,0,0.0,0,0,0,0,0,64.0,5760.0,0,0,0,54,eth:ethertype:ip:tcp,30.9,94.9,52.2,160.0,-50.0,84:F3:EB:12:34:56,,,,,0.0,Normal,0.0
1744312490751745,10.42.0.2,10.42.0.1,50296,1883,1,1,0,1,0,0,1,0,3,0,0,0,0,0.0,0,,0,0,,0,0,0,0,0,0,0,0,0.0,0,0,0,0,0,64.0,5760.0,0,0,0,57,eth:ethertype:ip:tcp,30.9,94.9,52.2,160.0,-50.0,84:F3:EB:12:34:56,,,,,0.0,Normal,0.0
1744312490755195,10.42.0.2,10.42.0.1,50296,1883,4,1,0,1,0,0,1,0,29,0,0,0,0,0.0,0,,0,0,,0,0,0,0,0,0,0,0,0.0,0,0,0,0,0,64.0,5760.0,0,0,0,83,eth:ethertype:ip:tcp,30.9,94.9,52.2,160.0,-50.0,84:F3:EB:12:34:56,,,,,0.0,Normal,0.0
1744312490758761,10.42.0.2,10.42.0.1,50296,1883,33,1,0,1,0,0,1,0,12,0,0,0,0,0.0,0,,0,1,,0,0,0,1,42,4,MQTT,4,0.0,0,0,0,0,0,64.0,5760.0,0,0,esp32_a0a3b3edac1c,66,eth:ethertype:ip:tcp:mqtt,30.9,94.9,52.2,160.0,-50.0,84:F3:EB:12:34:56,,,,,0.0,Normal,0.0
1744312490794045,10.42.0.2,10.42.0.1,50296,1883,45,5,0,1,0,0,1,0,3,0,0,0,0,0.0,0,,0,0,,0,0,0,0,0,0,0,0,0.0,0,0,0,0,0,64.0,5756.0,0,0,0,57,eth:ethertype:ip:tcp,30.9,94.9,52.2,160.0,-50.0,84:F3:EB:12:34:56,,,,,0.0,Normal,0.0
1744312490804318,10.42.0.2,10.42.0.1,50296,1883,48,5,0,1,1,0,1,0,185,0,0,0,0,0.0,0,,0,3,"Wakeup: 0, Mode: 0, Reset: 1, Temperature: 26.8, Uptime: 636750, Memory: 94.9, In_Temperature: 52.2°C, CPU: 160, RSSI: -51, MAC: 84:F3:EB:12:34:56, F_Storage: 99.2",test/temperatura,16,0,0,182,0,0,0,0.0,0,0,0,0,0,64.0,5756.0,0,0,0,239,eth:ethertype:ip:tcp:mqtt,26.8,94.9,52.2,160.0,-51.0,84:F3:EB:12:34:56,,,,,0.0,Normal,0.0
1744312490810180,10.42.0.2,10.42.0.1,50296,1883,234,6,0,1,0,0,0,0,0,0,0,0,0,0.0,0,,0,0,,0,0,0,0,0,0,0,0,0.0,0,0,0,0,0,64.0,5755.0,0,0,0,54,eth:ethertype:ip:tcp,26.8,94.9,52.2,160.0,-51.0,84:F3:EB:12:34:56,,,,,0.0,Normal,0.0
1744312520813212,10.42.0.2,10.42.0.1,50297,1883,0,0,1,0,0,0,0,0,0,0,0,0,0,0.0,0,,0,0,,0,0,0,0,0,0,0,0,0.0,0,0,0,0,0,64.0,5760.0,0,0,0,58,eth:ethertype:ip:tcp,26.8,94.9,52.2,160.0,-51.0,84:F3:EB:12:34:56,,,,,0.0,Normal,0.0
1744312520816847,10.42.0.2,10.42.0.1,50297,1883,1,1,0,1,0,0,0,0,0,0,0,0,0,0.0,0,,0,0,,0,0,0,0,0,0,0,0,0.0,0,0,0,0,0,64.0,5760.0,0,0,0,54,eth:ethertype:ip:tcp,26.8,94.9,52.2,160.0,-51.0,84:F3:EB:12:34:56,,,,,0.0,Normal,0.0
1744312520819188,10.42.0.2,10.42.0.1,50297,1883,1,1,0,1,0,0,1,0,3,0,0,0,0,0.0,0,,0,0,,0,0,0,0,0,0,0,0,0.0,0,0,0,0,0,64.0,5760.0,0,0,0,57,eth:ethertype:ip:tcp,26.8,94.9,52.2,160.0,-51.0,84:F3:EB:12:34:56,,,,,0.0,Normal,0.0
1744312520822623,10.42.0.2,10.42.0.1,50297,1883,4,1,0,1,0,0,1,0,29,0,0,0,0,0.0,0,,0,0,,0,0,0,0,0,0,0,0,0.0,0,0,0,0,0,64.0,5760.0,0,0,0,83,eth:ethertype:ip:tcp,26.8,94.9,52.2,160.0,-51.0,84:F3:EB:12:34:56,,,,,0.0,Normal,0.0
1744312520825720,10.42.0.2,10.42.0.1,50297,1883,33,1,0,1,0,0,1,0,12,0,0,0,0,0.0,0,,0,1,,0,0,0,1,42,4,MQTT,4,0.0,0,0,0,0,0,64.0,5760.0,0,0,esp32_a0a3b3edac1c,66,eth:ethertype:ip:tcp:mqtt,26.8,94.9,52.2,160.0,-51.0,84:F3:EB:12:34:56,,,,,0.0,Normal,0.0
1744312520862427,10.42.0.2,10.42.0.1,50297,1883,45,5,0,1,0,0,1,0,3,0,0,0,0,0.0,0,,0,0,,0,0,0,0,0,0,0,0,0.0,0,0,0,0,0,64.0,5756.0,0,0,0,57,eth:ethertype:ip:tcp,26.8,94.9,52.2,160.0,-51.0,84:F3:EB:12:34:56,,,,,0.0,Normal,0.0
1744312520873817,10.42.0.2,10.42.0.1,50297,1883,48,5,0,1,1,0,1,0,185,0,0,0,0,0.0,0,,0,3,"Wakeup: 0, Mode: 0, Reset: 1, Temperature: 33.6, Uptime: 636780, Memory: 94.9, In_Temperature: 52.2°C, CPU: 160, RSSI: -50, MAC: 84:F3:EB:12:34:56, F_Storage: 99.2",test/temperatura,16,0,0,182,0,0,0,0.0,0,0,0,0,0,64.0,5756.0,0,0,0,239,eth:ethertype:ip:tcp:mqtt,33.6,94.9,52.2,160.0,-50.0,84:F3:EB:12:34:56,,,,,0.0,Normal,0.0
1744312520877434,10.42.0.2,10.42.0.1,50297,1883,234,6,0,1,0,0,0,0,0,0,0,0,0,0.0,0,,0,0,,0,0,0,0,0,0,0,0,0.0,0,0,0,0,0,64.0,5755.0,0,0,0,54,eth:ethertype:ip:tcp,33.6,94.9,52.2,160.0,-50.0,84:F3:EB:12:34:56,,,,,0.0,Normal,0.0
1744312550882654,10.42.0.2,10.42.0.1,50298,1883,0,0,1,0,0,0,0,0,0,0,0,0,0,0.0,0,,0,0,,0,0,0,0,0,0,0,0,0.0,0,0,0,0,0,64.0,5760.0,0,0,0,58,eth:ethertype:ip:tcp,33.6,94.9,52.2,160.0,-50.0,84:F3:EB:12:34:56,,,,,0.0,Normal,0.0
1744312550886781,10.42.0.2,10.42.0.1,50298,1883,1,1,0,1,0,0,0,0,0,0,0,0,0,0.0,0,,0,0,,0,0,0,0,0,0,0,0,0.0,0,0,0,0,0,64.0,5760.0,0,0,0,54,eth:ethertype:ip:tcp,33.6,94.9,52.2,160.0,-50.0,84:F3:EB:12:34:56,,,,,0.0,Normal,0.0
1744312550888876,10.42.0.2,10.42.0.1,50298,1883,1,1,0,1,0,0,1,0,3,0,0,0,0,0.0,0,,0,0,,0,0,0,0,0,0,0,0,0.0,0,0,0,0,0,64.0,5760.0,0,0,0,57,eth:ethertype:ip:tcp,33.6,94.9,52.2,160.0,-50.0,84:F3:EB:12:34:56,,,,,0.0,Normal,0.0
1744312550892382,10.42.0.2,10.42.0.1,50298,1883,4,1,0,1,0,0,1,0,29,0,0,0,0,0.0,0,,0,0,,0,0,0,0,0,0,0,0,0.0,0,0,0,0,0,64.0,5760.0,0,0,0,83,eth:ethertype:ip:tcp,33.6,94.9,52.2,160.0,-50.0,84:F3:EB:12:34:56,,,,,0.0,Normal,0.0
1744312550895422,10.42.0.2,10.42.0.1,50298,1883,33,1,0,1,0,0,1,0,12,0,0,0,0,0.0,0,,0,1,,0,0,0,1,42,4,MQTT,4,0.0,0,0,0,0,0,64.0,5760.0,0,0,esp32_a0a3b3edac1c,66,eth:ethertype:ip:tcp:mqtt,33.6,94.9,52.2,160.0,-50.0,84:F3:EB:12:34:56,,,,,0.0,Normal,0.0
1744312550924086,10.42.0.2,10.42.0.1,50298,1883,45,5,0,1,0,0,0,0,0,0,0,0,0,0.0,0,,0,0,,0,0,0,0,0,0,0,0,0.0,0,0,0,0,0,64.0,5756.0,0,0,0,54,eth:ethertype:ip:tcp,33.6,94.9,52.2,160.0,-50.0,84:F3:EB:12:34:56,,,,,0.0,Normal,0.0
1744312550932113,10.42.0.2,10.42.0.1,50298,1883,45,5,0,1,0,0,1,0,3,0,0,0,0,0.0,0,,0,0,,0,0,0,0,0,0,0,0,0.0,0,0,0,0,0,64.0,5756.0,0,0,0,57,eth:ethertype:ip:tcp,33.6,94.9,52.2,160.0,-50.0,84:F3:EB:12:34:56,,,,,0.0,Normal,0.0
1744312550943005,10.42.0.2,10.42.0.1,50298,1883,48,5,0,1,1,0,1,0,185,0,0,0,0,0.0,0,,0,3,"Wakeup: 0, Mode: 0, Reset: 1, Temperature: 40.2, Uptime: 636810, Memory: 94.9, In_Temperature: 52.2°C, CPU: 160, RSSI: -50, MAC: 84:F3:EB:12:34:56, F_Storage: 99.2",test/temperatura,16,0,0,182,0,0,0,0.0,0,0,0,0,0,64.0,5756.0,0,0,0,239,eth:ethertype:ip:tcp:mqtt,40.2,94.9,52.2,160.0,-50.0,84:F3:EB:12:34:56,,,,,0.0,Normal,0.0
1744312550946700,10.42.0.2,10.42.0.1,50298,1883,234,6,0,1,0,0,0,0,0,0,0,0,0,0.0,0,,0,0,,0,0,0,0,0,0,0,0,0.0,0,0,0,0,0,64.0,5755.0,0,0,0,54,eth:ethertype:ip:tcp,40.2,94.9,52.2,160.0,-50.0,84:F3:EB:12:34:56,,,,,0.0,Normal,0.0
1744312580952231,10.42.0.2,10.42.0.1,50299,1883,0,0,1,0,0,0,0,0,0,0,0,0,0,0.0,0,,0,0,,0,0,0,0,0,0,0,0,0.0,0,0,0,0,0,64.0,5760.0,0,0,0,58,eth:ethertype:ip:tcp,40.2,94.9,52.2,160.0,-50.0,84:F3:EB:12:34:56,,,,,0.0,Normal,0.0
1744312580956185,10.42.0.2,10.42.0.1,50299,1883,1,1,0,1,0,0,0,0,0,0,0,0,0,0.0,0,,0,0,,0,0,0,0,0,0,0,0,0.0,0,0,0,0,0,64.0,5760.0,0,0,0,54,eth:ethertype:ip:tcp,40.2,94.9,52.2,160.0,-50.0,84:F3:EB:12:34:56,,,,,0.0,Normal,0.0
1744312580958904,10.42.0.2,10.42.0.1,50299,1883,1,1,0,1,0,0,1,0,3,0,0,0,0,0.0,0,,0,0,,0,0,0,0,0,0,0,0,0.0,0,0,0,0,0,64.0,5760.0,0,0,0,57,eth:ethertype:ip:tcp,40.2,94.9,52.2,160.0,-50.0,84:F3:EB:12:34:56,,,,,0.0,Normal,0.0
1744312580964314,10.42.0.2,10.42.0.1,50299,1883,4,1,0,1,0,0,1,0,41,0,0,0,0,0.0,0,,0,1,,0,0,0,1,42,4,MQTT,4,0.0,0,0,0,0,0,64.0,5760.0,0,0,esp32_a0a3b3edac1c,95,eth:ethertype:ip:tcp:mqtt,40.2,94.9,52.2,160.0,-50.0,84:F3:EB:12:34:56,,,,,0.0,Normal,0.0
1744312580999712,10.42.0.2,10.42.0.1,50299,1883,45,5,0,1,0,0,1,0,3,0,0,0,0,0.0,0,,0,0,,0,0,0,0,0,0,0,0,0.0,0,0,0,0,0,64.0,5756.0,0,0,0,57,eth:ethertype:ip:tcp,40.2,94.9,52.2,160.0,-50.0,84:F3:EB:12:34:56,,,,,0.0,Normal,0.0
1744312581012482,10.42.0.2,10.42.0.1,50299,1883,48,5,0,1,1,0,1,0,185,0,0,0,0,0.0,0,,0,3,"Wakeup: 0, Mode: 0, Reset: 1, Temperature: 36.9, Uptime: 636840, Memory: 94.9, In_Temperature: 52.2°C, CPU: 160, RSSI: -50, MAC: 84:F3:EB:12:34:56, F_Storage: 99.2",test/temperatura,16,0,0,182,0,0,0,0.0,0,0,0,0,0,64.0,5756.0,0,0,0,239,eth:ethertype:ip:tcp:mqtt,36.9,94.9,52.2,160.0,-50.0,84:F3:EB:12:34:56,,,,,0.0,Normal,0.0
1744312581015805,10.42.0.2,10.42.0.1,50299,1883,234,6,0,1,0,0,0,0,0,0,0,0,0,0.0,0,,0,0,,0,0,0,0,0,0,0,0,0.0,0,0,0,0,0,64.0,5755.0,0,0,0,54,eth:ethertype:ip:tcp,36.9,94.9,52.2,160.0,-50.0,84:F3:EB:12:34:56,,,,,0.0,Normal,0.0
1744312611021473,10.42.0.2,10.42.0.1,50300,1883,0,0,1,0,0,0,0,0,0,0,0,0,0,0.0,0,,0,0,,0,0,0,0,0,0,0,0,0.0,0,0,0,0,0,64.0,5760.0,0,0,0,58,eth:ethertype:ip:tcp,36.9,94.9,52.2,160.0,-50.0,84:F3:EB:12:34:56,,,,,0.0,Normal,0.0
1744312611026078,10.42.0.2,10.42.0.1,50300,1883,1,1,0,1,0,0,0,0,0,0,0,0,0,0.0,0,,0,0,,0,0,0,0,0,0,0,0,0.0,0,0,0,0,0,64.0,5760.0,0,0,0,54,eth:ethertype:ip:tcp,36.9,94.9,52.2,160.0,-50.0,84:F3:EB:12:34:56,,,,,0.0,Normal,0.0
1744312611028033,10.42.0.2,10.42.0.1,50300,1883,1,1,0,1,0,0,1,0,3,0,0,0,0,0.0,0,,0,0,,0,0,0,0,0,0,0,0,0.0,0,0,0,0,0,64.0,5760.0,0,0,0,57,eth:ethertype:ip:tcp,36.9,94.9,52.2,160.0,-50.0,84:F3:EB:12:34:56,,,,,0.0,Normal,0.0
1744312611031499,10.42.0.2,10.42.0.1,50300,1883,4,1,0,1,0,0,1,0,29,0,0,0,0,0.0,0,,0,0,,0,0,0,0,0,0,0,0,0.0,0,0,0,0,0,64.0,5760.0,0,0,0,83,eth:ethertype:ip:tcp,36.9,94.9,52.2,160.0,-50.0,84:F3:EB:12:34:56,,,,,0.0,Normal,0.0
1744312611034732,10.42.0.2,10.42.0.1,50300,1883,33,1,0,1,0,0,1,0,12,0,0,0,0,0.0,0,,0,1,,0,0,0,1,42,4,MQTT,4,0.0,0,0,0,0,0,64.0,5760.0,0,0,esp32_a0a3b3edac1c,66,eth:ethertype:ip:tcp:mqtt,36.9,94.9,52.2,160.0,-50.0,84:F3:EB:12:34:56,,,,,0.0,Normal,0.0
1744312611071085,10.42.0.2,10.42.0.1,50300,1883,45,5,0,1,0,0,1,0,3,0,0,0,0,0.0,0,,0,0,,0,0,0,0,0,0,0,0,0.0,0,0,0,0,0,64.0,5756.0,0,0,0,57,eth:ethertype:ip:tcp,36.9,94.9,52.2,160.0,-50.0,84:F3:EB:12:34:56,,,,,0.0,Normal,0.0
1744312611081739,10.42.0.2,10.42.0.1,50300,1883,48,5,0,1,1,0,1,0,185,0,0,0,0,0.0,0,,0,3,"Wakeup: 0, Mode: 0, Reset: 1, Temperature: 32.7, Uptime: 636870, Memory: 94.9, In_Temperature: 52.2°C, CPU: 160, RSSI: -50, MAC: 84:F3:EB:12:34:56, F_Storage: 99.2",test/temperatura,16,0,0,182,0,0,0,0.0,0,0,0,0,0,64.0,5756.0,0,0,0,239,eth:ethertype:ip:tcp:mqtt,32.7,94.9,52.2,160.0,-50.0,84:F3:EB:12:34:56,,,,,0.0,Normal,0.0
1744312611085345,10.42.0.2,10.42.0.1,50300,1883,234,6,0,1,0,0,0,0,0,0,0,0,0,0.0,0,,0,0,,0,0,0,0,0,0,0,0,0.0,0,0,0,0,0,64.0,5755.0,0,0,0,54,eth:ethertype:ip:tcp,32.7,94.9,52.2,160.0,-50.0,84:F3:EB:12:34:56,,,,,0.0,Normal,0.0
1744312641090788,10.42.0.2,10.42.0.1,50301,1883,0,0,1,0,0,0,0,0,0,0,0,0,0,0.0,0,,0,0,,0,0,0,0,0,0,0,0,0.0,0,0,0,0,0,64.0,5760.0,0,0,0,58,eth:ethertype:ip:tcp,32.7,94.9,52.2,160.0,-50.0,84:F3:EB:12:34:56,,,,,0.0,Normal,0.0
1744312641094795,10.42.0.2,10.42.0.1,50301,1883,1,1,0,1,0,0,0,0,0,0,0,0,0,0.0,0,,0,0,,0,0,0,0,0,0,0,0,0.0,0,0,0,0,0,64.0,5760.0,0,0,0,54,eth:ethertype:ip:tcp,32.7,94.9,52.2,160.0,-50.0,84:F3:EB:12:34:56,,,,,0.0,Normal,0.0
1744312641096969,10.42.0.2,10.42.0.1,50301,1883,1,1,0,1,0,0,1,0,3,0,0,0,0,0.0,0,,0,0,,0,0,0,0,0,0,0,0,0.0,0,0,0,0,0,64.0,5760.0,0,0,0,57,eth:ethertype:ip:tcp,32.7,94.9,52.2,160.0,-50.0,84:F3:EB:12:34:56,,,,,0.0,Normal,0.0
1744312641100254,10.42.0.2,10.42.0.1,50301,1883,4,1,0,1,0,0,1,0,29,0,0,0,0,0.0,0,,0,0,,0,0,0,0,0,0,0,0,0.0,0,0,0,0,0,64.0,5760.0,0,0,0,83,eth:ethertype:ip:tcp,32.7,94.9,52.2,160.0,-50.0,84:F3:EB:12:34:56,,,,,0.0,Normal,0.0
1744312641103297,10.42.0.2,10.42.0.1,50301,1883,33,1,0,1,0,0,1,0,12,0,0,0,0,0.0,0,,0,1,,0,0,0,1,42,4,MQTT,4,0.0,0,0,0,0,0,64.0,5760.0,0,0,esp32_a0a3b3edac1c,66,eth:ethertype:ip:tcp:mqtt,32.7,94.9,52.2,160.0,-50.0,84:F3:EB:12:34:56,,,,,0.0,Normal,0.0
1744312641138669,10.42.0.2,10.42.0.1,50301,1883,45,5,0,1,0,0,1,0,3,0,0,0,0,0.0,0,,0,0,,0,0,0,0,0,0,0,0,0.0,0,0,0,0,0,64.0,5756.0,0,0,0,57,eth:ethertype:ip:tcp,32.7,94.9,52.2,160.0,-50.0,84:F3:EB:12:34:56,,,,,0.0,Normal,0.0
1744312641151179,10.42.0.2,10.42.0.1,50301,1883,48,5,0,1,1,0,1,0,185,0,0,0,0,0.0,0,,0,3,"Wakeup: 0, Mode: 0, Reset: 1, Temperature: 25.1, Uptime: 636900, Memory: 94.9, In_Temperature: 52.2°C, CPU: 160, RSSI: -50, MAC: 84:F3:EB:12:34:56, F_Storage: 99.2",test/temperatura,16,0,0,182,0,0,0,0.0,0,0,0,0,0,64.0,5756.0,0,0,0,239,eth:ethertype:ip:tcp:mqtt,25.1,94.9,52.2,160.0,-50.0,84:F3:EB:12:34:56,,,,,0.0,Normal,0.0
1744312641154572,10.42.0.2,10.42.0.1,50301,1883,234,6,0,1,0,0,0,0,0,0,0,0,0,0.0,0,,0,0,,0,0,0,0,0,0,0,0,0.0,0,0,0,0,0,64.0,5755.0,0,0,0,54,eth:ethertype:ip:tcp,25.1,94.9,52.2,160.0,-50.0,84:F3:EB:12:34:56,,,,,0.0,Normal,0.0
1744312671160083,10.42.0.2,10.42.0.1,50302,1883,0,0,1,0,0,0,0,0,0,0,0,0,0,0.0,0,,0,0,,0,0,0,0,0,0,0,0,0.0,0,0,0,0,0,64.0,5760.0,0,0,0,58,eth:ethertype:ip:tcp,25.1,94.9,52.2,160.0,-50.0,84:F3:EB:12:34:56,,,,,0.0,Normal,0.0
1744312671164093,10.42.0.2,10.42.0.1,50302,1883,1,1,0,1,0,0,0,0,0,0,0,0,0,0.0,0,,0,0,,0,0,0,0,0,0,0,0,0.0,0,0,0,0,0,64.0,5760.0,0,0,0,54,eth:ethertype:ip:tcp,25.1,94.9,52.2,160.0,-50.0,84:F3:EB:12:34:56,,,,,0.0,Normal,0.0
1744312671166285,10.42.0.2,10.42.0.1,50302,1883,1,1,0,1,0,0,1,0,3,0,0,0,0,0.0,0,,0,0,,0,0,0,0,0,0,0,0,0.0,0,0,0,0,0,64.0,5760.0,0,0,0,57,eth:ethertype:ip:tcp,25.1,94.9,52.2,160.0,-50.0,84:F3:EB:12:34:56,,,,,0.0,Normal,0.0
1744312671169654,10.42.0.2,10.42.0.1,50302,1883,4,1,0,1,0,0,1,0,29,0,0,0,0,0.0,0,,0,0,,0,0,0,0,0,0,0,0,0.0,0,0,0,0,0,64.0,5760.0,0,0,0,83,eth:ethertype:ip:tcp,25.1,94.9,52.2,160.0,-50.0,84:F3:EB:12:34:56,,,,,0.0,Normal,0.0
1744312671173446,10.42.0.2,10.42.0.1,50302,1883,33,1,0,1,0,0,1,0,12,0,0,0,0,0.0,0,,0,1,,0,0,0,1,42,4,MQTT,4,0.0,0,0,0,0,0,64.0,5760.0,0,0,esp32_a0a3b3edac1c,66,eth:ethertype:ip:tcp:mqtt,25.1,94.9,52.2,160.0,-50.0,84:F3:EB:12:34:56,,,,,0.0,Normal,0.0
1744312671210520,10.42.0.2,10.42.0.1,50302,1883,45,5,0,1,0,0,1,0,3,0,0,0,0,0.0,0,,0,0,,0,0,0,0,0,0,0,0,0.0,0,0,0,0,0,64.0,5756.0,0,0,0,57,eth:ethertype:ip:tcp,25.1,94.9,52.2,160.0,-50.0,84:F3:EB:12:34:56,,,,,0.0,Normal,0.0
1744312671220533,10.42.0.2,10.42.0.1,50302,1883,48,5,0,1,1,0,1,0,185,0,0,0,0,0.0,0,,0,3,"Wakeup: 0, Mode: 0, Reset: 1, Temperature: 30.0, Uptime: 636930, Memory: 94.8, In_Temperature: 52.2°C, CPU: 160, RSSI: -50, MAC: 84:F3:EB:12:34:56, F_Storage: 99.2",test/temperatura,16,0,0,182,0,0,0,0.0,0,0,0,0,0,64.0,5756.0,0,0,0,239,eth:ethertype:ip:tcp:mqtt,30.0,94.8,52.2,160.0,-50.0,84:F3:EB:12:34:56,,,,,0.0,Normal,0.0
1744312671224117,10.42.0.2,10.42.0.1,50302,1883,234,6,0,1,0,0,0,0,0,0,0,0,0,0.0,0,,0,0,,0,0,0,0,0,0,0,0,0.0,0,0,0,0,0,64.0,5755.0,0,0,0,54,eth:ethertype:ip:tcp,30.0,94.8,52.2,160.0,-50.0,84:F3:EB:12:34:56,,,,,0.0,Normal,0.0
1744312701229509,10.42.0.2,10.42.0.1,50303,1883,0,0,1,0,0,0,0,0,0,0,0,0,0,0.0,0,,0,0,,0,0,0,0,0,0,0,0,0.0,0,0,0,0,0,64.0,5760.0,0,0,0,58,eth:ethertype:ip:tcp,30.0,94.8,52.2,160.0,-50.0,84:F3:EB:12:34:56,,,,,0.0,Normal,0.0
1744312701233442,10.42.0.2,10.42.0.1,50303,1883,1,1,0,1,0,0,0,0,0,0,0,0,0,0.0,0,,0,0,,0,0,0,0,0,0,0,0,0.0,0,0,0,0,0,64.0,5760.0,0,0,0,54,eth:ethertype:ip:tcp,30.0,94.8,52.2,160.0,-50.0,84:F3:EB:12:34:56,,,,,0.0,Normal,0.0
1744312701235662,10.42.0.2,10.42.0.1,50303,1883,1,1,0,1,0,0,1,0,3,0,0,0,0,0.0,0,,0,0,,0,0,0,0,0,0,0,0,0.0,0,0,0,0,0,64.0,5760.0,0,0,0,57,eth:ethertype:ip:tcp,30.0,94.8,52.2,160.0,-50.0,84:F3:EB:12:34:56,,,,,0.0,Normal,0.0
1744312701241325,10.42.0.2,10.42.0.1,50303,1883,4,1,0,1,0,0,1,0,29,0,0,0,0,0.0,0,,0,0,,0,0,0,0,0,0,0,0,0.0,0,0,0,0,0,64.0,5760.0,0,0,0,83,eth:ethertype:ip:tcp,30.0,94.8,52.2,160.0,-50.0,84:F3:EB:12:34:56,,,,,0.0,Normal,0.0
1744312701243987,10.42.0.2,10.42.0.1,50303,1883,33,1,0,1,0,0,1,0,12,0,0,0,0,0.0,0,,0,1,,0,0,0,1,42,4,MQTT,4,0.0,0,0,0,0,0,64.0,5760.0,0,0,esp32_a0a3b3edac1c,66,eth:ethertype:ip:tcp:mqtt,30.0,94.8,52.2,160.0,-50.0,84:F3:EB:12:34:56,,,,,0.0,Normal,0.0
1744312701279220,10.42.0.2,10.42.0.1,50303,1883,45,5,0,1,0,0,1,0,3,0,0,0,0,0.0,0,,0,0,,0,0,0,0,0,0,0,0,0.0,0,0,0,0,0,64.0,5756.0,0,0,0,57,eth:ethertype:ip:tcp,30.0,94.8,52.2,160.0,-50.0,84:F3:EB:12:34:56,,,,,0.0,Normal,0.0
1744312701290638,10.42.0.2,10.42.0.1,50303,1883,48,5,0,1,1,0,1,0,185,0,0,0,0,0.0,0,,0,3,"Wakeup: 0, Mode: 0, Reset: 1, Temperature: 39.4, Uptime: 636960, Memory: 94.9, In_Temperature: 52.2°C, CPU: 160, RSSI: -61, MAC: 84:F3:EB:12:34:56, F_Storage: 99.2",test/temperatura,16,0,0,182,0,0,0,0.0,0,0,0,0,0,64.0,5756.0,0,0,0,239,eth:ethertype:ip:tcp:mqtt,39.4,94.9,52.2,160.0,-61.0,84:F3:EB:12:34:56,,,,,0.0,Normal,0.0
1744312701294102,10.42.0.2,10.42.0.1,50303,1883,234,6,0,1,0,0,0,0,0,0,0,0,0,0.0,0,,0,0,,0,0,0,0,0,0,0,0,0.0,0,0,0,0,0,64.0,5755.0,0,0,0,54,eth:ethertype:ip:tcp,39.4,94.9,52.2,160.0,-61.0,84:F3:EB:12:34:56,,,,,0.0,Normal,0.0
1744301363690179,10.42.0.3,10.42.0.1,54248,1883,0,0,1,0,0,0,0,0,0,0,0,0,0,0.0,0,,0,0,,0,0,0,0,0,0,0,0,0.0,0,0,0,0,0,64.0,5760.0,0,0,0,58,eth:ethertype:ip:tcp,37.7,94.8,51.7,160.0,-53.0,84:F3:EB:65:43:21,,,,,0.0,Normal,0.0
1744301363694388,10.42.0.3,10.42.0.1,54248,1883,1,1,0,1,0,0,0,0,0,0,0,0,0,0.0,0,,0,0,,0,0,0,0,0,0,0,0,0.0,0,0,0,0,0,64.0,5760.0,0,0,0,54,eth:ethertype:ip:tcp,37.7,94.8,51.7,160.0,-53.0,84:F3:EB:65:43:21,,,,,0.0,Normal,0.0
1744301363697145,10.42.0.3,10.42.0.1,54248,1883,1,1,0,1,0,0,1,0,3,0,0,0,0,0.0,0,,0,0,,0,0,0,0,0,0,0,0,0.0,0,0,0,0,0,64.0,5760.0,0,0,0,57,eth:ethertype:ip:tcp,37.7,94.8,51.7,160.0,-53.0,84:F3:EB:65:43:21,,,,,0.0,Normal,0.0
1744301363700566,10.42.0.3,10.42.0.1,54248,1883,4,1,0,1,0,0,1,0,31,0,0,0,0,0.0,0,,0,0,,0,0,0,0,0,0,0,0,0.0,0,0,0,0,0,64.0,5760.0,0,0,0,85,eth:ethertype:ip:tcp,37.7,94.8,51.7,160.0,-53.0,84:F3:EB:65:43:21,,,,,0.0,Normal,0.0
1744301363703733,10.42.0.3,10.42.0.1,54248,1883,35,1,0,1,0,0,1,0,10,0,0,0,0,0.0,0,,0,1,,0,0,0,1,42,4,MQTT,4,0.0,0,0,0,0,0,64.0,5760.0,0,0,esp32_a842e3abaccc,64,eth:ethertype:ip:tcp:mqtt,37.7,94.8,51.7,160.0,-53.0,84:F3:EB:65:43:21,,,,,0.0,Normal,0.0
1744301363727827,10.42.0.3,10.42.0.1,54248,1883,45,5,0,1,0,0,1,0,3,0,0,0,0,0.0,0,,0,0,,0,0,0,0,0,0,0,0,0.0,0,0,0,0,0,64.0,5756.0,0,0,0,57,eth:ethertype:ip:tcp,37.7,94.8,51.7,160.0,-53.0,84:F3:EB:65:43:21,,,,,0.0,Normal,0.0
1744301363741060,10.42.0.3,10.42.0.1,54248,1883,48,5,0,1,1,0,1,0,182,0,0,0,0,0.0,0,,0,3,"Wakeup: 0, Mode: 0, Reset: 1, Temperature: 32.4, Uptime: 187585, Memory: 94.8, In_Temperature: 51.7, CPU: 160, RSSI: -54, MAC: 84:F3:EB:65:43:21, F_Storage: 99.22",test/temperatura,16,0,0,180,0,0,0,0.0,0,0,0,0,0,64.0,5756.0,0,0,0,236,eth:ethertype:ip:tcp:mqtt:mqtt,32.4,94.8,51.7,160.0,-54.0,84:F3:EB:65:43:21,,,,,0.0,Normal,0.0
1744301363744678,10.42.0.3,10.42.0.1,54248,1883,231,6,0,1,0,0,0,0,0,0,0,0,0,0.0,0,,0,0,,0,0,0,0,0,0,0,0,0.0,0,0,0,0,0,64.0,5755.0,0,0,0,54,eth:ethertype:ip:tcp,32.4,94.8,51.7,160.0,-54.0,84:F3:EB:65:43:21,,,,,0.0,Normal,0.0
1744301393749708,10.42.0.3,10.42.0.1,54249,1883,0,0,1,0,0,0,0,0,0,0,0,0,0,0.0,0,,0,0,,0,0,0,0,0,0,0,0,0.0,0,0,0,0,0,64.0,5760.0,0,0,0,58,eth:ethertype:ip:tcp,32.4,94.8,51.7,160.0,-54.0,84:F3:EB:65:43:21,,,,,0.0,Normal,0.0
1744301393753605,10.42.0.3,10.42.0.1,54249,1883,1,1,0,1,0,0,0,0,0,0,0,0,0,0.0,0,,0,0,,0,0,0,0,0,0,0,0,0.0,0,0,0,0,0,64.0,5760.0,0,0,0,54,eth:ethertype:ip:tcp,32.4,94.8,51.7,160.0,-54.0,84:F3:EB:65:43:21,,,,,0.0,Normal,0.0
1744301393755781,10.42.0.3,10.42.0.1,54249,1883,1,1,0,1,0,0,1,0,3,0,0,0,0,0.0,0,,0,0,,0,0,0,0,0,0,0,0,0.0,0,0,0,0,0,64.0,5760.0,0,0,0,57,eth:ethertype:ip:tcp,32.4,94.8,51.7,160.0,-54.0,84:F3:EB:65:43:21,,,,,0.0,Normal,0.0
1744301393759188,10.42.0.3,10.42.0.1,54249,1883,4,1,0,1,0,0,1,0,29,0,0,0,0,0.0,0,,0,0,,0,0,0,0,0,0,0,0,0.0,0,0,0,0,0,64.0,5760.0,0,0,0,83,eth:ethertype:ip:tcp,32.4,94.8,51.7,160.0,-54.0,84:F3:EB:65:43:21,,,,,0.0,Normal,0.0
1744301393762955,10.42.0.3,10.42.0.1,54249,1883,33,1,0,1,0,0,1,0,2,0,0,0,0,0.0,0,,0,0,,0,0,0,0,0,0,0,0,0.0,0,0,0,0,0,64.0,5760.0,0,0,0,56,eth:ethertype:ip:tcp,32.4,94.8,51.7,160.0,-54.0,84:F3:EB:65:43:21,,,,,0.0,Normal,0.0
1744301393766931,10.42.0.3,10.42.0.1,54249,1883,35,1,0,1,0,0,1,0,4,0,0,0,0,0.0,0,,0,0,,0,0,0,0,0,0,0,0,0.0,0,0,0,0,0,64.0,5760.0,0,0,0,58,eth:ethertype:ip:tcp,32.4,94.8,51.7,160.0,-54.0,84:F3:EB:65:43:21,,,,,0.0,Normal,0.0
1744301393770614,10.42.0.3,10.42.0.1,54249,1883,39,1,0,1,0,0,1,0,6,0,0,0,0,0.0,0,,0,1,,0,0,0,1,42,4,MQTT,4,0.0,0,0,0,0,0,64.0,5760.0,0,0,esp32_a842e3abaccc,60,eth:ethertype:ip:tcp:mqtt,32.4,94.8,51.7,160.0,-54.0,84:F3:EB:65:43:21,,,,,0.0,Normal,0.0
1744301393794761,10.42.0.3,10.42.0.1,54249,1883,45,5,0,1,0,0,1,0,3,0,0,0,0,0.0,0,,0,0,,0,0,0,0,0,0,0,0,0.0,0,0,0,0,0,64.0,5756.0,0,0,0,57,eth:ethertype:ip:tcp,32.4,94.8,51.7,160.0,-54.0,84:F3:EB:65:43:21,,,,,0.0,Normal,0.0
1744301393810356,10.42.0.3,10.42.0.1,54249,1883,48,5,0,1,1,0,1,0,182,0,0,0,0,0.0,0,,0,3,"Wakeup: 0, Mode: 0, Reset: 1, Temperature: 33.6, Uptime: 187616, Memory: 94.8, In_Temperature: 51.7, CPU: 160, RSSI: -57, MAC: 84:F3:EB:65:43:21, F_Storage: 99.22",test/temperatura,16,0,0,180,0,0,0,0.0,0,0,0,0,0,64.0,5756.0,0,0,0,236,eth:ethertype:ip:tcp:mqtt:mqtt,33.6,94.8,51.7,160.0,-57.0,84:F3:EB:65:43:21,,,,,0.0,Normal,0.0
1744301393813860,10.42.0.3,10.42.0.1,54249,1883,231,6,0,1,0,0,0,0,0,0,0,0,0,0.0,0,,0,0,,0,0,0,0,0,0,0,0,0.0,0,0,0,0,0,64.0,5755.0,0,0,0,54,eth:ethertype:ip:tcp,33.6,94.8,51.7,160.0,-57.0,84:F3:EB:65:43:21,,,,,0.0,Normal,0.0
1744301423818960,10.42.0.3,10.42.0.1,54250,1883,0,0,1,0,0,0,0,0,0,0,0,0,0,0.0,0,,0,0,,0,0,0,0,0,0,0,0,0.0,0,0,0,0,0,64.0,5760.0,0,0,0,58,eth:ethertype:ip:tcp,33.6,94.8,51.7,160.0,-57.0,84:F3:EB:65:43:21,,,,,0.0,Normal,0.0
1744301423823102,10.42.0.3,10.42.0.1,54250,1883,1,1,0,1,0,0,0,0,0,0,0,0,0,0.0,0,,0,0,,0,0,0,0,0,0,0,0,0.0,0,0,0,0,0,64.0,5760.0,0,0,0,54,eth:ethertype:ip:tcp,33.6,94.8,51.7,160.0,-57.0,84:F3:EB:65:43:21,,,,,0.0,Normal,0.0
1744301423825296,10.42.0.3,10.42.0.1,54250,1883,1,1,0,1,0,0,1,0,3,0,0,0,0,0.0,0,,0,0,,0,0,0,0,0,0,0,0,0.0,0,0,0,0,0,64.0,5760.0,0,0,0,57,eth:ethertype:ip:tcp,33.6,94.8,51.7,160.0,-57.0,84:F3:EB:65:43:21,,,,,0.0,Normal,0.0
1744301423830422,10.42.0.3,10.42.0.1,54250,1883,4,1,0,1,0,0,1,0,29,0,0,0,0,0.0,0,,0,0,,0,0,0,0,0,0,0,0,0.0,0,0,0,0,0,64.0,5760.0,0,0,0,83,eth:ethertype:ip:tcp,33.6,94.8,51.7,160.0,-57.0,84:F3:EB:65:43:21,,,,,0.0,Normal,0.0
1744301423833102,10.42.0.3,10.42.0.1,54250,1883,33,1,0,1,0,0,1,0,12,0,0,0,0,0.0,0,,0,1,,0,0,0,1,42,4,MQTT,4,0.0,0,0,0,0,0,64.0,5760.0,0,0,esp32_a842e3abaccc,66,eth:ethertype:ip:tcp:mqtt,33.6,94.8,51.7,160.0,-57.0,84:F3:EB:65:43:21,,,,,0.0,Normal,0.0
1744301423858431,10.42.0.3,10.42.0.1,54250,1883,45,5,0,1,0,0,1,0,3,0,0,0,0,0.0,0,,0,0,,0,0,0,0,0,0,0,0,0.0,0,0,0,0,0,64.0,5756.0,0,0,0,57,eth:ethertype:ip:tcp,33.6,94.8,51.7,160.0,-57.0,84:F3:EB:65:43:21,,,,,0.0,Normal,0.0
1744301423869048,10.42.0.3,10.42.0.1,54250,1883,48,5,0,1,1,0,1,0,182,0,0,0,0,0.0,0,,0,3,"Wakeup: 0, Mode: 0, Reset: 1, Temperature: 32.6, Uptime: 187646, Memory: 94.8, In_Temperature: 51.7, CPU: 160, RSSI: -55, MAC: 84:F3:EB:65:43:21, F_Storage: 99.22",test/temperatura,16,0,0,180,0,0,0,0.0,0,0,0,0,0,64.0,5756.0,0,0,0,236,eth:ethertype:ip:tcp:mqtt:mqtt,32.6,94.8,51.7,160.0,-55.0,84:F3:EB:65:43:21,,,,,0.0,Normal,0.0
1744301423872640,10.42.0.3,10.42.0.1,54250,1883,231,6,0,1,0,0,0,0,0,0,0,0,0,0.0,0,,0,0,,0,0,0,0,0,0,0,0,0.0,0,0,0,0,0,64.0,5755.0,0,0,0,54,eth:ethertype:ip:tcp,32.6,94.8,51.7,160.0,-55.0,84:F3:EB:65:43:21,,,,,0.0,Normal,0.0
1744301453878365,10.42.0.3,10.42.0.1,54251,1883,0,0,1,0,0,0,0,0,0,0,0,0,0,0.0,0,,0,0,,0,0,0,0,0,0,0,0,0.0,0,0,0,0,0,64.0,5760.0,0,0,0,58,eth:ethertype:ip:tcp,32.6,94.8,51.7,160.0,-55.0,84:F3:EB:65:43:21,,,,,0.0,Normal,0.0
1744301453882242,10.42.0.3,10.42.0.1,54251,1883,1,1,0,1,0,0,0,0,0,0,0,0,0,0.0,0,,0,0,,0,0,0,0,0,0,0,0,0.0,0,0,0,0,0,64.0,5760.0,0,0,0,54,eth:ethertype:ip:tcp,32.6,94.8,51.7,160.0,-55.0,84:F3:EB:65:43:21,,,,,0.0,Normal,0.0
1744301453884438,10.42.0.3,10.42.0.1,54251,1883,1,1,0,1,0,0,1,0,3,0,0,0,0,0.0,0,,0,0,,0,0,0,0,0,0,0,0,0.0,0,0,0,0,0,64.0,5760.0,0,0,0,57,eth:ethertype:ip:tcp,32.6,94.8,51.7,160.0,-55.0,84:F3:EB:65:43:21,,,,,0.0,Normal,0.0
1744301453887763,10.42.0.3,10.42.0.1,54251,1883,4,1,0,1,0,0,1,0,29,0,0,0,0,0.0,0,,0,0,,0,0,0,0,0,0,0,0,0.0,0,0,0,0,0,64.0,5760.0,0,0,0,83,eth:ethertype:ip:tcp,32.6,94.8,51.7,160.0,-55.0,84:F3:EB:65:43:21,,,,,0.0,Normal,0.0
1744301453891059,10.42.0.3,10.42.0.1,54251,1883,33,1,0,1,0,0,1,0,8,0,0,0,0,0.0,0,,0,0,,0,0,0,0,0,0,0,0,0.0,0,0,0,0,0,64.0,5760.0,0,0,0,62,eth:ethertype:ip:tcp,32.6,94.8,51.7,160.0,-55.0,84:F3:EB:65:43:21,,,,,0.0,Normal,0.0
1744301453893730,10.42.0.3,10.42.0.1,54251,1883,41,1,0,1,0,0,1,0,4,0,0,0,0,0.0,0,,0,1,,0,0,0,1,42,4,MQTT,4,0.0,0,0,0,0,0,64.0,5760.0,0,0,esp32_a842e3abaccc,58,eth:ethertype:ip:tcp:mqtt,32.6,94.8,51.7,160.0,-55.0,84:F3:EB:65:43:21,,,,,0.0,Normal,0.0
1744301453917685,10.42.0.3,10.42.0.1,54251,1883,45,5,0,1,0,0,1,0,3,0,0,0,0,0.0,0,,0,0,,0,0,0,0,0,0,0,0,0.0,0,0,0,0,0,64.0,5756.0,0,0,0,57,eth:ethertype:ip:tcp,32.6,94.8,51.7,160.0,-55.0,84:F3:EB:65:43:21,,,,,0.0,Normal,0.0
1744301453928538,10.42.0.3,10.42.0.1,54251,1883,48,5,0,1,1,0,1,0,182,0,0,0,0,0.0,0,,0,3,"Wakeup: 0, Mode: 0, Reset: 1, Temperature: 28.6, Uptime: 187676, Memory: 94.8, In_Temperature: 51.7, CPU: 160, RSSI: -57, MAC: 84:F3:EB:65:43:21, F_Storage: 99.22",test/temperatura,16,0,0,180,0,0,0,0.0,0,0,0,0,0,64.0,5756.0,0,0,0,236,eth:ethertype:ip:tcp:mqtt:mqtt,28.6,94.8,51.7,160.0,-57.0,84:F3:EB:65:43:21,,,,,0.0,Normal,0.0
1744301453931892,10.42.0.3,10.42.0.1,54251,1883,231,6,0,1,0,0,0,0,0,0,0,0,0,0.0,0,,0,0,,0,0,0,0,0,0,0,0,0.0,0,0,0,0,0,64.0,5755.0,0,0,0,54,eth:ethertype:ip:tcp,28.6,94.8,51.7,160.0,-57.0,84:F3:EB:65:43:21,,,,,0.0,Normal,0.0
1744301483936710,10.42.0.3,10.42.0.1,54252,1883,0,0,1,0,0,0,0,0,0,0,0,0,0,0.0,0,,0,0,,0,0,0,0,0,0,0,0,0.0,0,0,0,0,0,64.0,5760.0,0,0,0,58,eth:ethertype:ip:tcp,28.6,94.8,51.7,160.0,-57.0,84:F3:EB:65:43:21,,,,,0.0,Normal,0.0
1744301483940277,10.42.0.3,10.42.0.1,54252,1883,1,1,0,1,0,0,0,0,0,0,0,0,0,0.0,0,,0,0,,0,0,0,0,0,0,0,0,0.0,0,0,0,0,0,64.0,5760.0,0,0,0,54,eth:ethertype:ip:tcp,28.6,94.8,51.7,160.0,-57.0,84:F3:EB:65:43:21,,,,,0.0,Normal,0.0
1744301483942600,10.42.0.3,10.42.0.1,54252,1883,1,1,0,1,0,0,1,0,3,0,0,0,0,0.0,0,,0,0,,0,0,0,0,0,0,0,0,0.0,0,0,0,0,0,64.0,5760.0,0,0,0,57,eth:ethertype:ip:tcp,28.6,94.8,51.7,160.0,-57.0,84:F3:EB:65:43:21,,,,,0.0,Normal,0.0
1744301483946538,10.42.0.3,10.42.0.1,54252,1883,4,1,0,1,0,0,1,0,35,0,0,0,0,0.0,0,,0,0,,0,0,0,0,0,0,0,0,0.0,0,0,0,0,0,64.0,5760.0,0,0,0,89,eth:ethertype:ip:tcp,28.6,94.8,51.7,160.0,-57.0,84:F3:EB:65:43:21,,,,,0.0,Normal,0.0
1744301483949557,10.42.0.3,10.42.0.1,54252,1883,39,1,0,1,0,0,1,0,6,0,0,0,0,0.0,0,,0,1,,0,0,0,1,42,4,MQTT,4,0.0,0,0,0,0,0,64.0,5760.0,0,0,esp32_a842e3abaccc,60,eth:ethertype:ip:tcp:mqtt,28.6,94.8,51.7,160.0,-57.0,84:F3:EB:65:43:21,,,,,0.0,Normal,0.0
1744301483974051,10.42.0.3,10.42.0.1,54252,1883,45,5,0,1,0,0,1,0,3,0,0,0,0,0.0,0,,0,0,,0,0,0,0,0,0,0,0,0.0,0,0,0,0,0,64.0,5756.0,0,0,0,57,eth:ethertype:ip:tcp,28.6,94.8,51.7,160.0,-57.0,84:F3:EB:65:43:21,,,,,0.0,Normal,0.0
1744301483987894,10.42.0.3,10.42.0.1,54252,1883,48,5,0,1,1,0,1,0,182,0,0,0,0,0.0,0,,0,3,"Wakeup: 0, Mode: 0, Reset: 1, Temperature: 25.1, Uptime: 187706, Memory: 94.8, In_Temperature: 51.7, CPU: 160, RSSI: -55, MAC: 84:F3:EB:65:43:21, F_Storage: 99.22",test/temperatura,16,0,0,180,0,0,0,0.0,0,0,0,0,0,64.0,5756.0,0,0,0,236,eth:ethertype:ip:tcp:mqtt:mqtt,25.1,94.8,51.7,160.0,-55.0,84:F3:EB:65:43:21,,,,,0.0,Normal,0.0
1744301483991555,10.42.0.3,10.42.0.1,54252,1883,231,6,0,1,0,0,0,0,0,0,0,0,0,0.0,0,,0,0,,0,0,0,0,0,0,0,0,0.0,0,0,0,0,0,64.0,5755.0,0,0,0,54,eth:ethertype:ip:tcp,25.1,94.8,51.7,160.0,-55.0,84:F3:EB:65:43:21,,,,,0.0,Normal,0.0
1744301513997130,10.42.0.3,10.42.0.1,54253,1883,0,0,1,0,0,0,0,0,0,0,0,0,0,0.0,0,,0,0,,0,0,0,0,0,0,0,0,0.0,0,0,0,0,0,64.0,5760.0,0,0,0,58,eth:ethertype:ip:tcp,25.1,94.8,51.7,160.0,-55.0,84:F3:EB:65:43:21,,,,,0.0,Normal,0.0
1744301514001533,10.42.0.3,10.42.0.1,54253,1883,1,1,0,1,0,0,0,0,0,0,0,0,0,0.0,0,,0,0,,0,0,0,0,0,0,0,0,0.0,0,0,0,0,0,64.0,5760.0,0,0,0,54,eth:ethertype:ip:tcp,25.1,94.8,51.7,160.0,-55.0,84:F3:EB:65:43:21,,,,,0.0,Normal,0.0
1744301514003702,10.42.0.3,10.42.0.1,54253,1883,1,1,0,1,0,0,1,0,3,0,0,0,0,0.0,0,,0,0,,0,0,0,0,0,0,0,0,0.0,0,0,0,0,0,64.0,5760.0,0,0,0,57,eth:ethertype:ip:tcp,25.1,94.8,51.7,160.0,-55.0,84:F3:EB:65:43:21,,,,,0.0,Normal,0.0
1744301514007237,10.42.0.3,10.42.0.1,54253,1883,4,1,0,1,0,0,1,0,29,0,0,0,0,0.0,0,,0,0,,0,0,0,0,0,0,0,0,0.0,0,0,0,0,0,64.0,5760.0,0,0,0,83,eth:ethertype:ip:tcp,25.1,94.8,51.7,160.0,-55.0,84:F3:EB:65:43:21,,,,,0.0,Normal,0.0
1744301514010365,10.42.0.3,10.42.0.1,54253,1883,33,1,0,1,0,0,1,0,12,0,0,0,0,0.0,0,,0,1,,0,0,0,1,42,4,MQTT,4,0.0,0,0,0,0,0,64.0,5760.0,0,0,esp32_a842e3abaccc,66,eth:ethertype:ip:tcp:mqtt,25.1,94.8,51.7,160.0,-55.0,84:F3:EB:65:43:21,,,,,0.0,Normal,0.0
1744301514034520,10.42.0.3,10.42.0.1,54253,1883,45,5,0,1,0,0,1,0,3,0,0,0,0,0.0,0,,0,0,,0,0,0,0,0,0,0,0,0.0,0,0,0,0,0,64.0,5756.0,0,0,0,57,eth:ethertype:ip:tcp,25.1,94.8,51.7,160.0,-55.0,84:F3:EB:65:43:21,,,,,0.0,Normal,0.0
1744301514049037,10.42.0.3,10.42.0.1,54253,1883,48,5,0,1,1,0,1,0,182,0,0,0,0,0.0,0,,0,3,"Wakeup: 0, Mode: 0, Reset: 1, Temperature: 29.8, Uptime: 187736, Memory: 94.8, In_Temperature: 51.7, CPU: 160, RSSI: -56, MAC: 84:F3:EB:65:43:21, F_Storage: 99.22",test/temperatura,16,0,0,180,0,0,0,0.0,0,0,0,0,0,64.0,5756.0,0,0,0,236,eth:ethertype:ip:tcp:mqtt:mqtt,29.8,94.8,51.7,160.0,-56.0,84:F3:EB:65:43:21,,,,,0.0,Normal,0.0
1744301514052543,10.42.0.3,10.42.0.1,54253,1883,231,6,0,1,0,0,0,0,0,0,0,0,0,0.0,0,,0,0,,0,0,0,0,0,0,0,0,0.0,0,0,0,0,0,64.0,5755.0,0,0,0,54,eth:ethertype:ip:tcp,29.8,94.8,51.7,160.0,-56.0,84:F3:EB:65:43:21,,,,,0.0,Normal,0.0
1744301544056591,10.42.0.3,10.42.0.1,54254,1883,0,0,1,0,0,0,0,0,0,0,0,0,0,0.0,0,,0,0,,0,0,0,0,0,0,0,0,0.0,0,0,0,0,0,64.0,5760.0,0,0,0,58,eth:ethertype:ip:tcp,29.8,94.8,51.7,160.0,-56.0,84:F3:EB:65:43:21,,,,,0.0,Normal,0.0
1744301544060698,10.42.0.3,10.42.0.1,54254,1883,1,1,0,1,0,0,0,0,0,0,0,0,0,0.0,0,,0,0,,0,0,0,0,0,0,0,0,0.0,0,0,0,0,0,64.0,5760.0,0,0,0,54,eth:ethertype:ip:tcp,29.8,94.8,51.7,160.0,-56.0,84:F3:EB:65:43:21,,,,,0.0,Normal,0.0
1744301544063630,10.42.0.3,10.42.0.1,54254,1883,1,1,0,1,0,0,1,0,3,0,0,0,0,0.0,0,,0,0,,0,0,0,0,0,0,0,0,0.0,0,0,0,0,0,64.0,5760.0,0,0,0,57,eth:ethertype:ip:tcp,29.8,94.8,51.7,160.0,-56.0,84:F3:EB:65:43:21,,,,,0.0,Normal,0.0
1744301544068994,10.42.0.3,10.42.0.1,54254,1883,4,1,0,1,0,0,1,0,41,0,0,0,0,0.0,0,,0,1,,0,0,0,1,42,4,MQTT,4,0.0,0,0,0,0,0,64.0,5760.0,0,0,esp32_a842e3abaccc,95,eth:ethertype:ip:tcp:mqtt,29.8,94.8,51.7,160.0,-56.0,84:F3:EB:65:43:21,,,,,0.0,Normal,0.0
1744301544093300,10.42.0.3,10.42.0.1,54254,1883,45,5,0,1,0,0,1,0,3,0,0,0,0,0.0,0,,0,0,,0,0,0,0,0,0,0,0,0.0,0,0,0,0,0,64.0,5756.0,0,0,0,57,eth:ethertype:ip:tcp,29.8,94.8,51.7,160.0,-56.0,84:F3:EB:65:43:21,,,,,0.0,Normal,0.0
1744301544107113,10.42.0.3,10.42.0.1,54254,1883,48,5,0,1,1,0,1,0,182,0,0,0,0,0.0,0,,0,3,"Wakeup: 0, Mode: 0, Reset: 1, Temperature: 38.3, Uptime: 187766, Memory: 94.8, In_Temperature: 51.7, CPU: 160, RSSI: -57, MAC: 84:F3:EB:65:43:21, F_Storage: 99.22",test/temperatura,16,0,0,180,0,0,0,0.0,0,0,0,0,0,64.0,5756.0,0,0,0,236,eth:ethertype:ip:tcp:mqtt:mqtt,38.3,94.8,51.7,160.0,-57.0,84:F3:EB:65:43:21,,,,,0.0,Normal,0.0
1744301544110461,10.42.0.3,10.42.0.1,54254,1883,231,6,0,1,0,0,0,0,0,0,0,0,0,0.0,0,,0,0,,0,0,0,0,0,0,0,0,0.0,0,0,0,0,0,64.0,5755.0,0,0,0,54,eth:ethertype:ip:tcp,38.3,94.8,51.7,160.0,-57.0,84:F3:EB:65:43:21,,,,,0.0,Normal,0.0
1744301574115701,10.42.0.3,10.42.0.1,54255,1883,0,0,1,0,0,0,0,0,0,0,0,0,0,0.0,0,,0,0,,0,0,0,0,0,0,0,0,0.0,0,0,0,0,0,64.0,5760.0,0,0,0,58,eth:ethertype:ip:tcp,38.3,94.8,51.7,160.0,-57.0,84:F3:EB:65:43:21,,,,,0.0,Normal,0.0
1744301574119713,10.42.0.3,10.42.0.1,54255,1883,1,1,0,1,0,0,0,0,0,0,0,0,0,0.0,0,,0,0,,0,0,0,0,0,0,0,0,0.0,0,0,0,0,0,64.0,5760.0,0,0,0,54,eth:ethertype:ip:tcp,38.3,94.8,51.7,160.0,-57.0,84:F3:EB:65:43:21,,,,,0.0,Normal,0.0
1744301574121757,10.42.0.3,10.42.0.1,54255,1883,1,1,0,1,0,0,1,0,3,0,0,0,0,0.0,0,,0,0,,0,0,0,0,0,0,0,0,0.0,0,0,0,0,0,64.0,5760.0,0,0,0,57,eth:ethertype:ip:tcp,38.3,94.8,51.7,160.0,-57.0,84:F3:EB:65:43:21,,,,,0.0,Normal,0.0
1744301574127467,10.42.0.3,10.42.0.1,54255,1883,4,1,0,1,0,0,1,0,41,0,0,0,0,0.0,0,,0,1,,0,0,0,1,42,4,MQTT,4,0.0,0,0,0,0,0,64.0,5760.0,0,0,esp32_a842e3abaccc,95,eth:ethertype:ip:tcp:mqtt,38.3,94.8,51.7,160.0,-57.0,84:F3:EB:65:43:21,,,,,0.0,Normal,0.0
1744301574152076,10.42.0.3,10.42.0.1,54255,1883,45,5,0,1,0,0,1,0,3,0,0,0,0,0.0,0,,0,0,,0,0,0,0,0,0,0,0,0.0,0,0,0,0,0,64.0,5756.0,0,0,0,57,eth:ethertype:ip:tcp,38.3,94.8,51.7,160.0,-57.0,84:F3:EB:65:43:21,,,,,0.0,Normal,0.0
1744301574169930,10.42.0.3,10.42.0.1,54255,1883,48,5,0,1,1,0,1,0,182,0,0,0,0,0.0,0,,0,3,"Wakeup: 0, Mode: 0, Reset: 1, Temperature: 32.8, Uptime: 187796, Memory: 94.8, In_Temperature: 51.7, CPU: 160, RSSI: -58, MAC: 84:F3:EB:65:43:21, F_Storage: 99.22",test/temperatura,16,0,0,180,0,0,0,0.0,0,0,0,0,0,64.0,5756.0,0,0,0,236,eth:ethertype:ip:tcp:mqtt:mqtt,32.8,94.8,51.7,160.0,-58.0,84:F3:EB:65:43:21,,,,,0.0,Normal,0.0
1744301574174647,10.42.0.3,10.42.0.1,54255,1883,231,6,0,1,0,0,0,0,0,0,0,0,0,0.0,0,,0,0,,0,0,0,0,0,0,0,0,0.0,0,0,0,0,0,64.0,5755.0,0,0,0,54,eth:ethertype:ip:tcp,32.8,94.8,51.7,160.0,-58.0,84:F3:EB:65:43:21,,,,,0.0,Normal,0.0
1744301604175681,10.42.0.3,10.42.0.1,54256,1883,0,0,1,0,0,0,0,0,0,0,0,0,0,0.0,0,,0,0,,0,0,0,0,0,0,0,0,0.0,0,0,0,0,0,64.0,5760.0,0,0,0,58,eth:ethertype:ip:tcp,32.8,94.8,51.7,160.0,-58.0,84:F3:EB:65:43:21,,,,,0.0,Normal,0.0
1744301604179349,10.42.0.3,10.42.0.1,54256,1883,1,1,0,1,0,0,0,0,0,0,0,0,0,0.0,0,,0,0,,0,0,0,0,0,0,0,0,0.0,0,0,0,0,0,64.0,5760.0,0,0,0,54,eth:ethertype:ip:tcp,32.8,94.8,51.7,160.0,-58.0,84:F3:EB:65:43:21,,,,,0.0,Normal,0.0
1744301604181574,10.42.0.3,10.42.0.1,54256,1883,1,1,0,1,0,0,1,0,3,0,0,0,0,0.0,0,,0,0,,0,0,0,0,0,0,0,0,0.0,0,0,0,0,0,64.0,5760.0,0,0,0,57,eth:ethertype:ip:tcp,32.8,94.8,51.7,160.0,-58.0,84:F3:EB:65:43:21,,,,,0.0,Normal,0.0
1744301604185101,10.42.0.3,10.42.0.1,54256,1883,4,1,0,1,0,0,1,0,29,0,0,0,0,0.0,0,,0,0,,0,0,0,0,0,0,0,0,0.0,0,0,0,0,0,64.0,5760.0,0,0,0,83,eth:ethertype:ip:tcp,32.8,94.8,51.7,160.0,-58.0,84:F3:EB:65:43:21,,,,,0.0,Normal,0.0
1744301604188032,10.42.0.3,10.42.0.1,54256,1883,33,1,0,1,0,0,1,0,12,0,0,0,0,0.0,0,,0,1,,0,0,0,1,42,4,MQTT,4,0.0,0,0,0,0,0,64.0,5760.0,0,0,esp32_a842e3abaccc,66,eth:ethertype:ip:tcp:mqtt,32.8,94.8,51.7,160.0,-58.0,84:F3:EB:65:43:21,,,,,0.0,Normal,0.0
1744301604212190,10.42.0.3,10.42.0.1,54256,1883,45,5,0,1,0,0,1,0,3,0,0,0,0,0.0,0,,0,0,,0,0,0,0,0,0,0,0,0.0,0,0,0,0,0,64.0,5756.0,0,0,0,57,eth:ethertype:ip:tcp,32.8,94.8,51.7,160.0,-58.0,84:F3:EB:65:43:21,,,,,0.0,Normal,0.0
1744301604225481,10.42.0.3,10.42.0.1,54256,1883,48,5,0,1,1,0,1,0,182,0,0,0,0,0.0,0,,0,3,"Wakeup: 0, Mode: 0, Reset: 1, Temperature: 29.9, Uptime: 187826, Memory: 94.8, In_Temperature: 51.7, CPU: 160, RSSI: -58, MAC: 84:F3:EB:65:43:21, F_Storage: 99.22",test/temperatura,16,0,0,180,0,0,0,0.0,0,0,0,0,0,64.0,5756.0,0,0,0,236,eth:ethertype:ip:tcp:mqtt:mqtt,29.9,94.8,51.7,160.0,-58.0,84:F3:EB:65:43:21,,,,,0.0,Normal,0.0
1744301604228826,10.42.0.3,10.42.0.1,54256,1883,231,6,0,1,0,0,0,0,0,0,0,0,0,0.0,0,,0,0,,0,0,0,0,0,0,0,0,0.0,0,0,0,0,0,64.0,5755.0,0,0,0,54,eth:ethertype:ip:tcp,29.9,94.8,51.7,160.0,-58.0,84:F3:EB:65:43:21,,,,,0.0,Normal,0.0
1744301634234552,10.42.0.3,10.42.0.1,54257,1883,0,0,1,0,0,0,0,0,0,0,0,0,0,0.0,0,,0,0,,0,0,0,0,0,0,0,0,0.0,0,0,0,0,0,64.0,5760.0,0,0,0,58,eth:ethertype:ip:tcp,29.9,94.8,51.7,160.0,-58.0,84:F3:EB:65:43:21,,,,,0.0,Normal,0.0
1744301634239051,10.42.0.3,10.42.0.1,54257,1883,1,1,0,1,0,0,0,0,0,0,0,0,0,0.0,0,,0,0,,0,0,0,0,0,0,0,0,0.0,0,0,0,0,0,64.0,5760.0,0,0,0,54,eth:ethertype:ip:tcp,29.9,94.8,51.7,160.0,-58.0,84:F3:EB:65:43:21,,,,,0.0,Normal,0.0
1744301634241027,10.42.0.3,10.42.0.1,54257,1883,1,1,0,1,0,0,1,0,3,0,0,0,0,0.0,0,,0,0,,0,0,0,0,0,0,0,0,0.0,0,0,0,0,0,64.0,5760.0,0,0,0,57,eth:ethertype:ip:tcp,29.9,94.8,51.7,160.0,-58.0,84:F3:EB:65:43:21,,,,,0.0,Normal,0.0
1744301634244464,10.42.0.3,10.42.0.1,54257,1883,4,1,0,1,0,0,1,0,29,0,0,0,0,0.0,0,,0,0,,0,0,0,0,0,0,0,0,0.0,0,0,0,0,0,64.0,5760.0,0,0,0,83,eth:ethertype:ip:tcp,29.9,94.8,51.7,160.0,-58.0,84:F3:EB:65:43:21,,,,,0.0,Normal,0.0
1744301634247550,10.42.0.3,10.42.0.1,54257,1883,33,1,0,1,0,0,1,0,12,0,0,0,0,0.0,0,,0,1,,0,0,0,1,42,4,MQTT,4,0.0,0,0,0,0,0,64.0,5760.0,0,0,esp32_a842e3abaccc,66,eth:ethertype:ip:tcp:mqtt,29.9,94.8,51.7,160.0,-58.0,84:F3:EB:65:43:21,,,,,0.0,Normal,0.0
1744301634284069,10.42.0.3,10.42.0.1,54257,1883,45,5,0,1,0,0,1,0,3,0,0,0,0,0.0,0,,0,0,,0,0,0,0,0,0,0,0,0.0,0,0,0,0,0,64.0,5756.0,0,0,0,57,eth:ethertype:ip:tcp,29.9,94.8,51.7,160.0,-58.0,84:F3:EB:65:43:21,,,,,0.0,Normal,0.0
1744301634285303,10.42.0.3,10.42.0.1,54257,1883,48,5,0,1,1,0,1,0,182,0,0,0,0,0.0,0,,0,3,"Wakeup: 0, Mode: 0, Reset: 1, Temperature: 26.1, Uptime: 187856, Memory: 94.8, In_Temperature: 51.1, CPU: 160, RSSI: -56, MAC: 84:F3:EB:65:43:21, F_Storage: 99.22",test/temperatura,16,0,0,180,0,0,0,0.0,0,0,0,0,0,64.0,5756.0,0,0,0,236,eth:ethertype:ip:tcp:mqtt:mqtt,26.1,94.8,51.1,160.0,-56.0,84:F3:EB:65:43:21,,,,,0.0,Normal,0.0
1744301634288515,10.42.0.3,10.42.0.1,54257,1883,231,6,0,1,0,0,0,0,0,0,0,0,0,0.0,0,,0,0,,0,0,0,0,0,0,0,0,0.0,0,0,0,0,0,64.0,5755.0,0,0,0,54,eth:ethertype:ip:tcp,26.1,94.8,51.1,160.0,-56.0,84:F3:EB:65:43:21,,,,,0.0,Normal,0.0
1744301664294172,10.42.0.3,10.42.0.1,54258,1883,0,0,1,0,0,0,0,0,0,0,0,0,0,0.0,0,,0,0,,0,0,0,0,0,0,0,0,0.0,0,0,0,0,0,64.0,5760.0,0,0,0,58,eth:ethertype:ip:tcp,26.1,94.8,51.1,160.0,-56.0,84:F3:EB:65:43:21,,,,,0.0,Normal,0.0
1744301664298280,10.42.0.3,10.42.0.1,54258,1883,1,1,0,1,0,0,0,0,0,0,0,0,0,0.0,0,,0,0,,0,0,0,0,0,0,0,0,0.0,0,0,0,0,0,64.0,5760.0,0,0,0,54,eth:ethertype:ip:tcp,26.1,94.8,51.1,160.0,-56.0,84:F3:EB:65:43:21,,,,,0.0,Normal,0.0
1744301664300633,10.42.0.3,10.42.0.1,54258,1883,1,1,0,1,0,0,1,0,3,0,0,0,0,0.0,0,,0,0,,0,0,0,0,0,0,0,0,0.0,0,0,0,0,0,64.0,5760.0,0,0,0,57,eth:ethertype:ip:tcp,26.1,94.8,51.1,160.0,-56.0,84:F3:EB:65:43:21,,,,,0.0,Normal,0.0
1744301664304625,10.42.0.3,10.42.0.1,54258,1883,4,1,0,1,0,0,1,0,29,0,0,0,0,0.0,0,,0,0,,0,0,0,0,0,0,0,0,0.0,0,0,0,0,0,64.0,5760.0,0,0,0,83,eth:ethertype:ip:tcp,26.1,94.8,51.1,160.0,-56.0,84:F3:EB:65:43:21,,,,,0.0,Normal,0.0
1744301664308656,10.42.0.3,10.42.0.1,54258,1883,33,1,0,1,0,0,1,0,2,0,0,0,0,0.0,0,,0,0,,0,0,0,0,0,0,0,0,0.0,0,0,0,0,0,64.0,5760.0,0,0,0,56,eth:ethertype:ip:tcp,26.1,94.8,51.1,160.0,-56.0,84:F3:EB:65:43:21,,,,,0.0,Normal,0.0
1744301664312933,10.42.0.3,10.42.0.1,54258,1883,35,1,0,1,0,0,1,0,10,0,0,0,0,0.0,0,,0,1,,0,0,0,1,42,4,MQTT,4,0.0,0,0,0,0,0,64.0,5760.0,0,0,esp32_a842e3abaccc,64,eth:ethertype:ip:tcp:mqtt,26.1,94.8,51.1,160.0,-56.0,84:F3:EB:65:43:21,,,,,0.0,Normal,0.0
1744301664336679,10.42.0.3,10.42.0.1,54258,1883,45,5,0,1,0,0,1,0,3,0,0,0,0,0.0,0,,0,0,,0,0,0,0,0,0,0,0,0.0,0,0,0,0,0,64.0,5756.0,0,0,0,57,eth:ethertype:ip:tcp,26.1,94.8,51.1,160.0,-56.0,84:F3:EB:65:43:21,,,,,0.0,Normal,0.0
1744301664354528,10.42.0.3,10.42.0.1,54258,1883,48,5,0,1,1,0,1,0,182,0,0,0,0,0.0,0,,0,3,"Wakeup: 0, Mode: 0, Reset: 1, Temperature: 40.6, Uptime: 187886, Memory: 94.8, In_Temperature: 51.7, CPU: 160, RSSI: -58, MAC: 84:F3:EB:65:43:21, F_Storage: 99.22",test/temperatura,16,0,0,180,0,0,0,0.0,0,0,0,0,0,64.0,5756.0,0,0,0,236,eth:ethertype:ip:tcp:mqtt:mqtt,40.6,94.8,51.7,160.0,-58.0,84:F3:EB:65:43:21,,,,,0.0,Normal,0.0
1744301664359017,10.42.0.3,10.42.0.1,54258,1883,231,6,0,1,0,0,0,0,0,0,0,0,0,0.0,0,,0,0,,0,0,0,0,0,0,0,0,0.0,0,0,0,0,0,64.0,5755.0,0,0,0,54,eth:ethertype:ip:tcp,40.6,94.8,51.7,160.0,-58.0,84:F3:EB:65:43:21,,,,,0.0,Normal,0.0
1744301694363428,10.42.0.3,10.42.0.1,54259,1883,0,0,1,0,0,0,0,0,0,0,0,0,0,0.0,0,,0,0,,0,0,0,0,0,0,0,0,0.0,0,0,0,0,0,64.0,5760.0,0,0,0,58,eth:ethertype:ip:tcp,40.6,94.8,51.7,160.0,-58.0,84:F3:EB:65:43:21,,,,,0.0,Normal,0.0
1744301694367361,10.42.0.3,10.42.0.1,54259,1883,1,1,0,1,0,0,0,0,0,0,0,0,0,0.0,0,,0,0,,0,0,0,0,0,0,0,0,0.0,0,0,0,0,0,64.0,5760.0,0,0,0,54,eth:ethertype:ip:tcp,40.6,94.8,51.7,160.0,-58.0,84:F3:EB:65:43:21,,,,,0.0,Normal,0.0
1744301694369532,10.42.0.3,10.42.0.1,54259,1883,1,1,0,1,0,0,1,0,3,0,0,0,0,0.0,0,,0,0,,0,0,0,0,0,0,0,0,0.0,0,0,0,0,0,64.0,5760.0,0,0,0,57,eth:ethertype:ip:tcp,40.6,94.8,51.7,160.0,-58.0,84:F3:EB:65:43:21,,,,,0.0,Normal,0.0
1744301694373458,10.42.0.3,10.42.0.1,54259,1883,4,1,0,1,0,0,1,0,29,0,0,0,0,0.0,0,,0,0,,0,0,0,0,0,0,0,0,0.0,0,0,0,0,0,64.0,5760.0,0,0,0,83,eth:ethertype:ip:tcp,40.6,94.8,51.7,160.0,-58.0,84:F3:EB:65:43:21,,,,,0.0,Normal,0.0
1744301694376468,10.42.0.3,10.42.0.1,54259,1883,33,1,0,1,0,0,1,0,12,0,0,0,0,0.0,0,,0,1,,0,0,0,1,42,4,MQTT,4,0.0,0,0,0,0,0,64.0,5760.0,0,0,esp32_a842e3abaccc,66,eth:ethertype:ip:tcp:mqtt,40.6,94.8,51.7,160.0,-58.0,84:F3:EB:65:43:21,,,,,0.0,Normal,0.0
1744301694401926,10.42.0.3,10.42.0.1,54259,1883,45,5,0,1,0,0,1,0,3,0,0,0,0,0.0,0,,0,0,,0,0,0,0,0,0,0,0,0.0,0,0,0,0,0,64.0,5756.0,0,0,0,57,eth:ethertype:ip:tcp,40.6,94.8,51.7,160.0,-58.0,84:F3:EB:65:43:21,,,,,0.0,Normal,0.0
1744301694413594,10.42.0.3,10.42.0.1,54259,1883,48,5,0,1,1,0,1,0,182,0,0,0,0,0.0,0,,0,3,"Wakeup: 0, Mode: 0, Reset: 1, Temperature: 26.6, Uptime: 187916, Memory: 94.8, In_Temperature: 51.7, CPU: 160, RSSI: -59, MAC: 84:F3:EB:65:43:21, F_Storage: 99.22",test/temperatura,16,0,0,180,0,0,0,0.0,0,0,0,0,0,64.0,5756.0,0,0,0,236,eth:ethertype:ip:tcp:mqtt:mqtt,26.6,94.8,51.7,160.0,-59.0,84:F3:EB:65:43:21,,,,,0.0,Normal,0.0
1744301694417104,10.42.0.3,10.42.0.1,54259,1883,231,6,0,1,0,0,0,0,0,0,0,0,0,0.0,0,,0,0,,0,0,0,0,0,0,0,0,0.0,0,0,0,0,0,64.0,5755.0,0,0,0,54,eth:ethertype:ip:tcp,26.6,94.8,51.7,160.0,-59.0,84:F3:EB:65:43:21,,,,,0.0,Normal,0.0
1744301724422719,10.42.0.3,10.42.0.1,54260,1883,0,0,1,0,0,0,0,0,0,0,0,0,0,0.0,0,,0,0,,0,0,0,0,0,0,0,0,0.0,0,0,0,0,0,64.0,5760.0,0,0,0,58,eth:ethertype:ip:tcp,26.6,94.8,51.7,160.0,-59.0,84:F3:EB:65:43:21,,,,,0.0,Normal,0.0
1744301724426669,10.42.0.3,10.42.0.1,54260,1883,1,1,0,1,0,0,0,0,0,0,0,0,0,0.0,0,,0,0,,0,0,0,0,0,0,0,0,0.0,0,0,0,0,0,64.0,5760.0,0,0,0,54,eth:ethertype:ip:tcp,26.6,94.8,51.7,160.0,-59.0,84:F3:EB:65:43:21,,,,,0.0,Normal,0.0
1744301724428923,10.42.0.3,10.42.0.1,54260,1883,1,1,0,1,0,0,1,0,3,0,0,0,0,0.0,0,,0,0,,0,0,0,0,0,0,0,0,0.0,0,0,0,0,0,64.0,5760.0,0,0,0,57,eth:ethertype:ip:tcp,26.6,94.8,51.7,160.0,-59.0,84:F3:EB:65:43:21,,,,,0.0,Normal,0.0
1744301724432386,10.42.0.3,10.42.0.1,54260,1883,4,1,0,1,0,0,1,0,29,0,0,0,0,0.0,0,,0,0,,0,0,0,0,0,0,0,0,0.0,0,0,0,0,0,64.0,5760.0,0,0,0,83,eth:ethertype:ip:tcp,26.6,94.8,51.7,160.0,-59.0,84:F3:EB:65:43:21,,,,,0.0,Normal,0.0
1744301724435334,10.42.0.3,10.42.0.1,54260,1883,33,1,0,1,0,0,1,0,12,0,0,0,0,0.0,0,,0,1,,0,0,0,1,42,4,MQTT,4,0.0,0,0,0,0,0,64.0,5760.0,0,0,esp32_a842e3abaccc,66,eth:ethertype:ip:tcp:mqtt,26.6,94.8,51.7,160.0,-59.0,84:F3:EB:65:43:21,,,,,0.0,Normal,0.0
1744301724459282,10.42.0.3,10.42.0.1,54260,1883,45,5,0,1,0,0,1,0,3,0,0,0,0,0.0,0,,0,0,,0,0,0,0,0,0,0,0,0.0,0,0,0,0,0,64.0,5756.0,0,0,0,57,eth:ethertype:ip:tcp,26.6,94.8,51.7,160.0,-59.0,84:F3:EB:65:43:21,,,,,0.0,Normal,0.0
1744301724472971,10.42.0.3,10.42.0.1,54260,1883,48,5,0,1,1,0,1,0,182,0,0,0,0,0.0,0,,0,3,"Wakeup: 0, Mode: 0, Reset: 1, Temperature: 34.5, Uptime: 187946, Memory: 94.8, In_Temperature: 51.7, CPU: 160, RSSI: -57, MAC: 84:F3:EB:65:43:21, F_Storage: 99.22",test/temperatura,16,0,0,180,0,0,0,0.0,0,0,0,0,0,64.0,5756.0,0,0,0,236,eth:ethertype:ip:tcp:mqtt:mqtt,34.5,94.8,51.7,160.0,-57.0,84:F3:EB:65:43:21,,,,,0.0,Normal,0.0
1744301724476338,10.42.0.3,10.42.0.1,54260,1883,231,6,0,1,0,0,0,0,0,0,0,0,0,0.0,0,,0,0,,0,0,0,0,0,0,0,0,0.0,0,0,0,0,0,64.0,5755.0,0,0,0,54,eth:ethertype:ip:tcp,34.5,94.8,51.7,160.0,-57.0,84:F3:EB:65:43:21,,,,,0.0,Normal,0.0
1744301754482746,10.42.0.3,10.42.0.1,54261,1883,0,0,1,0,0,0,0,0,0,0,0,0,0,0.0,0,,0,0,,0,0,0,0,0,0,0,0,0.0,0,0,0,0,0,64.0,5760.0,0,0,0,58,eth:ethertype:ip:tcp,34.5,94.8,51.7,160.0,-57.0,84:F3:EB:65:43:21,,,,,0.0,Normal,0.0
1744301754486352,10.42.0.3,10.42.0.1,54261,1883,1,1,0,1,0,0,0,0,0,0,0,0,0,0.0,0,,0,0,,0,0,0,0,0,0,0,0,0.0,0,0,0,0,0,64.0,5760.0,0,0,0,54,eth:ethertype:ip:tcp,34.5,94.8,51.7,160.0,-57.0,84:F3:EB:65:43:21,,,,,0.0,Normal,0.0
1744301754488717,10.42.0.3,10.42.0.1,54261,1883,1,1,0,1,0,0,1,0,3,0,0,0,0,0.0,0,,0,0,,0,0,0,0,0,0,0,0,0.0,0,0,0,0,0,64.0,5760.0,0,0,0,57,eth:ethertype:ip:tcp,34.5,94.8,51.7,160.0,-57.0,84:F3:EB:65:43:21,,,,,0.0,Normal,0.0
1744301754492138,10.42.0.3,10.42.0.1,54261,1883,4,1,0,1,0,0,1,0,29,0,0,0,0,0.0,0,,0,0,,0,0,0,0,0,0,0,0,0.0,0,0,0,0,0,64.0,5760.0,0,0,0,83,eth:ethertype:ip:tcp,34.5,94.8,51.7,160.0,-57.0,84:F3:EB:65:43:21,,,,,0.0,Normal,0.0
1744301754495889,10.42.0.3,10.42.0.1,54261,1883,33,1,0,1,0,0,1,0,12,0,0,0,0,0.0,0,,0,1,,0,0,0,1,42,4,MQTT,4,0.0,0,0,0,0,0,64.0,5760.0,0,0,esp32_a842e3abaccc,66,eth:ethertype:ip:tcp:mqtt,34.5,94.8,51.7,160.0,-57.0,84:F3:EB:65:43:21,,,,,0.0,Normal,0.0
1744301754521598,10.42.0.3,10.42.0.1,54261,1883,45,5,0,1,0,0,1,0,3,0,0,0,0,0.0,0,,0,0,,0,0,0,0,0,0,0,0,0.0,0,0,0,0,0,64.0,5756.0,0,0,0,57,eth:ethertype:ip:tcp,34.5,94.8,51.7,160.0,-57.0,84:F3:EB:65:43:21,,,,,0.0,Normal,0.0
1744301754532294,10.42.0.3,10.42.0.1,54261,1883,48,5,0,1,1,0,1,0,182,0,0,0,0,0.0,0,,0,3,"Wakeup: 0, Mode: 0, Reset: 1, Temperature: 25.3, Uptime: 187976, Memory: 94.8, In_Temperature: 51.7, CPU: 160, RSSI: -57, MAC: 84:F3:EB:65:43:21, F_Storage: 99.22",test/temperatura,16,0,0,180,0,0,0,0.0,0,0,0,0,0,64.0,5756.0,0,0,0,236,eth:ethertype:ip:tcp:mqtt:mqtt,25.3,94.8,51.7,160.0,-57.0,84:F3:EB:65:43:21,,,,,0.0,Normal,0.0
1744301754535780,10.42.0.3,10.42.0.1,54261,1883,231,6,0,1,0,0,0,0,0,0,0,0,0,0.0,0,,0,0,,0,0,0,0,0,0,0,0,0.0,0,0,0,0,0,64.0,5755.0,0,0,0,54,eth:ethertype:ip:tcp,25.3,94.8,51.7,160.0,-57.0,84:F3:EB:65:43:21,,,,,0.0,Normal,0.0
1744301784541473,10.42.0.3,10.42.0.1,54262,1883,0,0,1,0,0,0,0,0,0,0,0,0,0,0.0,0,,0,0,,0,0,0,0,0,0,0,0,0.0,0,0,0,0,0,64.0,5760.0,0,0,0,58,eth:ethertype:ip:tcp,25.3,94.8,51.7,160.0,-57.0,84:F3:EB:65:43:21,,,,,0.0,Normal,0.0
1744301784545362,10.42.0.3,10.42.0.1,54262,1883,1,1,0,1,0,0,0,0,0,0,0,0,0,0.0,0,,0,0,,0,0,0,0,0,0,0,0,0.0,0,0,0,0,0,64.0,5760.0,0,0,0,54,eth:ethertype:ip:tcp,25.3,94.8,51.7,160.0,-57.0,84:F3:EB:65:43:21,,,,,0.0,Normal,0.0
1744301784547504,10.42.0.3,10.42.0.1,54262,1883,1,1,0,1,0,0,1,0,3,0,0,0,0,0.0,0,,0,0,,0,0,0,0,0,0,0,0,0.0,0,0,0,0,0,64.0,5760.0,0,0,0,57,eth:ethertype:ip:tcp,25.3,94.8,51.7,160.0,-57.0,84:F3:EB:65:43:21,,,,,0.0,Normal,0.0
1744301784550889,10.42.0.3,10.42.0.1,54262,1883,4,1,0,1,0,0,1,0,29,0,0,0,0,0.0,0,,0,0,,0,0,0,0,0,0,0,0,0.0,0,0,0,0,0,64.0,5760.0,0,0,0,83,eth:ethertype:ip:tcp,25.3,94.8,51.7,160.0,-57.0,84:F3:EB:65:43:21,,,,,0.0,Normal,0.0
1744301784553995,10.42.0.3,10.42.0.1,54262,1883,33,1,0,1,0,0,1,0,12,0,0,0,0,0.0,0,,0,1,,0,0,0,1,42,4,MQTT,4,0.0,0,0,0,0,0,64.0,5760.0,0,0,esp32_a842e3abaccc,66,eth:ethertype:ip:tcp:mqtt,25.3,94.8,51.7,160.0,-57.0,84:F3:EB:65:43:21,,,,,0.0,Normal,0.0
1744301784578568,10.42.0.3,10.42.0.1,54262,1883,45,5,0,1,0,0,1,0,3,0,0,0,0,0.0,0,,0,0,,0,0,0,0,0,0,0,0,0.0,0,0,0,0,0,64.0,5756.0,0,0,0,57,eth:ethertype:ip:tcp,25.3,94.8,51.7,160.0,-57.0,84:F3:EB:65:43:21,,,,,0.0,Normal,0.0
1744301784591725,10.42.0.3,10.42.0.1,54262,1883,48,5,0,1,1,0,1,0,182,0,0,0,0,0.0,0,,0,3,"Wakeup: 0, Mode: 0, Reset: 1, Temperature: 34.8, Uptime: 188006, Memory: 94.8, In_Temperature: 51.7, CPU: 160, RSSI: -56, MAC: 84:F3:EB:65:43:21, F_Storage: 99.22",test/temperatura,16,0,0,180,0,0,0,0.0,0,0,0,0,0,64.0,5756.0,0,0,0,236,eth:ethertype:ip:tcp:mqtt:mqtt,34.8,94.8,51.7,160.0,-56.0,84:F3:EB:65:43:21,,,,,0.0,Normal,0.0
1744301784595133,10.42.0.3,10.42.0.1,54262,1883,231,6,0,1,0,0,0,0,0,0,0,0,0,0.0,0,,0,0,,0,0,0,0,0,0,0,0,0.0,0,0,0,0,0,64.0,5755.0,0,0,0,54,eth:ethertype:ip:tcp,34.8,94.8,51.7,160.0,-56.0,84:F3:EB:65:43:21,,,,,0.0,Normal,0.0
1744301814600954,10.42.0.3,10.42.0.1,54263,1883,0,0,1,0,0,0,0,0,0,0,0,0,0,0.0,0,,0,0,,0,0,0,0,0,0,0,0,0.0,0,0,0,0,0,64.0,5760.0,0,0,0,58,eth:ethertype:ip:tcp,34.8,94.8,51.7,160.0,-56.0,84:F3:EB:65:43:21,,,,,0.0,Normal,0.0
1744301814609720,10.42.0.3,10.42.0.1,54263,1883,1,1,0,1,0,0,0,0,0,0,0,0,0,0.0,0,,0,0,,0,0,0,0,0,0,0,0,0.0,0,0,0,0,0,64.0,5760.0,0,0,0,54,eth:ethertype:ip:tcp,34.8,94.8,51.7,160.0,-56.0,84:F3:EB:65:43:21,,,,,0.0,Normal,0.0
1744301814611765,10.42.0.3,10.42.0.1,54263,1883,1,1,0,1,0,0,1,0,3,0,0,0,0,0.0,0,,0,0,,0,0,0,0,0,0,0,0,0.0,0,0,0,0,0,64.0,5760.0,0,0,0,57,eth:ethertype:ip:tcp,34.8,94.8,51.7,160.0,-56.0,84:F3:EB:65:43:21,,,,,0.0,Normal,0.0
1744301814615297,10.42.0.3,10.42.0.1,54263,1883,4,1,0,1,0,0,1,0,29,0,0,0,0,0.0,0,,0,0,,0,0,0,0,0,0,0,0,0.0,0,0,0,0,0,64.0,5760.0,0,0,0,83,eth:ethertype:ip:tcp,34.8,94.8,51.7,160.0,-56.0,84:F3:EB:65:43:21,,,,,0.0,Normal,0.0
1744301814618614,10.42.0.3,10.42.0.1,54263,1883,33,1,0,1,0,0,1,0,12,0,0,0,0,0.0,0,,0,1,,0,0,0,1,42,4,MQTT,4,0.0,0,0,0,0,0,64.0,5760.0,0,0,esp32_a842e3abaccc,66,eth:ethertype:ip:tcp:mqtt,34.8,94.8,51.7,160.0,-56.0,84:F3:EB:65:43:21,,,,,0.0,Normal,0.0
1744301814642609,10.42.0.3,10.42.0.1,54263,1883,45,5,0,1,0,0,1,0,3,0,0,0,0,0.0,0,,0,0,,0,0,0,0,0,0,0,0,0.0,0,0,0,0,0,64.0,5756.0,0,0,0,57,eth:ethertype:ip:tcp,34.8,94.8,51.7,160.0,-56.0,84:F3:EB:65:43:21,,,,,0.0,Normal,0.0
1744301814651055,10.42.0.3,10.42.0.1,54263,1883,48,5,0,1,1,0,1,0,182,0,0,0,0,0.0,0,,0,3,"Wakeup: 0, Mode: 0, Reset: 1, Temperature: 38.4, Uptime: 188036, Memory: 94.8, In_Temperature: 51.7, CPU: 160, RSSI: -55, MAC: 84:F3:EB:65:43:21, F_Storage: 99.22",test/temperatura,16,0,0,180,0,0,0,0.0,0,0,0,0,0,64.0,5756.0,0,0,0,236,eth:ethertype:ip:tcp:mqtt:mqtt,38.4,94.8,51.7,160.0,-55.0,84:F3:EB:65:43:21,,,,,0.0,Normal,0.0
1744301814654305,10.42.0.3,10.42.0.1,54263,1883,231,6,0,1,0,0,0,0,0,0,0,0,0,0.0,0,,0,0,,0,0,0,0,0,0,0,0,0.0,0,0,0,0,0,64.0,5755.0,0,0,0,54,eth:ethertype:ip:tcp,38.4,94.8,51.7,160.0,-55.0,84:F3:EB:65:43:21,,,,,0.0,Normal,0.0
1744301844668597,10.42.0.3,10.42.0.1,54264,1883,0,0,1,0,0,0,0,0,0,0,0,0,0,0.0,0,,0,0,,0,0,0,0,0,0,0,0,0.0,0,0,0,0,0,64.0,5760.0,0,0,0,58,eth:ethertype:ip:tcp,38.4,94.8,51.7,160.0,-55.0,84:F3:EB:65:43:21,,,,,0.0,Normal,0.0
1744301844672536,10.42.0.3,10.42.0.1,54264,1883,1,1,0,1,0,0,0,0,0,0,0,0,0,0.0,0,,0,0,,0,0,0,0,0,0,0,0,0.0,0,0,0,0,0,64.0,5760.0,0,0,0,54,eth:ethertype:ip:tcp,38.4,94.8,51.7,160.0,-55.0,84:F3:EB:65:43:21,,,,,0.0,Normal,0.0
1744301844674752,10.42.0.3,10.42.0.1,54264,1883,1,1,0,1,0,0,1,0,3,0,0,0,0,0.0,0,,0,0,,0,0,0,0,0,0,0,0,0.0,0,0,0,0,0,64.0,5760.0,0,0,0,57,eth:ethertype:ip:tcp,38.4,94.8,51.7,160.0,-55.0,84:F3:EB:65:43:21,,,,,0.0,Normal,0.0
1744301844678085,10.42.0.3,10.42.0.1,54264,1883,4,1,0,1,0,0,1,0,29,0,0,0,0,0.0,0,,0,0,,0,0,0,0,0,0,0,0,0.0,0,0,0,0,0,64.0,5760.0,0,0,0,83,eth:ethertype:ip:tcp,38.4,94.8,51.7,160.0,-55.0,84:F3:EB:65:43:21,,,,,0.0,Normal,0.0
1744301844681326,10.42.0.3,10.42.0.1,54264,1883,33,1,0,1,0,0,1,0,12,0,0,0,0,0.0,0,,0,1,,0,0,0,1,42,4,MQTT,4,0.0,0,0,0,0,0,64.0,5760.0,0,0,esp32_a842e3abaccc,66,eth:ethertype:ip:tcp:mqtt,38.4,94.8,51.7,160.0,-55.0,84:F3:EB:65:43:21,,,,,0.0,Normal,0.0
1744301844705807,10.42.0.3,10.42.0.1,54264,1883,45,5,0,1,0,0,1,0,3,0,0,0,0,0.0,0,,0,0,,0,0,0,0,0,0,0,0,0.0,0,0,0,0,0,64.0,5756.0,0,0,0,57,eth:ethertype:ip:tcp,38.4,94.8,51.7,160.0,-55.0,84:F3:EB:65:43:21,,,,,0.0,Normal,0.0
1744301844721281,10.42.0.3,10.42.0.1,54264,1883,48,5,0,1,1,0,1,0,182,0,0,0,0,0.0,0,,0,3,"Wakeup: 0, Mode: 0, Reset: 1, Temperature: 40.2, Uptime: 188066, Memory: 94.8, In_Temperature: 51.7, CPU: 160, RSSI: -57, MAC: 84:F3:EB:65:43:21, F_Storage: 99.22",test/temperatura,16,0,0,180,0,0,0,0.0,0,0,0,0,0,64.0,5756.0,0,0,0,236,eth:ethertype:ip:tcp:mqtt:mqtt,40.2,94.8,51.7,160.0,-57.0,84:F3:EB:65:43:21,,,,,0.0,Normal,0.0
1744301844724848,10.42.0.3,10.42.0.1,54264,1883,231,6,0,1,0,0,0,0,0,0,0,0,0,0.0,0,,0,0,,0,0,0,0,0,0,0,0,0.0,0,0,0,0,0,64.0,5755.0,0,0,0,54,eth:ethertype:ip:tcp,40.2,94.8,51.7,160.0,-57.0,84:F3:EB:65:43:21,,,,,0.0,Normal,0.0
1744301874729913,10.42.0.3,10.42.0.1,54265,1883,0,0,1,0,0,0,0,0,0,0,0,0,0,0.0,0,,0,0,,0,0,0,0,0,0,0,0,0.0,0,0,0,0,0,64.0,5760.0,0,0,0,58,eth:ethertype:ip:tcp,40.2,94.8,51.7,160.0,-57.0,84:F3:EB:65:43:21,,,,,0.0,Normal,0.0
1744301874735844,10.42.0.3,10.42.0.1,54265,1883,1,1,0,1,0,0,0,0,0,0,0,0,0,0.0,0,,0,0,,0,0,0,0,0,0,0,0,0.0,0,0,0,0,0,64.0,5760.0,0,0,0,54,eth:ethertype:ip:tcp,40.2,94.8,51.7,160.0,-57.0,84:F3:EB:65:43:21,,,,,0.0,Normal,0.0
1744301874736590,10.42.0.3,10.42.0.1,54265,1883,1,1,0,1,0,0,1,0,3,0,0,0,0,0.0,0,,0,0,,0,0,0,0,0,0,0,0,0.0,0,0,0,0,0,64.0,5760.0,0,0,0,57,eth:ethertype:ip:tcp,40.2,94.8,51.7,160.0,-57.0,84:F3:EB:65:43:21,,,,,0.0,Normal,0.0
1744301874739997,10.42.0.3,10.42.0.1,54265,1883,4,1,0,1,0,0,1,0,31,0,0,0,0,0.0,0,,0,0,,0,0,0,0,0,0,0,0,0.0,0,0,0,0,0,64.0,5760.0,0,0,0,85,eth:ethertype:ip:tcp,40.2,94.8,51.7,160.0,-57.0,84:F3:EB:65:43:21,,,,,0.0,Normal,0.0
1744301874743161,10.42.0.3,10.42.0.1,54265,1883,35,1,0,1,0,0,1,0,10,0,0,0,0,0.0,0,,0,1,,0,0,0,1,42,4,MQTT,4,0.0,0,0,0,0,0,64.0,5760.0,0,0,esp32_a842e3abaccc,64,eth:ethertype:ip:tcp:mqtt,40.2,94.8,51.7,160.0,-57.0,84:F3:EB:65:43:21,,,,,0.0,Normal,0.0
1744301874767281,10.42.0.3,10.42.0.1,54265,1883,45,5,0,1,0,0,1,0,3,0,0,0,0,0.0,0,,0,0,,0,0,0,0,0,0,0,0,0.0,0,0,0,0,0,64.0,5756.0,0,0,0,57,eth:ethertype:ip:tcp,40.2,94.8,51.7,160.0,-57.0,84:F3:EB:65:43:21,,,,,0.0,Normal,0.0
1744301874779892,10.42.0.3,10.42.0.1,54265,1883,48,5,0,1,1,0,1,0,182,0,0,0,0,0.0,0,,0,3,"Wakeup: 0, Mode: 0, Reset: 1, Temperature: 35.6, Uptime: 188097, Memory: 94.8, In_Temperature: 51.7, CPU: 160, RSSI: -55, MAC: 84:F3:EB:65:43:21, F_Storage: 99.22",test/temperatura,16,0,0,180,0,0,0,0.0,0,0,0,0,0,64.0,5756.0,0,0,0,236,eth:ethertype:ip:tcp:mqtt:mqtt,35.6,94.8,51.7,160.0,-55.0,84:F3:EB:65:43:21,,,,,0.0,Normal,0.0
1744301874783453,10.42.0.3,10.42.0.1,54265,1883,231,6,0,1,0,0,0,0,0,0,0,0,0,0.0,0,,0,0,,0,0,0,0,0,0,0,0,0.0,0,0,0,0,0,64.0,5755.0,0,0,0,54,eth:ethertype:ip:tcp,35.6,94.8,51.7,160.0,-55.0,84:F3:EB:65:43:21,,,,,0.0,Normal,0.0
1744301904788403,10.42.0.3,10.42.0.1,54266,1883,0,0,1,0,0,0,0,0,0,0,0,0,0,0.0,0,,0,0,,0,0,0,0,0,0,0,0,0.0,0,0,0,0,0,64.0,5760.0,0,0,0,58,eth:ethertype:ip:tcp,35.6,94.8,51.7,160.0,-55.0,84:F3:EB:65:43:21,,,,,0.0,Normal,0.0
1744301904792891,10.42.0.3,10.42.0.1,54266,1883,1,1,0,1,0,0,0,0,0,0,0,0,0,0.0,0,,0,0,,0,0,0,0,0,0,0,0,0.0,0,0,0,0,0,64.0,5760.0,0,0,0,54,eth:ethertype:ip:tcp,35.6,94.8,51.7,160.0,-55.0,84:F3:EB:65:43:21,,,,,0.0,Normal,0.0
1744301904795317,10.42.0.3,10.42.0.1,54266,1883,1,1,0,1,0,0,1,0,3,0,0,0,0,0.0,0,,0,0,,0,0,0,0,0,0,0,0,0.0,0,0,0,0,0,64.0,5760.0,0,0,0,57,eth:ethertype:ip:tcp,35.6,94.8,51.7,160.0,-55.0,84:F3:EB:65:43:21,,,,,0.0,Normal,0.0
1744301904798906,10.42.0.3,10.42.0.1,54266,1883,4,1,0,1,0,0,1,0,29,0,0,0,0,0.0,0,,0,0,,0,0,0,0,0,0,0,0,0.0,0,0,0,0,0,64.0,5760.0,0,0,0,83,eth:ethertype:ip:tcp,35.6,94.8,51.7,160.0,-55.0,84:F3:EB:65:43:21,,,,,0.0,Normal,0.0
1744301904802034,10.42.0.3,10.42.0.1,54266,1883,33,1,0,1,0,0,1,0,12,0,0,0,0,0.0,0,,0,1,,0,0,0,1,42,4,MQTT,4,0.0,0,0,0,0,0,64.0,5760.0,0,0,esp32_a842e3abaccc,66,eth:ethertype:ip:tcp:mqtt,35.6,94.8,51.7,160.0,-55.0,84:F3:EB:65:43:21,,,,,0.0,Normal,0.0
1744301904828416,10.42.0.3,10.42.0.1,54266,1883,45,5,0,1,0,0,1,0,3,0,0,0,0,0.0,0,,0,0,,0,0,0,0,0,0,0,0,0.0,0,0,0,0,0,64.0,5756.0,0,0,0,57,eth:ethertype:ip:tcp,35.6,94.8,51.7,160.0,-55.0,84:F3:EB:65:43:21,,,,,0.0,Normal,0.0
1744301904839214,10.42.0.3,10.42.0.1,54266,1883,48,5,0,1,1,0,1,0,182,0,0,0,0,0.0,0,,0,3,"Wakeup: 0, Mode: 0, Reset: 1, Temperature: 29.1, Uptime: 188127, Memory: 94.9, In_Temperature: 51.7, CPU: 160, RSSI: -60, MAC: 84:F3:EB:65:43:21, F_Storage: 99.22",test/temperatura,16,0,0,180,0,0,0,0.0,0,0,0,0,0,64.0,5756.0,0,0,0,236,eth:ethertype:ip:tcp:mqtt:mqtt,29.1,94.9,51.7,160.0,-60.0,84:F3:EB:65:43:21,,,,,0.0,Normal,0.0
1744301904846168,10.42.0.3,10.42.0.1,54266,1883,231,6,0,1,0,0,0,0,0,0,0,0,0,0.0,0,,0,0,,0,0,0,0,0,0,0,0,0.0,0,0,0,0,0,64.0,5755.0,0,0,0,54,eth:ethertype:ip:tcp,29.1,94.9,51.7,160.0,-60.0,84:F3:EB:65:43:21,,,,,0.0,Normal,0.0
1744301934848293,10.42.0.3,10.42.0.1,54267,1883,0,0,1,0,0,0,0,0,0,0,0,0,0,0.0,0,,0,0,,0,0,0,0,0,0,0,0,0.0,0,0,0,0,0,64.0,5760.0,0,0,0,58,eth:ethertype:ip:tcp,29.1,94.9,51.7,160.0,-60.0,84:F3:EB:65:43:21,,,,,0.0,Normal,0.0
1744301934852218,10.42.0.3,10.42.0.1,54267,1883,1,1,0,1,0,0,0,0,0,0,0,0,0,0.0,0,,0,0,,0,0,0,0,0,0,0,0,0.0,0,0,0,0,0,64.0,5760.0,0,0,0,54,eth:ethertype:ip:tcp,29.1,94.9,51.7,160.0,-60.0,84:F3:EB:65:43:21,,,,,0.0,Normal,0.0
1744301934854458,10.42.0.3,10.42.0.1,54267,1883,1,1,0,1,0,0,1,0,3,0,0,0,0,0.0,0,,0,0,,0,0,0,0,0,0,0,0,0.0,0,0,0,0,0,64.0,5760.0,0,0,0,57,eth:ethertype:ip:tcp,29.1,94.9,51.7,160.0,-60.0,84:F3:EB:65:43:21,,,,,0.0,Normal,0.0
1744301934857813,10.42.0.3,10.42.0.1,54267,1883,4,1,0,1,0,0,1,0,29,0,0,0,0,0.0,0,,0,0,,0,0,0,0,0,0,0,0,0.0,0,0,0,0,0,64.0,5760.0,0,0,0,83,eth:ethertype:ip:tcp,29.1,94.9,51.7,160.0,-60.0,84:F3:EB:65:43:21,,,,,0.0,Normal,0.0
1744301934860942,10.42.0.3,10.42.0.1,54267,1883,33,1,0,1,0,0,1,0,12,0,0,0,0,0.0,0,,0,1,,0,0,0,1,42,4,MQTT,4,0.0,0,0,0,0,0,64.0,5760.0,0,0,esp32_a842e3abaccc,66,eth:ethertype:ip:tcp:mqtt,29.1,94.9,51.7,160.0,-60.0,84:F3:EB:65:43:21,,,,,0.0,Normal,0.0
1744301934890081,10.42.0.3,10.42.0.1,54267,1883,45,5,0,1,0,0,1,0,3,0,0,0,0,0.0,0,,0,0,,0,0,0,0,0,0,0,0,0.0,0,0,0,0,0,64.0,5756.0,0,0,0,57,eth:ethertype:ip:tcp,29.1,94.9,51.7,160.0,-60.0,84:F3:EB:65:43:21,,,,,0.0,Normal,0.0
1744301934898721,10.42.0.3,10.42.0.1,54267,1883,48,5,0,1,1,0,1,0,182,0,0,0,0,0.0,0,,0,3,"Wakeup: 0, Mode: 0, Reset: 1, Temperature: 35.6, Uptime: 188157, Memory: 94.8, In_Temperature: 51.7, CPU: 160, RSSI: -53, MAC: 84:F3:EB:65:43:21, F_Storage: 99.22",test/temperatura,16,0,0,180,0,0,0,0.0,0,0,0,0,0,64.0,5756.0,0,0,0,236,eth:ethertype:ip:tcp:mqtt:mqtt,35.6,94.8,51.7,160.0,-53.0,84:F3:EB:65:43:21,,,,,0.0,Normal,0.0
1744301934902094,10.42.0.3,10.42.0.1,54267,1883,231,6,0,1,0,0,0,0,0,0,0,0,0,0.0,0,,0,0,,0,0,0,0,0,0,0,0,0.0,0,0,0,0,0,64.0,5755.0,0,0,0,54,eth:ethertype:ip:tcp,35.6,94.8,51.7,160.0,-53.0,84:F3:EB:65:43:21,,,,,0.0,Normal,0.0
1744301964911229,10.42.0.3,10.42.0.1,54268,1883,0,0,1,0,0,0,0,0,0,0,0,0,0,0.0,0,,0,0,,0,0,0,0,0,0,0,0,0.0,0,0,0,0,0,64.0,5760.0,0,0,0,58,eth:ethertype:ip:tcp,35.6,94.8,51.7,160.0,-53.0,84:F3:EB:65:43:21,,,,,0.0,Normal,0.0
1744301964916558,10.42.0.3,10.42.0.1,54268,1883,1,1,0,1,0,0,0,0,0,0,0,0,0,0.0,0,,0,0,,0,0,0,0,0,0,0,0,0.0,0,0,0,0,0,64.0,5760.0,0,0,0,54,eth:ethertype:ip:tcp,35.6,94.8,51.7,160.0,-53.0,84:F3:EB:65:43:21,,,,,0.0,Normal,0.0
1744301964917201,10.42.0.3,10.42.0.1,54268,1883,1,1,0,1,0,0,1,0,3,0,0,0,0,0.0,0,,0,0,,0,0,0,0,0,0,0,0,0.0,0,0,0,0,0,64.0,5760.0,0,0,0,57,eth:ethertype:ip:tcp,35.6,94.8,51.7,160.0,-53.0,84:F3:EB:65:43:21,,,,,0.0,Normal,0.0
1744301964920602,10.42.0.3,10.42.0.1,54268,1883,4,1,0,1,0,0,1,0,29,0,0,0,0,0.0,0,,0,0,,0,0,0,0,0,0,0,0,0.0,0,0,0,0,0,64.0,5760.0,0,0,0,83,eth:ethertype:ip:tcp,35.6,94.8,51.7,160.0,-53.0,84:F3:EB:65:43:21,,,,,0.0,Normal,0.0
1744301964924707,10.42.0.3,10.42.0.1,54268,1883,33,1,0,1,0,0,1,0,12,0,0,0,0,0.0,0,,0,1,,0,0,0,1,42,4,MQTT,4,0.0,0,0,0,0,0,64.0,5760.0,0,0,esp32_a842e3abaccc,66,eth:ethertype:ip:tcp:mqtt,35.6,94.8,51.7,160.0,-53.0,84:F3:EB:65:43:21,,,,,0.0,Normal,0.0
1744301964953533,10.42.0.3,10.42.0.1,54268,1883,45,5,0,1,0,0,1,0,3,0,0,0,0,0.0,0,,0,0,,0,0,0,0,0,0,0,0,0.0,0,0,0,0,0,64.0,5756.0,0,0,0,57,eth:ethertype:ip:tcp,35.6,94.8,51.7,160.0,-53.0,84:F3:EB:65:43:21,,,,,0.0,Normal,0.0
1744301964967905,10.42.0.3,10.42.0.1,54268,1883,48,5,0,1,1,0,1,0,182,0,0,0,0,0.0,0,,0,3,"Wakeup: 0, Mode: 0, Reset: 1, Temperature: 25.2, Uptime: 188187, Memory: 94.8, In_Temperature: 51.7, CPU: 160, RSSI: -54, MAC: 84:F3:EB:65:43:21, F_Storage: 99.22",test/temperatura,16,0,0,180,0,0,0,0.0,0,0,0,0,0,64.0,5756.0,0,0,0,236,eth:ethertype:ip:tcp:mqtt:mqtt,25.2,94.8,51.7,160.0,-54.0,84:F3:EB:65:43:21,,,,,0.0,Normal,0.0
1744301964971242,10.42.0.3,10.42.0.1,54268,1883,231,6,0,1,0,0,0,0,0,0,0,0,0,0.0,0,,0,0,,0,0,0,0,0,0,0,0,0.0,0,0,0,0,0,64.0,5755.0,0,0,0,54,eth:ethertype:ip:tcp,25.2,94.8,51.7,160.0,-54.0,84:F3:EB:65:43:21,,,,,0.0,Normal,0.0
1744301994977095,10.42.0.3,10.42.0.1,54269,1883,0,0,1,0,0,0,0,0,0,0,0,0,0,0.0,0,,0,0,,0,0,0,0,0,0,0,0,0.0,0,0,0,0,0,64.0,5760.0,0,0,0,58,eth:ethertype:ip:tcp,25.2,94.8,51.7,160.0,-54.0,84:F3:EB:65:43:21,,,,,0.0,Normal,0.0
1744301994981871,10.42.0.3,10.42.0.1,54269,1883,1,1,0,1,0,0,0,0,0,0,0,0,0,0.0,0,,0,0,,0,0,0,0,0,0,0,0,0.0,0,0,0,0,0,64.0,5760.0,0,0,0,54,eth:ethertype:ip:tcp,25.2,94.8,51.7,160.0,-54.0,84:F3:EB:65:43:21,,,,,0.0,Normal,0.0
1744301994983920,10.42.0.3,10.42.0.1,54269,1883,1,1,0,1,0,0,1,0,3,0,0,0,0,0.0,0,,0,0,,0,0,0,0,0,0,0,0,0.0,0,0,0,0,0,64.0,5760.0,0,0,0,57,eth:ethertype:ip:tcp,25.2,94.8,51.7,160.0,-54.0,84:F3:EB:65:43:21,,,,,0.0,Normal,0.0
1744301994987357,10.42.0.3,10.42.0.1,54269,1883,4,1,0,1,0,0,1,0,29,0,0,0,0,0.0,0,,0,0,,0,0,0,0,0,0,0,0,0.0,0,0,0,0,0,64.0,5760.0,0,0,0,83,eth:ethertype:ip:tcp,25.2,94.8,51.7,160.0,-54.0,84:F3:EB:65:43:21,,,,,0.0,Normal,0.0
1744301994991471,10.42.0.3,10.42.0.1,54269,1883,33,1,0,1,0,0,1,0,12,0,0,0,0,0.0,0,,0,1,,0,0,0,1,42,4,MQTT,4,0.0,0,0,0,0,0,64.0,5760.0,0,0,esp32_a842e3abaccc,66,eth:ethertype:ip:tcp:mqtt,25.2,94.8,51.7,160.0,-54.0,84:F3:EB:65:43:21,,,,,0.0,Normal,0.0
1744301995015533,10.42.0.3,10.42.0.1,54269,1883,45,5,0,1,0,0,1,0,3,0,0,0,0,0.0,0,,0,0,,0,0,0,0,0,0,0,0,0.0,0,0,0,0,0,64.0,5756.0,0,0,0,57,eth:ethertype:ip:tcp,25.2,94.8,51.7,160.0,-54.0,84:F3:EB:65:43:21,,,,,0.0,Normal,0.0
1744301995027631,10.42.0.3,10.42.0.1,54269,1883,48,5,0,1,1,0,1,0,182,0,0,0,0,0.0,0,,0,3,"Wakeup: 0, Mode: 0, Reset: 1, Temperature: 27.4, Uptime: 188217, Memory: 94.9, In_Temperature: 51.7, CPU: 160, RSSI: -53, MAC: 84:F3:EB:65:43:21, F_Storage: 99.22",test/temperatura,16,0,0,180,0,0,0,0.0,0,0,0,0,0,64.0,5756.0,0,0,0,236,eth:ethertype:ip:tcp:mqtt:mqtt,27.4,94.9,51.7,160.0,-53.0,84:F3:EB:65:43:21,,,,,0.0,Normal,0.0
1744301995031056,10.42.0.3,10.42.0.1,54269,1883,231,6,0,1,0,0,0,0,0,0,0,0,0,0.0,0,,0,0,,0,0,0,0,0,0,0,0,0.0,0,0,0,0,0,64.0,5755.0,0,0,0,54,eth:ethertype:ip:tcp,27.4,94.9,51.7,160.0,-53.0,84:F3:EB:65:43:21,,,,,0.0,Normal,0.0
1744302025037133,10.42.0.3,10.42.0.1,54270,1883,0,0,1,0,0,0,0,0,0,0,0,0,0,0.0,0,,0,0,,0,0,0,0,0,0,0,0,0.0,0,0,0,0,0,64.0,5760.0,0,0,0,58,eth:ethertype:ip:tcp,27.4,94.9,51.7,160.0,-53.0,84:F3:EB:65:43:21,,,,,0.0,Normal,0.0
1744302025042413,10.42.0.3,10.42.0.1,54270,1883,1,1,0,1,0,0,0,0,0,0,0,0,0,0.0,0,,0,0,,0,0,0,0,0,0,0,0,0.0,0,0,0,0,0,64.0,5760.0,0,0,0,54,eth:ethertype:ip:tcp,27.4,94.9,51.7,160.0,-53.0,84:F3:EB:65:43:21,,,,,0.0,Normal,0.0
1744302025044500,10.42.0.3,10.42.0.1,54270,1883,1,1,0,1,0,0,1,0,3,0,0,0,0,0.0,0,,0,0,,0,0,0,0,0,0,0,0,0.0,0,0,0,0,0,64.0,5760.0,0,0,0,57,eth:ethertype:ip:tcp,27.4,94.9,51.7,160.0,-53.0,84:F3:EB:65:43:21,,,,,0.0,Normal,0.0
1744302025048183,10.42.0.3,10.42.0.1,54270,1883,4,1,0,1,0,0,1,0,29,0,0,0,0,0.0,0,,0,0,,0,0,0,0,0,0,0,0,0.0,0,0,0,0,0,64.0,5760.0,0,0,0,83,eth:ethertype:ip:tcp,27.4,94.9,51.7,160.0,-53.0,84:F3:EB:65:43:21,,,,,0.0,Normal,0.0
1744302025051208,10.42.0.3,10.42.0.1,54270,1883,33,1,0,1,0,0,1,0,12,0,0,0,0,0.0,0,,0,1,,0,0,0,1,42,4,MQTT,4,0.0,0,0,0,0,0,64.0,5760.0,0,0,esp32_a842e3abaccc,66,eth:ethertype:ip:tcp:mqtt,27.4,94.9,51.7,160.0,-53.0,84:F3:EB:65:43:21,,,,,0.0,Normal,0.0
1744302025077691,10.42.0.3,10.42.0.1,54270,1883,45,5,0,1,0,0,1,0,3,0,0,0,0,0.0,0,,0,0,,0,0,0,0,0,0,0,0,0.0,0,0,0,0,0,64.0,5756.0,0,0,0,57,eth:ethertype:ip:tcp,27.4,94.9,51.7,160.0,-53.0,84:F3:EB:65:43:21,,,,,0.0,Normal,0.0
1744302025086680,10.42.0.3,10.42.0.1,54270,1883,48,5,0,1,1,0,1,0,182,0,0,0,0,0.0,0,,0,3,"Wakeup: 0, Mode: 0, Reset: 1, Temperature: 31.6, Uptime: 188247, Memory: 94.8, In_Temperature: 51.7, CPU: 160, RSSI: -53, MAC: 84:F3:EB:65:43:21, F_Storage: 99.22",test/temperatura,16,0,0,180,0,0,0,0.0,0,0,0,0,0,64.0,5756.0,0,0,0,236,eth:ethertype:ip:tcp:mqtt:mqtt,31.6,94.8,51.7,160.0,-53.0,84:F3:EB:65:43:21,,,,,0.0,Normal,0.0
1744302025090105,10.42.0.3,10.42.0.1,54270,1883,231,6,0,1,0,0,0,0,0,0,0,0,0,0.0,0,,0,0,,0,0,0,0,0,0,0,0,0.0,0,0,0,0,0,64.0,5755.0,0,0,0,54,eth:ethertype:ip:tcp,31.6,94.8,51.7,160.0,-53.0,84:F3:EB:65:43:21,,,,,0.0,Normal,0.0
1744302055095614,10.42.0.3,10.42.0.1,54271,1883,0,0,1,0,0,0,0,0,0,0,0,0,0,0.0,0,,0,0,,0,0,0,0,0,0,0,0,0.0,0,0,0,0,0,64.0,5760.0,0,0,0,58,eth:ethertype:ip:tcp,31.6,94.8,51.7,160.0,-53.0,84:F3:EB:65:43:21,,,,,0.0,Normal,0.0
1744302055099758,10.42.0.3,10.42.0.1,54271,1883,1,1,0,1,0,0,0,0,0,0,0,0,0,0.0,0,,0,0,,0,0,0,0,0,0,0,0,0.0,0,0,0,0,0,64.0,5760.0,0,0,0,54,eth:ethertype:ip:tcp,31.6,94.8,51.7,160.0,-53.0,84:F3:EB:65:43:21,,,,,0.0,Normal,0.0
1744302055102387,10.42.0.3,10.42.0.1,54271,1883,1,1,0,1,0,0,1,0,3,0,0,0,0,0.0,0,,0,0,,0,0,0,0,0,0,0,0,0.0,0,0,0,0,0,64.0,5760.0,0,0,0,57,eth:ethertype:ip:tcp,31.6,94.8,51.7,160.0,-53.0,84:F3:EB:65:43:21,,,,,0.0,Normal,0.0
1744302055107886,10.42.0.3,10.42.0.1,54271,1883,4,1,0,1,0,0,1,0,29,0,0,0,0,0.0,0,,0,0,,0,0,0,0,0,0,0,0,0.0,0,0,0,0,0,64.0,5760.0,0,0,0,83,eth:ethertype:ip:tcp,31.6,94.8,51.7,160.0,-53.0,84:F3:EB:65:43:21,,,,,0.0,Normal,0.0
1744302055110715,10.42.0.3,10.42.0.1,54271,1883,33,1,0,1,0,0,1,0,12,0,0,0,0,0.0,0,,0,1,,0,0,0,1,42,4,MQTT,4,0.0,0,0,0,0,0,64.0,5760.0,0,0,esp32_a842e3abaccc,66,eth:ethertype:ip:tcp:mqtt,31.6,94.8,51.7,160.0,-53.0,84:F3:EB:65:43:21,,,,,0.0,Normal,0.0
1744302055134559,10.42.0.3,10.42.0.1,54271,1883,45,5,0,1,0,0,1,0,3,0,0,0,0,0.0,0,,0,0,,0,0,0,0,0,0,0,0,0.0,0,0,0,0,0,64.0,5756.0,0,0,0,57,eth:ethertype:ip:tcp,31.6,94.8,51.7,160.0,-53.0,84:F3:EB:65:43:21,,,,,0.0,Normal,0.0
1744302055146783,10.42.0.3,10.42.0.1,54271,1883,48,5,0,1,1,0,1,0,182,0,0,0,0,0.0,0,,0,3,"Wakeup: 0, Mode: 0, Reset: 1, Temperature: 35.8, Uptime: 188277, Memory: 94.8, In_Temperature: 51.7, CPU: 160, RSSI: -53, MAC: 84:F3:EB:65:43:21, F_Storage: 99.22",test/temperatura,16,0,0,180,0,0,0,0.0,0,0,0,0,0,64.0,5756.0,0,0,0,236,eth:ethertype:ip:tcp:mqtt:mqtt,35.8,94.8,51.7,160.0,-53.0,84:F3:EB:65:43:21,,,,,0.0,Normal,0.0
1744302055150671,10.42.0.3,10.42.0.1,54271,1883,231,6,0,1,0,0,0,0,0,0,0,0,0,0.0,0,,0,0,,0,0,0,0,0,0,0,0,0.0,0,0,0,0,0,64.0,5755.0,0,0,0,54,eth:ethertype:ip:tcp,35.8,94.8,51.7,160.0,-53.0,84:F3:EB:65:43:21,,,,,0.0,Normal,0.0
1744302085155489,10.42.0.3,10.42.0.1,54272,1883,0,0,1,0,0,0,0,0,0,0,0,0,0,0.0,0,,0,0,,0,0,0,0,0,0,0,0,0.0,0,0,0,0,0,64.0,5760.0,0,0,0,58,eth:ethertype:ip:tcp,35.8,94.8,51.7,160.0,-53.0,84:F3:EB:65:43:21,,,,,0.0,Normal,0.0
1744302085159336,10.42.0.3,10.42.0.1,54272,1883,1,1,0,1,0,0,0,0,0,0,0,0,0,0.0,0,,0,0,,0,0,0,0,0,0,0,0,0.0,0,0,0,0,0,64.0,5760.0,0,0,0,54,eth:ethertype:ip:tcp,35.8,94.8,51.7,160.0,-53.0,84:F3:EB:65:43:21,,,,,0.0,Normal,0.0
1744302085161522,10.42.0.3,10.42.0.1,54272,1883,1,1,0,1,0,0,1,0,3,0,0,0,0,0.0,0,,0,0,,0,0,0,0,0,0,0,0,0.0,0,0,0,0,0,64.0,5760.0,0,0,0,57,eth:ethertype:ip:tcp,35.8,94.8,51.7,160.0,-53.0,84:F3:EB:65:43:21,,,,,0.0,Normal,0.0
1744302085164847,10.42.0.3,10.42.0.1,54272,1883,4,1,0,1,0,0,1,0,29,0,0,0,0,0.0,0,,0,0,,0,0,0,0,0,0,0,0,0.0,0,0,0,0,0,64.0,5760.0,0,0,0,83,eth:ethertype:ip:tcp,35.8,94.8,51.7,160.0,-53.0,84:F3:EB:65:43:21,,,,,0.0,Normal,0.0
1744302085167814,10.42.0.3,10.42.0.1,54272,1883,33,1,0,1,0,0,1,0,12,0,0,0,0,0.0,0,,0,1,,0,0,0,1,42,4,MQTT,4,0.0,0,0,0,0,0,64.0,5760.0,0,0,esp32_a842e3abaccc,66,eth:ethertype:ip:tcp:mqtt,35.8,94.8,51.7,160.0,-53.0,84:F3:EB:65:43:21,,,,,0.0,Normal,0.0
1744302085192058,10.42.0.3,10.42.0.1,54272,1883,45,5,0,1,0,0,1,0,3,0,0,0,0,0.0,0,,0,0,,0,0,0,0,0,0,0,0,0.0,0,0,0,0,0,64.0,5756.0,0,0,0,57,eth:ethertype:ip:tcp,35.8,94.8,51.7,160.0,-53.0,84:F3:EB:65:43:21,,,,,0.0,Normal,0.0
1744302085206161,10.42.0.3,10.42.0.1,54272,1883,48,5,0,1,1,0,1,0,182,0,0,0,0,0.0,0,,0,3,"Wakeup: 0, Mode: 0, Reset: 1, Temperature: 36.4, Uptime: 188307, Memory: 94.8, In_Temperature: 51.7, CPU: 160, RSSI: -58, MAC: 84:F3:EB:65:43:21, F_Storage: 99.22",test/temperatura,16,0,0,180,0,0,0,0.0,0,0,0,0,0,64.0,5756.0,0,0,0,236,eth:ethertype:ip:tcp:mqtt:mqtt,36.4,94.8,51.7,160.0,-58.0,84:F3:EB:65:43:21,,,,,0.0,Normal,0.0
1744302085209598,10.42.0.3,10.42.0.1,54272,1883,231,6,0,1,0,0,0,0,0,0,0,0,0,0.0,0,,0,0,,0,0,0,0,0,0,0,0,0.0,0,0,0,0,0,64.0,5755.0,0,0,0,54,eth:ethertype:ip:tcp,36.4,94.8,51.7,160.0,-58.0,84:F3:EB:65:43:21,,,,,0.0,Normal,0.0
1744302115215022,10.42.0.3,10.42.0.1,54273,1883,0,0,1,0,0,0,0,0,0,0,0,0,0,0.0,0,,0,0,,0,0,0,0,0,0,0,0,0.0,0,0,0,0,0,64.0,5760.0,0,0,0,58,eth:ethertype:ip:tcp,36.4,94.8,51.7,160.0,-58.0,84:F3:EB:65:43:21,,,,,0.0,Normal,0.0
1744302115218981,10.42.0.3,10.42.0.1,54273,1883,1,1,0,1,0,0,0,0,0,0,0,0,0,0.0,0,,0,0,,0,0,0,0,0,0,0,0,0.0,0,0,0,0,0,64.0,5760.0,0,0,0,54,eth:ethertype:ip:tcp,36.4,94.8,51.7,160.0,-58.0,84:F3:EB:65:43:21,,,,,0.0,Normal,0.0
1744302115221003,10.42.0.3,10.42.0.1,54273,1883,1,1,0,1,0,0,1,0,3,0,0,0,0,0.0,0,,0,0,,0,0,0,0,0,0,0,0,0.0,0,0,0,0,0,64.0,5760.0,0,0,0,57,eth:ethertype:ip:tcp,36.4,94.8,51.7,160.0,-58.0,84:F3:EB:65:43:21,,,,,0.0,Normal,0.0
1744302115224487,10.42.0.3,10.42.0.1,54273,1883,4,1,0,1,0,0,1,0,29,0,0,0,0,0.0,0,,0,0,,0,0,0,0,0,0,0,0,0.0,0,0,0,0,0,64.0,5760.0,0,0,0,83,eth:ethertype:ip:tcp,36.4,94.8,51.7,160.0,-58.0,84:F3:EB:65:43:21,,,,,0.0,Normal,0.0
1744302115227492,10.42.0.3,10.42.0.1,54273,1883,33,1,0,1,0,0,1,0,12,0,0,0,0,0.0,0,,0,1,,0,0,0,1,42,4,MQTT,4,0.0,0,0,0,0,0,64.0,5760.0,0,0,esp32_a842e3abaccc,66,eth:ethertype:ip:tcp:mqtt,36.4,94.8,51.7,160.0,-58.0,84:F3:EB:65:43:21,,,,,0.0,Normal,0.0
1744302115251653,10.42.0.3,10.42.0.1,54273,1883,45,5,0,1,0,0,1,0,3,0,0,0,0,0.0,0,,0,0,,0,0,0,0,0,0,0,0,0.0,0,0,0,0,0,64.0,5756.0,0,0,0,57,eth:ethertype:ip:tcp,36.4,94.8,51.7,160.0,-58.0,84:F3:EB:65:43:21,,,,,0.0,Normal,0.0
1744302115265605,10.42.0.3,10.42.0.1,54273,1883,48,5,0,1,1,0,1,0,182,0,0,0,0,0.0,0,,0,3,"Wakeup: 0, Mode: 0, Reset: 1, Temperature: 34.6, Uptime: 188337, Memory: 94.8, In_Temperature: 51.7, CPU: 160, RSSI: -54, MAC: 84:F3:EB:65:43:21, F_Storage: 99.22",test/temperatura,16,0,0,180,0,0,0,0.0,0,0,0,0,0,64.0,5756.0,0,0,0,236,eth:ethertype:ip:tcp:mqtt:mqtt,34.6,94.8,51.7,160.0,-54.0,84:F3:EB:65:43:21,,,,,0.0,Normal,0.0
1744302115269455,10.42.0.3,10.42.0.1,54273,1883,231,6,0,1,0,0,0,0,0,0,0,0,0,0.0,0,,0,0,,0,0,0,0,0,0,0,0,0.0,0,0,0,0,0,64.0,5755.0,0,0,0,54,eth:ethertype:ip:tcp,34.6,94.8,51.7,160.0,-54.0,84:F3:EB:65:43:21,,,,,0.0,Normal,0.0
1744302145274166,10.42.0.3,10.42.0.1,54274,1883,0,0,1,0,0,0,0,0,0,0,0,0,0,0.0,0,,0,0,,0,0,0,0,0,0,0,0,0.0,0,0,0,0,0,64.0,5760.0,0,0,0,58,eth:ethertype:ip:tcp,34.6,94.8,51.7,160.0,-54.0,84:F3:EB:65:43:21,,,,,0.0,Normal,0.0
1744302145278108,10.42.0.3,10.42.0.1,54274,1883,1,1,0,1,0,0,0,0,0,0,0,0,0,0.0,0,,0,0,,0,0,0,0,0,0,0,0,0.0,0,0,0,0,0,64.0,5760.0,0,0,0,54,eth:ethertype:ip:tcp,34.6,94.8,51.7,160.0,-54.0,84:F3:EB:65:43:21,,,,,0.0,Normal,0.0
1744302145280279,10.42.0.3,10.42.0.1,54274,1883,1,1,0,1,0,0,1,0,3,0,0,0,0,0.0,0,,0,0,,0,0,0,0,0,0,0,0,0.0,0,0,0,0,0,64.0,5760.0,0,0,0,57,eth:ethertype:ip:tcp,34.6,94.8,51.7,160.0,-54.0,84:F3:EB:65:43:21,,,,,0.0,Normal,0.0
1744302145283654,10.42.0.3,10.42.0.1,54274,1883,4,1,0,1,0,0,1,0,29,0,0,0,0,0.0,0,,0,0,,0,0,0,0,0,0,0,0,0.0,0,0,0,0,0,64.0,5760.0,0,0,0,83,eth:ethertype:ip:tcp,34.6,94.8,51.7,160.0,-54.0,84:F3:EB:65:43:21,,,,,0.0,Normal,0.0
1744302145286766,10.42.0.3,10.42.0.1,54274,1883,33,1,0,1,0,0,1,0,12,0,0,0,0,0.0,0,,0,1,,0,0,0,1,42,4,MQTT,4,0.0,0,0,0,0,0,64.0,5760.0,0,0,esp32_a842e3abaccc,66,eth:ethertype:ip:tcp:mqtt,34.6,94.8,51.7,160.0,-54.0,84:F3:EB:65:43:21,,,,,0.0,Normal,0.0
1744302145294059,10.42.0.3,10.42.0.1,54274,1883,45,5,0,1,0,0,0,0,0,0,0,0,0,0.0,0,,0,0,,0,0,0,0,0,0,0,0,0.0,0,0,0,0,0,64.0,5756.0,0,0,0,54,eth:ethertype:ip:tcp,34.6,94.8,51.7,160.0,-54.0,84:F3:EB:65:43:21,,,,,0.0,Normal,0.0
1744302145310661,10.42.0.3,10.42.0.1,54274,1883,45,5,0,1,0,0,1,0,3,0,0,0,0,0.0,0,,0,0,,0,0,0,0,0,0,0,0,0.0,0,0,0,0,0,64.0,5756.0,0,0,0,57,eth:ethertype:ip:tcp,34.6,94.8,51.7,160.0,-54.0,84:F3:EB:65:43:21,,,,,0.0,Normal,0.0
1744302145326215,10.42.0.3,10.42.0.1,54274,1883,48,5,0,1,1,0,1,0,182,0,0,0,0,0.0,0,,0,3,"Wakeup: 0, Mode: 0, Reset: 1, Temperature: 33.6, Uptime: 188367, Memory: 94.8, In_Temperature: 51.7, CPU: 160, RSSI: -53, MAC: 84:F3:EB:65:43:21, F_Storage: 99.22",test/temperatura,16,0,0,180,0,0,0,0.0,0,0,0,0,0,64.0,5756.0,0,0,0,236,eth:ethertype:ip:tcp:mqtt:mqtt,33.6,94.8,51.7,160.0,-53.0,84:F3:EB:65:43:21,,,,,0.0,Normal,0.0
1744302145330997,10.42.0.3,10.42.0.1,54274,1883,231,6,0,1,0,0,0,0,0,0,0,0,0,0.0,0,,0,0,,0,0,0,0,0,0,0,0,0.0,0,0,0,0,0,64.0,5755.0,0,0,0,54,eth:ethertype:ip:tcp,33.6,94.8,51.7,160.0,-53.0,84:F3:EB:65:43:21,,,,,0.0,Normal,0.0
1744302175332657,10.42.0.3,10.42.0.1,54275,1883,0,0,1,0,0,0,0,0,0,0,0,0,0,0.0,0,,0,0,,0,0,0,0,0,0,0,0,0.0,0,0,0,0,0,64.0,5760.0,0,0,0,58,eth:ethertype:ip:tcp,33.6,94.8,51.7,160.0,-53.0,84:F3:EB:65:43:21,,,,,0.0,Normal,0.0
1744302175336314,10.42.0.3,10.42.0.1,54275,1883,1,1,0,1,0,0,0,0,0,0,0,0,0,0.0,0,,0,0,,0,0,0,0,0,0,0,0,0.0,0,0,0,0,0,64.0,5760.0,0,0,0,54,eth:ethertype:ip:tcp,33.6,94.8,51.7,160.0,-53.0,84:F3:EB:65:43:21,,,,,0.0,Normal,0.0
1744302175338662,10.42.0.3,10.42.0.1,54275,1883,1,1,0,1,0,0,1,0,3,0,0,0,0,0.0,0,,0,0,,0,0,0,0,0,0,0,0,0.0,0,0,0,0,0,64.0,5760.0,0,0,0,57,eth:ethertype:ip:tcp,33.6,94.8,51.7,160.0,-53.0,84:F3:EB:65:43:21,,,,,0.0,Normal,0.0
1744302175342056,10.42.0.3,10.42.0.1,54275,1883,4,1,0,1,0,0,1,0,29,0,0,0,0,0.0,0,,0,0,,0,0,0,0,0,0,0,0,0.0,0,0,0,0,0,64.0,5760.0,0,0,0,83,eth:ethertype:ip:tcp,33.6,94.8,51.7,160.0,-53.0,84:F3:EB:65:43:21,,,,,0.0,Normal,0.0
1744302175347212,10.42.0.3,10.42.0.1,54275,1883,33,1,0,1,0,0,1,0,12,0,0,0,0,0.0,0,,0,1,,0,0,0,1,42,4,MQTT,4,0.0,0,0,0,0,0,64.0,5760.0,0,0,esp32_a842e3abaccc,66,eth:ethertype:ip:tcp:mqtt,33.6,94.8,51.7,160.0,-53.0,84:F3:EB:65:43:21,,,,,0.0,Normal,0.0
1744302175375220,10.42.0.3,10.42.0.1,54275,1883,45,5,0,1,0,0,1,0,3,0,0,0,0,0.0,0,,0,0,,0,0,0,0,0,0,0,0,0.0,0,0,0,0,0,64.0,5756.0,0,0,0,57,eth:ethertype:ip:tcp,33.6,94.8,51.7,160.0,-53.0,84:F3:EB:65:43:21,,,,,0.0,Normal,0.0
1744302175383698,10.42.0.3,10.42.0.1,54275,1883,48,5,0,1,1,0,1,0,182,0,0,0,0,0.0,0,,0,3,"Wakeup: 0, Mode: 0, Reset: 1, Temperature: 34.2, Uptime: 188397, Memory: 94.8, In_Temperature: 51.7, CPU: 160, RSSI: -52, MAC: 84:F3:EB:65:43:21, F_Storage: 99.22",test/temperatura,16,0,0,180,0,0,0,0.0,0,0,0,0,0,64.0,5756.0,0,0,0,236,eth:ethertype:ip:tcp:mqtt:mqtt,34.2,94.8,51.7,160.0,-52.0,84:F3:EB:65:43:21,,,,,0.0,Normal,0.0
1744302175387337,10.42.0.3,10.42.0.1,54275,1883,231,6,0,1,0,0,0,0,0,0,0,0,0,0.0,0,,0,0,,0,0,0,0,0,0,0,0,0.0,0,0,0,0,0,64.0,5755.0,0,0,0,54,eth:ethertype:ip:tcp,34.2,94.8,51.7,160.0,-52.0,84:F3:EB:65:43:21,,,,,0.0,Normal,0.0
1744302205401165,10.42.0.3,10.42.0.1,54276,1883,0,0,1,0,0,0,0,0,0,0,0,0,0,0.0,0,,0,0,,0,0,0,0,0,0,0,0,0.0,0,0,0,0,0,64.0,5760.0,0,0,0,58,eth:ethertype:ip:tcp,34.2,94.8,51.7,160.0,-52.0,84:F3:EB:65:43:21,,,,,0.0,Normal,0.0
1744302205405727,10.42.0.3,10.42.0.1,54276,1883,1,1,0,1,0,0,0,0,0,0,0,0,0,0.0,0,,0,0,,0,0,0,0,0,0,0,0,0.0,0,0,0,0,0,64.0,5760.0,0,0,0,54,eth:ethertype:ip:tcp,34.2,94.8,51.7,160.0,-52.0,84:F3:EB:65:43:21,,,,,0.0,Normal,0.0
1744302205407986,10.42.0.3,10.42.0.1,54276,1883,1,1,0,1,0,0,1,0,3,0,0,0,0,0.0,0,,0,0,,0,0,0,0,0,0,0,0,0.0,0,0,0,0,0,64.0,5760.0,0,0,0,57,eth:ethertype:ip:tcp,34.2,94.8,51.7,160.0,-52.0,84:F3:EB:65:43:21,,,,,0.0,Normal,0.0
1744302205411418,10.42.0.3,10.42.0.1,54276,1883,4,1,0,1,0,0,1,0,29,0,0,0,0,0.0,0,,0,0,,0,0,0,0,0,0,0,0,0.0,0,0,0,0,0,64.0,5760.0,0,0,0,83,eth:ethertype:ip:tcp,34.2,94.8,51.7,160.0,-52.0,84:F3:EB:65:43:21,,,,,0.0,Normal,0.0
1744302205414494,10.42.0.3,10.42.0.1,54276,1883,33,1,0,1,0,0,1,0,12,0,0,0,0,0.0,0,,0,1,,0,0,0,1,42,4,MQTT,4,0.0,0,0,0,0,0,64.0,5760.0,0,0,esp32_a842e3abaccc,66,eth:ethertype:ip:tcp:mqtt,34.2,94.8,51.7,160.0,-52.0,84:F3:EB:65:43:21,,,,,0.0,Normal,0.0
1744302205440472,10.42.0.3,10.42.0.1,54276,1883,45,5,0,1,0,0,1,0,3,0,0,0,0,0.0,0,,0,0,,0,0,0,0,0,0,0,0,0.0,0,0,0,0,0,64.0,5756.0,0,0,0,57,eth:ethertype:ip:tcp,34.2,94.8,51.7,160.0,-52.0,84:F3:EB:65:43:21,,,,,0.0,Normal,0.0
1744302205453018,10.42.0.3,10.42.0.1,54276,1883,48,5,0,1,1,0,1,0,182,0,0,0,0,0.0,0,,0,3,"Wakeup: 0, Mode: 0, Reset: 1, Temperature: 33.4, Uptime: 188427, Memory: 94.8, In_Temperature: 51.7, CPU: 160, RSSI: -56, MAC: 84:F3:EB:65:43:21, F_Storage: 99.22",test/temperatura,16,0,0,180,0,0,0,0.0,0,0,0,0,0,64.0,5756.0,0,0,0,236,eth:ethertype:ip:tcp:mqtt:mqtt,33.4,94.8,51.7,160.0,-56.0,84:F3:EB:65:43:21,,,,,0.0,Normal,0.0
1744302205459363,10.42.0.3,10.42.0.1,54276,1883,231,6,0,1,0,0,0,0,0,0,0,0,0,0.0,0,,0,0,,0,0,0,0,0,0,0,0,0.0,0,0,0,0,0,64.0,5755.0,0,0,0,54,eth:ethertype:ip:tcp,33.4,94.8,51.7,160.0,-56.0,84:F3:EB:65:43:21,,,,,0.0,Normal,0.0
1744302235462113,10.42.0.3,10.42.0.1,54277,1883,0,0,1,0,0,0,0,0,0,0,0,0,0,0.0,0,,0,0,,0,0,0,0,0,0,0,0,0.0,0,0,0,0,0,64.0,5760.0,0,0,0,58,eth:ethertype:ip:tcp,33.4,94.8,51.7,160.0,-56.0,84:F3:EB:65:43:21,,,,,0.0,Normal,0.0
1744302235466978,10.42.0.3,10.42.0.1,54277,1883,1,1,0,1,0,0,0,0,0,0,0,0,0,0.0,0,,0,0,,0,0,0,0,0,0,0,0,0.0,0,0,0,0,0,64.0,5760.0,0,0,0,54,eth:ethertype:ip:tcp,33.4,94.8,51.7,160.0,-56.0,84:F3:EB:65:43:21,,,,,0.0,Normal,0.0
1744302235469417,10.42.0.3,10.42.0.1,54277,1883,1,1,0,1,0,0,1,0,3,0,0,0,0,0.0,0,,0,0,,0,0,0,0,0,0,0,0,0.0,0,0,0,0,0,64.0,5760.0,0,0,0,57,eth:ethertype:ip:tcp,33.4,94.8,51.7,160.0,-56.0,84:F3:EB:65:43:21,,,,,0.0,Normal,0.0
1744302235475054,10.42.0.3,10.42.0.1,54277,1883,4,1,0,1,0,0,1,0,41,0,0,0,0,0.0,0,,0,1,,0,0,0,1,42,4,MQTT,4,0.0,0,0,0,0,0,64.0,5760.0,0,0,esp32_a842e3abaccc,95,eth:ethertype:ip:tcp:mqtt,33.4,94.8,51.7,160.0,-56.0,84:F3:EB:65:43:21,,,,,0.0,Normal,0.0
1744302235499832,10.42.0.3,10.42.0.1,54277,1883,45,5,0,1,0,0,1,0,3,0,0,0,0,0.0,0,,0,0,,0,0,0,0,0,0,0,0,0.0,0,0,0,0,0,64.0,5756.0,0,0,0,57,eth:ethertype:ip:tcp,33.4,94.8,51.7,160.0,-56.0,84:F3:EB:65:43:21,,,,,0.0,Normal,0.0
1744302235514013,10.42.0.3,10.42.0.1,54277,1883,48,5,0,1,1,0,1,0,182,0,0,0,0,0.0,0,,0,3,"Wakeup: 0, Mode: 0, Reset: 1, Temperature: 40.8, Uptime: 188457, Memory: 94.8, In_Temperature: 51.7, CPU: 160, RSSI: -54, MAC: 84:F3:EB:65:43:21, F_Storage: 99.22",test/temperatura,16,0,0,180,0,0,0,0.0,0,0,0,0,0,64.0,5756.0,0,0,0,236,eth:ethertype:ip:tcp:mqtt:mqtt,40.8,94.8,51.7,160.0,-54.0,84:F3:EB:65:43:21,,,,,0.0,Normal,0.0
1744302235517469,10.42.0.3,10.42.0.1,54277,1883,231,6,0,1,0,0,0,0,0,0,0,0,0,0.0,0,,0,0,,0,0,0,0,0,0,0,0,0.0,0,0,0,0,0,64.0,5755.0,0,0,0,54,eth:ethertype:ip:tcp,40.8,94.8,51.7,160.0,-54.0,84:F3:EB:65:43:21,,,,,0.0,Normal,0.0
1744302265521500,10.42.0.3,10.42.0.1,54278,1883,0,0,1,0,0,0,0,0,0,0,0,0,0,0.0,0,,0,0,,0,0,0,0,0,0,0,0,0.0,0,0,0,0,0,64.0,5760.0,0,0,0,58,eth:ethertype:ip:tcp,40.8,94.8,51.7,160.0,-54.0,84:F3:EB:65:43:21,,,,,0.0,Normal,0.0
1744302265525558,10.42.0.3,10.42.0.1,54278,1883,1,1,0,1,0,0,0,0,0,0,0,0,0,0.0,0,,0,0,,0,0,0,0,0,0,0,0,0.0,0,0,0,0,0,64.0,5760.0,0,0,0,54,eth:ethertype:ip:tcp,40.8,94.8,51.7,160.0,-54.0,84:F3:EB:65:43:21,,,,,0.0,Normal,0.0
1744302265527690,10.42.0.3,10.42.0.1,54278,1883,1,1,0,1,0,0,1,0,3,0,0,0,0,0.0,0,,0,0,,0,0,0,0,0,0,0,0,0.0,0,0,0,0,0,64.0,5760.0,0,0,0,57,eth:ethertype:ip:tcp,40.8,94.8,51.7,160.0,-54.0,84:F3:EB:65:43:21,,,,,0.0,Normal,0.0
1744302265531070,10.42.0.3,10.42.0.1,54278,1883,4,1,0,1,0,0,1,0,29,0,0,0,0,0.0,0,,0,0,,0,0,0,0,0,0,0,0,0.0,0,0,0,0,0,64.0,5760.0,0,0,0,83,eth:ethertype:ip:tcp,40.8,94.8,51.7,160.0,-54.0,84:F3:EB:65:43:21,,,,,0.0,Normal,0.0
1744302265534235,10.42.0.3,10.42.0.1,54278,1883,33,1,0,1,0,0,1,0,12,0,0,0,0,0.0,0,,0,1,,0,0,0,1,42,4,MQTT,4,0.0,0,0,0,0,0,64.0,5760.0,0,0,esp32_a842e3abaccc,66,eth:ethertype:ip:tcp:mqtt,40.8,94.8,51.7,160.0,-54.0,84:F3:EB:65:43:21,,,,,0.0,Normal,0.0
1744302265541568,10.42.0.3,10.42.0.1,54278,1883,45,5,0,1,0,0,0,0,0,0,0,0,0,0.0,0,,0,0,,0,0,0,0,0,0,0,0,0.0,0,0,0,0,0,64.0,5756.0,0,0,0,54,eth:ethertype:ip:tcp,40.8,94.8,51.7,160.0,-54.0,84:F3:EB:65:43:21,,,,,0.0,Normal,0.0
1744302265557920,10.42.0.3,10.42.0.1,54278,1883,45,5,0,1,0,0,1,0,3,0,0,0,0,0.0,0,,0,0,,0,0,0,0,0,0,0,0,0.0,0,0,0,0,0,64.0,5756.0,0,0,0,57,eth:ethertype:ip:tcp,40.8,94.8,51.7,160.0,-54.0,84:F3:EB:65:43:21,,,,,0.0,Normal,0.0
1744302265571663,10.42.0.3,10.42.0.1,54278,1883,48,5,0,1,1,0,1,0,182,0,0,0,0,0.0,0,,0,3,"Wakeup: 0, Mode: 0, Reset: 1, Temperature: 28.7, Uptime: 188487, Memory: 94.8, In_Temperature: 51.7, CPU: 160, RSSI: -56, MAC: 84:F3:EB:65:43:21, F_Storage: 99.22",test/temperatura,16,0,0,180,0,0,0,0.0,0,0,0,0,0,64.0,5756.0,0,0,0,236,eth:ethertype:ip:tcp:mqtt:mqtt,28.7,94.8,51.7,160.0,-56.0,84:F3:EB:65:43:21,,,,,0.0,Normal,0.0
1744302265579412,10.42.0.3,10.42.0.1,54278,1883,231,6,0,1,0,0,0,0,0,0,0,0,0,0.0,0,,0,0,,0,0,0,0,0,0,0,0,0.0,0,0,0,0,0,64.0,5755.0,0,0,0,54,eth:ethertype:ip:tcp,28.7,94.8,51.7,160.0,-56.0,84:F3:EB:65:43:21,,,,,0.0,Normal,0.0
1744302295581654,10.42.0.3,10.42.0.1,54279,1883,0,0,1,0,0,0,0,0,0,0,0,0,0,0.0,0,,0,0,,0,0,0,0,0,0,0,0,0.0,0,0,0,0,0,64.0,5760.0,0,0,0,58,eth:ethertype:ip:tcp,28.7,94.8,51.7,160.0,-56.0,84:F3:EB:65:43:21,,,,,0.0,Normal,0.0
1744302295585578,10.42.0.3,10.42.0.1,54279,1883,1,1,0,1,0,0,0,0,0,0,0,0,0,0.0,0,,0,0,,0,0,0,0,0,0,0,0,0.0,0,0,0,0,0,64.0,5760.0,0,0,0,54,eth:ethertype:ip:tcp,28.7,94.8,51.7,160.0,-56.0,84:F3:EB:65:43:21,,,,,0.0,Normal,0.0
1744302295587732,10.42.0.3,10.42.0.1,54279,1883,1,1,0,1,0,0,1,0,3,0,0,0,0,0.0,0,,0,0,,0,0,0,0,0,0,0,0,0.0,0,0,0,0,0,64.0,5760.0,0,0,0,57,eth:ethertype:ip:tcp,28.7,94.8,51.7,160.0,-56.0,84:F3:EB:65:43:21,,,,,0.0,Normal,0.0
1744302295591273,10.42.0.3,10.42.0.1,54279,1883,4,1,0,1,0,0,1,0,29,0,0,0,0,0.0,0,,0,0,,0,0,0,0,0,0,0,0,0.0,0,0,0,0,0,64.0,5760.0,0,0,0,83,eth:ethertype:ip:tcp,28.7,94.8,51.7,160.0,-56.0,84:F3:EB:65:43:21,,,,,0.0,Normal,0.0
1744302295594357,10.42.0.3,10.42.0.1,54279,1883,33,1,0,1,0,0,1,0,12,0,0,0,0,0.0,0,,0,1,,0,0,0,1,42,4,MQTT,4,0.0,0,0,0,0,0,64.0,5760.0,0,0,esp32_a842e3abaccc,66,eth:ethertype:ip:tcp:mqtt,28.7,94.8,51.7,160.0,-56.0,84:F3:EB:65:43:21,,,,,0.0,Normal,0.0
1744302295618734,10.42.0.3,10.42.0.1,54279,1883,45,5,0,1,0,0,1,0,3,0,0,0,0,0.0,0,,0,0,,0,0,0,0,0,0,0,0,0.0,0,0,0,0,0,64.0,5756.0,0,0,0,57,eth:ethertype:ip:tcp,28.7,94.8,51.7,160.0,-56.0,84:F3:EB:65:43:21,,,,,0.0,Normal,0.0
1744302295633088,10.42.0.3,10.42.0.1,54279,1883,48,5,0,1,1,0,1,0,182,0,0,0,0,0.0,0,,0,3,"Wakeup: 0, Mode: 0, Reset: 1, Temperature: 36.2, Uptime: 188517, Memory: 94.9, In_Temperature: 51.7, CPU: 160, RSSI: -53, MAC: 84:F3:EB:65:43:21, F_Storage: 99.22",test/temperatura,16,0,0,180,0,0,0,0.0,0,0,0,0,0,64.0,5756.0,0,0,0,236,eth:ethertype:ip:tcp:mqtt:mqtt,36.2,94.9,51.7,160.0,-53.0,84:F3:EB:65:43:21,,,,,0.0,Normal,0.0
1744302295636573,10.42.0.3,10.42.0.1,54279,1883,231,6,0,1,0,0,0,0,0,0,0,0,0,0.0,0,,0,0,,0,0,0,0,0,0,0,0,0.0,0,0,0,0,0,64.0,5755.0,0,0,0,54,eth:ethertype:ip:tcp,36.2,94.9,51.7,160.0,-53.0,84:F3:EB:65:43:21,,,,,0.0,Normal,0.0
1744302325656687,10.42.0.3,10.42.0.1,54280,1883,0,0,1,0,0,0,0,0,0,0,0,0,0,0.0,0,,0,0,,0,0,0,0,0,0,0,0,0.0,0,0,0,0,0,64.0,5760.0,0,0,0,58,eth:ethertype:ip:tcp,36.2,94.9,51.7,160.0,-53.0,84:F3:EB:65:43:21,,,,,0.0,Normal,0.0
1744302325665690,10.42.0.3,10.42.0.1,54280,1883,1,1,0,1,0,0,0,0,0,0,0,0,0,0.0,0,,0,0,,0,0,0,0,0,0,0,0,0.0,0,0,0,0,0,64.0,5760.0,0,0,0,54,eth:ethertype:ip:tcp,36.2,94.9,51.7,160.0,-53.0,84:F3:EB:65:43:21,,,,,0.0,Normal,0.0
1744302325666138,10.42.0.3,10.42.0.1,54280,1883,1,1,0,1,0,0,1,0,3,0,0,0,0,0.0,0,,0,0,,0,0,0,0,0,0,0,0,0.0,0,0,0,0,0,64.0,5760.0,0,0,0,57,eth:ethertype:ip:tcp,36.2,94.9,51.7,160.0,-53.0,84:F3:EB:65:43:21,,,,,0.0,Normal,0.0
1744302325669002,10.42.0.3,10.42.0.1,54280,1883,4,1,0,1,0,0,1,0,41,0,0,0,0,0.0,0,,0,1,,0,0,0,1,42,4,MQTT,4,0.0,0,0,0,0,0,64.0,5760.0,0,0,esp32_a842e3abaccc,95,eth:ethertype:ip:tcp:mqtt,36.2,94.9,51.7,160.0,-53.0,84:F3:EB:65:43:21,,,,,0.0,Normal,0.0
1744302325694557,10.42.0.3,10.42.0.1,54280,1883,45,5,0,1,0,0,1,0,3,0,0,0,0,0.0,0,,0,0,,0,0,0,0,0,0,0,0,0.0,0,0,0,0,0,64.0,5756.0,0,0,0,57,eth:ethertype:ip:tcp,36.2,94.9,51.7,160.0,-53.0,84:F3:EB:65:43:21,,,,,0.0,Normal,0.0
1744302325724488,10.42.0.3,10.42.0.1,54280,1883,48,5,0,1,1,0,1,0,182,0,0,0,0,0.0,0,,0,3,"Wakeup: 0, Mode: 0, Reset: 1, Temperature: 38.1, Uptime: 188547, Memory: 94.8, In_Temperature: 51.7, CPU: 160, RSSI: -55, MAC: 84:F3:EB:65:43:21, F_Storage: 99.22",test/temperatura,16,0,0,180,0,0,0,0.0,0,0,0,0,0,64.0,5756.0,0,0,0,236,eth:ethertype:ip:tcp:mqtt:mqtt,38.1,94.8,51.7,160.0,-55.0,84:F3:EB:65:43:21,,,,,0.0,Normal,0.0
1744302325729379,10.42.0.3,10.42.0.1,54280,1883,231,6,0,1,0,0,0,0,0,0,0,0,0,0.0,0,,0,0,,0,0,0,0,0,0,0,0,0.0,0,0,0,0,0,64.0,5755.0,0,0,0,54,eth:ethertype:ip:tcp,38.1,94.8,51.7,160.0,-55.0,84:F3:EB:65:43:21,,,,,0.0,Normal,0.0
1744302355722623,10.42.0.3,10.42.0.1,54281,1883,0,0,1,0,0,0,0,0,0,0,0,0,0,0.0,0,,0,0,,0,0,0,0,0,0,0,0,0.0,0,0,0,0,0,64.0,5760.0,0,0,0,58,eth:ethertype:ip:tcp,38.1,94.8,51.7,160.0,-55.0,84:F3:EB:65:43:21,,,,,0.0,Normal,0.0
1744302355726709,10.42.0.3,10.42.0.1,54281,1883,1,1,0,1,0,0,0,0,0,0,0,0,0,0.0,0,,0,0,,0,0,0,0,0,0,0,0,0.0,0,0,0,0,0,64.0,5760.0,0,0,0,54,eth:ethertype:ip:tcp,38.1,94.8,51.7,160.0,-55.0,84:F3:EB:65:43:21,,,,,0.0,Normal,0.0
1744302355728754,10.42.0.3,10.42.0.1,54281,1883,1,1,0,1,0,0,1,0,3,0,0,0,0,0.0,0,,0,0,,0,0,0,0,0,0,0,0,0.0,0,0,0,0,0,64.0,5760.0,0,0,0,57,eth:ethertype:ip:tcp,38.1,94.8,51.7,160.0,-55.0,84:F3:EB:65:43:21,,,,,0.0,Normal,0.0
1744302355732395,10.42.0.3,10.42.0.1,54281,1883,4,1,0,1,0,0,1,0,31,0,0,0,0,0.0,0,,0,0,,0,0,0,0,0,0,0,0,0.0,0,0,0,0,0,64.0,5760.0,0,0,0,85,eth:ethertype:ip:tcp,38.1,94.8,51.7,160.0,-55.0,84:F3:EB:65:43:21,,,,,0.0,Normal,0.0
1744302355735429,10.42.0.3,10.42.0.1,54281,1883,35,1,0,1,0,0,1,0,10,0,0,0,0,0.0,0,,0,1,,0,0,0,1,42,4,MQTT,4,0.0,0,0,0,0,0,64.0,5760.0,0,0,esp32_a842e3abaccc,64,eth:ethertype:ip:tcp:mqtt,38.1,94.8,51.7,160.0,-55.0,84:F3:EB:65:43:21,,,,,0.0,Normal,0.0
1744302355759706,10.42.0.3,10.42.0.1,54281,1883,45,5,0,1,0,0,1,0,3,0,0,0,0,0.0,0,,0,0,,0,0,0,0,0,0,0,0,0.0,0,0,0,0,0,64.0,5756.0,0,0,0,57,eth:ethertype:ip:tcp,38.1,94.8,51.7,160.0,-55.0,84:F3:EB:65:43:21,,,,,0.0,Normal,0.0
1744302355769915,10.42.0.3,10.42.0.1,54281,1883,48,5,0,1,1,0,1,0,182,0,0,0,0,0.0,0,,0,3,"Wakeup: 0, Mode: 0, Reset: 1, Temperature: 26.6, Uptime: 188578, Memory: 94.8, In_Temperature: 51.7, CPU: 160, RSSI: -55, MAC: 84:F3:EB:65:43:21, F_Storage: 99.22",test/temperatura,16,0,0,180,0,0,0,0.0,0,0,0,0,0,64.0,5756.0,0,0,0,236,eth:ethertype:ip:tcp:mqtt:mqtt,26.6,94.8,51.7,160.0,-55.0,84:F3:EB:65:43:21,,,,,0.0,Normal,0.0
1744302355773169,10.42.0.3,10.42.0.1,54281,1883,231,6,0,1,0,0,0,0,0,0,0,0,0,0.0,0,,0,0,,0,0,0,0,0,0,0,0,0.0,0,0,0,0,0,64.0,5755.0,0,0,0,54,eth:ethertype:ip:tcp,26.6,94.8,51.7,160.0,-55.0,84:F3:EB:65:43:21,,,,,0.0,Normal,0.0
1744302385779000,10.42.0.3,10.42.0.1,54282,1883,0,0,1,0,0,0,0,0,0,0,0,0,0,0.0,0,,0,0,,0,0,0,0,0,0,0,0,0.0,0,0,0,0,0,64.0,5760.0,0,0,0,58,eth:ethertype:ip:tcp,26.6,94.8,51.7,160.0,-55.0,84:F3:EB:65:43:21,,,,,0.0,Normal,0.0
1744302385783979,10.42.0.3,10.42.0.1,54282,1883,1,1,0,1,0,0,0,0,0,0,0,0,0,0.0,0,,0,0,,0,0,0,0,0,0,0,0,0.0,0,0,0,0,0,64.0,5760.0,0,0,0,54,eth:ethertype:ip:tcp,26.6,94.8,51.7,160.0,-55.0,84:F3:EB:65:43:21,,,,,0.0,Normal,0.0
1744302385785258,10.42.0.3,10.42.0.1,54282,1883,1,1,0,1,0,0,1,0,3,0,0,0,0,0.0,0,,0,0,,0,0,0,0,0,0,0,0,0.0,0,0,0,0,0,64.0,5760.0,0,0,0,57,eth:ethertype:ip:tcp,26.6,94.8,51.7,160.0,-55.0,84:F3:EB:65:43:21,,,,,0.0,Normal,0.0
1744302385788765,10.42.0.3,10.42.0.1,54282,1883,4,1,0,1,0,0,1,0,29,0,0,0,0,0.0,0,,0,0,,0,0,0,0,0,0,0,0,0.0,0,0,0,0,0,64.0,5760.0,0,0,0,83,eth:ethertype:ip:tcp,26.6,94.8,51.7,160.0,-55.0,84:F3:EB:65:43:21,,,,,0.0,Normal,0.0
1744302385792763,10.42.0.3,10.42.0.1,54282,1883,33,1,0,1,0,0,1,0,12,0,0,0,0,0.0,0,,0,1,,0,0,0,1,42,4,MQTT,4,0.0,0,0,0,0,0,64.0,5760.0,0,0,esp32_a842e3abaccc,66,eth:ethertype:ip:tcp:mqtt,26.6,94.8,51.7,160.0,-55.0,84:F3:EB:65:43:21,,,,,0.0,Normal,0.0
1744302385818554,10.42.0.3,10.42.0.1,54282,1883,45,5,0,1,0,0,1,0,3,0,0,0,0,0.0,0,,0,0,,0,0,0,0,0,0,0,0,0.0,0,0,0,0,0,64.0,5756.0,0,0,0,57,eth:ethertype:ip:tcp,26.6,94.8,51.7,160.0,-55.0,84:F3:EB:65:43:21,,,,,0.0,Normal,0.0
1744302385829248,10.42.0.3,10.42.0.1,54282,1883,48,5,0,1,1,0,1,0,182,0,0,0,0,0.0,0,,0,3,"Wakeup: 0, Mode: 0, Reset: 1, Temperature: 38.9, Uptime: 188608, Memory: 94.8, In_Temperature: 51.7, CPU: 160, RSSI: -57, MAC: 84:F3:EB:65:43:21, F_Storage: 99.22",test/temperatura,16,0,0,180,0,0,0,0.0,0,0,0,0,0,64.0,5756.0,0,0,0,236,eth:ethertype:ip:tcp:mqtt:mqtt,38.9,94.8,51.7,160.0,-57.0,84:F3:EB:65:43:21,,,,,0.0,Normal,0.0
1744302385832528,10.42.0.3,10.42.0.1,54282,1883,231,6,0,1,0,0,0,0,0,0,0,0,0,0.0,0,,0,0,,0,0,0,0,0,0,0,0,0.0,0,0,0,0,0,64.0,5755.0,0,0,0,54,eth:ethertype:ip:tcp,38.9,94.8,51.7,160.0,-57.0,84:F3:EB:65:43:21,,,,,0.0,Normal,0.0
1744302415838257,10.42.0.3,10.42.0.1,54283,1883,0,0,1,0,0,0,0,0,0,0,0,0,0,0.0,0,,0,0,,0,0,0,0,0,0,0,0,0.0,0,0,0,0,0,64.0,5760.0,0,0,0,58,eth:ethertype:ip:tcp,38.9,94.8,51.7,160.0,-57.0,84:F3:EB:65:43:21,,,,,0.0,Normal,0.0
1744302415842484,10.42.0.3,10.42.0.1,54283,1883,1,1,0,1,0,0,0,0,0,0,0,0,0,0.0,0,,0,0,,0,0,0,0,0,0,0,0,0.0,0,0,0,0,0,64.0,5760.0,0,0,0,54,eth:ethertype:ip:tcp,38.9,94.8,51.7,160.0,-57.0,84:F3:EB:65:43:21,,,,,0.0,Normal,0.0
1744302415844420,10.42.0.3,10.42.0.1,54283,1883,1,1,0,1,0,0,1,0,3,0,0,0,0,0.0,0,,0,0,,0,0,0,0,0,0,0,0,0.0,0,0,0,0,0,64.0,5760.0,0,0,0,57,eth:ethertype:ip:tcp,38.9,94.8,51.7,160.0,-57.0,84:F3:EB:65:43:21,,,,,0.0,Normal,0.0
1744302415847892,10.42.0.3,10.42.0.1,54283,1883,4,1,0,1,0,0,1,0,29,0,0,0,0,0.0,0,,0,0,,0,0,0,0,0,0,0,0,0.0,0,0,0,0,0,64.0,5760.0,0,0,0,83,eth:ethertype:ip:tcp,38.9,94.8,51.7,160.0,-57.0,84:F3:EB:65:43:21,,,,,0.0,Normal,0.0
1744302415850936,10.42.0.3,10.42.0.1,54283,1883,33,1,0,1,0,0,1,0,12,0,0,0,0,0.0,0,,0,1,,0,0,0,1,42,4,MQTT,4,0.0,0,0,0,0,0,64.0,5760.0,0,0,esp32_a842e3abaccc,66,eth:ethertype:ip:tcp:mqtt,38.9,94.8,51.7,160.0,-57.0,84:F3:EB:65:43:21,,,,,0.0,Normal,0.0
1744302415875208,10.42.0.3,10.42.0.1,54283,1883,45,5,0,1,0,0,1,0,3,0,0,0,0,0.0,0,,0,0,,0,0,0,0,0,0,0,0,0.0,0,0,0,0,0,64.0,5756.0,0,0,0,57,eth:ethertype:ip:tcp,38.9,94.8,51.7,160.0,-57.0,84:F3:EB:65:43:21,,,,,0.0,Normal,0.0
1744302415889626,10.42.0.3,10.42.0.1,54283,1883,48,5,0,1,1,0,1,0,182,0,0,0,0,0.0,0,,0,3,"Wakeup: 0, Mode: 0, Reset: 1, Temperature: 30.4, Uptime: 188638, Memory: 94.8, In_Temperature: 51.7, CPU: 160, RSSI: -53, MAC: 84:F3:EB:65:43:21, F_Storage: 99.22",test/temperatura,16,0,0,180,0,0,0,0.0,0,0,0,0,0,64.0,5756.0,0,0,0,236,eth:ethertype:ip:tcp:mqtt:mqtt,30.4,94.8,51.7,160.0,-53.0,84:F3:EB:65:43:21,,,,,0.0,Normal,0.0
1744302415892959,10.42.0.3,10.42.0.1,54283,1883,231,6,0,1,0,0,0,0,0,0,0,0,0,0.0,0,,0,0,,0,0,0,0,0,0,0,0,0.0,0,0,0,0,0,64.0,5755.0,0,0,0,54,eth:ethertype:ip:tcp,30.4,94.8,51.7,160.0,-53.0,84:F3:EB:65:43:21,,,,,0.0,Normal,0.0
1744302445897029,10.42.0.3,10.42.0.1,54284,1883,0,0,1,0,0,0,0,0,0,0,0,0,0,0.0,0,,0,0,,0,0,0,0,0,0,0,0,0.0,0,0,0,0,0,64.0,5760.0,0,0,0,58,eth:ethertype:ip:tcp,30.4,94.8,51.7,160.0,-53.0,84:F3:EB:65:43:21,,,,,0.0,Normal,0.0
1744302445901496,10.42.0.3,10.42.0.1,54284,1883,1,1,0,1,0,0,0,0,0,0,0,0,0,0.0,0,,0,0,,0,0,0,0,0,0,0,0,0.0,0,0,0,0,0,64.0,5760.0,0,0,0,54,eth:ethertype:ip:tcp,30.4,94.8,51.7,160.0,-53.0,84:F3:EB:65:43:21,,,,,0.0,Normal,0.0
1744302445905643,10.42.0.3,10.42.0.1,54284,1883,1,1,0,1,0,0,1,0,3,0,0,0,0,0.0,0,,0,0,,0,0,0,0,0,0,0,0,0.0,0,0,0,0,0,64.0,5760.0,0,0,0,57,eth:ethertype:ip:tcp,30.4,94.8,51.7,160.0,-53.0,84:F3:EB:65:43:21,,,,,0.0,Normal,0.0
1744302445909509,10.42.0.3,10.42.0.1,54284,1883,4,1,0,1,0,0,1,0,41,0,0,0,0,0.0,0,,0,1,,0,0,0,1,42,4,MQTT,4,0.0,0,0,0,0,0,64.0,5760.0,0,0,esp32_a842e3abaccc,95,eth:ethertype:ip:tcp:mqtt,30.4,94.8,51.7,160.0,-53.0,84:F3:EB:65:43:21,,,,,0.0,Normal,0.0
1744302445933485,10.42.0.3,10.42.0.1,54284,1883,45,5,0,1,0,0,1,0,3,0,0,0,0,0.0,0,,0,0,,0,0,0,0,0,0,0,0,0.0,0,0,0,0,0,64.0,5756.0,0,0,0,57,eth:ethertype:ip:tcp,30.4,94.8,51.7,160.0,-53.0,84:F3:EB:65:43:21,,,,,0.0,Normal,0.0
1744302445947952,10.42.0.3,10.42.0.1,54284,1883,48,5,0,1,1,0,1,0,182,0,0,0,0,0.0,0,,0,3,"Wakeup: 0, Mode: 0, Reset: 1, Temperature: 30.5, Uptime: 188668, Memory: 94.8, In_Temperature: 51.7, CPU: 160, RSSI: -53, MAC: 84:F3:EB:65:43:21, F_Storage: 99.22",test/temperatura,16,0,0,180,0,0,0,0.0,0,0,0,0,0,64.0,5756.0,0,0,0,236,eth:ethertype:ip:tcp:mqtt:mqtt,30.5,94.8,51.7,160.0,-53.0,84:F3:EB:65:43:21,,,,,0.0,Normal,0.0
1744302445951237,10.42.0.3,10.42.0.1,54284,1883,231,6,0,1,0,0,0,0,0,0,0,0,0,0.0,0,,0,0,,0,0,0,0,0,0,0,0,0.0,0,0,0,0,0,64.0,5755.0,0,0,0,54,eth:ethertype:ip:tcp,30.5,94.8,51.7,160.0,-53.0,84:F3:EB:65:43:21,,,,,0.0,Normal,0.0
1744302475957327,10.42.0.3,10.42.0.1,54285,1883,0,0,1,0,0,0,0,0,0,0,0,0,0,0.0,0,,0,0,,0,0,0,0,0,0,0,0,0.0,0,0,0,0,0,64.0,5760.0,0,0,0,58,eth:ethertype:ip:tcp,30.5,94.8,51.7,160.0,-53.0,84:F3:EB:65:43:21,,,,,0.0,Normal,0.0
1744302475961367,10.42.0.3,10.42.0.1,54285,1883,1,1,0,1,0,0,0,0,0,0,0,0,0,0.0,0,,0,0,,0,0,0,0,0,0,0,0,0.0,0,0,0,0,0,64.0,5760.0,0,0,0,54,eth:ethertype:ip:tcp,30.5,94.8,51.7,160.0,-53.0,84:F3:EB:65:43:21,,,,,0.0,Normal,0.0
1744302475963511,10.42.0.3,10.42.0.1,54285,1883,1,1,0,1,0,0,1,0,3,0,0,0,0,0.0,0,,0,0,,0,0,0,0,0,0,0,0,0.0,0,0,0,0,0,64.0,5760.0,0,0,0,57,eth:ethertype:ip:tcp,30.5,94.8,51.7,160.0,-53.0,84:F3:EB:65:43:21,,,,,0.0,Normal,0.0
1744302475967749,10.42.0.3,10.42.0.1,54285,1883,4,1,0,1,0,0,1,0,31,0,0,0,0,0.0,0,,0,0,,0,0,0,0,0,0,0,0,0.0,0,0,0,0,0,64.0,5760.0,0,0,0,85,eth:ethertype:ip:tcp,30.5,94.8,51.7,160.0,-53.0,84:F3:EB:65:43:21,,,,,0.0,Normal,0.0
1744302475970782,10.42.0.3,10.42.0.1,54285,1883,35,1,0,1,0,0,1,0,10,0,0,0,0,0.0,0,,0,1,,0,0,0,1,42,4,MQTT,4,0.0,0,0,0,0,0,64.0,5760.0,0,0,esp32_a842e3abaccc,64,eth:ethertype:ip:tcp:mqtt,30.5,94.8,51.7,160.0,-53.0,84:F3:EB:65:43:21,,,,,0.0,Normal,0.0
1744302475994871,10.42.0.3,10.42.0.1,54285,1883,45,5,0,1,0,0,1,0,3,0,0,0,0,0.0,0,,0,0,,0,0,0,0,0,0,0,0,0.0,0,0,0,0,0,64.0,5756.0,0,0,0,57,eth:ethertype:ip:tcp,30.5,94.8,51.7,160.0,-53.0,84:F3:EB:65:43:21,,,,,0.0,Normal,0.0
1744302476008175,10.42.0.3,10.42.0.1,54285,1883,48,5,0,1,1,0,1,0,182,0,0,0,0,0.0,0,,0,3,"Wakeup: 0, Mode: 0, Reset: 1, Temperature: 31.3, Uptime: 188698, Memory: 94.8, In_Temperature: 51.7, CPU: 160, RSSI: -54, MAC: 84:F3:EB:65:43:21, F_Storage: 99.22",test/temperatura,16,0,0,180,0,0,0,0.0,0,0,0,0,0,64.0,5756.0,0,0,0,236,eth:ethertype:ip:tcp:mqtt:mqtt,31.3,94.8,51.7,160.0,-54.0,84:F3:EB:65:43:21,,,,,0.0,Normal,0.0
1744302476012894,10.42.0.3,10.42.0.1,54285,1883,231,6,0,1,0,0,0,0,0,0,0,0,0,0.0,0,,0,0,,0,0,0,0,0,0,0,0,0.0,0,0,0,0,0,64.0,5755.0,0,0,0,54,eth:ethertype:ip:tcp,31.3,94.8,51.7,160.0,-54.0,84:F3:EB:65:43:21,,,,,0.0,Normal,0.0
1744302506016794,10.42.0.3,10.42.0.1,54286,1883,0,0,1,0,0,0,0,0,0,0,0,0,0,0.0,0,,0,0,,0,0,0,0,0,0,0,0,0.0,0,0,0,0,0,64.0,5760.0,0,0,0,58,eth:ethertype:ip:tcp,31.3,94.8,51.7,160.0,-54.0,84:F3:EB:65:43:21,,,,,0.0,Normal,0.0
1744302506020874,10.42.0.3,10.42.0.1,54286,1883,1,1,0,1,0,0,0,0,0,0,0,0,0,0.0,0,,0,0,,0,0,0,0,0,0,0,0,0.0,0,0,0,0,0,64.0,5760.0,0,0,0,54,eth:ethertype:ip:tcp,31.3,94.8,51.7,160.0,-54.0,84:F3:EB:65:43:21,,,,,0.0,Normal,0.0
1744302506023071,10.42.0.3,10.42.0.1,54286,1883,1,1,0,1,0,0,1,0,3,0,0,0,0,0.0,0,,0,0,,0,0,0,0,0,0,0,0,0.0,0,0,0,0,0,64.0,5760.0,0,0,0,57,eth:ethertype:ip:tcp,31.3,94.8,51.7,160.0,-54.0,84:F3:EB:65:43:21,,,,,0.0,Normal,0.0
1744302506026506,10.42.0.3,10.42.0.1,54286,1883,4,1,0,1,0,0,1,0,29,0,0,0,0,0.0,0,,0,0,,0,0,0,0,0,0,0,0,0.0,0,0,0,0,0,64.0,5760.0,0,0,0,83,eth:ethertype:ip:tcp,31.3,94.8,51.7,160.0,-54.0,84:F3:EB:65:43:21,,,,,0.0,Normal,0.0
1744302506029633,10.42.0.3,10.42.0.1,54286,1883,33,1,0,1,0,0,1,0,12,0,0,0,0,0.0,0,,0,1,,0,0,0,1,42,4,MQTT,4,0.0,0,0,0,0,0,64.0,5760.0,0,0,esp32_a842e3abaccc,66,eth:ethertype:ip:tcp:mqtt,31.3,94.8,51.7,160.0,-54.0,84:F3:EB:65:43:21,,,,,0.0,Normal,0.0
1744302506036921,10.42.0.3,10.42.0.1,54286,1883,45,5,0,1,0,0,0,0,0,0,0,0,0,0.0,0,,0,0,,0,0,0,0,0,0,0,0,0.0,0,0,0,0,0,64.0,5756.0,0,0,0,54,eth:ethertype:ip:tcp,31.3,94.8,51.7,160.0,-54.0,84:F3:EB:65:43:21,,,,,0.0,Normal,0.0
1744302506053506,10.42.0.3,10.42.0.1,54286,1883,45,5,0,1,0,0,1,0,3,0,0,0,0,0.0,0,,0,0,,0,0,0,0,0,0,0,0,0.0,0,0,0,0,0,64.0,5756.0,0,0,0,57,eth:ethertype:ip:tcp,31.3,94.8,51.7,160.0,-54.0,84:F3:EB:65:43:21,,,,,0.0,Normal,0.0
1744302506066980,10.42.0.3,10.42.0.1,54286,1883,48,5,0,1,1,0,1,0,182,0,0,0,0,0.0,0,,0,3,"Wakeup: 0, Mode: 0, Reset: 1, Temperature: 25.2, Uptime: 188728, Memory: 94.8, In_Temperature: 51.7, CPU: 160, RSSI: -54, MAC: 84:F3:EB:65:43:21, F_Storage: 99.22",test/temperatura,16,0,0,180,0,0,0,0.0,0,0,0,0,0,64.0,5756.0,0,0,0,236,eth:ethertype:ip:tcp:mqtt:mqtt,25.2,94.8,51.7,160.0,-54.0,84:F3:EB:65:43:21,,,,,0.0,Normal,0.0
1744302506070776,10.42.0.3,10.42.0.1,54286,1883,231,6,0,1,0,0,0,0,0,0,0,0,0,0.0,0,,0,0,,0,0,0,0,0,0,0,0,0.0,0,0,0,0,0,64.0,5755.0,0,0,0,54,eth:ethertype:ip:tcp,25.2,94.8,51.7,160.0,-54.0,84:F3:EB:65:43:21,,,,,0.0,Normal,0.0
1744302536081461,10.42.0.3,10.42.0.1,54287,1883,0,0,1,0,0,0,0,0,0,0,0,0,0,0.0,0,,0,0,,0,0,0,0,0,0,0,0,0.0,0,0,0,0,0,64.0,5760.0,0,0,0,58,eth:ethertype:ip:tcp,25.2,94.8,51.7,160.0,-54.0,84:F3:EB:65:43:21,,,,,0.0,Normal,0.0
1744302536085656,10.42.0.3,10.42.0.1,54287,1883,1,1,0,1,0,0,0,0,0,0,0,0,0,0.0,0,,0,0,,0,0,0,0,0,0,0,0,0.0,0,0,0,0,0,64.0,5760.0,0,0,0,54,eth:ethertype:ip:tcp,25.2,94.8,51.7,160.0,-54.0,84:F3:EB:65:43:21,,,,,0.0,Normal,0.0
1744302536087747,10.42.0.3,10.42.0.1,54287,1883,1,1,0,1,0,0,1,0,3,0,0,0,0,0.0,0,,0,0,,0,0,0,0,0,0,0,0,0.0,0,0,0,0,0,64.0,5760.0,0,0,0,57,eth:ethertype:ip:tcp,25.2,94.8,51.7,160.0,-54.0,84:F3:EB:65:43:21,,,,,0.0,Normal,0.0
1744302536091959,10.42.0.3,10.42.0.1,54287,1883,4,1,0,1,0,0,1,0,41,0,0,0,0,0.0,0,,0,1,,0,0,0,1,42,4,MQTT,4,0.0,0,0,0,0,0,64.0,5760.0,0,0,esp32_a842e3abaccc,95,eth:ethertype:ip:tcp:mqtt,25.2,94.8,51.7,160.0,-54.0,84:F3:EB:65:43:21,,,,,0.0,Normal,0.0
1744302536116160,10.42.0.3,10.42.0.1,54287,1883,45,5,0,1,0,0,1,0,3,0,0,0,0,0.0,0,,0,0,,0,0,0,0,0,0,0,0,0.0,0,0,0,0,0,64.0,5756.0,0,0,0,57,eth:ethertype:ip:tcp,25.2,94.8,51.7,160.0,-54.0,84:F3:EB:65:43:21,,,,,0.0,Normal,0.0
1744302536126852,10.42.0.3,10.42.0.1,54287,1883,48,5,0,1,1,0,1,0,182,0,0,0,0,0.0,0,,0,3,"Wakeup: 0, Mode: 0, Reset: 1, Temperature: 40.2, Uptime: 188758, Memory: 94.8, In_Temperature: 51.7, CPU: 160, RSSI: -55, MAC: 84:F3:EB:65:43:21, F_Storage: 99.22",test/temperatura,16,0,0,180,0,0,0,0.0,0,0,0,0,0,64.0,5756.0,0,0,0,236,eth:ethertype:ip:tcp:mqtt:mqtt,40.2,94.8,51.7,160.0,-55.0,84:F3:EB:65:43:21,,,,,0.0,Normal,0.0
1744302536130394,10.42.0.3,10.42.0.1,54287,1883,231,6,0,1,0,0,0,0,0,0,0,0,0,0.0,0,,0,0,,0,0,0,0,0,0,0,0,0.0,0,0,0,0,0,64.0,5755.0,0,0,0,54,eth:ethertype:ip:tcp,40.2,94.8,51.7,160.0,-55.0,84:F3:EB:65:43:21,,,,,0.0,Normal,0.0
1744302566134721,10.42.0.3,10.42.0.1,54288,1883,0,0,1,0,0,0,0,0,0,0,0,0,0,0.0,0,,0,0,,0,0,0,0,0,0,0,0,0.0,0,0,0,0,0,64.0,5760.0,0,0,0,58,eth:ethertype:ip:tcp,40.2,94.8,51.7,160.0,-55.0,84:F3:EB:65:43:21,,,,,0.0,Normal,0.0
1744302566138336,10.42.0.3,10.42.0.1,54288,1883,1,1,0,1,0,0,0,0,0,0,0,0,0,0.0,0,,0,0,,0,0,0,0,0,0,0,0,0.0,0,0,0,0,0,64.0,5760.0,0,0,0,54,eth:ethertype:ip:tcp,40.2,94.8,51.7,160.0,-55.0,84:F3:EB:65:43:21,,,,,0.0,Normal,0.0
1744302566140649,10.42.0.3,10.42.0.1,54288,1883,1,1,0,1,0,0,1,0,3,0,0,0,0,0.0,0,,0,0,,0,0,0,0,0,0,0,0,0.0,0,0,0,0,0,64.0,5760.0,0,0,0,57,eth:ethertype:ip:tcp,40.2,94.8,51.7,160.0,-55.0,84:F3:EB:65:43:21,,,,,0.0,Normal,0.0
1744302566146266,10.42.0.3,10.42.0.1,54288,1883,4,1,0,1,0,0,1,0,29,0,0,0,0,0.0,0,,0,0,,0,0,0,0,0,0,0,0,0.0,0,0,0,0,0,64.0,5760.0,0,0,0,83,eth:ethertype:ip:tcp,40.2,94.8,51.7,160.0,-55.0,84:F3:EB:65:43:21,,,,,0.0,Normal,0.0
1744302566148981,10.42.0.3,10.42.0.1,54288,1883,33,1,0,1,0,0,1,0,12,0,0,0,0,0.0,0,,0,1,,0,0,0,1,42,4,MQTT,4,0.0,0,0,0,0,0,64.0,5760.0,0,0,esp32_a842e3abaccc,66,eth:ethertype:ip:tcp:mqtt,40.2,94.8,51.7,160.0,-55.0,84:F3:EB:65:43:21,,,,,0.0,Normal,0.0
1744302566172794,10.42.0.3,10.42.0.1,54288,1883,45,5,0,1,0,0,1,0,3,0,0,0,0,0.0,0,,0,0,,0,0,0,0,0,0,0,0,0.0,0,0,0,0,0,64.0,5756.0,0,0,0,57,eth:ethertype:ip:tcp,40.2,94.8,51.7,160.0,-55.0,84:F3:EB:65:43:21,,,,,0.0,Normal,0.0
1744302566187332,10.42.0.3,10.42.0.1,54288,1883,48,5,0,1,1,0,1,0,182,0,0,0,0,0.0,0,,0,3,"Wakeup: 0, Mode: 0, Reset: 1, Temperature: 33.4, Uptime: 188788, Memory: 94.8, In_Temperature: 51.7, CPU: 160, RSSI: -55, MAC: 84:F3:EB:65:43:21, F_Storage: 99.22",test/temperatura,16,0,0,180,0,0,0,0.0,0,0,0,0,0,64.0,5756.0,0,0,0,236,eth:ethertype:ip:tcp:mqtt:mqtt,33.4,94.8,51.7,160.0,-55.0,84:F3:EB:65:43:21,,,,,0.0,Normal,0.0
1744302566190762,10.42.0.3,10.42.0.1,54288,1883,231,6,0,1,0,0,0,0,0,0,0,0,0,0.0,0,,0,0,,0,0,0,0,0,0,0,0,0.0,0,0,0,0,0,64.0,5755.0,0,0,0,54,eth:ethertype:ip:tcp,33.4,94.8,51.7,160.0,-55.0,84:F3:EB:65:43:21,,,,,0.0,Normal,0.0
1744302596193723,10.42.0.3,10.42.0.1,54289,1883,0,0,1,0,0,0,0,0,0,0,0,0,0,0.0,0,,0,0,,0,0,0,0,0,0,0,0,0.0,0,0,0,0,0,64.0,5760.0,0,0,0,58,eth:ethertype:ip:tcp,33.4,94.8,51.7,160.0,-55.0,84:F3:EB:65:43:21,,,,,0.0,Normal,0.0
1744302596197340,10.42.0.3,10.42.0.1,54289,1883,1,1,0,1,0,0,0,0,0,0,0,0,0,0.0,0,,0,0,,0,0,0,0,0,0,0,0,0.0,0,0,0,0,0,64.0,5760.0,0,0,0,54,eth:ethertype:ip:tcp,33.4,94.8,51.7,160.0,-55.0,84:F3:EB:65:43:21,,,,,0.0,Normal,0.0
1744302596199660,10.42.0.3,10.42.0.1,54289,1883,1,1,0,1,0,0,1,0,3,0,0,0,0,0.0,0,,0,0,,0,0,0,0,0,0,0,0,0.0,0,0,0,0,0,64.0,5760.0,0,0,0,57,eth:ethertype:ip:tcp,33.4,94.8,51.7,160.0,-55.0,84:F3:EB:65:43:21,,,,,0.0,Normal,0.0
1744302596203033,10.42.0.3,10.42.0.1,54289,1883,4,1,0,1,0,0,1,0,29,0,0,0,0,0.0,0,,0,0,,0,0,0,0,0,0,0,0,0.0,0,0,0,0,0,64.0,5760.0,0,0,0,83,eth:ethertype:ip:tcp,33.4,94.8,51.7,160.0,-55.0,84:F3:EB:65:43:21,,,,,0.0,Normal,0.0
1744302596207866,10.42.0.3,10.42.0.1,54289,1883,33,1,0,1,0,0,1,0,12,0,0,0,0,0.0,0,,0,1,,0,0,0,1,42,4,MQTT,4,0.0,0,0,0,0,0,64.0,5760.0,0,0,esp32_a842e3abaccc,66,eth:ethertype:ip:tcp:mqtt,33.4,94.8,51.7,160.0,-55.0,84:F3:EB:65:43:21,,,,,0.0,Normal,0.0
1744302596233366,10.42.0.3,10.42.0.1,54289,1883,45,5,0,1,0,0,1,0,3,0,0,0,0,0.0,0,,0,0,,0,0,0,0,0,0,0,0,0.0,0,0,0,0,0,64.0,5756.0,0,0,0,57,eth:ethertype:ip:tcp,33.4,94.8,51.7,160.0,-55.0,84:F3:EB:65:43:21,,,,,0.0,Normal,0.0
1744302596244867,10.42.0.3,10.42.0.1,54289,1883,48,5,0,1,1,0,1,0,182,0,0,0,0,0.0,0,,0,3,"Wakeup: 0, Mode: 0, Reset: 1, Temperature: 35.6, Uptime: 188818, Memory: 94.8, In_Temperature: 51.7, CPU: 160, RSSI: -54, MAC: 84:F3:EB:65:43:21, F_Storage: 99.22",test/temperatura,16,0,0,180,0,0,0,0.0,0,0,0,0,0,64.0,5756.0,0,0,0,236,eth:ethertype:ip:tcp:mqtt:mqtt,35.6,94.8,51.7,160.0,-54.0,84:F3:EB:65:43:21,,,,,0.0,Normal,0.0
1744302596248489,10.42.0.3,10.42.0.1,54289,1883,231,6,0,1,0,0,0,0,0,0,0,0,0,0.0,0,,0,0,,0,0,0,0,0,0,0,0,0.0,0,0,0,0,0,64.0,5755.0,0,0,0,54,eth:ethertype:ip:tcp,35.6,94.8,51.7,160.0,-54.0,84:F3:EB:65:43:21,,,,,0.0,Normal,0.0
1744302626254087,10.42.0.3,10.42.0.1,54290,1883,0,0,1,0,0,0,0,0,0,0,0,0,0,0.0,0,,0,0,,0,0,0,0,0,0,0,0,0.0,0,0,0,0,0,64.0,5760.0,0,0,0,58,eth:ethertype:ip:tcp,35.6,94.8,51.7,160.0,-54.0,84:F3:EB:65:43:21,,,,,0.0,Normal,0.0
1744302626258254,10.42.0.3,10.42.0.1,54290,1883,1,1,0,1,0,0,0,0,0,0,0,0,0,0.0,0,,0,0,,0,0,0,0,0,0,0,0,0.0,0,0,0,0,0,64.0,5760.0,0,0,0,54,eth:ethertype:ip:tcp,35.6,94.8,51.7,160.0,-54.0,84:F3:EB:65:43:21,,,,,0.0,Normal,0.0
1744302626260524,10.42.0.3,10.42.0.1,54290,1883,1,1,0,1,0,0,1,0,3,0,0,0,0,0.0,0,,0,0,,0,0,0,0,0,0,0,0,0.0,0,0,0,0,0,64.0,5760.0,0,0,0,57,eth:ethertype:ip:tcp,35.6,94.8,51.7,160.0,-54.0,84:F3:EB:65:43:21,,,,,0.0,Normal,0.0
1744302626263928,10.42.0.3,10.42.0.1,54290,1883,4,1,0,1,0,0,1,0,29,0,0,0,0,0.0,0,,0,0,,0,0,0,0,0,0,0,0,0.0,0,0,0,0,0,64.0,5760.0,0,0,0,83,eth:ethertype:ip:tcp,35.6,94.8,51.7,160.0,-54.0,84:F3:EB:65:43:21,,,,,0.0,Normal,0.0
1744302626266946,10.42.0.3,10.42.0.1,54290,1883,33,1,0,1,0,0,1,0,12,0,0,0,0,0.0,0,,0,1,,0,0,0,1,42,4,MQTT,4,0.0,0,0,0,0,0,64.0,5760.0,0,0,esp32_a842e3abaccc,66,eth:ethertype:ip:tcp:mqtt,35.6,94.8,51.7,160.0,-54.0,84:F3:EB:65:43:21,,,,,0.0,Normal,0.0
1744302626284945,10.42.0.3,10.42.0.1,54290,1883,45,5,0,1,0,0,0,0,0,0,0,0,0,0.0,0,,0,0,,0,0,0,0,0,0,0,0,0.0,0,0,0,0,0,64.0,5756.0,0,0,0,54,eth:ethertype:ip:tcp,35.6,94.8,51.7,160.0,-54.0,84:F3:EB:65:43:21,,,,,0.0,Normal,0.0
1744302626292624,10.42.0.3,10.42.0.1,54290,1883,45,5,0,1,0,0,1,0,3,0,0,0,0,0.0,0,,0,0,,0,0,0,0,0,0,0,0,0.0,0,0,0,0,0,64.0,5756.0,0,0,0,57,eth:ethertype:ip:tcp,35.6,94.8,51.7,160.0,-54.0,84:F3:EB:65:43:21,,,,,0.0,Normal,0.0
1744302626304343,10.42.0.3,10.42.0.1,54290,1883,48,5,0,1,1,0,1,0,182,0,0,0,0,0.0,0,,0,3,"Wakeup: 0, Mode: 0, Reset: 1, Temperature: 36.1, Uptime: 188848, Memory: 94.8, In_Temperature: 51.7, CPU: 160, RSSI: -54, MAC: 84:F3:EB:65:43:21, F_Storage: 99.22",test/temperatura,16,0,0,180,0,0,0,0.0,0,0,0,0,0,64.0,5756.0,0,0,0,236,eth:ethertype:ip:tcp:mqtt:mqtt,36.1,94.8,51.7,160.0,-54.0,84:F3:EB:65:43:21,,,,,0.0,Normal,0.0
1744302626307820,10.42.0.3,10.42.0.1,54290,1883,231,6,0,1,0,0,0,0,0,0,0,0,0,0.0,0,,0,0,,0,0,0,0,0,0,0,0,0.0,0,0,0,0,0,64.0,5755.0,0,0,0,54,eth:ethertype:ip:tcp,36.1,94.8,51.7,160.0,-54.0,84:F3:EB:65:43:21,,,,,0.0,Normal,0.0
1744302631865650,10.42.0.3,10.42.0.1,0,0,0,0,0,0,0,0,0,0,0,0,0,0,0,0.0,0,,0,0,,0,0,0,0,0,0,0,0,0.0,0,0,0,0,0,64.0,0.0,0,0,0,350,eth:ethertype:ip:udp:dhcp,36.1,94.8,51.7,160.0,-54.0,84:F3:EB:65:43:21,,,,,0.0,Normal,0.0
1744302656313643,10.42.0.3,10.42.0.1,54291,1883,0,0,1,0,0,0,0,0,0,0,0,0,0,0.0,0,,0,0,,0,0,0,0,0,0,0,0,0.0,0,0,0,0,0,64.0,5760.0,0,0,0,58,eth:ethertype:ip:tcp,36.1,94.8,51.7,160.0,-54.0,84:F3:EB:65:43:21,,,,,0.0,Normal,0.0
1744302656317770,10.42.0.3,10.42.0.1,54291,1883,1,1,0,1,0,0,0,0,0,0,0,0,0,0.0,0,,0,0,,0,0,0,0,0,0,0,0,0.0,0,0,0,0,0,64.0,5760.0,0,0,0,54,eth:ethertype:ip:tcp,36.1,94.8,51.7,160.0,-54.0,84:F3:EB:65:43:21,,,,,0.0,Normal,0.0
1744302656319780,10.42.0.3,10.42.0.1,54291,1883,1,1,0,1,0,0,1,0,3,0,0,0,0,0.0,0,,0,0,,0,0,0,0,0,0,0,0,0.0,0,0,0,0,0,64.0,5760.0,0,0,0,57,eth:ethertype:ip:tcp,36.1,94.8,51.7,160.0,-54.0,84:F3:EB:65:43:21,,,,,0.0,Normal,0.0
1744302656323402,10.42.0.3,10.42.0.1,54291,1883,4,1,0,1,0,0,1,0,29,0,0,0,0,0.0,0,,0,0,,0,0,0,0,0,0,0,0,0.0,0,0,0,0,0,64.0,5760.0,0,0,0,83,eth:ethertype:ip:tcp,36.1,94.8,51.7,160.0,-54.0,84:F3:EB:65:43:21,,,,,0.0,Normal,0.0
1744302656327227,10.42.0.3,10.42.0.1,54291,1883,33,1,0,1,0,0,1,0,12,0,0,0,0,0.0,0,,0,1,,0,0,0,1,42,4,MQTT,4,0.0,0,0,0,0,0,64.0,5760.0,0,0,esp32_a842e3abaccc,66,eth:ethertype:ip:tcp:mqtt,36.1,94.8,51.7,160.0,-54.0,84:F3:EB:65:43:21,,,,,0.0,Normal,0.0
1744302656351854,10.42.0.3,10.42.0.1,54291,1883,45,5,0,1,0,0,1,0,3,0,0,0,0,0.0,0,,0,0,,0,0,0,0,0,0,0,0,0.0,0,0,0,0,0,64.0,5756.0,0,0,0,57,eth:ethertype:ip:tcp,36.1,94.8,51.7,160.0,-54.0,84:F3:EB:65:43:21,,,,,0.0,Normal,0.0
1744302656363436,10.42.0.3,10.42.0.1,54291,1883,48,5,0,1,1,0,1,0,182,0,0,0,0,0.0,0,,0,3,"Wakeup: 0, Mode: 0, Reset: 1, Temperature: 30.4, Uptime: 188878, Memory: 94.8, In_Temperature: 51.7, CPU: 160, RSSI: -55, MAC: 84:F3:EB:65:43:21, F_Storage: 99.22",test/temperatura,16,0,0,180,0,0,0,0.0,0,0,0,0,0,64.0,5756.0,0,0,0,236,eth:ethertype:ip:tcp:mqtt:mqtt,30.4,94.8,51.7,160.0,-55.0,84:F3:EB:65:43:21,,,,,0.0,Normal,0.0
1744302656367279,10.42.0.3,10.42.0.1,54291,1883,231,6,0,1,0,0,0,0,0,0,0,0,0,0.0,0,,0,0,,0,0,0,0,0,0,0,0,0.0,0,0,0,0,0,64.0,5755.0,0,0,0,54,eth:ethertype:ip:tcp,30.4,94.8,51.7,160.0,-55.0,84:F3:EB:65:43:21,,,,,0.0,Normal,0.0
1744302686372786,10.42.0.3,10.42.0.1,54292,1883,0,0,1,0,0,0,0,0,0,0,0,0,0,0.0,0,,0,0,,0,0,0,0,0,0,0,0,0.0,0,0,0,0,0,64.0,5760.0,0,0,0,58,eth:ethertype:ip:tcp,30.4,94.8,51.7,160.0,-55.0,84:F3:EB:65:43:21,,,,,0.0,Normal,0.0
1744302686376988,10.42.0.3,10.42.0.1,54292,1883,1,1,0,1,0,0,0,0,0,0,0,0,0,0.0,0,,0,0,,0,0,0,0,0,0,0,0,0.0,0,0,0,0,0,64.0,5760.0,0,0,0,54,eth:ethertype:ip:tcp,30.4,94.8,51.7,160.0,-55.0,84:F3:EB:65:43:21,,,,,0.0,Normal,0.0
1744302686379402,10.42.0.3,10.42.0.1,54292,1883,1,1,0,1,0,0,1,0,3,0,0,0,0,0.0,0,,0,0,,0,0,0,0,0,0,0,0,0.0,0,0,0,0,0,64.0,5760.0,0,0,0,57,eth:ethertype:ip:tcp,30.4,94.8,51.7,160.0,-55.0,84:F3:EB:65:43:21,,,,,0.0,Normal,0.0
1744302686383476,10.42.0.3,10.42.0.1,54292,1883,4,1,0,1,0,0,1,0,41,0,0,0,0,0.0,0,,0,1,,0,0,0,1,42,4,MQTT,4,0.0,0,0,0,0,0,64.0,5760.0,0,0,esp32_a842e3abaccc,95,eth:ethertype:ip:tcp:mqtt,30.4,94.8,51.7,160.0,-55.0,84:F3:EB:65:43:21,,,,,0.0,Normal,0.0
1744302686407802,10.42.0.3,10.42.0.1,54292,1883,45,5,0,1,0,0,1,0,3,0,0,0,0,0.0,0,,0,0,,0,0,0,0,0,0,0,0,0.0,0,0,0,0,0,64.0,5756.0,0,0,0,57,eth:ethertype:ip:tcp,30.4,94.8,51.7,160.0,-55.0,84:F3:EB:65:43:21,,,,,0.0,Normal,0.0
1744302686424995,10.42.0.3,10.42.0.1,54292,1883,48,5,0,1,1,0,1,0,182,0,0,0,0,0.0,0,,0,3,"Wakeup: 0, Mode: 0, Reset: 1, Temperature: 33.5, Uptime: 188908, Memory: 94.8, In_Temperature: 51.7, CPU: 160, RSSI: -57, MAC: 84:F3:EB:65:43:21, F_Storage: 99.22",test/temperatura,16,0,0,180,0,0,0,0.0,0,0,0,0,0,64.0,5756.0,0,0,0,236,eth:ethertype:ip:tcp:mqtt:mqtt,33.5,94.8,51.7,160.0,-57.0,84:F3:EB:65:43:21,,,,,0.0,Normal,0.0
1744302686428542,10.42.0.3,10.42.0.1,54292,1883,231,6,0,1,0,0,0,0,0,0,0,0,0,0.0,0,,0,0,,0,0,0,0,0,0,0,0,0.0,0,0,0,0,0,64.0,5755.0,0,0,0,54,eth:ethertype:ip:tcp,33.5,94.8,51.7,160.0,-57.0,84:F3:EB:65:43:21,,,,,0.0,Normal,0.0
1744302716431434,10.42.0.3,10.42.0.1,54293,1883,0,0,1,0,0,0,0,0,0,0,0,0,0,0.0,0,,0,0,,0,0,0,0,0,0,0,0,0.0,0,0,0,0,0,64.0,5760.0,0,0,0,58,eth:ethertype:ip:tcp,33.5,94.8,51.7,160.0,-57.0,84:F3:EB:65:43:21,,,,,0.0,Normal,0.0
1744302716436332,10.42.0.3,10.42.0.1,54293,1883,1,1,0,1,0,0,0,0,0,0,0,0,0,0.0,0,,0,0,,0,0,0,0,0,0,0,0,0.0,0,0,0,0,0,64.0,5760.0,0,0,0,54,eth:ethertype:ip:tcp,33.5,94.8,51.7,160.0,-57.0,84:F3:EB:65:43:21,,,,,0.0,Normal,0.0
1744302716437519,10.42.0.3,10.42.0.1,54293,1883,1,1,0,1,0,0,1,0,3,0,0,0,0,0.0,0,,0,0,,0,0,0,0,0,0,0,0,0.0,0,0,0,0,0,64.0,5760.0,0,0,0,57,eth:ethertype:ip:tcp,33.5,94.8,51.7,160.0,-57.0,84:F3:EB:65:43:21,,,,,0.0,Normal,0.0
1744302716442668,10.42.0.3,10.42.0.1,54293,1883,4,1,0,1,0,0,1,0,29,0,0,0,0,0.0,0,,0,0,,0,0,0,0,0,0,0,0,0.0,0,0,0,0,0,64.0,5760.0,0,0,0,83,eth:ethertype:ip:tcp,33.5,94.8,51.7,160.0,-57.0,84:F3:EB:65:43:21,,,,,0.0,Normal,0.0
1744302716446737,10.42.0.3,10.42.0.1,54293,1883,33,1,0,1,0,0,1,0,12,0,0,0,0,0.0,0,,0,1,,0,0,0,1,42,4,MQTT,4,0.0,0,0,0,0,0,64.0,5760.0,0,0,esp32_a842e3abaccc,66,eth:ethertype:ip:tcp:mqtt,33.5,94.8,51.7,160.0,-57.0,84:F3:EB:65:43:21,,,,,0.0,Normal,0.0
1744302716470790,10.42.0.3,10.42.0.1,54293,1883,45,5,0,1,0,0,1,0,3,0,0,0,0,0.0,0,,0,0,,0,0,0,0,0,0,0,0,0.0,0,0,0,0,0,64.0,5756.0,0,0,0,57,eth:ethertype:ip:tcp,33.5,94.8,51.7,160.0,-57.0,84:F3:EB:65:43:21,,,,,0.0,Normal,0.0
1744302716482435,10.42.0.3,10.42.0.1,54293,1883,48,5,0,1,1,0,1,0,182,0,0,0,0,0.0,0,,0,3,"Wakeup: 0, Mode: 0, Reset: 1, Temperature: 40.5, Uptime: 188938, Memory: 94.8, In_Temperature: 51.7, CPU: 160, RSSI: -58, MAC: 84:F3:EB:65:43:21, F_Storage: 99.22",test/temperatura,16,0,0,180,0,0,0,0.0,0,0,0,0,0,64.0,5756.0,0,0,0,236,eth:ethertype:ip:tcp:mqtt:mqtt,40.5,94.8,51.7,160.0,-58.0,84:F3:EB:65:43:21,,,,,0.0,Normal,0.0
1744302716485978,10.42.0.3,10.42.0.1,54293,1883,231,6,0,1,0,0,0,0,0,0,0,0,0,0.0,0,,0,0,,0,0,0,0,0,0,0,0,0.0,0,0,0,0,0,64.0,5755.0,0,0,0,54,eth:ethertype:ip:tcp,40.5,94.8,51.7,160.0,-58.0,84:F3:EB:65:43:21,,,,,0.0,Normal,0.0
1744302746491591,10.42.0.3,10.42.0.1,54294,1883,0,0,1,0,0,0,0,0,0,0,0,0,0,0.0,0,,0,0,,0,0,0,0,0,0,0,0,0.0,0,0,0,0,0,64.0,5760.0,0,0,0,58,eth:ethertype:ip:tcp,40.5,94.8,51.7,160.0,-58.0,84:F3:EB:65:43:21,,,,,0.0,Normal,0.0
1744302746495768,10.42.0.3,10.42.0.1,54294,1883,1,1,0,1,0,0,0,0,0,0,0,0,0,0.0,0,,0,0,,0,0,0,0,0,0,0,0,0.0,0,0,0,0,0,64.0,5760.0,0,0,0,54,eth:ethertype:ip:tcp,40.5,94.8,51.7,160.0,-58.0,84:F3:EB:65:43:21,,,,,0.0,Normal,0.0
1744302746497838,10.42.0.3,10.42.0.1,54294,1883,1,1,0,1,0,0,1,0,3,0,0,0,0,0.0,0,,0,0,,0,0,0,0,0,0,0,0,0.0,0,0,0,0,0,64.0,5760.0,0,0,0,57,eth:ethertype:ip:tcp,40.5,94.8,51.7,160.0,-58.0,84:F3:EB:65:43:21,,,,,0.0,Normal,0.0
1744302746501185,10.42.0.3,10.42.0.1,54294,1883,4,1,0,1,0,0,1,0,29,0,0,0,0,0.0,0,,0,0,,0,0,0,0,0,0,0,0,0.0,0,0,0,0,0,64.0,5760.0,0,0,0,83,eth:ethertype:ip:tcp,40.5,94.8,51.7,160.0,-58.0,84:F3:EB:65:43:21,,,,,0.0,Normal,0.0
1744302746504311,10.42.0.3,10.42.0.1,54294,1883,33,1,0,1,0,0,1,0,12,0,0,0,0,0.0,0,,0,1,,0,0,0,1,42,4,MQTT,4,0.0,0,0,0,0,0,64.0,5760.0,0,0,esp32_a842e3abaccc,66,eth:ethertype:ip:tcp:mqtt,40.5,94.8,51.7,160.0,-58.0,84:F3:EB:65:43:21,,,,,0.0,Normal,0.0
1744302746529662,10.42.0.3,10.42.0.1,54294,1883,45,5,0,1,0,0,1,0,3,0,0,0,0,0.0,0,,0,0,,0,0,0,0,0,0,0,0,0.0,0,0,0,0,0,64.0,5756.0,0,0,0,57,eth:ethertype:ip:tcp,40.5,94.8,51.7,160.0,-58.0,84:F3:EB:65:43:21,,,,,0.0,Normal,0.0
1744302746542102,10.42.0.3,10.42.0.1,54294,1883,48,5,0,1,1,0,1,0,182,0,0,0,0,0.0,0,,0,3,"Wakeup: 0, Mode: 0, Reset: 1, Temperature: 29.2, Uptime: 188968, Memory: 94.8, In_Temperature: 51.7, CPU: 160, RSSI: -57, MAC: 84:F3:EB:65:43:21, F_Storage: 99.22",test/temperatura,16,0,0,180,0,0,0,0.0,0,0,0,0,0,64.0,5756.0,0,0,0,236,eth:ethertype:ip:tcp:mqtt:mqtt,29.2,94.8,51.7,160.0,-57.0,84:F3:EB:65:43:21,,,,,0.0,Normal,0.0
1744302746545406,10.42.0.3,10.42.0.1,54294,1883,231,6,0,1,0,0,0,0,0,0,0,0,0,0.0,0,,0,0,,0,0,0,0,0,0,0,0,0.0,0,0,0,0,0,64.0,5755.0,0,0,0,54,eth:ethertype:ip:tcp,29.2,94.8,51.7,160.0,-57.0,84:F3:EB:65:43:21,,,,,0.0,Normal,0.0
1744302776551576,10.42.0.3,10.42.0.1,54295,1883,0,0,1,0,0,0,0,0,0,0,0,0,0,0.0,0,,0,0,,0,0,0,0,0,0,0,0,0.0,0,0,0,0,0,64.0,5760.0,0,0,0,58,eth:ethertype:ip:tcp,29.2,94.8,51.7,160.0,-57.0,84:F3:EB:65:43:21,,,,,0.0,Normal,0.0
1744302776557673,10.42.0.3,10.42.0.1,54295,1883,1,1,0,1,0,0,0,0,0,0,0,0,0,0.0,0,,0,0,,0,0,0,0,0,0,0,0,0.0,0,0,0,0,0,64.0,5760.0,0,0,0,54,eth:ethertype:ip:tcp,29.2,94.8,51.7,160.0,-57.0,84:F3:EB:65:43:21,,,,,0.0,Normal,0.0
1744302776558389,10.42.0.3,10.42.0.1,54295,1883,1,1,0,1,0,0,1,0,3,0,0,0,0,0.0,0,,0,0,,0,0,0,0,0,0,0,0,0.0,0,0,0,0,0,64.0,5760.0,0,0,0,57,eth:ethertype:ip:tcp,29.2,94.8,51.7,160.0,-57.0,84:F3:EB:65:43:21,,,,,0.0,Normal,0.0
1744302776561891,10.42.0.3,10.42.0.1,54295,1883,4,1,0,1,0,0,1,0,31,0,0,0,0,0.0,0,,0,0,,0,0,0,0,0,0,0,0,0.0,0,0,0,0,0,64.0,5760.0,0,0,0,85,eth:ethertype:ip:tcp,29.2,94.8,51.7,160.0,-57.0,84:F3:EB:65:43:21,,,,,0.0,Normal,0.0
1744302776564810,10.42.0.3,10.42.0.1,54295,1883,35,1,0,1,0,0,1,0,10,0,0,0,0,0.0,0,,0,1,,0,0,0,1,42,4,MQTT,4,0.0,0,0,0,0,0,64.0,5760.0,0,0,esp32_a842e3abaccc,64,eth:ethertype:ip:tcp:mqtt,29.2,94.8,51.7,160.0,-57.0,84:F3:EB:65:43:21,,,,,0.0,Normal,0.0
1744302776589018,10.42.0.3,10.42.0.1,54295,1883,45,5,0,1,0,0,1,0,3,0,0,0,0,0.0,0,,0,0,,0,0,0,0,0,0,0,0,0.0,0,0,0,0,0,64.0,5756.0,0,0,0,57,eth:ethertype:ip:tcp,29.2,94.8,51.7,160.0,-57.0,84:F3:EB:65:43:21,,,,,0.0,Normal,0.0
1744302776602837,10.42.0.3,10.42.0.1,54295,1883,48,5,0,1,1,0,1,0,182,0,0,0,0,0.0,0,,0,3,"Wakeup: 0, Mode: 0, Reset: 1, Temperature: 38.7, Uptime: 188998, Memory: 94.9, In_Temperature: 51.7, CPU: 160, RSSI: -57, MAC: 84:F3:EB:65:43:21, F_Storage: 99.22",test/temperatura,16,0,0,180,0,0,0,0.0,0,0,0,0,0,64.0,5756.0,0,0,0,236,eth:ethertype:ip:tcp:mqtt:mqtt,38.7,94.9,51.7,160.0,-57.0,84:F3:EB:65:43:21,,,,,0.0,Normal,0.0
1744302776606249,10.42.0.3,10.42.0.1,54295,1883,231,6,0,1,0,0,0,0,0,0,0,0,0,0.0,0,,0,0,,0,0,0,0,0,0,0,0,0.0,0,0,0,0,0,64.0,5755.0,0,0,0,54,eth:ethertype:ip:tcp,38.7,94.9,51.7,160.0,-57.0,84:F3:EB:65:43:21,,,,,0.0,Normal,0.0
1744302806610394,10.42.0.3,10.42.0.1,54296,1883,0,0,1,0,0,0,0,0,0,0,0,0,0,0.0,0,,0,0,,0,0,0,0,0,0,0,0,0.0,0,0,0,0,0,64.0,5760.0,0,0,0,58,eth:ethertype:ip:tcp,38.7,94.9,51.7,160.0,-57.0,84:F3:EB:65:43:21,,,,,0.0,Normal,0.0
1744302806614473,10.42.0.3,10.42.0.1,54296,1883,1,1,0,1,0,0,0,0,0,0,0,0,0,0.0,0,,0,0,,0,0,0,0,0,0,0,0,0.0,0,0,0,0,0,64.0,5760.0,0,0,0,54,eth:ethertype:ip:tcp,38.7,94.9,51.7,160.0,-57.0,84:F3:EB:65:43:21,,,,,0.0,Normal,0.0
1744302806616522,10.42.0.3,10.42.0.1,54296,1883,1,1,0,1,0,0,1,0,3,0,0,0,0,0.0,0,,0,0,,0,0,0,0,0,0,0,0,0.0,0,0,0,0,0,64.0,5760.0,0,0,0,57,eth:ethertype:ip:tcp,38.7,94.9,51.7,160.0,-57.0,84:F3:EB:65:43:21,,,,,0.0,Normal,0.0
1744302806621917,10.42.0.3,10.42.0.1,54296,1883,4,1,0,1,0,0,1,0,29,0,0,0,0,0.0,0,,0,0,,0,0,0,0,0,0,0,0,0.0,0,0,0,0,0,64.0,5760.0,0,0,0,83,eth:ethertype:ip:tcp,38.7,94.9,51.7,160.0,-57.0,84:F3:EB:65:43:21,,,,,0.0,Normal,0.0
1744302806624708,10.42.0.3,10.42.0.1,54296,1883,33,1,0,1,0,0,1,0,12,0,0,0,0,0.0,0,,0,1,,0,0,0,1,42,4,MQTT,4,0.0,0,0,0,0,0,64.0,5760.0,0,0,esp32_a842e3abaccc,66,eth:ethertype:ip:tcp:mqtt,38.7,94.9,51.7,160.0,-57.0,84:F3:EB:65:43:21,,,,,0.0,Normal,0.0
1744302806648463,10.42.0.3,10.42.0.1,54296,1883,45,5,0,1,0,0,1,0,3,0,0,0,0,0.0,0,,0,0,,0,0,0,0,0,0,0,0,0.0,0,0,0,0,0,64.0,5756.0,0,0,0,57,eth:ethertype:ip:tcp,38.7,94.9,51.7,160.0,-57.0,84:F3:EB:65:43:21,,,,,0.0,Normal,0.0
1744302806661265,10.42.0.3,10.42.0.1,54296,1883,48,5,0,1,1,0,1,0,182,0,0,0,0,0.0,0,,0,3,"Wakeup: 0, Mode: 0, Reset: 1, Temperature: 33.2, Uptime: 189028, Memory: 94.9, In_Temperature: 51.7, CPU: 160, RSSI: -60, MAC: 84:F3:EB:65:43:21, F_Storage: 99.22",test/temperatura,16,0,0,180,0,0,0,0.0,0,0,0,0,0,64.0,5756.0,0,0,0,236,eth:ethertype:ip:tcp:mqtt:mqtt,33.2,94.9,51.7,160.0,-60.0,84:F3:EB:65:43:21,,,,,0.0,Normal,0.0
1744302806664737,10.42.0.3,10.42.0.1,54296,1883,231,6,0,1,0,0,0,0,0,0,0,0,0,0.0,0,,0,0,,0,0,0,0,0,0,0,0,0.0,0,0,0,0,0,64.0,5755.0,0,0,0,54,eth:ethertype:ip:tcp,33.2,94.9,51.7,160.0,-60.0,84:F3:EB:65:43:21,,,,,0.0,Normal,0.0
1744302836670841,10.42.0.3,10.42.0.1,54297,1883,0,0,1,0,0,0,0,0,0,0,0,0,0,0.0,0,,0,0,,0,0,0,0,0,0,0,0,0.0,0,0,0,0,0,64.0,5760.0,0,0,0,58,eth:ethertype:ip:tcp,33.2,94.9,51.7,160.0,-60.0,84:F3:EB:65:43:21,,,,,0.0,Normal,0.0
1744302836675017,10.42.0.3,10.42.0.1,54297,1883,1,1,0,1,0,0,0,0,0,0,0,0,0,0.0,0,,0,0,,0,0,0,0,0,0,0,0,0.0,0,0,0,0,0,64.0,5760.0,0,0,0,54,eth:ethertype:ip:tcp,33.2,94.9,51.7,160.0,-60.0,84:F3:EB:65:43:21,,,,,0.0,Normal,0.0
1744302836677126,10.42.0.3,10.42.0.1,54297,1883,1,1,0,1,0,0,1,0,3,0,0,0,0,0.0,0,,0,0,,0,0,0,0,0,0,0,0,0.0,0,0,0,0,0,64.0,5760.0,0,0,0,57,eth:ethertype:ip:tcp,33.2,94.9,51.7,160.0,-60.0,84:F3:EB:65:43:21,,,,,0.0,Normal,0.0
1744302836682873,10.42.0.3,10.42.0.1,54297,1883,4,1,0,1,0,0,1,0,29,0,0,0,0,0.0,0,,0,0,,0,0,0,0,0,0,0,0,0.0,0,0,0,0,0,64.0,5760.0,0,0,0,83,eth:ethertype:ip:tcp,33.2,94.9,51.7,160.0,-60.0,84:F3:EB:65:43:21,,,,,0.0,Normal,0.0
1744302836685684,10.42.0.3,10.42.0.1,54297,1883,33,1,0,1,0,0,1,0,12,0,0,0,0,0.0,0,,0,1,,0,0,0,1,42,4,MQTT,4,0.0,0,0,0,0,0,64.0,5760.0,0,0,esp32_a842e3abaccc,66,eth:ethertype:ip:tcp:mqtt,33.2,94.9,51.7,160.0,-60.0,84:F3:EB:65:43:21,,,,,0.0,Normal,0.0
1744302836709601,10.42.0.3,10.42.0.1,54297,1883,45,5,0,1,0,0,1,0,3,0,0,0,0,0.0,0,,0,0,,0,0,0,0,0,0,0,0,0.0,0,0,0,0,0,64.0,5756.0,0,0,0,57,eth:ethertype:ip:tcp,33.2,94.9,51.7,160.0,-60.0,84:F3:EB:65:43:21,,,,,0.0,Normal,0.0
1744302836720005,10.42.0.3,10.42.0.1,54297,1883,48,5,0,1,1,0,1,0,182,0,0,0,0,0.0,0,,0,3,"Wakeup: 0, Mode: 0, Reset: 1, Temperature: 25.3, Uptime: 189059, Memory: 94.8, In_Temperature: 51.7, CPU: 160, RSSI: -56, MAC: 84:F3:EB:65:43:21, F_Storage: 99.22",test/temperatura,16,0,0,180,0,0,0,0.0,0,0,0,0,0,64.0,5756.0,0,0,0,236,eth:ethertype:ip:tcp:mqtt:mqtt,25.3,94.8,51.7,160.0,-56.0,84:F3:EB:65:43:21,,,,,0.0,Normal,0.0
1744302836723373,10.42.0.3,10.42.0.1,54297,1883,231,6,0,1,0,0,0,0,0,0,0,0,0,0.0,0,,0,0,,0,0,0,0,0,0,0,0,0.0,0,0,0,0,0,64.0,5755.0,0,0,0,54,eth:ethertype:ip:tcp,25.3,94.8,51.7,160.0,-56.0,84:F3:EB:65:43:21,,,,,0.0,Normal,0.0
1744302866728625,10.42.0.3,10.42.0.1,54298,1883,0,0,1,0,0,0,0,0,0,0,0,0,0,0.0,0,,0,0,,0,0,0,0,0,0,0,0,0.0,0,0,0,0,0,64.0,5760.0,0,0,0,58,eth:ethertype:ip:tcp,25.3,94.8,51.7,160.0,-56.0,84:F3:EB:65:43:21,,,,,0.0,Normal,0.0
1744302866732422,10.42.0.3,10.42.0.1,54298,1883,1,1,0,1,0,0,0,0,0,0,0,0,0,0.0,0,,0,0,,0,0,0,0,0,0,0,0,0.0,0,0,0,0,0,64.0,5760.0,0,0,0,54,eth:ethertype:ip:tcp,25.3,94.8,51.7,160.0,-56.0,84:F3:EB:65:43:21,,,,,0.0,Normal,0.0
1744302866734708,10.42.0.3,10.42.0.1,54298,1883,1,1,0,1,0,0,1,0,3,0,0,0,0,0.0,0,,0,0,,0,0,0,0,0,0,0,0,0.0,0,0,0,0,0,64.0,5760.0,0,0,0,57,eth:ethertype:ip:tcp,25.3,94.8,51.7,160.0,-56.0,84:F3:EB:65:43:21,,,,,0.0,Normal,0.0
1744302866740141,10.42.0.3,10.42.0.1,54298,1883,4,1,0,1,0,0,1,0,29,0,0,0,0,0.0,0,,0,0,,0,0,0,0,0,0,0,0,0.0,0,0,0,0,0,64.0,5760.0,0,0,0,83,eth:ethertype:ip:tcp,25.3,94.8,51.7,160.0,-56.0,84:F3:EB:65:43:21,,,,,0.0,Normal,0.0
1744302866742898,10.42.0.3,10.42.0.1,54298,1883,33,1,0,1,0,0,1,0,12,0,0,0,0,0.0,0,,0,1,,0,0,0,1,42,4,MQTT,4,0.0,0,0,0,0,0,64.0,5760.0,0,0,esp32_a842e3abaccc,66,eth:ethertype:ip:tcp:mqtt,25.3,94.8,51.7,160.0,-56.0,84:F3:EB:65:43:21,,,,,0.0,Normal,0.0
1744302866767035,10.42.0.3,10.42.0.1,54298,1883,45,5,0,1,0,0,1,0,3,0,0,0,0,0.0,0,,0,0,,0,0,0,0,0,0,0,0,0.0,0,0,0,0,0,64.0,5756.0,0,0,0,57,eth:ethertype:ip:tcp,25.3,94.8,51.7,160.0,-56.0,84:F3:EB:65:43:21,,,,,0.0,Normal,0.0
1744302866780447,10.42.0.3,10.42.0.1,54298,1883,48,5,0,1,1,0,1,0,182,0,0,0,0,0.0,0,,0,3,"Wakeup: 0, Mode: 0, Reset: 1, Temperature: 25.1, Uptime: 189089, Memory: 94.8, In_Temperature: 51.7, CPU: 160, RSSI: -56, MAC: 84:F3:EB:65:43:21, F_Storage: 99.22",test/temperatura,16,0,0,180,0,0,0,0.0,0,0,0,0,0,64.0,5756.0,0,0,0,236,eth:ethertype:ip:tcp:mqtt:mqtt,25.1,94.8,51.7,160.0,-56.0,84:F3:EB:65:43:21,,,,,0.0,Normal,0.0
1744302866784014,10.42.0.3,10.42.0.1,54298,1883,231,6,0,1,0,0,0,0,0,0,0,0,0,0.0,0,,0,0,,0,0,0,0,0,0,0,0,0.0,0,0,0,0,0,64.0,5755.0,0,0,0,54,eth:ethertype:ip:tcp,25.1,94.8,51.7,160.0,-56.0,84:F3:EB:65:43:21,,,,,0.0,Normal,0.0
1744302896788817,10.42.0.3,10.42.0.1,54299,1883,0,0,1,0,0,0,0,0,0,0,0,0,0,0.0,0,,0,0,,0,0,0,0,0,0,0,0,0.0,0,0,0,0,0,64.0,5760.0,0,0,0,58,eth:ethertype:ip:tcp,25.1,94.8,51.7,160.0,-56.0,84:F3:EB:65:43:21,,,,,0.0,Normal,0.0
1744302896793469,10.42.0.3,10.42.0.1,54299,1883,1,1,0,1,0,0,0,0,0,0,0,0,0,0.0,0,,0,0,,0,0,0,0,0,0,0,0,0.0,0,0,0,0,0,64.0,5760.0,0,0,0,54,eth:ethertype:ip:tcp,25.1,94.8,51.7,160.0,-56.0,84:F3:EB:65:43:21,,,,,0.0,Normal,0.0
1744302896795904,10.42.0.3,10.42.0.1,54299,1883,1,1,0,1,0,0,1,0,3,0,0,0,0,0.0,0,,0,0,,0,0,0,0,0,0,0,0,0.0,0,0,0,0,0,64.0,5760.0,0,0,0,57,eth:ethertype:ip:tcp,25.1,94.8,51.7,160.0,-56.0,84:F3:EB:65:43:21,,,,,0.0,Normal,0.0
1744302896799259,10.42.0.3,10.42.0.1,54299,1883,4,1,0,1,0,0,1,0,29,0,0,0,0,0.0,0,,0,0,,0,0,0,0,0,0,0,0,0.0,0,0,0,0,0,64.0,5760.0,0,0,0,83,eth:ethertype:ip:tcp,25.1,94.8,51.7,160.0,-56.0,84:F3:EB:65:43:21,,,,,0.0,Normal,0.0
1744302896802285,10.42.0.3,10.42.0.1,54299,1883,33,1,0,1,0,0,1,0,12,0,0,0,0,0.0,0,,0,1,,0,0,0,1,42,4,MQTT,4,0.0,0,0,0,0,0,64.0,5760.0,0,0,esp32_a842e3abaccc,66,eth:ethertype:ip:tcp:mqtt,25.1,94.8,51.7,160.0,-56.0,84:F3:EB:65:43:21,,,,,0.0,Normal,0.0
1744302896826241,10.42.0.3,10.42.0.1,54299,1883,45,5,0,1,0,0,1,0,3,0,0,0,0,0.0,0,,0,0,,0,0,0,0,0,0,0,0,0.0,0,0,0,0,0,64.0,5756.0,0,0,0,57,eth:ethertype:ip:tcp,25.1,94.8,51.7,160.0,-56.0,84:F3:EB:65:43:21,,,,,0.0,Normal,0.0
1744302896839041,10.42.0.3,10.42.0.1,54299,1883,48,5,0,1,1,0,1,0,182,0,0,0,0,0.0,0,,0,3,"Wakeup: 0, Mode: 0, Reset: 1, Temperature: 38.1, Uptime: 189119, Memory: 94.9, In_Temperature: 51.7, CPU: 160, RSSI: -57, MAC: 84:F3:EB:65:43:21, F_Storage: 99.22",test/temperatura,16,0,0,180,0,0,0,0.0,0,0,0,0,0,64.0,5756.0,0,0,0,236,eth:ethertype:ip:tcp:mqtt:mqtt,38.1,94.9,51.7,160.0,-57.0,84:F3:EB:65:43:21,,,,,0.0,Normal,0.0
1744302896843480,10.42.0.3,10.42.0.1,54299,1883,231,6,0,1,0,0,0,0,0,0,0,0,0,0.0,0,,0,0,,0,0,0,0,0,0,0,0,0.0,0,0,0,0,0,64.0,5755.0,0,0,0,54,eth:ethertype:ip:tcp,38.1,94.9,51.7,160.0,-57.0,84:F3:EB:65:43:21,,,,,0.0,Normal,0.0
1744302926847909,10.42.0.3,10.42.0.1,54300,1883,0,0,1,0,0,0,0,0,0,0,0,0,0,0.0,0,,0,0,,0,0,0,0,0,0,0,0,0.0,0,0,0,0,0,64.0,5760.0,0,0,0,58,eth:ethertype:ip:tcp,38.1,94.9,51.7,160.0,-57.0,84:F3:EB:65:43:21,,,,,0.0,Normal,0.0
1744302926851990,10.42.0.3,10.42.0.1,54300,1883,1,1,0,1,0,0,0,0,0,0,0,0,0,0.0,0,,0,0,,0,0,0,0,0,0,0,0,0.0,0,0,0,0,0,64.0,5760.0,0,0,0,54,eth:ethertype:ip:tcp,38.1,94.9,51.7,160.0,-57.0,84:F3:EB:65:43:21,,,,,0.0,Normal,0.0
1744302926854009,10.42.0.3,10.42.0.1,54300,1883,1,1,0,1,0,0,1,0,3,0,0,0,0,0.0,0,,0,0,,0,0,0,0,0,0,0,0,0.0,0,0,0,0,0,64.0,5760.0,0,0,0,57,eth:ethertype:ip:tcp,38.1,94.9,51.7,160.0,-57.0,84:F3:EB:65:43:21,,,,,0.0,Normal,0.0
1744302926857374,10.42.0.3,10.42.0.1,54300,1883,4,1,0,1,0,0,1,0,29,0,0,0,0,0.0,0,,0,0,,0,0,0,0,0,0,0,0,0.0,0,0,0,0,0,64.0,5760.0,0,0,0,83,eth:ethertype:ip:tcp,38.1,94.9,51.7,160.0,-57.0,84:F3:EB:65:43:21,,,,,0.0,Normal,0.0
1744302926860643,10.42.0.3,10.42.0.1,54300,1883,33,1,0,1,0,0,1,0,6,0,0,0,0,0.0,0,,0,0,,0,0,0,0,0,0,0,0,0.0,0,0,0,0,0,64.0,5760.0,0,0,0,60,eth:ethertype:ip:tcp,38.1,94.9,51.7,160.0,-57.0,84:F3:EB:65:43:21,,,,,0.0,Normal,0.0
1744302926863312,10.42.0.3,10.42.0.1,54300,1883,39,1,0,1,0,0,1,0,6,0,0,0,0,0.0,0,,0,1,,0,0,0,1,42,4,MQTT,4,0.0,0,0,0,0,0,64.0,5760.0,0,0,esp32_a842e3abaccc,60,eth:ethertype:ip:tcp:mqtt,38.1,94.9,51.7,160.0,-57.0,84:F3:EB:65:43:21,,,,,0.0,Normal,0.0
1744302926889023,10.42.0.3,10.42.0.1,54300,1883,45,5,0,1,0,0,1,0,3,0,0,0,0,0.0,0,,0,0,,0,0,0,0,0,0,0,0,0.0,0,0,0,0,0,64.0,5756.0,0,0,0,57,eth:ethertype:ip:tcp,38.1,94.9,51.7,160.0,-57.0,84:F3:EB:65:43:21,,,,,0.0,Normal,0.0
1744302926898139,10.42.0.3,10.42.0.1,54300,1883,48,5,0,1,1,0,1,0,182,0,0,0,0,0.0,0,,0,3,"Wakeup: 0, Mode: 0, Reset: 1, Temperature: 38.5, Uptime: 189149, Memory: 94.8, In_Temperature: 51.7, CPU: 160, RSSI: -57, MAC: 84:F3:EB:65:43:21, F_Storage: 99.22",test/temperatura,16,0,0,180,0,0,0,0.0,0,0,0,0,0,64.0,5756.0,0,0,0,236,eth:ethertype:ip:tcp:mqtt:mqtt,38.5,94.8,51.7,160.0,-57.0,84:F3:EB:65:43:21,,,,,0.0,Normal,0.0
1744302926901639,10.42.0.3,10.42.0.1,54300,1883,231,6,0,1,0,0,0,0,0,0,0,0,0,0.0,0,,0,0,,0,0,0,0,0,0,0,0,0.0,0,0,0,0,0,64.0,5755.0,0,0,0,54,eth:ethertype:ip:tcp,38.5,94.8,51.7,160.0,-57.0,84:F3:EB:65:43:21,,,,,0.0,Normal,0.0
1744302956907181,10.42.0.3,10.42.0.1,54301,1883,0,0,1,0,0,0,0,0,0,0,0,0,0,0.0,0,,0,0,,0,0,0,0,0,0,0,0,0.0,0,0,0,0,0,64.0,5760.0,0,0,0,58,eth:ethertype:ip:tcp,38.5,94.8,51.7,160.0,-57.0,84:F3:EB:65:43:21,,,,,0.0,Normal,0.0
1744302956911186,10.42.0.3,10.42.0.1,54301,1883,1,1,0,1,0,0,0,0,0,0,0,0,0,0.0,0,,0,0,,0,0,0,0,0,0,0,0,0.0,0,0,0,0,0,64.0,5760.0,0,0,0,54,eth:ethertype:ip:tcp,38.5,94.8,51.7,160.0,-57.0,84:F3:EB:65:43:21,,,,,0.0,Normal,0.0
1744302956913236,10.42.0.3,10.42.0.1,54301,1883,1,1,0,1,0,0,1,0,3,0,0,0,0,0.0,0,,0,0,,0,0,0,0,0,0,0,0,0.0,0,0,0,0,0,64.0,5760.0,0,0,0,57,eth:ethertype:ip:tcp,38.5,94.8,51.7,160.0,-57.0,84:F3:EB:65:43:21,,,,,0.0,Normal,0.0
1744302956916733,10.42.0.3,10.42.0.1,54301,1883,4,1,0,1,0,0,1,0,29,0,0,0,0,0.0,0,,0,0,,0,0,0,0,0,0,0,0,0.0,0,0,0,0,0,64.0,5760.0,0,0,0,83,eth:ethertype:ip:tcp,38.5,94.8,51.7,160.0,-57.0,84:F3:EB:65:43:21,,,,,0.0,Normal,0.0
1744302956919807,10.42.0.3,10.42.0.1,54301,1883,33,1,0,1,0,0,1,0,12,0,0,0,0,0.0,0,,0,1,,0,0,0,1,42,4,MQTT,4,0.0,0,0,0,0,0,64.0,5760.0,0,0,esp32_a842e3abaccc,66,eth:ethertype:ip:tcp:mqtt,38.5,94.8,51.7,160.0,-57.0,84:F3:EB:65:43:21,,,,,0.0,Normal,0.0
1744302956949220,10.42.0.3,10.42.0.1,54301,1883,45,5,0,1,0,0,1,0,3,0,0,0,0,0.0,0,,0,0,,0,0,0,0,0,0,0,0,0.0,0,0,0,0,0,64.0,5756.0,0,0,0,57,eth:ethertype:ip:tcp,38.5,94.8,51.7,160.0,-57.0,84:F3:EB:65:43:21,,,,,0.0,Normal,0.0
1744302956967421,10.42.0.3,10.42.0.1,54301,1883,48,5,0,1,1,0,1,0,182,0,0,0,0,0.0,0,,0,3,"Wakeup: 0, Mode: 0, Reset: 1, Temperature: 37.9, Uptime: 189179, Memory: 94.8, In_Temperature: 51.7, CPU: 160, RSSI: -57, MAC: 84:F3:EB:65:43:21, F_Storage: 99.22",test/temperatura,16,0,0,180,0,0,0,0.0,0,0,0,0,0,64.0,5756.0,0,0,0,236,eth:ethertype:ip:tcp:mqtt:mqtt,37.9,94.8,51.7,160.0,-57.0,84:F3:EB:65:43:21,,,,,0.0,Normal,0.0
1744302956971149,10.42.0.3,10.42.0.1,54301,1883,231,6,0,1,0,0,0,0,0,0,0,0,0,0.0,0,,0,0,,0,0,0,0,0,0,0,0,0.0,0,0,0,0,0,64.0,5755.0,0,0,0,54,eth:ethertype:ip:tcp,37.9,94.8,51.7,160.0,-57.0,84:F3:EB:65:43:21,,,,,0.0,Normal,0.0
1744302986975625,10.42.0.3,10.42.0.1,54302,1883,0,0,1,0,0,0,0,0,0,0,0,0,0,0.0,0,,0,0,,0,0,0,0,0,0,0,0,0.0,0,0,0,0,0,64.0,5760.0,0,0,0,58,eth:ethertype:ip:tcp,37.9,94.8,51.7,160.0,-57.0,84:F3:EB:65:43:21,,,,,0.0,Normal,0.0
1744302986979414,10.42.0.3,10.42.0.1,54302,1883,1,1,0,1,0,0,0,0,0,0,0,0,0,0.0,0,,0,0,,0,0,0,0,0,0,0,0,0.0,0,0,0,0,0,64.0,5760.0,0,0,0,54,eth:ethertype:ip:tcp,37.9,94.8,51.7,160.0,-57.0,84:F3:EB:65:43:21,,,,,0.0,Normal,0.0
1744302986983771,10.42.0.3,10.42.0.1,54302,1883,1,1,0,1,0,0,1,0,3,0,0,0,0,0.0,0,,0,0,,0,0,0,0,0,0,0,0,0.0,0,0,0,0,0,64.0,5760.0,0,0,0,57,eth:ethertype:ip:tcp,37.9,94.8,51.7,160.0,-57.0,84:F3:EB:65:43:21,,,,,0.0,Normal,0.0
1744302986988463,10.42.0.3,10.42.0.1,54302,1883,4,1,0,1,0,0,1,0,41,0,0,0,0,0.0,0,,0,1,,0,0,0,1,42,4,MQTT,4,0.0,0,0,0,0,0,64.0,5760.0,0,0,esp32_a842e3abaccc,95,eth:ethertype:ip:tcp:mqtt,37.9,94.8,51.7,160.0,-57.0,84:F3:EB:65:43:21,,,,,0.0,Normal,0.0
1744302987012560,10.42.0.3,10.42.0.1,54302,1883,45,5,0,1,0,0,1,0,3,0,0,0,0,0.0,0,,0,0,,0,0,0,0,0,0,0,0,0.0,0,0,0,0,0,64.0,5756.0,0,0,0,57,eth:ethertype:ip:tcp,37.9,94.8,51.7,160.0,-57.0,84:F3:EB:65:43:21,,,,,0.0,Normal,0.0
1744302987027014,10.42.0.3,10.42.0.1,54302,1883,48,5,0,1,1,0,1,0,182,0,0,0,0,0.0,0,,0,3,"Wakeup: 0, Mode: 0, Reset: 1, Temperature: 25.6, Uptime: 189209, Memory: 94.8, In_Temperature: 51.7, CPU: 160, RSSI: -58, MAC: 84:F3:EB:65:43:21, F_Storage: 99.22",test/temperatura,16,0,0,180,0,0,0,0.0,0,0,0,0,0,64.0,5756.0,0,0,0,236,eth:ethertype:ip:tcp:mqtt:mqtt,25.6,94.8,51.7,160.0,-58.0,84:F3:EB:65:43:21,,,,,0.0,Normal,0.0
1744302987030378,10.42.0.3,10.42.0.1,54302,1883,231,6,0,1,0,0,0,0,0,0,0,0,0,0.0,0,,0,0,,0,0,0,0,0,0,0,0,0.0,0,0,0,0,0,64.0,5755.0,0,0,0,54,eth:ethertype:ip:tcp,25.6,94.8,51.7,160.0,-58.0,84:F3:EB:65:43:21,,,,,0.0,Normal,0.0
1744303017036071,10.42.0.3,10.42.0.1,54303,1883,0,0,1,0,0,0,0,0,0,0,0,0,0,0.0,0,,0,0,,0,0,0,0,0,0,0,0,0.0,0,0,0,0,0,64.0,5760.0,0,0,0,58,eth:ethertype:ip:tcp,25.6,94.8,51.7,160.0,-58.0,84:F3:EB:65:43:21,,,,,0.0,Normal,0.0
1744303017040244,10.42.0.3,10.42.0.1,54303,1883,1,1,0,1,0,0,0,0,0,0,0,0,0,0.0,0,,0,0,,0,0,0,0,0,0,0,0,0.0,0,0,0,0,0,64.0,5760.0,0,0,0,54,eth:ethertype:ip:tcp,25.6,94.8,51.7,160.0,-58.0,84:F3:EB:65:43:21,,,,,0.0,Normal,0.0
1744303017042344,10.42.0.3,10.42.0.1,54303,1883,1,1,0,1,0,0,1,0,3,0,0,0,0,0.0,0,,0,0,,0,0,0,0,0,0,0,0,0.0,0,0,0,0,0,64.0,5760.0,0,0,0,57,eth:ethertype:ip:tcp,25.6,94.8,51.7,160.0,-58.0,84:F3:EB:65:43:21,,,,,0.0,Normal,0.0
1744303017045790,10.42.0.3,10.42.0.1,54303,1883,4,1,0,1,0,0,1,0,29,0,0,0,0,0.0,0,,0,0,,0,0,0,0,0,0,0,0,0.0,0,0,0,0,0,64.0,5760.0,0,0,0,83,eth:ethertype:ip:tcp,25.6,94.8,51.7,160.0,-58.0,84:F3:EB:65:43:21,,,,,0.0,Normal,0.0
1744303017049393,10.42.0.3,10.42.0.1,54303,1883,33,1,0,1,0,0,1,0,12,0,0,0,0,0.0,0,,0,1,,0,0,0,1,42,4,MQTT,4,0.0,0,0,0,0,0,64.0,5760.0,0,0,esp32_a842e3abaccc,66,eth:ethertype:ip:tcp:mqtt,25.6,94.8,51.7,160.0,-58.0,84:F3:EB:65:43:21,,,,,0.0,Normal,0.0
1744303017073665,10.42.0.3,10.42.0.1,54303,1883,45,5,0,1,0,0,1,0,3,0,0,0,0,0.0,0,,0,0,,0,0,0,0,0,0,0,0,0.0,0,0,0,0,0,64.0,5756.0,0,0,0,57,eth:ethertype:ip:tcp,25.6,94.8,51.7,160.0,-58.0,84:F3:EB:65:43:21,,,,,0.0,Normal,0.0
1744303017086242,10.42.0.3,10.42.0.1,54303,1883,48,5,0,1,1,0,1,0,182,0,0,0,0,0.0,0,,0,3,"Wakeup: 0, Mode: 0, Reset: 1, Temperature: 35.4, Uptime: 189239, Memory: 94.8, In_Temperature: 51.7, CPU: 160, RSSI: -58, MAC: 84:F3:EB:65:43:21, F_Storage: 99.22",test/temperatura,16,0,0,180,0,0,0,0.0,0,0,0,0,0,64.0,5756.0,0,0,0,236,eth:ethertype:ip:tcp:mqtt:mqtt,35.4,94.8,51.7,160.0,-58.0,84:F3:EB:65:43:21,,,,,0.0,Normal,0.0
1744303017094238,10.42.0.3,10.42.0.1,54303,1883,231,6,0,1,0,0,0,0,0,0,0,0,0,0.0,0,,0,0,,0,0,0,0,0,0,0,0,0.0,0,0,0,0,0,64.0,5755.0,0,0,0,54,eth:ethertype:ip:tcp,35.4,94.8,51.7,160.0,-58.0,84:F3:EB:65:43:21,,,,,0.0,Normal,0.0
1744303047095437,10.42.0.3,10.42.0.1,54304,1883,0,0,1,0,0,0,0,0,0,0,0,0,0,0.0,0,,0,0,,0,0,0,0,0,0,0,0,0.0,0,0,0,0,0,64.0,5760.0,0,0,0,58,eth:ethertype:ip:tcp,35.4,94.8,51.7,160.0,-58.0,84:F3:EB:65:43:21,,,,,0.0,Normal,0.0
1744303047099280,10.42.0.3,10.42.0.1,54304,1883,1,1,0,1,0,0,0,0,0,0,0,0,0,0.0,0,,0,0,,0,0,0,0,0,0,0,0,0.0,0,0,0,0,0,64.0,5760.0,0,0,0,54,eth:ethertype:ip:tcp,35.4,94.8,51.7,160.0,-58.0,84:F3:EB:65:43:21,,,,,0.0,Normal,0.0
1744303047101474,10.42.0.3,10.42.0.1,54304,1883,1,1,0,1,0,0,1,0,3,0,0,0,0,0.0,0,,0,0,,0,0,0,0,0,0,0,0,0.0,0,0,0,0,0,64.0,5760.0,0,0,0,57,eth:ethertype:ip:tcp,35.4,94.8,51.7,160.0,-58.0,84:F3:EB:65:43:21,,,,,0.0,Normal,0.0
1744303047104819,10.42.0.3,10.42.0.1,54304,1883,4,1,0,1,0,0,1,0,29,0,0,0,0,0.0,0,,0,0,,0,0,0,0,0,0,0,0,0.0,0,0,0,0,0,64.0,5760.0,0,0,0,83,eth:ethertype:ip:tcp,35.4,94.8,51.7,160.0,-58.0,84:F3:EB:65:43:21,,,,,0.0,Normal,0.0
1744303047107911,10.42.0.3,10.42.0.1,54304,1883,33,1,0,1,0,0,1,0,12,0,0,0,0,0.0,0,,0,1,,0,0,0,1,42,4,MQTT,4,0.0,0,0,0,0,0,64.0,5760.0,0,0,esp32_a842e3abaccc,66,eth:ethertype:ip:tcp:mqtt,35.4,94.8,51.7,160.0,-58.0,84:F3:EB:65:43:21,,,,,0.0,Normal,0.0
1744303047132017,10.42.0.3,10.42.0.1,54304,1883,45,5,0,1,0,0,1,0,3,0,0,0,0,0.0,0,,0,0,,0,0,0,0,0,0,0,0,0.0,0,0,0,0,0,64.0,5756.0,0,0,0,57,eth:ethertype:ip:tcp,35.4,94.8,51.7,160.0,-58.0,84:F3:EB:65:43:21,,,,,0.0,Normal,0.0
1744303047145651,10.42.0.3,10.42.0.1,54304,1883,48,5,0,1,1,0,1,0,182,0,0,0,0,0.0,0,,0,3,"Wakeup: 0, Mode: 0, Reset: 1, Temperature: 26.6, Uptime: 189269, Memory: 94.8, In_Temperature: 51.7, CPU: 160, RSSI: -55, MAC: 84:F3:EB:65:43:21, F_Storage: 99.22",test/temperatura,16,0,0,180,0,0,0,0.0,0,0,0,0,0,64.0,5756.0,0,0,0,236,eth:ethertype:ip:tcp:mqtt:mqtt,26.6,94.8,51.7,160.0,-55.0,84:F3:EB:65:43:21,,,,,0.0,Normal,0.0
1744303047149122,10.42.0.3,10.42.0.1,54304,1883,231,6,0,1,0,0,0,0,0,0,0,0,0,0.0,0,,0,0,,0,0,0,0,0,0,0,0,0.0,0,0,0,0,0,64.0,5755.0,0,0,0,54,eth:ethertype:ip:tcp,26.6,94.8,51.7,160.0,-55.0,84:F3:EB:65:43:21,,,,,0.0,Normal,0.0
1744303077154652,10.42.0.3,10.42.0.1,54305,1883,0,0,1,0,0,0,0,0,0,0,0,0,0,0.0,0,,0,0,,0,0,0,0,0,0,0,0,0.0,0,0,0,0,0,64.0,5760.0,0,0,0,58,eth:ethertype:ip:tcp,26.6,94.8,51.7,160.0,-55.0,84:F3:EB:65:43:21,,,,,0.0,Normal,0.0
1744303077158673,10.42.0.3,10.42.0.1,54305,1883,1,1,0,1,0,0,0,0,0,0,0,0,0,0.0,0,,0,0,,0,0,0,0,0,0,0,0,0.0,0,0,0,0,0,64.0,5760.0,0,0,0,54,eth:ethertype:ip:tcp,26.6,94.8,51.7,160.0,-55.0,84:F3:EB:65:43:21,,,,,0.0,Normal,0.0
1744303077160797,10.42.0.3,10.42.0.1,54305,1883,1,1,0,1,0,0,1,0,3,0,0,0,0,0.0,0,,0,0,,0,0,0,0,0,0,0,0,0.0,0,0,0,0,0,64.0,5760.0,0,0,0,57,eth:ethertype:ip:tcp,26.6,94.8,51.7,160.0,-55.0,84:F3:EB:65:43:21,,,,,0.0,Normal,0.0
1744303077164536,10.42.0.3,10.42.0.1,54305,1883,4,1,0,1,0,0,1,0,31,0,0,0,0,0.0,0,,0,0,,0,0,0,0,0,0,0,0,0.0,0,0,0,0,0,64.0,5760.0,0,0,0,85,eth:ethertype:ip:tcp,26.6,94.8,51.7,160.0,-55.0,84:F3:EB:65:43:21,,,,,0.0,Normal,0.0
1744303077167442,10.42.0.3,10.42.0.1,54305,1883,35,1,0,1,0,0,1,0,10,0,0,0,0,0.0,0,,0,1,,0,0,0,1,42,4,MQTT,4,0.0,0,0,0,0,0,64.0,5760.0,0,0,esp32_a842e3abaccc,64,eth:ethertype:ip:tcp:mqtt,26.6,94.8,51.7,160.0,-55.0,84:F3:EB:65:43:21,,,,,0.0,Normal,0.0
1744303077191714,10.42.0.3,10.42.0.1,54305,1883,45,5,0,1,0,0,1,0,3,0,0,0,0,0.0,0,,0,0,,0,0,0,0,0,0,0,0,0.0,0,0,0,0,0,64.0,5756.0,0,0,0,57,eth:ethertype:ip:tcp,26.6,94.8,51.7,160.0,-55.0,84:F3:EB:65:43:21,,,,,0.0,Normal,0.0
1744303077205844,10.42.0.3,10.42.0.1,54305,1883,48,5,0,1,1,0,1,0,182,0,0,0,0,0.0,0,,0,3,"Wakeup: 0, Mode: 0, Reset: 1, Temperature: 30.1, Uptime: 189299, Memory: 94.8, In_Temperature: 51.7, CPU: 160, RSSI: -55, MAC: 84:F3:EB:65:43:21, F_Storage: 99.22",test/temperatura,16,0,0,180,0,0,0,0.0,0,0,0,0,0,64.0,5756.0,0,0,0,236,eth:ethertype:ip:tcp:mqtt:mqtt,30.1,94.8,51.7,160.0,-55.0,84:F3:EB:65:43:21,,,,,0.0,Normal,0.0
1744303077209268,10.42.0.3,10.42.0.1,54305,1883,231,6,0,1,0,0,0,0,0,0,0,0,0,0.0,0,,0,0,,0,0,0,0,0,0,0,0,0.0,0,0,0,0,0,64.0,5755.0,0,0,0,54,eth:ethertype:ip:tcp,30.1,94.8,51.7,160.0,-55.0,84:F3:EB:65:43:21,,,,,0.0,Normal,0.0
1744303107214302,10.42.0.3,10.42.0.1,54306,1883,0,0,1,0,0,0,0,0,0,0,0,0,0,0.0,0,,0,0,,0,0,0,0,0,0,0,0,0.0,0,0,0,0,0,64.0,5760.0,0,0,0,58,eth:ethertype:ip:tcp,30.1,94.8,51.7,160.0,-55.0,84:F3:EB:65:43:21,,,,,0.0,Normal,0.0
1744303107218434,10.42.0.3,10.42.0.1,54306,1883,1,1,0,1,0,0,0,0,0,0,0,0,0,0.0,0,,0,0,,0,0,0,0,0,0,0,0,0.0,0,0,0,0,0,64.0,5760.0,0,0,0,54,eth:ethertype:ip:tcp,30.1,94.8,51.7,160.0,-55.0,84:F3:EB:65:43:21,,,,,0.0,Normal,0.0
1744303107220651,10.42.0.3,10.42.0.1,54306,1883,1,1,0,1,0,0,1,0,3,0,0,0,0,0.0,0,,0,0,,0,0,0,0,0,0,0,0,0.0,0,0,0,0,0,64.0,5760.0,0,0,0,57,eth:ethertype:ip:tcp,30.1,94.8,51.7,160.0,-55.0,84:F3:EB:65:43:21,,,,,0.0,Normal,0.0
1744303107224094,10.42.0.3,10.42.0.1,54306,1883,4,1,0,1,0,0,1,0,29,0,0,0,0,0.0,0,,0,0,,0,0,0,0,0,0,0,0,0.0,0,0,0,0,0,64.0,5760.0,0,0,0,83,eth:ethertype:ip:tcp,30.1,94.8,51.7,160.0,-55.0,84:F3:EB:65:43:21,,,,,0.0,Normal,0.0
1744303107227408,10.42.0.3,10.42.0.1,54306,1883,33,1,0,1,0,0,1,0,12,0,0,0,0,0.0,0,,0,1,,0,0,0,1,42,4,MQTT,4,0.0,0,0,0,0,0,64.0,5760.0,0,0,esp32_a842e3abaccc,66,eth:ethertype:ip:tcp:mqtt,30.1,94.8,51.7,160.0,-55.0,84:F3:EB:65:43:21,,,,,0.0,Normal,0.0
1744303107252035,10.42.0.3,10.42.0.1,54306,1883,45,5,0,1,0,0,1,0,3,0,0,0,0,0.0,0,,0,0,,0,0,0,0,0,0,0,0,0.0,0,0,0,0,0,64.0,5756.0,0,0,0,57,eth:ethertype:ip:tcp,30.1,94.8,51.7,160.0,-55.0,84:F3:EB:65:43:21,,,,,0.0,Normal,0.0
1744303107264361,10.42.0.3,10.42.0.1,54306,1883,48,5,0,1,1,0,1,0,182,0,0,0,0,0.0,0,,0,3,"Wakeup: 0, Mode: 0, Reset: 1, Temperature: 25.3, Uptime: 189329, Memory: 94.9, In_Temperature: 51.7, CPU: 160, RSSI: -55, MAC: 84:F3:EB:65:43:21, F_Storage: 99.22",test/temperatura,16,0,0,180,0,0,0,0.0,0,0,0,0,0,64.0,5756.0,0,0,0,236,eth:ethertype:ip:tcp:mqtt:mqtt,25.3,94.9,51.7,160.0,-55.0,84:F3:EB:65:43:21,,,,,0.0,Normal,0.0
1744303107271813,10.42.0.3,10.42.0.1,54306,1883,231,6,0,1,0,0,0,0,0,0,0,0,0,0.0,0,,0,0,,0,0,0,0,0,0,0,0,0.0,0,0,0,0,0,64.0,5755.0,0,0,0,54,eth:ethertype:ip:tcp,25.3,94.9,51.7,160.0,-55.0,84:F3:EB:65:43:21,,,,,0.0,Normal,0.0
1744303137272893,10.42.0.3,10.42.0.1,54307,1883,0,0,1,0,0,0,0,0,0,0,0,0,0,0.0,0,,0,0,,0,0,0,0,0,0,0,0,0.0,0,0,0,0,0,64.0,5760.0,0,0,0,58,eth:ethertype:ip:tcp,25.3,94.9,51.7,160.0,-55.0,84:F3:EB:65:43:21,,,,,0.0,Normal,0.0
1744303137276934,10.42.0.3,10.42.0.1,54307,1883,1,1,0,1,0,0,0,0,0,0,0,0,0,0.0,0,,0,0,,0,0,0,0,0,0,0,0,0.0,0,0,0,0,0,64.0,5760.0,0,0,0,54,eth:ethertype:ip:tcp,25.3,94.9,51.7,160.0,-55.0,84:F3:EB:65:43:21,,,,,0.0,Normal,0.0
1744303137279210,10.42.0.3,10.42.0.1,54307,1883,1,1,0,1,0,0,1,0,3,0,0,0,0,0.0,0,,0,0,,0,0,0,0,0,0,0,0,0.0,0,0,0,0,0,64.0,5760.0,0,0,0,57,eth:ethertype:ip:tcp,25.3,94.9,51.7,160.0,-55.0,84:F3:EB:65:43:21,,,,,0.0,Normal,0.0
1744303137282625,10.42.0.3,10.42.0.1,54307,1883,4,1,0,1,0,0,1,0,29,0,0,0,0,0.0,0,,0,0,,0,0,0,0,0,0,0,0,0.0,0,0,0,0,0,64.0,5760.0,0,0,0,83,eth:ethertype:ip:tcp,25.3,94.9,51.7,160.0,-55.0,84:F3:EB:65:43:21,,,,,0.0,Normal,0.0
1744303137286952,10.42.0.3,10.42.0.1,54307,1883,33,1,0,1,0,0,1,0,12,0,0,0,0,0.0,0,,0,1,,0,0,0,1,42,4,MQTT,4,0.0,0,0,0,0,0,64.0,5760.0,0,0,esp32_a842e3abaccc,66,eth:ethertype:ip:tcp:mqtt,25.3,94.9,51.7,160.0,-55.0,84:F3:EB:65:43:21,,,,,0.0,Normal,0.0
1744303137314635,10.42.0.3,10.42.0.1,54307,1883,45,5,0,1,0,0,1,0,3,0,0,0,0,0.0,0,,0,0,,0,0,0,0,0,0,0,0,0.0,0,0,0,0,0,64.0,5756.0,0,0,0,57,eth:ethertype:ip:tcp,25.3,94.9,51.7,160.0,-55.0,84:F3:EB:65:43:21,,,,,0.0,Normal,0.0
1744303137323941,10.42.0.3,10.42.0.1,54307,1883,48,5,0,1,1,0,1,0,182,0,0,0,0,0.0,0,,0,3,"Wakeup: 0, Mode: 0, Reset: 1, Temperature: 29.2, Uptime: 189359, Memory: 94.8, In_Temperature: 51.7, CPU: 160, RSSI: -57, MAC: 84:F3:EB:65:43:21, F_Storage: 99.22",test/temperatura,16,0,0,180,0,0,0,0.0,0,0,0,0,0,64.0,5756.0,0,0,0,236,eth:ethertype:ip:tcp:mqtt:mqtt,29.2,94.8,51.7,160.0,-57.0,84:F3:EB:65:43:21,,,,,0.0,Normal,0.0
1744303137327435,10.42.0.3,10.42.0.1,54307,1883,231,6,0,1,0,0,0,0,0,0,0,0,0,0.0,0,,0,0,,0,0,0,0,0,0,0,0,0.0,0,0,0,0,0,64.0,5755.0,0,0,0,54,eth:ethertype:ip:tcp,29.2,94.8,51.7,160.0,-57.0,84:F3:EB:65:43:21,,,,,0.0,Normal,0.0
1744303167340115,10.42.0.3,10.42.0.1,54308,1883,0,0,1,0,0,0,0,0,0,0,0,0,0,0.0,0,,0,0,,0,0,0,0,0,0,0,0,0.0,0,0,0,0,0,64.0,5760.0,0,0,0,58,eth:ethertype:ip:tcp,29.2,94.8,51.7,160.0,-57.0,84:F3:EB:65:43:21,,,,,0.0,Normal,0.0
1744303167348094,10.42.0.3,10.42.0.1,54308,1883,1,1,0,1,0,0,0,0,0,0,0,0,0,0.0,0,,0,0,,0,0,0,0,0,0,0,0,0.0,0,0,0,0,0,64.0,5760.0,0,0,0,54,eth:ethertype:ip:tcp,29.2,94.8,51.7,160.0,-57.0,84:F3:EB:65:43:21,,,,,0.0,Normal,0.0
1744303167348783,10.42.0.3,10.42.0.1,54308,1883,1,1,0,1,0,0,1,0,3,0,0,0,0,0.0,0,,0,0,,0,0,0,0,0,0,0,0,0.0,0,0,0,0,0,64.0,5760.0,0,0,0,57,eth:ethertype:ip:tcp,29.2,94.8,51.7,160.0,-57.0,84:F3:EB:65:43:21,,,,,0.0,Normal,0.0
1744303167351565,10.42.0.3,10.42.0.1,54308,1883,4,1,0,1,0,0,1,0,41,0,0,0,0,0.0,0,,0,1,,0,0,0,1,42,4,MQTT,4,0.0,0,0,0,0,0,64.0,5760.0,0,0,esp32_a842e3abaccc,95,eth:ethertype:ip:tcp:mqtt,29.2,94.8,51.7,160.0,-57.0,84:F3:EB:65:43:21,,,,,0.0,Normal,0.0
1744303167377633,10.42.0.3,10.42.0.1,54308,1883,45,5,0,1,0,0,1,0,3,0,0,0,0,0.0,0,,0,0,,0,0,0,0,0,0,0,0,0.0,0,0,0,0,0,64.0,5756.0,0,0,0,57,eth:ethertype:ip:tcp,29.2,94.8,51.7,160.0,-57.0,84:F3:EB:65:43:21,,,,,0.0,Normal,0.0
1744303167393192,10.42.0.3,10.42.0.1,54308,1883,48,5,0,1,1,0,1,0,182,0,0,0,0,0.0,0,,0,3,"Wakeup: 0, Mode: 0, Reset: 1, Temperature: 38.9, Uptime: 189389, Memory: 94.8, In_Temperature: 51.7, CPU: 160, RSSI: -56, MAC: 84:F3:EB:65:43:21, F_Storage: 99.22",test/temperatura,16,0,0,180,0,0,0,0.0,0,0,0,0,0,64.0,5756.0,0,0,0,236,eth:ethertype:ip:tcp:mqtt:mqtt,38.9,94.8,51.7,160.0,-56.0,84:F3:EB:65:43:21,,,,,0.0,Normal,0.0
1744303167396579,10.42.0.3,10.42.0.1,54308,1883,231,6,0,1,0,0,0,0,0,0,0,0,0,0.0,0,,0,0,,0,0,0,0,0,0,0,0,0.0,0,0,0,0,0,64.0,5755.0,0,0,0,54,eth:ethertype:ip:tcp,38.9,94.8,51.7,160.0,-56.0,84:F3:EB:65:43:21,,,,,0.0,Normal,0.0
1744303197402357,10.42.0.3,10.42.0.1,54309,1883,0,0,1,0,0,0,0,0,0,0,0,0,0,0.0,0,,0,0,,0,0,0,0,0,0,0,0,0.0,0,0,0,0,0,64.0,5760.0,0,0,0,58,eth:ethertype:ip:tcp,38.9,94.8,51.7,160.0,-56.0,84:F3:EB:65:43:21,,,,,0.0,Normal,0.0
1744303197406551,10.42.0.3,10.42.0.1,54309,1883,1,1,0,1,0,0,0,0,0,0,0,0,0,0.0,0,,0,0,,0,0,0,0,0,0,0,0,0.0,0,0,0,0,0,64.0,5760.0,0,0,0,54,eth:ethertype:ip:tcp,38.9,94.8,51.7,160.0,-56.0,84:F3:EB:65:43:21,,,,,0.0,Normal,0.0
1744303197410604,10.42.0.3,10.42.0.1,54309,1883,1,1,0,1,0,0,1,0,3,0,0,0,0,0.0,0,,0,0,,0,0,0,0,0,0,0,0,0.0,0,0,0,0,0,64.0,5760.0,0,0,0,57,eth:ethertype:ip:tcp,38.9,94.8,51.7,160.0,-56.0,84:F3:EB:65:43:21,,,,,0.0,Normal,0.0
1744303197420000,10.42.0.3,10.42.0.1,54309,1883,4,1,0,1,0,0,1,0,41,0,0,0,0,0.0,0,,0,1,,0,0,0,1,42,4,MQTT,4,0.0,0,0,0,0,0,64.0,5760.0,0,0,esp32_a842e3abaccc,95,eth:ethertype:ip:tcp:mqtt,38.9,94.8,51.7,160.0,-56.0,84:F3:EB:65:43:21,,,,,0.0,Normal,0.0
1744303197444084,10.42.0.3,10.42.0.1,54309,1883,45,5,0,1,0,0,1,0,3,0,0,0,0,0.0,0,,0,0,,0,0,0,0,0,0,0,0,0.0,0,0,0,0,0,64.0,5756.0,0,0,0,57,eth:ethertype:ip:tcp,38.9,94.8,51.7,160.0,-56.0,84:F3:EB:65:43:21,,,,,0.0,Normal,0.0
1744303197454276,10.42.0.3,10.42.0.1,54309,1883,48,5,0,1,1,0,1,0,182,0,0,0,0,0.0,0,,0,3,"Wakeup: 0, Mode: 0, Reset: 1, Temperature: 32.5, Uptime: 189419, Memory: 94.8, In_Temperature: 51.7, CPU: 160, RSSI: -56, MAC: 84:F3:EB:65:43:21, F_Storage: 99.22",test/temperatura,16,0,0,180,0,0,0,0.0,0,0,0,0,0,64.0,5756.0,0,0,0,236,eth:ethertype:ip:tcp:mqtt:mqtt,32.5,94.8,51.7,160.0,-56.0,84:F3:EB:65:43:21,,,,,0.0,Normal,0.0
1744303197457716,10.42.0.3,10.42.0.1,54309,1883,231,6,0,1,0,0,0,0,0,0,0,0,0,0.0,0,,0,0,,0,0,0,0,0,0,0,0,0.0,0,0,0,0,0,64.0,5755.0,0,0,0,54,eth:ethertype:ip:tcp,32.5,94.8,51.7,160.0,-56.0,84:F3:EB:65:43:21,,,,,0.0,Normal,0.0
1744303227470051,10.42.0.3,10.42.0.1,54310,1883,0,0,1,0,0,0,0,0,0,0,0,0,0,0.0,0,,0,0,,0,0,0,0,0,0,0,0,0.0,0,0,0,0,0,64.0,5760.0,0,0,0,58,eth:ethertype:ip:tcp,32.5,94.8,51.7,160.0,-56.0,84:F3:EB:65:43:21,,,,,0.0,Normal,0.0
1744303227474038,10.42.0.3,10.42.0.1,54310,1883,1,1,0,1,0,0,0,0,0,0,0,0,0,0.0,0,,0,0,,0,0,0,0,0,0,0,0,0.0,0,0,0,0,0,64.0,5760.0,0,0,0,54,eth:ethertype:ip:tcp,32.5,94.8,51.7,160.0,-56.0,84:F3:EB:65:43:21,,,,,0.0,Normal,0.0
1744303227479659,10.42.0.3,10.42.0.1,54310,1883,1,1,0,1,0,0,1,0,3,0,0,0,0,0.0,0,,0,0,,0,0,0,0,0,0,0,0,0.0,0,0,0,0,0,64.0,5760.0,0,0,0,57,eth:ethertype:ip:tcp,32.5,94.8,51.7,160.0,-56.0,84:F3:EB:65:43:21,,,,,0.0,Normal,0.0
1744303227482696,10.42.0.3,10.42.0.1,54310,1883,4,1,0,1,0,0,1,0,41,0,0,0,0,0.0,0,,0,1,,0,0,0,1,42,4,MQTT,4,0.0,0,0,0,0,0,64.0,5760.0,0,0,esp32_a842e3abaccc,95,eth:ethertype:ip:tcp:mqtt,32.5,94.8,51.7,160.0,-56.0,84:F3:EB:65:43:21,,,,,0.0,Normal,0.0
1744303227507135,10.42.0.3,10.42.0.1,54310,1883,45,5,0,1,0,0,1,0,3,0,0,0,0,0.0,0,,0,0,,0,0,0,0,0,0,0,0,0.0,0,0,0,0,0,64.0,5756.0,0,0,0,57,eth:ethertype:ip:tcp,32.5,94.8,51.7,160.0,-56.0,84:F3:EB:65:43:21,,,,,0.0,Normal,0.0
1744303227521986,10.42.0.3,10.42.0.1,54310,1883,48,5,0,1,1,0,1,0,182,0,0,0,0,0.0,0,,0,3,"Wakeup: 0, Mode: 0, Reset: 1, Temperature: 27.6, Uptime: 189449, Memory: 94.8, In_Temperature: 51.7, CPU: 160, RSSI: -57, MAC: 84:F3:EB:65:43:21, F_Storage: 99.22",test/temperatura,16,0,0,180,0,0,0,0.0,0,0,0,0,0,64.0,5756.0,0,0,0,236,eth:ethertype:ip:tcp:mqtt:mqtt,27.6,94.8,51.7,160.0,-57.0,84:F3:EB:65:43:21,,,,,0.0,Normal,0.0
1744303227526852,10.42.0.3,10.42.0.1,54310,1883,231,6,0,1,0,0,0,0,0,0,0,0,0,0.0,0,,0,0,,0,0,0,0,0,0,0,0,0.0,0,0,0,0,0,64.0,5755.0,0,0,0,54,eth:ethertype:ip:tcp,27.6,94.8,51.7,160.0,-57.0,84:F3:EB:65:43:21,,,,,0.0,Normal,0.0
1744303257531992,10.42.0.3,10.42.0.1,54311,1883,0,0,1,0,0,0,0,0,0,0,0,0,0,0.0,0,,0,0,,0,0,0,0,0,0,0,0,0.0,0,0,0,0,0,64.0,5760.0,0,0,0,58,eth:ethertype:ip:tcp,27.6,94.8,51.7,160.0,-57.0,84:F3:EB:65:43:21,,,,,0.0,Normal,0.0
1744303257536815,10.42.0.3,10.42.0.1,54311,1883,1,1,0,1,0,0,0,0,0,0,0,0,0,0.0,0,,0,0,,0,0,0,0,0,0,0,0,0.0,0,0,0,0,0,64.0,5760.0,0,0,0,54,eth:ethertype:ip:tcp,27.6,94.8,51.7,160.0,-57.0,84:F3:EB:65:43:21,,,,,0.0,Normal,0.0
1744303257538945,10.42.0.3,10.42.0.1,54311,1883,1,1,0,1,0,0,1,0,3,0,0,0,0,0.0,0,,0,0,,0,0,0,0,0,0,0,0,0.0,0,0,0,0,0,64.0,5760.0,0,0,0,57,eth:ethertype:ip:tcp,27.6,94.8,51.7,160.0,-57.0,84:F3:EB:65:43:21,,,,,0.0,Normal,0.0
1744303257542337,10.42.0.3,10.42.0.1,54311,1883,4,1,0,1,0,0,1,0,29,0,0,0,0,0.0,0,,0,0,,0,0,0,0,0,0,0,0,0.0,0,0,0,0,0,64.0,5760.0,0,0,0,83,eth:ethertype:ip:tcp,27.6,94.8,51.7,160.0,-57.0,84:F3:EB:65:43:21,,,,,0.0,Normal,0.0
1744303257546436,10.42.0.3,10.42.0.1,54311,1883,33,1,0,1,0,0,1,0,12,0,0,0,0,0.0,0,,0,1,,0,0,0,1,42,4,MQTT,4,0.0,0,0,0,0,0,64.0,5760.0,0,0,esp32_a842e3abaccc,66,eth:ethertype:ip:tcp:mqtt,27.6,94.8,51.7,160.0,-57.0,84:F3:EB:65:43:21,,,,,0.0,Normal,0.0
1744303257570531,10.42.0.3,10.42.0.1,54311,1883,45,5,0,1,0,0,1,0,3,0,0,0,0,0.0,0,,0,0,,0,0,0,0,0,0,0,0,0.0,0,0,0,0,0,64.0,5756.0,0,0,0,57,eth:ethertype:ip:tcp,27.6,94.8,51.7,160.0,-57.0,84:F3:EB:65:43:21,,,,,0.0,Normal,0.0
1744303257581265,10.42.0.3,10.42.0.1,54311,1883,48,5,0,1,1,0,1,0,182,0,0,0,0,0.0,0,,0,3,"Wakeup: 0, Mode: 0, Reset: 1, Temperature: 34.7, Uptime: 189479, Memory: 94.8, In_Temperature: 51.7, CPU: 160, RSSI: -57, MAC: 84:F3:EB:65:43:21, F_Storage: 99.22",test/temperatura,16,0,0,180,0,0,0,0.0,0,0,0,0,0,64.0,5756.0,0,0,0,236,eth:ethertype:ip:tcp:mqtt:mqtt,34.7,94.8,51.7,160.0,-57.0,84:F3:EB:65:43:21,,,,,0.0,Normal,0.0
1744303257584570,10.42.0.3,10.42.0.1,54311,1883,231,6,0,1,0,0,0,0,0,0,0,0,0,0.0,0,,0,0,,0,0,0,0,0,0,0,0,0.0,0,0,0,0,0,64.0,5755.0,0,0,0,54,eth:ethertype:ip:tcp,34.7,94.8,51.7,160.0,-57.0,84:F3:EB:65:43:21,,,,,0.0,Normal,0.0
1744303287590343,10.42.0.3,10.42.0.1,54312,1883,0,0,1,0,0,0,0,0,0,0,0,0,0,0.0,0,,0,0,,0,0,0,0,0,0,0,0,0.0,0,0,0,0,0,64.0,5760.0,0,0,0,58,eth:ethertype:ip:tcp,34.7,94.8,51.7,160.0,-57.0,84:F3:EB:65:43:21,,,,,0.0,Normal,0.0
1744303287594015,10.42.0.3,10.42.0.1,54312,1883,1,1,0,1,0,0,0,0,0,0,0,0,0,0.0,0,,0,0,,0,0,0,0,0,0,0,0,0.0,0,0,0,0,0,64.0,5760.0,0,0,0,54,eth:ethertype:ip:tcp,34.7,94.8,51.7,160.0,-57.0,84:F3:EB:65:43:21,,,,,0.0,Normal,0.0
1744303287596293,10.42.0.3,10.42.0.1,54312,1883,1,1,0,1,0,0,1,0,3,0,0,0,0,0.0,0,,0,0,,0,0,0,0,0,0,0,0,0.0,0,0,0,0,0,64.0,5760.0,0,0,0,57,eth:ethertype:ip:tcp,34.7,94.8,51.7,160.0,-57.0,84:F3:EB:65:43:21,,,,,0.0,Normal,0.0
1744303287599999,10.42.0.3,10.42.0.1,54312,1883,4,1,0,1,0,0,1,0,29,0,0,0,0,0.0,0,,0,0,,0,0,0,0,0,0,0,0,0.0,0,0,0,0,0,64.0,5760.0,0,0,0,83,eth:ethertype:ip:tcp,34.7,94.8,51.7,160.0,-57.0,84:F3:EB:65:43:21,,,,,0.0,Normal,0.0
1744303287603115,10.42.0.3,10.42.0.1,54312,1883,33,1,0,1,0,0,1,0,12,0,0,0,0,0.0,0,,0,1,,0,0,0,1,42,4,MQTT,4,0.0,0,0,0,0,0,64.0,5760.0,0,0,esp32_a842e3abaccc,66,eth:ethertype:ip:tcp:mqtt,34.7,94.8,51.7,160.0,-57.0,84:F3:EB:65:43:21,,,,,0.0,Normal,0.0
1744303287628269,10.42.0.3,10.42.0.1,54312,1883,45,5,0,1,0,0,1,0,3,0,0,0,0,0.0,0,,0,0,,0,0,0,0,0,0,0,0,0.0,0,0,0,0,0,64.0,5756.0,0,0,0,57,eth:ethertype:ip:tcp,34.7,94.8,51.7,160.0,-57.0,84:F3:EB:65:43:21,,,,,0.0,Normal,0.0
1744303287641533,10.42.0.3,10.42.0.1,54312,1883,48,5,0,1,1,0,1,0,182,0,0,0,0,0.0,0,,0,3,"Wakeup: 0, Mode: 0, Reset: 1, Temperature: 40.3, Uptime: 189509, Memory: 94.8, In_Temperature: 51.7, CPU: 160, RSSI: -55, MAC: 84:F3:EB:65:43:21, F_Storage: 99.22",test/temperatura,16,0,0,180,0,0,0,0.0,0,0,0,0,0,64.0,5756.0,0,0,0,236,eth:ethertype:ip:tcp:mqtt:mqtt,40.3,94.8,51.7,160.0,-55.0,84:F3:EB:65:43:21,,,,,0.0,Normal,0.0
1744303287645020,10.42.0.3,10.42.0.1,54312,1883,231,6,0,1,0,0,0,0,0,0,0,0,0,0.0,0,,0,0,,0,0,0,0,0,0,0,0,0.0,0,0,0,0,0,64.0,5755.0,0,0,0,54,eth:ethertype:ip:tcp,40.3,94.8,51.7,160.0,-55.0,84:F3:EB:65:43:21,,,,,0.0,Normal,0.0
1744303317650039,10.42.0.3,10.42.0.1,54313,1883,0,0,1,0,0,0,0,0,0,0,0,0,0,0.0,0,,0,0,,0,0,0,0,0,0,0,0,0.0,0,0,0,0,0,64.0,5760.0,0,0,0,58,eth:ethertype:ip:tcp,40.3,94.8,51.7,160.0,-55.0,84:F3:EB:65:43:21,,,,,0.0,Normal,0.0
1744303317654128,10.42.0.3,10.42.0.1,54313,1883,1,1,0,1,0,0,0,0,0,0,0,0,0,0.0,0,,0,0,,0,0,0,0,0,0,0,0,0.0,0,0,0,0,0,64.0,5760.0,0,0,0,54,eth:ethertype:ip:tcp,40.3,94.8,51.7,160.0,-55.0,84:F3:EB:65:43:21,,,,,0.0,Normal,0.0
1744303317656231,10.42.0.3,10.42.0.1,54313,1883,1,1,0,1,0,0,1,0,3,0,0,0,0,0.0,0,,0,0,,0,0,0,0,0,0,0,0,0.0,0,0,0,0,0,64.0,5760.0,0,0,0,57,eth:ethertype:ip:tcp,40.3,94.8,51.7,160.0,-55.0,84:F3:EB:65:43:21,,,,,0.0,Normal,0.0
1744303317659623,10.42.0.3,10.42.0.1,54313,1883,4,1,0,1,0,0,1,0,29,0,0,0,0,0.0,0,,0,0,,0,0,0,0,0,0,0,0,0.0,0,0,0,0,0,64.0,5760.0,0,0,0,83,eth:ethertype:ip:tcp,40.3,94.8,51.7,160.0,-55.0,84:F3:EB:65:43:21,,,,,0.0,Normal,0.0
1744303317662909,10.42.0.3,10.42.0.1,54313,1883,33,1,0,1,0,0,1,0,12,0,0,0,0,0.0,0,,0,1,,0,0,0,1,42,4,MQTT,4,0.0,0,0,0,0,0,64.0,5760.0,0,0,esp32_a842e3abaccc,66,eth:ethertype:ip:tcp:mqtt,40.3,94.8,51.7,160.0,-55.0,84:F3:EB:65:43:21,,,,,0.0,Normal,0.0
1744303317688182,10.42.0.3,10.42.0.1,54313,1883,45,5,0,1,0,0,1,0,3,0,0,0,0,0.0,0,,0,0,,0,0,0,0,0,0,0,0,0.0,0,0,0,0,0,64.0,5756.0,0,0,0,57,eth:ethertype:ip:tcp,40.3,94.8,51.7,160.0,-55.0,84:F3:EB:65:43:21,,,,,0.0,Normal,0.0
1744303317700810,10.42.0.3,10.42.0.1,54313,1883,48,5,0,1,1,0,1,0,182,0,0,0,0,0.0,0,,0,3,"Wakeup: 0, Mode: 0, Reset: 1, Temperature: 27.9, Uptime: 189539, Memory: 94.9, In_Temperature: 51.7, CPU: 160, RSSI: -55, MAC: 84:F3:EB:65:43:21, F_Storage: 99.22",test/temperatura,16,0,0,180,0,0,0,0.0,0,0,0,0,0,64.0,5756.0,0,0,0,236,eth:ethertype:ip:tcp:mqtt:mqtt,27.9,94.9,51.7,160.0,-55.0,84:F3:EB:65:43:21,,,,,0.0,Normal,0.0
1744303317704242,10.42.0.3,10.42.0.1,54313,1883,231,6,0,1,0,0,0,0,0,0,0,0,0,0.0,0,,0,0,,0,0,0,0,0,0,0,0,0.0,0,0,0,0,0,64.0,5755.0,0,0,0,54,eth:ethertype:ip:tcp,27.9,94.9,51.7,160.0,-55.0,84:F3:EB:65:43:21,,,,,0.0,Normal,0.0
1744303347709385,10.42.0.3,10.42.0.1,54314,1883,0,0,1,0,0,0,0,0,0,0,0,0,0,0.0,0,,0,0,,0,0,0,0,0,0,0,0,0.0,0,0,0,0,0,64.0,5760.0,0,0,0,58,eth:ethertype:ip:tcp,27.9,94.9,51.7,160.0,-55.0,84:F3:EB:65:43:21,,,,,0.0,Normal,0.0
1744303347713294,10.42.0.3,10.42.0.1,54314,1883,1,1,0,1,0,0,0,0,0,0,0,0,0,0.0,0,,0,0,,0,0,0,0,0,0,0,0,0.0,0,0,0,0,0,64.0,5760.0,0,0,0,54,eth:ethertype:ip:tcp,27.9,94.9,51.7,160.0,-55.0,84:F3:EB:65:43:21,,,,,0.0,Normal,0.0
1744303347715490,10.42.0.3,10.42.0.1,54314,1883,1,1,0,1,0,0,1,0,3,0,0,0,0,0.0,0,,0,0,,0,0,0,0,0,0,0,0,0.0,0,0,0,0,0,64.0,5760.0,0,0,0,57,eth:ethertype:ip:tcp,27.9,94.9,51.7,160.0,-55.0,84:F3:EB:65:43:21,,,,,0.0,Normal,0.0
1744303347718985,10.42.0.3,10.42.0.1,54314,1883,4,1,0,1,0,0,1,0,29,0,0,0,0,0.0,0,,0,0,,0,0,0,0,0,0,0,0,0.0,0,0,0,0,0,64.0,5760.0,0,0,0,83,eth:ethertype:ip:tcp,27.9,94.9,51.7,160.0,-55.0,84:F3:EB:65:43:21,,,,,0.0,Normal,0.0
1744303347722217,10.42.0.3,10.42.0.1,54314,1883,33,1,0,1,0,0,1,0,12,0,0,0,0,0.0,0,,0,1,,0,0,0,1,42,4,MQTT,4,0.0,0,0,0,0,0,64.0,5760.0,0,0,esp32_a842e3abaccc,66,eth:ethertype:ip:tcp:mqtt,27.9,94.9,51.7,160.0,-55.0,84:F3:EB:65:43:21,,,,,0.0,Normal,0.0
1744303347747439,10.42.0.3,10.42.0.1,54314,1883,45,5,0,1,0,0,1,0,3,0,0,0,0,0.0,0,,0,0,,0,0,0,0,0,0,0,0,0.0,0,0,0,0,0,64.0,5756.0,0,0,0,57,eth:ethertype:ip:tcp,27.9,94.9,51.7,160.0,-55.0,84:F3:EB:65:43:21,,,,,0.0,Normal,0.0
1744303347761161,10.42.0.3,10.42.0.1,54314,1883,48,5,0,1,1,0,1,0,182,0,0,0,0,0.0,0,,0,3,"Wakeup: 0, Mode: 0, Reset: 1, Temperature: 33.4, Uptime: 189570, Memory: 94.8, In_Temperature: 51.7, CPU: 160, RSSI: -58, MAC: 84:F3:EB:65:43:21, F_Storage: 99.22",test/temperatura,16,0,0,180,0,0,0,0.0,0,0,0,0,0,64.0,5756.0,0,0,0,236,eth:ethertype:ip:tcp:mqtt:mqtt,33.4,94.8,51.7,160.0,-58.0,84:F3:EB:65:43:21,,,,,0.0,Normal,0.0
1744303347764750,10.42.0.3,10.42.0.1,54314,1883,231,6,0,1,0,0,0,0,0,0,0,0,0,0.0,0,,0,0,,0,0,0,0,0,0,0,0,0.0,0,0,0,0,0,64.0,5755.0,0,0,0,54,eth:ethertype:ip:tcp,33.4,94.8,51.7,160.0,-58.0,84:F3:EB:65:43:21,,,,,0.0,Normal,0.0
1744303377768625,10.42.0.3,10.42.0.1,54315,1883,0,0,1,0,0,0,0,0,0,0,0,0,0,0.0,0,,0,0,,0,0,0,0,0,0,0,0,0.0,0,0,0,0,0,64.0,5760.0,0,0,0,58,eth:ethertype:ip:tcp,33.4,94.8,51.7,160.0,-58.0,84:F3:EB:65:43:21,,,,,0.0,Normal,0.0
1744303377772875,10.42.0.3,10.42.0.1,54315,1883,1,1,0,1,0,0,0,0,0,0,0,0,0,0.0,0,,0,0,,0,0,0,0,0,0,0,0,0.0,0,0,0,0,0,64.0,5760.0,0,0,0,54,eth:ethertype:ip:tcp,33.4,94.8,51.7,160.0,-58.0,84:F3:EB:65:43:21,,,,,0.0,Normal,0.0
1744303377774849,10.42.0.3,10.42.0.1,54315,1883,1,1,0,1,0,0,1,0,3,0,0,0,0,0.0,0,,0,0,,0,0,0,0,0,0,0,0,0.0,0,0,0,0,0,64.0,5760.0,0,0,0,57,eth:ethertype:ip:tcp,33.4,94.8,51.7,160.0,-58.0,84:F3:EB:65:43:21,,,,,0.0,Normal,0.0
1744303377779666,10.42.0.3,10.42.0.1,54315,1883,4,1,0,1,0,0,1,0,41,0,0,0,0,0.0,0,,0,1,,0,0,0,1,42,4,MQTT,4,0.0,0,0,0,0,0,64.0,5760.0,0,0,esp32_a842e3abaccc,95,eth:ethertype:ip:tcp:mqtt,33.4,94.8,51.7,160.0,-58.0,84:F3:EB:65:43:21,,,,,0.0,Normal,0.0
1744303377803716,10.42.0.3,10.42.0.1,54315,1883,45,5,0,1,0,0,1,0,3,0,0,0,0,0.0,0,,0,0,,0,0,0,0,0,0,0,0,0.0,0,0,0,0,0,64.0,5756.0,0,0,0,57,eth:ethertype:ip:tcp,33.4,94.8,51.7,160.0,-58.0,84:F3:EB:65:43:21,,,,,0.0,Normal,0.0
1744303377818853,10.42.0.3,10.42.0.1,54315,1883,48,5,0,1,1,0,1,0,182,0,0,0,0,0.0,0,,0,3,"Wakeup: 0, Mode: 0, Reset: 1, Temperature: 25.5, Uptime: 189600, Memory: 94.8, In_Temperature: 51.7, CPU: 160, RSSI: -55, MAC: 84:F3:EB:65:43:21, F_Storage: 99.22",test/temperatura,16,0,0,180,0,0,0,0.0,0,0,0,0,0,64.0,5756.0,0,0,0,236,eth:ethertype:ip:tcp:mqtt:mqtt,25.5,94.8,51.7,160.0,-55.0,84:F3:EB:65:43:21,,,,,0.0,Normal,0.0
1744303377822257,10.42.0.3,10.42.0.1,54315,1883,231,6,0,1,0,0,0,0,0,0,0,0,0,0.0,0,,0,0,,0,0,0,0,0,0,0,0,0.0,0,0,0,0,0,64.0,5755.0,0,0,0,54,eth:ethertype:ip:tcp,25.5,94.8,51.7,160.0,-55.0,84:F3:EB:65:43:21,,,,,0.0,Normal,0.0
1744303407826860,10.42.0.3,10.42.0.1,54316,1883,0,0,1,0,0,0,0,0,0,0,0,0,0,0.0,0,,0,0,,0,0,0,0,0,0,0,0,0.0,0,0,0,0,0,64.0,5760.0,0,0,0,58,eth:ethertype:ip:tcp,25.5,94.8,51.7,160.0,-55.0,84:F3:EB:65:43:21,,,,,0.0,Normal,0.0
1744303407830769,10.42.0.3,10.42.0.1,54316,1883,1,1,0,1,0,0,0,0,0,0,0,0,0,0.0,0,,0,0,,0,0,0,0,0,0,0,0,0.0,0,0,0,0,0,64.0,5760.0,0,0,0,54,eth:ethertype:ip:tcp,25.5,94.8,51.7,160.0,-55.0,84:F3:EB:65:43:21,,,,,0.0,Normal,0.0
1744303407832998,10.42.0.3,10.42.0.1,54316,1883,1,1,0,1,0,0,1,0,3,0,0,0,0,0.0,0,,0,0,,0,0,0,0,0,0,0,0,0.0,0,0,0,0,0,64.0,5760.0,0,0,0,57,eth:ethertype:ip:tcp,25.5,94.8,51.7,160.0,-55.0,84:F3:EB:65:43:21,,,,,0.0,Normal,0.0
1744303407836475,10.42.0.3,10.42.0.1,54316,1883,4,1,0,1,0,0,1,0,29,0,0,0,0,0.0,0,,0,0,,0,0,0,0,0,0,0,0,0.0,0,0,0,0,0,64.0,5760.0,0,0,0,83,eth:ethertype:ip:tcp,25.5,94.8,51.7,160.0,-55.0,84:F3:EB:65:43:21,,,,,0.0,Normal,0.0
1744303407839473,10.42.0.3,10.42.0.1,54316,1883,33,1,0,1,0,0,1,0,12,0,0,0,0,0.0,0,,0,1,,0,0,0,1,42,4,MQTT,4,0.0,0,0,0,0,0,64.0,5760.0,0,0,esp32_a842e3abaccc,66,eth:ethertype:ip:tcp:mqtt,25.5,94.8,51.7,160.0,-55.0,84:F3:EB:65:43:21,,,,,0.0,Normal,0.0
1744303407867193,10.42.0.3,10.42.0.1,54316,1883,45,5,0,1,0,0,1,0,3,0,0,0,0,0.0,0,,0,0,,0,0,0,0,0,0,0,0,0.0,0,0,0,0,0,64.0,5756.0,0,0,0,57,eth:ethertype:ip:tcp,25.5,94.8,51.7,160.0,-55.0,84:F3:EB:65:43:21,,,,,0.0,Normal,0.0
1744303407878053,10.42.0.3,10.42.0.1,54316,1883,48,5,0,1,1,0,1,0,182,0,0,0,0,0.0,0,,0,3,"Wakeup: 0, Mode: 0, Reset: 1, Temperature: 37.3, Uptime: 189630, Memory: 94.8, In_Temperature: 51.7, CPU: 160, RSSI: -54, MAC: 84:F3:EB:65:43:21, F_Storage: 99.22",test/temperatura,16,0,0,180,0,0,0,0.0,0,0,0,0,0,64.0,5756.0,0,0,0,236,eth:ethertype:ip:tcp:mqtt:mqtt,37.3,94.8,51.7,160.0,-54.0,84:F3:EB:65:43:21,,,,,0.0,Normal,0.0
1744303407881596,10.42.0.3,10.42.0.1,54316,1883,231,6,0,1,0,0,0,0,0,0,0,0,0,0.0,0,,0,0,,0,0,0,0,0,0,0,0,0.0,0,0,0,0,0,64.0,5755.0,0,0,0,54,eth:ethertype:ip:tcp,37.3,94.8,51.7,160.0,-54.0,84:F3:EB:65:43:21,,,,,0.0,Normal,0.0
1744303437887356,10.42.0.3,10.42.0.1,54317,1883,0,0,1,0,0,0,0,0,0,0,0,0,0,0.0,0,,0,0,,0,0,0,0,0,0,0,0,0.0,0,0,0,0,0,64.0,5760.0,0,0,0,58,eth:ethertype:ip:tcp,37.3,94.8,51.7,160.0,-54.0,84:F3:EB:65:43:21,,,,,0.0,Normal,0.0
1744303437891328,10.42.0.3,10.42.0.1,54317,1883,1,1,0,1,0,0,0,0,0,0,0,0,0,0.0,0,,0,0,,0,0,0,0,0,0,0,0,0.0,0,0,0,0,0,64.0,5760.0,0,0,0,54,eth:ethertype:ip:tcp,37.3,94.8,51.7,160.0,-54.0,84:F3:EB:65:43:21,,,,,0.0,Normal,0.0
1744303437893497,10.42.0.3,10.42.0.1,54317,1883,1,1,0,1,0,0,1,0,3,0,0,0,0,0.0,0,,0,0,,0,0,0,0,0,0,0,0,0.0,0,0,0,0,0,64.0,5760.0,0,0,0,57,eth:ethertype:ip:tcp,37.3,94.8,51.7,160.0,-54.0,84:F3:EB:65:43:21,,,,,0.0,Normal,0.0
1744303437897952,10.42.0.3,10.42.0.1,54317,1883,4,1,0,1,0,0,1,0,29,0,0,0,0,0.0,0,,0,0,,0,0,0,0,0,0,0,0,0.0,0,0,0,0,0,64.0,5760.0,0,0,0,83,eth:ethertype:ip:tcp,37.3,94.8,51.7,160.0,-54.0,84:F3:EB:65:43:21,,,,,0.0,Normal,0.0
1744303437900958,10.42.0.3,10.42.0.1,54317,1883,33,1,0,1,0,0,1,0,12,0,0,0,0,0.0,0,,0,1,,0,0,0,1,42,4,MQTT,4,0.0,0,0,0,0,0,64.0,5760.0,0,0,esp32_a842e3abaccc,66,eth:ethertype:ip:tcp:mqtt,37.3,94.8,51.7,160.0,-54.0,84:F3:EB:65:43:21,,,,,0.0,Normal,0.0
1744303437925184,10.42.0.3,10.42.0.1,54317,1883,45,5,0,1,0,0,1,0,3,0,0,0,0,0.0,0,,0,0,,0,0,0,0,0,0,0,0,0.0,0,0,0,0,0,64.0,5756.0,0,0,0,57,eth:ethertype:ip:tcp,37.3,94.8,51.7,160.0,-54.0,84:F3:EB:65:43:21,,,,,0.0,Normal,0.0
1744303437937963,10.42.0.3,10.42.0.1,54317,1883,48,5,0,1,1,0,1,0,182,0,0,0,0,0.0,0,,0,3,"Wakeup: 0, Mode: 0, Reset: 1, Temperature: 40.1, Uptime: 189660, Memory: 94.8, In_Temperature: 51.7, CPU: 160, RSSI: -73, MAC: 84:F3:EB:65:43:21, F_Storage: 99.22",test/temperatura,16,0,0,180,0,0,0,0.0,0,0,0,0,0,64.0,5756.0,0,0,0,236,eth:ethertype:ip:tcp:mqtt:mqtt,40.1,94.8,51.7,160.0,-73.0,84:F3:EB:65:43:21,,,,,0.0,Normal,0.0
1744303437941336,10.42.0.3,10.42.0.1,54317,1883,231,6,0,1,0,0,0,0,0,0,0,0,0,0.0,0,,0,0,,0,0,0,0,0,0,0,0,0.0,0,0,0,0,0,64.0,5755.0,0,0,0,54,eth:ethertype:ip:tcp,40.1,94.8,51.7,160.0,-73.0,84:F3:EB:65:43:21,,,,,0.0,Normal,0.0
1744303467948543,10.42.0.3,10.42.0.1,54318,1883,0,0,1,0,0,0,0,0,0,0,0,0,0,0.0,0,,0,0,,0,0,0,0,0,0,0,0,0.0,0,0,0,0,0,64.0,5760.0,0,0,0,58,eth:ethertype:ip:tcp,40.1,94.8,51.7,160.0,-73.0,84:F3:EB:65:43:21,,,,,0.0,Normal,0.0
1744303467953536,10.42.0.3,10.42.0.1,54318,1883,1,1,0,1,0,0,0,0,0,0,0,0,0,0.0,0,,0,0,,0,0,0,0,0,0,0,0,0.0,0,0,0,0,0,64.0,5760.0,0,0,0,54,eth:ethertype:ip:tcp,40.1,94.8,51.7,160.0,-73.0,84:F3:EB:65:43:21,,,,,0.0,Normal,0.0
1744303467958363,10.42.0.3,10.42.0.1,54318,1883,1,1,0,1,0,0,1,0,3,0,0,0,0,0.0,0,,0,0,,0,0,0,0,0,0,0,0,0.0,0,0,0,0,0,64.0,5760.0,0,0,0,57,eth:ethertype:ip:tcp,40.1,94.8,51.7,160.0,-73.0,84:F3:EB:65:43:21,,,,,0.0,Normal,0.0
1744303467967449,10.42.0.3,10.42.0.1,54318,1883,4,1,0,1,0,0,1,0,41,0,0,0,0,0.0,0,,0,1,,0,0,0,1,42,4,MQTT,4,0.0,0,0,0,0,0,64.0,5760.0,0,0,esp32_a842e3abaccc,95,eth:ethertype:ip:tcp:mqtt,40.1,94.8,51.7,160.0,-73.0,84:F3:EB:65:43:21,,,,,0.0,Normal,0.0
1744303467991723,10.42.0.3,10.42.0.1,54318,1883,45,5,0,1,0,0,1,0,3,0,0,0,0,0.0,0,,0,0,,0,0,0,0,0,0,0,0,0.0,0,0,0,0,0,64.0,5756.0,0,0,0,57,eth:ethertype:ip:tcp,40.1,94.8,51.7,160.0,-73.0,84:F3:EB:65:43:21,,,,,0.0,Normal,0.0
1744303468006938,10.42.0.3,10.42.0.1,54318,1883,48,5,0,1,1,0,1,0,182,0,0,0,0,0.0,0,,0,3,"Wakeup: 0, Mode: 0, Reset: 1, Temperature: 26.2, Uptime: 189690, Memory: 94.8, In_Temperature: 51.7, CPU: 160, RSSI: -64, MAC: 84:F3:EB:65:43:21, F_Storage: 99.22",test/temperatura,16,0,0,180,0,0,0,0.0,0,0,0,0,0,64.0,5756.0,0,0,0,236,eth:ethertype:ip:tcp:mqtt:mqtt,26.2,94.8,51.7,160.0,-64.0,84:F3:EB:65:43:21,,,,,0.0,Normal,0.0
1744303468010237,10.42.0.3,10.42.0.1,54318,1883,231,6,0,1,0,0,0,0,0,0,0,0,0,0.0,0,,0,0,,0,0,0,0,0,0,0,0,0.0,0,0,0,0,0,64.0,5755.0,0,0,0,54,eth:ethertype:ip:tcp,26.2,94.8,51.7,160.0,-64.0,84:F3:EB:65:43:21,,,,,0.0,Normal,0.0
1744303498015774,10.42.0.3,10.42.0.1,54319,1883,0,0,1,0,0,0,0,0,0,0,0,0,0,0.0,0,,0,0,,0,0,0,0,0,0,0,0,0.0,0,0,0,0,0,64.0,5760.0,0,0,0,58,eth:ethertype:ip:tcp,26.2,94.8,51.7,160.0,-64.0,84:F3:EB:65:43:21,,,,,0.0,Normal,0.0
1744303498020002,10.42.0.3,10.42.0.1,54319,1883,1,1,0,1,0,0,0,0,0,0,0,0,0,0.0,0,,0,0,,0,0,0,0,0,0,0,0,0.0,0,0,0,0,0,64.0,5760.0,0,0,0,54,eth:ethertype:ip:tcp,26.2,94.8,51.7,160.0,-64.0,84:F3:EB:65:43:21,,,,,0.0,Normal,0.0
1744303498022118,10.42.0.3,10.42.0.1,54319,1883,1,1,0,1,0,0,1,0,3,0,0,0,0,0.0,0,,0,0,,0,0,0,0,0,0,0,0,0.0,0,0,0,0,0,64.0,5760.0,0,0,0,57,eth:ethertype:ip:tcp,26.2,94.8,51.7,160.0,-64.0,84:F3:EB:65:43:21,,,,,0.0,Normal,0.0
1744303498027331,10.42.0.3,10.42.0.1,54319,1883,4,1,0,1,0,0,1,0,29,0,0,0,0,0.0,0,,0,0,,0,0,0,0,0,0,0,0,0.0,0,0,0,0,0,64.0,5760.0,0,0,0,83,eth:ethertype:ip:tcp,26.2,94.8,51.7,160.0,-64.0,84:F3:EB:65:43:21,,,,,0.0,Normal,0.0
1744303498030624,10.42.0.3,10.42.0.1,54319,1883,33,1,0,1,0,0,1,0,12,0,0,0,0,0.0,0,,0,1,,0,0,0,1,42,4,MQTT,4,0.0,0,0,0,0,0,64.0,5760.0,0,0,esp32_a842e3abaccc,66,eth:ethertype:ip:tcp:mqtt,26.2,94.8,51.7,160.0,-64.0,84:F3:EB:65:43:21,,,,,0.0,Normal,0.0
1744303498054728,10.42.0.3,10.42.0.1,54319,1883,45,5,0,1,0,0,1,0,3,0,0,0,0,0.0,0,,0,0,,0,0,0,0,0,0,0,0,0.0,0,0,0,0,0,64.0,5756.0,0,0,0,57,eth:ethertype:ip:tcp,26.2,94.8,51.7,160.0,-64.0,84:F3:EB:65:43:21,,,,,0.0,Normal,0.0
1744303498067911,10.42.0.3,10.42.0.1,54319,1883,48,5,0,1,1,0,1,0,182,0,0,0,0,0.0,0,,0,3,"Wakeup: 0, Mode: 0, Reset: 1, Temperature: 40.5, Uptime: 189720, Memory: 94.8, In_Temperature: 51.7, CPU: 160, RSSI: -58, MAC: 84:F3:EB:65:43:21, F_Storage: 99.22",test/temperatura,16,0,0,180,0,0,0,0.0,0,0,0,0,0,64.0,5756.0,0,0,0,236,eth:ethertype:ip:tcp:mqtt:mqtt,40.5,94.8,51.7,160.0,-58.0,84:F3:EB:65:43:21,,,,,0.0,Normal,0.0
1744303498071469,10.42.0.3,10.42.0.1,54319,1883,231,6,0,1,0,0,0,0,0,0,0,0,0,0.0,0,,0,0,,0,0,0,0,0,0,0,0,0.0,0,0,0,0,0,64.0,5755.0,0,0,0,54,eth:ethertype:ip:tcp,40.5,94.8,51.7,160.0,-58.0,84:F3:EB:65:43:21,,,,,0.0,Normal,0.0
1744303528077239,10.42.0.3,10.42.0.1,54320,1883,0,0,1,0,0,0,0,0,0,0,0,0,0,0.0,0,,0,0,,0,0,0,0,0,0,0,0,0.0,0,0,0,0,0,64.0,5760.0,0,0,0,58,eth:ethertype:ip:tcp,40.5,94.8,51.7,160.0,-58.0,84:F3:EB:65:43:21,,,,,0.0,Normal,0.0
1744303528084219,10.42.0.3,10.42.0.1,54320,1883,1,1,0,1,0,0,0,0,0,0,0,0,0,0.0,0,,0,0,,0,0,0,0,0,0,0,0,0.0,0,0,0,0,0,64.0,5760.0,0,0,0,54,eth:ethertype:ip:tcp,40.5,94.8,51.7,160.0,-58.0,84:F3:EB:65:43:21,,,,,0.0,Normal,0.0
1744303528086737,10.42.0.3,10.42.0.1,54320,1883,1,1,0,1,0,0,1,0,3,0,0,0,0,0.0,0,,0,0,,0,0,0,0,0,0,0,0,0.0,0,0,0,0,0,64.0,5760.0,0,0,0,57,eth:ethertype:ip:tcp,40.5,94.8,51.7,160.0,-58.0,84:F3:EB:65:43:21,,,,,0.0,Normal,0.0
1744303528090183,10.42.0.3,10.42.0.1,54320,1883,4,1,0,1,0,0,1,0,41,0,0,0,0,0.0,0,,0,1,,0,0,0,1,42,4,MQTT,4,0.0,0,0,0,0,0,64.0,5760.0,0,0,esp32_a842e3abaccc,95,eth:ethertype:ip:tcp:mqtt,40.5,94.8,51.7,160.0,-58.0,84:F3:EB:65:43:21,,,,,0.0,Normal,0.0
1744303528116793,10.42.0.3,10.42.0.1,54320,1883,45,5,0,1,0,0,1,0,3,0,0,0,0,0.0,0,,0,0,,0,0,0,0,0,0,0,0,0.0,0,0,0,0,0,64.0,5756.0,0,0,0,57,eth:ethertype:ip:tcp,40.5,94.8,51.7,160.0,-58.0,84:F3:EB:65:43:21,,,,,0.0,Normal,0.0
1744303528125813,10.42.0.3,10.42.0.1,54320,1883,48,5,0,1,1,0,1,0,182,0,0,0,0,0.0,0,,0,3,"Wakeup: 0, Mode: 0, Reset: 1, Temperature: 35.7, Uptime: 189750, Memory: 94.8, In_Temperature: 51.7, CPU: 160, RSSI: -52, MAC: 84:F3:EB:65:43:21, F_Storage: 99.22",test/temperatura,16,0,0,180,0,0,0,0.0,0,0,0,0,0,64.0,5756.0,0,0,0,236,eth:ethertype:ip:tcp:mqtt:mqtt,35.7,94.8,51.7,160.0,-52.0,84:F3:EB:65:43:21,,,,,0.0,Normal,0.0
1744303528132355,10.42.0.3,10.42.0.1,54320,1883,231,6,0,1,0,0,0,0,0,0,0,0,0,0.0,0,,0,0,,0,0,0,0,0,0,0,0,0.0,0,0,0,0,0,64.0,5755.0,0,0,0,54,eth:ethertype:ip:tcp,35.7,94.8,51.7,160.0,-52.0,84:F3:EB:65:43:21,,,,,0.0,Normal,0.0
1744319017871128,10.42.0.3,10.42.0.1,64816,1883,0,0,1,0,0,0,0,0,0,0,0,0,0,0.0,0,,0,0,,0,0,0,0,0,0,0,0,0.0,0,0,0,0,0,64.0,5760.0,0,0,0,58,eth:ethertype:ip:tcp,35.7,94.8,51.7,160.0,-52.0,84:F3:EB:65:43:21,,,,,0.0,Normal,0.0
1744319017881129,10.42.0.3,10.42.0.1,64816,1883,1,1,0,1,0,0,0,0,0,0,0,0,0,0.0,0,,0,0,,0,0,0,0,0,0,0,0,0.0,0,0,0,0,0,64.0,5760.0,0,0,0,54,eth:ethertype:ip:tcp,35.7,94.8,51.7,160.0,-52.0,84:F3:EB:65:43:21,,,,,0.0,Normal,0.0
1744319017882234,10.42.0.3,10.42.0.1,64816,1883,1,1,0,1,0,0,1,0,3,0,0,0,0,0.0,0,,0,0,,0,0,0,0,0,0,0,0,0.0,0,0,0,0,0,64.0,5760.0,0,0,0,57,eth:ethertype:ip:tcp,35.7,94.8,51.7,160.0,-52.0,84:F3:EB:65:43:21,,,,,0.0,Normal,0.0
1744319017885769,10.42.0.3,10.42.0.1,64816,1883,4,1,0,1,0,0,1,0,31,0,0,0,0,0.0,0,,0,0,,0,0,0,0,0,0,0,0,0.0,0,0,0,0,0,64.0,5760.0,0,0,0,85,eth:ethertype:ip:tcp,35.7,94.8,51.7,160.0,-52.0,84:F3:EB:65:43:21,,,,,0.0,Normal,0.0
1744319017889100,10.42.0.3,10.42.0.1,64816,1883,35,1,0,1,0,0,1,0,10,0,0,0,0,0.0,0,,0,1,,0,0,0,1,42,4,MQTT,4,0.0,0,0,0,0,0,64.0,5760.0,0,0,esp32_a842e3abaccc,64,eth:ethertype:ip:tcp:mqtt,35.7,94.8,51.7,160.0,-52.0,84:F3:EB:65:43:21,,,,,0.0,Normal,0.0
1744319017914080,10.42.0.3,10.42.0.1,64816,1883,45,5,0,1,0,0,1,0,3,0,0,0,0,0.0,0,,0,0,,0,0,0,0,0,0,0,0,0.0,0,0,0,0,0,64.0,5756.0,0,0,0,57,eth:ethertype:ip:tcp,35.7,94.8,51.7,160.0,-52.0,84:F3:EB:65:43:21,,,,,0.0,Normal,0.0
1744319017929361,10.42.0.3,10.42.0.1,64816,1883,48,5,0,1,1,0,1,0,177,0,0,0,0,0.0,0,,0,3,"Wakeup: 0, Mode: 0, Reset: 1, Temperature: 35.6, Uptime: 4, Memory: 95.0, In_Temperature: 50.6, CPU: 160, RSSI: -58, MAC: 84:F3:EB:65:43:21, F_Storage: 99.22",test/temperatura,16,0,0,175,0,0,0,0.0,0,0,0,0,0,64.0,5756.0,0,0,0,231,eth:ethertype:ip:tcp:mqtt:mqtt,35.6,95.0,50.6,160.0,-58.0,84:F3:EB:65:43:21,,,,,0.0,Normal,0.0
1744319017933047,10.42.0.3,10.42.0.1,64816,1883,226,6,0,1,0,0,0,0,0,0,0,0,0,0.0,0,,0,0,,0,0,0,0,0,0,0,0,0.0,0,0,0,0,0,64.0,5755.0,0,0,0,54,eth:ethertype:ip:tcp,35.6,95.0,50.6,160.0,-58.0,84:F3:EB:65:43:21,,,,,0.0,Normal,0.0
1744319047938736,10.42.0.3,10.42.0.1,64817,1883,0,0,1,0,0,0,0,0,0,0,0,0,0,0.0,0,,0,0,,0,0,0,0,0,0,0,0,0.0,0,0,0,0,0,64.0,5760.0,0,0,0,58,eth:ethertype:ip:tcp,35.6,95.0,50.6,160.0,-58.0,84:F3:EB:65:43:21,,,,,0.0,Normal,0.0
1744319047947565,10.42.0.3,10.42.0.1,64817,1883,1,1,0,1,0,0,0,0,0,0,0,0,0,0.0,0,,0,0,,0,0,0,0,0,0,0,0,0.0,0,0,0,0,0,64.0,5760.0,0,0,0,54,eth:ethertype:ip:tcp,35.6,95.0,50.6,160.0,-58.0,84:F3:EB:65:43:21,,,,,0.0,Normal,0.0
1744319047949643,10.42.0.3,10.42.0.1,64817,1883,1,1,0,1,0,0,1,0,3,0,0,0,0,0.0,0,,0,0,,0,0,0,0,0,0,0,0,0.0,0,0,0,0,0,64.0,5760.0,0,0,0,57,eth:ethertype:ip:tcp,35.6,95.0,50.6,160.0,-58.0,84:F3:EB:65:43:21,,,,,0.0,Normal,0.0
1744319047954908,10.42.0.3,10.42.0.1,64817,1883,4,1,0,1,0,0,1,0,41,0,0,0,0,0.0,0,,0,1,,0,0,0,1,42,4,MQTT,4,0.0,0,0,0,0,0,64.0,5760.0,0,0,esp32_a842e3abaccc,95,eth:ethertype:ip:tcp:mqtt,35.6,95.0,50.6,160.0,-58.0,84:F3:EB:65:43:21,,,,,0.0,Normal,0.0
1744319047978935,10.42.0.3,10.42.0.1,64817,1883,45,5,0,1,0,0,1,0,3,0,0,0,0,0.0,0,,0,0,,0,0,0,0,0,0,0,0,0.0,0,0,0,0,0,64.0,5756.0,0,0,0,57,eth:ethertype:ip:tcp,35.6,95.0,50.6,160.0,-58.0,84:F3:EB:65:43:21,,,,,0.0,Normal,0.0
1744319047988801,10.42.0.3,10.42.0.1,64817,1883,48,5,0,1,1,0,1,0,178,0,0,0,0,0.0,0,,0,3,"Wakeup: 0, Mode: 0, Reset: 1, Temperature: 40.2, Uptime: 34, Memory: 95.0, In_Temperature: 50.0, CPU: 160, RSSI: -54, MAC: 84:F3:EB:65:43:21, F_Storage: 99.22",test/temperatura,16,0,0,176,0,0,0,0.0,0,0,0,0,0,64.0,5756.0,0,0,0,232,eth:ethertype:ip:tcp:mqtt:mqtt,40.2,95.0,50.0,160.0,-54.0,84:F3:EB:65:43:21,,,,,0.0,Normal,0.0
1744319047993920,10.42.0.3,10.42.0.1,64817,1883,227,6,0,1,0,0,0,0,0,0,0,0,0,0.0,0,,0,0,,0,0,0,0,0,0,0,0,0.0,0,0,0,0,0,64.0,5755.0,0,0,0,54,eth:ethertype:ip:tcp,40.2,95.0,50.0,160.0,-54.0,84:F3:EB:65:43:21,,,,,0.0,Normal,0.0
1744319077997803,10.42.0.3,10.42.0.1,64818,1883,0,0,1,0,0,0,0,0,0,0,0,0,0,0.0,0,,0,0,,0,0,0,0,0,0,0,0,0.0,0,0,0,0,0,64.0,5760.0,0,0,0,58,eth:ethertype:ip:tcp,40.2,95.0,50.0,160.0,-54.0,84:F3:EB:65:43:21,,,,,0.0,Normal,0.0
1744319078002091,10.42.0.3,10.42.0.1,64818,1883,1,1,0,1,0,0,0,0,0,0,0,0,0,0.0,0,,0,0,,0,0,0,0,0,0,0,0,0.0,0,0,0,0,0,64.0,5760.0,0,0,0,54,eth:ethertype:ip:tcp,40.2,95.0,50.0,160.0,-54.0,84:F3:EB:65:43:21,,,,,0.0,Normal,0.0
1744319078004575,10.42.0.3,10.42.0.1,64818,1883,1,1,0,1,0,0,1,0,3,0,0,0,0,0.0,0,,0,0,,0,0,0,0,0,0,0,0,0.0,0,0,0,0,0,64.0,5760.0,0,0,0,57,eth:ethertype:ip:tcp,40.2,95.0,50.0,160.0,-54.0,84:F3:EB:65:43:21,,,,,0.0,Normal,0.0
1744319078008472,10.42.0.3,10.42.0.1,64818,1883,4,1,0,1,0,0,1,0,11,0,0,0,0,0.0,0,,0,0,,0,0,0,0,0,0,0,0,0.0,0,0,0,0,0,64.0,5760.0,0,0,0,65,eth:ethertype:ip:tcp,40.2,95.0,50.0,160.0,-54.0,84:F3:EB:65:43:21,,,,,0.0,Normal,0.0
1744319078011829,10.42.0.3,10.42.0.1,64818,1883,15,1,0,1,0,0,1,0,30,0,0,0,0,0.0,0,,0,1,,0,0,0,1,42,4,MQTT,4,0.0,0,0,0,0,0,64.0,5760.0,0,0,esp32_a842e3abaccc,84,eth:ethertype:ip:tcp:mqtt,40.2,95.0,50.0,160.0,-54.0,84:F3:EB:65:43:21,,,,,0.0,Normal,0.0
1744319078036165,10.42.0.3,10.42.0.1,64818,1883,45,5,0,1,0,0,1,0,3,0,0,0,0,0.0,0,,0,0,,0,0,0,0,0,0,0,0,0.0,0,0,0,0,0,64.0,5756.0,0,0,0,57,eth:ethertype:ip:tcp,40.2,95.0,50.0,160.0,-54.0,84:F3:EB:65:43:21,,,,,0.0,Normal,0.0
1744319078048322,10.42.0.3,10.42.0.1,64818,1883,48,5,0,1,1,0,1,0,178,0,0,0,0,0.0,0,,0,3,"Wakeup: 0, Mode: 0, Reset: 1, Temperature: 36.3, Uptime: 64, Memory: 94.9, In_Temperature: 50.6, CPU: 160, RSSI: -55, MAC: 84:F3:EB:65:43:21, F_Storage: 99.22",test/temperatura,16,0,0,176,0,0,0,0.0,0,0,0,0,0,64.0,5756.0,0,0,0,232,eth:ethertype:ip:tcp:mqtt:mqtt,36.3,94.9,50.6,160.0,-55.0,84:F3:EB:65:43:21,,,,,0.0,Normal,0.0
1744319078053196,10.42.0.3,10.42.0.1,64818,1883,227,6,0,1,0,0,0,0,0,0,0,0,0,0.0,0,,0,0,,0,0,0,0,0,0,0,0,0.0,0,0,0,0,0,64.0,5755.0,0,0,0,54,eth:ethertype:ip:tcp,36.3,94.9,50.6,160.0,-55.0,84:F3:EB:65:43:21,,,,,0.0,Normal,0.0
1744319108058364,10.42.0.3,10.42.0.1,64819,1883,0,0,1,0,0,0,0,0,0,0,0,0,0,0.0,0,,0,0,,0,0,0,0,0,0,0,0,0.0,0,0,0,0,0,64.0,5760.0,0,0,0,58,eth:ethertype:ip:tcp,36.3,94.9,50.6,160.0,-55.0,84:F3:EB:65:43:21,,,,,0.0,Normal,0.0
1744319108062254,10.42.0.3,10.42.0.1,64819,1883,1,1,0,1,0,0,0,0,0,0,0,0,0,0.0,0,,0,0,,0,0,0,0,0,0,0,0,0.0,0,0,0,0,0,64.0,5760.0,0,0,0,54,eth:ethertype:ip:tcp,36.3,94.9,50.6,160.0,-55.0,84:F3:EB:65:43:21,,,,,0.0,Normal,0.0
1744319108064459,10.42.0.3,10.42.0.1,64819,1883,1,1,0,1,0,0,1,0,3,0,0,0,0,0.0,0,,0,0,,0,0,0,0,0,0,0,0,0.0,0,0,0,0,0,64.0,5760.0,0,0,0,57,eth:ethertype:ip:tcp,36.3,94.9,50.6,160.0,-55.0,84:F3:EB:65:43:21,,,,,0.0,Normal,0.0
1744319108067835,10.42.0.3,10.42.0.1,64819,1883,4,1,0,1,0,0,1,0,29,0,0,0,0,0.0,0,,0,0,,0,0,0,0,0,0,0,0,0.0,0,0,0,0,0,64.0,5760.0,0,0,0,83,eth:ethertype:ip:tcp,36.3,94.9,50.6,160.0,-55.0,84:F3:EB:65:43:21,,,,,0.0,Normal,0.0
1744319108072722,10.42.0.3,10.42.0.1,64819,1883,33,1,0,1,0,0,1,0,12,0,0,0,0,0.0,0,,0,1,,0,0,0,1,42,4,MQTT,4,0.0,0,0,0,0,0,64.0,5760.0,0,0,esp32_a842e3abaccc,66,eth:ethertype:ip:tcp:mqtt,36.3,94.9,50.6,160.0,-55.0,84:F3:EB:65:43:21,,,,,0.0,Normal,0.0
1744319108097006,10.42.0.3,10.42.0.1,64819,1883,45,5,0,1,0,0,1,0,3,0,0,0,0,0.0,0,,0,0,,0,0,0,0,0,0,0,0,0.0,0,0,0,0,0,64.0,5756.0,0,0,0,57,eth:ethertype:ip:tcp,36.3,94.9,50.6,160.0,-55.0,84:F3:EB:65:43:21,,,,,0.0,Normal,0.0
1744319108107605,10.42.0.3,10.42.0.1,64819,1883,48,5,0,1,1,0,1,0,178,0,0,0,0,0.0,0,,0,3,"Wakeup: 0, Mode: 0, Reset: 1, Temperature: 25.6, Uptime: 94, Memory: 94.8, In_Temperature: 50.6, CPU: 160, RSSI: -51, MAC: 84:F3:EB:65:43:21, F_Storage: 99.22",test/temperatura,16,0,0,176,0,0,0,0.0,0,0,0,0,0,64.0,5756.0,0,0,0,232,eth:ethertype:ip:tcp:mqtt:mqtt,25.6,94.8,50.6,160.0,-51.0,84:F3:EB:65:43:21,,,,,0.0,Normal,0.0
1744319108110885,10.42.0.3,10.42.0.1,64819,1883,227,6,0,1,0,0,0,0,0,0,0,0,0,0.0,0,,0,0,,0,0,0,0,0,0,0,0,0.0,0,0,0,0,0,64.0,5755.0,0,0,0,54,eth:ethertype:ip:tcp,25.6,94.8,50.6,160.0,-51.0,84:F3:EB:65:43:21,,,,,0.0,Normal,0.0
1744319138116557,10.42.0.3,10.42.0.1,64820,1883,0,0,1,0,0,0,0,0,0,0,0,0,0,0.0,0,,0,0,,0,0,0,0,0,0,0,0,0.0,0,0,0,0,0,64.0,5760.0,0,0,0,58,eth:ethertype:ip:tcp,25.6,94.8,50.6,160.0,-51.0,84:F3:EB:65:43:21,,,,,0.0,Normal,0.0
1744319138120375,10.42.0.3,10.42.0.1,64820,1883,1,1,0,1,0,0,0,0,0,0,0,0,0,0.0,0,,0,0,,0,0,0,0,0,0,0,0,0.0,0,0,0,0,0,64.0,5760.0,0,0,0,54,eth:ethertype:ip:tcp,25.6,94.8,50.6,160.0,-51.0,84:F3:EB:65:43:21,,,,,0.0,Normal,0.0
1744319138122602,10.42.0.3,10.42.0.1,64820,1883,1,1,0,1,0,0,1,0,3,0,0,0,0,0.0,0,,0,0,,0,0,0,0,0,0,0,0,0.0,0,0,0,0,0,64.0,5760.0,0,0,0,57,eth:ethertype:ip:tcp,25.6,94.8,50.6,160.0,-51.0,84:F3:EB:65:43:21,,,,,0.0,Normal,0.0
1744319138125970,10.42.0.3,10.42.0.1,64820,1883,4,1,0,1,0,0,1,0,29,0,0,0,0,0.0,0,,0,0,,0,0,0,0,0,0,0,0,0.0,0,0,0,0,0,64.0,5760.0,0,0,0,83,eth:ethertype:ip:tcp,25.6,94.8,50.6,160.0,-51.0,84:F3:EB:65:43:21,,,,,0.0,Normal,0.0
1744319138129144,10.42.0.3,10.42.0.1,64820,1883,33,1,0,1,0,0,1,0,12,0,0,0,0,0.0,0,,0,1,,0,0,0,1,42,4,MQTT,4,0.0,0,0,0,0,0,64.0,5760.0,0,0,esp32_a842e3abaccc,66,eth:ethertype:ip:tcp:mqtt,25.6,94.8,50.6,160.0,-51.0,84:F3:EB:65:43:21,,,,,0.0,Normal,0.0
1744319138154248,10.42.0.3,10.42.0.1,64820,1883,45,5,0,1,0,0,1,0,3,0,0,0,0,0.0,0,,0,0,,0,0,0,0,0,0,0,0,0.0,0,0,0,0,0,64.0,5756.0,0,0,0,57,eth:ethertype:ip:tcp,25.6,94.8,50.6,160.0,-51.0,84:F3:EB:65:43:21,,,,,0.0,Normal,0.0
1744319138167345,10.42.0.3,10.42.0.1,64820,1883,48,5,0,1,1,0,1,0,179,0,0,0,0,0.0,0,,0,3,"Wakeup: 0, Mode: 0, Reset: 1, Temperature: 34.8, Uptime: 124, Memory: 94.8, In_Temperature: 50.6, CPU: 160, RSSI: -52, MAC: 84:F3:EB:65:43:21, F_Storage: 99.22",test/temperatura,16,0,0,177,0,0,0,0.0,0,0,0,0,0,64.0,5756.0,0,0,0,233,eth:ethertype:ip:tcp:mqtt:mqtt,34.8,94.8,50.6,160.0,-52.0,84:F3:EB:65:43:21,,,,,0.0,Normal,0.0
1744319138171097,10.42.0.3,10.42.0.1,64820,1883,228,6,0,1,0,0,0,0,0,0,0,0,0,0.0,0,,0,0,,0,0,0,0,0,0,0,0,0.0,0,0,0,0,0,64.0,5755.0,0,0,0,54,eth:ethertype:ip:tcp,34.8,94.8,50.6,160.0,-52.0,84:F3:EB:65:43:21,,,,,0.0,Normal,0.0
1744319168176025,10.42.0.3,10.42.0.1,64821,1883,0,0,1,0,0,0,0,0,0,0,0,0,0,0.0,0,,0,0,,0,0,0,0,0,0,0,0,0.0,0,0,0,0,0,64.0,5760.0,0,0,0,58,eth:ethertype:ip:tcp,34.8,94.8,50.6,160.0,-52.0,84:F3:EB:65:43:21,,,,,0.0,Normal,0.0
1744319168180111,10.42.0.3,10.42.0.1,64821,1883,1,1,0,1,0,0,0,0,0,0,0,0,0,0.0,0,,0,0,,0,0,0,0,0,0,0,0,0.0,0,0,0,0,0,64.0,5760.0,0,0,0,54,eth:ethertype:ip:tcp,34.8,94.8,50.6,160.0,-52.0,84:F3:EB:65:43:21,,,,,0.0,Normal,0.0
1744319168182246,10.42.0.3,10.42.0.1,64821,1883,1,1,0,1,0,0,1,0,3,0,0,0,0,0.0,0,,0,0,,0,0,0,0,0,0,0,0,0.0,0,0,0,0,0,64.0,5760.0,0,0,0,57,eth:ethertype:ip:tcp,34.8,94.8,50.6,160.0,-52.0,84:F3:EB:65:43:21,,,,,0.0,Normal,0.0
1744319168185612,10.42.0.3,10.42.0.1,64821,1883,4,1,0,1,0,0,1,0,29,0,0,0,0,0.0,0,,0,0,,0,0,0,0,0,0,0,0,0.0,0,0,0,0,0,64.0,5760.0,0,0,0,83,eth:ethertype:ip:tcp,34.8,94.8,50.6,160.0,-52.0,84:F3:EB:65:43:21,,,,,0.0,Normal,0.0
1744319168188578,10.42.0.3,10.42.0.1,64821,1883,33,1,0,1,0,0,1,0,12,0,0,0,0,0.0,0,,0,1,,0,0,0,1,42,4,MQTT,4,0.0,0,0,0,0,0,64.0,5760.0,0,0,esp32_a842e3abaccc,66,eth:ethertype:ip:tcp:mqtt,34.8,94.8,50.6,160.0,-52.0,84:F3:EB:65:43:21,,,,,0.0,Normal,0.0
1744319168212857,10.42.0.3,10.42.0.1,64821,1883,45,5,0,1,0,0,1,0,3,0,0,0,0,0.0,0,,0,0,,0,0,0,0,0,0,0,0,0.0,0,0,0,0,0,64.0,5756.0,0,0,0,57,eth:ethertype:ip:tcp,34.8,94.8,50.6,160.0,-52.0,84:F3:EB:65:43:21,,,,,0.0,Normal,0.0
1744319168226646,10.42.0.3,10.42.0.1,64821,1883,48,5,0,1,1,0,1,0,179,0,0,0,0,0.0,0,,0,3,"Wakeup: 0, Mode: 0, Reset: 1, Temperature: 30.4, Uptime: 154, Memory: 94.8, In_Temperature: 50.6, CPU: 160, RSSI: -51, MAC: 84:F3:EB:65:43:21, F_Storage: 99.22",test/temperatura,16,0,0,177,0,0,0,0.0,0,0,0,0,0,64.0,5756.0,0,0,0,233,eth:ethertype:ip:tcp:mqtt:mqtt,30.4,94.8,50.6,160.0,-51.0,84:F3:EB:65:43:21,,,,,0.0,Normal,0.0
1744319168230167,10.42.0.3,10.42.0.1,64821,1883,228,6,0,1,0,0,0,0,0,0,0,0,0,0.0,0,,0,0,,0,0,0,0,0,0,0,0,0.0,0,0,0,0,0,64.0,5755.0,0,0,0,54,eth:ethertype:ip:tcp,30.4,94.8,50.6,160.0,-51.0,84:F3:EB:65:43:21,,,,,0.0,Normal,0.0
1744319198235401,10.42.0.3,10.42.0.1,64822,1883,0,0,1,0,0,0,0,0,0,0,0,0,0,0.0,0,,0,0,,0,0,0,0,0,0,0,0,0.0,0,0,0,0,0,64.0,5760.0,0,0,0,58,eth:ethertype:ip:tcp,30.4,94.8,50.6,160.0,-51.0,84:F3:EB:65:43:21,,,,,0.0,Normal,0.0
1744319198239476,10.42.0.3,10.42.0.1,64822,1883,1,1,0,1,0,0,0,0,0,0,0,0,0,0.0,0,,0,0,,0,0,0,0,0,0,0,0,0.0,0,0,0,0,0,64.0,5760.0,0,0,0,54,eth:ethertype:ip:tcp,30.4,94.8,50.6,160.0,-51.0,84:F3:EB:65:43:21,,,,,0.0,Normal,0.0
1744319198241618,10.42.0.3,10.42.0.1,64822,1883,1,1,0,1,0,0,1,0,3,0,0,0,0,0.0,0,,0,0,,0,0,0,0,0,0,0,0,0.0,0,0,0,0,0,64.0,5760.0,0,0,0,57,eth:ethertype:ip:tcp,30.4,94.8,50.6,160.0,-51.0,84:F3:EB:65:43:21,,,,,0.0,Normal,0.0
1744319198245065,10.42.0.3,10.42.0.1,64822,1883,4,1,0,1,0,0,1,0,29,0,0,0,0,0.0,0,,0,0,,0,0,0,0,0,0,0,0,0.0,0,0,0,0,0,64.0,5760.0,0,0,0,83,eth:ethertype:ip:tcp,30.4,94.8,50.6,160.0,-51.0,84:F3:EB:65:43:21,,,,,0.0,Normal,0.0
1744319198248152,10.42.0.3,10.42.0.1,64822,1883,33,1,0,1,0,0,1,0,12,0,0,0,0,0.0,0,,0,1,,0,0,0,1,42,4,MQTT,4,0.0,0,0,0,0,0,64.0,5760.0,0,0,esp32_a842e3abaccc,66,eth:ethertype:ip:tcp:mqtt,30.4,94.8,50.6,160.0,-51.0,84:F3:EB:65:43:21,,,,,0.0,Normal,0.0
1744319198273344,10.42.0.3,10.42.0.1,64822,1883,45,5,0,1,0,0,1,0,3,0,0,0,0,0.0,0,,0,0,,0,0,0,0,0,0,0,0,0.0,0,0,0,0,0,64.0,5756.0,0,0,0,57,eth:ethertype:ip:tcp,30.4,94.8,50.6,160.0,-51.0,84:F3:EB:65:43:21,,,,,0.0,Normal,0.0
1744319198285570,10.42.0.3,10.42.0.1,64822,1883,48,5,0,1,1,0,1,0,179,0,0,0,0,0.0,0,,0,3,"Wakeup: 0, Mode: 0, Reset: 1, Temperature: 40.2, Uptime: 184, Memory: 94.8, In_Temperature: 51.1, CPU: 160, RSSI: -51, MAC: 84:F3:EB:65:43:21, F_Storage: 99.22",test/temperatura,16,0,0,177,0,0,0,0.0,0,0,0,0,0,64.0,5756.0,0,0,0,233,eth:ethertype:ip:tcp:mqtt:mqtt,40.2,94.8,51.1,160.0,-51.0,84:F3:EB:65:43:21,,,,,0.0,Normal,0.0
1744319198289126,10.42.0.3,10.42.0.1,64822,1883,228,6,0,1,0,0,0,0,0,0,0,0,0,0.0,0,,0,0,,0,0,0,0,0,0,0,0,0.0,0,0,0,0,0,64.0,5755.0,0,0,0,54,eth:ethertype:ip:tcp,40.2,94.8,51.1,160.0,-51.0,84:F3:EB:65:43:21,,,,,0.0,Normal,0.0
1744319228294779,10.42.0.3,10.42.0.1,64823,1883,0,0,1,0,0,0,0,0,0,0,0,0,0,0.0,0,,0,0,,0,0,0,0,0,0,0,0,0.0,0,0,0,0,0,64.0,5760.0,0,0,0,58,eth:ethertype:ip:tcp,40.2,94.8,51.1,160.0,-51.0,84:F3:EB:65:43:21,,,,,0.0,Normal,0.0
1744319228298818,10.42.0.3,10.42.0.1,64823,1883,1,1,0,1,0,0,0,0,0,0,0,0,0,0.0,0,,0,0,,0,0,0,0,0,0,0,0,0.0,0,0,0,0,0,64.0,5760.0,0,0,0,54,eth:ethertype:ip:tcp,40.2,94.8,51.1,160.0,-51.0,84:F3:EB:65:43:21,,,,,0.0,Normal,0.0
1744319228300828,10.42.0.3,10.42.0.1,64823,1883,1,1,0,1,0,0,1,0,3,0,0,0,0,0.0,0,,0,0,,0,0,0,0,0,0,0,0,0.0,0,0,0,0,0,64.0,5760.0,0,0,0,57,eth:ethertype:ip:tcp,40.2,94.8,51.1,160.0,-51.0,84:F3:EB:65:43:21,,,,,0.0,Normal,0.0
1744319228304363,10.42.0.3,10.42.0.1,64823,1883,4,1,0,1,0,0,1,0,29,0,0,0,0,0.0,0,,0,0,,0,0,0,0,0,0,0,0,0.0,0,0,0,0,0,64.0,5760.0,0,0,0,83,eth:ethertype:ip:tcp,40.2,94.8,51.1,160.0,-51.0,84:F3:EB:65:43:21,,,,,0.0,Normal,0.0
1744319228307443,10.42.0.3,10.42.0.1,64823,1883,33,1,0,1,0,0,1,0,12,0,0,0,0,0.0,0,,0,1,,0,0,0,1,42,4,MQTT,4,0.0,0,0,0,0,0,64.0,5760.0,0,0,esp32_a842e3abaccc,66,eth:ethertype:ip:tcp:mqtt,40.2,94.8,51.1,160.0,-51.0,84:F3:EB:65:43:21,,,,,0.0,Normal,0.0
1744319228332152,10.42.0.3,10.42.0.1,64823,1883,45,5,0,1,0,0,1,0,3,0,0,0,0,0.0,0,,0,0,,0,0,0,0,0,0,0,0,0.0,0,0,0,0,0,64.0,5756.0,0,0,0,57,eth:ethertype:ip:tcp,40.2,94.8,51.1,160.0,-51.0,84:F3:EB:65:43:21,,,,,0.0,Normal,0.0
1744319228345018,10.42.0.3,10.42.0.1,64823,1883,48,5,0,1,1,0,1,0,179,0,0,0,0,0.0,0,,0,3,"Wakeup: 0, Mode: 0, Reset: 1, Temperature: 25.3, Uptime: 214, Memory: 94.8, In_Temperature: 51.1, CPU: 160, RSSI: -51, MAC: 84:F3:EB:65:43:21, F_Storage: 99.22",test/temperatura,16,0,0,177,0,0,0,0.0,0,0,0,0,0,64.0,5756.0,0,0,0,233,eth:ethertype:ip:tcp:mqtt:mqtt,25.3,94.8,51.1,160.0,-51.0,84:F3:EB:65:43:21,,,,,0.0,Normal,0.0
1744319228348406,10.42.0.3,10.42.0.1,64823,1883,228,6,0,1,0,0,0,0,0,0,0,0,0,0.0,0,,0,0,,0,0,0,0,0,0,0,0,0.0,0,0,0,0,0,64.0,5755.0,0,0,0,54,eth:ethertype:ip:tcp,25.3,94.8,51.1,160.0,-51.0,84:F3:EB:65:43:21,,,,,0.0,Normal,0.0
1744319258353356,10.42.0.3,10.42.0.1,64824,1883,0,0,1,0,0,0,0,0,0,0,0,0,0,0.0,0,,0,0,,0,0,0,0,0,0,0,0,0.0,0,0,0,0,0,64.0,5760.0,0,0,0,58,eth:ethertype:ip:tcp,25.3,94.8,51.1,160.0,-51.0,84:F3:EB:65:43:21,,,,,0.0,Normal,0.0
1744319258357117,10.42.0.3,10.42.0.1,64824,1883,1,1,0,1,0,0,0,0,0,0,0,0,0,0.0,0,,0,0,,0,0,0,0,0,0,0,0,0.0,0,0,0,0,0,64.0,5760.0,0,0,0,54,eth:ethertype:ip:tcp,25.3,94.8,51.1,160.0,-51.0,84:F3:EB:65:43:21,,,,,0.0,Normal,0.0
1744319258359946,10.42.0.3,10.42.0.1,64824,1883,1,1,0,1,0,0,1,0,3,0,0,0,0,0.0,0,,0,0,,0,0,0,0,0,0,0,0,0.0,0,0,0,0,0,64.0,5760.0,0,0,0,57,eth:ethertype:ip:tcp,25.3,94.8,51.1,160.0,-51.0,84:F3:EB:65:43:21,,,,,0.0,Normal,0.0
1744319258363355,10.42.0.3,10.42.0.1,64824,1883,4,1,0,1,0,0,1,0,31,0,0,0,0,0.0,0,,0,0,,0,0,0,0,0,0,0,0,0.0,0,0,0,0,0,64.0,5760.0,0,0,0,85,eth:ethertype:ip:tcp,25.3,94.8,51.1,160.0,-51.0,84:F3:EB:65:43:21,,,,,0.0,Normal,0.0
1744319258366357,10.42.0.3,10.42.0.1,64824,1883,35,1,0,1,0,0,1,0,10,0,0,0,0,0.0,0,,0,1,,0,0,0,1,42,4,MQTT,4,0.0,0,0,0,0,0,64.0,5760.0,0,0,esp32_a842e3abaccc,64,eth:ethertype:ip:tcp:mqtt,25.3,94.8,51.1,160.0,-51.0,84:F3:EB:65:43:21,,,,,0.0,Normal,0.0
1744319258391603,10.42.0.3,10.42.0.1,64824,1883,45,5,0,1,0,0,1,0,3,0,0,0,0,0.0,0,,0,0,,0,0,0,0,0,0,0,0,0.0,0,0,0,0,0,64.0,5756.0,0,0,0,57,eth:ethertype:ip:tcp,25.3,94.8,51.1,160.0,-51.0,84:F3:EB:65:43:21,,,,,0.0,Normal,0.0
1744319258404331,10.42.0.3,10.42.0.1,64824,1883,48,5,0,1,1,0,1,0,179,0,0,0,0,0.0,0,,0,3,"Wakeup: 0, Mode: 0, Reset: 1, Temperature: 37.8, Uptime: 244, Memory: 94.8, In_Temperature: 51.1, CPU: 160, RSSI: -54, MAC: 84:F3:EB:65:43:21, F_Storage: 99.22",test/temperatura,16,0,0,177,0,0,0,0.0,0,0,0,0,0,64.0,5756.0,0,0,0,233,eth:ethertype:ip:tcp:mqtt:mqtt,37.8,94.8,51.1,160.0,-54.0,84:F3:EB:65:43:21,,,,,0.0,Normal,0.0
1744319258407985,10.42.0.3,10.42.0.1,64824,1883,228,6,0,1,0,0,0,0,0,0,0,0,0,0.0,0,,0,0,,0,0,0,0,0,0,0,0,0.0,0,0,0,0,0,64.0,5755.0,0,0,0,54,eth:ethertype:ip:tcp,37.8,94.8,51.1,160.0,-54.0,84:F3:EB:65:43:21,,,,,0.0,Normal,0.0
1744319288413567,10.42.0.3,10.42.0.1,64825,1883,0,0,1,0,0,0,0,0,0,0,0,0,0,0.0,0,,0,0,,0,0,0,0,0,0,0,0,0.0,0,0,0,0,0,64.0,5760.0,0,0,0,58,eth:ethertype:ip:tcp,37.8,94.8,51.1,160.0,-54.0,84:F3:EB:65:43:21,,,,,0.0,Normal,0.0
1744319288417561,10.42.0.3,10.42.0.1,64825,1883,1,1,0,1,0,0,0,0,0,0,0,0,0,0.0,0,,0,0,,0,0,0,0,0,0,0,0,0.0,0,0,0,0,0,64.0,5760.0,0,0,0,54,eth:ethertype:ip:tcp,37.8,94.8,51.1,160.0,-54.0,84:F3:EB:65:43:21,,,,,0.0,Normal,0.0
1744319288419612,10.42.0.3,10.42.0.1,64825,1883,1,1,0,1,0,0,1,0,3,0,0,0,0,0.0,0,,0,0,,0,0,0,0,0,0,0,0,0.0,0,0,0,0,0,64.0,5760.0,0,0,0,57,eth:ethertype:ip:tcp,37.8,94.8,51.1,160.0,-54.0,84:F3:EB:65:43:21,,,,,0.0,Normal,0.0
1744319288423080,10.42.0.3,10.42.0.1,64825,1883,4,1,0,1,0,0,1,0,29,0,0,0,0,0.0,0,,0,0,,0,0,0,0,0,0,0,0,0.0,0,0,0,0,0,64.0,5760.0,0,0,0,83,eth:ethertype:ip:tcp,37.8,94.8,51.1,160.0,-54.0,84:F3:EB:65:43:21,,,,,0.0,Normal,0.0
1744319288426129,10.42.0.3,10.42.0.1,64825,1883,33,1,0,1,0,0,1,0,12,0,0,0,0,0.0,0,,0,1,,0,0,0,1,42,4,MQTT,4,0.0,0,0,0,0,0,64.0,5760.0,0,0,esp32_a842e3abaccc,66,eth:ethertype:ip:tcp:mqtt,37.8,94.8,51.1,160.0,-54.0,84:F3:EB:65:43:21,,,,,0.0,Normal,0.0
1744319288450864,10.42.0.3,10.42.0.1,64825,1883,45,5,0,1,0,0,1,0,3,0,0,0,0,0.0,0,,0,0,,0,0,0,0,0,0,0,0,0.0,0,0,0,0,0,64.0,5756.0,0,0,0,57,eth:ethertype:ip:tcp,37.8,94.8,51.1,160.0,-54.0,84:F3:EB:65:43:21,,,,,0.0,Normal,0.0
1744319288463837,10.42.0.3,10.42.0.1,64825,1883,48,5,0,1,1,0,1,0,179,0,0,0,0,0.0,0,,0,3,"Wakeup: 0, Mode: 0, Reset: 1, Temperature: 30.2, Uptime: 274, Memory: 94.8, In_Temperature: 51.1, CPU: 160, RSSI: -55, MAC: 84:F3:EB:65:43:21, F_Storage: 99.22",test/temperatura,16,0,0,177,0,0,0,0.0,0,0,0,0,0,64.0,5756.0,0,0,0,233,eth:ethertype:ip:tcp:mqtt:mqtt,30.2,94.8,51.1,160.0,-55.0,84:F3:EB:65:43:21,,,,,0.0,Normal,0.0
1744319288467317,10.42.0.3,10.42.0.1,64825,1883,228,6,0,1,0,0,0,0,0,0,0,0,0,0.0,0,,0,0,,0,0,0,0,0,0,0,0,0.0,0,0,0,0,0,64.0,5755.0,0,0,0,54,eth:ethertype:ip:tcp,30.2,94.8,51.1,160.0,-55.0,84:F3:EB:65:43:21,,,,,0.0,Normal,0.0
1744319318472884,10.42.0.3,10.42.0.1,64826,1883,0,0,1,0,0,0,0,0,0,0,0,0,0,0.0,0,,0,0,,0,0,0,0,0,0,0,0,0.0,0,0,0,0,0,64.0,5760.0,0,0,0,58,eth:ethertype:ip:tcp,30.2,94.8,51.1,160.0,-55.0,84:F3:EB:65:43:21,,,,,0.0,Normal,0.0
1744319318476948,10.42.0.3,10.42.0.1,64826,1883,1,1,0,1,0,0,0,0,0,0,0,0,0,0.0,0,,0,0,,0,0,0,0,0,0,0,0,0.0,0,0,0,0,0,64.0,5760.0,0,0,0,54,eth:ethertype:ip:tcp,30.2,94.8,51.1,160.0,-55.0,84:F3:EB:65:43:21,,,,,0.0,Normal,0.0
1744319318479126,10.42.0.3,10.42.0.1,64826,1883,1,1,0,1,0,0,1,0,3,0,0,0,0,0.0,0,,0,0,,0,0,0,0,0,0,0,0,0.0,0,0,0,0,0,64.0,5760.0,0,0,0,57,eth:ethertype:ip:tcp,30.2,94.8,51.1,160.0,-55.0,84:F3:EB:65:43:21,,,,,0.0,Normal,0.0
1744319318484007,10.42.0.3,10.42.0.1,64826,1883,4,1,0,1,0,0,1,0,29,0,0,0,0,0.0,0,,0,0,,0,0,0,0,0,0,0,0,0.0,0,0,0,0,0,64.0,5760.0,0,0,0,83,eth:ethertype:ip:tcp,30.2,94.8,51.1,160.0,-55.0,84:F3:EB:65:43:21,,,,,0.0,Normal,0.0
1744319318488089,10.42.0.3,10.42.0.1,64826,1883,33,1,0,1,0,0,1,0,12,0,0,0,0,0.0,0,,0,1,,0,0,0,1,42,4,MQTT,4,0.0,0,0,0,0,0,64.0,5760.0,0,0,esp32_a842e3abaccc,66,eth:ethertype:ip:tcp:mqtt,30.2,94.8,51.1,160.0,-55.0,84:F3:EB:65:43:21,,,,,0.0,Normal,0.0
1744319318512773,10.42.0.3,10.42.0.1,64826,1883,45,5,0,1,0,0,1,0,3,0,0,0,0,0.0,0,,0,0,,0,0,0,0,0,0,0,0,0.0,0,0,0,0,0,64.0,5756.0,0,0,0,57,eth:ethertype:ip:tcp,30.2,94.8,51.1,160.0,-55.0,84:F3:EB:65:43:21,,,,,0.0,Normal,0.0
1744319318523172,10.42.0.3,10.42.0.1,64826,1883,48,5,0,1,1,0,1,0,179,0,0,0,0,0.0,0,,0,3,"Wakeup: 0, Mode: 0, Reset: 1, Temperature: 25.3, Uptime: 304, Memory: 94.8, In_Temperature: 51.1, CPU: 160, RSSI: -55, MAC: 84:F3:EB:65:43:21, F_Storage: 99.22",test/temperatura,16,0,0,177,0,0,0,0.0,0,0,0,0,0,64.0,5756.0,0,0,0,233,eth:ethertype:ip:tcp:mqtt:mqtt,25.3,94.8,51.1,160.0,-55.0,84:F3:EB:65:43:21,,,,,0.0,Normal,0.0
1744319318526463,10.42.0.3,10.42.0.1,64826,1883,228,6,0,1,0,0,0,0,0,0,0,0,0,0.0,0,,0,0,,0,0,0,0,0,0,0,0,0.0,0,0,0,0,0,64.0,5755.0,0,0,0,54,eth:ethertype:ip:tcp,25.3,94.8,51.1,160.0,-55.0,84:F3:EB:65:43:21,,,,,0.0,Normal,0.0
1744319348532355,10.42.0.3,10.42.0.1,64827,1883,0,0,1,0,0,0,0,0,0,0,0,0,0,0.0,0,,0,0,,0,0,0,0,0,0,0,0,0.0,0,0,0,0,0,64.0,5760.0,0,0,0,58,eth:ethertype:ip:tcp,25.3,94.8,51.1,160.0,-55.0,84:F3:EB:65:43:21,,,,,0.0,Normal,0.0
1744319348536617,10.42.0.3,10.42.0.1,64827,1883,1,1,0,1,0,0,0,0,0,0,0,0,0,0.0,0,,0,0,,0,0,0,0,0,0,0,0,0.0,0,0,0,0,0,64.0,5760.0,0,0,0,54,eth:ethertype:ip:tcp,25.3,94.8,51.1,160.0,-55.0,84:F3:EB:65:43:21,,,,,0.0,Normal,0.0
1744319348538722,10.42.0.3,10.42.0.1,64827,1883,1,1,0,1,0,0,1,0,3,0,0,0,0,0.0,0,,0,0,,0,0,0,0,0,0,0,0,0.0,0,0,0,0,0,64.0,5760.0,0,0,0,57,eth:ethertype:ip:tcp,25.3,94.8,51.1,160.0,-55.0,84:F3:EB:65:43:21,,,,,0.0,Normal,0.0
1744319348542260,10.42.0.3,10.42.0.1,64827,1883,4,1,0,1,0,0,1,0,29,0,0,0,0,0.0,0,,0,0,,0,0,0,0,0,0,0,0,0.0,0,0,0,0,0,64.0,5760.0,0,0,0,83,eth:ethertype:ip:tcp,25.3,94.8,51.1,160.0,-55.0,84:F3:EB:65:43:21,,,,,0.0,Normal,0.0
1744319348545415,10.42.0.3,10.42.0.1,64827,1883,33,1,0,1,0,0,1,0,12,0,0,0,0,0.0,0,,0,1,,0,0,0,1,42,4,MQTT,4,0.0,0,0,0,0,0,64.0,5760.0,0,0,esp32_a842e3abaccc,66,eth:ethertype:ip:tcp:mqtt,25.3,94.8,51.1,160.0,-55.0,84:F3:EB:65:43:21,,,,,0.0,Normal,0.0
1744319348569643,10.42.0.3,10.42.0.1,64827,1883,45,5,0,1,0,0,1,0,3,0,0,0,0,0.0,0,,0,0,,0,0,0,0,0,0,0,0,0.0,0,0,0,0,0,64.0,5756.0,0,0,0,57,eth:ethertype:ip:tcp,25.3,94.8,51.1,160.0,-55.0,84:F3:EB:65:43:21,,,,,0.0,Normal,0.0
1744319348582522,10.42.0.3,10.42.0.1,64827,1883,48,5,0,1,1,0,1,0,179,0,0,0,0,0.0,0,,0,3,"Wakeup: 0, Mode: 0, Reset: 1, Temperature: 28.6, Uptime: 335, Memory: 94.8, In_Temperature: 51.1, CPU: 160, RSSI: -56, MAC: 84:F3:EB:65:43:21, F_Storage: 99.22",test/temperatura,16,0,0,177,0,0,0,0.0,0,0,0,0,0,64.0,5756.0,0,0,0,233,eth:ethertype:ip:tcp:mqtt:mqtt,28.6,94.8,51.1,160.0,-56.0,84:F3:EB:65:43:21,,,,,0.0,Normal,0.0
1744319348585880,10.42.0.3,10.42.0.1,64827,1883,228,6,0,1,0,0,0,0,0,0,0,0,0,0.0,0,,0,0,,0,0,0,0,0,0,0,0,0.0,0,0,0,0,0,64.0,5755.0,0,0,0,54,eth:ethertype:ip:tcp,28.6,94.8,51.1,160.0,-56.0,84:F3:EB:65:43:21,,,,,0.0,Normal,0.0
1744319378593020,10.42.0.3,10.42.0.1,64828,1883,0,0,1,0,0,0,0,0,0,0,0,0,0,0.0,0,,0,0,,0,0,0,0,0,0,0,0,0.0,0,0,0,0,0,64.0,5760.0,0,0,0,58,eth:ethertype:ip:tcp,28.6,94.8,51.1,160.0,-56.0,84:F3:EB:65:43:21,,,,,0.0,Normal,0.0
1744319378598302,10.42.0.3,10.42.0.1,64828,1883,1,1,0,1,0,0,0,0,0,0,0,0,0,0.0,0,,0,0,,0,0,0,0,0,0,0,0,0.0,0,0,0,0,0,64.0,5760.0,0,0,0,54,eth:ethertype:ip:tcp,28.6,94.8,51.1,160.0,-56.0,84:F3:EB:65:43:21,,,,,0.0,Normal,0.0
1744319378600421,10.42.0.3,10.42.0.1,64828,1883,1,1,0,1,0,0,1,0,3,0,0,0,0,0.0,0,,0,0,,0,0,0,0,0,0,0,0,0.0,0,0,0,0,0,64.0,5760.0,0,0,0,57,eth:ethertype:ip:tcp,28.6,94.8,51.1,160.0,-56.0,84:F3:EB:65:43:21,,,,,0.0,Normal,0.0
1744319378605082,10.42.0.3,10.42.0.1,64828,1883,4,1,0,1,0,0,1,0,29,0,0,0,0,0.0,0,,0,0,,0,0,0,0,0,0,0,0,0.0,0,0,0,0,0,64.0,5760.0,0,0,0,83,eth:ethertype:ip:tcp,28.6,94.8,51.1,160.0,-56.0,84:F3:EB:65:43:21,,,,,0.0,Normal,0.0
1744319378608027,10.42.0.3,10.42.0.1,64828,1883,33,1,0,1,0,0,1,0,12,0,0,0,0,0.0,0,,0,1,,0,0,0,1,42,4,MQTT,4,0.0,0,0,0,0,0,64.0,5760.0,0,0,esp32_a842e3abaccc,66,eth:ethertype:ip:tcp:mqtt,28.6,94.8,51.1,160.0,-56.0,84:F3:EB:65:43:21,,,,,0.0,Normal,0.0
1744319378632065,10.42.0.3,10.42.0.1,64828,1883,45,5,0,1,0,0,1,0,3,0,0,0,0,0.0,0,,0,0,,0,0,0,0,0,0,0,0,0.0,0,0,0,0,0,64.0,5756.0,0,0,0,57,eth:ethertype:ip:tcp,28.6,94.8,51.1,160.0,-56.0,84:F3:EB:65:43:21,,,,,0.0,Normal,0.0
1744319378642001,10.42.0.3,10.42.0.1,64828,1883,48,5,0,1,1,0,1,0,179,0,0,0,0,0.0,0,,0,3,"Wakeup: 0, Mode: 0, Reset: 1, Temperature: 37.0, Uptime: 365, Memory: 94.8, In_Temperature: 51.1, CPU: 160, RSSI: -52, MAC: 84:F3:EB:65:43:21, F_Storage: 99.22",test/temperatura,16,0,0,177,0,0,0,0.0,0,0,0,0,0,64.0,5756.0,0,0,0,233,eth:ethertype:ip:tcp:mqtt:mqtt,37.0,94.8,51.1,160.0,-52.0,84:F3:EB:65:43:21,,,,,0.0,Normal,0.0
1744319378645407,10.42.0.3,10.42.0.1,64828,1883,228,6,0,1,0,0,0,0,0,0,0,0,0,0.0,0,,0,0,,0,0,0,0,0,0,0,0,0.0,0,0,0,0,0,64.0,5755.0,0,0,0,54,eth:ethertype:ip:tcp,37.0,94.8,51.1,160.0,-52.0,84:F3:EB:65:43:21,,,,,0.0,Normal,0.0
1744319408651046,10.42.0.3,10.42.0.1,64829,1883,0,0,1,0,0,0,0,0,0,0,0,0,0,0.0,0,,0,0,,0,0,0,0,0,0,0,0,0.0,0,0,0,0,0,64.0,5760.0,0,0,0,58,eth:ethertype:ip:tcp,37.0,94.8,51.1,160.0,-52.0,84:F3:EB:65:43:21,,,,,0.0,Normal,0.0
1744319408655121,10.42.0.3,10.42.0.1,64829,1883,1,1,0,1,0,0,0,0,0,0,0,0,0,0.0,0,,0,0,,0,0,0,0,0,0,0,0,0.0,0,0,0,0,0,64.0,5760.0,0,0,0,54,eth:ethertype:ip:tcp,37.0,94.8,51.1,160.0,-52.0,84:F3:EB:65:43:21,,,,,0.0,Normal,0.0
1744319408657760,10.42.0.3,10.42.0.1,64829,1883,1,1,0,1,0,0,1,0,3,0,0,0,0,0.0,0,,0,0,,0,0,0,0,0,0,0,0,0.0,0,0,0,0,0,64.0,5760.0,0,0,0,57,eth:ethertype:ip:tcp,37.0,94.8,51.1,160.0,-52.0,84:F3:EB:65:43:21,,,,,0.0,Normal,0.0
1744319408661273,10.42.0.3,10.42.0.1,64829,1883,4,1,0,1,0,0,1,0,29,0,0,0,0,0.0,0,,0,0,,0,0,0,0,0,0,0,0,0.0,0,0,0,0,0,64.0,5760.0,0,0,0,83,eth:ethertype:ip:tcp,37.0,94.8,51.1,160.0,-52.0,84:F3:EB:65:43:21,,,,,0.0,Normal,0.0
1744319408664298,10.42.0.3,10.42.0.1,64829,1883,33,1,0,1,0,0,1,0,12,0,0,0,0,0.0,0,,0,1,,0,0,0,1,42,4,MQTT,4,0.0,0,0,0,0,0,64.0,5760.0,0,0,esp32_a842e3abaccc,66,eth:ethertype:ip:tcp:mqtt,37.0,94.8,51.1,160.0,-52.0,84:F3:EB:65:43:21,,,,,0.0,Normal,0.0
1744319408688529,10.42.0.3,10.42.0.1,64829,1883,45,5,0,1,0,0,1,0,3,0,0,0,0,0.0,0,,0,0,,0,0,0,0,0,0,0,0,0.0,0,0,0,0,0,64.0,5756.0,0,0,0,57,eth:ethertype:ip:tcp,37.0,94.8,51.1,160.0,-52.0,84:F3:EB:65:43:21,,,,,0.0,Normal,0.0
1744319408702685,10.42.0.3,10.42.0.1,64829,1883,48,5,0,1,1,0,1,0,179,0,0,0,0,0.0,0,,0,3,"Wakeup: 0, Mode: 0, Reset: 1, Temperature: 34.9, Uptime: 395, Memory: 94.8, In_Temperature: 51.1, CPU: 160, RSSI: -55, MAC: 84:F3:EB:65:43:21, F_Storage: 99.22",test/temperatura,16,0,0,177,0,0,0,0.0,0,0,0,0,0,64.0,5756.0,0,0,0,233,eth:ethertype:ip:tcp:mqtt:mqtt,34.9,94.8,51.1,160.0,-55.0,84:F3:EB:65:43:21,,,,,0.0,Normal,0.0
1744319408706182,10.42.0.3,10.42.0.1,64829,1883,228,6,0,1,0,0,0,0,0,0,0,0,0,0.0,0,,0,0,,0,0,0,0,0,0,0,0,0.0,0,0,0,0,0,64.0,5755.0,0,0,0,54,eth:ethertype:ip:tcp,34.9,94.8,51.1,160.0,-55.0,84:F3:EB:65:43:21,,,,,0.0,Normal,0.0
1744319438711237,10.42.0.3,10.42.0.1,64830,1883,0,0,1,0,0,0,0,0,0,0,0,0,0,0.0,0,,0,0,,0,0,0,0,0,0,0,0,0.0,0,0,0,0,0,64.0,5760.0,0,0,0,58,eth:ethertype:ip:tcp,34.9,94.8,51.1,160.0,-55.0,84:F3:EB:65:43:21,,,,,0.0,Normal,0.0
1744319438715218,10.42.0.3,10.42.0.1,64830,1883,1,1,0,1,0,0,0,0,0,0,0,0,0,0.0,0,,0,0,,0,0,0,0,0,0,0,0,0.0,0,0,0,0,0,64.0,5760.0,0,0,0,54,eth:ethertype:ip:tcp,34.9,94.8,51.1,160.0,-55.0,84:F3:EB:65:43:21,,,,,0.0,Normal,0.0
1744319438717306,10.42.0.3,10.42.0.1,64830,1883,1,1,0,1,0,0,1,0,3,0,0,0,0,0.0,0,,0,0,,0,0,0,0,0,0,0,0,0.0,0,0,0,0,0,64.0,5760.0,0,0,0,57,eth:ethertype:ip:tcp,34.9,94.8,51.1,160.0,-55.0,84:F3:EB:65:43:21,,,,,0.0,Normal,0.0
1744319438721586,10.42.0.3,10.42.0.1,64830,1883,4,1,0,1,0,0,1,0,37,0,0,0,0,0.0,0,,0,0,,0,0,0,0,0,0,0,0,0.0,0,0,0,0,0,64.0,5760.0,0,0,0,91,eth:ethertype:ip:tcp,34.9,94.8,51.1,160.0,-55.0,84:F3:EB:65:43:21,,,,,0.0,Normal,0.0
1744319438724270,10.42.0.3,10.42.0.1,64830,1883,41,1,0,1,0,0,1,0,4,0,0,0,0,0.0,0,,0,1,,0,0,0,1,42,4,MQTT,4,0.0,0,0,0,0,0,64.0,5760.0,0,0,esp32_a842e3abaccc,58,eth:ethertype:ip:tcp:mqtt,34.9,94.8,51.1,160.0,-55.0,84:F3:EB:65:43:21,,,,,0.0,Normal,0.0
1744319438748289,10.42.0.3,10.42.0.1,64830,1883,45,5,0,1,0,0,1,0,3,0,0,0,0,0.0,0,,0,0,,0,0,0,0,0,0,0,0,0.0,0,0,0,0,0,64.0,5756.0,0,0,0,57,eth:ethertype:ip:tcp,34.9,94.8,51.1,160.0,-55.0,84:F3:EB:65:43:21,,,,,0.0,Normal,0.0
1744319438760843,10.42.0.3,10.42.0.1,64830,1883,48,5,0,1,1,0,1,0,179,0,0,0,0,0.0,0,,0,3,"Wakeup: 0, Mode: 0, Reset: 1, Temperature: 31.1, Uptime: 425, Memory: 94.8, In_Temperature: 51.1, CPU: 160, RSSI: -54, MAC: 84:F3:EB:65:43:21, F_Storage: 99.22",test/temperatura,16,0,0,177,0,0,0,0.0,0,0,0,0,0,64.0,5756.0,0,0,0,233,eth:ethertype:ip:tcp:mqtt:mqtt,31.1,94.8,51.1,160.0,-54.0,84:F3:EB:65:43:21,,,,,0.0,Normal,0.0
1744319438764457,10.42.0.3,10.42.0.1,64830,1883,228,6,0,1,0,0,0,0,0,0,0,0,0,0.0,0,,0,0,,0,0,0,0,0,0,0,0,0.0,0,0,0,0,0,64.0,5755.0,0,0,0,54,eth:ethertype:ip:tcp,31.1,94.8,51.1,160.0,-54.0,84:F3:EB:65:43:21,,,,,0.0,Normal,0.0
1744319468770044,10.42.0.3,10.42.0.1,64831,1883,0,0,1,0,0,0,0,0,0,0,0,0,0,0.0,0,,0,0,,0,0,0,0,0,0,0,0,0.0,0,0,0,0,0,64.0,5760.0,0,0,0,58,eth:ethertype:ip:tcp,31.1,94.8,51.1,160.0,-54.0,84:F3:EB:65:43:21,,,,,0.0,Normal,0.0
1744319468774028,10.42.0.3,10.42.0.1,64831,1883,1,1,0,1,0,0,0,0,0,0,0,0,0,0.0,0,,0,0,,0,0,0,0,0,0,0,0,0.0,0,0,0,0,0,64.0,5760.0,0,0,0,54,eth:ethertype:ip:tcp,31.1,94.8,51.1,160.0,-54.0,84:F3:EB:65:43:21,,,,,0.0,Normal,0.0
1744319468776240,10.42.0.3,10.42.0.1,64831,1883,1,1,0,1,0,0,1,0,3,0,0,0,0,0.0,0,,0,0,,0,0,0,0,0,0,0,0,0.0,0,0,0,0,0,64.0,5760.0,0,0,0,57,eth:ethertype:ip:tcp,31.1,94.8,51.1,160.0,-54.0,84:F3:EB:65:43:21,,,,,0.0,Normal,0.0
1744319468779673,10.42.0.3,10.42.0.1,64831,1883,4,1,0,1,0,0,1,0,29,0,0,0,0,0.0,0,,0,0,,0,0,0,0,0,0,0,0,0.0,0,0,0,0,0,64.0,5760.0,0,0,0,83,eth:ethertype:ip:tcp,31.1,94.8,51.1,160.0,-54.0,84:F3:EB:65:43:21,,,,,0.0,Normal,0.0
1744319468782860,10.42.0.3,10.42.0.1,64831,1883,33,1,0,1,0,0,1,0,12,0,0,0,0,0.0,0,,0,1,,0,0,0,1,42,4,MQTT,4,0.0,0,0,0,0,0,64.0,5760.0,0,0,esp32_a842e3abaccc,66,eth:ethertype:ip:tcp:mqtt,31.1,94.8,51.1,160.0,-54.0,84:F3:EB:65:43:21,,,,,0.0,Normal,0.0
1744319468807566,10.42.0.3,10.42.0.1,64831,1883,45,5,0,1,0,0,1,0,3,0,0,0,0,0.0,0,,0,0,,0,0,0,0,0,0,0,0,0.0,0,0,0,0,0,64.0,5756.0,0,0,0,57,eth:ethertype:ip:tcp,31.1,94.8,51.1,160.0,-54.0,84:F3:EB:65:43:21,,,,,0.0,Normal,0.0
1744319468820978,10.42.0.3,10.42.0.1,64831,1883,48,5,0,1,1,0,1,0,179,0,0,0,0,0.0,0,,0,3,"Wakeup: 0, Mode: 0, Reset: 1, Temperature: 25.2, Uptime: 455, Memory: 94.8, In_Temperature: 51.1, CPU: 160, RSSI: -56, MAC: 84:F3:EB:65:43:21, F_Storage: 99.22",test/temperatura,16,0,0,177,0,0,0,0.0,0,0,0,0,0,64.0,5756.0,0,0,0,233,eth:ethertype:ip:tcp:mqtt:mqtt,25.2,94.8,51.1,160.0,-56.0,84:F3:EB:65:43:21,,,,,0.0,Normal,0.0
1744319468824416,10.42.0.3,10.42.0.1,64831,1883,228,6,0,1,0,0,0,0,0,0,0,0,0,0.0,0,,0,0,,0,0,0,0,0,0,0,0,0.0,0,0,0,0,0,64.0,5755.0,0,0,0,54,eth:ethertype:ip:tcp,25.2,94.8,51.1,160.0,-56.0,84:F3:EB:65:43:21,,,,,0.0,Normal,0.0
1744319498829830,10.42.0.3,10.42.0.1,64832,1883,0,0,1,0,0,0,0,0,0,0,0,0,0,0.0,0,,0,0,,0,0,0,0,0,0,0,0,0.0,0,0,0,0,0,64.0,5760.0,0,0,0,58,eth:ethertype:ip:tcp,25.2,94.8,51.1,160.0,-56.0,84:F3:EB:65:43:21,,,,,0.0,Normal,0.0
1744319498834361,10.42.0.3,10.42.0.1,64832,1883,1,1,0,1,0,0,0,0,0,0,0,0,0,0.0,0,,0,0,,0,0,0,0,0,0,0,0,0.0,0,0,0,0,0,64.0,5760.0,0,0,0,54,eth:ethertype:ip:tcp,25.2,94.8,51.1,160.0,-56.0,84:F3:EB:65:43:21,,,,,0.0,Normal,0.0
1744319498836804,10.42.0.3,10.42.0.1,64832,1883,1,1,0,1,0,0,1,0,3,0,0,0,0,0.0,0,,0,0,,0,0,0,0,0,0,0,0,0.0,0,0,0,0,0,64.0,5760.0,0,0,0,57,eth:ethertype:ip:tcp,25.2,94.8,51.1,160.0,-56.0,84:F3:EB:65:43:21,,,,,0.0,Normal,0.0
1744319498840183,10.42.0.3,10.42.0.1,64832,1883,4,1,0,1,0,0,1,0,29,0,0,0,0,0.0,0,,0,0,,0,0,0,0,0,0,0,0,0.0,0,0,0,0,0,64.0,5760.0,0,0,0,83,eth:ethertype:ip:tcp,25.2,94.8,51.1,160.0,-56.0,84:F3:EB:65:43:21,,,,,0.0,Normal,0.0
1744319498843426,10.42.0.3,10.42.0.1,64832,1883,33,1,0,1,0,0,1,0,12,0,0,0,0,0.0,0,,0,1,,0,0,0,1,42,4,MQTT,4,0.0,0,0,0,0,0,64.0,5760.0,0,0,esp32_a842e3abaccc,66,eth:ethertype:ip:tcp:mqtt,25.2,94.8,51.1,160.0,-56.0,84:F3:EB:65:43:21,,,,,0.0,Normal,0.0
1744319498849758,10.42.0.3,10.42.0.1,64832,1883,45,5,0,1,0,0,0,0,0,0,0,0,0,0.0,0,,0,0,,0,0,0,0,0,0,0,0,0.0,0,0,0,0,0,64.0,5756.0,0,0,0,54,eth:ethertype:ip:tcp,25.2,94.8,51.1,160.0,-56.0,84:F3:EB:65:43:21,,,,,0.0,Normal,0.0
1744319498867792,10.42.0.3,10.42.0.1,64832,1883,45,5,0,1,0,0,1,0,3,0,0,0,0,0.0,0,,0,0,,0,0,0,0,0,0,0,0,0.0,0,0,0,0,0,64.0,5756.0,0,0,0,57,eth:ethertype:ip:tcp,25.2,94.8,51.1,160.0,-56.0,84:F3:EB:65:43:21,,,,,0.0,Normal,0.0
1744319498879546,10.42.0.3,10.42.0.1,64832,1883,48,5,0,1,1,0,1,0,179,0,0,0,0,0.0,0,,0,3,"Wakeup: 0, Mode: 0, Reset: 1, Temperature: 33.8, Uptime: 485, Memory: 94.9, In_Temperature: 51.1, CPU: 160, RSSI: -53, MAC: 84:F3:EB:65:43:21, F_Storage: 99.22",test/temperatura,16,0,0,177,0,0,0,0.0,0,0,0,0,0,64.0,5756.0,0,0,0,233,eth:ethertype:ip:tcp:mqtt:mqtt,33.8,94.9,51.1,160.0,-53.0,84:F3:EB:65:43:21,,,,,0.0,Normal,0.0
1744319498883004,10.42.0.3,10.42.0.1,64832,1883,228,6,0,1,0,0,0,0,0,0,0,0,0,0.0,0,,0,0,,0,0,0,0,0,0,0,0,0.0,0,0,0,0,0,64.0,5755.0,0,0,0,54,eth:ethertype:ip:tcp,33.8,94.9,51.1,160.0,-53.0,84:F3:EB:65:43:21,,,,,0.0,Normal,0.0
1744319528887976,10.42.0.3,10.42.0.1,64833,1883,0,0,1,0,0,0,0,0,0,0,0,0,0,0.0,0,,0,0,,0,0,0,0,0,0,0,0,0.0,0,0,0,0,0,64.0,5760.0,0,0,0,58,eth:ethertype:ip:tcp,33.8,94.9,51.1,160.0,-53.0,84:F3:EB:65:43:21,,,,,0.0,Normal,0.0
1744319528891991,10.42.0.3,10.42.0.1,64833,1883,1,1,0,1,0,0,0,0,0,0,0,0,0,0.0,0,,0,0,,0,0,0,0,0,0,0,0,0.0,0,0,0,0,0,64.0,5760.0,0,0,0,54,eth:ethertype:ip:tcp,33.8,94.9,51.1,160.0,-53.0,84:F3:EB:65:43:21,,,,,0.0,Normal,0.0
1744319528894284,10.42.0.3,10.42.0.1,64833,1883,1,1,0,1,0,0,1,0,3,0,0,0,0,0.0,0,,0,0,,0,0,0,0,0,0,0,0,0.0,0,0,0,0,0,64.0,5760.0,0,0,0,57,eth:ethertype:ip:tcp,33.8,94.9,51.1,160.0,-53.0,84:F3:EB:65:43:21,,,,,0.0,Normal,0.0
1744319528897664,10.42.0.3,10.42.0.1,64833,1883,4,1,0,1,0,0,1,0,29,0,0,0,0,0.0,0,,0,0,,0,0,0,0,0,0,0,0,0.0,0,0,0,0,0,64.0,5760.0,0,0,0,83,eth:ethertype:ip:tcp,33.8,94.9,51.1,160.0,-53.0,84:F3:EB:65:43:21,,,,,0.0,Normal,0.0
1744319528900739,10.42.0.3,10.42.0.1,64833,1883,33,1,0,1,0,0,1,0,12,0,0,0,0,0.0,0,,0,1,,0,0,0,1,42,4,MQTT,4,0.0,0,0,0,0,0,64.0,5760.0,0,0,esp32_a842e3abaccc,66,eth:ethertype:ip:tcp:mqtt,33.8,94.9,51.1,160.0,-53.0,84:F3:EB:65:43:21,,,,,0.0,Normal,0.0
1744319528926461,10.42.0.3,10.42.0.1,64833,1883,45,5,0,1,0,0,1,0,3,0,0,0,0,0.0,0,,0,0,,0,0,0,0,0,0,0,0,0.0,0,0,0,0,0,64.0,5756.0,0,0,0,57,eth:ethertype:ip:tcp,33.8,94.9,51.1,160.0,-53.0,84:F3:EB:65:43:21,,,,,0.0,Normal,0.0
1744319528939017,10.42.0.3,10.42.0.1,64833,1883,48,5,0,1,1,0,1,0,179,0,0,0,0,0.0,0,,0,3,"Wakeup: 0, Mode: 0, Reset: 1, Temperature: 28.3, Uptime: 515, Memory: 94.8, In_Temperature: 51.1, CPU: 160, RSSI: -52, MAC: 84:F3:EB:65:43:21, F_Storage: 99.22",test/temperatura,16,0,0,177,0,0,0,0.0,0,0,0,0,0,64.0,5756.0,0,0,0,233,eth:ethertype:ip:tcp:mqtt:mqtt,28.3,94.8,51.1,160.0,-52.0,84:F3:EB:65:43:21,,,,,0.0,Normal,0.0
1744319528944291,10.42.0.3,10.42.0.1,64833,1883,228,6,0,1,0,0,0,0,0,0,0,0,0,0.0,0,,0,0,,0,0,0,0,0,0,0,0,0.0,0,0,0,0,0,64.0,5755.0,0,0,0,54,eth:ethertype:ip:tcp,28.3,94.8,51.1,160.0,-52.0,84:F3:EB:65:43:21,,,,,0.0,Normal,0.0
1744319558948065,10.42.0.3,10.42.0.1,64834,1883,0,0,1,0,0,0,0,0,0,0,0,0,0,0.0,0,,0,0,,0,0,0,0,0,0,0,0,0.0,0,0,0,0,0,64.0,5760.0,0,0,0,58,eth:ethertype:ip:tcp,28.3,94.8,51.1,160.0,-52.0,84:F3:EB:65:43:21,,,,,0.0,Normal,0.0
1744319558952433,10.42.0.3,10.42.0.1,64834,1883,1,1,0,1,0,0,0,0,0,0,0,0,0,0.0,0,,0,0,,0,0,0,0,0,0,0,0,0.0,0,0,0,0,0,64.0,5760.0,0,0,0,54,eth:ethertype:ip:tcp,28.3,94.8,51.1,160.0,-52.0,84:F3:EB:65:43:21,,,,,0.0,Normal,0.0
1744319558954488,10.42.0.3,10.42.0.1,64834,1883,1,1,0,1,0,0,1,0,3,0,0,0,0,0.0,0,,0,0,,0,0,0,0,0,0,0,0,0.0,0,0,0,0,0,64.0,5760.0,0,0,0,57,eth:ethertype:ip:tcp,28.3,94.8,51.1,160.0,-52.0,84:F3:EB:65:43:21,,,,,0.0,Normal,0.0
1744319558957958,10.42.0.3,10.42.0.1,64834,1883,4,1,0,1,0,0,1,0,29,0,0,0,0,0.0,0,,0,0,,0,0,0,0,0,0,0,0,0.0,0,0,0,0,0,64.0,5760.0,0,0,0,83,eth:ethertype:ip:tcp,28.3,94.8,51.1,160.0,-52.0,84:F3:EB:65:43:21,,,,,0.0,Normal,0.0
1744319558960997,10.42.0.3,10.42.0.1,64834,1883,33,1,0,1,0,0,1,0,12,0,0,0,0,0.0,0,,0,1,,0,0,0,1,42,4,MQTT,4,0.0,0,0,0,0,0,64.0,5760.0,0,0,esp32_a842e3abaccc,66,eth:ethertype:ip:tcp:mqtt,28.3,94.8,51.1,160.0,-52.0,84:F3:EB:65:43:21,,,,,0.0,Normal,0.0
1744319558987270,10.42.0.3,10.42.0.1,64834,1883,45,5,0,1,0,0,1,0,3,0,0,0,0,0.0,0,,0,0,,0,0,0,0,0,0,0,0,0.0,0,0,0,0,0,64.0,5756.0,0,0,0,57,eth:ethertype:ip:tcp,28.3,94.8,51.1,160.0,-52.0,84:F3:EB:65:43:21,,,,,0.0,Normal,0.0
1744319558998377,10.42.0.3,10.42.0.1,64834,1883,48,5,0,1,1,0,1,0,179,0,0,0,0,0.0,0,,0,3,"Wakeup: 0, Mode: 0, Reset: 1, Temperature: 35.9, Uptime: 545, Memory: 94.9, In_Temperature: 51.1, CPU: 160, RSSI: -53, MAC: 84:F3:EB:65:43:21, F_Storage: 99.22",test/temperatura,16,0,0,177,0,0,0,0.0,0,0,0,0,0,64.0,5756.0,0,0,0,233,eth:ethertype:ip:tcp:mqtt:mqtt,35.9,94.9,51.1,160.0,-53.0,84:F3:EB:65:43:21,,,,,0.0,Normal,0.0
1744319559001743,10.42.0.3,10.42.0.1,64834,1883,228,6,0,1,0,0,0,0,0,0,0,0,0,0.0,0,,0,0,,0,0,0,0,0,0,0,0,0.0,0,0,0,0,0,64.0,5755.0,0,0,0,54,eth:ethertype:ip:tcp,35.9,94.9,51.1,160.0,-53.0,84:F3:EB:65:43:21,,,,,0.0,Normal,0.0
1744319589007599,10.42.0.3,10.42.0.1,64835,1883,0,0,1,0,0,0,0,0,0,0,0,0,0,0.0,0,,0,0,,0,0,0,0,0,0,0,0,0.0,0,0,0,0,0,64.0,5760.0,0,0,0,58,eth:ethertype:ip:tcp,35.9,94.9,51.1,160.0,-53.0,84:F3:EB:65:43:21,,,,,0.0,Normal,0.0
1744319589011583,10.42.0.3,10.42.0.1,64835,1883,1,1,0,1,0,0,0,0,0,0,0,0,0,0.0,0,,0,0,,0,0,0,0,0,0,0,0,0.0,0,0,0,0,0,64.0,5760.0,0,0,0,54,eth:ethertype:ip:tcp,35.9,94.9,51.1,160.0,-53.0,84:F3:EB:65:43:21,,,,,0.0,Normal,0.0
1744319589015773,10.42.0.3,10.42.0.1,64835,1883,1,1,0,1,0,0,1,0,3,0,0,0,0,0.0,0,,0,0,,0,0,0,0,0,0,0,0,0.0,0,0,0,0,0,64.0,5760.0,0,0,0,57,eth:ethertype:ip:tcp,35.9,94.9,51.1,160.0,-53.0,84:F3:EB:65:43:21,,,,,0.0,Normal,0.0
1744319589019171,10.42.0.3,10.42.0.1,64835,1883,4,1,0,1,0,0,1,0,41,0,0,0,0,0.0,0,,0,1,,0,0,0,1,42,4,MQTT,4,0.0,0,0,0,0,0,64.0,5760.0,0,0,esp32_a842e3abaccc,95,eth:ethertype:ip:tcp:mqtt,35.9,94.9,51.1,160.0,-53.0,84:F3:EB:65:43:21,,,,,0.0,Normal,0.0
1744319589043590,10.42.0.3,10.42.0.1,64835,1883,45,5,0,1,0,0,1,0,3,0,0,0,0,0.0,0,,0,0,,0,0,0,0,0,0,0,0,0.0,0,0,0,0,0,64.0,5756.0,0,0,0,57,eth:ethertype:ip:tcp,35.9,94.9,51.1,160.0,-53.0,84:F3:EB:65:43:21,,,,,0.0,Normal,0.0
1744319589057760,10.42.0.3,10.42.0.1,64835,1883,48,5,0,1,1,0,1,0,179,0,0,0,0,0.0,0,,0,3,"Wakeup: 0, Mode: 0, Reset: 1, Temperature: 34.8, Uptime: 575, Memory: 94.8, In_Temperature: 51.1, CPU: 160, RSSI: -57, MAC: 84:F3:EB:65:43:21, F_Storage: 99.22",test/temperatura,16,0,0,177,0,0,0,0.0,0,0,0,0,0,64.0,5756.0,0,0,0,233,eth:ethertype:ip:tcp:mqtt:mqtt,34.8,94.8,51.1,160.0,-57.0,84:F3:EB:65:43:21,,,,,0.0,Normal,0.0
1744319589061330,10.42.0.3,10.42.0.1,64835,1883,228,6,0,1,0,0,0,0,0,0,0,0,0,0.0,0,,0,0,,0,0,0,0,0,0,0,0,0.0,0,0,0,0,0,64.0,5755.0,0,0,0,54,eth:ethertype:ip:tcp,34.8,94.8,51.1,160.0,-57.0,84:F3:EB:65:43:21,,,,,0.0,Normal,0.0
1744319619067069,10.42.0.3,10.42.0.1,64836,1883,0,0,1,0,0,0,0,0,0,0,0,0,0,0.0,0,,0,0,,0,0,0,0,0,0,0,0,0.0,0,0,0,0,0,64.0,5760.0,0,0,0,58,eth:ethertype:ip:tcp,34.8,94.8,51.1,160.0,-57.0,84:F3:EB:65:43:21,,,,,0.0,Normal,0.0
1744319619071106,10.42.0.3,10.42.0.1,64836,1883,1,1,0,1,0,0,0,0,0,0,0,0,0,0.0,0,,0,0,,0,0,0,0,0,0,0,0,0.0,0,0,0,0,0,64.0,5760.0,0,0,0,54,eth:ethertype:ip:tcp,34.8,94.8,51.1,160.0,-57.0,84:F3:EB:65:43:21,,,,,0.0,Normal,0.0
1744319619073182,10.42.0.3,10.42.0.1,64836,1883,1,1,0,1,0,0,1,0,3,0,0,0,0,0.0,0,,0,0,,0,0,0,0,0,0,0,0,0.0,0,0,0,0,0,64.0,5760.0,0,0,0,57,eth:ethertype:ip:tcp,34.8,94.8,51.1,160.0,-57.0,84:F3:EB:65:43:21,,,,,0.0,Normal,0.0
1744319619076632,10.42.0.3,10.42.0.1,64836,1883,4,1,0,1,0,0,1,0,29,0,0,0,0,0.0,0,,0,0,,0,0,0,0,0,0,0,0,0.0,0,0,0,0,0,64.0,5760.0,0,0,0,83,eth:ethertype:ip:tcp,34.8,94.8,51.1,160.0,-57.0,84:F3:EB:65:43:21,,,,,0.0,Normal,0.0
1744319619080488,10.42.0.3,10.42.0.1,64836,1883,33,1,0,1,0,0,1,0,12,0,0,0,0,0.0,0,,0,1,,0,0,0,1,42,4,MQTT,4,0.0,0,0,0,0,0,64.0,5760.0,0,0,esp32_a842e3abaccc,66,eth:ethertype:ip:tcp:mqtt,34.8,94.8,51.1,160.0,-57.0,84:F3:EB:65:43:21,,,,,0.0,Normal,0.0
1744319619097737,10.42.0.3,10.42.0.1,64836,1883,45,5,0,1,0,0,0,0,0,0,0,0,0,0.0,0,,0,0,,0,0,0,0,0,0,0,0,0.0,0,0,0,0,0,64.0,5756.0,0,0,0,54,eth:ethertype:ip:tcp,34.8,94.8,51.1,160.0,-57.0,84:F3:EB:65:43:21,,,,,0.0,Normal,0.0
1744319619106025,10.42.0.3,10.42.0.1,64836,1883,45,5,0,1,0,0,1,0,3,0,0,0,0,0.0,0,,0,0,,0,0,0,0,0,0,0,0,0.0,0,0,0,0,0,64.0,5756.0,0,0,0,57,eth:ethertype:ip:tcp,34.8,94.8,51.1,160.0,-57.0,84:F3:EB:65:43:21,,,,,0.0,Normal,0.0
1744319619117105,10.42.0.3,10.42.0.1,64836,1883,48,5,0,1,1,0,1,0,179,0,0,0,0,0.0,0,,0,3,"Wakeup: 0, Mode: 0, Reset: 1, Temperature: 35.3, Uptime: 605, Memory: 94.8, In_Temperature: 51.7, CPU: 160, RSSI: -56, MAC: 84:F3:EB:65:43:21, F_Storage: 99.22",test/temperatura,16,0,0,177,0,0,0,0.0,0,0,0,0,0,64.0,5756.0,0,0,0,233,eth:ethertype:ip:tcp:mqtt:mqtt,35.3,94.8,51.7,160.0,-56.0,84:F3:EB:65:43:21,,,,,0.0,Normal,0.0
1744319619120500,10.42.0.3,10.42.0.1,64836,1883,228,6,0,1,0,0,0,0,0,0,0,0,0,0.0,0,,0,0,,0,0,0,0,0,0,0,0,0.0,0,0,0,0,0,64.0,5755.0,0,0,0,54,eth:ethertype:ip:tcp,35.3,94.8,51.7,160.0,-56.0,84:F3:EB:65:43:21,,,,,0.0,Normal,0.0
1744319649125669,10.42.0.3,10.42.0.1,64837,1883,0,0,1,0,0,0,0,0,0,0,0,0,0,0.0,0,,0,0,,0,0,0,0,0,0,0,0,0.0,0,0,0,0,0,64.0,5760.0,0,0,0,58,eth:ethertype:ip:tcp,35.3,94.8,51.7,160.0,-56.0,84:F3:EB:65:43:21,,,,,0.0,Normal,0.0
1744319649129398,10.42.0.3,10.42.0.1,64837,1883,1,1,0,1,0,0,0,0,0,0,0,0,0,0.0,0,,0,0,,0,0,0,0,0,0,0,0,0.0,0,0,0,0,0,64.0,5760.0,0,0,0,54,eth:ethertype:ip:tcp,35.3,94.8,51.7,160.0,-56.0,84:F3:EB:65:43:21,,,,,0.0,Normal,0.0
1744319649132038,10.42.0.3,10.42.0.1,64837,1883,1,1,0,1,0,0,1,0,3,0,0,0,0,0.0,0,,0,0,,0,0,0,0,0,0,0,0,0.0,0,0,0,0,0,64.0,5760.0,0,0,0,57,eth:ethertype:ip:tcp,35.3,94.8,51.7,160.0,-56.0,84:F3:EB:65:43:21,,,,,0.0,Normal,0.0
1744319649138384,10.42.0.3,10.42.0.1,64837,1883,4,1,0,1,0,0,1,0,41,0,0,0,0,0.0,0,,0,1,,0,0,0,1,42,4,MQTT,4,0.0,0,0,0,0,0,64.0,5760.0,0,0,esp32_a842e3abaccc,95,eth:ethertype:ip:tcp:mqtt,35.3,94.8,51.7,160.0,-56.0,84:F3:EB:65:43:21,,,,,0.0,Normal,0.0
1744319649162751,10.42.0.3,10.42.0.1,64837,1883,45,5,0,1,0,0,1,0,3,0,0,0,0,0.0,0,,0,0,,0,0,0,0,0,0,0,0,0.0,0,0,0,0,0,64.0,5756.0,0,0,0,57,eth:ethertype:ip:tcp,35.3,94.8,51.7,160.0,-56.0,84:F3:EB:65:43:21,,,,,0.0,Normal,0.0
1744319649176666,10.42.0.3,10.42.0.1,64837,1883,48,5,0,1,1,0,1,0,179,0,0,0,0,0.0,0,,0,3,"Wakeup: 0, Mode: 0, Reset: 1, Temperature: 34.5, Uptime: 635, Memory: 94.8, In_Temperature: 51.1, CPU: 160, RSSI: -52, MAC: 84:F3:EB:65:43:21, F_Storage: 99.22",test/temperatura,16,0,0,177,0,0,0,0.0,0,0,0,0,0,64.0,5756.0,0,0,0,233,eth:ethertype:ip:tcp:mqtt:mqtt,34.5,94.8,51.1,160.0,-52.0,84:F3:EB:65:43:21,,,,,0.0,Normal,0.0
1744319649180025,10.42.0.3,10.42.0.1,64837,1883,228,6,0,1,0,0,0,0,0,0,0,0,0,0.0,0,,0,0,,0,0,0,0,0,0,0,0,0.0,0,0,0,0,0,64.0,5755.0,0,0,0,54,eth:ethertype:ip:tcp,34.5,94.8,51.1,160.0,-52.0,84:F3:EB:65:43:21,,,,,0.0,Normal,0.0
1744319679185632,10.42.0.3,10.42.0.1,64838,1883,0,0,1,0,0,0,0,0,0,0,0,0,0,0.0,0,,0,0,,0,0,0,0,0,0,0,0,0.0,0,0,0,0,0,64.0,5760.0,0,0,0,58,eth:ethertype:ip:tcp,34.5,94.8,51.1,160.0,-52.0,84:F3:EB:65:43:21,,,,,0.0,Normal,0.0
1744319679191533,10.42.0.3,10.42.0.1,64838,1883,1,1,0,1,0,0,0,0,0,0,0,0,0,0.0,0,,0,0,,0,0,0,0,0,0,0,0,0.0,0,0,0,0,0,64.0,5760.0,0,0,0,54,eth:ethertype:ip:tcp,34.5,94.8,51.1,160.0,-52.0,84:F3:EB:65:43:21,,,,,0.0,Normal,0.0
1744319679193573,10.42.0.3,10.42.0.1,64838,1883,1,1,0,1,0,0,1,0,3,0,0,0,0,0.0,0,,0,0,,0,0,0,0,0,0,0,0,0.0,0,0,0,0,0,64.0,5760.0,0,0,0,57,eth:ethertype:ip:tcp,34.5,94.8,51.1,160.0,-52.0,84:F3:EB:65:43:21,,,,,0.0,Normal,0.0
1744319679197012,10.42.0.3,10.42.0.1,64838,1883,4,1,0,1,0,0,1,0,29,0,0,0,0,0.0,0,,0,0,,0,0,0,0,0,0,0,0,0.0,0,0,0,0,0,64.0,5760.0,0,0,0,83,eth:ethertype:ip:tcp,34.5,94.8,51.1,160.0,-52.0,84:F3:EB:65:43:21,,,,,0.0,Normal,0.0
1744319679200453,10.42.0.3,10.42.0.1,64838,1883,33,1,0,1,0,0,1,0,12,0,0,0,0,0.0,0,,0,1,,0,0,0,1,42,4,MQTT,4,0.0,0,0,0,0,0,64.0,5760.0,0,0,esp32_a842e3abaccc,66,eth:ethertype:ip:tcp:mqtt,34.5,94.8,51.1,160.0,-52.0,84:F3:EB:65:43:21,,,,,0.0,Normal,0.0
1744319679224494,10.42.0.3,10.42.0.1,64838,1883,45,5,0,1,0,0,1,0,3,0,0,0,0,0.0,0,,0,0,,0,0,0,0,0,0,0,0,0.0,0,0,0,0,0,64.0,5756.0,0,0,0,57,eth:ethertype:ip:tcp,34.5,94.8,51.1,160.0,-52.0,84:F3:EB:65:43:21,,,,,0.0,Normal,0.0
1744319679236085,10.42.0.3,10.42.0.1,64838,1883,48,5,0,1,1,0,1,0,179,0,0,0,0,0.0,0,,0,3,"Wakeup: 0, Mode: 0, Reset: 1, Temperature: 25.9, Uptime: 665, Memory: 94.8, In_Temperature: 51.1, CPU: 160, RSSI: -52, MAC: 84:F3:EB:65:43:21, F_Storage: 99.22",test/temperatura,16,0,0,177,0,0,0,0.0,0,0,0,0,0,64.0,5756.0,0,0,0,233,eth:ethertype:ip:tcp:mqtt:mqtt,25.9,94.8,51.1,160.0,-52.0,84:F3:EB:65:43:21,,,,,0.0,Normal,0.0
1744319679243134,10.42.0.3,10.42.0.1,64838,1883,228,6,0,1,0,0,0,0,0,0,0,0,0,0.0,0,,0,0,,0,0,0,0,0,0,0,0,0.0,0,0,0,0,0,64.0,5755.0,0,0,0,54,eth:ethertype:ip:tcp,25.9,94.8,51.1,160.0,-52.0,84:F3:EB:65:43:21,,,,,0.0,Normal,0.0
1744319709244512,10.42.0.3,10.42.0.1,64839,1883,0,0,1,0,0,0,0,0,0,0,0,0,0,0.0,0,,0,0,,0,0,0,0,0,0,0,0,0.0,0,0,0,0,0,64.0,5760.0,0,0,0,58,eth:ethertype:ip:tcp,25.9,94.8,51.1,160.0,-52.0,84:F3:EB:65:43:21,,,,,0.0,Normal,0.0
1744319709251907,10.42.0.3,10.42.0.1,64839,1883,1,1,0,1,0,0,0,0,0,0,0,0,0,0.0,0,,0,0,,0,0,0,0,0,0,0,0,0.0,0,0,0,0,0,64.0,5760.0,0,0,0,54,eth:ethertype:ip:tcp,25.9,94.8,51.1,160.0,-52.0,84:F3:EB:65:43:21,,,,,0.0,Normal,0.0
1744319709251972,10.42.0.3,10.42.0.1,64839,1883,1,1,0,1,0,0,1,0,3,0,0,0,0,0.0,0,,0,0,,0,0,0,0,0,0,0,0,0.0,0,0,0,0,0,64.0,5760.0,0,0,0,57,eth:ethertype:ip:tcp,25.9,94.8,51.1,160.0,-52.0,84:F3:EB:65:43:21,,,,,0.0,Normal,0.0
1744319709257969,10.42.0.3,10.42.0.1,64839,1883,4,1,0,1,0,0,1,0,41,0,0,0,0,0.0,0,,0,1,,0,0,0,1,42,4,MQTT,4,0.0,0,0,0,0,0,64.0,5760.0,0,0,esp32_a842e3abaccc,95,eth:ethertype:ip:tcp:mqtt,25.9,94.8,51.1,160.0,-52.0,84:F3:EB:65:43:21,,,,,0.0,Normal,0.0
1744319709282098,10.42.0.3,10.42.0.1,64839,1883,45,5,0,1,0,0,1,0,3,0,0,0,0,0.0,0,,0,0,,0,0,0,0,0,0,0,0,0.0,0,0,0,0,0,64.0,5756.0,0,0,0,57,eth:ethertype:ip:tcp,25.9,94.8,51.1,160.0,-52.0,84:F3:EB:65:43:21,,,,,0.0,Normal,0.0
1744319709295474,10.42.0.3,10.42.0.1,64839,1883,48,5,0,1,1,0,1,0,179,0,0,0,0,0.0,0,,0,3,"Wakeup: 0, Mode: 0, Reset: 1, Temperature: 37.0, Uptime: 695, Memory: 94.8, In_Temperature: 51.7, CPU: 160, RSSI: -55, MAC: 84:F3:EB:65:43:21, F_Storage: 99.22",test/temperatura,16,0,0,177,0,0,0,0.0,0,0,0,0,0,64.0,5756.0,0,0,0,233,eth:ethertype:ip:tcp:mqtt:mqtt,37.0,94.8,51.7,160.0,-55.0,84:F3:EB:65:43:21,,,,,0.0,Normal,0.0
1744319709298562,10.42.0.3,10.42.0.1,64839,1883,228,6,0,1,0,0,0,0,0,0,0,0,0,0.0,0,,0,0,,0,0,0,0,0,0,0,0,0.0,0,0,0,0,0,64.0,5755.0,0,0,0,54,eth:ethertype:ip:tcp,37.0,94.8,51.7,160.0,-55.0,84:F3:EB:65:43:21,,,,,0.0,Normal,0.0
1744319739304506,10.42.0.3,10.42.0.1,64840,1883,0,0,1,0,0,0,0,0,0,0,0,0,0,0.0,0,,0,0,,0,0,0,0,0,0,0,0,0.0,0,0,0,0,0,64.0,5760.0,0,0,0,58,eth:ethertype:ip:tcp,37.0,94.8,51.7,160.0,-55.0,84:F3:EB:65:43:21,,,,,0.0,Normal,0.0
1744319739309141,10.42.0.3,10.42.0.1,64840,1883,1,1,0,1,0,0,0,0,0,0,0,0,0,0.0,0,,0,0,,0,0,0,0,0,0,0,0,0.0,0,0,0,0,0,64.0,5760.0,0,0,0,54,eth:ethertype:ip:tcp,37.0,94.8,51.7,160.0,-55.0,84:F3:EB:65:43:21,,,,,0.0,Normal,0.0
1744319739311085,10.42.0.3,10.42.0.1,64840,1883,1,1,0,1,0,0,1,0,3,0,0,0,0,0.0,0,,0,0,,0,0,0,0,0,0,0,0,0.0,0,0,0,0,0,64.0,5760.0,0,0,0,57,eth:ethertype:ip:tcp,37.0,94.8,51.7,160.0,-55.0,84:F3:EB:65:43:21,,,,,0.0,Normal,0.0
1744319739314690,10.42.0.3,10.42.0.1,64840,1883,4,1,0,1,0,0,1,0,29,0,0,0,0,0.0,0,,0,0,,0,0,0,0,0,0,0,0,0.0,0,0,0,0,0,64.0,5760.0,0,0,0,83,eth:ethertype:ip:tcp,37.0,94.8,51.7,160.0,-55.0,84:F3:EB:65:43:21,,,,,0.0,Normal,0.0
1744319739317982,10.42.0.3,10.42.0.1,64840,1883,33,1,0,1,0,0,1,0,12,0,0,0,0,0.0,0,,0,1,,0,0,0,1,42,4,MQTT,4,0.0,0,0,0,0,0,64.0,5760.0,0,0,esp32_a842e3abaccc,66,eth:ethertype:ip:tcp:mqtt,37.0,94.8,51.7,160.0,-55.0,84:F3:EB:65:43:21,,,,,0.0,Normal,0.0
1744319739342015,10.42.0.3,10.42.0.1,64840,1883,45,5,0,1,0,0,1,0,3,0,0,0,0,0.0,0,,0,0,,0,0,0,0,0,0,0,0,0.0,0,0,0,0,0,64.0,5756.0,0,0,0,57,eth:ethertype:ip:tcp,37.0,94.8,51.7,160.0,-55.0,84:F3:EB:65:43:21,,,,,0.0,Normal,0.0
1744319739355663,10.42.0.3,10.42.0.1,64840,1883,48,5,0,1,1,0,1,0,179,0,0,0,0,0.0,0,,0,3,"Wakeup: 0, Mode: 0, Reset: 1, Temperature: 33.8, Uptime: 725, Memory: 94.8, In_Temperature: 51.7, CPU: 160, RSSI: -56, MAC: 84:F3:EB:65:43:21, F_Storage: 99.22",test/temperatura,16,0,0,177,0,0,0,0.0,0,0,0,0,0,64.0,5756.0,0,0,0,233,eth:ethertype:ip:tcp:mqtt:mqtt,33.8,94.8,51.7,160.0,-56.0,84:F3:EB:65:43:21,,,,,0.0,Normal,0.0
1744319739359043,10.42.0.3,10.42.0.1,64840,1883,228,6,0,1,0,0,0,0,0,0,0,0,0,0.0,0,,0,0,,0,0,0,0,0,0,0,0,0.0,0,0,0,0,0,64.0,5755.0,0,0,0,54,eth:ethertype:ip:tcp,33.8,94.8,51.7,160.0,-56.0,84:F3:EB:65:43:21,,,,,0.0,Normal,0.0
1744319769364574,10.42.0.3,10.42.0.1,64841,1883,0,0,1,0,0,0,0,0,0,0,0,0,0,0.0,0,,0,0,,0,0,0,0,0,0,0,0,0.0,0,0,0,0,0,64.0,5760.0,0,0,0,58,eth:ethertype:ip:tcp,33.8,94.8,51.7,160.0,-56.0,84:F3:EB:65:43:21,,,,,0.0,Normal,0.0
1744319769369793,10.42.0.3,10.42.0.1,64841,1883,1,1,0,1,0,0,0,0,0,0,0,0,0,0.0,0,,0,0,,0,0,0,0,0,0,0,0,0.0,0,0,0,0,0,64.0,5760.0,0,0,0,54,eth:ethertype:ip:tcp,33.8,94.8,51.7,160.0,-56.0,84:F3:EB:65:43:21,,,,,0.0,Normal,0.0
1744319769374169,10.42.0.3,10.42.0.1,64841,1883,1,1,0,1,0,0,1,0,3,0,0,0,0,0.0,0,,0,0,,0,0,0,0,0,0,0,0,0.0,0,0,0,0,0,64.0,5760.0,0,0,0,57,eth:ethertype:ip:tcp,33.8,94.8,51.7,160.0,-56.0,84:F3:EB:65:43:21,,,,,0.0,Normal,0.0
1744319769377379,10.42.0.3,10.42.0.1,64841,1883,4,1,0,1,0,0,1,0,41,0,0,0,0,0.0,0,,0,1,,0,0,0,1,42,4,MQTT,4,0.0,0,0,0,0,0,64.0,5760.0,0,0,esp32_a842e3abaccc,95,eth:ethertype:ip:tcp:mqtt,33.8,94.8,51.7,160.0,-56.0,84:F3:EB:65:43:21,,,,,0.0,Normal,0.0
1744319769401499,10.42.0.3,10.42.0.1,64841,1883,45,5,0,1,0,0,1,0,3,0,0,0,0,0.0,0,,0,0,,0,0,0,0,0,0,0,0,0.0,0,0,0,0,0,64.0,5756.0,0,0,0,57,eth:ethertype:ip:tcp,33.8,94.8,51.7,160.0,-56.0,84:F3:EB:65:43:21,,,,,0.0,Normal,0.0
1744319769414541,10.42.0.3,10.42.0.1,64841,1883,48,5,0,1,1,0,1,0,179,0,0,0,0,0.0,0,,0,3,"Wakeup: 0, Mode: 0, Reset: 1, Temperature: 36.8, Uptime: 755, Memory: 94.8, In_Temperature: 51.1, CPU: 160, RSSI: -56, MAC: 84:F3:EB:65:43:21, F_Storage: 99.22",test/temperatura,16,0,0,177,0,0,0,0.0,0,0,0,0,0,64.0,5756.0,0,0,0,233,eth:ethertype:ip:tcp:mqtt:mqtt,36.8,94.8,51.1,160.0,-56.0,84:F3:EB:65:43:21,,,,,0.0,Normal,0.0
1744319769417946,10.42.0.3,10.42.0.1,64841,1883,228,6,0,1,0,0,0,0,0,0,0,0,0,0.0,0,,0,0,,0,0,0,0,0,0,0,0,0.0,0,0,0,0,0,64.0,5755.0,0,0,0,54,eth:ethertype:ip:tcp,36.8,94.8,51.1,160.0,-56.0,84:F3:EB:65:43:21,,,,,0.0,Normal,0.0
1744319799423469,10.42.0.3,10.42.0.1,64842,1883,0,0,1,0,0,0,0,0,0,0,0,0,0,0.0,0,,0,0,,0,0,0,0,0,0,0,0,0.0,0,0,0,0,0,64.0,5760.0,0,0,0,58,eth:ethertype:ip:tcp,36.8,94.8,51.1,160.0,-56.0,84:F3:EB:65:43:21,,,,,0.0,Normal,0.0
1744319799427443,10.42.0.3,10.42.0.1,64842,1883,1,1,0,1,0,0,0,0,0,0,0,0,0,0.0,0,,0,0,,0,0,0,0,0,0,0,0,0.0,0,0,0,0,0,64.0,5760.0,0,0,0,54,eth:ethertype:ip:tcp,36.8,94.8,51.1,160.0,-56.0,84:F3:EB:65:43:21,,,,,0.0,Normal,0.0
1744319799429579,10.42.0.3,10.42.0.1,64842,1883,1,1,0,1,0,0,1,0,3,0,0,0,0,0.0,0,,0,0,,0,0,0,0,0,0,0,0,0.0,0,0,0,0,0,64.0,5760.0,0,0,0,57,eth:ethertype:ip:tcp,36.8,94.8,51.1,160.0,-56.0,84:F3:EB:65:43:21,,,,,0.0,Normal,0.0
1744319799433020,10.42.0.3,10.42.0.1,64842,1883,4,1,0,1,0,0,1,0,29,0,0,0,0,0.0,0,,0,0,,0,0,0,0,0,0,0,0,0.0,0,0,0,0,0,64.0,5760.0,0,0,0,83,eth:ethertype:ip:tcp,36.8,94.8,51.1,160.0,-56.0,84:F3:EB:65:43:21,,,,,0.0,Normal,0.0
1744319799436169,10.42.0.3,10.42.0.1,64842,1883,33,1,0,1,0,0,1,0,12,0,0,0,0,0.0,0,,0,1,,0,0,0,1,42,4,MQTT,4,0.0,0,0,0,0,0,64.0,5760.0,0,0,esp32_a842e3abaccc,66,eth:ethertype:ip:tcp:mqtt,36.8,94.8,51.1,160.0,-56.0,84:F3:EB:65:43:21,,,,,0.0,Normal,0.0
1744319799461781,10.42.0.3,10.42.0.1,64842,1883,45,5,0,1,0,0,1,0,3,0,0,0,0,0.0,0,,0,0,,0,0,0,0,0,0,0,0,0.0,0,0,0,0,0,64.0,5756.0,0,0,0,57,eth:ethertype:ip:tcp,36.8,94.8,51.1,160.0,-56.0,84:F3:EB:65:43:21,,,,,0.0,Normal,0.0
1744319799473805,10.42.0.3,10.42.0.1,64842,1883,48,5,0,1,1,0,1,0,179,0,0,0,0,0.0,0,,0,3,"Wakeup: 0, Mode: 0, Reset: 1, Temperature: 39.2, Uptime: 785, Memory: 94.8, In_Temperature: 51.1, CPU: 160, RSSI: -52, MAC: 84:F3:EB:65:43:21, F_Storage: 99.22",test/temperatura,16,0,0,177,0,0,0,0.0,0,0,0,0,0,64.0,5756.0,0,0,0,233,eth:ethertype:ip:tcp:mqtt:mqtt,39.2,94.8,51.1,160.0,-52.0,84:F3:EB:65:43:21,,,,,0.0,Normal,0.0
1744319799477365,10.42.0.3,10.42.0.1,64842,1883,228,6,0,1,0,0,0,0,0,0,0,0,0,0.0,0,,0,0,,0,0,0,0,0,0,0,0,0.0,0,0,0,0,0,64.0,5755.0,0,0,0,54,eth:ethertype:ip:tcp,39.2,94.8,51.1,160.0,-52.0,84:F3:EB:65:43:21,,,,,0.0,Normal,0.0
1744319829492273,10.42.0.3,10.42.0.1,64843,1883,0,0,1,0,0,0,0,0,0,0,0,0,0,0.0,0,,0,0,,0,0,0,0,0,0,0,0,0.0,0,0,0,0,0,64.0,5760.0,0,0,0,58,eth:ethertype:ip:tcp,39.2,94.8,51.1,160.0,-52.0,84:F3:EB:65:43:21,,,,,0.0,Normal,0.0
1744319829499454,10.42.0.3,10.42.0.1,64843,1883,1,1,0,1,0,0,0,0,0,0,0,0,0,0.0,0,,0,0,,0,0,0,0,0,0,0,0,0.0,0,0,0,0,0,64.0,5760.0,0,0,0,54,eth:ethertype:ip:tcp,39.2,94.8,51.1,160.0,-52.0,84:F3:EB:65:43:21,,,,,0.0,Normal,0.0
1744319829500378,10.42.0.3,10.42.0.1,64843,1883,1,1,0,1,0,0,1,0,3,0,0,0,0,0.0,0,,0,0,,0,0,0,0,0,0,0,0,0.0,0,0,0,0,0,64.0,5760.0,0,0,0,57,eth:ethertype:ip:tcp,39.2,94.8,51.1,160.0,-52.0,84:F3:EB:65:43:21,,,,,0.0,Normal,0.0
1744319829503658,10.42.0.3,10.42.0.1,64843,1883,4,1,0,1,0,0,1,0,37,0,0,0,0,0.0,0,,0,0,,0,0,0,0,0,0,0,0,0.0,0,0,0,0,0,64.0,5760.0,0,0,0,91,eth:ethertype:ip:tcp,39.2,94.8,51.1,160.0,-52.0,84:F3:EB:65:43:21,,,,,0.0,Normal,0.0
1744319829506634,10.42.0.3,10.42.0.1,64843,1883,41,1,0,1,0,0,1,0,4,0,0,0,0,0.0,0,,0,1,,0,0,0,1,42,4,MQTT,4,0.0,0,0,0,0,0,64.0,5760.0,0,0,esp32_a842e3abaccc,58,eth:ethertype:ip:tcp:mqtt,39.2,94.8,51.1,160.0,-52.0,84:F3:EB:65:43:21,,,,,0.0,Normal,0.0
1744319829530584,10.42.0.3,10.42.0.1,64843,1883,45,5,0,1,0,0,1,0,3,0,0,0,0,0.0,0,,0,0,,0,0,0,0,0,0,0,0,0.0,0,0,0,0,0,64.0,5756.0,0,0,0,57,eth:ethertype:ip:tcp,39.2,94.8,51.1,160.0,-52.0,84:F3:EB:65:43:21,,,,,0.0,Normal,0.0
1744319829543071,10.42.0.3,10.42.0.1,64843,1883,48,5,0,1,1,0,1,0,179,0,0,0,0,0.0,0,,0,3,"Wakeup: 0, Mode: 0, Reset: 1, Temperature: 36.1, Uptime: 815, Memory: 94.8, In_Temperature: 51.7, CPU: 160, RSSI: -51, MAC: 84:F3:EB:65:43:21, F_Storage: 99.22",test/temperatura,16,0,0,177,0,0,0,0.0,0,0,0,0,0,64.0,5756.0,0,0,0,233,eth:ethertype:ip:tcp:mqtt:mqtt,36.1,94.8,51.7,160.0,-51.0,84:F3:EB:65:43:21,,,,,0.0,Normal,0.0
1744319829546413,10.42.0.3,10.42.0.1,64843,1883,228,6,0,1,0,0,0,0,0,0,0,0,0,0.0,0,,0,0,,0,0,0,0,0,0,0,0,0.0,0,0,0,0,0,64.0,5755.0,0,0,0,54,eth:ethertype:ip:tcp,36.1,94.8,51.7,160.0,-51.0,84:F3:EB:65:43:21,,,,,0.0,Normal,0.0
1744319859558497,10.42.0.3,10.42.0.1,64844,1883,0,0,1,0,0,0,0,0,0,0,0,0,0,0.0,0,,0,0,,0,0,0,0,0,0,0,0,0.0,0,0,0,0,0,64.0,5760.0,0,0,0,58,eth:ethertype:ip:tcp,36.1,94.8,51.7,160.0,-51.0,84:F3:EB:65:43:21,,,,,0.0,Normal,0.0
1744319859563069,10.42.0.3,10.42.0.1,64844,1883,1,1,0,1,0,0,0,0,0,0,0,0,0,0.0,0,,0,0,,0,0,0,0,0,0,0,0,0.0,0,0,0,0,0,64.0,5760.0,0,0,0,54,eth:ethertype:ip:tcp,36.1,94.8,51.7,160.0,-51.0,84:F3:EB:65:43:21,,,,,0.0,Normal,0.0
1744319859566860,10.42.0.3,10.42.0.1,64844,1883,1,1,0,1,0,0,1,0,3,0,0,0,0,0.0,0,,0,0,,0,0,0,0,0,0,0,0,0.0,0,0,0,0,0,64.0,5760.0,0,0,0,57,eth:ethertype:ip:tcp,36.1,94.8,51.7,160.0,-51.0,84:F3:EB:65:43:21,,,,,0.0,Normal,0.0
1744319859572422,10.42.0.3,10.42.0.1,64844,1883,4,1,0,1,0,0,1,0,41,0,0,0,0,0.0,0,,0,1,,0,0,0,1,42,4,MQTT,4,0.0,0,0,0,0,0,64.0,5760.0,0,0,esp32_a842e3abaccc,95,eth:ethertype:ip:tcp:mqtt,36.1,94.8,51.7,160.0,-51.0,84:F3:EB:65:43:21,,,,,0.0,Normal,0.0
1744319859609338,10.42.0.3,10.42.0.1,64844,1883,45,5,0,1,0,0,0,0,0,0,0,0,0,0.0,0,,0,0,,0,0,0,0,0,0,0,0,0.0,0,0,0,0,0,64.0,5756.0,0,0,0,54,eth:ethertype:ip:tcp,36.1,94.8,51.7,160.0,-51.0,84:F3:EB:65:43:21,,,,,0.0,Normal,0.0
1744319859610001,10.42.0.3,10.42.0.1,64844,1883,45,5,0,1,0,0,1,0,3,0,0,0,0,0.0,0,,0,0,,0,0,0,0,0,0,0,0,0.0,0,0,0,0,0,64.0,5756.0,0,0,0,57,eth:ethertype:ip:tcp,36.1,94.8,51.7,160.0,-51.0,84:F3:EB:65:43:21,,,,,0.0,Normal,0.0
1744319859612563,10.42.0.3,10.42.0.1,64844,1883,48,5,0,1,1,0,1,0,179,0,0,0,0,0.0,0,,0,3,"Wakeup: 0, Mode: 0, Reset: 1, Temperature: 31.8, Uptime: 846, Memory: 94.8, In_Temperature: 51.1, CPU: 160, RSSI: -52, MAC: 84:F3:EB:65:43:21, F_Storage: 99.22",test/temperatura,16,0,0,177,0,0,0,0.0,0,0,0,0,0,64.0,5756.0,0,0,0,233,eth:ethertype:ip:tcp:mqtt:mqtt,31.8,94.8,51.1,160.0,-52.0,84:F3:EB:65:43:21,,,,,0.0,Normal,0.0
1744319859616015,10.42.0.3,10.42.0.1,64844,1883,228,6,0,1,0,0,0,0,0,0,0,0,0,0.0,0,,0,0,,0,0,0,0,0,0,0,0,0.0,0,0,0,0,0,64.0,5755.0,0,0,0,54,eth:ethertype:ip:tcp,31.8,94.8,51.1,160.0,-52.0,84:F3:EB:65:43:21,,,,,0.0,Normal,0.0
1744319889621639,10.42.0.3,10.42.0.1,64845,1883,0,0,1,0,0,0,0,0,0,0,0,0,0,0.0,0,,0,0,,0,0,0,0,0,0,0,0,0.0,0,0,0,0,0,64.0,5760.0,0,0,0,58,eth:ethertype:ip:tcp,31.8,94.8,51.1,160.0,-52.0,84:F3:EB:65:43:21,,,,,0.0,Normal,0.0
1744319889625380,10.42.0.3,10.42.0.1,64845,1883,1,1,0,1,0,0,0,0,0,0,0,0,0,0.0,0,,0,0,,0,0,0,0,0,0,0,0,0.0,0,0,0,0,0,64.0,5760.0,0,0,0,54,eth:ethertype:ip:tcp,31.8,94.8,51.1,160.0,-52.0,84:F3:EB:65:43:21,,,,,0.0,Normal,0.0
1744319889627848,10.42.0.3,10.42.0.1,64845,1883,1,1,0,1,0,0,1,0,3,0,0,0,0,0.0,0,,0,0,,0,0,0,0,0,0,0,0,0.0,0,0,0,0,0,64.0,5760.0,0,0,0,57,eth:ethertype:ip:tcp,31.8,94.8,51.1,160.0,-52.0,84:F3:EB:65:43:21,,,,,0.0,Normal,0.0
1744319889631812,10.42.0.3,10.42.0.1,64845,1883,4,1,0,1,0,0,1,0,29,0,0,0,0,0.0,0,,0,0,,0,0,0,0,0,0,0,0,0.0,0,0,0,0,0,64.0,5760.0,0,0,0,83,eth:ethertype:ip:tcp,31.8,94.8,51.1,160.0,-52.0,84:F3:EB:65:43:21,,,,,0.0,Normal,0.0
1744319889635070,10.42.0.3,10.42.0.1,64845,1883,33,1,0,1,0,0,1,0,12,0,0,0,0,0.0,0,,0,1,,0,0,0,1,42,4,MQTT,4,0.0,0,0,0,0,0,64.0,5760.0,0,0,esp32_a842e3abaccc,66,eth:ethertype:ip:tcp:mqtt,31.8,94.8,51.1,160.0,-52.0,84:F3:EB:65:43:21,,,,,0.0,Normal,0.0
1744319889659069,10.42.0.3,10.42.0.1,64845,1883,45,5,0,1,0,0,1,0,3,0,0,0,0,0.0,0,,0,0,,0,0,0,0,0,0,0,0,0.0,0,0,0,0,0,64.0,5756.0,0,0,0,57,eth:ethertype:ip:tcp,31.8,94.8,51.1,160.0,-52.0,84:F3:EB:65:43:21,,,,,0.0,Normal,0.0
1744319889672473,10.42.0.3,10.42.0.1,64845,1883,48,5,0,1,1,0,1,0,179,0,0,0,0,0.0,0,,0,3,"Wakeup: 0, Mode: 0, Reset: 1, Temperature: 39.1, Uptime: 876, Memory: 94.8, In_Temperature: 51.7, CPU: 160, RSSI: -51, MAC: 84:F3:EB:65:43:21, F_Storage: 99.22",test/temperatura,16,0,0,177,0,0,0,0.0,0,0,0,0,0,64.0,5756.0,0,0,0,233,eth:ethertype:ip:tcp:mqtt:mqtt,39.1,94.8,51.7,160.0,-51.0,84:F3:EB:65:43:21,,,,,0.0,Normal,0.0
1744319889677246,10.42.0.3,10.42.0.1,64845,1883,228,6,0,1,0,0,0,0,0,0,0,0,0,0.0,0,,0,0,,0,0,0,0,0,0,0,0,0.0,0,0,0,0,0,64.0,5755.0,0,0,0,54,eth:ethertype:ip:tcp,39.1,94.8,51.7,160.0,-51.0,84:F3:EB:65:43:21,,,,,0.0,Normal,0.0
1744319919680844,10.42.0.3,10.42.0.1,64846,1883,0,0,1,0,0,0,0,0,0,0,0,0,0,0.0,0,,0,0,,0,0,0,0,0,0,0,0,0.0,0,0,0,0,0,64.0,5760.0,0,0,0,58,eth:ethertype:ip:tcp,39.1,94.8,51.7,160.0,-51.0,84:F3:EB:65:43:21,,,,,0.0,Normal,0.0
1744319919685494,10.42.0.3,10.42.0.1,64846,1883,1,1,0,1,0,0,0,0,0,0,0,0,0,0.0,0,,0,0,,0,0,0,0,0,0,0,0,0.0,0,0,0,0,0,64.0,5760.0,0,0,0,54,eth:ethertype:ip:tcp,39.1,94.8,51.7,160.0,-51.0,84:F3:EB:65:43:21,,,,,0.0,Normal,0.0
1744319919688410,10.42.0.3,10.42.0.1,64846,1883,1,1,0,1,0,0,1,0,3,0,0,0,0,0.0,0,,0,0,,0,0,0,0,0,0,0,0,0.0,0,0,0,0,0,64.0,5760.0,0,0,0,57,eth:ethertype:ip:tcp,39.1,94.8,51.7,160.0,-51.0,84:F3:EB:65:43:21,,,,,0.0,Normal,0.0
1744319919693092,10.42.0.3,10.42.0.1,64846,1883,4,1,0,1,0,0,1,0,41,0,0,0,0,0.0,0,,0,1,,0,0,0,1,42,4,MQTT,4,0.0,0,0,0,0,0,64.0,5760.0,0,0,esp32_a842e3abaccc,95,eth:ethertype:ip:tcp:mqtt,39.1,94.8,51.7,160.0,-51.0,84:F3:EB:65:43:21,,,,,0.0,Normal,0.0
1744319919719294,10.42.0.3,10.42.0.1,64846,1883,45,5,0,1,0,0,1,0,3,0,0,0,0,0.0,0,,0,0,,0,0,0,0,0,0,0,0,0.0,0,0,0,0,0,64.0,5756.0,0,0,0,57,eth:ethertype:ip:tcp,39.1,94.8,51.7,160.0,-51.0,84:F3:EB:65:43:21,,,,,0.0,Normal,0.0
1744319919733110,10.42.0.3,10.42.0.1,64846,1883,48,5,0,1,1,0,1,0,179,0,0,0,0,0.0,0,,0,3,"Wakeup: 0, Mode: 0, Reset: 1, Temperature: 34.3, Uptime: 906, Memory: 94.8, In_Temperature: 51.7, CPU: 160, RSSI: -54, MAC: 84:F3:EB:65:43:21, F_Storage: 99.22",test/temperatura,16,0,0,177,0,0,0,0.0,0,0,0,0,0,64.0,5756.0,0,0,0,233,eth:ethertype:ip:tcp:mqtt:mqtt,34.3,94.8,51.7,160.0,-54.0,84:F3:EB:65:43:21,,,,,0.0,Normal,0.0
1744319919769240,10.42.0.3,10.42.0.1,64846,1883,228,6,0,1,0,0,0,0,0,0,0,0,0,0.0,0,,0,0,,0,0,0,0,0,0,0,0,0.0,0,0,0,0,0,64.0,5755.0,0,0,0,54,eth:ethertype:ip:tcp,34.3,94.8,51.7,160.0,-54.0,84:F3:EB:65:43:21,,,,,0.0,Normal,0.0
1744319949740439,10.42.0.3,10.42.0.1,64847,1883,0,0,1,0,0,0,0,0,0,0,0,0,0,0.0,0,,0,0,,0,0,0,0,0,0,0,0,0.0,0,0,0,0,0,64.0,5760.0,0,0,0,58,eth:ethertype:ip:tcp,34.3,94.8,51.7,160.0,-54.0,84:F3:EB:65:43:21,,,,,0.0,Normal,0.0
1744319949744647,10.42.0.3,10.42.0.1,64847,1883,1,1,0,1,0,0,0,0,0,0,0,0,0,0.0,0,,0,0,,0,0,0,0,0,0,0,0,0.0,0,0,0,0,0,64.0,5760.0,0,0,0,54,eth:ethertype:ip:tcp,34.3,94.8,51.7,160.0,-54.0,84:F3:EB:65:43:21,,,,,0.0,Normal,0.0
1744319949746539,10.42.0.3,10.42.0.1,64847,1883,1,1,0,1,0,0,1,0,3,0,0,0,0,0.0,0,,0,0,,0,0,0,0,0,0,0,0,0.0,0,0,0,0,0,64.0,5760.0,0,0,0,57,eth:ethertype:ip:tcp,34.3,94.8,51.7,160.0,-54.0,84:F3:EB:65:43:21,,,,,0.0,Normal,0.0
1744319949750004,10.42.0.3,10.42.0.1,64847,1883,4,1,0,1,0,0,1,0,29,0,0,0,0,0.0,0,,0,0,,0,0,0,0,0,0,0,0,0.0,0,0,0,0,0,64.0,5760.0,0,0,0,83,eth:ethertype:ip:tcp,34.3,94.8,51.7,160.0,-54.0,84:F3:EB:65:43:21,,,,,0.0,Normal,0.0
1744319949753047,10.42.0.3,10.42.0.1,64847,1883,33,1,0,1,0,0,1,0,12,0,0,0,0,0.0,0,,0,1,,0,0,0,1,42,4,MQTT,4,0.0,0,0,0,0,0,64.0,5760.0,0,0,esp32_a842e3abaccc,66,eth:ethertype:ip:tcp:mqtt,34.3,94.8,51.7,160.0,-54.0,84:F3:EB:65:43:21,,,,,0.0,Normal,0.0
1744319949777078,10.42.0.3,10.42.0.1,64847,1883,45,5,0,1,0,0,1,0,3,0,0,0,0,0.0,0,,0,0,,0,0,0,0,0,0,0,0,0.0,0,0,0,0,0,64.0,5756.0,0,0,0,57,eth:ethertype:ip:tcp,34.3,94.8,51.7,160.0,-54.0,84:F3:EB:65:43:21,,,,,0.0,Normal,0.0
1744319949791470,10.42.0.3,10.42.0.1,64847,1883,48,5,0,1,1,0,1,0,179,0,0,0,0,0.0,0,,0,3,"Wakeup: 0, Mode: 0, Reset: 1, Temperature: 40.0, Uptime: 936, Memory: 94.8, In_Temperature: 51.1, CPU: 160, RSSI: -52, MAC: 84:F3:EB:65:43:21, F_Storage: 99.22",test/temperatura,16,0,0,177,0,0,0,0.0,0,0,0,0,0,64.0,5756.0,0,0,0,233,eth:ethertype:ip:tcp:mqtt:mqtt,40.0,94.8,51.1,160.0,-52.0,84:F3:EB:65:43:21,,,,,0.0,Normal,0.0
1744319949826904,10.42.0.3,10.42.0.1,64847,1883,228,6,0,1,0,0,0,0,0,0,0,0,0,0.0,0,,0,0,,0,0,0,0,0,0,0,0,0.0,0,0,0,0,0,64.0,5755.0,0,0,0,54,eth:ethertype:ip:tcp,40.0,94.8,51.1,160.0,-52.0,84:F3:EB:65:43:21,,,,,0.0,Normal,0.0
1744319979801525,10.42.0.3,10.42.0.1,64848,1883,0,0,1,0,0,0,0,0,0,0,0,0,0,0.0,0,,0,0,,0,0,0,0,0,0,0,0,0.0,0,0,0,0,0,64.0,5760.0,0,0,0,58,eth:ethertype:ip:tcp,40.0,94.8,51.1,160.0,-52.0,84:F3:EB:65:43:21,,,,,0.0,Normal,0.0
1744319979805542,10.42.0.3,10.42.0.1,64848,1883,1,1,0,1,0,0,0,0,0,0,0,0,0,0.0,0,,0,0,,0,0,0,0,0,0,0,0,0.0,0,0,0,0,0,64.0,5760.0,0,0,0,54,eth:ethertype:ip:tcp,40.0,94.8,51.1,160.0,-52.0,84:F3:EB:65:43:21,,,,,0.0,Normal,0.0
1744319979807607,10.42.0.3,10.42.0.1,64848,1883,1,1,0,1,0,0,1,0,3,0,0,0,0,0.0,0,,0,0,,0,0,0,0,0,0,0,0,0.0,0,0,0,0,0,64.0,5760.0,0,0,0,57,eth:ethertype:ip:tcp,40.0,94.8,51.1,160.0,-52.0,84:F3:EB:65:43:21,,,,,0.0,Normal,0.0
1744319979811095,10.42.0.3,10.42.0.1,64848,1883,4,1,0,1,0,0,1,0,29,0,0,0,0,0.0,0,,0,0,,0,0,0,0,0,0,0,0,0.0,0,0,0,0,0,64.0,5760.0,0,0,0,83,eth:ethertype:ip:tcp,40.0,94.8,51.1,160.0,-52.0,84:F3:EB:65:43:21,,,,,0.0,Normal,0.0
1744319979814195,10.42.0.3,10.42.0.1,64848,1883,33,1,0,1,0,0,1,0,12,0,0,0,0,0.0,0,,0,1,,0,0,0,1,42,4,MQTT,4,0.0,0,0,0,0,0,64.0,5760.0,0,0,esp32_a842e3abaccc,66,eth:ethertype:ip:tcp:mqtt,40.0,94.8,51.1,160.0,-52.0,84:F3:EB:65:43:21,,,,,0.0,Normal,0.0
1744319979861160,10.42.0.3,10.42.0.1,64848,1883,45,5,0,1,0,0,1,0,3,0,0,0,0,0.0,0,,0,0,,0,0,0,0,0,0,0,0,0.0,0,0,0,0,0,64.0,5756.0,0,0,0,57,eth:ethertype:ip:tcp,40.0,94.8,51.1,160.0,-52.0,84:F3:EB:65:43:21,,,,,0.0,Normal,0.0
1744319979861779,10.42.0.3,10.42.0.1,64848,1883,48,5,0,1,1,0,1,0,179,0,0,0,0,0.0,0,,0,3,"Wakeup: 0, Mode: 0, Reset: 1, Temperature: 26.2, Uptime: 966, Memory: 94.9, In_Temperature: 51.7, CPU: 160, RSSI: -55, MAC: 84:F3:EB:65:43:21, F_Storage: 99.22",test/temperatura,16,0,0,177,0,0,0,0.0,0,0,0,0,0,64.0,5756.0,0,0,0,233,eth:ethertype:ip:tcp:mqtt:mqtt,26.2,94.9,51.7,160.0,-55.0,84:F3:EB:65:43:21,,,,,0.0,Normal,0.0
1744319979865222,10.42.0.3,10.42.0.1,64848,1883,228,6,0,1,0,0,0,0,0,0,0,0,0,0.0,0,,0,0,,0,0,0,0,0,0,0,0,0.0,0,0,0,0,0,64.0,5755.0,0,0,0,54,eth:ethertype:ip:tcp,26.2,94.9,51.7,160.0,-55.0,84:F3:EB:65:43:21,,,,,0.0,Normal,0.0
1744320009858401,10.42.0.3,10.42.0.1,64849,1883,0,0,1,0,0,0,0,0,0,0,0,0,0,0.0,0,,0,0,,0,0,0,0,0,0,0,0,0.0,0,0,0,0,0,64.0,5760.0,0,0,0,58,eth:ethertype:ip:tcp,26.2,94.9,51.7,160.0,-55.0,84:F3:EB:65:43:21,,,,,0.0,Normal,0.0
1744320009862558,10.42.0.3,10.42.0.1,64849,1883,1,1,0,1,0,0,0,0,0,0,0,0,0,0.0,0,,0,0,,0,0,0,0,0,0,0,0,0.0,0,0,0,0,0,64.0,5760.0,0,0,0,54,eth:ethertype:ip:tcp,26.2,94.9,51.7,160.0,-55.0,84:F3:EB:65:43:21,,,,,0.0,Normal,0.0
1744320009864313,10.42.0.3,10.42.0.1,64849,1883,1,1,0,1,0,0,1,0,3,0,0,0,0,0.0,0,,0,0,,0,0,0,0,0,0,0,0,0.0,0,0,0,0,0,64.0,5760.0,0,0,0,57,eth:ethertype:ip:tcp,26.2,94.9,51.7,160.0,-55.0,84:F3:EB:65:43:21,,,,,0.0,Normal,0.0
1744320009867817,10.42.0.3,10.42.0.1,64849,1883,4,1,0,1,0,0,1,0,29,0,0,0,0,0.0,0,,0,0,,0,0,0,0,0,0,0,0,0.0,0,0,0,0,0,64.0,5760.0,0,0,0,83,eth:ethertype:ip:tcp,26.2,94.9,51.7,160.0,-55.0,84:F3:EB:65:43:21,,,,,0.0,Normal,0.0
1744320009870876,10.42.0.3,10.42.0.1,64849,1883,33,1,0,1,0,0,1,0,12,0,0,0,0,0.0,0,,0,1,,0,0,0,1,42,4,MQTT,4,0.0,0,0,0,0,0,64.0,5760.0,0,0,esp32_a842e3abaccc,66,eth:ethertype:ip:tcp:mqtt,26.2,94.9,51.7,160.0,-55.0,84:F3:EB:65:43:21,,,,,0.0,Normal,0.0
1744320009896211,10.42.0.3,10.42.0.1,64849,1883,45,5,0,1,0,0,1,0,3,0,0,0,0,0.0,0,,0,0,,0,0,0,0,0,0,0,0,0.0,0,0,0,0,0,64.0,5756.0,0,0,0,57,eth:ethertype:ip:tcp,26.2,94.9,51.7,160.0,-55.0,84:F3:EB:65:43:21,,,,,0.0,Normal,0.0
1744320009933682,10.42.0.3,10.42.0.1,64849,1883,48,5,0,1,1,0,1,0,179,0,0,0,0,0.0,0,,0,3,"Wakeup: 0, Mode: 0, Reset: 1, Temperature: 37.1, Uptime: 996, Memory: 94.8, In_Temperature: 51.1, CPU: 160, RSSI: -51, MAC: 84:F3:EB:65:43:21, F_Storage: 99.22",test/temperatura,16,0,0,177,0,0,0,0.0,0,0,0,0,0,64.0,5756.0,0,0,0,233,eth:ethertype:ip:tcp:mqtt:mqtt,37.1,94.8,51.1,160.0,-51.0,84:F3:EB:65:43:21,,,,,0.0,Normal,0.0
1744320009937536,10.42.0.3,10.42.0.1,64849,1883,228,6,0,1,0,0,0,0,0,0,0,0,0,0.0,0,,0,0,,0,0,0,0,0,0,0,0,0.0,0,0,0,0,0,64.0,5755.0,0,0,0,54,eth:ethertype:ip:tcp,37.1,94.8,51.1,160.0,-51.0,84:F3:EB:65:43:21,,,,,0.0,Normal,0.0
1744320039918578,10.42.0.3,10.42.0.1,64850,1883,0,0,1,0,0,0,0,0,0,0,0,0,0,0.0,0,,0,0,,0,0,0,0,0,0,0,0,0.0,0,0,0,0,0,64.0,5760.0,0,0,0,58,eth:ethertype:ip:tcp,37.1,94.8,51.1,160.0,-51.0,84:F3:EB:65:43:21,,,,,0.0,Normal,0.0
1744320039922749,10.42.0.3,10.42.0.1,64850,1883,1,1,0,1,0,0,0,0,0,0,0,0,0,0.0,0,,0,0,,0,0,0,0,0,0,0,0,0.0,0,0,0,0,0,64.0,5760.0,0,0,0,54,eth:ethertype:ip:tcp,37.1,94.8,51.1,160.0,-51.0,84:F3:EB:65:43:21,,,,,0.0,Normal,0.0
1744320039924971,10.42.0.3,10.42.0.1,64850,1883,1,1,0,1,0,0,1,0,3,0,0,0,0,0.0,0,,0,0,,0,0,0,0,0,0,0,0,0.0,0,0,0,0,0,64.0,5760.0,0,0,0,57,eth:ethertype:ip:tcp,37.1,94.8,51.1,160.0,-51.0,84:F3:EB:65:43:21,,,,,0.0,Normal,0.0
1744320039928459,10.42.0.3,10.42.0.1,64850,1883,4,1,0,1,0,0,1,0,29,0,0,0,0,0.0,0,,0,0,,0,0,0,0,0,0,0,0,0.0,0,0,0,0,0,64.0,5760.0,0,0,0,83,eth:ethertype:ip:tcp,37.1,94.8,51.1,160.0,-51.0,84:F3:EB:65:43:21,,,,,0.0,Normal,0.0
1744320039932196,10.42.0.3,10.42.0.1,64850,1883,33,1,0,1,0,0,1,0,12,0,0,0,0,0.0,0,,0,1,,0,0,0,1,42,4,MQTT,4,0.0,0,0,0,0,0,64.0,5760.0,0,0,esp32_a842e3abaccc,66,eth:ethertype:ip:tcp:mqtt,37.1,94.8,51.1,160.0,-51.0,84:F3:EB:65:43:21,,,,,0.0,Normal,0.0
1744320039972675,10.42.0.3,10.42.0.1,64850,1883,45,5,0,1,0,0,1,0,3,0,0,0,0,0.0,0,,0,0,,0,0,0,0,0,0,0,0,0.0,0,0,0,0,0,64.0,5756.0,0,0,0,57,eth:ethertype:ip:tcp,37.1,94.8,51.1,160.0,-51.0,84:F3:EB:65:43:21,,,,,0.0,Normal,0.0
1744320039973184,10.42.0.3,10.42.0.1,64850,1883,48,5,0,1,1,0,1,0,180,0,0,0,0,0.0,0,,0,3,"Wakeup: 0, Mode: 0, Reset: 1, Temperature: 26.1, Uptime: 1026, Memory: 94.8, In_Temperature: 51.7, CPU: 160, RSSI: -51, MAC: 84:F3:EB:65:43:21, F_Storage: 99.22",test/temperatura,16,0,0,178,0,0,0,0.0,0,0,0,0,0,64.0,5756.0,0,0,0,234,eth:ethertype:ip:tcp:mqtt:mqtt,26.1,94.8,51.7,160.0,-51.0,84:F3:EB:65:43:21,,,,,0.0,Normal,0.0
1744320039976653,10.42.0.3,10.42.0.1,64850,1883,229,6,0,1,0,0,0,0,0,0,0,0,0,0.0,0,,0,0,,0,0,0,0,0,0,0,0,0.0,0,0,0,0,0,64.0,5755.0,0,0,0,54,eth:ethertype:ip:tcp,26.1,94.8,51.7,160.0,-51.0,84:F3:EB:65:43:21,,,,,0.0,Normal,0.0
1744320069977818,10.42.0.3,10.42.0.1,64851,1883,0,0,1,0,0,0,0,0,0,0,0,0,0,0.0,0,,0,0,,0,0,0,0,0,0,0,0,0.0,0,0,0,0,0,64.0,5760.0,0,0,0,58,eth:ethertype:ip:tcp,26.1,94.8,51.7,160.0,-51.0,84:F3:EB:65:43:21,,,,,0.0,Normal,0.0
1744320069982025,10.42.0.3,10.42.0.1,64851,1883,1,1,0,1,0,0,0,0,0,0,0,0,0,0.0,0,,0,0,,0,0,0,0,0,0,0,0,0.0,0,0,0,0,0,64.0,5760.0,0,0,0,54,eth:ethertype:ip:tcp,26.1,94.8,51.7,160.0,-51.0,84:F3:EB:65:43:21,,,,,0.0,Normal,0.0
1744320069984193,10.42.0.3,10.42.0.1,64851,1883,1,1,0,1,0,0,1,0,3,0,0,0,0,0.0,0,,0,0,,0,0,0,0,0,0,0,0,0.0,0,0,0,0,0,64.0,5760.0,0,0,0,57,eth:ethertype:ip:tcp,26.1,94.8,51.7,160.0,-51.0,84:F3:EB:65:43:21,,,,,0.0,Normal,0.0
1744320069988137,10.42.0.3,10.42.0.1,64851,1883,4,1,0,1,0,0,1,0,29,0,0,0,0,0.0,0,,0,0,,0,0,0,0,0,0,0,0,0.0,0,0,0,0,0,64.0,5760.0,0,0,0,83,eth:ethertype:ip:tcp,26.1,94.8,51.7,160.0,-51.0,84:F3:EB:65:43:21,,,,,0.0,Normal,0.0
1744320069991180,10.42.0.3,10.42.0.1,64851,1883,33,1,0,1,0,0,1,0,12,0,0,0,0,0.0,0,,0,1,,0,0,0,1,42,4,MQTT,4,0.0,0,0,0,0,0,64.0,5760.0,0,0,esp32_a842e3abaccc,66,eth:ethertype:ip:tcp:mqtt,26.1,94.8,51.7,160.0,-51.0,84:F3:EB:65:43:21,,,,,0.0,Normal,0.0
1744320070018809,10.42.0.3,10.42.0.1,64851,1883,45,5,0,1,0,0,1,0,3,0,0,0,0,0.0,0,,0,0,,0,0,0,0,0,0,0,0,0.0,0,0,0,0,0,64.0,5756.0,0,0,0,57,eth:ethertype:ip:tcp,26.1,94.8,51.7,160.0,-51.0,84:F3:EB:65:43:21,,,,,0.0,Normal,0.0
1744320070028779,10.42.0.3,10.42.0.1,64851,1883,48,5,0,1,1,0,1,0,180,0,0,0,0,0.0,0,,0,3,"Wakeup: 0, Mode: 0, Reset: 1, Temperature: 34.4, Uptime: 1056, Memory: 94.8, In_Temperature: 51.7, CPU: 160, RSSI: -56, MAC: 84:F3:EB:65:43:21, F_Storage: 99.22",test/temperatura,16,0,0,178,0,0,0,0.0,0,0,0,0,0,64.0,5756.0,0,0,0,234,eth:ethertype:ip:tcp:mqtt:mqtt,34.4,94.8,51.7,160.0,-56.0,84:F3:EB:65:43:21,,,,,0.0,Normal,0.0
1744320070032229,10.42.0.3,10.42.0.1,64851,1883,229,6,0,1,0,0,0,0,0,0,0,0,0,0.0,0,,0,0,,0,0,0,0,0,0,0,0,0.0,0,0,0,0,0,64.0,5755.0,0,0,0,54,eth:ethertype:ip:tcp,34.4,94.8,51.7,160.0,-56.0,84:F3:EB:65:43:21,,,,,0.0,Normal,0.0
1744320100038266,10.42.0.3,10.42.0.1,64852,1883,0,0,1,0,0,0,0,0,0,0,0,0,0,0.0,0,,0,0,,0,0,0,0,0,0,0,0,0.0,0,0,0,0,0,64.0,5760.0,0,0,0,58,eth:ethertype:ip:tcp,34.4,94.8,51.7,160.0,-56.0,84:F3:EB:65:43:21,,,,,0.0,Normal,0.0
1744320100042258,10.42.0.3,10.42.0.1,64852,1883,1,1,0,1,0,0,0,0,0,0,0,0,0,0.0,0,,0,0,,0,0,0,0,0,0,0,0,0.0,0,0,0,0,0,64.0,5760.0,0,0,0,54,eth:ethertype:ip:tcp,34.4,94.8,51.7,160.0,-56.0,84:F3:EB:65:43:21,,,,,0.0,Normal,0.0
1744320100044294,10.42.0.3,10.42.0.1,64852,1883,1,1,0,1,0,0,1,0,3,0,0,0,0,0.0,0,,0,0,,0,0,0,0,0,0,0,0,0.0,0,0,0,0,0,64.0,5760.0,0,0,0,57,eth:ethertype:ip:tcp,34.4,94.8,51.7,160.0,-56.0,84:F3:EB:65:43:21,,,,,0.0,Normal,0.0
1744320100048038,10.42.0.3,10.42.0.1,64852,1883,4,1,0,1,0,0,1,0,31,0,0,0,0,0.0,0,,0,0,,0,0,0,0,0,0,0,0,0.0,0,0,0,0,0,64.0,5760.0,0,0,0,85,eth:ethertype:ip:tcp,34.4,94.8,51.7,160.0,-56.0,84:F3:EB:65:43:21,,,,,0.0,Normal,0.0
1744320100051146,10.42.0.3,10.42.0.1,64852,1883,35,1,0,1,0,0,1,0,10,0,0,0,0,0.0,0,,0,1,,0,0,0,1,42,4,MQTT,4,0.0,0,0,0,0,0,64.0,5760.0,0,0,esp32_a842e3abaccc,64,eth:ethertype:ip:tcp:mqtt,34.4,94.8,51.7,160.0,-56.0,84:F3:EB:65:43:21,,,,,0.0,Normal,0.0
1744320100075352,10.42.0.3,10.42.0.1,64852,1883,45,5,0,1,0,0,1,0,3,0,0,0,0,0.0,0,,0,0,,0,0,0,0,0,0,0,0,0.0,0,0,0,0,0,64.0,5756.0,0,0,0,57,eth:ethertype:ip:tcp,34.4,94.8,51.7,160.0,-56.0,84:F3:EB:65:43:21,,,,,0.0,Normal,0.0
1744320100088087,10.42.0.3,10.42.0.1,64852,1883,48,5,0,1,1,0,1,0,180,0,0,0,0,0.0,0,,0,3,"Wakeup: 0, Mode: 0, Reset: 1, Temperature: 30.8, Uptime: 1086, Memory: 94.8, In_Temperature: 51.7, CPU: 160, RSSI: -55, MAC: 84:F3:EB:65:43:21, F_Storage: 99.22",test/temperatura,16,0,0,178,0,0,0,0.0,0,0,0,0,0,64.0,5756.0,0,0,0,234,eth:ethertype:ip:tcp:mqtt:mqtt,30.8,94.8,51.7,160.0,-55.0,84:F3:EB:65:43:21,,,,,0.0,Normal,0.0
1744320100091495,10.42.0.3,10.42.0.1,64852,1883,229,6,0,1,0,0,0,0,0,0,0,0,0,0.0,0,,0,0,,0,0,0,0,0,0,0,0,0.0,0,0,0,0,0,64.0,5755.0,0,0,0,54,eth:ethertype:ip:tcp,30.8,94.8,51.7,160.0,-55.0,84:F3:EB:65:43:21,,,,,0.0,Normal,0.0
1744320130101519,10.42.0.3,10.42.0.1,64853,1883,0,0,1,0,0,0,0,0,0,0,0,0,0,0.0,0,,0,0,,0,0,0,0,0,0,0,0,0.0,0,0,0,0,0,64.0,5760.0,0,0,0,58,eth:ethertype:ip:tcp,30.8,94.8,51.7,160.0,-55.0,84:F3:EB:65:43:21,,,,,0.0,Normal,0.0
1744320130105220,10.42.0.3,10.42.0.1,64853,1883,1,1,0,1,0,0,0,0,0,0,0,0,0,0.0,0,,0,0,,0,0,0,0,0,0,0,0,0.0,0,0,0,0,0,64.0,5760.0,0,0,0,54,eth:ethertype:ip:tcp,30.8,94.8,51.7,160.0,-55.0,84:F3:EB:65:43:21,,,,,0.0,Normal,0.0
1744320130108361,10.42.0.3,10.42.0.1,64853,1883,1,1,0,1,0,0,1,0,3,0,0,0,0,0.0,0,,0,0,,0,0,0,0,0,0,0,0,0.0,0,0,0,0,0,64.0,5760.0,0,0,0,57,eth:ethertype:ip:tcp,30.8,94.8,51.7,160.0,-55.0,84:F3:EB:65:43:21,,,,,0.0,Normal,0.0
1744320130113760,10.42.0.3,10.42.0.1,64853,1883,4,1,0,1,0,0,1,0,41,0,0,0,0,0.0,0,,0,1,,0,0,0,1,42,4,MQTT,4,0.0,0,0,0,0,0,64.0,5760.0,0,0,esp32_a842e3abaccc,95,eth:ethertype:ip:tcp:mqtt,30.8,94.8,51.7,160.0,-55.0,84:F3:EB:65:43:21,,,,,0.0,Normal,0.0
1744320130150757,10.42.0.3,10.42.0.1,64853,1883,45,5,0,1,0,0,1,0,3,0,0,0,0,0.0,0,,0,0,,0,0,0,0,0,0,0,0,0.0,0,0,0,0,0,64.0,5756.0,0,0,0,57,eth:ethertype:ip:tcp,30.8,94.8,51.7,160.0,-55.0,84:F3:EB:65:43:21,,,,,0.0,Normal,0.0
1744320130151535,10.42.0.3,10.42.0.1,64853,1883,48,5,0,1,1,0,1,0,180,0,0,0,0,0.0,0,,0,3,"Wakeup: 0, Mode: 0, Reset: 1, Temperature: 39.1, Uptime: 1116, Memory: 94.8, In_Temperature: 51.7, CPU: 160, RSSI: -54, MAC: 84:F3:EB:65:43:21, F_Storage: 99.22",test/temperatura,16,0,0,178,0,0,0,0.0,0,0,0,0,0,64.0,5756.0,0,0,0,234,eth:ethertype:ip:tcp:mqtt:mqtt,39.1,94.8,51.7,160.0,-54.0,84:F3:EB:65:43:21,,,,,0.0,Normal,0.0
1744320130185035,10.42.0.3,10.42.0.1,64853,1883,229,6,0,1,0,0,0,0,0,0,0,0,0,0.0,0,,0,0,,0,0,0,0,0,0,0,0,0.0,0,0,0,0,0,64.0,5755.0,0,0,0,54,eth:ethertype:ip:tcp,39.1,94.8,51.7,160.0,-54.0,84:F3:EB:65:43:21,,,,,0.0,Normal,0.0
1744320160164542,10.42.0.3,10.42.0.1,64854,1883,0,0,1,0,0,0,0,0,0,0,0,0,0,0.0,0,,0,0,,0,0,0,0,0,0,0,0,0.0,0,0,0,0,0,64.0,5760.0,0,0,0,58,eth:ethertype:ip:tcp,39.1,94.8,51.7,160.0,-54.0,84:F3:EB:65:43:21,,,,,0.0,Normal,0.0
1744320160174836,10.42.0.3,10.42.0.1,64854,1883,1,1,0,1,0,0,0,0,0,0,0,0,0,0.0,0,,0,0,,0,0,0,0,0,0,0,0,0.0,0,0,0,0,0,64.0,5760.0,0,0,0,54,eth:ethertype:ip:tcp,39.1,94.8,51.7,160.0,-54.0,84:F3:EB:65:43:21,,,,,0.0,Normal,0.0
1744320160175390,10.42.0.3,10.42.0.1,64854,1883,1,1,0,1,0,0,1,0,3,0,0,0,0,0.0,0,,0,0,,0,0,0,0,0,0,0,0,0.0,0,0,0,0,0,64.0,5760.0,0,0,0,57,eth:ethertype:ip:tcp,39.1,94.8,51.7,160.0,-54.0,84:F3:EB:65:43:21,,,,,0.0,Normal,0.0
1744320160178401,10.42.0.3,10.42.0.1,64854,1883,4,1,0,1,0,0,1,0,41,0,0,0,0,0.0,0,,0,1,,0,0,0,1,42,4,MQTT,4,0.0,0,0,0,0,0,64.0,5760.0,0,0,esp32_a842e3abaccc,95,eth:ethertype:ip:tcp:mqtt,39.1,94.8,51.7,160.0,-54.0,84:F3:EB:65:43:21,,,,,0.0,Normal,0.0
1744320160219829,10.42.0.3,10.42.0.1,64854,1883,45,5,0,1,0,0,1,0,3,0,0,0,0,0.0,0,,0,0,,0,0,0,0,0,0,0,0,0.0,0,0,0,0,0,64.0,5756.0,0,0,0,57,eth:ethertype:ip:tcp,39.1,94.8,51.7,160.0,-54.0,84:F3:EB:65:43:21,,,,,0.0,Normal,0.0
1744320160220434,10.42.0.3,10.42.0.1,64854,1883,48,5,0,1,1,0,1,0,180,0,0,0,0,0.0,0,,0,3,"Wakeup: 0, Mode: 0, Reset: 1, Temperature: 26.9, Uptime: 1146, Memory: 94.8, In_Temperature: 51.7, CPU: 160, RSSI: -52, MAC: 84:F3:EB:65:43:21, F_Storage: 99.22",test/temperatura,16,0,0,178,0,0,0,0.0,0,0,0,0,0,64.0,5756.0,0,0,0,234,eth:ethertype:ip:tcp:mqtt:mqtt,26.9,94.8,51.7,160.0,-52.0,84:F3:EB:65:43:21,,,,,0.0,Normal,0.0
1744320160223868,10.42.0.3,10.42.0.1,64854,1883,229,6,0,1,0,0,0,0,0,0,0,0,0,0.0,0,,0,0,,0,0,0,0,0,0,0,0,0.0,0,0,0,0,0,64.0,5755.0,0,0,0,54,eth:ethertype:ip:tcp,26.9,94.8,51.7,160.0,-52.0,84:F3:EB:65:43:21,,,,,0.0,Normal,0.0
1744320190226238,10.42.0.3,10.42.0.1,64855,1883,0,0,1,0,0,0,0,0,0,0,0,0,0,0.0,0,,0,0,,0,0,0,0,0,0,0,0,0.0,0,0,0,0,0,64.0,5760.0,0,0,0,58,eth:ethertype:ip:tcp,26.9,94.8,51.7,160.0,-52.0,84:F3:EB:65:43:21,,,,,0.0,Normal,0.0
1744320190260117,10.42.0.3,10.42.0.1,64855,1883,1,1,0,1,0,0,0,0,0,0,0,0,0,0.0,0,,0,0,,0,0,0,0,0,0,0,0,0.0,0,0,0,0,0,64.0,5760.0,0,0,0,54,eth:ethertype:ip:tcp,26.9,94.8,51.7,160.0,-52.0,84:F3:EB:65:43:21,,,,,0.0,Normal,0.0
1744320190260582,10.42.0.3,10.42.0.1,64855,1883,1,1,0,1,0,0,1,0,3,0,0,0,0,0.0,0,,0,0,,0,0,0,0,0,0,0,0,0.0,0,0,0,0,0,64.0,5760.0,0,0,0,57,eth:ethertype:ip:tcp,26.9,94.8,51.7,160.0,-52.0,84:F3:EB:65:43:21,,,,,0.0,Normal,0.0
1744320190294213,10.42.0.3,10.42.0.1,64855,1883,4,1,0,1,0,0,1,0,41,0,0,0,0,0.0,0,,0,1,,0,0,0,1,42,4,MQTT,4,0.0,0,0,0,0,0,64.0,5760.0,0,0,esp32_a842e3abaccc,95,eth:ethertype:ip:tcp:mqtt,26.9,94.8,51.7,160.0,-52.0,84:F3:EB:65:43:21,,,,,0.0,Normal,0.0
1744320190319700,10.42.0.3,10.42.0.1,64855,1883,45,5,0,1,0,0,1,0,3,0,0,0,0,0.0,0,,0,0,,0,0,0,0,0,0,0,0,0.0,0,0,0,0,0,64.0,5756.0,0,0,0,57,eth:ethertype:ip:tcp,26.9,94.8,51.7,160.0,-52.0,84:F3:EB:65:43:21,,,,,0.0,Normal,0.0
1744320190336494,10.42.0.3,10.42.0.1,64855,1883,48,5,0,1,1,0,1,0,180,0,0,0,0,0.0,0,,0,3,"Wakeup: 0, Mode: 0, Reset: 1, Temperature: 32.2, Uptime: 1176, Memory: 94.8, In_Temperature: 51.7, CPU: 160, RSSI: -52, MAC: 84:F3:EB:65:43:21, F_Storage: 99.22",test/temperatura,16,0,0,178,0,0,0,0.0,0,0,0,0,0,64.0,5756.0,0,0,0,234,eth:ethertype:ip:tcp:mqtt:mqtt,32.2,94.8,51.7,160.0,-52.0,84:F3:EB:65:43:21,,,,,0.0,Normal,0.0
1744320190341107,10.42.0.3,10.42.0.1,64855,1883,229,6,0,1,0,0,0,0,0,0,0,0,0,0.0,0,,0,0,,0,0,0,0,0,0,0,0,0.0,0,0,0,0,0,64.0,5755.0,0,0,0,54,eth:ethertype:ip:tcp,32.2,94.8,51.7,160.0,-52.0,84:F3:EB:65:43:21,,,,,0.0,Normal,0.0
1744320220345162,10.42.0.3,10.42.0.1,64856,1883,0,0,1,0,0,0,0,0,0,0,0,0,0,0.0,0,,0,0,,0,0,0,0,0,0,0,0,0.0,0,0,0,0,0,64.0,5760.0,0,0,0,58,eth:ethertype:ip:tcp,32.2,94.8,51.7,160.0,-52.0,84:F3:EB:65:43:21,,,,,0.0,Normal,0.0
1744320220349456,10.42.0.3,10.42.0.1,64856,1883,1,1,0,1,0,0,0,0,0,0,0,0,0,0.0,0,,0,0,,0,0,0,0,0,0,0,0,0.0,0,0,0,0,0,64.0,5760.0,0,0,0,54,eth:ethertype:ip:tcp,32.2,94.8,51.7,160.0,-52.0,84:F3:EB:65:43:21,,,,,0.0,Normal,0.0
1744320220351479,10.42.0.3,10.42.0.1,64856,1883,1,1,0,1,0,0,1,0,3,0,0,0,0,0.0,0,,0,0,,0,0,0,0,0,0,0,0,0.0,0,0,0,0,0,64.0,5760.0,0,0,0,57,eth:ethertype:ip:tcp,32.2,94.8,51.7,160.0,-52.0,84:F3:EB:65:43:21,,,,,0.0,Normal,0.0
1744320220355476,10.42.0.3,10.42.0.1,64856,1883,4,1,0,1,0,0,1,0,29,0,0,0,0,0.0,0,,0,0,,0,0,0,0,0,0,0,0,0.0,0,0,0,0,0,64.0,5760.0,0,0,0,83,eth:ethertype:ip:tcp,32.2,94.8,51.7,160.0,-52.0,84:F3:EB:65:43:21,,,,,0.0,Normal,0.0
1744320220358513,10.42.0.3,10.42.0.1,64856,1883,33,1,0,1,0,0,1,0,12,0,0,0,0,0.0,0,,0,1,,0,0,0,1,42,4,MQTT,4,0.0,0,0,0,0,0,64.0,5760.0,0,0,esp32_a842e3abaccc,66,eth:ethertype:ip:tcp:mqtt,32.2,94.8,51.7,160.0,-52.0,84:F3:EB:65:43:21,,,,,0.0,Normal,0.0
1744320220382765,10.42.0.3,10.42.0.1,64856,1883,45,5,0,1,0,0,1,0,3,0,0,0,0,0.0,0,,0,0,,0,0,0,0,0,0,0,0,0.0,0,0,0,0,0,64.0,5756.0,0,0,0,57,eth:ethertype:ip:tcp,32.2,94.8,51.7,160.0,-52.0,84:F3:EB:65:43:21,,,,,0.0,Normal,0.0
1744320220395762,10.42.0.3,10.42.0.1,64856,1883,48,5,0,1,1,0,1,0,180,0,0,0,0,0.0,0,,0,3,"Wakeup: 0, Mode: 0, Reset: 1, Temperature: 39.3, Uptime: 1206, Memory: 94.8, In_Temperature: 51.7, CPU: 160, RSSI: -55, MAC: 84:F3:EB:65:43:21, F_Storage: 99.22",test/temperatura,16,0,0,178,0,0,0,0.0,0,0,0,0,0,64.0,5756.0,0,0,0,234,eth:ethertype:ip:tcp:mqtt:mqtt,39.3,94.8,51.7,160.0,-55.0,84:F3:EB:65:43:21,,,,,0.0,Normal,0.0
1744320220399208,10.42.0.3,10.42.0.1,64856,1883,229,6,0,1,0,0,0,0,0,0,0,0,0,0.0,0,,0,0,,0,0,0,0,0,0,0,0,0.0,0,0,0,0,0,64.0,5755.0,0,0,0,54,eth:ethertype:ip:tcp,39.3,94.8,51.7,160.0,-55.0,84:F3:EB:65:43:21,,,,,0.0,Normal,0.0
1744320250403798,10.42.0.3,10.42.0.1,64857,1883,0,0,1,0,0,0,0,0,0,0,0,0,0,0.0,0,,0,0,,0,0,0,0,0,0,0,0,0.0,0,0,0,0,0,64.0,5760.0,0,0,0,58,eth:ethertype:ip:tcp,39.3,94.8,51.7,160.0,-55.0,84:F3:EB:65:43:21,,,,,0.0,Normal,0.0
1744320250407587,10.42.0.3,10.42.0.1,64857,1883,1,1,0,1,0,0,0,0,0,0,0,0,0,0.0,0,,0,0,,0,0,0,0,0,0,0,0,0.0,0,0,0,0,0,64.0,5760.0,0,0,0,54,eth:ethertype:ip:tcp,39.3,94.8,51.7,160.0,-55.0,84:F3:EB:65:43:21,,,,,0.0,Normal,0.0
1744320250409912,10.42.0.3,10.42.0.1,64857,1883,1,1,0,1,0,0,1,0,3,0,0,0,0,0.0,0,,0,0,,0,0,0,0,0,0,0,0,0.0,0,0,0,0,0,64.0,5760.0,0,0,0,57,eth:ethertype:ip:tcp,39.3,94.8,51.7,160.0,-55.0,84:F3:EB:65:43:21,,,,,0.0,Normal,0.0
1744320250413320,10.42.0.3,10.42.0.1,64857,1883,4,1,0,1,0,0,1,0,29,0,0,0,0,0.0,0,,0,0,,0,0,0,0,0,0,0,0,0.0,0,0,0,0,0,64.0,5760.0,0,0,0,83,eth:ethertype:ip:tcp,39.3,94.8,51.7,160.0,-55.0,84:F3:EB:65:43:21,,,,,0.0,Normal,0.0
1744320250416503,10.42.0.3,10.42.0.1,64857,1883,33,1,0,1,0,0,1,0,12,0,0,0,0,0.0,0,,0,1,,0,0,0,1,42,4,MQTT,4,0.0,0,0,0,0,0,64.0,5760.0,0,0,esp32_a842e3abaccc,66,eth:ethertype:ip:tcp:mqtt,39.3,94.8,51.7,160.0,-55.0,84:F3:EB:65:43:21,,,,,0.0,Normal,0.0
1744320250461824,10.42.0.3,10.42.0.1,64857,1883,45,5,0,1,0,0,1,0,3,0,0,0,0,0.0,0,,0,0,,0,0,0,0,0,0,0,0,0.0,0,0,0,0,0,64.0,5756.0,0,0,0,57,eth:ethertype:ip:tcp,39.3,94.8,51.7,160.0,-55.0,84:F3:EB:65:43:21,,,,,0.0,Normal,0.0
1744320250462585,10.42.0.3,10.42.0.1,64857,1883,48,5,0,1,1,0,1,0,180,0,0,0,0,0.0,0,,0,3,"Wakeup: 0, Mode: 0, Reset: 1, Temperature: 37.4, Uptime: 1236, Memory: 94.8, In_Temperature: 51.1, CPU: 160, RSSI: -52, MAC: 84:F3:EB:65:43:21, F_Storage: 99.22",test/temperatura,16,0,0,178,0,0,0,0.0,0,0,0,0,0,64.0,5756.0,0,0,0,234,eth:ethertype:ip:tcp:mqtt:mqtt,37.4,94.8,51.1,160.0,-52.0,84:F3:EB:65:43:21,,,,,0.0,Normal,0.0
1744320250467430,10.42.0.3,10.42.0.1,64857,1883,229,6,0,1,0,0,0,0,0,0,0,0,0,0.0,0,,0,0,,0,0,0,0,0,0,0,0,0.0,0,0,0,0,0,64.0,5755.0,0,0,0,54,eth:ethertype:ip:tcp,37.4,94.8,51.1,160.0,-52.0,84:F3:EB:65:43:21,,,,,0.0,Normal,0.0
1744320280463005,10.42.0.3,10.42.0.1,64858,1883,0,0,1,0,0,0,0,0,0,0,0,0,0,0.0,0,,0,0,,0,0,0,0,0,0,0,0,0.0,0,0,0,0,0,64.0,5760.0,0,0,0,58,eth:ethertype:ip:tcp,37.4,94.8,51.1,160.0,-52.0,84:F3:EB:65:43:21,,,,,0.0,Normal,0.0
1744320280472356,10.42.0.3,10.42.0.1,64858,1883,1,1,0,1,0,0,0,0,0,0,0,0,0,0.0,0,,0,0,,0,0,0,0,0,0,0,0,0.0,0,0,0,0,0,64.0,5760.0,0,0,0,54,eth:ethertype:ip:tcp,37.4,94.8,51.1,160.0,-52.0,84:F3:EB:65:43:21,,,,,0.0,Normal,0.0
1744320280472444,10.42.0.3,10.42.0.1,64858,1883,1,1,0,1,0,0,1,0,3,0,0,0,0,0.0,0,,0,0,,0,0,0,0,0,0,0,0,0.0,0,0,0,0,0,64.0,5760.0,0,0,0,57,eth:ethertype:ip:tcp,37.4,94.8,51.1,160.0,-52.0,84:F3:EB:65:43:21,,,,,0.0,Normal,0.0
1744320280475665,10.42.0.3,10.42.0.1,64858,1883,4,1,0,1,0,0,1,0,41,0,0,0,0,0.0,0,,0,1,,0,0,0,1,42,4,MQTT,4,0.0,0,0,0,0,0,64.0,5760.0,0,0,esp32_a842e3abaccc,95,eth:ethertype:ip:tcp:mqtt,37.4,94.8,51.1,160.0,-52.0,84:F3:EB:65:43:21,,,,,0.0,Normal,0.0
1744320280500310,10.42.0.3,10.42.0.1,64858,1883,45,5,0,1,0,0,1,0,3,0,0,0,0,0.0,0,,0,0,,0,0,0,0,0,0,0,0,0.0,0,0,0,0,0,64.0,5756.0,0,0,0,57,eth:ethertype:ip:tcp,37.4,94.8,51.1,160.0,-52.0,84:F3:EB:65:43:21,,,,,0.0,Normal,0.0
1744320280514204,10.42.0.3,10.42.0.1,64858,1883,48,5,0,1,1,0,1,0,180,0,0,0,0,0.0,0,,0,3,"Wakeup: 0, Mode: 0, Reset: 1, Temperature: 38.4, Uptime: 1266, Memory: 94.8, In_Temperature: 51.7, CPU: 160, RSSI: -52, MAC: 84:F3:EB:65:43:21, F_Storage: 99.22",test/temperatura,16,0,0,178,0,0,0,0.0,0,0,0,0,0,64.0,5756.0,0,0,0,234,eth:ethertype:ip:tcp:mqtt:mqtt,38.4,94.8,51.7,160.0,-52.0,84:F3:EB:65:43:21,,,,,0.0,Normal,0.0
1744320280520360,10.42.0.3,10.42.0.1,64858,1883,229,6,0,1,0,0,0,0,0,0,0,0,0,0.0,0,,0,0,,0,0,0,0,0,0,0,0,0.0,0,0,0,0,0,64.0,5755.0,0,0,0,54,eth:ethertype:ip:tcp,38.4,94.8,51.7,160.0,-52.0,84:F3:EB:65:43:21,,,,,0.0,Normal,0.0
1744320310523080,10.42.0.3,10.42.0.1,64859,1883,0,0,1,0,0,0,0,0,0,0,0,0,0,0.0,0,,0,0,,0,0,0,0,0,0,0,0,0.0,0,0,0,0,0,64.0,5760.0,0,0,0,58,eth:ethertype:ip:tcp,38.4,94.8,51.7,160.0,-52.0,84:F3:EB:65:43:21,,,,,0.0,Normal,0.0
1744320310526738,10.42.0.3,10.42.0.1,64859,1883,1,1,0,1,0,0,0,0,0,0,0,0,0,0.0,0,,0,0,,0,0,0,0,0,0,0,0,0.0,0,0,0,0,0,64.0,5760.0,0,0,0,54,eth:ethertype:ip:tcp,38.4,94.8,51.7,160.0,-52.0,84:F3:EB:65:43:21,,,,,0.0,Normal,0.0
1744320310528803,10.42.0.3,10.42.0.1,64859,1883,1,1,0,1,0,0,1,0,3,0,0,0,0,0.0,0,,0,0,,0,0,0,0,0,0,0,0,0.0,0,0,0,0,0,64.0,5760.0,0,0,0,57,eth:ethertype:ip:tcp,38.4,94.8,51.7,160.0,-52.0,84:F3:EB:65:43:21,,,,,0.0,Normal,0.0
1744320310532478,10.42.0.3,10.42.0.1,64859,1883,4,1,0,1,0,0,1,0,29,0,0,0,0,0.0,0,,0,0,,0,0,0,0,0,0,0,0,0.0,0,0,0,0,0,64.0,5760.0,0,0,0,83,eth:ethertype:ip:tcp,38.4,94.8,51.7,160.0,-52.0,84:F3:EB:65:43:21,,,,,0.0,Normal,0.0
1744320310537480,10.42.0.3,10.42.0.1,64859,1883,33,1,0,1,0,0,1,0,12,0,0,0,0,0.0,0,,0,1,,0,0,0,1,42,4,MQTT,4,0.0,0,0,0,0,0,64.0,5760.0,0,0,esp32_a842e3abaccc,66,eth:ethertype:ip:tcp:mqtt,38.4,94.8,51.7,160.0,-52.0,84:F3:EB:65:43:21,,,,,0.0,Normal,0.0
1744320310570968,10.42.0.3,10.42.0.1,64859,1883,45,5,0,1,0,0,1,0,3,0,0,0,0,0.0,0,,0,0,,0,0,0,0,0,0,0,0,0.0,0,0,0,0,0,64.0,5756.0,0,0,0,57,eth:ethertype:ip:tcp,38.4,94.8,51.7,160.0,-52.0,84:F3:EB:65:43:21,,,,,0.0,Normal,0.0
1744320310573689,10.42.0.3,10.42.0.1,64859,1883,48,5,0,1,1,0,1,0,180,0,0,0,0,0.0,0,,0,3,"Wakeup: 0, Mode: 0, Reset: 1, Temperature: 37.6, Uptime: 1297, Memory: 94.8, In_Temperature: 51.7, CPU: 160, RSSI: -52, MAC: 84:F3:EB:65:43:21, F_Storage: 99.22",test/temperatura,16,0,0,178,0,0,0,0.0,0,0,0,0,0,64.0,5756.0,0,0,0,234,eth:ethertype:ip:tcp:mqtt:mqtt,37.6,94.8,51.7,160.0,-52.0,84:F3:EB:65:43:21,,,,,0.0,Normal,0.0
1744320310577276,10.42.0.3,10.42.0.1,64859,1883,229,6,0,1,0,0,0,0,0,0,0,0,0,0.0,0,,0,0,,0,0,0,0,0,0,0,0,0.0,0,0,0,0,0,64.0,5755.0,0,0,0,54,eth:ethertype:ip:tcp,37.6,94.8,51.7,160.0,-52.0,84:F3:EB:65:43:21,,,,,0.0,Normal,0.0
1744320340582796,10.42.0.3,10.42.0.1,64860,1883,0,0,1,0,0,0,0,0,0,0,0,0,0,0.0,0,,0,0,,0,0,0,0,0,0,0,0,0.0,0,0,0,0,0,64.0,5760.0,0,0,0,58,eth:ethertype:ip:tcp,37.6,94.8,51.7,160.0,-52.0,84:F3:EB:65:43:21,,,,,0.0,Normal,0.0
1744320340587446,10.42.0.3,10.42.0.1,64860,1883,1,1,0,1,0,0,0,0,0,0,0,0,0,0.0,0,,0,0,,0,0,0,0,0,0,0,0,0.0,0,0,0,0,0,64.0,5760.0,0,0,0,54,eth:ethertype:ip:tcp,37.6,94.8,51.7,160.0,-52.0,84:F3:EB:65:43:21,,,,,0.0,Normal,0.0
1744320340591678,10.42.0.3,10.42.0.1,64860,1883,1,1,0,1,0,0,1,0,3,0,0,0,0,0.0,0,,0,0,,0,0,0,0,0,0,0,0,0.0,0,0,0,0,0,64.0,5760.0,0,0,0,57,eth:ethertype:ip:tcp,37.6,94.8,51.7,160.0,-52.0,84:F3:EB:65:43:21,,,,,0.0,Normal,0.0
1744320340594842,10.42.0.3,10.42.0.1,64860,1883,4,1,0,1,0,0,1,0,41,0,0,0,0,0.0,0,,0,1,,0,0,0,1,42,4,MQTT,4,0.0,0,0,0,0,0,64.0,5760.0,0,0,esp32_a842e3abaccc,95,eth:ethertype:ip:tcp:mqtt,37.6,94.8,51.7,160.0,-52.0,84:F3:EB:65:43:21,,,,,0.0,Normal,0.0
1744320340619123,10.42.0.3,10.42.0.1,64860,1883,45,5,0,1,0,0,1,0,3,0,0,0,0,0.0,0,,0,0,,0,0,0,0,0,0,0,0,0.0,0,0,0,0,0,64.0,5756.0,0,0,0,57,eth:ethertype:ip:tcp,37.6,94.8,51.7,160.0,-52.0,84:F3:EB:65:43:21,,,,,0.0,Normal,0.0
1744320340634797,10.42.0.3,10.42.0.1,64860,1883,48,5,0,1,1,0,1,0,180,0,0,0,0,0.0,0,,0,3,"Wakeup: 0, Mode: 0, Reset: 1, Temperature: 25.7, Uptime: 1327, Memory: 94.8, In_Temperature: 51.7, CPU: 160, RSSI: -55, MAC: 84:F3:EB:65:43:21, F_Storage: 99.22",test/temperatura,16,0,0,178,0,0,0,0.0,0,0,0,0,0,64.0,5756.0,0,0,0,234,eth:ethertype:ip:tcp:mqtt:mqtt,25.7,94.8,51.7,160.0,-55.0,84:F3:EB:65:43:21,,,,,0.0,Normal,0.0
1744320340638350,10.42.0.3,10.42.0.1,64860,1883,229,6,0,1,0,0,0,0,0,0,0,0,0,0.0,0,,0,0,,0,0,0,0,0,0,0,0,0.0,0,0,0,0,0,64.0,5755.0,0,0,0,54,eth:ethertype:ip:tcp,25.7,94.8,51.7,160.0,-55.0,84:F3:EB:65:43:21,,,,,0.0,Normal,0.0
1744320370642070,10.42.0.3,10.42.0.1,64861,1883,0,0,1,0,0,0,0,0,0,0,0,0,0,0.0,0,,0,0,,0,0,0,0,0,0,0,0,0.0,0,0,0,0,0,64.0,5760.0,0,0,0,58,eth:ethertype:ip:tcp,25.7,94.8,51.7,160.0,-55.0,84:F3:EB:65:43:21,,,,,0.0,Normal,0.0
1744320370646474,10.42.0.3,10.42.0.1,64861,1883,1,1,0,1,0,0,0,0,0,0,0,0,0,0.0,0,,0,0,,0,0,0,0,0,0,0,0,0.0,0,0,0,0,0,64.0,5760.0,0,0,0,54,eth:ethertype:ip:tcp,25.7,94.8,51.7,160.0,-55.0,84:F3:EB:65:43:21,,,,,0.0,Normal,0.0
1744320370650798,10.42.0.3,10.42.0.1,64861,1883,1,1,0,1,0,0,1,0,3,0,0,0,0,0.0,0,,0,0,,0,0,0,0,0,0,0,0,0.0,0,0,0,0,0,64.0,5760.0,0,0,0,57,eth:ethertype:ip:tcp,25.7,94.8,51.7,160.0,-55.0,84:F3:EB:65:43:21,,,,,0.0,Normal,0.0
1744320370654561,10.42.0.3,10.42.0.1,64861,1883,4,1,0,1,0,0,1,0,41,0,0,0,0,0.0,0,,0,1,,0,0,0,1,42,4,MQTT,4,0.0,0,0,0,0,0,64.0,5760.0,0,0,esp32_a842e3abaccc,95,eth:ethertype:ip:tcp:mqtt,25.7,94.8,51.7,160.0,-55.0,84:F3:EB:65:43:21,,,,,0.0,Normal,0.0
1744320370678702,10.42.0.3,10.42.0.1,64861,1883,45,5,0,1,0,0,1,0,3,0,0,0,0,0.0,0,,0,0,,0,0,0,0,0,0,0,0,0.0,0,0,0,0,0,64.0,5756.0,0,0,0,57,eth:ethertype:ip:tcp,25.7,94.8,51.7,160.0,-55.0,84:F3:EB:65:43:21,,,,,0.0,Normal,0.0
1744320370692611,10.42.0.3,10.42.0.1,64861,1883,48,5,0,1,1,0,1,0,180,0,0,0,0,0.0,0,,0,3,"Wakeup: 0, Mode: 0, Reset: 1, Temperature: 27.8, Uptime: 1357, Memory: 94.8, In_Temperature: 51.7, CPU: 160, RSSI: -52, MAC: 84:F3:EB:65:43:21, F_Storage: 99.22",test/temperatura,16,0,0,178,0,0,0,0.0,0,0,0,0,0,64.0,5756.0,0,0,0,234,eth:ethertype:ip:tcp:mqtt:mqtt,27.8,94.8,51.7,160.0,-52.0,84:F3:EB:65:43:21,,,,,0.0,Normal,0.0
1744320370695903,10.42.0.3,10.42.0.1,64861,1883,229,6,0,1,0,0,0,0,0,0,0,0,0,0.0,0,,0,0,,0,0,0,0,0,0,0,0,0.0,0,0,0,0,0,64.0,5755.0,0,0,0,54,eth:ethertype:ip:tcp,27.8,94.8,51.7,160.0,-52.0,84:F3:EB:65:43:21,,,,,0.0,Normal,0.0
1744320400719362,10.42.0.3,10.42.0.1,64862,1883,0,0,1,0,0,0,0,0,0,0,0,0,0,0.0,0,,0,0,,0,0,0,0,0,0,0,0,0.0,0,0,0,0,0,64.0,5760.0,0,0,0,58,eth:ethertype:ip:tcp,27.8,94.8,51.7,160.0,-52.0,84:F3:EB:65:43:21,,,,,0.0,Normal,0.0
1744320400723146,10.42.0.3,10.42.0.1,64862,1883,1,1,0,1,0,0,0,0,0,0,0,0,0,0.0,0,,0,0,,0,0,0,0,0,0,0,0,0.0,0,0,0,0,0,64.0,5760.0,0,0,0,54,eth:ethertype:ip:tcp,27.8,94.8,51.7,160.0,-52.0,84:F3:EB:65:43:21,,,,,0.0,Normal,0.0
1744320400725508,10.42.0.3,10.42.0.1,64862,1883,1,1,0,1,0,0,1,0,3,0,0,0,0,0.0,0,,0,0,,0,0,0,0,0,0,0,0,0.0,0,0,0,0,0,64.0,5760.0,0,0,0,57,eth:ethertype:ip:tcp,27.8,94.8,51.7,160.0,-52.0,84:F3:EB:65:43:21,,,,,0.0,Normal,0.0
1744320400730482,10.42.0.3,10.42.0.1,64862,1883,4,1,0,1,0,0,1,0,29,0,0,0,0,0.0,0,,0,0,,0,0,0,0,0,0,0,0,0.0,0,0,0,0,0,64.0,5760.0,0,0,0,83,eth:ethertype:ip:tcp,27.8,94.8,51.7,160.0,-52.0,84:F3:EB:65:43:21,,,,,0.0,Normal,0.0
1744320400733111,10.42.0.3,10.42.0.1,64862,1883,33,1,0,1,0,0,1,0,12,0,0,0,0,0.0,0,,0,1,,0,0,0,1,42,4,MQTT,4,0.0,0,0,0,0,0,64.0,5760.0,0,0,esp32_a842e3abaccc,66,eth:ethertype:ip:tcp:mqtt,27.8,94.8,51.7,160.0,-52.0,84:F3:EB:65:43:21,,,,,0.0,Normal,0.0
1744320400758083,10.42.0.3,10.42.0.1,64862,1883,45,5,0,1,0,0,1,0,3,0,0,0,0,0.0,0,,0,0,,0,0,0,0,0,0,0,0,0.0,0,0,0,0,0,64.0,5756.0,0,0,0,57,eth:ethertype:ip:tcp,27.8,94.8,51.7,160.0,-52.0,84:F3:EB:65:43:21,,,,,0.0,Normal,0.0
1744320400772158,10.42.0.3,10.42.0.1,64862,1883,48,5,0,1,1,0,1,0,180,0,0,0,0,0.0,0,,0,3,"Wakeup: 0, Mode: 0, Reset: 1, Temperature: 32.1, Uptime: 1387, Memory: 94.8, In_Temperature: 51.7, CPU: 160, RSSI: -56, MAC: 84:F3:EB:65:43:21, F_Storage: 99.22",test/temperatura,16,0,0,178,0,0,0,0.0,0,0,0,0,0,64.0,5756.0,0,0,0,234,eth:ethertype:ip:tcp:mqtt:mqtt,32.1,94.8,51.7,160.0,-56.0,84:F3:EB:65:43:21,,,,,0.0,Normal,0.0
1744320400775626,10.42.0.3,10.42.0.1,64862,1883,229,6,0,1,0,0,0,0,0,0,0,0,0,0.0,0,,0,0,,0,0,0,0,0,0,0,0,0.0,0,0,0,0,0,64.0,5755.0,0,0,0,54,eth:ethertype:ip:tcp,32.1,94.8,51.7,160.0,-56.0,84:F3:EB:65:43:21,,,,,0.0,Normal,0.0
1744320430781277,10.42.0.3,10.42.0.1,64863,1883,0,0,1,0,0,0,0,0,0,0,0,0,0,0.0,0,,0,0,,0,0,0,0,0,0,0,0,0.0,0,0,0,0,0,64.0,5760.0,0,0,0,58,eth:ethertype:ip:tcp,32.1,94.8,51.7,160.0,-56.0,84:F3:EB:65:43:21,,,,,0.0,Normal,0.0
1744320430785084,10.42.0.3,10.42.0.1,64863,1883,1,1,0,1,0,0,0,0,0,0,0,0,0,0.0,0,,0,0,,0,0,0,0,0,0,0,0,0.0,0,0,0,0,0,64.0,5760.0,0,0,0,54,eth:ethertype:ip:tcp,32.1,94.8,51.7,160.0,-56.0,84:F3:EB:65:43:21,,,,,0.0,Normal,0.0
1744320430787441,10.42.0.3,10.42.0.1,64863,1883,1,1,0,1,0,0,1,0,3,0,0,0,0,0.0,0,,0,0,,0,0,0,0,0,0,0,0,0.0,0,0,0,0,0,64.0,5760.0,0,0,0,57,eth:ethertype:ip:tcp,32.1,94.8,51.7,160.0,-56.0,84:F3:EB:65:43:21,,,,,0.0,Normal,0.0
1744320430790834,10.42.0.3,10.42.0.1,64863,1883,4,1,0,1,0,0,1,0,29,0,0,0,0,0.0,0,,0,0,,0,0,0,0,0,0,0,0,0.0,0,0,0,0,0,64.0,5760.0,0,0,0,83,eth:ethertype:ip:tcp,32.1,94.8,51.7,160.0,-56.0,84:F3:EB:65:43:21,,,,,0.0,Normal,0.0
1744320430794542,10.42.0.3,10.42.0.1,64863,1883,33,1,0,1,0,0,1,0,12,0,0,0,0,0.0,0,,0,1,,0,0,0,1,42,4,MQTT,4,0.0,0,0,0,0,0,64.0,5760.0,0,0,esp32_a842e3abaccc,66,eth:ethertype:ip:tcp:mqtt,32.1,94.8,51.7,160.0,-56.0,84:F3:EB:65:43:21,,,,,0.0,Normal,0.0
1744320430820392,10.42.0.3,10.42.0.1,64863,1883,45,5,0,1,0,0,1,0,3,0,0,0,0,0.0,0,,0,0,,0,0,0,0,0,0,0,0,0.0,0,0,0,0,0,64.0,5756.0,0,0,0,57,eth:ethertype:ip:tcp,32.1,94.8,51.7,160.0,-56.0,84:F3:EB:65:43:21,,,,,0.0,Normal,0.0
1744320430831459,10.42.0.3,10.42.0.1,64863,1883,48,5,0,1,1,0,1,0,180,0,0,0,0,0.0,0,,0,3,"Wakeup: 0, Mode: 0, Reset: 1, Temperature: 25.7, Uptime: 1417, Memory: 94.8, In_Temperature: 51.7, CPU: 160, RSSI: -56, MAC: 84:F3:EB:65:43:21, F_Storage: 99.22",test/temperatura,16,0,0,178,0,0,0,0.0,0,0,0,0,0,64.0,5756.0,0,0,0,234,eth:ethertype:ip:tcp:mqtt:mqtt,25.7,94.8,51.7,160.0,-56.0,84:F3:EB:65:43:21,,,,,0.0,Normal,0.0
1744320430835128,10.42.0.3,10.42.0.1,64863,1883,229,6,0,1,0,0,0,0,0,0,0,0,0,0.0,0,,0,0,,0,0,0,0,0,0,0,0,0.0,0,0,0,0,0,64.0,5755.0,0,0,0,54,eth:ethertype:ip:tcp,25.7,94.8,51.7,160.0,-56.0,84:F3:EB:65:43:21,,,,,0.0,Normal,0.0
1744301349081797,10.42.0.139,10.42.0.1,49926,1883,48,5,0,1,1,0,1,0,185,0,0,0,0,0.0,0,,0,3,"Wakeup: 0, Mode: 0, Reset: 1, Temperature: 27.9, Uptime: 625623, Memory: 94.9, In_Temperature: 52.8°C, CPU: 160, RSSI: -49, MAC: a0:a3:b3:ed:ac:1c, F_Storage: 99.2",test/temperatura,16,0,0,182,0,0,0,0.0,0,0,0,0,0,64.0,5756.0,0,0,0,239,eth:ethertype:ip:tcp:mqtt,27.9,94.9,52.8,160.0,-49.0,a0:a3:b3:ed:ac:1c,,,,,0.0,Normal,0.0
1744301349085191,10.42.0.139,10.42.0.1,49926,1883,234,6,0,1,0,0,0,0,0,0,0,0,0,0.0,0,,0,0,,0,0,0,0,0,0,0,0,0.0,0,0,0,0,0,64.0,5755.0,0,0,0,54,eth:ethertype:ip:tcp,27.9,94.9,52.8,160.0,-49.0,a0:a3:b3:ed:ac:1c,,,,,0.0,Normal,0.0
1744301379099035,10.42.0.139,10.42.0.1,49927,1883,0,0,1,0,0,0,0,0,0,0,0,0,0,0.0,0,,0,0,,0,0,0,0,0,0,0,0,0.0,0,0,0,0,0,64.0,5760.0,0,0,0,58,eth:ethertype:ip:tcp,27.9,94.9,52.8,160.0,-49.0,a0:a3:b3:ed:ac:1c,,,,,0.0,Normal,0.0
1744301379105843,10.42.0.139,10.42.0.1,49927,1883,1,1,0,1,0,0,0,0,0,0,0,0,0,0.0,0,,0,0,,0,0,0,0,0,0,0,0,0.0,0,0,0,0,0,64.0,5760.0,0,0,0,54,eth:ethertype:ip:tcp,27.9,94.9,52.8,160.0,-49.0,a0:a3:b3:ed:ac:1c,,,,,0.0,Normal,0.0
1744301379125487,10.42.0.139,10.42.0.1,49927,1883,1,1,0,1,0,0,1,0,3,0,0,0,0,0.0,0,,0,0,,0,0,0,0,0,0,0,0,0.0,0,0,0,0,0,64.0,5760.0,0,0,0,57,eth:ethertype:ip:tcp,27.9,94.9,52.8,160.0,-49.0,a0:a3:b3:ed:ac:1c,,,,,0.0,Normal,0.0
1744301379128300,10.42.0.139,10.42.0.1,49927,1883,4,1,0,1,0,0,1,0,41,0,0,0,0,0.0,0,,0,1,,0,0,0,1,42,4,MQTT,4,0.0,0,0,0,0,0,64.0,5760.0,0,0,esp32_a0a3b3edac1c,95,eth:ethertype:ip:tcp:mqtt,27.9,94.9,52.8,160.0,-49.0,a0:a3:b3:ed:ac:1c,,,,,0.0,Normal,0.0
1744301379180180,10.42.0.139,10.42.0.1,49927,1883,45,5,0,1,0,0,1,0,3,0,0,0,0,0.0,0,,0,0,,0,0,0,0,0,0,0,0,0.0,0,0,0,0,0,64.0,5756.0,0,0,0,57,eth:ethertype:ip:tcp,27.9,94.9,52.8,160.0,-49.0,a0:a3:b3:ed:ac:1c,,,,,0.0,Normal,0.0
1744301379181760,10.42.0.139,10.42.0.1,49927,1883,48,5,0,1,1,0,1,0,185,0,0,0,0,0.0,0,,0,3,"Wakeup: 0, Mode: 0, Reset: 1, Temperature: 30.9, Uptime: 625653, Memory: 94.9, In_Temperature: 52.8°C, CPU: 160, RSSI: -46, MAC: a0:a3:b3:ed:ac:1c, F_Storage: 99.2",test/temperatura,16,0,0,182,0,0,0,0.0,0,0,0,0,0,64.0,5756.0,0,0,0,239,eth:ethertype:ip:tcp:mqtt,30.9,94.9,52.8,160.0,-46.0,a0:a3:b3:ed:ac:1c,,,,,0.0,Normal,0.0
1744301379185221,10.42.0.139,10.42.0.1,49927,1883,234,6,0,1,0,0,0,0,0,0,0,0,0,0.0,0,,0,0,,0,0,0,0,0,0,0,0,0.0,0,0,0,0,0,64.0,5755.0,0,0,0,54,eth:ethertype:ip:tcp,30.9,94.9,52.8,160.0,-46.0,a0:a3:b3:ed:ac:1c,,,,,0.0,Normal,0.0
1744301409190294,10.42.0.139,10.42.0.1,49928,1883,0,0,1,0,0,0,0,0,0,0,0,0,0,0.0,0,,0,0,,0,0,0,0,0,0,0,0,0.0,0,0,0,0,0,64.0,5760.0,0,0,0,58,eth:ethertype:ip:tcp,30.9,94.9,52.8,160.0,-46.0,a0:a3:b3:ed:ac:1c,,,,,0.0,Normal,0.0
1744301409194311,10.42.0.139,10.42.0.1,49928,1883,1,1,0,1,0,0,0,0,0,0,0,0,0,0.0,0,,0,0,,0,0,0,0,0,0,0,0,0.0,0,0,0,0,0,64.0,5760.0,0,0,0,54,eth:ethertype:ip:tcp,30.9,94.9,52.8,160.0,-46.0,a0:a3:b3:ed:ac:1c,,,,,0.0,Normal,0.0
1744301409196406,10.42.0.139,10.42.0.1,49928,1883,1,1,0,1,0,0,1,0,3,0,0,0,0,0.0,0,,0,0,,0,0,0,0,0,0,0,0,0.0,0,0,0,0,0,64.0,5760.0,0,0,0,57,eth:ethertype:ip:tcp,30.9,94.9,52.8,160.0,-46.0,a0:a3:b3:ed:ac:1c,,,,,0.0,Normal,0.0
1744301409199784,10.42.0.139,10.42.0.1,49928,1883,4,1,0,1,0,0,1,0,29,0,0,0,0,0.0,0,,0,0,,0,0,0,0,0,0,0,0,0.0,0,0,0,0,0,64.0,5760.0,0,0,0,83,eth:ethertype:ip:tcp,30.9,94.9,52.8,160.0,-46.0,a0:a3:b3:ed:ac:1c,,,,,0.0,Normal,0.0
1744301409202803,10.42.0.139,10.42.0.1,49928,1883,33,1,0,1,0,0,1,0,12,0,0,0,0,0.0,0,,0,1,,0,0,0,1,42,4,MQTT,4,0.0,0,0,0,0,0,64.0,5760.0,0,0,esp32_a0a3b3edac1c,66,eth:ethertype:ip:tcp:mqtt,30.9,94.9,52.8,160.0,-46.0,a0:a3:b3:ed:ac:1c,,,,,0.0,Normal,0.0
1744301409239999,10.42.0.139,10.42.0.1,49928,1883,45,5,0,1,0,0,1,0,3,0,0,0,0,0.0,0,,0,0,,0,0,0,0,0,0,0,0,0.0,0,0,0,0,0,64.0,5756.0,0,0,0,57,eth:ethertype:ip:tcp,30.9,94.9,52.8,160.0,-46.0,a0:a3:b3:ed:ac:1c,,,,,0.0,Normal,0.0
1744301409250404,10.42.0.139,10.42.0.1,49928,1883,48,5,0,1,1,0,1,0,185,0,0,0,0,0.0,0,,0,3,"Wakeup: 0, Mode: 0, Reset: 1, Temperature: 29.6, Uptime: 625683, Memory: 94.9, In_Temperature: 52.8°C, CPU: 160, RSSI: -49, MAC: a0:a3:b3:ed:ac:1c, F_Storage: 99.2",test/temperatura,16,0,0,182,0,0,0,0.0,0,0,0,0,0,64.0,5756.0,0,0,0,239,eth:ethertype:ip:tcp:mqtt,29.6,94.9,52.8,160.0,-49.0,a0:a3:b3:ed:ac:1c,,,,,0.0,Normal,0.0
1744301409255552,10.42.0.139,10.42.0.1,49928,1883,234,6,0,1,0,0,0,0,0,0,0,0,0,0.0,0,,0,0,,0,0,0,0,0,0,0,0,0.0,0,0,0,0,0,64.0,5755.0,0,0,0,54,eth:ethertype:ip:tcp,29.6,94.9,52.8,160.0,-49.0,a0:a3:b3:ed:ac:1c,,,,,0.0,Normal,0.0
1744301439258727,10.42.0.139,10.42.0.1,49929,1883,0,0,1,0,0,0,0,0,0,0,0,0,0,0.0,0,,0,0,,0,0,0,0,0,0,0,0,0.0,0,0,0,0,0,64.0,5760.0,0,0,0,58,eth:ethertype:ip:tcp,29.6,94.9,52.8,160.0,-49.0,a0:a3:b3:ed:ac:1c,,,,,0.0,Normal,0.0
1744301439264428,10.42.0.139,10.42.0.1,49929,1883,1,1,0,1,0,0,0,0,0,0,0,0,0,0.0,0,,0,0,,0,0,0,0,0,0,0,0,0.0,0,0,0,0,0,64.0,5760.0,0,0,0,54,eth:ethertype:ip:tcp,29.6,94.9,52.8,160.0,-49.0,a0:a3:b3:ed:ac:1c,,,,,0.0,Normal,0.0
1744301439266115,10.42.0.139,10.42.0.1,49929,1883,1,1,0,1,0,0,1,0,3,0,0,0,0,0.0,0,,0,0,,0,0,0,0,0,0,0,0,0.0,0,0,0,0,0,64.0,5760.0,0,0,0,57,eth:ethertype:ip:tcp,29.6,94.9,52.8,160.0,-49.0,a0:a3:b3:ed:ac:1c,,,,,0.0,Normal,0.0
1744301439269751,10.42.0.139,10.42.0.1,49929,1883,4,1,0,1,0,0,1,0,29,0,0,0,0,0.0,0,,0,0,,0,0,0,0,0,0,0,0,0.0,0,0,0,0,0,64.0,5760.0,0,0,0,83,eth:ethertype:ip:tcp,29.6,94.9,52.8,160.0,-49.0,a0:a3:b3:ed:ac:1c,,,,,0.0,Normal,0.0
1744301439272924,10.42.0.139,10.42.0.1,49929,1883,33,1,0,1,0,0,1,0,12,0,0,0,0,0.0,0,,0,1,,0,0,0,1,42,4,MQTT,4,0.0,0,0,0,0,0,64.0,5760.0,0,0,esp32_a0a3b3edac1c,66,eth:ethertype:ip:tcp:mqtt,29.6,94.9,52.8,160.0,-49.0,a0:a3:b3:ed:ac:1c,,,,,0.0,Normal,0.0
1744301439308163,10.42.0.139,10.42.0.1,49929,1883,45,5,0,1,0,0,1,0,3,0,0,0,0,0.0,0,,0,0,,0,0,0,0,0,0,0,0,0.0,0,0,0,0,0,64.0,5756.0,0,0,0,57,eth:ethertype:ip:tcp,29.6,94.9,52.8,160.0,-49.0,a0:a3:b3:ed:ac:1c,,,,,0.0,Normal,0.0
1744301439319619,10.42.0.139,10.42.0.1,49929,1883,48,5,0,1,1,0,1,0,185,0,0,0,0,0.0,0,,0,3,"Wakeup: 0, Mode: 0, Reset: 1, Temperature: 26.1, Uptime: 625713, Memory: 94.9, In_Temperature: 52.2°C, CPU: 160, RSSI: -48, MAC: a0:a3:b3:ed:ac:1c, F_Storage: 99.2",test/temperatura,16,0,0,182,0,0,0,0.0,0,0,0,0,0,64.0,5756.0,0,0,0,239,eth:ethertype:ip:tcp:mqtt,26.1,94.9,52.2,160.0,-48.0,a0:a3:b3:ed:ac:1c,,,,,0.0,Normal,0.0
1744301439323155,10.42.0.139,10.42.0.1,49929,1883,234,6,0,1,0,0,0,0,0,0,0,0,0,0.0,0,,0,0,,0,0,0,0,0,0,0,0,0.0,0,0,0,0,0,64.0,5755.0,0,0,0,54,eth:ethertype:ip:tcp,26.1,94.9,52.2,160.0,-48.0,a0:a3:b3:ed:ac:1c,,,,,0.0,Normal,0.0
1744301442921225,10.42.0.139,10.42.0.1,0,0,0,0,0,0,0,0,0,0,0,0,0,0,0,0.0,0,,0,0,,0,0,0,0,0,0,0,0,0.0,0,0,0,0,0,64.0,0.0,0,0,0,350,eth:ethertype:ip:udp:dhcp,26.1,94.9,52.2,160.0,-48.0,a0:a3:b3:ed:ac:1c,,,,,0.0,Normal,0.0
1744301469328486,10.42.0.139,10.42.0.1,49930,1883,0,0,1,0,0,0,0,0,0,0,0,0,0,0.0,0,,0,0,,0,0,0,0,0,0,0,0,0.0,0,0,0,0,0,64.0,5760.0,0,0,0,58,eth:ethertype:ip:tcp,26.1,94.9,52.2,160.0,-48.0,a0:a3:b3:ed:ac:1c,,,,,0.0,Normal,0.0
1744301469332098,10.42.0.139,10.42.0.1,49930,1883,1,1,0,1,0,0,0,0,0,0,0,0,0,0.0,0,,0,0,,0,0,0,0,0,0,0,0,0.0,0,0,0,0,0,64.0,5760.0,0,0,0,54,eth:ethertype:ip:tcp,26.1,94.9,52.2,160.0,-48.0,a0:a3:b3:ed:ac:1c,,,,,0.0,Normal,0.0
1744301469334391,10.42.0.139,10.42.0.1,49930,1883,1,1,0,1,0,0,1,0,3,0,0,0,0,0.0,0,,0,0,,0,0,0,0,0,0,0,0,0.0,0,0,0,0,0,64.0,5760.0,0,0,0,57,eth:ethertype:ip:tcp,26.1,94.9,52.2,160.0,-48.0,a0:a3:b3:ed:ac:1c,,,,,0.0,Normal,0.0
1744301469337938,10.42.0.139,10.42.0.1,49930,1883,4,1,0,1,0,0,1,0,29,0,0,0,0,0.0,0,,0,0,,0,0,0,0,0,0,0,0,0.0,0,0,0,0,0,64.0,5760.0,0,0,0,83,eth:ethertype:ip:tcp,26.1,94.9,52.2,160.0,-48.0,a0:a3:b3:ed:ac:1c,,,,,0.0,Normal,0.0
1744301469340935,10.42.0.139,10.42.0.1,49930,1883,33,1,0,1,0,0,1,0,12,0,0,0,0,0.0,0,,0,1,,0,0,0,1,42,4,MQTT,4,0.0,0,0,0,0,0,64.0,5760.0,0,0,esp32_a0a3b3edac1c,66,eth:ethertype:ip:tcp:mqtt,26.1,94.9,52.2,160.0,-48.0,a0:a3:b3:ed:ac:1c,,,,,0.0,Normal,0.0
1744301469377797,10.42.0.139,10.42.0.1,49930,1883,45,5,0,1,0,0,1,0,3,0,0,0,0,0.0,0,,0,0,,0,0,0,0,0,0,0,0,0.0,0,0,0,0,0,64.0,5756.0,0,0,0,57,eth:ethertype:ip:tcp,26.1,94.9,52.2,160.0,-48.0,a0:a3:b3:ed:ac:1c,,,,,0.0,Normal,0.0
1744301469388944,10.42.0.139,10.42.0.1,49930,1883,48,5,0,1,1,0,1,0,185,0,0,0,0,0.0,0,,0,3,"Wakeup: 0, Mode: 0, Reset: 1, Temperature: 39.3, Uptime: 625743, Memory: 94.9, In_Temperature: 52.2°C, CPU: 160, RSSI: -48, MAC: a0:a3:b3:ed:ac:1c, F_Storage: 99.2",test/temperatura,16,0,0,182,0,0,0,0.0,0,0,0,0,0,64.0,5756.0,0,0,0,239,eth:ethertype:ip:tcp:mqtt,39.3,94.9,52.2,160.0,-48.0,a0:a3:b3:ed:ac:1c,,,,,0.0,Normal,0.0
1744301469392434,10.42.0.139,10.42.0.1,49930,1883,234,6,0,1,0,0,0,0,0,0,0,0,0,0.0,0,,0,0,,0,0,0,0,0,0,0,0,0.0,0,0,0,0,0,64.0,5755.0,0,0,0,54,eth:ethertype:ip:tcp,39.3,94.9,52.2,160.0,-48.0,a0:a3:b3:ed:ac:1c,,,,,0.0,Normal,0.0
1744301499398727,10.42.0.139,10.42.0.1,49931,1883,0,0,1,0,0,0,0,0,0,0,0,0,0,0.0,0,,0,0,,0,0,0,0,0,0,0,0,0.0,0,0,0,0,0,64.0,5760.0,0,0,0,58,eth:ethertype:ip:tcp,39.3,94.9,52.2,160.0,-48.0,a0:a3:b3:ed:ac:1c,,,,,0.0,Normal,0.0
1744301499418410,10.42.0.139,10.42.0.1,49931,1883,1,1,0,1,0,0,0,0,0,0,0,0,0,0.0,0,,0,0,,0,0,0,0,0,0,0,0,0.0,0,0,0,0,0,64.0,5760.0,0,0,0,54,eth:ethertype:ip:tcp,39.3,94.9,52.2,160.0,-48.0,a0:a3:b3:ed:ac:1c,,,,,0.0,Normal,0.0
1744301499420569,10.42.0.139,10.42.0.1,49931,1883,1,1,0,1,0,0,1,0,3,0,0,0,0,0.0,0,,0,0,,0,0,0,0,0,0,0,0,0.0,0,0,0,0,0,64.0,5760.0,0,0,0,57,eth:ethertype:ip:tcp,39.3,94.9,52.2,160.0,-48.0,a0:a3:b3:ed:ac:1c,,,,,0.0,Normal,0.0
1744301499423953,10.42.0.139,10.42.0.1,49931,1883,4,1,0,1,0,0,1,0,29,0,0,0,0,0.0,0,,0,0,,0,0,0,0,0,0,0,0,0.0,0,0,0,0,0,64.0,5760.0,0,0,0,83,eth:ethertype:ip:tcp,39.3,94.9,52.2,160.0,-48.0,a0:a3:b3:ed:ac:1c,,,,,0.0,Normal,0.0
1744301499427586,10.42.0.139,10.42.0.1,49931,1883,33,1,0,1,0,0,1,0,12,0,0,0,0,0.0,0,,0,1,,0,0,0,1,42,4,MQTT,4,0.0,0,0,0,0,0,64.0,5760.0,0,0,esp32_a0a3b3edac1c,66,eth:ethertype:ip:tcp:mqtt,39.3,94.9,52.2,160.0,-48.0,a0:a3:b3:ed:ac:1c,,,,,0.0,Normal,0.0
1744301499463047,10.42.0.139,10.42.0.1,49931,1883,45,5,0,1,0,0,1,0,3,0,0,0,0,0.0,0,,0,0,,0,0,0,0,0,0,0,0,0.0,0,0,0,0,0,64.0,5756.0,0,0,0,57,eth:ethertype:ip:tcp,39.3,94.9,52.2,160.0,-48.0,a0:a3:b3:ed:ac:1c,,,,,0.0,Normal,0.0
1744301499479225,10.42.0.139,10.42.0.1,49931,1883,48,5,0,1,1,0,1,0,185,0,0,0,0,0.0,0,,0,3,"Wakeup: 0, Mode: 0, Reset: 1, Temperature: 39.0, Uptime: 625773, Memory: 94.9, In_Temperature: 52.8°C, CPU: 160, RSSI: -49, MAC: a0:a3:b3:ed:ac:1c, F_Storage: 99.2",test/temperatura,16,0,0,182,0,0,0,0.0,0,0,0,0,0,64.0,5756.0,0,0,0,239,eth:ethertype:ip:tcp:mqtt,39.0,94.9,52.8,160.0,-49.0,a0:a3:b3:ed:ac:1c,,,,,0.0,Normal,0.0
1744301499482852,10.42.0.139,10.42.0.1,49931,1883,234,6,0,1,0,0,0,0,0,0,0,0,0,0.0,0,,0,0,,0,0,0,0,0,0,0,0,0.0,0,0,0,0,0,64.0,5755.0,0,0,0,54,eth:ethertype:ip:tcp,39.0,94.9,52.8,160.0,-49.0,a0:a3:b3:ed:ac:1c,,,,,0.0,Normal,0.0
1744301529487630,10.42.0.139,10.42.0.1,49932,1883,0,0,1,0,0,0,0,0,0,0,0,0,0,0.0,0,,0,0,,0,0,0,0,0,0,0,0,0.0,0,0,0,0,0,64.0,5760.0,0,0,0,58,eth:ethertype:ip:tcp,39.0,94.9,52.8,160.0,-49.0,a0:a3:b3:ed:ac:1c,,,,,0.0,Normal,0.0
1744301529491588,10.42.0.139,10.42.0.1,49932,1883,1,1,0,1,0,0,0,0,0,0,0,0,0,0.0,0,,0,0,,0,0,0,0,0,0,0,0,0.0,0,0,0,0,0,64.0,5760.0,0,0,0,54,eth:ethertype:ip:tcp,39.0,94.9,52.8,160.0,-49.0,a0:a3:b3:ed:ac:1c,,,,,0.0,Normal,0.0
1744301529493812,10.42.0.139,10.42.0.1,49932,1883,1,1,0,1,0,0,1,0,3,0,0,0,0,0.0,0,,0,0,,0,0,0,0,0,0,0,0,0.0,0,0,0,0,0,64.0,5760.0,0,0,0,57,eth:ethertype:ip:tcp,39.0,94.9,52.8,160.0,-49.0,a0:a3:b3:ed:ac:1c,,,,,0.0,Normal,0.0
1744301529497241,10.42.0.139,10.42.0.1,49932,1883,4,1,0,1,0,0,1,0,29,0,0,0,0,0.0,0,,0,0,,0,0,0,0,0,0,0,0,0.0,0,0,0,0,0,64.0,5760.0,0,0,0,83,eth:ethertype:ip:tcp,39.0,94.9,52.8,160.0,-49.0,a0:a3:b3:ed:ac:1c,,,,,0.0,Normal,0.0
1744301529500347,10.42.0.139,10.42.0.1,49932,1883,33,1,0,1,0,0,1,0,12,0,0,0,0,0.0,0,,0,1,,0,0,0,1,42,4,MQTT,4,0.0,0,0,0,0,0,64.0,5760.0,0,0,esp32_a0a3b3edac1c,66,eth:ethertype:ip:tcp:mqtt,39.0,94.9,52.8,160.0,-49.0,a0:a3:b3:ed:ac:1c,,,,,0.0,Normal,0.0
1744301529535958,10.42.0.139,10.42.0.1,49932,1883,45,5,0,1,0,0,1,0,3,0,0,0,0,0.0,0,,0,0,,0,0,0,0,0,0,0,0,0.0,0,0,0,0,0,64.0,5756.0,0,0,0,57,eth:ethertype:ip:tcp,39.0,94.9,52.8,160.0,-49.0,a0:a3:b3:ed:ac:1c,,,,,0.0,Normal,0.0
1744301529547767,10.42.0.139,10.42.0.1,49932,1883,48,5,0,1,1,0,1,0,185,0,0,0,0,0.0,0,,0,3,"Wakeup: 0, Mode: 0, Reset: 1, Temperature: 35.7, Uptime: 625803, Memory: 94.9, In_Temperature: 52.2°C, CPU: 160, RSSI: -49, MAC: a0:a3:b3:ed:ac:1c, F_Storage: 99.2",test/temperatura,16,0,0,182,0,0,0,0.0,0,0,0,0,0,64.0,5756.0,0,0,0,239,eth:ethertype:ip:tcp:mqtt,35.7,94.9,52.2,160.0,-49.0,a0:a3:b3:ed:ac:1c,,,,,0.0,Normal,0.0
1744301529555157,10.42.0.139,10.42.0.1,49932,1883,234,6,0,1,0,0,0,0,0,0,0,0,0,0.0,0,,0,0,,0,0,0,0,0,0,0,0,0.0,0,0,0,0,0,64.0,5755.0,0,0,0,54,eth:ethertype:ip:tcp,35.7,94.9,52.2,160.0,-49.0,a0:a3:b3:ed:ac:1c,,,,,0.0,Normal,0.0
1744301559556601,10.42.0.139,10.42.0.1,49933,1883,0,0,1,0,0,0,0,0,0,0,0,0,0,0.0,0,,0,0,,0,0,0,0,0,0,0,0,0.0,0,0,0,0,0,64.0,5760.0,0,0,0,58,eth:ethertype:ip:tcp,35.7,94.9,52.2,160.0,-49.0,a0:a3:b3:ed:ac:1c,,,,,0.0,Normal,0.0
1744301559560833,10.42.0.139,10.42.0.1,49933,1883,1,1,0,1,0,0,0,0,0,0,0,0,0,0.0,0,,0,0,,0,0,0,0,0,0,0,0,0.0,0,0,0,0,0,64.0,5760.0,0,0,0,54,eth:ethertype:ip:tcp,35.7,94.9,52.2,160.0,-49.0,a0:a3:b3:ed:ac:1c,,,,,0.0,Normal,0.0
1744301559565154,10.42.0.139,10.42.0.1,49933,1883,1,1,0,1,0,0,1,0,3,0,0,0,0,0.0,0,,0,0,,0,0,0,0,0,0,0,0,0.0,0,0,0,0,0,64.0,5760.0,0,0,0,57,eth:ethertype:ip:tcp,35.7,94.9,52.2,160.0,-49.0,a0:a3:b3:ed:ac:1c,,,,,0.0,Normal,0.0
1744301559567992,10.42.0.139,10.42.0.1,49933,1883,4,1,0,1,0,0,1,0,41,0,0,0,0,0.0,0,,0,1,,0,0,0,1,42,4,MQTT,4,0.0,0,0,0,0,0,64.0,5760.0,0,0,esp32_a0a3b3edac1c,95,eth:ethertype:ip:tcp:mqtt,35.7,94.9,52.2,160.0,-49.0,a0:a3:b3:ed:ac:1c,,,,,0.0,Normal,0.0
1744301559604030,10.42.0.139,10.42.0.1,49933,1883,45,5,0,1,0,0,1,0,3,0,0,0,0,0.0,0,,0,0,,0,0,0,0,0,0,0,0,0.0,0,0,0,0,0,64.0,5756.0,0,0,0,57,eth:ethertype:ip:tcp,35.7,94.9,52.2,160.0,-49.0,a0:a3:b3:ed:ac:1c,,,,,0.0,Normal,0.0
1744301559617020,10.42.0.139,10.42.0.1,49933,1883,48,5,0,1,1,0,1,0,185,0,0,0,0,0.0,0,,0,3,"Wakeup: 0, Mode: 0, Reset: 1, Temperature: 30.9, Uptime: 625833, Memory: 94.9, In_Temperature: 52.2°C, CPU: 160, RSSI: -48, MAC: a0:a3:b3:ed:ac:1c, F_Storage: 99.2",test/temperatura,16,0,0,182,0,0,0,0.0,0,0,0,0,0,64.0,5756.0,0,0,0,239,eth:ethertype:ip:tcp:mqtt,30.9,94.9,52.2,160.0,-48.0,a0:a3:b3:ed:ac:1c,,,,,0.0,Normal,0.0
1744301559620611,10.42.0.139,10.42.0.1,49933,1883,234,6,0,1,0,0,0,0,0,0,0,0,0,0.0,0,,0,0,,0,0,0,0,0,0,0,0,0.0,0,0,0,0,0,64.0,5755.0,0,0,0,54,eth:ethertype:ip:tcp,30.9,94.9,52.2,160.0,-48.0,a0:a3:b3:ed:ac:1c,,,,,0.0,Normal,0.0
1744301589625880,10.42.0.139,10.42.0.1,49934,1883,0,0,1,0,0,0,0,0,0,0,0,0,0,0.0,0,,0,0,,0,0,0,0,0,0,0,0,0.0,0,0,0,0,0,64.0,5760.0,0,0,0,58,eth:ethertype:ip:tcp,30.9,94.9,52.2,160.0,-48.0,a0:a3:b3:ed:ac:1c,,,,,0.0,Normal,0.0
1744301589629792,10.42.0.139,10.42.0.1,49934,1883,1,1,0,1,0,0,0,0,0,0,0,0,0,0.0,0,,0,0,,0,0,0,0,0,0,0,0,0.0,0,0,0,0,0,64.0,5760.0,0,0,0,54,eth:ethertype:ip:tcp,30.9,94.9,52.2,160.0,-48.0,a0:a3:b3:ed:ac:1c,,,,,0.0,Normal,0.0
1744301589631995,10.42.0.139,10.42.0.1,49934,1883,1,1,0,1,0,0,1,0,3,0,0,0,0,0.0,0,,0,0,,0,0,0,0,0,0,0,0,0.0,0,0,0,0,0,64.0,5760.0,0,0,0,57,eth:ethertype:ip:tcp,30.9,94.9,52.2,160.0,-48.0,a0:a3:b3:ed:ac:1c,,,,,0.0,Normal,0.0
1744301589635354,10.42.0.139,10.42.0.1,49934,1883,4,1,0,1,0,0,1,0,29,0,0,0,0,0.0,0,,0,0,,0,0,0,0,0,0,0,0,0.0,0,0,0,0,0,64.0,5760.0,0,0,0,83,eth:ethertype:ip:tcp,30.9,94.9,52.2,160.0,-48.0,a0:a3:b3:ed:ac:1c,,,,,0.0,Normal,0.0
1744301589638479,10.42.0.139,10.42.0.1,49934,1883,33,1,0,1,0,0,1,0,12,0,0,0,0,0.0,0,,0,1,,0,0,0,1,42,4,MQTT,4,0.0,0,0,0,0,0,64.0,5760.0,0,0,esp32_a0a3b3edac1c,66,eth:ethertype:ip:tcp:mqtt,30.9,94.9,52.2,160.0,-48.0,a0:a3:b3:ed:ac:1c,,,,,0.0,Normal,0.0
1744301589666846,10.42.0.139,10.42.0.1,49934,1883,45,5,0,1,0,0,0,0,0,0,0,0,0,0.0,0,,0,0,,0,0,0,0,0,0,0,0,0.0,0,0,0,0,0,64.0,5756.0,0,0,0,54,eth:ethertype:ip:tcp,30.9,94.9,52.2,160.0,-48.0,a0:a3:b3:ed:ac:1c,,,,,0.0,Normal,0.0
1744301589675039,10.42.0.139,10.42.0.1,49934,1883,45,5,0,1,0,0,1,0,3,0,0,0,0,0.0,0,,0,0,,0,0,0,0,0,0,0,0,0.0,0,0,0,0,0,64.0,5756.0,0,0,0,57,eth:ethertype:ip:tcp,30.9,94.9,52.2,160.0,-48.0,a0:a3:b3:ed:ac:1c,,,,,0.0,Normal,0.0
1744301589688839,10.42.0.139,10.42.0.1,49934,1883,48,5,0,1,1,0,1,0,185,0,0,0,0,0.0,0,,0,3,"Wakeup: 0, Mode: 0, Reset: 1, Temperature: 31.2, Uptime: 625863, Memory: 94.9, In_Temperature: 52.2°C, CPU: 160, RSSI: -48, MAC: a0:a3:b3:ed:ac:1c, F_Storage: 99.2",test/temperatura,16,0,0,182,0,0,0,0.0,0,0,0,0,0,64.0,5756.0,0,0,0,239,eth:ethertype:ip:tcp:mqtt,31.2,94.9,52.2,160.0,-48.0,a0:a3:b3:ed:ac:1c,,,,,0.0,Normal,0.0
1744301589692448,10.42.0.139,10.42.0.1,49934,1883,234,6,0,1,0,0,0,0,0,0,0,0,0,0.0,0,,0,0,,0,0,0,0,0,0,0,0,0.0,0,0,0,0,0,64.0,5755.0,0,0,0,54,eth:ethertype:ip:tcp,31.2,94.9,52.2,160.0,-48.0,a0:a3:b3:ed:ac:1c,,,,,0.0,Normal,0.0
1744301619697123,10.42.0.139,10.42.0.1,49935,1883,0,0,1,0,0,0,0,0,0,0,0,0,0,0.0,0,,0,0,,0,0,0,0,0,0,0,0,0.0,0,0,0,0,0,64.0,5760.0,0,0,0,58,eth:ethertype:ip:tcp,31.2,94.9,52.2,160.0,-48.0,a0:a3:b3:ed:ac:1c,,,,,0.0,Normal,0.0
1744301619701000,10.42.0.139,10.42.0.1,49935,1883,1,1,0,1,0,0,0,0,0,0,0,0,0,0.0,0,,0,0,,0,0,0,0,0,0,0,0,0.0,0,0,0,0,0,64.0,5760.0,0,0,0,54,eth:ethertype:ip:tcp,31.2,94.9,52.2,160.0,-48.0,a0:a3:b3:ed:ac:1c,,,,,0.0,Normal,0.0
1744301619703122,10.42.0.139,10.42.0.1,49935,1883,1,1,0,1,0,0,1,0,3,0,0,0,0,0.0,0,,0,0,,0,0,0,0,0,0,0,0,0.0,0,0,0,0,0,64.0,5760.0,0,0,0,57,eth:ethertype:ip:tcp,31.2,94.9,52.2,160.0,-48.0,a0:a3:b3:ed:ac:1c,,,,,0.0,Normal,0.0
1744301619706569,10.42.0.139,10.42.0.1,49935,1883,4,1,0,1,0,0,1,0,29,0,0,0,0,0.0,0,,0,0,,0,0,0,0,0,0,0,0,0.0,0,0,0,0,0,64.0,5760.0,0,0,0,83,eth:ethertype:ip:tcp,31.2,94.9,52.2,160.0,-48.0,a0:a3:b3:ed:ac:1c,,,,,0.0,Normal,0.0
1744301619709999,10.42.0.139,10.42.0.1,49935,1883,33,1,0,1,0,0,1,0,12,0,0,0,0,0.0,0,,0,1,,0,0,0,1,42,4,MQTT,4,0.0,0,0,0,0,0,64.0,5760.0,0,0,esp32_a0a3b3edac1c,66,eth:ethertype:ip:tcp:mqtt,31.2,94.9,52.2,160.0,-48.0,a0:a3:b3:ed:ac:1c,,,,,0.0,Normal,0.0
1744301619745245,10.42.0.139,10.42.0.1,49935,1883,45,5,0,1,0,0,1,0,3,0,0,0,0,0.0,0,,0,0,,0,0,0,0,0,0,0,0,0.0,0,0,0,0,0,64.0,5756.0,0,0,0,57,eth:ethertype:ip:tcp,31.2,94.9,52.2,160.0,-48.0,a0:a3:b3:ed:ac:1c,,,,,0.0,Normal,0.0
1744301619755588,10.42.0.139,10.42.0.1,49935,1883,48,5,0,1,1,0,1,0,185,0,0,0,0,0.0,0,,0,3,"Wakeup: 0, Mode: 0, Reset: 1, Temperature: 32.4, Uptime: 625894, Memory: 94.9, In_Temperature: 52.8°C, CPU: 160, RSSI: -48, MAC: a0:a3:b3:ed:ac:1c, F_Storage: 99.2",test/temperatura,16,0,0,182,0,0,0,0.0,0,0,0,0,0,64.0,5756.0,0,0,0,239,eth:ethertype:ip:tcp:mqtt,32.4,94.9,52.8,160.0,-48.0,a0:a3:b3:ed:ac:1c,,,,,0.0,Normal,0.0
1744301619759043,10.42.0.139,10.42.0.1,49935,1883,234,6,0,1,0,0,0,0,0,0,0,0,0,0.0,0,,0,0,,0,0,0,0,0,0,0,0,0.0,0,0,0,0,0,64.0,5755.0,0,0,0,54,eth:ethertype:ip:tcp,32.4,94.9,52.8,160.0,-48.0,a0:a3:b3:ed:ac:1c,,,,,0.0,Normal,0.0
1744301649763852,10.42.0.139,10.42.0.1,49936,1883,0,0,1,0,0,0,0,0,0,0,0,0,0,0.0,0,,0,0,,0,0,0,0,0,0,0,0,0.0,0,0,0,0,0,64.0,5760.0,0,0,0,58,eth:ethertype:ip:tcp,32.4,94.9,52.8,160.0,-48.0,a0:a3:b3:ed:ac:1c,,,,,0.0,Normal,0.0
1744301649767609,10.42.0.139,10.42.0.1,49936,1883,1,1,0,1,0,0,0,0,0,0,0,0,0,0.0,0,,0,0,,0,0,0,0,0,0,0,0,0.0,0,0,0,0,0,64.0,5760.0,0,0,0,54,eth:ethertype:ip:tcp,32.4,94.9,52.8,160.0,-48.0,a0:a3:b3:ed:ac:1c,,,,,0.0,Normal,0.0
1744301649770138,10.42.0.139,10.42.0.1,49936,1883,1,1,0,1,0,0,1,0,3,0,0,0,0,0.0,0,,0,0,,0,0,0,0,0,0,0,0,0.0,0,0,0,0,0,64.0,5760.0,0,0,0,57,eth:ethertype:ip:tcp,32.4,94.9,52.8,160.0,-48.0,a0:a3:b3:ed:ac:1c,,,,,0.0,Normal,0.0
1744301649773562,10.42.0.139,10.42.0.1,49936,1883,4,1,0,1,0,0,1,0,29,0,0,0,0,0.0,0,,0,0,,0,0,0,0,0,0,0,0,0.0,0,0,0,0,0,64.0,5760.0,0,0,0,83,eth:ethertype:ip:tcp,32.4,94.9,52.8,160.0,-48.0,a0:a3:b3:ed:ac:1c,,,,,0.0,Normal,0.0
1744301649776658,10.42.0.139,10.42.0.1,49936,1883,33,1,0,1,0,0,1,0,12,0,0,0,0,0.0,0,,0,1,,0,0,0,1,42,4,MQTT,4,0.0,0,0,0,0,0,64.0,5760.0,0,0,esp32_a0a3b3edac1c,66,eth:ethertype:ip:tcp:mqtt,32.4,94.9,52.8,160.0,-48.0,a0:a3:b3:ed:ac:1c,,,,,0.0,Normal,0.0
1744301649814075,10.42.0.139,10.42.0.1,49936,1883,45,5,0,1,0,0,1,0,3,0,0,0,0,0.0,0,,0,0,,0,0,0,0,0,0,0,0,0.0,0,0,0,0,0,64.0,5756.0,0,0,0,57,eth:ethertype:ip:tcp,32.4,94.9,52.8,160.0,-48.0,a0:a3:b3:ed:ac:1c,,,,,0.0,Normal,0.0
1744301649824930,10.42.0.139,10.42.0.1,49936,1883,48,5,0,1,1,0,1,0,185,0,0,0,0,0.0,0,,0,3,"Wakeup: 0, Mode: 0, Reset: 1, Temperature: 38.1, Uptime: 625924, Memory: 94.9, In_Temperature: 52.2°C, CPU: 160, RSSI: -48, MAC: a0:a3:b3:ed:ac:1c, F_Storage: 99.2",test/temperatura,16,0,0,182,0,0,0,0.0,0,0,0,0,0,64.0,5756.0,0,0,0,239,eth:ethertype:ip:tcp:mqtt,38.1,94.9,52.2,160.0,-48.0,a0:a3:b3:ed:ac:1c,,,,,0.0,Normal,0.0
1744301649828403,10.42.0.139,10.42.0.1,49936,1883,234,6,0,1,0,0,0,0,0,0,0,0,0,0.0,0,,0,0,,0,0,0,0,0,0,0,0,0.0,0,0,0,0,0,64.0,5755.0,0,0,0,54,eth:ethertype:ip:tcp,38.1,94.9,52.2,160.0,-48.0,a0:a3:b3:ed:ac:1c,,,,,0.0,Normal,0.0
1744301679833988,10.42.0.139,10.42.0.1,49937,1883,0,0,1,0,0,0,0,0,0,0,0,0,0,0.0,0,,0,0,,0,0,0,0,0,0,0,0,0.0,0,0,0,0,0,64.0,5760.0,0,0,0,58,eth:ethertype:ip:tcp,38.1,94.9,52.2,160.0,-48.0,a0:a3:b3:ed:ac:1c,,,,,0.0,Normal,0.0
1744301679837910,10.42.0.139,10.42.0.1,49937,1883,1,1,0,1,0,0,0,0,0,0,0,0,0,0.0,0,,0,0,,0,0,0,0,0,0,0,0,0.0,0,0,0,0,0,64.0,5760.0,0,0,0,54,eth:ethertype:ip:tcp,38.1,94.9,52.2,160.0,-48.0,a0:a3:b3:ed:ac:1c,,,,,0.0,Normal,0.0
1744301679840039,10.42.0.139,10.42.0.1,49937,1883,1,1,0,1,0,0,1,0,3,0,0,0,0,0.0,0,,0,0,,0,0,0,0,0,0,0,0,0.0,0,0,0,0,0,64.0,5760.0,0,0,0,57,eth:ethertype:ip:tcp,38.1,94.9,52.2,160.0,-48.0,a0:a3:b3:ed:ac:1c,,,,,0.0,Normal,0.0
1744301679843468,10.42.0.139,10.42.0.1,49937,1883,4,1,0,1,0,0,1,0,29,0,0,0,0,0.0,0,,0,0,,0,0,0,0,0,0,0,0,0.0,0,0,0,0,0,64.0,5760.0,0,0,0,83,eth:ethertype:ip:tcp,38.1,94.9,52.2,160.0,-48.0,a0:a3:b3:ed:ac:1c,,,,,0.0,Normal,0.0
1744301679847261,10.42.0.139,10.42.0.1,49937,1883,33,1,0,1,0,0,1,0,2,0,0,0,0,0.0,0,,0,0,,0,0,0,0,0,0,0,0,0.0,0,0,0,0,0,64.0,5760.0,0,0,0,56,eth:ethertype:ip:tcp,38.1,94.9,52.2,160.0,-48.0,a0:a3:b3:ed:ac:1c,,,,,0.0,Normal,0.0
1744301679851191,10.42.0.139,10.42.0.1,49937,1883,35,1,0,1,0,0,1,0,4,0,0,0,0,0.0,0,,0,0,,0,0,0,0,0,0,0,0,0.0,0,0,0,0,0,64.0,5760.0,0,0,0,58,eth:ethertype:ip:tcp,38.1,94.9,52.2,160.0,-48.0,a0:a3:b3:ed:ac:1c,,,,,0.0,Normal,0.0
1744301679855075,10.42.0.139,10.42.0.1,49937,1883,39,1,0,1,0,0,1,0,2,0,0,0,0,0.0,0,,0,0,,0,0,0,0,0,0,0,0,0.0,0,0,0,0,0,64.0,5760.0,0,0,0,56,eth:ethertype:ip:tcp,38.1,94.9,52.2,160.0,-48.0,a0:a3:b3:ed:ac:1c,,,,,0.0,Normal,0.0
1744301679859714,10.42.0.139,10.42.0.1,49937,1883,41,1,0,1,0,0,1,0,4,0,0,0,0,0.0,0,,0,1,,0,0,0,1,42,4,MQTT,4,0.0,0,0,0,0,0,64.0,5760.0,0,0,esp32_a0a3b3edac1c,58,eth:ethertype:ip:tcp:mqtt,38.1,94.9,52.2,160.0,-48.0,a0:a3:b3:ed:ac:1c,,,,,0.0,Normal,0.0
1744301679896522,10.42.0.139,10.42.0.1,49937,1883,45,5,0,1,0,0,1,0,3,0,0,0,0,0.0,0,,0,0,,0,0,0,0,0,0,0,0,0.0,0,0,0,0,0,64.0,5756.0,0,0,0,57,eth:ethertype:ip:tcp,38.1,94.9,52.2,160.0,-48.0,a0:a3:b3:ed:ac:1c,,,,,0.0,Normal,0.0
1744301679919063,10.42.0.139,10.42.0.1,49937,1883,48,5,0,1,1,0,1,0,185,0,0,0,0,0.0,0,,0,3,"Wakeup: 0, Mode: 0, Reset: 1, Temperature: 30.3, Uptime: 625954, Memory: 94.9, In_Temperature: 52.8°C, CPU: 160, RSSI: -48, MAC: a0:a3:b3:ed:ac:1c, F_Storage: 99.2",test/temperatura,16,0,0,182,0,0,0,0.0,0,0,0,0,0,64.0,5756.0,0,0,0,239,eth:ethertype:ip:tcp:mqtt,30.3,94.9,52.8,160.0,-48.0,a0:a3:b3:ed:ac:1c,,,,,0.0,Normal,0.0
1744301679922689,10.42.0.139,10.42.0.1,49937,1883,234,6,0,1,0,0,0,0,0,0,0,0,0,0.0,0,,0,0,,0,0,0,0,0,0,0,0,0.0,0,0,0,0,0,64.0,5755.0,0,0,0,54,eth:ethertype:ip:tcp,30.3,94.9,52.8,160.0,-48.0,a0:a3:b3:ed:ac:1c,,,,,0.0,Normal,0.0
1744301709923480,10.42.0.139,10.42.0.1,49938,1883,0,0,1,0,0,0,0,0,0,0,0,0,0,0.0,0,,0,0,,0,0,0,0,0,0,0,0,0.0,0,0,0,0,0,64.0,5760.0,0,0,0,58,eth:ethertype:ip:tcp,30.3,94.9,52.8,160.0,-48.0,a0:a3:b3:ed:ac:1c,,,,,0.0,Normal,0.0
1744301709927507,10.42.0.139,10.42.0.1,49938,1883,1,1,0,1,0,0,0,0,0,0,0,0,0,0.0,0,,0,0,,0,0,0,0,0,0,0,0,0.0,0,0,0,0,0,64.0,5760.0,0,0,0,54,eth:ethertype:ip:tcp,30.3,94.9,52.8,160.0,-48.0,a0:a3:b3:ed:ac:1c,,,,,0.0,Normal,0.0
1744301709929672,10.42.0.139,10.42.0.1,49938,1883,1,1,0,1,0,0,1,0,3,0,0,0,0,0.0,0,,0,0,,0,0,0,0,0,0,0,0,0.0,0,0,0,0,0,64.0,5760.0,0,0,0,57,eth:ethertype:ip:tcp,30.3,94.9,52.8,160.0,-48.0,a0:a3:b3:ed:ac:1c,,,,,0.0,Normal,0.0
1744301709933015,10.42.0.139,10.42.0.1,49938,1883,4,1,0,1,0,0,1,0,29,0,0,0,0,0.0,0,,0,0,,0,0,0,0,0,0,0,0,0.0,0,0,0,0,0,64.0,5760.0,0,0,0,83,eth:ethertype:ip:tcp,30.3,94.9,52.8,160.0,-48.0,a0:a3:b3:ed:ac:1c,,,,,0.0,Normal,0.0
1744301709936080,10.42.0.139,10.42.0.1,49938,1883,33,1,0,1,0,0,1,0,12,0,0,0,0,0.0,0,,0,1,,0,0,0,1,42,4,MQTT,4,0.0,0,0,0,0,0,64.0,5760.0,0,0,esp32_a0a3b3edac1c,66,eth:ethertype:ip:tcp:mqtt,30.3,94.9,52.8,160.0,-48.0,a0:a3:b3:ed:ac:1c,,,,,0.0,Normal,0.0
1744301709971900,10.42.0.139,10.42.0.1,49938,1883,45,5,0,1,0,0,1,0,3,0,0,0,0,0.0,0,,0,0,,0,0,0,0,0,0,0,0,0.0,0,0,0,0,0,64.0,5756.0,0,0,0,57,eth:ethertype:ip:tcp,30.3,94.9,52.8,160.0,-48.0,a0:a3:b3:ed:ac:1c,,,,,0.0,Normal,0.0
1744301709983730,10.42.0.139,10.42.0.1,49938,1883,48,5,0,1,1,0,1,0,185,0,0,0,0,0.0,0,,0,3,"Wakeup: 0, Mode: 0, Reset: 1, Temperature: 31.5, Uptime: 625984, Memory: 94.9, In_Temperature: 52.2°C, CPU: 160, RSSI: -49, MAC: a0:a3:b3:ed:ac:1c, F_Storage: 99.2",test/temperatura,16,0,0,182,0,0,0,0.0,0,0,0,0,0,64.0,5756.0,0,0,0,239,eth:ethertype:ip:tcp:mqtt,31.5,94.9,52.2,160.0,-49.0,a0:a3:b3:ed:ac:1c,,,,,0.0,Normal,0.0
1744301709987186,10.42.0.139,10.42.0.1,49938,1883,234,6,0,1,0,0,0,0,0,0,0,0,0,0.0,0,,0,0,,0,0,0,0,0,0,0,0,0.0,0,0,0,0,0,64.0,5755.0,0,0,0,54,eth:ethertype:ip:tcp,31.5,94.9,52.2,160.0,-49.0,a0:a3:b3:ed:ac:1c,,,,,0.0,Normal,0.0
1744301739994819,10.42.0.139,10.42.0.1,49939,1883,0,0,1,0,0,0,0,0,0,0,0,0,0,0.0,0,,0,0,,0,0,0,0,0,0,0,0,0.0,0,0,0,0,0,64.0,5760.0,0,0,0,58,eth:ethertype:ip:tcp,31.5,94.9,52.2,160.0,-49.0,a0:a3:b3:ed:ac:1c,,,,,0.0,Normal,0.0
1744301739998805,10.42.0.139,10.42.0.1,49939,1883,1,1,0,1,0,0,0,0,0,0,0,0,0,0.0,0,,0,0,,0,0,0,0,0,0,0,0,0.0,0,0,0,0,0,64.0,5760.0,0,0,0,54,eth:ethertype:ip:tcp,31.5,94.9,52.2,160.0,-49.0,a0:a3:b3:ed:ac:1c,,,,,0.0,Normal,0.0
1744301740000945,10.42.0.139,10.42.0.1,49939,1883,1,1,0,1,0,0,1,0,3,0,0,0,0,0.0,0,,0,0,,0,0,0,0,0,0,0,0,0.0,0,0,0,0,0,64.0,5760.0,0,0,0,57,eth:ethertype:ip:tcp,31.5,94.9,52.2,160.0,-49.0,a0:a3:b3:ed:ac:1c,,,,,0.0,Normal,0.0
1744301740004375,10.42.0.139,10.42.0.1,49939,1883,4,1,0,1,0,0,1,0,29,0,0,0,0,0.0,0,,0,0,,0,0,0,0,0,0,0,0,0.0,0,0,0,0,0,64.0,5760.0,0,0,0,83,eth:ethertype:ip:tcp,31.5,94.9,52.2,160.0,-49.0,a0:a3:b3:ed:ac:1c,,,,,0.0,Normal,0.0
1744301740011628,10.42.0.139,10.42.0.1,49939,1883,33,1,0,1,0,0,1,0,12,0,0,0,0,0.0,0,,0,1,,0,0,0,1,42,4,MQTT,4,0.0,0,0,0,0,0,64.0,5760.0,0,0,esp32_a0a3b3edac1c,66,eth:ethertype:ip:tcp:mqtt,31.5,94.9,52.2,160.0,-49.0,a0:a3:b3:ed:ac:1c,,,,,0.0,Normal,0.0
1744301740047220,10.42.0.139,10.42.0.1,49939,1883,45,5,0,1,0,0,1,0,3,0,0,0,0,0.0,0,,0,0,,0,0,0,0,0,0,0,0,0.0,0,0,0,0,0,64.0,5756.0,0,0,0,57,eth:ethertype:ip:tcp,31.5,94.9,52.2,160.0,-49.0,a0:a3:b3:ed:ac:1c,,,,,0.0,Normal,0.0
1744301740062969,10.42.0.139,10.42.0.1,49939,1883,48,5,0,1,1,0,1,0,185,0,0,0,0,0.0,0,,0,3,"Wakeup: 0, Mode: 0, Reset: 1, Temperature: 39.5, Uptime: 626014, Memory: 94.9, In_Temperature: 52.2°C, CPU: 160, RSSI: -49, MAC: a0:a3:b3:ed:ac:1c, F_Storage: 99.2",test/temperatura,16,0,0,182,0,0,0,0.0,0,0,0,0,0,64.0,5756.0,0,0,0,239,eth:ethertype:ip:tcp:mqtt,39.5,94.9,52.2,160.0,-49.0,a0:a3:b3:ed:ac:1c,,,,,0.0,Normal,0.0
1744301740069564,10.42.0.139,10.42.0.1,49939,1883,234,6,0,1,0,0,0,0,0,0,0,0,0,0.0,0,,0,0,,0,0,0,0,0,0,0,0,0.0,0,0,0,0,0,64.0,5755.0,0,0,0,54,eth:ethertype:ip:tcp,39.5,94.9,52.2,160.0,-49.0,a0:a3:b3:ed:ac:1c,,,,,0.0,Normal,0.0
1744301770071928,10.42.0.139,10.42.0.1,49940,1883,0,0,1,0,0,0,0,0,0,0,0,0,0,0.0,0,,0,0,,0,0,0,0,0,0,0,0,0.0,0,0,0,0,0,64.0,5760.0,0,0,0,58,eth:ethertype:ip:tcp,39.5,94.9,52.2,160.0,-49.0,a0:a3:b3:ed:ac:1c,,,,,0.0,Normal,0.0
1744301770075874,10.42.0.139,10.42.0.1,49940,1883,1,1,0,1,0,0,0,0,0,0,0,0,0,0.0,0,,0,0,,0,0,0,0,0,0,0,0,0.0,0,0,0,0,0,64.0,5760.0,0,0,0,54,eth:ethertype:ip:tcp,39.5,94.9,52.2,160.0,-49.0,a0:a3:b3:ed:ac:1c,,,,,0.0,Normal,0.0
1744301770078057,10.42.0.139,10.42.0.1,49940,1883,1,1,0,1,0,0,1,0,3,0,0,0,0,0.0,0,,0,0,,0,0,0,0,0,0,0,0,0.0,0,0,0,0,0,64.0,5760.0,0,0,0,57,eth:ethertype:ip:tcp,39.5,94.9,52.2,160.0,-49.0,a0:a3:b3:ed:ac:1c,,,,,0.0,Normal,0.0
1744301770081580,10.42.0.139,10.42.0.1,49940,1883,4,1,0,1,0,0,1,0,29,0,0,0,0,0.0,0,,0,0,,0,0,0,0,0,0,0,0,0.0,0,0,0,0,0,64.0,5760.0,0,0,0,83,eth:ethertype:ip:tcp,39.5,94.9,52.2,160.0,-49.0,a0:a3:b3:ed:ac:1c,,,,,0.0,Normal,0.0
1744301770084826,10.42.0.139,10.42.0.1,49940,1883,33,1,0,1,0,0,1,0,12,0,0,0,0,0.0,0,,0,1,,0,0,0,1,42,4,MQTT,4,0.0,0,0,0,0,0,64.0,5760.0,0,0,esp32_a0a3b3edac1c,66,eth:ethertype:ip:tcp:mqtt,39.5,94.9,52.2,160.0,-49.0,a0:a3:b3:ed:ac:1c,,,,,0.0,Normal,0.0
1744301770121252,10.42.0.139,10.42.0.1,49940,1883,45,5,0,1,0,0,1,0,3,0,0,0,0,0.0,0,,0,0,,0,0,0,0,0,0,0,0,0.0,0,0,0,0,0,64.0,5756.0,0,0,0,57,eth:ethertype:ip:tcp,39.5,94.9,52.2,160.0,-49.0,a0:a3:b3:ed:ac:1c,,,,,0.0,Normal,0.0
1744301770132285,10.42.0.139,10.42.0.1,49940,1883,48,5,0,1,1,0,1,0,185,0,0,0,0,0.0,0,,0,3,"Wakeup: 0, Mode: 0, Reset: 1, Temperature: 28.9, Uptime: 626044, Memory: 94.9, In_Temperature: 52.8°C, CPU: 160, RSSI: -50, MAC: a0:a3:b3:ed:ac:1c, F_Storage: 99.2",test/temperatura,16,0,0,182,0,0,0,0.0,0,0,0,0,0,64.0,5756.0,0,0,0,239,eth:ethertype:ip:tcp:mqtt,28.9,94.9,52.8,160.0,-50.0,a0:a3:b3:ed:ac:1c,,,,,0.0,Normal,0.0
1744301770135770,10.42.0.139,10.42.0.1,49940,1883,234,6,0,1,0,0,0,0,0,0,0,0,0,0.0,0,,0,0,,0,0,0,0,0,0,0,0,0.0,0,0,0,0,0,64.0,5755.0,0,0,0,54,eth:ethertype:ip:tcp,28.9,94.9,52.8,160.0,-50.0,a0:a3:b3:ed:ac:1c,,,,,0.0,Normal,0.0
1744301800141112,10.42.0.139,10.42.0.1,49941,1883,0,0,1,0,0,0,0,0,0,0,0,0,0,0.0,0,,0,0,,0,0,0,0,0,0,0,0,0.0,0,0,0,0,0,64.0,5760.0,0,0,0,58,eth:ethertype:ip:tcp,28.9,94.9,52.8,160.0,-50.0,a0:a3:b3:ed:ac:1c,,,,,0.0,Normal,0.0
1744301800145303,10.42.0.139,10.42.0.1,49941,1883,1,1,0,1,0,0,0,0,0,0,0,0,0,0.0,0,,0,0,,0,0,0,0,0,0,0,0,0.0,0,0,0,0,0,64.0,5760.0,0,0,0,54,eth:ethertype:ip:tcp,28.9,94.9,52.8,160.0,-50.0,a0:a3:b3:ed:ac:1c,,,,,0.0,Normal,0.0
1744301800147521,10.42.0.139,10.42.0.1,49941,1883,1,1,0,1,0,0,1,0,3,0,0,0,0,0.0,0,,0,0,,0,0,0,0,0,0,0,0,0.0,0,0,0,0,0,64.0,5760.0,0,0,0,57,eth:ethertype:ip:tcp,28.9,94.9,52.8,160.0,-50.0,a0:a3:b3:ed:ac:1c,,,,,0.0,Normal,0.0
1744301800150962,10.42.0.139,10.42.0.1,49941,1883,4,1,0,1,0,0,1,0,29,0,0,0,0,0.0,0,,0,0,,0,0,0,0,0,0,0,0,0.0,0,0,0,0,0,64.0,5760.0,0,0,0,83,eth:ethertype:ip:tcp,28.9,94.9,52.8,160.0,-50.0,a0:a3:b3:ed:ac:1c,,,,,0.0,Normal,0.0
1744301800155070,10.42.0.139,10.42.0.1,49941,1883,33,1,0,1,0,0,1,0,12,0,0,0,0,0.0,0,,0,1,,0,0,0,1,42,4,MQTT,4,0.0,0,0,0,0,0,64.0,5760.0,0,0,esp32_a0a3b3edac1c,66,eth:ethertype:ip:tcp:mqtt,28.9,94.9,52.8,160.0,-50.0,a0:a3:b3:ed:ac:1c,,,,,0.0,Normal,0.0
1744301800161313,10.42.0.139,10.42.0.1,49941,1883,45,5,0,1,0,0,0,0,0,0,0,0,0,0.0,0,,0,0,,0,0,0,0,0,0,0,0,0.0,0,0,0,0,0,64.0,5756.0,0,0,0,54,eth:ethertype:ip:tcp,28.9,94.9,52.8,160.0,-50.0,a0:a3:b3:ed:ac:1c,,,,,0.0,Normal,0.0
1744301800190433,10.42.0.139,10.42.0.1,49941,1883,45,5,0,1,0,0,1,0,3,0,0,0,0,0.0,0,,0,0,,0,0,0,0,0,0,0,0,0.0,0,0,0,0,0,64.0,5756.0,0,0,0,57,eth:ethertype:ip:tcp,28.9,94.9,52.8,160.0,-50.0,a0:a3:b3:ed:ac:1c,,,,,0.0,Normal,0.0
1744301800201508,10.42.0.139,10.42.0.1,49941,1883,48,5,0,1,1,0,1,0,185,0,0,0,0,0.0,0,,0,3,"Wakeup: 0, Mode: 0, Reset: 1, Temperature: 28.8, Uptime: 626074, Memory: 94.9, In_Temperature: 52.8°C, CPU: 160, RSSI: -48, MAC: a0:a3:b3:ed:ac:1c, F_Storage: 99.2",test/temperatura,16,0,0,182,0,0,0,0.0,0,0,0,0,0,64.0,5756.0,0,0,0,239,eth:ethertype:ip:tcp:mqtt,28.8,94.9,52.8,160.0,-48.0,a0:a3:b3:ed:ac:1c,,,,,0.0,Normal,0.0
1744301800206504,10.42.0.139,10.42.0.1,49941,1883,234,6,0,1,0,0,0,0,0,0,0,0,0,0.0,0,,0,0,,0,0,0,0,0,0,0,0,0.0,0,0,0,0,0,64.0,5755.0,0,0,0,54,eth:ethertype:ip:tcp,28.8,94.9,52.8,160.0,-48.0,a0:a3:b3:ed:ac:1c,,,,,0.0,Normal,0.0
1744301830210000,10.42.0.139,10.42.0.1,49942,1883,0,0,1,0,0,0,0,0,0,0,0,0,0,0.0,0,,0,0,,0,0,0,0,0,0,0,0,0.0,0,0,0,0,0,64.0,5760.0,0,0,0,58,eth:ethertype:ip:tcp,28.8,94.9,52.8,160.0,-48.0,a0:a3:b3:ed:ac:1c,,,,,0.0,Normal,0.0
1744301830213715,10.42.0.139,10.42.0.1,49942,1883,1,1,0,1,0,0,0,0,0,0,0,0,0,0.0,0,,0,0,,0,0,0,0,0,0,0,0,0.0,0,0,0,0,0,64.0,5760.0,0,0,0,54,eth:ethertype:ip:tcp,28.8,94.9,52.8,160.0,-48.0,a0:a3:b3:ed:ac:1c,,,,,0.0,Normal,0.0
1744301830215920,10.42.0.139,10.42.0.1,49942,1883,1,1,0,1,0,0,1,0,3,0,0,0,0,0.0,0,,0,0,,0,0,0,0,0,0,0,0,0.0,0,0,0,0,0,64.0,5760.0,0,0,0,57,eth:ethertype:ip:tcp,28.8,94.9,52.8,160.0,-48.0,a0:a3:b3:ed:ac:1c,,,,,0.0,Normal,0.0
1744301830219373,10.42.0.139,10.42.0.1,49942,1883,4,1,0,1,0,0,1,0,29,0,0,0,0,0.0,0,,0,0,,0,0,0,0,0,0,0,0,0.0,0,0,0,0,0,64.0,5760.0,0,0,0,83,eth:ethertype:ip:tcp,28.8,94.9,52.8,160.0,-48.0,a0:a3:b3:ed:ac:1c,,,,,0.0,Normal,0.0
1744301830226115,10.42.0.139,10.42.0.1,49942,1883,33,1,0,1,0,0,1,0,12,0,0,0,0,0.0,0,,0,1,,0,0,0,1,42,4,MQTT,4,0.0,0,0,0,0,0,64.0,5760.0,0,0,esp32_a0a3b3edac1c,66,eth:ethertype:ip:tcp:mqtt,28.8,94.9,52.8,160.0,-48.0,a0:a3:b3:ed:ac:1c,,,,,0.0,Normal,0.0
1744301830261495,10.42.0.139,10.42.0.1,49942,1883,45,5,0,1,0,0,1,0,3,0,0,0,0,0.0,0,,0,0,,0,0,0,0,0,0,0,0,0.0,0,0,0,0,0,64.0,5756.0,0,0,0,57,eth:ethertype:ip:tcp,28.8,94.9,52.8,160.0,-48.0,a0:a3:b3:ed:ac:1c,,,,,0.0,Normal,0.0
1744301830271003,10.42.0.139,10.42.0.1,49942,1883,48,5,0,1,1,0,1,0,185,0,0,0,0,0.0,0,,0,3,"Wakeup: 0, Mode: 0, Reset: 1, Temperature: 35.8, Uptime: 626104, Memory: 94.9, In_Temperature: 52.8°C, CPU: 160, RSSI: -49, MAC: a0:a3:b3:ed:ac:1c, F_Storage: 99.2",test/temperatura,16,0,0,182,0,0,0,0.0,0,0,0,0,0,64.0,5756.0,0,0,0,239,eth:ethertype:ip:tcp:mqtt,35.8,94.9,52.8,160.0,-49.0,a0:a3:b3:ed:ac:1c,,,,,0.0,Normal,0.0
1744301830274349,10.42.0.139,10.42.0.1,49942,1883,234,6,0,1,0,0,0,0,0,0,0,0,0,0.0,0,,0,0,,0,0,0,0,0,0,0,0,0.0,0,0,0,0,0,64.0,5755.0,0,0,0,54,eth:ethertype:ip:tcp,35.8,94.9,52.8,160.0,-49.0,a0:a3:b3:ed:ac:1c,,,,,0.0,Normal,0.0
1744301860287955,10.42.0.139,10.42.0.1,49943,1883,0,0,1,0,0,0,0,0,0,0,0,0,0,0.0,0,,0,0,,0,0,0,0,0,0,0,0,0.0,0,0,0,0,0,64.0,5760.0,0,0,0,58,eth:ethertype:ip:tcp,35.8,94.9,52.8,160.0,-49.0,a0:a3:b3:ed:ac:1c,,,,,0.0,Normal,0.0
1744301860291692,10.42.0.139,10.42.0.1,49943,1883,1,1,0,1,0,0,0,0,0,0,0,0,0,0.0,0,,0,0,,0,0,0,0,0,0,0,0,0.0,0,0,0,0,0,64.0,5760.0,0,0,0,54,eth:ethertype:ip:tcp,35.8,94.9,52.8,160.0,-49.0,a0:a3:b3:ed:ac:1c,,,,,0.0,Normal,0.0
1744301860293779,10.42.0.139,10.42.0.1,49943,1883,1,1,0,1,0,0,1,0,3,0,0,0,0,0.0,0,,0,0,,0,0,0,0,0,0,0,0,0.0,0,0,0,0,0,64.0,5760.0,0,0,0,57,eth:ethertype:ip:tcp,35.8,94.9,52.8,160.0,-49.0,a0:a3:b3:ed:ac:1c,,,,,0.0,Normal,0.0
1744301860297310,10.42.0.139,10.42.0.1,49943,1883,4,1,0,1,0,0,1,0,29,0,0,0,0,0.0,0,,0,0,,0,0,0,0,0,0,0,0,0.0,0,0,0,0,0,64.0,5760.0,0,0,0,83,eth:ethertype:ip:tcp,35.8,94.9,52.8,160.0,-49.0,a0:a3:b3:ed:ac:1c,,,,,0.0,Normal,0.0
1744301860300396,10.42.0.139,10.42.0.1,49943,1883,33,1,0,1,0,0,1,0,12,0,0,0,0,0.0,0,,0,1,,0,0,0,1,42,4,MQTT,4,0.0,0,0,0,0,0,64.0,5760.0,0,0,esp32_a0a3b3edac1c,66,eth:ethertype:ip:tcp:mqtt,35.8,94.9,52.8,160.0,-49.0,a0:a3:b3:ed:ac:1c,,,,,0.0,Normal,0.0
1744301860337302,10.42.0.139,10.42.0.1,49943,1883,45,5,0,1,0,0,1,0,3,0,0,0,0,0.0,0,,0,0,,0,0,0,0,0,0,0,0,0.0,0,0,0,0,0,64.0,5756.0,0,0,0,57,eth:ethertype:ip:tcp,35.8,94.9,52.8,160.0,-49.0,a0:a3:b3:ed:ac:1c,,,,,0.0,Normal,0.0
1744301860350128,10.42.0.139,10.42.0.1,49943,1883,48,5,0,1,1,0,1,0,185,0,0,0,0,0.0,0,,0,3,"Wakeup: 0, Mode: 0, Reset: 1, Temperature: 37.4, Uptime: 626134, Memory: 94.9, In_Temperature: 52.2°C, CPU: 160, RSSI: -49, MAC: a0:a3:b3:ed:ac:1c, F_Storage: 99.2",test/temperatura,16,0,0,182,0,0,0,0.0,0,0,0,0,0,64.0,5756.0,0,0,0,239,eth:ethertype:ip:tcp:mqtt,37.4,94.9,52.2,160.0,-49.0,a0:a3:b3:ed:ac:1c,,,,,0.0,Normal,0.0
1744301860356954,10.42.0.139,10.42.0.1,49943,1883,234,6,0,1,0,0,0,0,0,0,0,0,0,0.0,0,,0,0,,0,0,0,0,0,0,0,0,0.0,0,0,0,0,0,64.0,5755.0,0,0,0,54,eth:ethertype:ip:tcp,37.4,94.9,52.2,160.0,-49.0,a0:a3:b3:ed:ac:1c,,,,,0.0,Normal,0.0
1744301890359238,10.42.0.139,10.42.0.1,49944,1883,0,0,1,0,0,0,0,0,0,0,0,0,0,0.0,0,,0,0,,0,0,0,0,0,0,0,0,0.0,0,0,0,0,0,64.0,5760.0,0,0,0,58,eth:ethertype:ip:tcp,37.4,94.9,52.2,160.0,-49.0,a0:a3:b3:ed:ac:1c,,,,,0.0,Normal,0.0
1744301890363318,10.42.0.139,10.42.0.1,49944,1883,1,1,0,1,0,0,0,0,0,0,0,0,0,0.0,0,,0,0,,0,0,0,0,0,0,0,0,0.0,0,0,0,0,0,64.0,5760.0,0,0,0,54,eth:ethertype:ip:tcp,37.4,94.9,52.2,160.0,-49.0,a0:a3:b3:ed:ac:1c,,,,,0.0,Normal,0.0
1744301890365471,10.42.0.139,10.42.0.1,49944,1883,1,1,0,1,0,0,1,0,3,0,0,0,0,0.0,0,,0,0,,0,0,0,0,0,0,0,0,0.0,0,0,0,0,0,64.0,5760.0,0,0,0,57,eth:ethertype:ip:tcp,37.4,94.9,52.2,160.0,-49.0,a0:a3:b3:ed:ac:1c,,,,,0.0,Normal,0.0
1744301890368890,10.42.0.139,10.42.0.1,49944,1883,4,1,0,1,0,0,1,0,29,0,0,0,0,0.0,0,,0,0,,0,0,0,0,0,0,0,0,0.0,0,0,0,0,0,64.0,5760.0,0,0,0,83,eth:ethertype:ip:tcp,37.4,94.9,52.2,160.0,-49.0,a0:a3:b3:ed:ac:1c,,,,,0.0,Normal,0.0
1744301890371860,10.42.0.139,10.42.0.1,49944,1883,33,1,0,1,0,0,1,0,12,0,0,0,0,0.0,0,,0,1,,0,0,0,1,42,4,MQTT,4,0.0,0,0,0,0,0,64.0,5760.0,0,0,esp32_a0a3b3edac1c,66,eth:ethertype:ip:tcp:mqtt,37.4,94.9,52.2,160.0,-49.0,a0:a3:b3:ed:ac:1c,,,,,0.0,Normal,0.0
1744301890407323,10.42.0.139,10.42.0.1,49944,1883,45,5,0,1,0,0,1,0,3,0,0,0,0,0.0,0,,0,0,,0,0,0,0,0,0,0,0,0.0,0,0,0,0,0,64.0,5756.0,0,0,0,57,eth:ethertype:ip:tcp,37.4,94.9,52.2,160.0,-49.0,a0:a3:b3:ed:ac:1c,,,,,0.0,Normal,0.0
1744301890421677,10.42.0.139,10.42.0.1,49944,1883,48,5,0,1,1,0,1,0,185,0,0,0,0,0.0,0,,0,3,"Wakeup: 0, Mode: 0, Reset: 1, Temperature: 25.1, Uptime: 626164, Memory: 94.9, In_Temperature: 52.2°C, CPU: 160, RSSI: -49, MAC: a0:a3:b3:ed:ac:1c, F_Storage: 99.2",test/temperatura,16,0,0,182,0,0,0,0.0,0,0,0,0,0,64.0,5756.0,0,0,0,239,eth:ethertype:ip:tcp:mqtt,25.1,94.9,52.2,160.0,-49.0,a0:a3:b3:ed:ac:1c,,,,,0.0,Normal,0.0
1744301890424954,10.42.0.139,10.42.0.1,49944,1883,234,6,0,1,0,0,0,0,0,0,0,0,0,0.0,0,,0,0,,0,0,0,0,0,0,0,0,0.0,0,0,0,0,0,64.0,5755.0,0,0,0,54,eth:ethertype:ip:tcp,25.1,94.9,52.2,160.0,-49.0,a0:a3:b3:ed:ac:1c,,,,,0.0,Normal,0.0
1744301920431301,10.42.0.139,10.42.0.1,49945,1883,0,0,1,0,0,0,0,0,0,0,0,0,0,0.0,0,,0,0,,0,0,0,0,0,0,0,0,0.0,0,0,0,0,0,64.0,5760.0,0,0,0,58,eth:ethertype:ip:tcp,25.1,94.9,52.2,160.0,-49.0,a0:a3:b3:ed:ac:1c,,,,,0.0,Normal,0.0
1744301920436919,10.42.0.139,10.42.0.1,49945,1883,1,1,0,1,0,0,0,0,0,0,0,0,0,0.0,0,,0,0,,0,0,0,0,0,0,0,0,0.0,0,0,0,0,0,64.0,5760.0,0,0,0,54,eth:ethertype:ip:tcp,25.1,94.9,52.2,160.0,-49.0,a0:a3:b3:ed:ac:1c,,,,,0.0,Normal,0.0
1744301920437831,10.42.0.139,10.42.0.1,49945,1883,1,1,0,1,0,0,1,0,3,0,0,0,0,0.0,0,,0,0,,0,0,0,0,0,0,0,0,0.0,0,0,0,0,0,64.0,5760.0,0,0,0,57,eth:ethertype:ip:tcp,25.1,94.9,52.2,160.0,-49.0,a0:a3:b3:ed:ac:1c,,,,,0.0,Normal,0.0
1744301920443488,10.42.0.139,10.42.0.1,49945,1883,4,1,0,1,0,0,1,0,41,0,0,0,0,0.0,0,,0,1,,0,0,0,1,42,4,MQTT,4,0.0,0,0,0,0,0,64.0,5760.0,0,0,esp32_a0a3b3edac1c,95,eth:ethertype:ip:tcp:mqtt,25.1,94.9,52.2,160.0,-49.0,a0:a3:b3:ed:ac:1c,,,,,0.0,Normal,0.0
1744301920479421,10.42.0.139,10.42.0.1,49945,1883,45,5,0,1,0,0,1,0,3,0,0,0,0,0.0,0,,0,0,,0,0,0,0,0,0,0,0,0.0,0,0,0,0,0,64.0,5756.0,0,0,0,57,eth:ethertype:ip:tcp,25.1,94.9,52.2,160.0,-49.0,a0:a3:b3:ed:ac:1c,,,,,0.0,Normal,0.0
1744301920488791,10.42.0.139,10.42.0.1,49945,1883,48,5,0,1,1,0,1,0,185,0,0,0,0,0.0,0,,0,3,"Wakeup: 0, Mode: 0, Reset: 1, Temperature: 28.4, Uptime: 626194, Memory: 94.9, In_Temperature: 52.8°C, CPU: 160, RSSI: -49, MAC: a0:a3:b3:ed:ac:1c, F_Storage: 99.2",test/temperatura,16,0,0,182,0,0,0,0.0,0,0,0,0,0,64.0,5756.0,0,0,0,239,eth:ethertype:ip:tcp:mqtt,28.4,94.9,52.8,160.0,-49.0,a0:a3:b3:ed:ac:1c,,,,,0.0,Normal,0.0
1744301920496919,10.42.0.139,10.42.0.1,49945,1883,234,6,0,1,0,0,0,0,0,0,0,0,0,0.0,0,,0,0,,0,0,0,0,0,0,0,0,0.0,0,0,0,0,0,64.0,5755.0,0,0,0,54,eth:ethertype:ip:tcp,28.4,94.9,52.8,160.0,-49.0,a0:a3:b3:ed:ac:1c,,,,,0.0,Normal,0.0
1744301950497951,10.42.0.139,10.42.0.1,49946,1883,0,0,1,0,0,0,0,0,0,0,0,0,0,0.0,0,,0,0,,0,0,0,0,0,0,0,0,0.0,0,0,0,0,0,64.0,5760.0,0,0,0,58,eth:ethertype:ip:tcp,28.4,94.9,52.8,160.0,-49.0,a0:a3:b3:ed:ac:1c,,,,,0.0,Normal,0.0
1744301950501974,10.42.0.139,10.42.0.1,49946,1883,1,1,0,1,0,0,0,0,0,0,0,0,0,0.0,0,,0,0,,0,0,0,0,0,0,0,0,0.0,0,0,0,0,0,64.0,5760.0,0,0,0,54,eth:ethertype:ip:tcp,28.4,94.9,52.8,160.0,-49.0,a0:a3:b3:ed:ac:1c,,,,,0.0,Normal,0.0
1744301950504081,10.42.0.139,10.42.0.1,49946,1883,1,1,0,1,0,0,1,0,3,0,0,0,0,0.0,0,,0,0,,0,0,0,0,0,0,0,0,0.0,0,0,0,0,0,64.0,5760.0,0,0,0,57,eth:ethertype:ip:tcp,28.4,94.9,52.8,160.0,-49.0,a0:a3:b3:ed:ac:1c,,,,,0.0,Normal,0.0
1744301950507454,10.42.0.139,10.42.0.1,49946,1883,4,1,0,1,0,0,1,0,29,0,0,0,0,0.0,0,,0,0,,0,0,0,0,0,0,0,0,0.0,0,0,0,0,0,64.0,5760.0,0,0,0,83,eth:ethertype:ip:tcp,28.4,94.9,52.8,160.0,-49.0,a0:a3:b3:ed:ac:1c,,,,,0.0,Normal,0.0
1744301950510517,10.42.0.139,10.42.0.1,49946,1883,33,1,0,1,0,0,1,0,12,0,0,0,0,0.0,0,,0,1,,0,0,0,1,42,4,MQTT,4,0.0,0,0,0,0,0,64.0,5760.0,0,0,esp32_a0a3b3edac1c,66,eth:ethertype:ip:tcp:mqtt,28.4,94.9,52.8,160.0,-49.0,a0:a3:b3:ed:ac:1c,,,,,0.0,Normal,0.0
1744301950548753,10.42.0.139,10.42.0.1,49946,1883,45,5,0,1,0,0,1,0,3,0,0,0,0,0.0,0,,0,0,,0,0,0,0,0,0,0,0,0.0,0,0,0,0,0,64.0,5756.0,0,0,0,57,eth:ethertype:ip:tcp,28.4,94.9,52.8,160.0,-49.0,a0:a3:b3:ed:ac:1c,,,,,0.0,Normal,0.0
1744301950558430,10.42.0.139,10.42.0.1,49946,1883,48,5,0,1,1,0,1,0,185,0,0,0,0,0.0,0,,0,3,"Wakeup: 0, Mode: 0, Reset: 1, Temperature: 29.8, Uptime: 626224, Memory: 94.9, In_Temperature: 52.8°C, CPU: 160, RSSI: -49, MAC: a0:a3:b3:ed:ac:1c, F_Storage: 99.2",test/temperatura,16,0,0,182,0,0,0,0.0,0,0,0,0,0,64.0,5756.0,0,0,0,239,eth:ethertype:ip:tcp:mqtt,29.8,94.9,52.8,160.0,-49.0,a0:a3:b3:ed:ac:1c,,,,,0.0,Normal,0.0
1744301950561975,10.42.0.139,10.42.0.1,49946,1883,234,6,0,1,0,0,0,0,0,0,0,0,0,0.0,0,,0,0,,0,0,0,0,0,0,0,0,0.0,0,0,0,0,0,64.0,5755.0,0,0,0,54,eth:ethertype:ip:tcp,29.8,94.9,52.8,160.0,-49.0,a0:a3:b3:ed:ac:1c,,,,,0.0,Normal,0.0
1744301980567122,10.42.0.139,10.42.0.1,49947,1883,0,0,1,0,0,0,0,0,0,0,0,0,0,0.0,0,,0,0,,0,0,0,0,0,0,0,0,0.0,0,0,0,0,0,64.0,5760.0,0,0,0,58,eth:ethertype:ip:tcp,29.8,94.9,52.8,160.0,-49.0,a0:a3:b3:ed:ac:1c,,,,,0.0,Normal,0.0
1744301980571070,10.42.0.139,10.42.0.1,49947,1883,1,1,0,1,0,0,0,0,0,0,0,0,0,0.0,0,,0,0,,0,0,0,0,0,0,0,0,0.0,0,0,0,0,0,64.0,5760.0,0,0,0,54,eth:ethertype:ip:tcp,29.8,94.9,52.8,160.0,-49.0,a0:a3:b3:ed:ac:1c,,,,,0.0,Normal,0.0
1744301980573173,10.42.0.139,10.42.0.1,49947,1883,1,1,0,1,0,0,1,0,3,0,0,0,0,0.0,0,,0,0,,0,0,0,0,0,0,0,0,0.0,0,0,0,0,0,64.0,5760.0,0,0,0,57,eth:ethertype:ip:tcp,29.8,94.9,52.8,160.0,-49.0,a0:a3:b3:ed:ac:1c,,,,,0.0,Normal,0.0
1744301980576656,10.42.0.139,10.42.0.1,49947,1883,4,1,0,1,0,0,1,0,29,0,0,0,0,0.0,0,,0,0,,0,0,0,0,0,0,0,0,0.0,0,0,0,0,0,64.0,5760.0,0,0,0,83,eth:ethertype:ip:tcp,29.8,94.9,52.8,160.0,-49.0,a0:a3:b3:ed:ac:1c,,,,,0.0,Normal,0.0
1744301980579585,10.42.0.139,10.42.0.1,49947,1883,33,1,0,1,0,0,1,0,12,0,0,0,0,0.0,0,,0,1,,0,0,0,1,42,4,MQTT,4,0.0,0,0,0,0,0,64.0,5760.0,0,0,esp32_a0a3b3edac1c,66,eth:ethertype:ip:tcp:mqtt,29.8,94.9,52.8,160.0,-49.0,a0:a3:b3:ed:ac:1c,,,,,0.0,Normal,0.0
1744301980614856,10.42.0.139,10.42.0.1,49947,1883,45,5,0,1,0,0,1,0,3,0,0,0,0,0.0,0,,0,0,,0,0,0,0,0,0,0,0,0.0,0,0,0,0,0,64.0,5756.0,0,0,0,57,eth:ethertype:ip:tcp,29.8,94.9,52.8,160.0,-49.0,a0:a3:b3:ed:ac:1c,,,,,0.0,Normal,0.0
1744301980627470,10.42.0.139,10.42.0.1,49947,1883,48,5,0,1,1,0,1,0,185,0,0,0,0,0.0,0,,0,3,"Wakeup: 0, Mode: 0, Reset: 1, Temperature: 32.4, Uptime: 626254, Memory: 94.9, In_Temperature: 52.2°C, CPU: 160, RSSI: -50, MAC: a0:a3:b3:ed:ac:1c, F_Storage: 99.2",test/temperatura,16,0,0,182,0,0,0,0.0,0,0,0,0,0,64.0,5756.0,0,0,0,239,eth:ethertype:ip:tcp:mqtt,32.4,94.9,52.2,160.0,-50.0,a0:a3:b3:ed:ac:1c,,,,,0.0,Normal,0.0
1744301980630887,10.42.0.139,10.42.0.1,49947,1883,234,6,0,1,0,0,0,0,0,0,0,0,0,0.0,0,,0,0,,0,0,0,0,0,0,0,0,0.0,0,0,0,0,0,64.0,5755.0,0,0,0,54,eth:ethertype:ip:tcp,32.4,94.9,52.2,160.0,-50.0,a0:a3:b3:ed:ac:1c,,,,,0.0,Normal,0.0
1744302010635627,10.42.0.139,10.42.0.1,49948,1883,0,0,1,0,0,0,0,0,0,0,0,0,0,0.0,0,,0,0,,0,0,0,0,0,0,0,0,0.0,0,0,0,0,0,64.0,5760.0,0,0,0,58,eth:ethertype:ip:tcp,32.4,94.9,52.2,160.0,-50.0,a0:a3:b3:ed:ac:1c,,,,,0.0,Normal,0.0
1744302010640228,10.42.0.139,10.42.0.1,49948,1883,1,1,0,1,0,0,0,0,0,0,0,0,0,0.0,0,,0,0,,0,0,0,0,0,0,0,0,0.0,0,0,0,0,0,64.0,5760.0,0,0,0,54,eth:ethertype:ip:tcp,32.4,94.9,52.2,160.0,-50.0,a0:a3:b3:ed:ac:1c,,,,,0.0,Normal,0.0
1744302010641616,10.42.0.139,10.42.0.1,49948,1883,1,1,0,1,0,0,1,0,3,0,0,0,0,0.0,0,,0,0,,0,0,0,0,0,0,0,0,0.0,0,0,0,0,0,64.0,5760.0,0,0,0,57,eth:ethertype:ip:tcp,32.4,94.9,52.2,160.0,-50.0,a0:a3:b3:ed:ac:1c,,,,,0.0,Normal,0.0
1744302010645077,10.42.0.139,10.42.0.1,49948,1883,4,1,0,1,0,0,1,0,29,0,0,0,0,0.0,0,,0,0,,0,0,0,0,0,0,0,0,0.0,0,0,0,0,0,64.0,5760.0,0,0,0,83,eth:ethertype:ip:tcp,32.4,94.9,52.2,160.0,-50.0,a0:a3:b3:ed:ac:1c,,,,,0.0,Normal,0.0
1744302010648177,10.42.0.139,10.42.0.1,49948,1883,33,1,0,1,0,0,1,0,12,0,0,0,0,0.0,0,,0,1,,0,0,0,1,42,4,MQTT,4,0.0,0,0,0,0,0,64.0,5760.0,0,0,esp32_a0a3b3edac1c,66,eth:ethertype:ip:tcp:mqtt,32.4,94.9,52.2,160.0,-50.0,a0:a3:b3:ed:ac:1c,,,,,0.0,Normal,0.0
1744302010657729,10.42.0.139,10.42.0.1,49948,1883,45,5,0,1,0,0,0,0,0,0,0,0,0,0.0,0,,0,0,,0,0,0,0,0,0,0,0,0.0,0,0,0,0,0,64.0,5756.0,0,0,0,54,eth:ethertype:ip:tcp,32.4,94.9,52.2,160.0,-50.0,a0:a3:b3:ed:ac:1c,,,,,0.0,Normal,0.0
1744302010688957,10.42.0.139,10.42.0.1,49948,1883,45,5,0,1,0,0,1,0,3,0,0,0,0,0.0,0,,0,0,,0,0,0,0,0,0,0,0,0.0,0,0,0,0,0,64.0,5756.0,0,0,0,57,eth:ethertype:ip:tcp,32.4,94.9,52.2,160.0,-50.0,a0:a3:b3:ed:ac:1c,,,,,0.0,Normal,0.0
1744302010706732,10.42.0.139,10.42.0.1,49948,1883,48,5,0,1,1,0,1,0,185,0,0,0,0,0.0,0,,0,3,"Wakeup: 0, Mode: 0, Reset: 1, Temperature: 35.6, Uptime: 626285, Memory: 94.9, In_Temperature: 52.8°C, CPU: 160, RSSI: -50, MAC: a0:a3:b3:ed:ac:1c, F_Storage: 99.2",test/temperatura,16,0,0,182,0,0,0,0.0,0,0,0,0,0,64.0,5756.0,0,0,0,239,eth:ethertype:ip:tcp:mqtt,35.6,94.9,52.8,160.0,-50.0,a0:a3:b3:ed:ac:1c,,,,,0.0,Normal,0.0
1744302010710557,10.42.0.139,10.42.0.1,49948,1883,234,6,0,1,0,0,0,0,0,0,0,0,0,0.0,0,,0,0,,0,0,0,0,0,0,0,0,0.0,0,0,0,0,0,64.0,5755.0,0,0,0,54,eth:ethertype:ip:tcp,35.6,94.9,52.8,160.0,-50.0,a0:a3:b3:ed:ac:1c,,,,,0.0,Normal,0.0
1744302040715731,10.42.0.139,10.42.0.1,49949,1883,0,0,1,0,0,0,0,0,0,0,0,0,0,0.0,0,,0,0,,0,0,0,0,0,0,0,0,0.0,0,0,0,0,0,64.0,5760.0,0,0,0,58,eth:ethertype:ip:tcp,35.6,94.9,52.8,160.0,-50.0,a0:a3:b3:ed:ac:1c,,,,,0.0,Normal,0.0
1744302040732462,10.42.0.139,10.42.0.1,49949,1883,1,1,0,1,0,0,0,0,0,0,0,0,0,0.0,0,,0,0,,0,0,0,0,0,0,0,0,0.0,0,0,0,0,0,64.0,5760.0,0,0,0,54,eth:ethertype:ip:tcp,35.6,94.9,52.8,160.0,-50.0,a0:a3:b3:ed:ac:1c,,,,,0.0,Normal,0.0
1744302040732965,10.42.0.139,10.42.0.1,49949,1883,1,1,0,1,0,0,1,0,3,0,0,0,0,0.0,0,,0,0,,0,0,0,0,0,0,0,0,0.0,0,0,0,0,0,64.0,5760.0,0,0,0,57,eth:ethertype:ip:tcp,35.6,94.9,52.8,160.0,-50.0,a0:a3:b3:ed:ac:1c,,,,,0.0,Normal,0.0
1744302040735551,10.42.0.139,10.42.0.1,49949,1883,4,1,0,1,0,0,1,0,41,0,0,0,0,0.0,0,,0,1,,0,0,0,1,42,4,MQTT,4,0.0,0,0,0,0,0,64.0,5760.0,0,0,esp32_a0a3b3edac1c,95,eth:ethertype:ip:tcp:mqtt,35.6,94.9,52.8,160.0,-50.0,a0:a3:b3:ed:ac:1c,,,,,0.0,Normal,0.0
1744302040783389,10.42.0.139,10.42.0.1,49949,1883,45,5,0,1,0,0,1,0,3,0,0,0,0,0.0,0,,0,0,,0,0,0,0,0,0,0,0,0.0,0,0,0,0,0,64.0,5756.0,0,0,0,57,eth:ethertype:ip:tcp,35.6,94.9,52.8,160.0,-50.0,a0:a3:b3:ed:ac:1c,,,,,0.0,Normal,0.0
1744302040786176,10.42.0.139,10.42.0.1,49949,1883,48,5,0,1,1,0,1,0,185,0,0,0,0,0.0,0,,0,3,"Wakeup: 0, Mode: 0, Reset: 1, Temperature: 39.9, Uptime: 626315, Memory: 94.9, In_Temperature: 52.2°C, CPU: 160, RSSI: -50, MAC: a0:a3:b3:ed:ac:1c, F_Storage: 99.2",test/temperatura,16,0,0,182,0,0,0,0.0,0,0,0,0,0,64.0,5756.0,0,0,0,239,eth:ethertype:ip:tcp:mqtt,39.9,94.9,52.2,160.0,-50.0,a0:a3:b3:ed:ac:1c,,,,,0.0,Normal,0.0
1744302040789727,10.42.0.139,10.42.0.1,49949,1883,234,6,0,1,0,0,0,0,0,0,0,0,0,0.0,0,,0,0,,0,0,0,0,0,0,0,0,0.0,0,0,0,0,0,64.0,5755.0,0,0,0,54,eth:ethertype:ip:tcp,39.9,94.9,52.2,160.0,-50.0,a0:a3:b3:ed:ac:1c,,,,,0.0,Normal,0.0
1744302070795139,10.42.0.139,10.42.0.1,49950,1883,0,0,1,0,0,0,0,0,0,0,0,0,0,0.0,0,,0,0,,0,0,0,0,0,0,0,0,0.0,0,0,0,0,0,64.0,5760.0,0,0,0,58,eth:ethertype:ip:tcp,39.9,94.9,52.2,160.0,-50.0,a0:a3:b3:ed:ac:1c,,,,,0.0,Normal,0.0
1744302070799252,10.42.0.139,10.42.0.1,49950,1883,1,1,0,1,0,0,0,0,0,0,0,0,0,0.0,0,,0,0,,0,0,0,0,0,0,0,0,0.0,0,0,0,0,0,64.0,5760.0,0,0,0,54,eth:ethertype:ip:tcp,39.9,94.9,52.2,160.0,-50.0,a0:a3:b3:ed:ac:1c,,,,,0.0,Normal,0.0
1744302070801603,10.42.0.139,10.42.0.1,49950,1883,1,1,0,1,0,0,1,0,3,0,0,0,0,0.0,0,,0,0,,0,0,0,0,0,0,0,0,0.0,0,0,0,0,0,64.0,5760.0,0,0,0,57,eth:ethertype:ip:tcp,39.9,94.9,52.2,160.0,-50.0,a0:a3:b3:ed:ac:1c,,,,,0.0,Normal,0.0
1744302070805654,10.42.0.139,10.42.0.1,49950,1883,4,1,0,1,0,0,1,0,37,0,0,0,0,0.0,0,,0,0,,0,0,0,0,0,0,0,0,0.0,0,0,0,0,0,64.0,5760.0,0,0,0,91,eth:ethertype:ip:tcp,39.9,94.9,52.2,160.0,-50.0,a0:a3:b3:ed:ac:1c,,,,,0.0,Normal,0.0
1744302070808377,10.42.0.139,10.42.0.1,49950,1883,41,1,0,1,0,0,1,0,4,0,0,0,0,0.0,0,,0,1,,0,0,0,1,42,4,MQTT,4,0.0,0,0,0,0,0,64.0,5760.0,0,0,esp32_a0a3b3edac1c,58,eth:ethertype:ip:tcp:mqtt,39.9,94.9,52.2,160.0,-50.0,a0:a3:b3:ed:ac:1c,,,,,0.0,Normal,0.0
1744302070843810,10.42.0.139,10.42.0.1,49950,1883,45,5,0,1,0,0,1,0,3,0,0,0,0,0.0,0,,0,0,,0,0,0,0,0,0,0,0,0.0,0,0,0,0,0,64.0,5756.0,0,0,0,57,eth:ethertype:ip:tcp,39.9,94.9,52.2,160.0,-50.0,a0:a3:b3:ed:ac:1c,,,,,0.0,Normal,0.0
1744302070855483,10.42.0.139,10.42.0.1,49950,1883,48,5,0,1,1,0,1,0,185,0,0,0,0,0.0,0,,0,3,"Wakeup: 0, Mode: 0, Reset: 1, Temperature: 35.1, Uptime: 626345, Memory: 94.9, In_Temperature: 52.8°C, CPU: 160, RSSI: -49, MAC: a0:a3:b3:ed:ac:1c, F_Storage: 99.2",test/temperatura,16,0,0,182,0,0,0,0.0,0,0,0,0,0,64.0,5756.0,0,0,0,239,eth:ethertype:ip:tcp:mqtt,35.1,94.9,52.8,160.0,-49.0,a0:a3:b3:ed:ac:1c,,,,,0.0,Normal,0.0
1744302070858972,10.42.0.139,10.42.0.1,49950,1883,234,6,0,1,0,0,0,0,0,0,0,0,0,0.0,0,,0,0,,0,0,0,0,0,0,0,0,0.0,0,0,0,0,0,64.0,5755.0,0,0,0,54,eth:ethertype:ip:tcp,35.1,94.9,52.8,160.0,-49.0,a0:a3:b3:ed:ac:1c,,,,,0.0,Normal,0.0
1744302100865933,10.42.0.139,10.42.0.1,49951,1883,0,0,1,0,0,0,0,0,0,0,0,0,0,0.0,0,,0,0,,0,0,0,0,0,0,0,0,0.0,0,0,0,0,0,64.0,5760.0,0,0,0,58,eth:ethertype:ip:tcp,35.1,94.9,52.8,160.0,-49.0,a0:a3:b3:ed:ac:1c,,,,,0.0,Normal,0.0
1744302100871852,10.42.0.139,10.42.0.1,49951,1883,1,1,0,1,0,0,0,0,0,0,0,0,0,0.0,0,,0,0,,0,0,0,0,0,0,0,0,0.0,0,0,0,0,0,64.0,5760.0,0,0,0,54,eth:ethertype:ip:tcp,35.1,94.9,52.8,160.0,-49.0,a0:a3:b3:ed:ac:1c,,,,,0.0,Normal,0.0
1744302100873577,10.42.0.139,10.42.0.1,49951,1883,1,1,0,1,0,0,1,0,3,0,0,0,0,0.0,0,,0,0,,0,0,0,0,0,0,0,0,0.0,0,0,0,0,0,64.0,5760.0,0,0,0,57,eth:ethertype:ip:tcp,35.1,94.9,52.8,160.0,-49.0,a0:a3:b3:ed:ac:1c,,,,,0.0,Normal,0.0
1744302100877032,10.42.0.139,10.42.0.1,49951,1883,4,1,0,1,0,0,1,0,29,0,0,0,0,0.0,0,,0,0,,0,0,0,0,0,0,0,0,0.0,0,0,0,0,0,64.0,5760.0,0,0,0,83,eth:ethertype:ip:tcp,35.1,94.9,52.8,160.0,-49.0,a0:a3:b3:ed:ac:1c,,,,,0.0,Normal,0.0
1744302100880111,10.42.0.139,10.42.0.1,49951,1883,33,1,0,1,0,0,1,0,12,0,0,0,0,0.0,0,,0,1,,0,0,0,1,42,4,MQTT,4,0.0,0,0,0,0,0,64.0,5760.0,0,0,esp32_a0a3b3edac1c,66,eth:ethertype:ip:tcp:mqtt,35.1,94.9,52.8,160.0,-49.0,a0:a3:b3:ed:ac:1c,,,,,0.0,Normal,0.0
1744302100905399,10.42.0.139,10.42.0.1,49951,1883,45,5,0,1,0,0,0,0,0,0,0,0,0,0.0,0,,0,0,,0,0,0,0,0,0,0,0,0.0,0,0,0,0,0,64.0,5756.0,0,0,0,54,eth:ethertype:ip:tcp,35.1,94.9,52.8,160.0,-49.0,a0:a3:b3:ed:ac:1c,,,,,0.0,Normal,0.0
1744302100917103,10.42.0.139,10.42.0.1,49951,1883,45,5,0,1,0,0,1,0,3,0,0,0,0,0.0,0,,0,0,,0,0,0,0,0,0,0,0,0.0,0,0,0,0,0,64.0,5756.0,0,0,0,57,eth:ethertype:ip:tcp,35.1,94.9,52.8,160.0,-49.0,a0:a3:b3:ed:ac:1c,,,,,0.0,Normal,0.0
1744302100935411,10.42.0.139,10.42.0.1,49951,1883,48,5,0,1,1,0,1,0,185,0,0,0,0,0.0,0,,0,3,"Wakeup: 0, Mode: 0, Reset: 1, Temperature: 26.3, Uptime: 626375, Memory: 94.9, In_Temperature: 52.8°C, CPU: 160, RSSI: -50, MAC: a0:a3:b3:ed:ac:1c, F_Storage: 99.2",test/temperatura,16,0,0,182,0,0,0,0.0,0,0,0,0,0,64.0,5756.0,0,0,0,239,eth:ethertype:ip:tcp:mqtt,26.3,94.9,52.8,160.0,-50.0,a0:a3:b3:ed:ac:1c,,,,,0.0,Normal,0.0
1744302100938834,10.42.0.139,10.42.0.1,49951,1883,234,6,0,1,0,0,0,0,0,0,0,0,0,0.0,0,,0,0,,0,0,0,0,0,0,0,0,0.0,0,0,0,0,0,64.0,5755.0,0,0,0,54,eth:ethertype:ip:tcp,26.3,94.9,52.8,160.0,-50.0,a0:a3:b3:ed:ac:1c,,,,,0.0,Normal,0.0
1744302130943903,10.42.0.139,10.42.0.1,49952,1883,0,0,1,0,0,0,0,0,0,0,0,0,0,0.0,0,,0,0,,0,0,0,0,0,0,0,0,0.0,0,0,0,0,0,64.0,5760.0,0,0,0,58,eth:ethertype:ip:tcp,26.3,94.9,52.8,160.0,-50.0,a0:a3:b3:ed:ac:1c,,,,,0.0,Normal,0.0
1744302130948052,10.42.0.139,10.42.0.1,49952,1883,1,1,0,1,0,0,0,0,0,0,0,0,0,0.0,0,,0,0,,0,0,0,0,0,0,0,0,0.0,0,0,0,0,0,64.0,5760.0,0,0,0,54,eth:ethertype:ip:tcp,26.3,94.9,52.8,160.0,-50.0,a0:a3:b3:ed:ac:1c,,,,,0.0,Normal,0.0
1744302130950057,10.42.0.139,10.42.0.1,49952,1883,1,1,0,1,0,0,1,0,3,0,0,0,0,0.0,0,,0,0,,0,0,0,0,0,0,0,0,0.0,0,0,0,0,0,64.0,5760.0,0,0,0,57,eth:ethertype:ip:tcp,26.3,94.9,52.8,160.0,-50.0,a0:a3:b3:ed:ac:1c,,,,,0.0,Normal,0.0
1744302130953551,10.42.0.139,10.42.0.1,49952,1883,4,1,0,1,0,0,1,0,29,0,0,0,0,0.0,0,,0,0,,0,0,0,0,0,0,0,0,0.0,0,0,0,0,0,64.0,5760.0,0,0,0,83,eth:ethertype:ip:tcp,26.3,94.9,52.8,160.0,-50.0,a0:a3:b3:ed:ac:1c,,,,,0.0,Normal,0.0
1744302130956648,10.42.0.139,10.42.0.1,49952,1883,33,1,0,1,0,0,1,0,12,0,0,0,0,0.0,0,,0,1,,0,0,0,1,42,4,MQTT,4,0.0,0,0,0,0,0,64.0,5760.0,0,0,esp32_a0a3b3edac1c,66,eth:ethertype:ip:tcp:mqtt,26.3,94.9,52.8,160.0,-50.0,a0:a3:b3:ed:ac:1c,,,,,0.0,Normal,0.0
1744302130992541,10.42.0.139,10.42.0.1,49952,1883,45,5,0,1,0,0,1,0,3,0,0,0,0,0.0,0,,0,0,,0,0,0,0,0,0,0,0,0.0,0,0,0,0,0,64.0,5756.0,0,0,0,57,eth:ethertype:ip:tcp,26.3,94.9,52.8,160.0,-50.0,a0:a3:b3:ed:ac:1c,,,,,0.0,Normal,0.0
1744302131004134,10.42.0.139,10.42.0.1,49952,1883,48,5,0,1,1,0,1,0,185,0,0,0,0,0.0,0,,0,3,"Wakeup: 0, Mode: 0, Reset: 1, Temperature: 29.1, Uptime: 626405, Memory: 94.9, In_Temperature: 52.8°C, CPU: 160, RSSI: -50, MAC: a0:a3:b3:ed:ac:1c, F_Storage: 99.2",test/temperatura,16,0,0,182,0,0,0,0.0,0,0,0,0,0,64.0,5756.0,0,0,0,239,eth:ethertype:ip:tcp:mqtt,29.1,94.9,52.8,160.0,-50.0,a0:a3:b3:ed:ac:1c,,,,,0.0,Normal,0.0
1744302131007656,10.42.0.139,10.42.0.1,49952,1883,234,6,0,1,0,0,0,0,0,0,0,0,0,0.0,0,,0,0,,0,0,0,0,0,0,0,0,0.0,0,0,0,0,0,64.0,5755.0,0,0,0,54,eth:ethertype:ip:tcp,29.1,94.9,52.8,160.0,-50.0,a0:a3:b3:ed:ac:1c,,,,,0.0,Normal,0.0
1744302161012996,10.42.0.139,10.42.0.1,49953,1883,0,0,1,0,0,0,0,0,0,0,0,0,0,0.0,0,,0,0,,0,0,0,0,0,0,0,0,0.0,0,0,0,0,0,64.0,5760.0,0,0,0,58,eth:ethertype:ip:tcp,29.1,94.9,52.8,160.0,-50.0,a0:a3:b3:ed:ac:1c,,,,,0.0,Normal,0.0
1744302161016958,10.42.0.139,10.42.0.1,49953,1883,1,1,0,1,0,0,0,0,0,0,0,0,0,0.0,0,,0,0,,0,0,0,0,0,0,0,0,0.0,0,0,0,0,0,64.0,5760.0,0,0,0,54,eth:ethertype:ip:tcp,29.1,94.9,52.8,160.0,-50.0,a0:a3:b3:ed:ac:1c,,,,,0.0,Normal,0.0
1744302161018981,10.42.0.139,10.42.0.1,49953,1883,1,1,0,1,0,0,1,0,3,0,0,0,0,0.0,0,,0,0,,0,0,0,0,0,0,0,0,0.0,0,0,0,0,0,64.0,5760.0,0,0,0,57,eth:ethertype:ip:tcp,29.1,94.9,52.8,160.0,-50.0,a0:a3:b3:ed:ac:1c,,,,,0.0,Normal,0.0
1744302161022414,10.42.0.139,10.42.0.1,49953,1883,4,1,0,1,0,0,1,0,29,0,0,0,0,0.0,0,,0,0,,0,0,0,0,0,0,0,0,0.0,0,0,0,0,0,64.0,5760.0,0,0,0,83,eth:ethertype:ip:tcp,29.1,94.9,52.8,160.0,-50.0,a0:a3:b3:ed:ac:1c,,,,,0.0,Normal,0.0
1744302161025492,10.42.0.139,10.42.0.1,49953,1883,33,1,0,1,0,0,1,0,12,0,0,0,0,0.0,0,,0,1,,0,0,0,1,42,4,MQTT,4,0.0,0,0,0,0,0,64.0,5760.0,0,0,esp32_a0a3b3edac1c,66,eth:ethertype:ip:tcp:mqtt,29.1,94.9,52.8,160.0,-50.0,a0:a3:b3:ed:ac:1c,,,,,0.0,Normal,0.0
1744302161060800,10.42.0.139,10.42.0.1,49953,1883,45,5,0,1,0,0,1,0,3,0,0,0,0,0.0,0,,0,0,,0,0,0,0,0,0,0,0,0.0,0,0,0,0,0,64.0,5756.0,0,0,0,57,eth:ethertype:ip:tcp,29.1,94.9,52.8,160.0,-50.0,a0:a3:b3:ed:ac:1c,,,,,0.0,Normal,0.0
1744302161073781,10.42.0.139,10.42.0.1,49953,1883,48,5,0,1,1,0,1,0,185,0,0,0,0,0.0,0,,0,3,"Wakeup: 0, Mode: 0, Reset: 1, Temperature: 26.6, Uptime: 626435, Memory: 94.9, In_Temperature: 52.8°C, CPU: 160, RSSI: -50, MAC: a0:a3:b3:ed:ac:1c, F_Storage: 99.2",test/temperatura,16,0,0,182,0,0,0,0.0,0,0,0,0,0,64.0,5756.0,0,0,0,239,eth:ethertype:ip:tcp:mqtt,26.6,94.9,52.8,160.0,-50.0,a0:a3:b3:ed:ac:1c,,,,,0.0,Normal,0.0
1744302161081674,10.42.0.139,10.42.0.1,49953,1883,234,6,0,1,0,0,0,0,0,0,0,0,0,0.0,0,,0,0,,0,0,0,0,0,0,0,0,0.0,0,0,0,0,0,64.0,5755.0,0,0,0,54,eth:ethertype:ip:tcp,26.6,94.9,52.8,160.0,-50.0,a0:a3:b3:ed:ac:1c,,,,,0.0,Normal,0.0
1744302191081963,10.42.0.139,10.42.0.1,49954,1883,0,0,1,0,0,0,0,0,0,0,0,0,0,0.0,0,,0,0,,0,0,0,0,0,0,0,0,0.0,0,0,0,0,0,64.0,5760.0,0,0,0,58,eth:ethertype:ip:tcp,26.6,94.9,52.8,160.0,-50.0,a0:a3:b3:ed:ac:1c,,,,,0.0,Normal,0.0
1744302191086994,10.42.0.139,10.42.0.1,49954,1883,1,1,0,1,0,0,0,0,0,0,0,0,0,0.0,0,,0,0,,0,0,0,0,0,0,0,0,0.0,0,0,0,0,0,64.0,5760.0,0,0,0,54,eth:ethertype:ip:tcp,26.6,94.9,52.8,160.0,-50.0,a0:a3:b3:ed:ac:1c,,,,,0.0,Normal,0.0
1744302191089051,10.42.0.139,10.42.0.1,49954,1883,1,1,0,1,0,0,1,0,3,0,0,0,0,0.0,0,,0,0,,0,0,0,0,0,0,0,0,0.0,0,0,0,0,0,64.0,5760.0,0,0,0,57,eth:ethertype:ip:tcp,26.6,94.9,52.8,160.0,-50.0,a0:a3:b3:ed:ac:1c,,,,,0.0,Normal,0.0
1744302191092993,10.42.0.139,10.42.0.1,49954,1883,4,1,0,1,0,0,1,0,35,0,0,0,0,0.0,0,,0,0,,0,0,0,0,0,0,0,0,0.0,0,0,0,0,0,64.0,5760.0,0,0,0,89,eth:ethertype:ip:tcp,26.6,94.9,52.8,160.0,-50.0,a0:a3:b3:ed:ac:1c,,,,,0.0,Normal,0.0
1744302191096031,10.42.0.139,10.42.0.1,49954,1883,39,1,0,1,0,0,1,0,6,0,0,0,0,0.0,0,,0,1,,0,0,0,1,42,4,MQTT,4,0.0,0,0,0,0,0,64.0,5760.0,0,0,esp32_a0a3b3edac1c,60,eth:ethertype:ip:tcp:mqtt,26.6,94.9,52.8,160.0,-50.0,a0:a3:b3:ed:ac:1c,,,,,0.0,Normal,0.0
1744302191131196,10.42.0.139,10.42.0.1,49954,1883,45,5,0,1,0,0,1,0,3,0,0,0,0,0.0,0,,0,0,,0,0,0,0,0,0,0,0,0.0,0,0,0,0,0,64.0,5756.0,0,0,0,57,eth:ethertype:ip:tcp,26.6,94.9,52.8,160.0,-50.0,a0:a3:b3:ed:ac:1c,,,,,0.0,Normal,0.0
1744302191142736,10.42.0.139,10.42.0.1,49954,1883,48,5,0,1,1,0,1,0,185,0,0,0,0,0.0,0,,0,3,"Wakeup: 0, Mode: 0, Reset: 1, Temperature: 29.1, Uptime: 626465, Memory: 94.9, In_Temperature: 52.8°C, CPU: 160, RSSI: -49, MAC: a0:a3:b3:ed:ac:1c, F_Storage: 99.2",test/temperatura,16,0,0,182,0,0,0,0.0,0,0,0,0,0,64.0,5756.0,0,0,0,239,eth:ethertype:ip:tcp:mqtt,29.1,94.9,52.8,160.0,-49.0,a0:a3:b3:ed:ac:1c,,,,,0.0,Normal,0.0
1744302191146086,10.42.0.139,10.42.0.1,49954,1883,234,6,0,1,0,0,0,0,0,0,0,0,0,0.0,0,,0,0,,0,0,0,0,0,0,0,0,0.0,0,0,0,0,0,64.0,5755.0,0,0,0,54,eth:ethertype:ip:tcp,29.1,94.9,52.8,160.0,-49.0,a0:a3:b3:ed:ac:1c,,,,,0.0,Normal,0.0
1744302221151787,10.42.0.139,10.42.0.1,49955,1883,0,0,1,0,0,0,0,0,0,0,0,0,0,0.0,0,,0,0,,0,0,0,0,0,0,0,0,0.0,0,0,0,0,0,64.0,5760.0,0,0,0,58,eth:ethertype:ip:tcp,29.1,94.9,52.8,160.0,-49.0,a0:a3:b3:ed:ac:1c,,,,,0.0,Normal,0.0
1744302221155580,10.42.0.139,10.42.0.1,49955,1883,1,1,0,1,0,0,0,0,0,0,0,0,0,0.0,0,,0,0,,0,0,0,0,0,0,0,0,0.0,0,0,0,0,0,64.0,5760.0,0,0,0,54,eth:ethertype:ip:tcp,29.1,94.9,52.8,160.0,-49.0,a0:a3:b3:ed:ac:1c,,,,,0.0,Normal,0.0
1744302221157797,10.42.0.139,10.42.0.1,49955,1883,1,1,0,1,0,0,1,0,3,0,0,0,0,0.0,0,,0,0,,0,0,0,0,0,0,0,0,0.0,0,0,0,0,0,64.0,5760.0,0,0,0,57,eth:ethertype:ip:tcp,29.1,94.9,52.8,160.0,-49.0,a0:a3:b3:ed:ac:1c,,,,,0.0,Normal,0.0
1744302221161361,10.42.0.139,10.42.0.1,49955,1883,4,1,0,1,0,0,1,0,29,0,0,0,0,0.0,0,,0,0,,0,0,0,0,0,0,0,0,0.0,0,0,0,0,0,64.0,5760.0,0,0,0,83,eth:ethertype:ip:tcp,29.1,94.9,52.8,160.0,-49.0,a0:a3:b3:ed:ac:1c,,,,,0.0,Normal,0.0
1744302221164573,10.42.0.139,10.42.0.1,49955,1883,33,1,0,1,0,0,1,0,12,0,0,0,0,0.0,0,,0,1,,0,0,0,1,42,4,MQTT,4,0.0,0,0,0,0,0,64.0,5760.0,0,0,esp32_a0a3b3edac1c,66,eth:ethertype:ip:tcp:mqtt,29.1,94.9,52.8,160.0,-49.0,a0:a3:b3:ed:ac:1c,,,,,0.0,Normal,0.0
1744302221201040,10.42.0.139,10.42.0.1,49955,1883,45,5,0,1,0,0,1,0,3,0,0,0,0,0.0,0,,0,0,,0,0,0,0,0,0,0,0,0.0,0,0,0,0,0,64.0,5756.0,0,0,0,57,eth:ethertype:ip:tcp,29.1,94.9,52.8,160.0,-49.0,a0:a3:b3:ed:ac:1c,,,,,0.0,Normal,0.0
1744302221212034,10.42.0.139,10.42.0.1,49955,1883,48,5,0,1,1,0,1,0,185,0,0,0,0,0.0,0,,0,3,"Wakeup: 0, Mode: 0, Reset: 1, Temperature: 38.4, Uptime: 626495, Memory: 94.9, In_Temperature: 52.8°C, CPU: 160, RSSI: -49, MAC: a0:a3:b3:ed:ac:1c, F_Storage: 99.2",test/temperatura,16,0,0,182,0,0,0,0.0,0,0,0,0,0,64.0,5756.0,0,0,0,239,eth:ethertype:ip:tcp:mqtt,38.4,94.9,52.8,160.0,-49.0,a0:a3:b3:ed:ac:1c,,,,,0.0,Normal,0.0
1744302221215600,10.42.0.139,10.42.0.1,49955,1883,234,6,0,1,0,0,0,0,0,0,0,0,0,0.0,0,,0,0,,0,0,0,0,0,0,0,0,0.0,0,0,0,0,0,64.0,5755.0,0,0,0,54,eth:ethertype:ip:tcp,38.4,94.9,52.8,160.0,-49.0,a0:a3:b3:ed:ac:1c,,,,,0.0,Normal,0.0
1744302251221072,10.42.0.139,10.42.0.1,49956,1883,0,0,1,0,0,0,0,0,0,0,0,0,0,0.0,0,,0,0,,0,0,0,0,0,0,0,0,0.0,0,0,0,0,0,64.0,5760.0,0,0,0,58,eth:ethertype:ip:tcp,38.4,94.9,52.8,160.0,-49.0,a0:a3:b3:ed:ac:1c,,,,,0.0,Normal,0.0
1744302251225022,10.42.0.139,10.42.0.1,49956,1883,1,1,0,1,0,0,0,0,0,0,0,0,0,0.0,0,,0,0,,0,0,0,0,0,0,0,0,0.0,0,0,0,0,0,64.0,5760.0,0,0,0,54,eth:ethertype:ip:tcp,38.4,94.9,52.8,160.0,-49.0,a0:a3:b3:ed:ac:1c,,,,,0.0,Normal,0.0
1744302251227224,10.42.0.139,10.42.0.1,49956,1883,1,1,0,1,0,0,1,0,3,0,0,0,0,0.0,0,,0,0,,0,0,0,0,0,0,0,0,0.0,0,0,0,0,0,64.0,5760.0,0,0,0,57,eth:ethertype:ip:tcp,38.4,94.9,52.8,160.0,-49.0,a0:a3:b3:ed:ac:1c,,,,,0.0,Normal,0.0
1744302251230624,10.42.0.139,10.42.0.1,49956,1883,4,1,0,1,0,0,1,0,29,0,0,0,0,0.0,0,,0,0,,0,0,0,0,0,0,0,0,0.0,0,0,0,0,0,64.0,5760.0,0,0,0,83,eth:ethertype:ip:tcp,38.4,94.9,52.8,160.0,-49.0,a0:a3:b3:ed:ac:1c,,,,,0.0,Normal,0.0
1744302251233678,10.42.0.139,10.42.0.1,49956,1883,33,1,0,1,0,0,1,0,12,0,0,0,0,0.0,0,,0,1,,0,0,0,1,42,4,MQTT,4,0.0,0,0,0,0,0,64.0,5760.0,0,0,esp32_a0a3b3edac1c,66,eth:ethertype:ip:tcp:mqtt,38.4,94.9,52.8,160.0,-49.0,a0:a3:b3:ed:ac:1c,,,,,0.0,Normal,0.0
1744302251269490,10.42.0.139,10.42.0.1,49956,1883,45,5,0,1,0,0,1,0,3,0,0,0,0,0.0,0,,0,0,,0,0,0,0,0,0,0,0,0.0,0,0,0,0,0,64.0,5756.0,0,0,0,57,eth:ethertype:ip:tcp,38.4,94.9,52.8,160.0,-49.0,a0:a3:b3:ed:ac:1c,,,,,0.0,Normal,0.0
1744302251282185,10.42.0.139,10.42.0.1,49956,1883,48,5,0,1,1,0,1,0,185,0,0,0,0,0.0,0,,0,3,"Wakeup: 0, Mode: 0, Reset: 1, Temperature: 38.3, Uptime: 626525, Memory: 94.9, In_Temperature: 52.8°C, CPU: 160, RSSI: -50, MAC: a0:a3:b3:ed:ac:1c, F_Storage: 99.2",test/temperatura,16,0,0,182,0,0,0,0.0,0,0,0,0,0,64.0,5756.0,0,0,0,239,eth:ethertype:ip:tcp:mqtt,38.3,94.9,52.8,160.0,-50.0,a0:a3:b3:ed:ac:1c,,,,,0.0,Normal,0.0
1744302251285609,10.42.0.139,10.42.0.1,49956,1883,234,6,0,1,0,0,0,0,0,0,0,0,0,0.0,0,,0,0,,0,0,0,0,0,0,0,0,0.0,0,0,0,0,0,64.0,5755.0,0,0,0,54,eth:ethertype:ip:tcp,38.3,94.9,52.8,160.0,-50.0,a0:a3:b3:ed:ac:1c,,,,,0.0,Normal,0.0
1744302281290595,10.42.0.139,10.42.0.1,49957,1883,0,0,1,0,0,0,0,0,0,0,0,0,0,0.0,0,,0,0,,0,0,0,0,0,0,0,0,0.0,0,0,0,0,0,64.0,5760.0,0,0,0,58,eth:ethertype:ip:tcp,38.3,94.9,52.8,160.0,-50.0,a0:a3:b3:ed:ac:1c,,,,,0.0,Normal,0.0
1744302281294990,10.42.0.139,10.42.0.1,49957,1883,1,1,0,1,0,0,0,0,0,0,0,0,0,0.0,0,,0,0,,0,0,0,0,0,0,0,0,0.0,0,0,0,0,0,64.0,5760.0,0,0,0,54,eth:ethertype:ip:tcp,38.3,94.9,52.8,160.0,-50.0,a0:a3:b3:ed:ac:1c,,,,,0.0,Normal,0.0
1744302281299401,10.42.0.139,10.42.0.1,49957,1883,1,1,0,1,0,0,1,0,3,0,0,0,0,0.0,0,,0,0,,0,0,0,0,0,0,0,0,0.0,0,0,0,0,0,64.0,5760.0,0,0,0,57,eth:ethertype:ip:tcp,38.3,94.9,52.8,160.0,-50.0,a0:a3:b3:ed:ac:1c,,,,,0.0,Normal,0.0
1744302281303015,10.42.0.139,10.42.0.1,49957,1883,4,1,0,1,0,0,1,0,41,0,0,0,0,0.0,0,,0,1,,0,0,0,1,42,4,MQTT,4,0.0,0,0,0,0,0,64.0,5760.0,0,0,esp32_a0a3b3edac1c,95,eth:ethertype:ip:tcp:mqtt,38.3,94.9,52.8,160.0,-50.0,a0:a3:b3:ed:ac:1c,,,,,0.0,Normal,0.0
1744302281338182,10.42.0.139,10.42.0.1,49957,1883,45,5,0,1,0,0,1,0,3,0,0,0,0,0.0,0,,0,0,,0,0,0,0,0,0,0,0,0.0,0,0,0,0,0,64.0,5756.0,0,0,0,57,eth:ethertype:ip:tcp,38.3,94.9,52.8,160.0,-50.0,a0:a3:b3:ed:ac:1c,,,,,0.0,Normal,0.0
1744302281350610,10.42.0.139,10.42.0.1,49957,1883,48,5,0,1,1,0,1,0,185,0,0,0,0,0.0,0,,0,3,"Wakeup: 0, Mode: 0, Reset: 1, Temperature: 36.5, Uptime: 626555, Memory: 94.9, In_Temperature: 52.2°C, CPU: 160, RSSI: -49, MAC: a0:a3:b3:ed:ac:1c, F_Storage: 99.2",test/temperatura,16,0,0,182,0,0,0,0.0,0,0,0,0,0,64.0,5756.0,0,0,0,239,eth:ethertype:ip:tcp:mqtt,36.5,94.9,52.2,160.0,-49.0,a0:a3:b3:ed:ac:1c,,,,,0.0,Normal,0.0
1744302281354023,10.42.0.139,10.42.0.1,49957,1883,234,6,0,1,0,0,0,0,0,0,0,0,0,0.0,0,,0,0,,0,0,0,0,0,0,0,0,0.0,0,0,0,0,0,64.0,5755.0,0,0,0,54,eth:ethertype:ip:tcp,36.5,94.9,52.2,160.0,-49.0,a0:a3:b3:ed:ac:1c,,,,,0.0,Normal,0.0
1744302311359713,10.42.0.139,10.42.0.1,49958,1883,0,0,1,0,0,0,0,0,0,0,0,0,0,0.0,0,,0,0,,0,0,0,0,0,0,0,0,0.0,0,0,0,0,0,64.0,5760.0,0,0,0,58,eth:ethertype:ip:tcp,36.5,94.9,52.2,160.0,-49.0,a0:a3:b3:ed:ac:1c,,,,,0.0,Normal,0.0
1744302311363732,10.42.0.139,10.42.0.1,49958,1883,1,1,0,1,0,0,0,0,0,0,0,0,0,0.0,0,,0,0,,0,0,0,0,0,0,0,0,0.0,0,0,0,0,0,64.0,5760.0,0,0,0,54,eth:ethertype:ip:tcp,36.5,94.9,52.2,160.0,-49.0,a0:a3:b3:ed:ac:1c,,,,,0.0,Normal,0.0
1744302311365749,10.42.0.139,10.42.0.1,49958,1883,1,1,0,1,0,0,1,0,3,0,0,0,0,0.0,0,,0,0,,0,0,0,0,0,0,0,0,0.0,0,0,0,0,0,64.0,5760.0,0,0,0,57,eth:ethertype:ip:tcp,36.5,94.9,52.2,160.0,-49.0,a0:a3:b3:ed:ac:1c,,,,,0.0,Normal,0.0
1744302311369191,10.42.0.139,10.42.0.1,49958,1883,4,1,0,1,0,0,1,0,29,0,0,0,0,0.0,0,,0,0,,0,0,0,0,0,0,0,0,0.0,0,0,0,0,0,64.0,5760.0,0,0,0,83,eth:ethertype:ip:tcp,36.5,94.9,52.2,160.0,-49.0,a0:a3:b3:ed:ac:1c,,,,,0.0,Normal,0.0
1744302311374476,10.42.0.139,10.42.0.1,49958,1883,33,1,0,1,0,0,1,0,12,0,0,0,0,0.0,0,,0,1,,0,0,0,1,42,4,MQTT,4,0.0,0,0,0,0,0,64.0,5760.0,0,0,esp32_a0a3b3edac1c,66,eth:ethertype:ip:tcp:mqtt,36.5,94.9,52.2,160.0,-49.0,a0:a3:b3:ed:ac:1c,,,,,0.0,Normal,0.0
1744302311400669,10.42.0.139,10.42.0.1,49958,1883,45,5,0,1,0,0,0,0,0,0,0,0,0,0.0,0,,0,0,,0,0,0,0,0,0,0,0,0.0,0,0,0,0,0,64.0,5756.0,0,0,0,54,eth:ethertype:ip:tcp,36.5,94.9,52.2,160.0,-49.0,a0:a3:b3:ed:ac:1c,,,,,0.0,Normal,0.0
1744302311413613,10.42.0.139,10.42.0.1,49958,1883,45,5,0,1,0,0,1,0,3,0,0,0,0,0.0,0,,0,0,,0,0,0,0,0,0,0,0,0.0,0,0,0,0,0,64.0,5756.0,0,0,0,57,eth:ethertype:ip:tcp,36.5,94.9,52.2,160.0,-49.0,a0:a3:b3:ed:ac:1c,,,,,0.0,Normal,0.0
1744302311430007,10.42.0.139,10.42.0.1,49958,1883,48,5,0,1,1,0,1,0,185,0,0,0,0,0.0,0,,0,3,"Wakeup: 0, Mode: 0, Reset: 1, Temperature: 30.7, Uptime: 626585, Memory: 94.9, In_Temperature: 52.8°C, CPU: 160, RSSI: -50, MAC: a0:a3:b3:ed:ac:1c, F_Storage: 99.2",test/temperatura,16,0,0,182,0,0,0,0.0,0,0,0,0,0,64.0,5756.0,0,0,0,239,eth:ethertype:ip:tcp:mqtt,30.7,94.9,52.8,160.0,-50.0,a0:a3:b3:ed:ac:1c,,,,,0.0,Normal,0.0
1744302311433453,10.42.0.139,10.42.0.1,49958,1883,234,6,0,1,0,0,0,0,0,0,0,0,0,0.0,0,,0,0,,0,0,0,0,0,0,0,0,0.0,0,0,0,0,0,64.0,5755.0,0,0,0,54,eth:ethertype:ip:tcp,30.7,94.9,52.8,160.0,-50.0,a0:a3:b3:ed:ac:1c,,,,,0.0,Normal,0.0
1744302341438909,10.42.0.139,10.42.0.1,49959,1883,0,0,1,0,0,0,0,0,0,0,0,0,0,0.0,0,,0,0,,0,0,0,0,0,0,0,0,0.0,0,0,0,0,0,64.0,5760.0,0,0,0,58,eth:ethertype:ip:tcp,30.7,94.9,52.8,160.0,-50.0,a0:a3:b3:ed:ac:1c,,,,,0.0,Normal,0.0
1744302341442827,10.42.0.139,10.42.0.1,49959,1883,1,1,0,1,0,0,0,0,0,0,0,0,0,0.0,0,,0,0,,0,0,0,0,0,0,0,0,0.0,0,0,0,0,0,64.0,5760.0,0,0,0,54,eth:ethertype:ip:tcp,30.7,94.9,52.8,160.0,-50.0,a0:a3:b3:ed:ac:1c,,,,,0.0,Normal,0.0
1744302341445056,10.42.0.139,10.42.0.1,49959,1883,1,1,0,1,0,0,1,0,3,0,0,0,0,0.0,0,,0,0,,0,0,0,0,0,0,0,0,0.0,0,0,0,0,0,64.0,5760.0,0,0,0,57,eth:ethertype:ip:tcp,30.7,94.9,52.8,160.0,-50.0,a0:a3:b3:ed:ac:1c,,,,,0.0,Normal,0.0
1744302341448488,10.42.0.139,10.42.0.1,49959,1883,4,1,0,1,0,0,1,0,29,0,0,0,0,0.0,0,,0,0,,0,0,0,0,0,0,0,0,0.0,0,0,0,0,0,64.0,5760.0,0,0,0,83,eth:ethertype:ip:tcp,30.7,94.9,52.8,160.0,-50.0,a0:a3:b3:ed:ac:1c,,,,,0.0,Normal,0.0
1744302341451632,10.42.0.139,10.42.0.1,49959,1883,33,1,0,1,0,0,1,0,12,0,0,0,0,0.0,0,,0,1,,0,0,0,1,42,4,MQTT,4,0.0,0,0,0,0,0,64.0,5760.0,0,0,esp32_a0a3b3edac1c,66,eth:ethertype:ip:tcp:mqtt,30.7,94.9,52.8,160.0,-50.0,a0:a3:b3:ed:ac:1c,,,,,0.0,Normal,0.0
1744302341486922,10.42.0.139,10.42.0.1,49959,1883,45,5,0,1,0,0,1,0,3,0,0,0,0,0.0,0,,0,0,,0,0,0,0,0,0,0,0,0.0,0,0,0,0,0,64.0,5756.0,0,0,0,57,eth:ethertype:ip:tcp,30.7,94.9,52.8,160.0,-50.0,a0:a3:b3:ed:ac:1c,,,,,0.0,Normal,0.0
1744302341499325,10.42.0.139,10.42.0.1,49959,1883,48,5,0,1,1,0,1,0,185,0,0,0,0,0.0,0,,0,3,"Wakeup: 0, Mode: 0, Reset: 1, Temperature: 34.6, Uptime: 626615, Memory: 94.9, In_Temperature: 52.8°C, CPU: 160, RSSI: -50, MAC: a0:a3:b3:ed:ac:1c, F_Storage: 99.2",test/temperatura,16,0,0,182,0,0,0,0.0,0,0,0,0,0,64.0,5756.0,0,0,0,239,eth:ethertype:ip:tcp:mqtt,34.6,94.9,52.8,160.0,-50.0,a0:a3:b3:ed:ac:1c,,,,,0.0,Normal,0.0
1744302341503797,10.42.0.139,10.42.0.1,49959,1883,234,6,0,1,0,0,0,0,0,0,0,0,0,0.0,0,,0,0,,0,0,0,0,0,0,0,0,0.0,0,0,0,0,0,64.0,5755.0,0,0,0,54,eth:ethertype:ip:tcp,34.6,94.9,52.8,160.0,-50.0,a0:a3:b3:ed:ac:1c,,,,,0.0,Normal,0.0
1744302371509516,10.42.0.139,10.42.0.1,49960,1883,0,0,1,0,0,0,0,0,0,0,0,0,0,0.0,0,,0,0,,0,0,0,0,0,0,0,0,0.0,0,0,0,0,0,64.0,5760.0,0,0,0,58,eth:ethertype:ip:tcp,34.6,94.9,52.8,160.0,-50.0,a0:a3:b3:ed:ac:1c,,,,,0.0,Normal,0.0
1744302371516216,10.42.0.139,10.42.0.1,49960,1883,1,1,0,1,0,0,0,0,0,0,0,0,0,0.0,0,,0,0,,0,0,0,0,0,0,0,0,0.0,0,0,0,0,0,64.0,5760.0,0,0,0,54,eth:ethertype:ip:tcp,34.6,94.9,52.8,160.0,-50.0,a0:a3:b3:ed:ac:1c,,,,,0.0,Normal,0.0
1744302371517041,10.42.0.139,10.42.0.1,49960,1883,1,1,0,1,0,0,1,0,3,0,0,0,0,0.0,0,,0,0,,0,0,0,0,0,0,0,0,0.0,0,0,0,0,0,64.0,5760.0,0,0,0,57,eth:ethertype:ip:tcp,34.6,94.9,52.8,160.0,-50.0,a0:a3:b3:ed:ac:1c,,,,,0.0,Normal,0.0
1744302371520412,10.42.0.139,10.42.0.1,49960,1883,4,1,0,1,0,0,1,0,31,0,0,0,0,0.0,0,,0,0,,0,0,0,0,0,0,0,0,0.0,0,0,0,0,0,64.0,5760.0,0,0,0,85,eth:ethertype:ip:tcp,34.6,94.9,52.8,160.0,-50.0,a0:a3:b3:ed:ac:1c,,,,,0.0,Normal,0.0
1744302371523620,10.42.0.139,10.42.0.1,49960,1883,35,1,0,1,0,0,1,0,10,0,0,0,0,0.0,0,,0,1,,0,0,0,1,42,4,MQTT,4,0.0,0,0,0,0,0,64.0,5760.0,0,0,esp32_a0a3b3edac1c,64,eth:ethertype:ip:tcp:mqtt,34.6,94.9,52.8,160.0,-50.0,a0:a3:b3:ed:ac:1c,,,,,0.0,Normal,0.0
1744302371559003,10.42.0.139,10.42.0.1,49960,1883,45,5,0,1,0,0,1,0,3,0,0,0,0,0.0,0,,0,0,,0,0,0,0,0,0,0,0,0.0,0,0,0,0,0,64.0,5756.0,0,0,0,57,eth:ethertype:ip:tcp,34.6,94.9,52.8,160.0,-50.0,a0:a3:b3:ed:ac:1c,,,,,0.0,Normal,0.0
1744302371568590,10.42.0.139,10.42.0.1,49960,1883,48,5,0,1,1,0,1,0,185,0,0,0,0,0.0,0,,0,3,"Wakeup: 0, Mode: 0, Reset: 1, Temperature: 25.9, Uptime: 626645, Memory: 94.9, In_Temperature: 52.8°C, CPU: 160, RSSI: -50, MAC: a0:a3:b3:ed:ac:1c, F_Storage: 99.2",test/temperatura,16,0,0,182,0,0,0,0.0,0,0,0,0,0,64.0,5756.0,0,0,0,239,eth:ethertype:ip:tcp:mqtt,25.9,94.9,52.8,160.0,-50.0,a0:a3:b3:ed:ac:1c,,,,,0.0,Normal,0.0
1744302371571874,10.42.0.139,10.42.0.1,49960,1883,234,6,0,1,0,0,0,0,0,0,0,0,0,0.0,0,,0,0,,0,0,0,0,0,0,0,0,0.0,0,0,0,0,0,64.0,5755.0,0,0,0,54,eth:ethertype:ip:tcp,25.9,94.9,52.8,160.0,-50.0,a0:a3:b3:ed:ac:1c,,,,,0.0,Normal,0.0
1744302401577184,10.42.0.139,10.42.0.1,49961,1883,0,0,1,0,0,0,0,0,0,0,0,0,0,0.0,0,,0,0,,0,0,0,0,0,0,0,0,0.0,0,0,0,0,0,64.0,5760.0,0,0,0,58,eth:ethertype:ip:tcp,25.9,94.9,52.8,160.0,-50.0,a0:a3:b3:ed:ac:1c,,,,,0.0,Normal,0.0
1744302401580778,10.42.0.139,10.42.0.1,49961,1883,1,1,0,1,0,0,0,0,0,0,0,0,0,0.0,0,,0,0,,0,0,0,0,0,0,0,0,0.0,0,0,0,0,0,64.0,5760.0,0,0,0,54,eth:ethertype:ip:tcp,25.9,94.9,52.8,160.0,-50.0,a0:a3:b3:ed:ac:1c,,,,,0.0,Normal,0.0
1744302401583178,10.42.0.139,10.42.0.1,49961,1883,1,1,0,1,0,0,1,0,3,0,0,0,0,0.0,0,,0,0,,0,0,0,0,0,0,0,0,0.0,0,0,0,0,0,64.0,5760.0,0,0,0,57,eth:ethertype:ip:tcp,25.9,94.9,52.8,160.0,-50.0,a0:a3:b3:ed:ac:1c,,,,,0.0,Normal,0.0
1744302401586558,10.42.0.139,10.42.0.1,49961,1883,4,1,0,1,0,0,1,0,29,0,0,0,0,0.0,0,,0,0,,0,0,0,0,0,0,0,0,0.0,0,0,0,0,0,64.0,5760.0,0,0,0,83,eth:ethertype:ip:tcp,25.9,94.9,52.8,160.0,-50.0,a0:a3:b3:ed:ac:1c,,,,,0.0,Normal,0.0
1744302401589742,10.42.0.139,10.42.0.1,49961,1883,33,1,0,1,0,0,1,0,12,0,0,0,0,0.0,0,,0,1,,0,0,0,1,42,4,MQTT,4,0.0,0,0,0,0,0,64.0,5760.0,0,0,esp32_a0a3b3edac1c,66,eth:ethertype:ip:tcp:mqtt,25.9,94.9,52.8,160.0,-50.0,a0:a3:b3:ed:ac:1c,,,,,0.0,Normal,0.0
1744302401626396,10.42.0.139,10.42.0.1,49961,1883,45,5,0,1,0,0,1,0,3,0,0,0,0,0.0,0,,0,0,,0,0,0,0,0,0,0,0,0.0,0,0,0,0,0,64.0,5756.0,0,0,0,57,eth:ethertype:ip:tcp,25.9,94.9,52.8,160.0,-50.0,a0:a3:b3:ed:ac:1c,,,,,0.0,Normal,0.0
1744302401638015,10.42.0.139,10.42.0.1,49961,1883,48,5,0,1,1,0,1,0,185,0,0,0,0,0.0,0,,0,3,"Wakeup: 0, Mode: 0, Reset: 1, Temperature: 34.9, Uptime: 626675, Memory: 94.9, In_Temperature: 52.8°C, CPU: 160, RSSI: -49, MAC: a0:a3:b3:ed:ac:1c, F_Storage: 99.2",test/temperatura,16,0,0,182,0,0,0,0.0,0,0,0,0,0,64.0,5756.0,0,0,0,239,eth:ethertype:ip:tcp:mqtt,34.9,94.9,52.8,160.0,-49.0,a0:a3:b3:ed:ac:1c,,,,,0.0,Normal,0.0
1744302401641458,10.42.0.139,10.42.0.1,49961,1883,234,6,0,1,0,0,0,0,0,0,0,0,0,0.0,0,,0,0,,0,0,0,0,0,0,0,0,0.0,0,0,0,0,0,64.0,5755.0,0,0,0,54,eth:ethertype:ip:tcp,34.9,94.9,52.8,160.0,-49.0,a0:a3:b3:ed:ac:1c,,,,,0.0,Normal,0.0
1744302431646926,10.42.0.139,10.42.0.1,49962,1883,0,0,1,0,0,0,0,0,0,0,0,0,0,0.0,0,,0,0,,0,0,0,0,0,0,0,0,0.0,0,0,0,0,0,64.0,5760.0,0,0,0,58,eth:ethertype:ip:tcp,34.9,94.9,52.8,160.0,-49.0,a0:a3:b3:ed:ac:1c,,,,,0.0,Normal,0.0
1744302431651007,10.42.0.139,10.42.0.1,49962,1883,1,1,0,1,0,0,0,0,0,0,0,0,0,0.0,0,,0,0,,0,0,0,0,0,0,0,0,0.0,0,0,0,0,0,64.0,5760.0,0,0,0,54,eth:ethertype:ip:tcp,34.9,94.9,52.8,160.0,-49.0,a0:a3:b3:ed:ac:1c,,,,,0.0,Normal,0.0
1744302431653133,10.42.0.139,10.42.0.1,49962,1883,1,1,0,1,0,0,1,0,3,0,0,0,0,0.0,0,,0,0,,0,0,0,0,0,0,0,0,0.0,0,0,0,0,0,64.0,5760.0,0,0,0,57,eth:ethertype:ip:tcp,34.9,94.9,52.8,160.0,-49.0,a0:a3:b3:ed:ac:1c,,,,,0.0,Normal,0.0
1744302431656626,10.42.0.139,10.42.0.1,49962,1883,4,1,0,1,0,0,1,0,29,0,0,0,0,0.0,0,,0,0,,0,0,0,0,0,0,0,0,0.0,0,0,0,0,0,64.0,5760.0,0,0,0,83,eth:ethertype:ip:tcp,34.9,94.9,52.8,160.0,-49.0,a0:a3:b3:ed:ac:1c,,,,,0.0,Normal,0.0
1744302431659593,10.42.0.139,10.42.0.1,49962,1883,33,1,0,1,0,0,1,0,12,0,0,0,0,0.0,0,,0,1,,0,0,0,1,42,4,MQTT,4,0.0,0,0,0,0,0,64.0,5760.0,0,0,esp32_a0a3b3edac1c,66,eth:ethertype:ip:tcp:mqtt,34.9,94.9,52.8,160.0,-49.0,a0:a3:b3:ed:ac:1c,,,,,0.0,Normal,0.0
1744302431695309,10.42.0.139,10.42.0.1,49962,1883,45,5,0,1,0,0,1,0,3,0,0,0,0,0.0,0,,0,0,,0,0,0,0,0,0,0,0,0.0,0,0,0,0,0,64.0,5756.0,0,0,0,57,eth:ethertype:ip:tcp,34.9,94.9,52.8,160.0,-49.0,a0:a3:b3:ed:ac:1c,,,,,0.0,Normal,0.0
1744302431707334,10.42.0.139,10.42.0.1,49962,1883,48,5,0,1,1,0,1,0,185,0,0,0,0,0.0,0,,0,3,"Wakeup: 0, Mode: 0, Reset: 1, Temperature: 31.2, Uptime: 626706, Memory: 94.9, In_Temperature: 52.2°C, CPU: 160, RSSI: -51, MAC: a0:a3:b3:ed:ac:1c, F_Storage: 99.2",test/temperatura,16,0,0,182,0,0,0,0.0,0,0,0,0,0,64.0,5756.0,0,0,0,239,eth:ethertype:ip:tcp:mqtt,31.2,94.9,52.2,160.0,-51.0,a0:a3:b3:ed:ac:1c,,,,,0.0,Normal,0.0
1744302431712501,10.42.0.139,10.42.0.1,49962,1883,234,6,0,1,0,0,0,0,0,0,0,0,0,0.0,0,,0,0,,0,0,0,0,0,0,0,0,0.0,0,0,0,0,0,64.0,5755.0,0,0,0,54,eth:ethertype:ip:tcp,31.2,94.9,52.2,160.0,-51.0,a0:a3:b3:ed:ac:1c,,,,,0.0,Normal,0.0
1744302461716113,10.42.0.139,10.42.0.1,49963,1883,0,0,1,0,0,0,0,0,0,0,0,0,0,0.0,0,,0,0,,0,0,0,0,0,0,0,0,0.0,0,0,0,0,0,64.0,5760.0,0,0,0,58,eth:ethertype:ip:tcp,31.2,94.9,52.2,160.0,-51.0,a0:a3:b3:ed:ac:1c,,,,,0.0,Normal,0.0
1744302461720057,10.42.0.139,10.42.0.1,49963,1883,1,1,0,1,0,0,0,0,0,0,0,0,0,0.0,0,,0,0,,0,0,0,0,0,0,0,0,0.0,0,0,0,0,0,64.0,5760.0,0,0,0,54,eth:ethertype:ip:tcp,31.2,94.9,52.2,160.0,-51.0,a0:a3:b3:ed:ac:1c,,,,,0.0,Normal,0.0
1744302461724097,10.42.0.139,10.42.0.1,49963,1883,1,1,0,1,0,0,1,0,3,0,0,0,0,0.0,0,,0,0,,0,0,0,0,0,0,0,0,0.0,0,0,0,0,0,64.0,5760.0,0,0,0,57,eth:ethertype:ip:tcp,31.2,94.9,52.2,160.0,-51.0,a0:a3:b3:ed:ac:1c,,,,,0.0,Normal,0.0
1744302461728829,10.42.0.139,10.42.0.1,49963,1883,4,1,0,1,0,0,1,0,41,0,0,0,0,0.0,0,,0,1,,0,0,0,1,42,4,MQTT,4,0.0,0,0,0,0,0,64.0,5760.0,0,0,esp32_a0a3b3edac1c,95,eth:ethertype:ip:tcp:mqtt,31.2,94.9,52.2,160.0,-51.0,a0:a3:b3:ed:ac:1c,,,,,0.0,Normal,0.0
1744302461764220,10.42.0.139,10.42.0.1,49963,1883,45,5,0,1,0,0,1,0,3,0,0,0,0,0.0,0,,0,0,,0,0,0,0,0,0,0,0,0.0,0,0,0,0,0,64.0,5756.0,0,0,0,57,eth:ethertype:ip:tcp,31.2,94.9,52.2,160.0,-51.0,a0:a3:b3:ed:ac:1c,,,,,0.0,Normal,0.0
1744302461776600,10.42.0.139,10.42.0.1,49963,1883,48,5,0,1,1,0,1,0,185,0,0,0,0,0.0,0,,0,3,"Wakeup: 0, Mode: 0, Reset: 1, Temperature: 29.0, Uptime: 626736, Memory: 94.9, In_Temperature: 52.2°C, CPU: 160, RSSI: -49, MAC: a0:a3:b3:ed:ac:1c, F_Storage: 99.2",test/temperatura,16,0,0,182,0,0,0,0.0,0,0,0,0,0,64.0,5756.0,0,0,0,239,eth:ethertype:ip:tcp:mqtt,29.0,94.9,52.2,160.0,-49.0,a0:a3:b3:ed:ac:1c,,,,,0.0,Normal,0.0
1744302461779929,10.42.0.139,10.42.0.1,49963,1883,234,6,0,1,0,0,0,0,0,0,0,0,0,0.0,0,,0,0,,0,0,0,0,0,0,0,0,0.0,0,0,0,0,0,64.0,5755.0,0,0,0,54,eth:ethertype:ip:tcp,29.0,94.9,52.2,160.0,-49.0,a0:a3:b3:ed:ac:1c,,,,,0.0,Normal,0.0
1744302491785640,10.42.0.139,10.42.0.1,49964,1883,0,0,1,0,0,0,0,0,0,0,0,0,0,0.0,0,,0,0,,0,0,0,0,0,0,0,0,0.0,0,0,0,0,0,64.0,5760.0,0,0,0,58,eth:ethertype:ip:tcp,29.0,94.9,52.2,160.0,-49.0,a0:a3:b3:ed:ac:1c,,,,,0.0,Normal,0.0
1744302491789631,10.42.0.139,10.42.0.1,49964,1883,1,1,0,1,0,0,0,0,0,0,0,0,0,0.0,0,,0,0,,0,0,0,0,0,0,0,0,0.0,0,0,0,0,0,64.0,5760.0,0,0,0,54,eth:ethertype:ip:tcp,29.0,94.9,52.2,160.0,-49.0,a0:a3:b3:ed:ac:1c,,,,,0.0,Normal,0.0
1744302491791811,10.42.0.139,10.42.0.1,49964,1883,1,1,0,1,0,0,1,0,3,0,0,0,0,0.0,0,,0,0,,0,0,0,0,0,0,0,0,0.0,0,0,0,0,0,64.0,5760.0,0,0,0,57,eth:ethertype:ip:tcp,29.0,94.9,52.2,160.0,-49.0,a0:a3:b3:ed:ac:1c,,,,,0.0,Normal,0.0
1744302491795235,10.42.0.139,10.42.0.1,49964,1883,4,1,0,1,0,0,1,0,29,0,0,0,0,0.0,0,,0,0,,0,0,0,0,0,0,0,0,0.0,0,0,0,0,0,64.0,5760.0,0,0,0,83,eth:ethertype:ip:tcp,29.0,94.9,52.2,160.0,-49.0,a0:a3:b3:ed:ac:1c,,,,,0.0,Normal,0.0
1744302491798328,10.42.0.139,10.42.0.1,49964,1883,33,1,0,1,0,0,1,0,12,0,0,0,0,0.0,0,,0,1,,0,0,0,1,42,4,MQTT,4,0.0,0,0,0,0,0,64.0,5760.0,0,0,esp32_a0a3b3edac1c,66,eth:ethertype:ip:tcp:mqtt,29.0,94.9,52.2,160.0,-49.0,a0:a3:b3:ed:ac:1c,,,,,0.0,Normal,0.0
1744302491834843,10.42.0.139,10.42.0.1,49964,1883,45,5,0,1,0,0,1,0,3,0,0,0,0,0.0,0,,0,0,,0,0,0,0,0,0,0,0,0.0,0,0,0,0,0,64.0,5756.0,0,0,0,57,eth:ethertype:ip:tcp,29.0,94.9,52.2,160.0,-49.0,a0:a3:b3:ed:ac:1c,,,,,0.0,Normal,0.0
1744302491846339,10.42.0.139,10.42.0.1,49964,1883,48,5,0,1,1,0,1,0,185,0,0,0,0,0.0,0,,0,3,"Wakeup: 0, Mode: 0, Reset: 1, Temperature: 34.0, Uptime: 626766, Memory: 94.9, In_Temperature: 52.8°C, CPU: 160, RSSI: -49, MAC: a0:a3:b3:ed:ac:1c, F_Storage: 99.2",test/temperatura,16,0,0,182,0,0,0,0.0,0,0,0,0,0,64.0,5756.0,0,0,0,239,eth:ethertype:ip:tcp:mqtt,34.0,94.9,52.8,160.0,-49.0,a0:a3:b3:ed:ac:1c,,,,,0.0,Normal,0.0
1744302491850079,10.42.0.139,10.42.0.1,49964,1883,234,6,0,1,0,0,0,0,0,0,0,0,0,0.0,0,,0,0,,0,0,0,0,0,0,0,0,0.0,0,0,0,0,0,64.0,5755.0,0,0,0,54,eth:ethertype:ip:tcp,34.0,94.9,52.8,160.0,-49.0,a0:a3:b3:ed:ac:1c,,,,,0.0,Normal,0.0
1744302521854879,10.42.0.139,10.42.0.1,49965,1883,0,0,1,0,0,0,0,0,0,0,0,0,0,0.0,0,,0,0,,0,0,0,0,0,0,0,0,0.0,0,0,0,0,0,64.0,5760.0,0,0,0,58,eth:ethertype:ip:tcp,34.0,94.9,52.8,160.0,-49.0,a0:a3:b3:ed:ac:1c,,,,,0.0,Normal,0.0
1744302521858824,10.42.0.139,10.42.0.1,49965,1883,1,1,0,1,0,0,0,0,0,0,0,0,0,0.0,0,,0,0,,0,0,0,0,0,0,0,0,0.0,0,0,0,0,0,64.0,5760.0,0,0,0,54,eth:ethertype:ip:tcp,34.0,94.9,52.8,160.0,-49.0,a0:a3:b3:ed:ac:1c,,,,,0.0,Normal,0.0
1744302521860910,10.42.0.139,10.42.0.1,49965,1883,1,1,0,1,0,0,1,0,3,0,0,0,0,0.0,0,,0,0,,0,0,0,0,0,0,0,0,0.0,0,0,0,0,0,64.0,5760.0,0,0,0,57,eth:ethertype:ip:tcp,34.0,94.9,52.8,160.0,-49.0,a0:a3:b3:ed:ac:1c,,,,,0.0,Normal,0.0
1744302521864372,10.42.0.139,10.42.0.1,49965,1883,4,1,0,1,0,0,1,0,29,0,0,0,0,0.0,0,,0,0,,0,0,0,0,0,0,0,0,0.0,0,0,0,0,0,64.0,5760.0,0,0,0,83,eth:ethertype:ip:tcp,34.0,94.9,52.8,160.0,-49.0,a0:a3:b3:ed:ac:1c,,,,,0.0,Normal,0.0
1744302521867792,10.42.0.139,10.42.0.1,49965,1883,33,1,0,1,0,0,1,0,12,0,0,0,0,0.0,0,,0,1,,0,0,0,1,42,4,MQTT,4,0.0,0,0,0,0,0,64.0,5760.0,0,0,esp32_a0a3b3edac1c,66,eth:ethertype:ip:tcp:mqtt,34.0,94.9,52.8,160.0,-49.0,a0:a3:b3:ed:ac:1c,,,,,0.0,Normal,0.0
1744302521896269,10.42.0.139,10.42.0.1,49965,1883,45,5,0,1,0,0,0,0,0,0,0,0,0,0.0,0,,0,0,,0,0,0,0,0,0,0,0,0.0,0,0,0,0,0,64.0,5756.0,0,0,0,54,eth:ethertype:ip:tcp,34.0,94.9,52.8,160.0,-49.0,a0:a3:b3:ed:ac:1c,,,,,0.0,Normal,0.0
1744302521904374,10.42.0.139,10.42.0.1,49965,1883,45,5,0,1,0,0,1,0,3,0,0,0,0,0.0,0,,0,0,,0,0,0,0,0,0,0,0,0.0,0,0,0,0,0,64.0,5756.0,0,0,0,57,eth:ethertype:ip:tcp,34.0,94.9,52.8,160.0,-49.0,a0:a3:b3:ed:ac:1c,,,,,0.0,Normal,0.0
1744302521915116,10.42.0.139,10.42.0.1,49965,1883,48,5,0,1,1,0,1,0,185,0,0,0,0,0.0,0,,0,3,"Wakeup: 0, Mode: 0, Reset: 1, Temperature: 38.0, Uptime: 626796, Memory: 94.9, In_Temperature: 52.8°C, CPU: 160, RSSI: -48, MAC: a0:a3:b3:ed:ac:1c, F_Storage: 99.2",test/temperatura,16,0,0,182,0,0,0,0.0,0,0,0,0,0,64.0,5756.0,0,0,0,239,eth:ethertype:ip:tcp:mqtt,38.0,94.9,52.8,160.0,-48.0,a0:a3:b3:ed:ac:1c,,,,,0.0,Normal,0.0
1744302521918606,10.42.0.139,10.42.0.1,49965,1883,234,6,0,1,0,0,0,0,0,0,0,0,0,0.0,0,,0,0,,0,0,0,0,0,0,0,0,0.0,0,0,0,0,0,64.0,5755.0,0,0,0,54,eth:ethertype:ip:tcp,38.0,94.9,52.8,160.0,-48.0,a0:a3:b3:ed:ac:1c,,,,,0.0,Normal,0.0
1744302551923517,10.42.0.139,10.42.0.1,49966,1883,0,0,1,0,0,0,0,0,0,0,0,0,0,0.0,0,,0,0,,0,0,0,0,0,0,0,0,0.0,0,0,0,0,0,64.0,5760.0,0,0,0,58,eth:ethertype:ip:tcp,38.0,94.9,52.8,160.0,-48.0,a0:a3:b3:ed:ac:1c,,,,,0.0,Normal,0.0
1744302551927129,10.42.0.139,10.42.0.1,49966,1883,1,1,0,1,0,0,0,0,0,0,0,0,0,0.0,0,,0,0,,0,0,0,0,0,0,0,0,0.0,0,0,0,0,0,64.0,5760.0,0,0,0,54,eth:ethertype:ip:tcp,38.0,94.9,52.8,160.0,-48.0,a0:a3:b3:ed:ac:1c,,,,,0.0,Normal,0.0
1744302551931073,10.42.0.139,10.42.0.1,49966,1883,1,1,0,1,0,0,1,0,3,0,0,0,0,0.0,0,,0,0,,0,0,0,0,0,0,0,0,0.0,0,0,0,0,0,64.0,5760.0,0,0,0,57,eth:ethertype:ip:tcp,38.0,94.9,52.8,160.0,-48.0,a0:a3:b3:ed:ac:1c,,,,,0.0,Normal,0.0
1744302551934040,10.42.0.139,10.42.0.1,49966,1883,4,1,0,1,0,0,1,0,41,0,0,0,0,0.0,0,,0,1,,0,0,0,1,42,4,MQTT,4,0.0,0,0,0,0,0,64.0,5760.0,0,0,esp32_a0a3b3edac1c,95,eth:ethertype:ip:tcp:mqtt,38.0,94.9,52.8,160.0,-48.0,a0:a3:b3:ed:ac:1c,,,,,0.0,Normal,0.0
1744302551969922,10.42.0.139,10.42.0.1,49966,1883,45,5,0,1,0,0,1,0,3,0,0,0,0,0.0,0,,0,0,,0,0,0,0,0,0,0,0,0.0,0,0,0,0,0,64.0,5756.0,0,0,0,57,eth:ethertype:ip:tcp,38.0,94.9,52.8,160.0,-48.0,a0:a3:b3:ed:ac:1c,,,,,0.0,Normal,0.0
1744302551984569,10.42.0.139,10.42.0.1,49966,1883,48,5,0,1,1,0,1,0,185,0,0,0,0,0.0,0,,0,3,"Wakeup: 0, Mode: 0, Reset: 1, Temperature: 32.1, Uptime: 626826, Memory: 94.9, In_Temperature: 52.8°C, CPU: 160, RSSI: -49, MAC: a0:a3:b3:ed:ac:1c, F_Storage: 99.2",test/temperatura,16,0,0,182,0,0,0,0.0,0,0,0,0,0,64.0,5756.0,0,0,0,239,eth:ethertype:ip:tcp:mqtt,32.1,94.9,52.8,160.0,-49.0,a0:a3:b3:ed:ac:1c,,,,,0.0,Normal,0.0
1744302551988140,10.42.0.139,10.42.0.1,49966,1883,234,6,0,1,0,0,0,0,0,0,0,0,0,0.0,0,,0,0,,0,0,0,0,0,0,0,0,0.0,0,0,0,0,0,64.0,5755.0,0,0,0,54,eth:ethertype:ip:tcp,32.1,94.9,52.8,160.0,-49.0,a0:a3:b3:ed:ac:1c,,,,,0.0,Normal,0.0
1744302581993464,10.42.0.139,10.42.0.1,49967,1883,0,0,1,0,0,0,0,0,0,0,0,0,0,0.0,0,,0,0,,0,0,0,0,0,0,0,0,0.0,0,0,0,0,0,64.0,5760.0,0,0,0,58,eth:ethertype:ip:tcp,32.1,94.9,52.8,160.0,-49.0,a0:a3:b3:ed:ac:1c,,,,,0.0,Normal,0.0
1744302581997442,10.42.0.139,10.42.0.1,49967,1883,1,1,0,1,0,0,0,0,0,0,0,0,0,0.0,0,,0,0,,0,0,0,0,0,0,0,0,0.0,0,0,0,0,0,64.0,5760.0,0,0,0,54,eth:ethertype:ip:tcp,32.1,94.9,52.8,160.0,-49.0,a0:a3:b3:ed:ac:1c,,,,,0.0,Normal,0.0
1744302581999581,10.42.0.139,10.42.0.1,49967,1883,1,1,0,1,0,0,1,0,3,0,0,0,0,0.0,0,,0,0,,0,0,0,0,0,0,0,0,0.0,0,0,0,0,0,64.0,5760.0,0,0,0,57,eth:ethertype:ip:tcp,32.1,94.9,52.8,160.0,-49.0,a0:a3:b3:ed:ac:1c,,,,,0.0,Normal,0.0
1744302582003530,10.42.0.139,10.42.0.1,49967,1883,4,1,0,1,0,0,1,0,29,0,0,0,0,0.0,0,,0,0,,0,0,0,0,0,0,0,0,0.0,0,0,0,0,0,64.0,5760.0,0,0,0,83,eth:ethertype:ip:tcp,32.1,94.9,52.8,160.0,-49.0,a0:a3:b3:ed:ac:1c,,,,,0.0,Normal,0.0
1744302582008691,10.42.0.139,10.42.0.1,49967,1883,33,1,0,1,0,0,1,0,12,0,0,0,0,0.0,0,,0,1,,0,0,0,1,42,4,MQTT,4,0.0,0,0,0,0,0,64.0,5760.0,0,0,esp32_a0a3b3edac1c,66,eth:ethertype:ip:tcp:mqtt,32.1,94.9,52.8,160.0,-49.0,a0:a3:b3:ed:ac:1c,,,,,0.0,Normal,0.0
1744302582044072,10.42.0.139,10.42.0.1,49967,1883,45,5,0,1,0,0,1,0,3,0,0,0,0,0.0,0,,0,0,,0,0,0,0,0,0,0,0,0.0,0,0,0,0,0,64.0,5756.0,0,0,0,57,eth:ethertype:ip:tcp,32.1,94.9,52.8,160.0,-49.0,a0:a3:b3:ed:ac:1c,,,,,0.0,Normal,0.0
1744302582054630,10.42.0.139,10.42.0.1,49967,1883,48,5,0,1,1,0,1,0,185,0,0,0,0,0.0,0,,0,3,"Wakeup: 0, Mode: 0, Reset: 1, Temperature: 38.7, Uptime: 626856, Memory: 94.9, In_Temperature: 52.8°C, CPU: 160, RSSI: -49, MAC: a0:a3:b3:ed:ac:1c, F_Storage: 99.2",test/temperatura,16,0,0,182,0,0,0,0.0,0,0,0,0,0,64.0,5756.0,0,0,0,239,eth:ethertype:ip:tcp:mqtt,38.7,94.9,52.8,160.0,-49.0,a0:a3:b3:ed:ac:1c,,,,,0.0,Normal,0.0
1744302582058166,10.42.0.139,10.42.0.1,49967,1883,234,6,0,1,0,0,0,0,0,0,0,0,0,0.0,0,,0,0,,0,0,0,0,0,0,0,0,0.0,0,0,0,0,0,64.0,5755.0,0,0,0,54,eth:ethertype:ip:tcp,38.7,94.9,52.8,160.0,-49.0,a0:a3:b3:ed:ac:1c,,,,,0.0,Normal,0.0
1744302612062973,10.42.0.139,10.42.0.1,49968,1883,0,0,1,0,0,0,0,0,0,0,0,0,0,0.0,0,,0,0,,0,0,0,0,0,0,0,0,0.0,0,0,0,0,0,64.0,5760.0,0,0,0,58,eth:ethertype:ip:tcp,38.7,94.9,52.8,160.0,-49.0,a0:a3:b3:ed:ac:1c,,,,,0.0,Normal,0.0
1744302612066914,10.42.0.139,10.42.0.1,49968,1883,1,1,0,1,0,0,0,0,0,0,0,0,0,0.0,0,,0,0,,0,0,0,0,0,0,0,0,0.0,0,0,0,0,0,64.0,5760.0,0,0,0,54,eth:ethertype:ip:tcp,38.7,94.9,52.8,160.0,-49.0,a0:a3:b3:ed:ac:1c,,,,,0.0,Normal,0.0
1744302612069120,10.42.0.139,10.42.0.1,49968,1883,1,1,0,1,0,0,1,0,3,0,0,0,0,0.0,0,,0,0,,0,0,0,0,0,0,0,0,0.0,0,0,0,0,0,64.0,5760.0,0,0,0,57,eth:ethertype:ip:tcp,38.7,94.9,52.8,160.0,-49.0,a0:a3:b3:ed:ac:1c,,,,,0.0,Normal,0.0
1744302612072530,10.42.0.139,10.42.0.1,49968,1883,4,1,0,1,0,0,1,0,29,0,0,0,0,0.0,0,,0,0,,0,0,0,0,0,0,0,0,0.0,0,0,0,0,0,64.0,5760.0,0,0,0,83,eth:ethertype:ip:tcp,38.7,94.9,52.8,160.0,-49.0,a0:a3:b3:ed:ac:1c,,,,,0.0,Normal,0.0
1744302612075555,10.42.0.139,10.42.0.1,49968,1883,33,1,0,1,0,0,1,0,12,0,0,0,0,0.0,0,,0,1,,0,0,0,1,42,4,MQTT,4,0.0,0,0,0,0,0,64.0,5760.0,0,0,esp32_a0a3b3edac1c,66,eth:ethertype:ip:tcp:mqtt,38.7,94.9,52.8,160.0,-49.0,a0:a3:b3:ed:ac:1c,,,,,0.0,Normal,0.0
1744302612111032,10.42.0.139,10.42.0.1,49968,1883,45,5,0,1,0,0,1,0,3,0,0,0,0,0.0,0,,0,0,,0,0,0,0,0,0,0,0,0.0,0,0,0,0,0,64.0,5756.0,0,0,0,57,eth:ethertype:ip:tcp,38.7,94.9,52.8,160.0,-49.0,a0:a3:b3:ed:ac:1c,,,,,0.0,Normal,0.0
1744302612123144,10.42.0.139,10.42.0.1,49968,1883,48,5,0,1,1,0,1,0,185,0,0,0,0,0.0,0,,0,3,"Wakeup: 0, Mode: 0, Reset: 1, Temperature: 26.3, Uptime: 626886, Memory: 94.9, In_Temperature: 52.2°C, CPU: 160, RSSI: -50, MAC: a0:a3:b3:ed:ac:1c, F_Storage: 99.2",test/temperatura,16,0,0,182,0,0,0,0.0,0,0,0,0,0,64.0,5756.0,0,0,0,239,eth:ethertype:ip:tcp:mqtt,26.3,94.9,52.2,160.0,-50.0,a0:a3:b3:ed:ac:1c,,,,,0.0,Normal,0.0
1744302612126468,10.42.0.139,10.42.0.1,49968,1883,234,6,0,1,0,0,0,0,0,0,0,0,0,0.0,0,,0,0,,0,0,0,0,0,0,0,0,0.0,0,0,0,0,0,64.0,5755.0,0,0,0,54,eth:ethertype:ip:tcp,26.3,94.9,52.2,160.0,-50.0,a0:a3:b3:ed:ac:1c,,,,,0.0,Normal,0.0
1744302642132215,10.42.0.139,10.42.0.1,49969,1883,0,0,1,0,0,0,0,0,0,0,0,0,0,0.0,0,,0,0,,0,0,0,0,0,0,0,0,0.0,0,0,0,0,0,64.0,5760.0,0,0,0,58,eth:ethertype:ip:tcp,26.3,94.9,52.2,160.0,-50.0,a0:a3:b3:ed:ac:1c,,,,,0.0,Normal,0.0
1744302642136309,10.42.0.139,10.42.0.1,49969,1883,1,1,0,1,0,0,0,0,0,0,0,0,0,0.0,0,,0,0,,0,0,0,0,0,0,0,0,0.0,0,0,0,0,0,64.0,5760.0,0,0,0,54,eth:ethertype:ip:tcp,26.3,94.9,52.2,160.0,-50.0,a0:a3:b3:ed:ac:1c,,,,,0.0,Normal,0.0
1744302642138512,10.42.0.139,10.42.0.1,49969,1883,1,1,0,1,0,0,1,0,3,0,0,0,0,0.0,0,,0,0,,0,0,0,0,0,0,0,0,0.0,0,0,0,0,0,64.0,5760.0,0,0,0,57,eth:ethertype:ip:tcp,26.3,94.9,52.2,160.0,-50.0,a0:a3:b3:ed:ac:1c,,,,,0.0,Normal,0.0
1744302642142002,10.42.0.139,10.42.0.1,49969,1883,4,1,0,1,0,0,1,0,29,0,0,0,0,0.0,0,,0,0,,0,0,0,0,0,0,0,0,0.0,0,0,0,0,0,64.0,5760.0,0,0,0,83,eth:ethertype:ip:tcp,26.3,94.9,52.2,160.0,-50.0,a0:a3:b3:ed:ac:1c,,,,,0.0,Normal,0.0
1744302642146201,10.42.0.139,10.42.0.1,49969,1883,33,1,0,1,0,0,1,0,12,0,0,0,0,0.0,0,,0,1,,0,0,0,1,42,4,MQTT,4,0.0,0,0,0,0,0,64.0,5760.0,0,0,esp32_a0a3b3edac1c,66,eth:ethertype:ip:tcp:mqtt,26.3,94.9,52.2,160.0,-50.0,a0:a3:b3:ed:ac:1c,,,,,0.0,Normal,0.0
1744302642182109,10.42.0.139,10.42.0.1,49969,1883,45,5,0,1,0,0,1,0,3,0,0,0,0,0.0,0,,0,0,,0,0,0,0,0,0,0,0,0.0,0,0,0,0,0,64.0,5756.0,0,0,0,57,eth:ethertype:ip:tcp,26.3,94.9,52.2,160.0,-50.0,a0:a3:b3:ed:ac:1c,,,,,0.0,Normal,0.0
1744302642192493,10.42.0.139,10.42.0.1,49969,1883,48,5,0,1,1,0,1,0,185,0,0,0,0,0.0,0,,0,3,"Wakeup: 0, Mode: 0, Reset: 1, Temperature: 26.9, Uptime: 626916, Memory: 94.9, In_Temperature: 52.8°C, CPU: 160, RSSI: -49, MAC: a0:a3:b3:ed:ac:1c, F_Storage: 99.2",test/temperatura,16,0,0,182,0,0,0,0.0,0,0,0,0,0,64.0,5756.0,0,0,0,239,eth:ethertype:ip:tcp:mqtt,26.9,94.9,52.8,160.0,-49.0,a0:a3:b3:ed:ac:1c,,,,,0.0,Normal,0.0
1744302642199162,10.42.0.139,10.42.0.1,49969,1883,234,6,0,1,0,0,0,0,0,0,0,0,0,0.0,0,,0,0,,0,0,0,0,0,0,0,0,0.0,0,0,0,0,0,64.0,5755.0,0,0,0,54,eth:ethertype:ip:tcp,26.9,94.9,52.8,160.0,-49.0,a0:a3:b3:ed:ac:1c,,,,,0.0,Normal,0.0
1744302672201418,10.42.0.139,10.42.0.1,49970,1883,0,0,1,0,0,0,0,0,0,0,0,0,0,0.0,0,,0,0,,0,0,0,0,0,0,0,0,0.0,0,0,0,0,0,64.0,5760.0,0,0,0,58,eth:ethertype:ip:tcp,26.9,94.9,52.8,160.0,-49.0,a0:a3:b3:ed:ac:1c,,,,,0.0,Normal,0.0
1744302672205393,10.42.0.139,10.42.0.1,49970,1883,1,1,0,1,0,0,0,0,0,0,0,0,0,0.0,0,,0,0,,0,0,0,0,0,0,0,0,0.0,0,0,0,0,0,64.0,5760.0,0,0,0,54,eth:ethertype:ip:tcp,26.9,94.9,52.8,160.0,-49.0,a0:a3:b3:ed:ac:1c,,,,,0.0,Normal,0.0
1744302672207518,10.42.0.139,10.42.0.1,49970,1883,1,1,0,1,0,0,1,0,3,0,0,0,0,0.0,0,,0,0,,0,0,0,0,0,0,0,0,0.0,0,0,0,0,0,64.0,5760.0,0,0,0,57,eth:ethertype:ip:tcp,26.9,94.9,52.8,160.0,-49.0,a0:a3:b3:ed:ac:1c,,,,,0.0,Normal,0.0
1744302672211954,10.42.0.139,10.42.0.1,49970,1883,4,1,0,1,0,0,1,0,29,0,0,0,0,0.0,0,,0,0,,0,0,0,0,0,0,0,0,0.0,0,0,0,0,0,64.0,5760.0,0,0,0,83,eth:ethertype:ip:tcp,26.9,94.9,52.8,160.0,-49.0,a0:a3:b3:ed:ac:1c,,,,,0.0,Normal,0.0
1744302672215227,10.42.0.139,10.42.0.1,49970,1883,33,1,0,1,0,0,1,0,12,0,0,0,0,0.0,0,,0,1,,0,0,0,1,42,4,MQTT,4,0.0,0,0,0,0,0,64.0,5760.0,0,0,esp32_a0a3b3edac1c,66,eth:ethertype:ip:tcp:mqtt,26.9,94.9,52.8,160.0,-49.0,a0:a3:b3:ed:ac:1c,,,,,0.0,Normal,0.0
1744302672251994,10.42.0.139,10.42.0.1,49970,1883,45,5,0,1,0,0,1,0,3,0,0,0,0,0.0,0,,0,0,,0,0,0,0,0,0,0,0,0.0,0,0,0,0,0,64.0,5756.0,0,0,0,57,eth:ethertype:ip:tcp,26.9,94.9,52.8,160.0,-49.0,a0:a3:b3:ed:ac:1c,,,,,0.0,Normal,0.0
1744302672262577,10.42.0.139,10.42.0.1,49970,1883,48,5,0,1,1,0,1,0,185,0,0,0,0,0.0,0,,0,3,"Wakeup: 0, Mode: 0, Reset: 1, Temperature: 28.3, Uptime: 626946, Memory: 94.9, In_Temperature: 52.8°C, CPU: 160, RSSI: -50, MAC: a0:a3:b3:ed:ac:1c, F_Storage: 99.2",test/temperatura,16,0,0,182,0,0,0,0.0,0,0,0,0,0,64.0,5756.0,0,0,0,239,eth:ethertype:ip:tcp:mqtt,28.3,94.9,52.8,160.0,-50.0,a0:a3:b3:ed:ac:1c,,,,,0.0,Normal,0.0
1744302672266284,10.42.0.139,10.42.0.1,49970,1883,234,6,0,1,0,0,0,0,0,0,0,0,0,0.0,0,,0,0,,0,0,0,0,0,0,0,0,0.0,0,0,0,0,0,64.0,5755.0,0,0,0,54,eth:ethertype:ip:tcp,28.3,94.9,52.8,160.0,-50.0,a0:a3:b3:ed:ac:1c,,,,,0.0,Normal,0.0
1744302702271882,10.42.0.139,10.42.0.1,49971,1883,0,0,1,0,0,0,0,0,0,0,0,0,0,0.0,0,,0,0,,0,0,0,0,0,0,0,0,0.0,0,0,0,0,0,64.0,5760.0,0,0,0,58,eth:ethertype:ip:tcp,28.3,94.9,52.8,160.0,-50.0,a0:a3:b3:ed:ac:1c,,,,,0.0,Normal,0.0
1744302702275963,10.42.0.139,10.42.0.1,49971,1883,1,1,0,1,0,0,0,0,0,0,0,0,0,0.0,0,,0,0,,0,0,0,0,0,0,0,0,0.0,0,0,0,0,0,64.0,5760.0,0,0,0,54,eth:ethertype:ip:tcp,28.3,94.9,52.8,160.0,-50.0,a0:a3:b3:ed:ac:1c,,,,,0.0,Normal,0.0
1744302702278162,10.42.0.139,10.42.0.1,49971,1883,1,1,0,1,0,0,1,0,3,0,0,0,0,0.0,0,,0,0,,0,0,0,0,0,0,0,0,0.0,0,0,0,0,0,64.0,5760.0,0,0,0,57,eth:ethertype:ip:tcp,28.3,94.9,52.8,160.0,-50.0,a0:a3:b3:ed:ac:1c,,,,,0.0,Normal,0.0
1744302702281697,10.42.0.139,10.42.0.1,49971,1883,4,1,0,1,0,0,1,0,29,0,0,0,0,0.0,0,,0,0,,0,0,0,0,0,0,0,0,0.0,0,0,0,0,0,64.0,5760.0,0,0,0,83,eth:ethertype:ip:tcp,28.3,94.9,52.8,160.0,-50.0,a0:a3:b3:ed:ac:1c,,,,,0.0,Normal,0.0
1744302702284785,10.42.0.139,10.42.0.1,49971,1883,33,1,0,1,0,0,1,0,12,0,0,0,0,0.0,0,,0,1,,0,0,0,1,42,4,MQTT,4,0.0,0,0,0,0,0,64.0,5760.0,0,0,esp32_a0a3b3edac1c,66,eth:ethertype:ip:tcp:mqtt,28.3,94.9,52.8,160.0,-50.0,a0:a3:b3:ed:ac:1c,,,,,0.0,Normal,0.0
1744302702320015,10.42.0.139,10.42.0.1,49971,1883,45,5,0,1,0,0,1,0,3,0,0,0,0,0.0,0,,0,0,,0,0,0,0,0,0,0,0,0.0,0,0,0,0,0,64.0,5756.0,0,0,0,57,eth:ethertype:ip:tcp,28.3,94.9,52.8,160.0,-50.0,a0:a3:b3:ed:ac:1c,,,,,0.0,Normal,0.0
1744302702331048,10.42.0.139,10.42.0.1,49971,1883,48,5,0,1,1,0,1,0,185,0,0,0,0,0.0,0,,0,3,"Wakeup: 0, Mode: 0, Reset: 1, Temperature: 33.0, Uptime: 626976, Memory: 94.9, In_Temperature: 52.8°C, CPU: 160, RSSI: -50, MAC: a0:a3:b3:ed:ac:1c, F_Storage: 99.2",test/temperatura,16,0,0,182,0,0,0,0.0,0,0,0,0,0,64.0,5756.0,0,0,0,239,eth:ethertype:ip:tcp:mqtt,33.0,94.9,52.8,160.0,-50.0,a0:a3:b3:ed:ac:1c,,,,,0.0,Normal,0.0
1744302702334416,10.42.0.139,10.42.0.1,49971,1883,234,6,0,1,0,0,0,0,0,0,0,0,0,0.0,0,,0,0,,0,0,0,0,0,0,0,0,0.0,0,0,0,0,0,64.0,5755.0,0,0,0,54,eth:ethertype:ip:tcp,33.0,94.9,52.8,160.0,-50.0,a0:a3:b3:ed:ac:1c,,,,,0.0,Normal,0.0
1744302732339452,10.42.0.139,10.42.0.1,49972,1883,0,0,1,0,0,0,0,0,0,0,0,0,0,0.0,0,,0,0,,0,0,0,0,0,0,0,0,0.0,0,0,0,0,0,64.0,5760.0,0,0,0,58,eth:ethertype:ip:tcp,33.0,94.9,52.8,160.0,-50.0,a0:a3:b3:ed:ac:1c,,,,,0.0,Normal,0.0
1744302732343069,10.42.0.139,10.42.0.1,49972,1883,1,1,0,1,0,0,0,0,0,0,0,0,0,0.0,0,,0,0,,0,0,0,0,0,0,0,0,0.0,0,0,0,0,0,64.0,5760.0,0,0,0,54,eth:ethertype:ip:tcp,33.0,94.9,52.8,160.0,-50.0,a0:a3:b3:ed:ac:1c,,,,,0.0,Normal,0.0
1744302732345569,10.42.0.139,10.42.0.1,49972,1883,1,1,0,1,0,0,1,0,3,0,0,0,0,0.0,0,,0,0,,0,0,0,0,0,0,0,0,0.0,0,0,0,0,0,64.0,5760.0,0,0,0,57,eth:ethertype:ip:tcp,33.0,94.9,52.8,160.0,-50.0,a0:a3:b3:ed:ac:1c,,,,,0.0,Normal,0.0
1744302732348967,10.42.0.139,10.42.0.1,49972,1883,4,1,0,1,0,0,1,0,29,0,0,0,0,0.0,0,,0,0,,0,0,0,0,0,0,0,0,0.0,0,0,0,0,0,64.0,5760.0,0,0,0,83,eth:ethertype:ip:tcp,33.0,94.9,52.8,160.0,-50.0,a0:a3:b3:ed:ac:1c,,,,,0.0,Normal,0.0
1744302732352126,10.42.0.139,10.42.0.1,49972,1883,33,1,0,1,0,0,1,0,12,0,0,0,0,0.0,0,,0,1,,0,0,0,1,42,4,MQTT,4,0.0,0,0,0,0,0,64.0,5760.0,0,0,esp32_a0a3b3edac1c,66,eth:ethertype:ip:tcp:mqtt,33.0,94.9,52.8,160.0,-50.0,a0:a3:b3:ed:ac:1c,,,,,0.0,Normal,0.0
1744302732387875,10.42.0.139,10.42.0.1,49972,1883,45,5,0,1,0,0,1,0,3,0,0,0,0,0.0,0,,0,0,,0,0,0,0,0,0,0,0,0.0,0,0,0,0,0,64.0,5756.0,0,0,0,57,eth:ethertype:ip:tcp,33.0,94.9,52.8,160.0,-50.0,a0:a3:b3:ed:ac:1c,,,,,0.0,Normal,0.0
1744302732400729,10.42.0.139,10.42.0.1,49972,1883,48,5,0,1,1,0,1,0,185,0,0,0,0,0.0,0,,0,3,"Wakeup: 0, Mode: 0, Reset: 1, Temperature: 39.9, Uptime: 627006, Memory: 94.9, In_Temperature: 52.8°C, CPU: 160, RSSI: -50, MAC: a0:a3:b3:ed:ac:1c, F_Storage: 99.2",test/temperatura,16,0,0,182,0,0,0,0.0,0,0,0,0,0,64.0,5756.0,0,0,0,239,eth:ethertype:ip:tcp:mqtt,39.9,94.9,52.8,160.0,-50.0,a0:a3:b3:ed:ac:1c,,,,,0.0,Normal,0.0
1744302732404256,10.42.0.139,10.42.0.1,49972,1883,234,6,0,1,0,0,0,0,0,0,0,0,0,0.0,0,,0,0,,0,0,0,0,0,0,0,0,0.0,0,0,0,0,0,64.0,5755.0,0,0,0,54,eth:ethertype:ip:tcp,39.9,94.9,52.8,160.0,-50.0,a0:a3:b3:ed:ac:1c,,,,,0.0,Normal,0.0
1744302762409558,10.42.0.139,10.42.0.1,49973,1883,0,0,1,0,0,0,0,0,0,0,0,0,0,0.0,0,,0,0,,0,0,0,0,0,0,0,0,0.0,0,0,0,0,0,64.0,5760.0,0,0,0,58,eth:ethertype:ip:tcp,39.9,94.9,52.8,160.0,-50.0,a0:a3:b3:ed:ac:1c,,,,,0.0,Normal,0.0
1744302762413516,10.42.0.139,10.42.0.1,49973,1883,1,1,0,1,0,0,0,0,0,0,0,0,0,0.0,0,,0,0,,0,0,0,0,0,0,0,0,0.0,0,0,0,0,0,64.0,5760.0,0,0,0,54,eth:ethertype:ip:tcp,39.9,94.9,52.8,160.0,-50.0,a0:a3:b3:ed:ac:1c,,,,,0.0,Normal,0.0
1744302762415608,10.42.0.139,10.42.0.1,49973,1883,1,1,0,1,0,0,1,0,3,0,0,0,0,0.0,0,,0,0,,0,0,0,0,0,0,0,0,0.0,0,0,0,0,0,64.0,5760.0,0,0,0,57,eth:ethertype:ip:tcp,39.9,94.9,52.8,160.0,-50.0,a0:a3:b3:ed:ac:1c,,,,,0.0,Normal,0.0
1744302762419058,10.42.0.139,10.42.0.1,49973,1883,4,1,0,1,0,0,1,0,29,0,0,0,0,0.0,0,,0,0,,0,0,0,0,0,0,0,0,0.0,0,0,0,0,0,64.0,5760.0,0,0,0,83,eth:ethertype:ip:tcp,39.9,94.9,52.8,160.0,-50.0,a0:a3:b3:ed:ac:1c,,,,,0.0,Normal,0.0
1744302762422098,10.42.0.139,10.42.0.1,49973,1883,33,1,0,1,0,0,1,0,12,0,0,0,0,0.0,0,,0,1,,0,0,0,1,42,4,MQTT,4,0.0,0,0,0,0,0,64.0,5760.0,0,0,esp32_a0a3b3edac1c,66,eth:ethertype:ip:tcp:mqtt,39.9,94.9,52.8,160.0,-50.0,a0:a3:b3:ed:ac:1c,,,,,0.0,Normal,0.0
1744302762457972,10.42.0.139,10.42.0.1,49973,1883,45,5,0,1,0,0,1,0,3,0,0,0,0,0.0,0,,0,0,,0,0,0,0,0,0,0,0,0.0,0,0,0,0,0,64.0,5756.0,0,0,0,57,eth:ethertype:ip:tcp,39.9,94.9,52.8,160.0,-50.0,a0:a3:b3:ed:ac:1c,,,,,0.0,Normal,0.0
1744302762469871,10.42.0.139,10.42.0.1,49973,1883,48,5,0,1,1,0,1,0,185,0,0,0,0,0.0,0,,0,3,"Wakeup: 0, Mode: 0, Reset: 1, Temperature: 36.8, Uptime: 627036, Memory: 94.9, In_Temperature: 52.8°C, CPU: 160, RSSI: -49, MAC: a0:a3:b3:ed:ac:1c, F_Storage: 99.2",test/temperatura,16,0,0,182,0,0,0,0.0,0,0,0,0,0,64.0,5756.0,0,0,0,239,eth:ethertype:ip:tcp:mqtt,36.8,94.9,52.8,160.0,-49.0,a0:a3:b3:ed:ac:1c,,,,,0.0,Normal,0.0
1744302762477221,10.42.0.139,10.42.0.1,49973,1883,234,6,0,1,0,0,0,0,0,0,0,0,0,0.0,0,,0,0,,0,0,0,0,0,0,0,0,0.0,0,0,0,0,0,64.0,5755.0,0,0,0,54,eth:ethertype:ip:tcp,36.8,94.9,52.8,160.0,-49.0,a0:a3:b3:ed:ac:1c,,,,,0.0,Normal,0.0
1744302792478720,10.42.0.139,10.42.0.1,49974,1883,0,0,1,0,0,0,0,0,0,0,0,0,0,0.0,0,,0,0,,0,0,0,0,0,0,0,0,0.0,0,0,0,0,0,64.0,5760.0,0,0,0,58,eth:ethertype:ip:tcp,36.8,94.9,52.8,160.0,-49.0,a0:a3:b3:ed:ac:1c,,,,,0.0,Normal,0.0
1744302792495932,10.42.0.139,10.42.0.1,49974,1883,1,1,0,1,0,0,0,0,0,0,0,0,0,0.0,0,,0,0,,0,0,0,0,0,0,0,0,0.0,0,0,0,0,0,64.0,5760.0,0,0,0,54,eth:ethertype:ip:tcp,36.8,94.9,52.8,160.0,-49.0,a0:a3:b3:ed:ac:1c,,,,,0.0,Normal,0.0
1744302792496532,10.42.0.139,10.42.0.1,49974,1883,1,1,0,1,0,0,1,0,3,0,0,0,0,0.0,0,,0,0,,0,0,0,0,0,0,0,0,0.0,0,0,0,0,0,64.0,5760.0,0,0,0,57,eth:ethertype:ip:tcp,36.8,94.9,52.8,160.0,-49.0,a0:a3:b3:ed:ac:1c,,,,,0.0,Normal,0.0
1744302792499361,10.42.0.139,10.42.0.1,49974,1883,4,1,0,1,0,0,1,0,41,0,0,0,0,0.0,0,,0,1,,0,0,0,1,42,4,MQTT,4,0.0,0,0,0,0,0,64.0,5760.0,0,0,esp32_a0a3b3edac1c,95,eth:ethertype:ip:tcp:mqtt,36.8,94.9,52.8,160.0,-49.0,a0:a3:b3:ed:ac:1c,,,,,0.0,Normal,0.0
1744302792534625,10.42.0.139,10.42.0.1,49974,1883,45,5,0,1,0,0,1,0,3,0,0,0,0,0.0,0,,0,0,,0,0,0,0,0,0,0,0,0.0,0,0,0,0,0,64.0,5756.0,0,0,0,57,eth:ethertype:ip:tcp,36.8,94.9,52.8,160.0,-49.0,a0:a3:b3:ed:ac:1c,,,,,0.0,Normal,0.0
1744302792549558,10.42.0.139,10.42.0.1,49974,1883,48,5,0,1,1,0,1,0,185,0,0,0,0,0.0,0,,0,3,"Wakeup: 0, Mode: 0, Reset: 1, Temperature: 34.6, Uptime: 627066, Memory: 94.9, In_Temperature: 52.8°C, CPU: 160, RSSI: -48, MAC: a0:a3:b3:ed:ac:1c, F_Storage: 99.2",test/temperatura,16,0,0,182,0,0,0,0.0,0,0,0,0,0,64.0,5756.0,0,0,0,239,eth:ethertype:ip:tcp:mqtt,34.6,94.9,52.8,160.0,-48.0,a0:a3:b3:ed:ac:1c,,,,,0.0,Normal,0.0
1744302792553145,10.42.0.139,10.42.0.1,49974,1883,234,6,0,1,0,0,0,0,0,0,0,0,0,0.0,0,,0,0,,0,0,0,0,0,0,0,0,0.0,0,0,0,0,0,64.0,5755.0,0,0,0,54,eth:ethertype:ip:tcp,34.6,94.9,52.8,160.0,-48.0,a0:a3:b3:ed:ac:1c,,,,,0.0,Normal,0.0
1744302822558561,10.42.0.139,10.42.0.1,49975,1883,0,0,1,0,0,0,0,0,0,0,0,0,0,0.0,0,,0,0,,0,0,0,0,0,0,0,0,0.0,0,0,0,0,0,64.0,5760.0,0,0,0,58,eth:ethertype:ip:tcp,34.6,94.9,52.8,160.0,-48.0,a0:a3:b3:ed:ac:1c,,,,,0.0,Normal,0.0
1744302822563975,10.42.0.139,10.42.0.1,49975,1883,1,1,0,1,0,0,0,0,0,0,0,0,0,0.0,0,,0,0,,0,0,0,0,0,0,0,0,0.0,0,0,0,0,0,64.0,5760.0,0,0,0,54,eth:ethertype:ip:tcp,34.6,94.9,52.8,160.0,-48.0,a0:a3:b3:ed:ac:1c,,,,,0.0,Normal,0.0
1744302822566428,10.42.0.139,10.42.0.1,49975,1883,1,1,0,1,0,0,1,0,3,0,0,0,0,0.0,0,,0,0,,0,0,0,0,0,0,0,0,0.0,0,0,0,0,0,64.0,5760.0,0,0,0,57,eth:ethertype:ip:tcp,34.6,94.9,52.8,160.0,-48.0,a0:a3:b3:ed:ac:1c,,,,,0.0,Normal,0.0
1744302822570339,10.42.0.139,10.42.0.1,49975,1883,4,1,0,1,0,0,1,0,11,0,0,0,0,0.0,0,,0,0,,0,0,0,0,0,0,0,0,0.0,0,0,0,0,0,64.0,5760.0,0,0,0,65,eth:ethertype:ip:tcp,34.6,94.9,52.8,160.0,-48.0,a0:a3:b3:ed:ac:1c,,,,,0.0,Normal,0.0
1744302822573311,10.42.0.139,10.42.0.1,49975,1883,15,1,0,1,0,0,1,0,30,0,0,0,0,0.0,0,,0,1,,0,0,0,1,42,4,MQTT,4,0.0,0,0,0,0,0,64.0,5760.0,0,0,esp32_a0a3b3edac1c,84,eth:ethertype:ip:tcp:mqtt,34.6,94.9,52.8,160.0,-48.0,a0:a3:b3:ed:ac:1c,,,,,0.0,Normal,0.0
1744302822610977,10.42.0.139,10.42.0.1,49975,1883,45,5,0,1,0,0,1,0,3,0,0,0,0,0.0,0,,0,0,,0,0,0,0,0,0,0,0,0.0,0,0,0,0,0,64.0,5756.0,0,0,0,57,eth:ethertype:ip:tcp,34.6,94.9,52.8,160.0,-48.0,a0:a3:b3:ed:ac:1c,,,,,0.0,Normal,0.0
1744302822628483,10.42.0.139,10.42.0.1,49975,1883,48,5,0,1,1,0,1,0,185,0,0,0,0,0.0,0,,0,3,"Wakeup: 0, Mode: 0, Reset: 1, Temperature: 32.6, Uptime: 627096, Memory: 94.9, In_Temperature: 52.8°C, CPU: 160, RSSI: -50, MAC: a0:a3:b3:ed:ac:1c, F_Storage: 99.2",test/temperatura,16,0,0,182,0,0,0,0.0,0,0,0,0,0,64.0,5756.0,0,0,0,239,eth:ethertype:ip:tcp:mqtt,32.6,94.9,52.8,160.0,-50.0,a0:a3:b3:ed:ac:1c,,,,,0.0,Normal,0.0
1744302822634234,10.42.0.139,10.42.0.1,49975,1883,234,6,0,1,0,0,0,0,0,0,0,0,0,0.0,0,,0,0,,0,0,0,0,0,0,0,0,0.0,0,0,0,0,0,64.0,5755.0,0,0,0,54,eth:ethertype:ip:tcp,32.6,94.9,52.8,160.0,-50.0,a0:a3:b3:ed:ac:1c,,,,,0.0,Normal,0.0
1744302852637811,10.42.0.139,10.42.0.1,49976,1883,0,0,1,0,0,0,0,0,0,0,0,0,0,0.0,0,,0,0,,0,0,0,0,0,0,0,0,0.0,0,0,0,0,0,64.0,5760.0,0,0,0,58,eth:ethertype:ip:tcp,32.6,94.9,52.8,160.0,-50.0,a0:a3:b3:ed:ac:1c,,,,,0.0,Normal,0.0
1744302852642125,10.42.0.139,10.42.0.1,49976,1883,1,1,0,1,0,0,0,0,0,0,0,0,0,0.0,0,,0,0,,0,0,0,0,0,0,0,0,0.0,0,0,0,0,0,64.0,5760.0,0,0,0,54,eth:ethertype:ip:tcp,32.6,94.9,52.8,160.0,-50.0,a0:a3:b3:ed:ac:1c,,,,,0.0,Normal,0.0
1744302852644047,10.42.0.139,10.42.0.1,49976,1883,1,1,0,1,0,0,1,0,3,0,0,0,0,0.0,0,,0,0,,0,0,0,0,0,0,0,0,0.0,0,0,0,0,0,64.0,5760.0,0,0,0,57,eth:ethertype:ip:tcp,32.6,94.9,52.8,160.0,-50.0,a0:a3:b3:ed:ac:1c,,,,,0.0,Normal,0.0
1744302852647496,10.42.0.139,10.42.0.1,49976,1883,4,1,0,1,0,0,1,0,29,0,0,0,0,0.0,0,,0,0,,0,0,0,0,0,0,0,0,0.0,0,0,0,0,0,64.0,5760.0,0,0,0,83,eth:ethertype:ip:tcp,32.6,94.9,52.8,160.0,-50.0,a0:a3:b3:ed:ac:1c,,,,,0.0,Normal,0.0
1744302852652824,10.42.0.139,10.42.0.1,49976,1883,33,1,0,1,0,0,1,0,12,0,0,0,0,0.0,0,,0,1,,0,0,0,1,42,4,MQTT,4,0.0,0,0,0,0,0,64.0,5760.0,0,0,esp32_a0a3b3edac1c,66,eth:ethertype:ip:tcp:mqtt,32.6,94.9,52.8,160.0,-50.0,a0:a3:b3:ed:ac:1c,,,,,0.0,Normal,0.0
1744302852688242,10.42.0.139,10.42.0.1,49976,1883,45,5,0,1,0,0,1,0,3,0,0,0,0,0.0,0,,0,0,,0,0,0,0,0,0,0,0,0.0,0,0,0,0,0,64.0,5756.0,0,0,0,57,eth:ethertype:ip:tcp,32.6,94.9,52.8,160.0,-50.0,a0:a3:b3:ed:ac:1c,,,,,0.0,Normal,0.0
1744302852698333,10.42.0.139,10.42.0.1,49976,1883,48,5,0,1,1,0,1,0,185,0,0,0,0,0.0,0,,0,3,"Wakeup: 0, Mode: 0, Reset: 1, Temperature: 27.0, Uptime: 627127, Memory: 94.9, In_Temperature: 52.8°C, CPU: 160, RSSI: -49, MAC: a0:a3:b3:ed:ac:1c, F_Storage: 99.2",test/temperatura,16,0,0,182,0,0,0,0.0,0,0,0,0,0,64.0,5756.0,0,0,0,239,eth:ethertype:ip:tcp:mqtt,27.0,94.9,52.8,160.0,-49.0,a0:a3:b3:ed:ac:1c,,,,,0.0,Normal,0.0
1744302852701915,10.42.0.139,10.42.0.1,49976,1883,234,6,0,1,0,0,0,0,0,0,0,0,0,0.0,0,,0,0,,0,0,0,0,0,0,0,0,0.0,0,0,0,0,0,64.0,5755.0,0,0,0,54,eth:ethertype:ip:tcp,27.0,94.9,52.8,160.0,-49.0,a0:a3:b3:ed:ac:1c,,,,,0.0,Normal,0.0
1744302882715288,10.42.0.139,10.42.0.1,49977,1883,0,0,1,0,0,0,0,0,0,0,0,0,0,0.0,0,,0,0,,0,0,0,0,0,0,0,0,0.0,0,0,0,0,0,64.0,5760.0,0,0,0,58,eth:ethertype:ip:tcp,27.0,94.9,52.8,160.0,-49.0,a0:a3:b3:ed:ac:1c,,,,,0.0,Normal,0.0
1744302882719222,10.42.0.139,10.42.0.1,49977,1883,1,1,0,1,0,0,0,0,0,0,0,0,0,0.0,0,,0,0,,0,0,0,0,0,0,0,0,0.0,0,0,0,0,0,64.0,5760.0,0,0,0,54,eth:ethertype:ip:tcp,27.0,94.9,52.8,160.0,-49.0,a0:a3:b3:ed:ac:1c,,,,,0.0,Normal,0.0
1744302882721357,10.42.0.139,10.42.0.1,49977,1883,1,1,0,1,0,0,1,0,3,0,0,0,0,0.0,0,,0,0,,0,0,0,0,0,0,0,0,0.0,0,0,0,0,0,64.0,5760.0,0,0,0,57,eth:ethertype:ip:tcp,27.0,94.9,52.8,160.0,-49.0,a0:a3:b3:ed:ac:1c,,,,,0.0,Normal,0.0
1744302882724823,10.42.0.139,10.42.0.1,49977,1883,4,1,0,1,0,0,1,0,29,0,0,0,0,0.0,0,,0,0,,0,0,0,0,0,0,0,0,0.0,0,0,0,0,0,64.0,5760.0,0,0,0,83,eth:ethertype:ip:tcp,27.0,94.9,52.8,160.0,-49.0,a0:a3:b3:ed:ac:1c,,,,,0.0,Normal,0.0
1744302882727932,10.42.0.139,10.42.0.1,49977,1883,33,1,0,1,0,0,1,0,12,0,0,0,0,0.0,0,,0,1,,0,0,0,1,42,4,MQTT,4,0.0,0,0,0,0,0,64.0,5760.0,0,0,esp32_a0a3b3edac1c,66,eth:ethertype:ip:tcp:mqtt,27.0,94.9,52.8,160.0,-49.0,a0:a3:b3:ed:ac:1c,,,,,0.0,Normal,0.0
1744302882763304,10.42.0.139,10.42.0.1,49977,1883,45,5,0,1,0,0,1,0,3,0,0,0,0,0.0,0,,0,0,,0,0,0,0,0,0,0,0,0.0,0,0,0,0,0,64.0,5756.0,0,0,0,57,eth:ethertype:ip:tcp,27.0,94.9,52.8,160.0,-49.0,a0:a3:b3:ed:ac:1c,,,,,0.0,Normal,0.0
1744302882777385,10.42.0.139,10.42.0.1,49977,1883,48,5,0,1,1,0,1,0,185,0,0,0,0,0.0,0,,0,3,"Wakeup: 0, Mode: 0, Reset: 1, Temperature: 27.3, Uptime: 627157, Memory: 94.9, In_Temperature: 52.8°C, CPU: 160, RSSI: -49, MAC: a0:a3:b3:ed:ac:1c, F_Storage: 99.2",test/temperatura,16,0,0,182,0,0,0,0.0,0,0,0,0,0,64.0,5756.0,0,0,0,239,eth:ethertype:ip:tcp:mqtt,27.3,94.9,52.8,160.0,-49.0,a0:a3:b3:ed:ac:1c,,,,,0.0,Normal,0.0
1744302882780958,10.42.0.139,10.42.0.1,49977,1883,234,6,0,1,0,0,0,0,0,0,0,0,0,0.0,0,,0,0,,0,0,0,0,0,0,0,0,0.0,0,0,0,0,0,64.0,5755.0,0,0,0,54,eth:ethertype:ip:tcp,27.3,94.9,52.8,160.0,-49.0,a0:a3:b3:ed:ac:1c,,,,,0.0,Normal,0.0
1744302912785458,10.42.0.139,10.42.0.1,49978,1883,0,0,1,0,0,0,0,0,0,0,0,0,0,0.0,0,,0,0,,0,0,0,0,0,0,0,0,0.0,0,0,0,0,0,64.0,5760.0,0,0,0,58,eth:ethertype:ip:tcp,27.3,94.9,52.8,160.0,-49.0,a0:a3:b3:ed:ac:1c,,,,,0.0,Normal,0.0
1744302912789131,10.42.0.139,10.42.0.1,49978,1883,1,1,0,1,0,0,0,0,0,0,0,0,0,0.0,0,,0,0,,0,0,0,0,0,0,0,0,0.0,0,0,0,0,0,64.0,5760.0,0,0,0,54,eth:ethertype:ip:tcp,27.3,94.9,52.8,160.0,-49.0,a0:a3:b3:ed:ac:1c,,,,,0.0,Normal,0.0
1744302912791631,10.42.0.139,10.42.0.1,49978,1883,1,1,0,1,0,0,1,0,3,0,0,0,0,0.0,0,,0,0,,0,0,0,0,0,0,0,0,0.0,0,0,0,0,0,64.0,5760.0,0,0,0,57,eth:ethertype:ip:tcp,27.3,94.9,52.8,160.0,-49.0,a0:a3:b3:ed:ac:1c,,,,,0.0,Normal,0.0
1744302912796551,10.42.0.139,10.42.0.1,49978,1883,4,1,0,1,0,0,1,0,29,0,0,0,0,0.0,0,,0,0,,0,0,0,0,0,0,0,0,0.0,0,0,0,0,0,64.0,5760.0,0,0,0,83,eth:ethertype:ip:tcp,27.3,94.9,52.8,160.0,-49.0,a0:a3:b3:ed:ac:1c,,,,,0.0,Normal,0.0
1744302912800624,10.42.0.139,10.42.0.1,49978,1883,33,1,0,1,0,0,1,0,12,0,0,0,0,0.0,0,,0,1,,0,0,0,1,42,4,MQTT,4,0.0,0,0,0,0,0,64.0,5760.0,0,0,esp32_a0a3b3edac1c,66,eth:ethertype:ip:tcp:mqtt,27.3,94.9,52.8,160.0,-49.0,a0:a3:b3:ed:ac:1c,,,,,0.0,Normal,0.0
1744302912836165,10.42.0.139,10.42.0.1,49978,1883,45,5,0,1,0,0,1,0,3,0,0,0,0,0.0,0,,0,0,,0,0,0,0,0,0,0,0,0.0,0,0,0,0,0,64.0,5756.0,0,0,0,57,eth:ethertype:ip:tcp,27.3,94.9,52.8,160.0,-49.0,a0:a3:b3:ed:ac:1c,,,,,0.0,Normal,0.0
1744302912846500,10.42.0.139,10.42.0.1,49978,1883,48,5,0,1,1,0,1,0,185,0,0,0,0,0.0,0,,0,3,"Wakeup: 0, Mode: 0, Reset: 1, Temperature: 29.5, Uptime: 627187, Memory: 94.8, In_Temperature: 52.8°C, CPU: 160, RSSI: -49, MAC: a0:a3:b3:ed:ac:1c, F_Storage: 99.2",test/temperatura,16,0,0,182,0,0,0,0.0,0,0,0,0,0,64.0,5756.0,0,0,0,239,eth:ethertype:ip:tcp:mqtt,29.5,94.8,52.8,160.0,-49.0,a0:a3:b3:ed:ac:1c,,,,,0.0,Normal,0.0
1744302912850446,10.42.0.139,10.42.0.1,49978,1883,234,6,0,1,0,0,0,0,0,0,0,0,0,0.0,0,,0,0,,0,0,0,0,0,0,0,0,0.0,0,0,0,0,0,64.0,5755.0,0,0,0,54,eth:ethertype:ip:tcp,29.5,94.8,52.8,160.0,-49.0,a0:a3:b3:ed:ac:1c,,,,,0.0,Normal,0.0
1744302942855390,10.42.0.139,10.42.0.1,49979,1883,0,0,1,0,0,0,0,0,0,0,0,0,0,0.0,0,,0,0,,0,0,0,0,0,0,0,0,0.0,0,0,0,0,0,64.0,5760.0,0,0,0,58,eth:ethertype:ip:tcp,29.5,94.8,52.8,160.0,-49.0,a0:a3:b3:ed:ac:1c,,,,,0.0,Normal,0.0
1744302942859701,10.42.0.139,10.42.0.1,49979,1883,1,1,0,1,0,0,0,0,0,0,0,0,0,0.0,0,,0,0,,0,0,0,0,0,0,0,0,0.0,0,0,0,0,0,64.0,5760.0,0,0,0,54,eth:ethertype:ip:tcp,29.5,94.8,52.8,160.0,-49.0,a0:a3:b3:ed:ac:1c,,,,,0.0,Normal,0.0
1744302942862234,10.42.0.139,10.42.0.1,49979,1883,1,1,0,1,0,0,1,0,3,0,0,0,0,0.0,0,,0,0,,0,0,0,0,0,0,0,0,0.0,0,0,0,0,0,64.0,5760.0,0,0,0,57,eth:ethertype:ip:tcp,29.5,94.8,52.8,160.0,-49.0,a0:a3:b3:ed:ac:1c,,,,,0.0,Normal,0.0
1744302942867848,10.42.0.139,10.42.0.1,49979,1883,4,1,0,1,0,0,1,0,31,0,0,0,0,0.0,0,,0,0,,0,0,0,0,0,0,0,0,0.0,0,0,0,0,0,64.0,5760.0,0,0,0,85,eth:ethertype:ip:tcp,29.5,94.8,52.8,160.0,-49.0,a0:a3:b3:ed:ac:1c,,,,,0.0,Normal,0.0
1744302942873074,10.42.0.139,10.42.0.1,49979,1883,35,1,0,1,0,0,1,0,10,0,0,0,0,0.0,0,,0,1,,0,0,0,1,42,4,MQTT,4,0.0,0,0,0,0,0,64.0,5760.0,0,0,esp32_a0a3b3edac1c,64,eth:ethertype:ip:tcp:mqtt,29.5,94.8,52.8,160.0,-49.0,a0:a3:b3:ed:ac:1c,,,,,0.0,Normal,0.0
1744302942885953,10.42.0.139,10.42.0.1,49979,1883,45,5,0,1,0,0,0,0,0,0,0,0,0,0.0,0,,0,0,,0,0,0,0,0,0,0,0,0.0,0,0,0,0,0,64.0,5756.0,0,0,0,54,eth:ethertype:ip:tcp,29.5,94.8,52.8,160.0,-49.0,a0:a3:b3:ed:ac:1c,,,,,0.0,Normal,0.0
1744302942911390,10.42.0.139,10.42.0.1,49979,1883,45,5,0,1,0,0,1,0,3,0,0,0,0,0.0,0,,0,0,,0,0,0,0,0,0,0,0,0.0,0,0,0,0,0,64.0,5756.0,0,0,0,57,eth:ethertype:ip:tcp,29.5,94.8,52.8,160.0,-49.0,a0:a3:b3:ed:ac:1c,,,,,0.0,Normal,0.0
1744302942925728,10.42.0.139,10.42.0.1,49979,1883,48,5,0,1,1,0,1,0,185,0,0,0,0,0.0,0,,0,3,"Wakeup: 0, Mode: 0, Reset: 1, Temperature: 38.0, Uptime: 627217, Memory: 94.9, In_Temperature: 52.8°C, CPU: 160, RSSI: -49, MAC: a0:a3:b3:ed:ac:1c, F_Storage: 99.2",test/temperatura,16,0,0,182,0,0,0,0.0,0,0,0,0,0,64.0,5756.0,0,0,0,239,eth:ethertype:ip:tcp:mqtt,38.0,94.9,52.8,160.0,-49.0,a0:a3:b3:ed:ac:1c,,,,,0.0,Normal,0.0
1744302942932202,10.42.0.139,10.42.0.1,49979,1883,234,6,0,1,0,0,0,0,0,0,0,0,0,0.0,0,,0,0,,0,0,0,0,0,0,0,0,0.0,0,0,0,0,0,64.0,5755.0,0,0,0,54,eth:ethertype:ip:tcp,38.0,94.9,52.8,160.0,-49.0,a0:a3:b3:ed:ac:1c,,,,,0.0,Normal,0.0
1744302972934721,10.42.0.139,10.42.0.1,49980,1883,0,0,1,0,0,0,0,0,0,0,0,0,0,0.0,0,,0,0,,0,0,0,0,0,0,0,0,0.0,0,0,0,0,0,64.0,5760.0,0,0,0,58,eth:ethertype:ip:tcp,38.0,94.9,52.8,160.0,-49.0,a0:a3:b3:ed:ac:1c,,,,,0.0,Normal,0.0
1744302972938823,10.42.0.139,10.42.0.1,49980,1883,1,1,0,1,0,0,0,0,0,0,0,0,0,0.0,0,,0,0,,0,0,0,0,0,0,0,0,0.0,0,0,0,0,0,64.0,5760.0,0,0,0,54,eth:ethertype:ip:tcp,38.0,94.9,52.8,160.0,-49.0,a0:a3:b3:ed:ac:1c,,,,,0.0,Normal,0.0
1744302972941050,10.42.0.139,10.42.0.1,49980,1883,1,1,0,1,0,0,1,0,3,0,0,0,0,0.0,0,,0,0,,0,0,0,0,0,0,0,0,0.0,0,0,0,0,0,64.0,5760.0,0,0,0,57,eth:ethertype:ip:tcp,38.0,94.9,52.8,160.0,-49.0,a0:a3:b3:ed:ac:1c,,,,,0.0,Normal,0.0
1744302972944435,10.42.0.139,10.42.0.1,49980,1883,4,1,0,1,0,0,1,0,29,0,0,0,0,0.0,0,,0,0,,0,0,0,0,0,0,0,0,0.0,0,0,0,0,0,64.0,5760.0,0,0,0,83,eth:ethertype:ip:tcp,38.0,94.9,52.8,160.0,-49.0,a0:a3:b3:ed:ac:1c,,,,,0.0,Normal,0.0
1744302972948387,10.42.0.139,10.42.0.1,49980,1883,33,1,0,1,0,0,1,0,6,0,0,0,0,0.0,0,,0,0,,0,0,0,0,0,0,0,0,0.0,0,0,0,0,0,64.0,5760.0,0,0,0,60,eth:ethertype:ip:tcp,38.0,94.9,52.8,160.0,-49.0,a0:a3:b3:ed:ac:1c,,,,,0.0,Normal,0.0
1744302972952333,10.42.0.139,10.42.0.1,49980,1883,39,1,0,1,0,0,1,0,2,0,0,0,0,0.0,0,,0,0,,0,0,0,0,0,0,0,0,0.0,0,0,0,0,0,64.0,5760.0,0,0,0,56,eth:ethertype:ip:tcp,38.0,94.9,52.8,160.0,-49.0,a0:a3:b3:ed:ac:1c,,,,,0.0,Normal,0.0
1744302972956007,10.42.0.139,10.42.0.1,49980,1883,41,1,0,1,0,0,1,0,4,0,0,0,0,0.0,0,,0,1,,0,0,0,1,42,4,MQTT,4,0.0,0,0,0,0,0,64.0,5760.0,0,0,esp32_a0a3b3edac1c,58,eth:ethertype:ip:tcp:mqtt,38.0,94.9,52.8,160.0,-49.0,a0:a3:b3:ed:ac:1c,,,,,0.0,Normal,0.0
1744302972991707,10.42.0.139,10.42.0.1,49980,1883,45,5,0,1,0,0,1,0,3,0,0,0,0,0.0,0,,0,0,,0,0,0,0,0,0,0,0,0.0,0,0,0,0,0,64.0,5756.0,0,0,0,57,eth:ethertype:ip:tcp,38.0,94.9,52.8,160.0,-49.0,a0:a3:b3:ed:ac:1c,,,,,0.0,Normal,0.0
1744302973005010,10.42.0.139,10.42.0.1,49980,1883,48,5,0,1,1,0,1,0,185,0,0,0,0,0.0,0,,0,3,"Wakeup: 0, Mode: 0, Reset: 1, Temperature: 30.3, Uptime: 627247, Memory: 94.9, In_Temperature: 52.8°C, CPU: 160, RSSI: -49, MAC: a0:a3:b3:ed:ac:1c, F_Storage: 99.2",test/temperatura,16,0,0,182,0,0,0,0.0,0,0,0,0,0,64.0,5756.0,0,0,0,239,eth:ethertype:ip:tcp:mqtt,30.3,94.9,52.8,160.0,-49.0,a0:a3:b3:ed:ac:1c,,,,,0.0,Normal,0.0
1744302973017299,10.42.0.139,10.42.0.1,49980,1883,234,6,0,1,0,0,0,0,0,0,0,0,0,0.0,0,,0,0,,0,0,0,0,0,0,0,0,0.0,0,0,0,0,0,64.0,5755.0,0,0,0,54,eth:ethertype:ip:tcp,30.3,94.9,52.8,160.0,-49.0,a0:a3:b3:ed:ac:1c,,,,,0.0,Normal,0.0
1744303003014125,10.42.0.139,10.42.0.1,49981,1883,0,0,1,0,0,0,0,0,0,0,0,0,0,0.0,0,,0,0,,0,0,0,0,0,0,0,0,0.0,0,0,0,0,0,64.0,5760.0,0,0,0,58,eth:ethertype:ip:tcp,30.3,94.9,52.8,160.0,-49.0,a0:a3:b3:ed:ac:1c,,,,,0.0,Normal,0.0
1744303003018040,10.42.0.139,10.42.0.1,49981,1883,1,1,0,1,0,0,0,0,0,0,0,0,0,0.0,0,,0,0,,0,0,0,0,0,0,0,0,0.0,0,0,0,0,0,64.0,5760.0,0,0,0,54,eth:ethertype:ip:tcp,30.3,94.9,52.8,160.0,-49.0,a0:a3:b3:ed:ac:1c,,,,,0.0,Normal,0.0
1744303003020364,10.42.0.139,10.42.0.1,49981,1883,1,1,0,1,0,0,1,0,3,0,0,0,0,0.0,0,,0,0,,0,0,0,0,0,0,0,0,0.0,0,0,0,0,0,64.0,5760.0,0,0,0,57,eth:ethertype:ip:tcp,30.3,94.9,52.8,160.0,-49.0,a0:a3:b3:ed:ac:1c,,,,,0.0,Normal,0.0
1744303003023767,10.42.0.139,10.42.0.1,49981,1883,4,1,0,1,0,0,1,0,29,0,0,0,0,0.0,0,,0,0,,0,0,0,0,0,0,0,0,0.0,0,0,0,0,0,64.0,5760.0,0,0,0,83,eth:ethertype:ip:tcp,30.3,94.9,52.8,160.0,-49.0,a0:a3:b3:ed:ac:1c,,,,,0.0,Normal,0.0
1744303003026908,10.42.0.139,10.42.0.1,49981,1883,33,1,0,1,0,0,1,0,12,0,0,0,0,0.0,0,,0,1,,0,0,0,1,42,4,MQTT,4,0.0,0,0,0,0,0,64.0,5760.0,0,0,esp32_a0a3b3edac1c,66,eth:ethertype:ip:tcp:mqtt,30.3,94.9,52.8,160.0,-49.0,a0:a3:b3:ed:ac:1c,,,,,0.0,Normal,0.0
1744303003064254,10.42.0.139,10.42.0.1,49981,1883,45,5,0,1,0,0,1,0,3,0,0,0,0,0.0,0,,0,0,,0,0,0,0,0,0,0,0,0.0,0,0,0,0,0,64.0,5756.0,0,0,0,57,eth:ethertype:ip:tcp,30.3,94.9,52.8,160.0,-49.0,a0:a3:b3:ed:ac:1c,,,,,0.0,Normal,0.0
1744303003074750,10.42.0.139,10.42.0.1,49981,1883,48,5,0,1,1,0,1,0,185,0,0,0,0,0.0,0,,0,3,"Wakeup: 0, Mode: 0, Reset: 1, Temperature: 28.7, Uptime: 627277, Memory: 94.9, In_Temperature: 52.8°C, CPU: 160, RSSI: -49, MAC: a0:a3:b3:ed:ac:1c, F_Storage: 99.2",test/temperatura,16,0,0,182,0,0,0,0.0,0,0,0,0,0,64.0,5756.0,0,0,0,239,eth:ethertype:ip:tcp:mqtt,28.7,94.9,52.8,160.0,-49.0,a0:a3:b3:ed:ac:1c,,,,,0.0,Normal,0.0
1744303003078186,10.42.0.139,10.42.0.1,49981,1883,234,6,0,1,0,0,0,0,0,0,0,0,0,0.0,0,,0,0,,0,0,0,0,0,0,0,0,0.0,0,0,0,0,0,64.0,5755.0,0,0,0,54,eth:ethertype:ip:tcp,28.7,94.9,52.8,160.0,-49.0,a0:a3:b3:ed:ac:1c,,,,,0.0,Normal,0.0
1744303033083594,10.42.0.139,10.42.0.1,49982,1883,0,0,1,0,0,0,0,0,0,0,0,0,0,0.0,0,,0,0,,0,0,0,0,0,0,0,0,0.0,0,0,0,0,0,64.0,5760.0,0,0,0,58,eth:ethertype:ip:tcp,28.7,94.9,52.8,160.0,-49.0,a0:a3:b3:ed:ac:1c,,,,,0.0,Normal,0.0
1744303033087637,10.42.0.139,10.42.0.1,49982,1883,1,1,0,1,0,0,0,0,0,0,0,0,0,0.0,0,,0,0,,0,0,0,0,0,0,0,0,0.0,0,0,0,0,0,64.0,5760.0,0,0,0,54,eth:ethertype:ip:tcp,28.7,94.9,52.8,160.0,-49.0,a0:a3:b3:ed:ac:1c,,,,,0.0,Normal,0.0
1744303033089772,10.42.0.139,10.42.0.1,49982,1883,1,1,0,1,0,0,1,0,3,0,0,0,0,0.0,0,,0,0,,0,0,0,0,0,0,0,0,0.0,0,0,0,0,0,64.0,5760.0,0,0,0,57,eth:ethertype:ip:tcp,28.7,94.9,52.8,160.0,-49.0,a0:a3:b3:ed:ac:1c,,,,,0.0,Normal,0.0
1744303033093209,10.42.0.139,10.42.0.1,49982,1883,4,1,0,1,0,0,1,0,29,0,0,0,0,0.0,0,,0,0,,0,0,0,0,0,0,0,0,0.0,0,0,0,0,0,64.0,5760.0,0,0,0,83,eth:ethertype:ip:tcp,28.7,94.9,52.8,160.0,-49.0,a0:a3:b3:ed:ac:1c,,,,,0.0,Normal,0.0
1744303033096316,10.42.0.139,10.42.0.1,49982,1883,33,1,0,1,0,0,1,0,12,0,0,0,0,0.0,0,,0,1,,0,0,0,1,42,4,MQTT,4,0.0,0,0,0,0,0,64.0,5760.0,0,0,esp32_a0a3b3edac1c,66,eth:ethertype:ip:tcp:mqtt,28.7,94.9,52.8,160.0,-49.0,a0:a3:b3:ed:ac:1c,,,,,0.0,Normal,0.0
1744303033132546,10.42.0.139,10.42.0.1,49982,1883,45,5,0,1,0,0,1,0,3,0,0,0,0,0.0,0,,0,0,,0,0,0,0,0,0,0,0,0.0,0,0,0,0,0,64.0,5756.0,0,0,0,57,eth:ethertype:ip:tcp,28.7,94.9,52.8,160.0,-49.0,a0:a3:b3:ed:ac:1c,,,,,0.0,Normal,0.0
1744303033143852,10.42.0.139,10.42.0.1,49982,1883,48,5,0,1,1,0,1,0,185,0,0,0,0,0.0,0,,0,3,"Wakeup: 0, Mode: 0, Reset: 1, Temperature: 31.3, Uptime: 627307, Memory: 94.9, In_Temperature: 52.8°C, CPU: 160, RSSI: -48, MAC: a0:a3:b3:ed:ac:1c, F_Storage: 99.2",test/temperatura,16,0,0,182,0,0,0,0.0,0,0,0,0,0,64.0,5756.0,0,0,0,239,eth:ethertype:ip:tcp:mqtt,31.3,94.9,52.8,160.0,-48.0,a0:a3:b3:ed:ac:1c,,,,,0.0,Normal,0.0
1744303033169947,10.42.0.139,10.42.0.1,49982,1883,234,6,0,1,0,0,0,0,0,0,0,0,0,0.0,0,,0,0,,0,0,0,0,0,0,0,0,0.0,0,0,0,0,0,64.0,5755.0,0,0,0,54,eth:ethertype:ip:tcp,31.3,94.9,52.8,160.0,-48.0,a0:a3:b3:ed:ac:1c,,,,,0.0,Normal,0.0
1744303063152733,10.42.0.139,10.42.0.1,49983,1883,0,0,1,0,0,0,0,0,0,0,0,0,0,0.0,0,,0,0,,0,0,0,0,0,0,0,0,0.0,0,0,0,0,0,64.0,5760.0,0,0,0,58,eth:ethertype:ip:tcp,31.3,94.9,52.8,160.0,-48.0,a0:a3:b3:ed:ac:1c,,,,,0.0,Normal,0.0
1744303063156782,10.42.0.139,10.42.0.1,49983,1883,1,1,0,1,0,0,0,0,0,0,0,0,0,0.0,0,,0,0,,0,0,0,0,0,0,0,0,0.0,0,0,0,0,0,64.0,5760.0,0,0,0,54,eth:ethertype:ip:tcp,31.3,94.9,52.8,160.0,-48.0,a0:a3:b3:ed:ac:1c,,,,,0.0,Normal,0.0
1744303063158791,10.42.0.139,10.42.0.1,49983,1883,1,1,0,1,0,0,1,0,3,0,0,0,0,0.0,0,,0,0,,0,0,0,0,0,0,0,0,0.0,0,0,0,0,0,64.0,5760.0,0,0,0,57,eth:ethertype:ip:tcp,31.3,94.9,52.8,160.0,-48.0,a0:a3:b3:ed:ac:1c,,,,,0.0,Normal,0.0
1744303063162316,10.42.0.139,10.42.0.1,49983,1883,4,1,0,1,0,0,1,0,29,0,0,0,0,0.0,0,,0,0,,0,0,0,0,0,0,0,0,0.0,0,0,0,0,0,64.0,5760.0,0,0,0,83,eth:ethertype:ip:tcp,31.3,94.9,52.8,160.0,-48.0,a0:a3:b3:ed:ac:1c,,,,,0.0,Normal,0.0
1744303063165323,10.42.0.139,10.42.0.1,49983,1883,33,1,0,1,0,0,1,0,12,0,0,0,0,0.0,0,,0,1,,0,0,0,1,42,4,MQTT,4,0.0,0,0,0,0,0,64.0,5760.0,0,0,esp32_a0a3b3edac1c,66,eth:ethertype:ip:tcp:mqtt,31.3,94.9,52.8,160.0,-48.0,a0:a3:b3:ed:ac:1c,,,,,0.0,Normal,0.0
1744303063201732,10.42.0.139,10.42.0.1,49983,1883,45,5,0,1,0,0,1,0,3,0,0,0,0,0.0,0,,0,0,,0,0,0,0,0,0,0,0,0.0,0,0,0,0,0,64.0,5756.0,0,0,0,57,eth:ethertype:ip:tcp,31.3,94.9,52.8,160.0,-48.0,a0:a3:b3:ed:ac:1c,,,,,0.0,Normal,0.0
1744303063213026,10.42.0.139,10.42.0.1,49983,1883,48,5,0,1,1,0,1,0,185,0,0,0,0,0.0,0,,0,3,"Wakeup: 0, Mode: 0, Reset: 1, Temperature: 30.1, Uptime: 627337, Memory: 94.9, In_Temperature: 52.8°C, CPU: 160, RSSI: -48, MAC: a0:a3:b3:ed:ac:1c, F_Storage: 99.2",test/temperatura,16,0,0,182,0,0,0,0.0,0,0,0,0,0,64.0,5756.0,0,0,0,239,eth:ethertype:ip:tcp:mqtt,30.1,94.9,52.8,160.0,-48.0,a0:a3:b3:ed:ac:1c,,,,,0.0,Normal,0.0
1744303063218482,10.42.0.139,10.42.0.1,49983,1883,234,6,0,1,0,0,0,0,0,0,0,0,0,0.0,0,,0,0,,0,0,0,0,0,0,0,0,0.0,0,0,0,0,0,64.0,5755.0,0,0,0,54,eth:ethertype:ip:tcp,30.1,94.9,52.8,160.0,-48.0,a0:a3:b3:ed:ac:1c,,,,,0.0,Normal,0.0
1744303093221947,10.42.0.139,10.42.0.1,49984,1883,0,0,1,0,0,0,0,0,0,0,0,0,0,0.0,0,,0,0,,0,0,0,0,0,0,0,0,0.0,0,0,0,0,0,64.0,5760.0,0,0,0,58,eth:ethertype:ip:tcp,30.1,94.9,52.8,160.0,-48.0,a0:a3:b3:ed:ac:1c,,,,,0.0,Normal,0.0
1744303093234603,10.42.0.139,10.42.0.1,49984,1883,1,1,0,1,0,0,0,0,0,0,0,0,0,0.0,0,,0,0,,0,0,0,0,0,0,0,0,0.0,0,0,0,0,0,64.0,5760.0,0,0,0,54,eth:ethertype:ip:tcp,30.1,94.9,52.8,160.0,-48.0,a0:a3:b3:ed:ac:1c,,,,,0.0,Normal,0.0
1744303093236896,10.42.0.139,10.42.0.1,49984,1883,1,1,0,1,0,0,1,0,3,0,0,0,0,0.0,0,,0,0,,0,0,0,0,0,0,0,0,0.0,0,0,0,0,0,64.0,5760.0,0,0,0,57,eth:ethertype:ip:tcp,30.1,94.9,52.8,160.0,-48.0,a0:a3:b3:ed:ac:1c,,,,,0.0,Normal,0.0
1744303093240534,10.42.0.139,10.42.0.1,49984,1883,4,1,0,1,0,0,1,0,29,0,0,0,0,0.0,0,,0,0,,0,0,0,0,0,0,0,0,0.0,0,0,0,0,0,64.0,5760.0,0,0,0,83,eth:ethertype:ip:tcp,30.1,94.9,52.8,160.0,-48.0,a0:a3:b3:ed:ac:1c,,,,,0.0,Normal,0.0
1744303093243689,10.42.0.139,10.42.0.1,49984,1883,33,1,0,1,0,0,1,0,12,0,0,0,0,0.0,0,,0,1,,0,0,0,1,42,4,MQTT,4,0.0,0,0,0,0,0,64.0,5760.0,0,0,esp32_a0a3b3edac1c,66,eth:ethertype:ip:tcp:mqtt,30.1,94.9,52.8,160.0,-48.0,a0:a3:b3:ed:ac:1c,,,,,0.0,Normal,0.0
1744303093282800,10.42.0.139,10.42.0.1,49984,1883,45,5,0,1,0,0,1,0,3,0,0,0,0,0.0,0,,0,0,,0,0,0,0,0,0,0,0,0.0,0,0,0,0,0,64.0,5756.0,0,0,0,57,eth:ethertype:ip:tcp,30.1,94.9,52.8,160.0,-48.0,a0:a3:b3:ed:ac:1c,,,,,0.0,Normal,0.0
1744303093292349,10.42.0.139,10.42.0.1,49984,1883,48,5,0,1,1,0,1,0,185,0,0,0,0,0.0,0,,0,3,"Wakeup: 0, Mode: 0, Reset: 1, Temperature: 28.5, Uptime: 627367, Memory: 94.9, In_Temperature: 52.8°C, CPU: 160, RSSI: -49, MAC: a0:a3:b3:ed:ac:1c, F_Storage: 99.2",test/temperatura,16,0,0,182,0,0,0,0.0,0,0,0,0,0,64.0,5756.0,0,0,0,239,eth:ethertype:ip:tcp:mqtt,28.5,94.9,52.8,160.0,-49.0,a0:a3:b3:ed:ac:1c,,,,,0.0,Normal,0.0
1744303093301172,10.42.0.139,10.42.0.1,49984,1883,234,6,0,1,0,0,0,0,0,0,0,0,0,0.0,0,,0,0,,0,0,0,0,0,0,0,0,0.0,0,0,0,0,0,64.0,5755.0,0,0,0,54,eth:ethertype:ip:tcp,28.5,94.9,52.8,160.0,-49.0,a0:a3:b3:ed:ac:1c,,,,,0.0,Normal,0.0
1744303109883393,10.42.0.139,10.42.0.1,0,0,0,0,0,0,0,0,0,0,0,0,0,0,0,0.0,0,,0,0,,0,0,0,0,0,0,0,0,0.0,0,0,0,0,0,64.0,0.0,0,0,0,350,eth:ethertype:ip:udp:dhcp,28.5,94.9,52.8,160.0,-49.0,a0:a3:b3:ed:ac:1c,,,,,0.0,Normal,0.0
1744303123308851,10.42.0.139,10.42.0.1,49985,1883,0,0,1,0,0,0,0,0,0,0,0,0,0,0.0,0,,0,0,,0,0,0,0,0,0,0,0,0.0,0,0,0,0,0,64.0,5760.0,0,0,0,58,eth:ethertype:ip:tcp,28.5,94.9,52.8,160.0,-49.0,a0:a3:b3:ed:ac:1c,,,,,0.0,Normal,0.0
1744303123312499,10.42.0.139,10.42.0.1,49985,1883,1,1,0,1,0,0,0,0,0,0,0,0,0,0.0,0,,0,0,,0,0,0,0,0,0,0,0,0.0,0,0,0,0,0,64.0,5760.0,0,0,0,54,eth:ethertype:ip:tcp,28.5,94.9,52.8,160.0,-49.0,a0:a3:b3:ed:ac:1c,,,,,0.0,Normal,0.0
1744303123314908,10.42.0.139,10.42.0.1,49985,1883,1,1,0,1,0,0,1,0,3,0,0,0,0,0.0,0,,0,0,,0,0,0,0,0,0,0,0,0.0,0,0,0,0,0,64.0,5760.0,0,0,0,57,eth:ethertype:ip:tcp,28.5,94.9,52.8,160.0,-49.0,a0:a3:b3:ed:ac:1c,,,,,0.0,Normal,0.0
1744303123318300,10.42.0.139,10.42.0.1,49985,1883,4,1,0,1,0,0,1,0,29,0,0,0,0,0.0,0,,0,0,,0,0,0,0,0,0,0,0,0.0,0,0,0,0,0,64.0,5760.0,0,0,0,83,eth:ethertype:ip:tcp,28.5,94.9,52.8,160.0,-49.0,a0:a3:b3:ed:ac:1c,,,,,0.0,Normal,0.0
1744303123321373,10.42.0.139,10.42.0.1,49985,1883,33,1,0,1,0,0,1,0,12,0,0,0,0,0.0,0,,0,1,,0,0,0,1,42,4,MQTT,4,0.0,0,0,0,0,0,64.0,5760.0,0,0,esp32_a0a3b3edac1c,66,eth:ethertype:ip:tcp:mqtt,28.5,94.9,52.8,160.0,-49.0,a0:a3:b3:ed:ac:1c,,,,,0.0,Normal,0.0
1744303123357384,10.42.0.139,10.42.0.1,49985,1883,45,5,0,1,0,0,1,0,3,0,0,0,0,0.0,0,,0,0,,0,0,0,0,0,0,0,0,0.0,0,0,0,0,0,64.0,5756.0,0,0,0,57,eth:ethertype:ip:tcp,28.5,94.9,52.8,160.0,-49.0,a0:a3:b3:ed:ac:1c,,,,,0.0,Normal,0.0
1744303123371659,10.42.0.139,10.42.0.1,49985,1883,48,5,0,1,1,0,1,0,185,0,0,0,0,0.0,0,,0,3,"Wakeup: 0, Mode: 0, Reset: 1, Temperature: 36.1, Uptime: 627397, Memory: 94.9, In_Temperature: 52.8°C, CPU: 160, RSSI: -48, MAC: a0:a3:b3:ed:ac:1c, F_Storage: 99.2",test/temperatura,16,0,0,182,0,0,0,0.0,0,0,0,0,0,64.0,5756.0,0,0,0,239,eth:ethertype:ip:tcp:mqtt,36.1,94.9,52.8,160.0,-48.0,a0:a3:b3:ed:ac:1c,,,,,0.0,Normal,0.0
1744303123375165,10.42.0.139,10.42.0.1,49985,1883,234,6,0,1,0,0,0,0,0,0,0,0,0,0.0,0,,0,0,,0,0,0,0,0,0,0,0,0.0,0,0,0,0,0,64.0,5755.0,0,0,0,54,eth:ethertype:ip:tcp,36.1,94.9,52.8,160.0,-48.0,a0:a3:b3:ed:ac:1c,,,,,0.0,Normal,0.0
1744303153380871,10.42.0.139,10.42.0.1,49986,1883,0,0,1,0,0,0,0,0,0,0,0,0,0,0.0,0,,0,0,,0,0,0,0,0,0,0,0,0.0,0,0,0,0,0,64.0,5760.0,0,0,0,58,eth:ethertype:ip:tcp,36.1,94.9,52.8,160.0,-48.0,a0:a3:b3:ed:ac:1c,,,,,0.0,Normal,0.0
1744303153384802,10.42.0.139,10.42.0.1,49986,1883,1,1,0,1,0,0,0,0,0,0,0,0,0,0.0,0,,0,0,,0,0,0,0,0,0,0,0,0.0,0,0,0,0,0,64.0,5760.0,0,0,0,54,eth:ethertype:ip:tcp,36.1,94.9,52.8,160.0,-48.0,a0:a3:b3:ed:ac:1c,,,,,0.0,Normal,0.0
1744303153387009,10.42.0.139,10.42.0.1,49986,1883,1,1,0,1,0,0,1,0,3,0,0,0,0,0.0,0,,0,0,,0,0,0,0,0,0,0,0,0.0,0,0,0,0,0,64.0,5760.0,0,0,0,57,eth:ethertype:ip:tcp,36.1,94.9,52.8,160.0,-48.0,a0:a3:b3:ed:ac:1c,,,,,0.0,Normal,0.0
1744303153390928,10.42.0.139,10.42.0.1,49986,1883,4,1,0,1,0,0,1,0,29,0,0,0,0,0.0,0,,0,0,,0,0,0,0,0,0,0,0,0.0,0,0,0,0,0,64.0,5760.0,0,0,0,83,eth:ethertype:ip:tcp,36.1,94.9,52.8,160.0,-48.0,a0:a3:b3:ed:ac:1c,,,,,0.0,Normal,0.0
1744303153394142,10.42.0.139,10.42.0.1,49986,1883,33,1,0,1,0,0,1,0,12,0,0,0,0,0.0,0,,0,1,,0,0,0,1,42,4,MQTT,4,0.0,0,0,0,0,0,64.0,5760.0,0,0,esp32_a0a3b3edac1c,66,eth:ethertype:ip:tcp:mqtt,36.1,94.9,52.8,160.0,-48.0,a0:a3:b3:ed:ac:1c,,,,,0.0,Normal,0.0
1744303153429737,10.42.0.139,10.42.0.1,49986,1883,45,5,0,1,0,0,1,0,3,0,0,0,0,0.0,0,,0,0,,0,0,0,0,0,0,0,0,0.0,0,0,0,0,0,64.0,5756.0,0,0,0,57,eth:ethertype:ip:tcp,36.1,94.9,52.8,160.0,-48.0,a0:a3:b3:ed:ac:1c,,,,,0.0,Normal,0.0
1744303153441784,10.42.0.139,10.42.0.1,49986,1883,48,5,0,1,1,0,1,0,185,0,0,0,0,0.0,0,,0,3,"Wakeup: 0, Mode: 0, Reset: 1, Temperature: 34.8, Uptime: 627427, Memory: 94.9, In_Temperature: 52.8°C, CPU: 160, RSSI: -47, MAC: a0:a3:b3:ed:ac:1c, F_Storage: 99.2",test/temperatura,16,0,0,182,0,0,0,0.0,0,0,0,0,0,64.0,5756.0,0,0,0,239,eth:ethertype:ip:tcp:mqtt,34.8,94.9,52.8,160.0,-47.0,a0:a3:b3:ed:ac:1c,,,,,0.0,Normal,0.0
1744303153445281,10.42.0.139,10.42.0.1,49986,1883,234,6,0,1,0,0,0,0,0,0,0,0,0,0.0,0,,0,0,,0,0,0,0,0,0,0,0,0.0,0,0,0,0,0,64.0,5755.0,0,0,0,54,eth:ethertype:ip:tcp,34.8,94.9,52.8,160.0,-47.0,a0:a3:b3:ed:ac:1c,,,,,0.0,Normal,0.0
1744303183450230,10.42.0.139,10.42.0.1,49987,1883,0,0,1,0,0,0,0,0,0,0,0,0,0,0.0,0,,0,0,,0,0,0,0,0,0,0,0,0.0,0,0,0,0,0,64.0,5760.0,0,0,0,58,eth:ethertype:ip:tcp,34.8,94.9,52.8,160.0,-47.0,a0:a3:b3:ed:ac:1c,,,,,0.0,Normal,0.0
1744303183454236,10.42.0.139,10.42.0.1,49987,1883,1,1,0,1,0,0,0,0,0,0,0,0,0,0.0,0,,0,0,,0,0,0,0,0,0,0,0,0.0,0,0,0,0,0,64.0,5760.0,0,0,0,54,eth:ethertype:ip:tcp,34.8,94.9,52.8,160.0,-47.0,a0:a3:b3:ed:ac:1c,,,,,0.0,Normal,0.0
1744303183456287,10.42.0.139,10.42.0.1,49987,1883,1,1,0,1,0,0,1,0,3,0,0,0,0,0.0,0,,0,0,,0,0,0,0,0,0,0,0,0.0,0,0,0,0,0,64.0,5760.0,0,0,0,57,eth:ethertype:ip:tcp,34.8,94.9,52.8,160.0,-47.0,a0:a3:b3:ed:ac:1c,,,,,0.0,Normal,0.0
1744303183459685,10.42.0.139,10.42.0.1,49987,1883,4,1,0,1,0,0,1,0,29,0,0,0,0,0.0,0,,0,0,,0,0,0,0,0,0,0,0,0.0,0,0,0,0,0,64.0,5760.0,0,0,0,83,eth:ethertype:ip:tcp,34.8,94.9,52.8,160.0,-47.0,a0:a3:b3:ed:ac:1c,,,,,0.0,Normal,0.0
1744303183463083,10.42.0.139,10.42.0.1,49987,1883,33,1,0,1,0,0,1,0,12,0,0,0,0,0.0,0,,0,1,,0,0,0,1,42,4,MQTT,4,0.0,0,0,0,0,0,64.0,5760.0,0,0,esp32_a0a3b3edac1c,66,eth:ethertype:ip:tcp:mqtt,34.8,94.9,52.8,160.0,-47.0,a0:a3:b3:ed:ac:1c,,,,,0.0,Normal,0.0
1744303183498281,10.42.0.139,10.42.0.1,49987,1883,45,5,0,1,0,0,1,0,3,0,0,0,0,0.0,0,,0,0,,0,0,0,0,0,0,0,0,0.0,0,0,0,0,0,64.0,5756.0,0,0,0,57,eth:ethertype:ip:tcp,34.8,94.9,52.8,160.0,-47.0,a0:a3:b3:ed:ac:1c,,,,,0.0,Normal,0.0
1744303183510662,10.42.0.139,10.42.0.1,49987,1883,48,5,0,1,1,0,1,0,185,0,0,0,0,0.0,0,,0,3,"Wakeup: 0, Mode: 0, Reset: 1, Temperature: 26.9, Uptime: 627457, Memory: 94.9, In_Temperature: 52.2°C, CPU: 160, RSSI: -48, MAC: a0:a3:b3:ed:ac:1c, F_Storage: 99.2",test/temperatura,16,0,0,182,0,0,0,0.0,0,0,0,0,0,64.0,5756.0,0,0,0,239,eth:ethertype:ip:tcp:mqtt,26.9,94.9,52.2,160.0,-48.0,a0:a3:b3:ed:ac:1c,,,,,0.0,Normal,0.0
1744303183514227,10.42.0.139,10.42.0.1,49987,1883,234,6,0,1,0,0,0,0,0,0,0,0,0,0.0,0,,0,0,,0,0,0,0,0,0,0,0,0.0,0,0,0,0,0,64.0,5755.0,0,0,0,54,eth:ethertype:ip:tcp,26.9,94.9,52.2,160.0,-48.0,a0:a3:b3:ed:ac:1c,,,,,0.0,Normal,0.0
1744303213519351,10.42.0.139,10.42.0.1,49988,1883,0,0,1,0,0,0,0,0,0,0,0,0,0,0.0,0,,0,0,,0,0,0,0,0,0,0,0,0.0,0,0,0,0,0,64.0,5760.0,0,0,0,58,eth:ethertype:ip:tcp,26.9,94.9,52.2,160.0,-48.0,a0:a3:b3:ed:ac:1c,,,,,0.0,Normal,0.0
1744303213523311,10.42.0.139,10.42.0.1,49988,1883,1,1,0,1,0,0,0,0,0,0,0,0,0,0.0,0,,0,0,,0,0,0,0,0,0,0,0,0.0,0,0,0,0,0,64.0,5760.0,0,0,0,54,eth:ethertype:ip:tcp,26.9,94.9,52.2,160.0,-48.0,a0:a3:b3:ed:ac:1c,,,,,0.0,Normal,0.0
1744303213525500,10.42.0.139,10.42.0.1,49988,1883,1,1,0,1,0,0,1,0,3,0,0,0,0,0.0,0,,0,0,,0,0,0,0,0,0,0,0,0.0,0,0,0,0,0,64.0,5760.0,0,0,0,57,eth:ethertype:ip:tcp,26.9,94.9,52.2,160.0,-48.0,a0:a3:b3:ed:ac:1c,,,,,0.0,Normal,0.0
1744303213528913,10.42.0.139,10.42.0.1,49988,1883,4,1,0,1,0,0,1,0,29,0,0,0,0,0.0,0,,0,0,,0,0,0,0,0,0,0,0,0.0,0,0,0,0,0,64.0,5760.0,0,0,0,83,eth:ethertype:ip:tcp,26.9,94.9,52.2,160.0,-48.0,a0:a3:b3:ed:ac:1c,,,,,0.0,Normal,0.0
1744303213532717,10.42.0.139,10.42.0.1,49988,1883,33,1,0,1,0,0,1,0,12,0,0,0,0,0.0,0,,0,1,,0,0,0,1,42,4,MQTT,4,0.0,0,0,0,0,0,64.0,5760.0,0,0,esp32_a0a3b3edac1c,66,eth:ethertype:ip:tcp:mqtt,26.9,94.9,52.2,160.0,-48.0,a0:a3:b3:ed:ac:1c,,,,,0.0,Normal,0.0
1744303213570596,10.42.0.139,10.42.0.1,49988,1883,45,5,0,1,0,0,1,0,3,0,0,0,0,0.0,0,,0,0,,0,0,0,0,0,0,0,0,0.0,0,0,0,0,0,64.0,5756.0,0,0,0,57,eth:ethertype:ip:tcp,26.9,94.9,52.2,160.0,-48.0,a0:a3:b3:ed:ac:1c,,,,,0.0,Normal,0.0
1744303213579805,10.42.0.139,10.42.0.1,49988,1883,48,5,0,1,1,0,1,0,185,0,0,0,0,0.0,0,,0,3,"Wakeup: 0, Mode: 0, Reset: 1, Temperature: 29.3, Uptime: 627487, Memory: 94.9, In_Temperature: 52.8°C, CPU: 160, RSSI: -48, MAC: a0:a3:b3:ed:ac:1c, F_Storage: 99.2",test/temperatura,16,0,0,182,0,0,0,0.0,0,0,0,0,0,64.0,5756.0,0,0,0,239,eth:ethertype:ip:tcp:mqtt,29.3,94.9,52.8,160.0,-48.0,a0:a3:b3:ed:ac:1c,,,,,0.0,Normal,0.0
1744303213583901,10.42.0.139,10.42.0.1,49988,1883,234,6,0,1,0,0,0,0,0,0,0,0,0,0.0,0,,0,0,,0,0,0,0,0,0,0,0,0.0,0,0,0,0,0,64.0,5755.0,0,0,0,54,eth:ethertype:ip:tcp,29.3,94.9,52.8,160.0,-48.0,a0:a3:b3:ed:ac:1c,,,,,0.0,Normal,0.0
1744303243588585,10.42.0.139,10.42.0.1,49989,1883,0,0,1,0,0,0,0,0,0,0,0,0,0,0.0,0,,0,0,,0,0,0,0,0,0,0,0,0.0,0,0,0,0,0,64.0,5760.0,0,0,0,58,eth:ethertype:ip:tcp,29.3,94.9,52.8,160.0,-48.0,a0:a3:b3:ed:ac:1c,,,,,0.0,Normal,0.0
1744303243592537,10.42.0.139,10.42.0.1,49989,1883,1,1,0,1,0,0,0,0,0,0,0,0,0,0.0,0,,0,0,,0,0,0,0,0,0,0,0,0.0,0,0,0,0,0,64.0,5760.0,0,0,0,54,eth:ethertype:ip:tcp,29.3,94.9,52.8,160.0,-48.0,a0:a3:b3:ed:ac:1c,,,,,0.0,Normal,0.0
1744303243594671,10.42.0.139,10.42.0.1,49989,1883,1,1,0,1,0,0,1,0,3,0,0,0,0,0.0,0,,0,0,,0,0,0,0,0,0,0,0,0.0,0,0,0,0,0,64.0,5760.0,0,0,0,57,eth:ethertype:ip:tcp,29.3,94.9,52.8,160.0,-48.0,a0:a3:b3:ed:ac:1c,,,,,0.0,Normal,0.0
1744303243598111,10.42.0.139,10.42.0.1,49989,1883,4,1,0,1,0,0,1,0,29,0,0,0,0,0.0,0,,0,0,,0,0,0,0,0,0,0,0,0.0,0,0,0,0,0,64.0,5760.0,0,0,0,83,eth:ethertype:ip:tcp,29.3,94.9,52.8,160.0,-48.0,a0:a3:b3:ed:ac:1c,,,,,0.0,Normal,0.0
1744303243601254,10.42.0.139,10.42.0.1,49989,1883,33,1,0,1,0,0,1,0,12,0,0,0,0,0.0,0,,0,1,,0,0,0,1,42,4,MQTT,4,0.0,0,0,0,0,0,64.0,5760.0,0,0,esp32_a0a3b3edac1c,66,eth:ethertype:ip:tcp:mqtt,29.3,94.9,52.8,160.0,-48.0,a0:a3:b3:ed:ac:1c,,,,,0.0,Normal,0.0
1744303243629639,10.42.0.139,10.42.0.1,49989,1883,45,5,0,1,0,0,0,0,0,0,0,0,0,0.0,0,,0,0,,0,0,0,0,0,0,0,0,0.0,0,0,0,0,0,64.0,5756.0,0,0,0,54,eth:ethertype:ip:tcp,29.3,94.9,52.8,160.0,-48.0,a0:a3:b3:ed:ac:1c,,,,,0.0,Normal,0.0
1744303243637888,10.42.0.139,10.42.0.1,49989,1883,45,5,0,1,0,0,1,0,3,0,0,0,0,0.0,0,,0,0,,0,0,0,0,0,0,0,0,0.0,0,0,0,0,0,64.0,5756.0,0,0,0,57,eth:ethertype:ip:tcp,29.3,94.9,52.8,160.0,-48.0,a0:a3:b3:ed:ac:1c,,,,,0.0,Normal,0.0
1744303243648996,10.42.0.139,10.42.0.1,49989,1883,48,5,0,1,1,0,1,0,185,0,0,0,0,0.0,0,,0,3,"Wakeup: 0, Mode: 0, Reset: 1, Temperature: 35.0, Uptime: 627517, Memory: 94.9, In_Temperature: 52.8°C, CPU: 160, RSSI: -49, MAC: a0:a3:b3:ed:ac:1c, F_Storage: 99.2",test/temperatura,16,0,0,182,0,0,0,0.0,0,0,0,0,0,64.0,5756.0,0,0,0,239,eth:ethertype:ip:tcp:mqtt,35.0,94.9,52.8,160.0,-49.0,a0:a3:b3:ed:ac:1c,,,,,0.0,Normal,0.0
1744303243655948,10.42.0.139,10.42.0.1,49989,1883,234,6,0,1,0,0,0,0,0,0,0,0,0,0.0,0,,0,0,,0,0,0,0,0,0,0,0,0.0,0,0,0,0,0,64.0,5755.0,0,0,0,54,eth:ethertype:ip:tcp,35.0,94.9,52.8,160.0,-49.0,a0:a3:b3:ed:ac:1c,,,,,0.0,Normal,0.0
1744303273659074,10.42.0.139,10.42.0.1,49990,1883,0,0,1,0,0,0,0,0,0,0,0,0,0,0.0,0,,0,0,,0,0,0,0,0,0,0,0,0.0,0,0,0,0,0,64.0,5760.0,0,0,0,58,eth:ethertype:ip:tcp,35.0,94.9,52.8,160.0,-49.0,a0:a3:b3:ed:ac:1c,,,,,0.0,Normal,0.0
1744303273663161,10.42.0.139,10.42.0.1,49990,1883,1,1,0,1,0,0,0,0,0,0,0,0,0,0.0,0,,0,0,,0,0,0,0,0,0,0,0,0.0,0,0,0,0,0,64.0,5760.0,0,0,0,54,eth:ethertype:ip:tcp,35.0,94.9,52.8,160.0,-49.0,a0:a3:b3:ed:ac:1c,,,,,0.0,Normal,0.0
1744303273665256,10.42.0.139,10.42.0.1,49990,1883,1,1,0,1,0,0,1,0,3,0,0,0,0,0.0,0,,0,0,,0,0,0,0,0,0,0,0,0.0,0,0,0,0,0,64.0,5760.0,0,0,0,57,eth:ethertype:ip:tcp,35.0,94.9,52.8,160.0,-49.0,a0:a3:b3:ed:ac:1c,,,,,0.0,Normal,0.0
1744303273668593,10.42.0.139,10.42.0.1,49990,1883,4,1,0,1,0,0,1,0,29,0,0,0,0,0.0,0,,0,0,,0,0,0,0,0,0,0,0,0.0,0,0,0,0,0,64.0,5760.0,0,0,0,83,eth:ethertype:ip:tcp,35.0,94.9,52.8,160.0,-49.0,a0:a3:b3:ed:ac:1c,,,,,0.0,Normal,0.0
1744303273671505,10.42.0.139,10.42.0.1,49990,1883,33,1,0,1,0,0,1,0,12,0,0,0,0,0.0,0,,0,1,,0,0,0,1,42,4,MQTT,4,0.0,0,0,0,0,0,64.0,5760.0,0,0,esp32_a0a3b3edac1c,66,eth:ethertype:ip:tcp:mqtt,35.0,94.9,52.8,160.0,-49.0,a0:a3:b3:ed:ac:1c,,,,,0.0,Normal,0.0
1744303273706993,10.42.0.139,10.42.0.1,49990,1883,45,5,0,1,0,0,1,0,3,0,0,0,0,0.0,0,,0,0,,0,0,0,0,0,0,0,0,0.0,0,0,0,0,0,64.0,5756.0,0,0,0,57,eth:ethertype:ip:tcp,35.0,94.9,52.8,160.0,-49.0,a0:a3:b3:ed:ac:1c,,,,,0.0,Normal,0.0
1744303273718233,10.42.0.139,10.42.0.1,49990,1883,48,5,0,1,1,0,1,0,185,0,0,0,0,0.0,0,,0,3,"Wakeup: 0, Mode: 0, Reset: 1, Temperature: 28.7, Uptime: 627548, Memory: 94.9, In_Temperature: 52.8°C, CPU: 160, RSSI: -49, MAC: a0:a3:b3:ed:ac:1c, F_Storage: 99.2",test/temperatura,16,0,0,182,0,0,0,0.0,0,0,0,0,0,64.0,5756.0,0,0,0,239,eth:ethertype:ip:tcp:mqtt,28.7,94.9,52.8,160.0,-49.0,a0:a3:b3:ed:ac:1c,,,,,0.0,Normal,0.0
1744303273721534,10.42.0.139,10.42.0.1,49990,1883,234,6,0,1,0,0,0,0,0,0,0,0,0,0.0,0,,0,0,,0,0,0,0,0,0,0,0,0.0,0,0,0,0,0,64.0,5755.0,0,0,0,54,eth:ethertype:ip:tcp,28.7,94.9,52.8,160.0,-49.0,a0:a3:b3:ed:ac:1c,,,,,0.0,Normal,0.0
1744303303726439,10.42.0.139,10.42.0.1,49991,1883,0,0,1,0,0,0,0,0,0,0,0,0,0,0.0,0,,0,0,,0,0,0,0,0,0,0,0,0.0,0,0,0,0,0,64.0,5760.0,0,0,0,58,eth:ethertype:ip:tcp,28.7,94.9,52.8,160.0,-49.0,a0:a3:b3:ed:ac:1c,,,,,0.0,Normal,0.0
1744303303730252,10.42.0.139,10.42.0.1,49991,1883,1,1,0,1,0,0,0,0,0,0,0,0,0,0.0,0,,0,0,,0,0,0,0,0,0,0,0,0.0,0,0,0,0,0,64.0,5760.0,0,0,0,54,eth:ethertype:ip:tcp,28.7,94.9,52.8,160.0,-49.0,a0:a3:b3:ed:ac:1c,,,,,0.0,Normal,0.0
1744303303732655,10.42.0.139,10.42.0.1,49991,1883,1,1,0,1,0,0,1,0,3,0,0,0,0,0.0,0,,0,0,,0,0,0,0,0,0,0,0,0.0,0,0,0,0,0,64.0,5760.0,0,0,0,57,eth:ethertype:ip:tcp,28.7,94.9,52.8,160.0,-49.0,a0:a3:b3:ed:ac:1c,,,,,0.0,Normal,0.0
1744303303736112,10.42.0.139,10.42.0.1,49991,1883,4,1,0,1,0,0,1,0,29,0,0,0,0,0.0,0,,0,0,,0,0,0,0,0,0,0,0,0.0,0,0,0,0,0,64.0,5760.0,0,0,0,83,eth:ethertype:ip:tcp,28.7,94.9,52.8,160.0,-49.0,a0:a3:b3:ed:ac:1c,,,,,0.0,Normal,0.0
1744303303745222,10.42.0.139,10.42.0.1,49991,1883,33,1,0,1,0,0,1,0,12,0,0,0,0,0.0,0,,0,1,,0,0,0,1,42,4,MQTT,4,0.0,0,0,0,0,0,64.0,5760.0,0,0,esp32_a0a3b3edac1c,66,eth:ethertype:ip:tcp:mqtt,28.7,94.9,52.8,160.0,-49.0,a0:a3:b3:ed:ac:1c,,,,,0.0,Normal,0.0
1744303303780884,10.42.0.139,10.42.0.1,49991,1883,45,5,0,1,0,0,1,0,3,0,0,0,0,0.0,0,,0,0,,0,0,0,0,0,0,0,0,0.0,0,0,0,0,0,64.0,5756.0,0,0,0,57,eth:ethertype:ip:tcp,28.7,94.9,52.8,160.0,-49.0,a0:a3:b3:ed:ac:1c,,,,,0.0,Normal,0.0
1744303303797599,10.42.0.139,10.42.0.1,49991,1883,48,5,0,1,1,0,1,0,185,0,0,0,0,0.0,0,,0,3,"Wakeup: 0, Mode: 0, Reset: 1, Temperature: 31.7, Uptime: 627578, Memory: 94.9, In_Temperature: 52.8°C, CPU: 160, RSSI: -48, MAC: a0:a3:b3:ed:ac:1c, F_Storage: 99.2",test/temperatura,16,0,0,182,0,0,0,0.0,0,0,0,0,0,64.0,5756.0,0,0,0,239,eth:ethertype:ip:tcp:mqtt,31.7,94.9,52.8,160.0,-48.0,a0:a3:b3:ed:ac:1c,,,,,0.0,Normal,0.0
1744303303801096,10.42.0.139,10.42.0.1,49991,1883,234,6,0,1,0,0,0,0,0,0,0,0,0,0.0,0,,0,0,,0,0,0,0,0,0,0,0,0.0,0,0,0,0,0,64.0,5755.0,0,0,0,54,eth:ethertype:ip:tcp,31.7,94.9,52.8,160.0,-48.0,a0:a3:b3:ed:ac:1c,,,,,0.0,Normal,0.0
1744303333806606,10.42.0.139,10.42.0.1,49992,1883,0,0,1,0,0,0,0,0,0,0,0,0,0,0.0,0,,0,0,,0,0,0,0,0,0,0,0,0.0,0,0,0,0,0,64.0,5760.0,0,0,0,58,eth:ethertype:ip:tcp,31.7,94.9,52.8,160.0,-48.0,a0:a3:b3:ed:ac:1c,,,,,0.0,Normal,0.0
1744303333810807,10.42.0.139,10.42.0.1,49992,1883,1,1,0,1,0,0,0,0,0,0,0,0,0,0.0,0,,0,0,,0,0,0,0,0,0,0,0,0.0,0,0,0,0,0,64.0,5760.0,0,0,0,54,eth:ethertype:ip:tcp,31.7,94.9,52.8,160.0,-48.0,a0:a3:b3:ed:ac:1c,,,,,0.0,Normal,0.0
1744303333812812,10.42.0.139,10.42.0.1,49992,1883,1,1,0,1,0,0,1,0,3,0,0,0,0,0.0,0,,0,0,,0,0,0,0,0,0,0,0,0.0,0,0,0,0,0,64.0,5760.0,0,0,0,57,eth:ethertype:ip:tcp,31.7,94.9,52.8,160.0,-48.0,a0:a3:b3:ed:ac:1c,,,,,0.0,Normal,0.0
1744303333816250,10.42.0.139,10.42.0.1,49992,1883,4,1,0,1,0,0,1,0,29,0,0,0,0,0.0,0,,0,0,,0,0,0,0,0,0,0,0,0.0,0,0,0,0,0,64.0,5760.0,0,0,0,83,eth:ethertype:ip:tcp,31.7,94.9,52.8,160.0,-48.0,a0:a3:b3:ed:ac:1c,,,,,0.0,Normal,0.0
1744303333819475,10.42.0.139,10.42.0.1,49992,1883,33,1,0,1,0,0,1,0,12,0,0,0,0,0.0,0,,0,1,,0,0,0,1,42,4,MQTT,4,0.0,0,0,0,0,0,64.0,5760.0,0,0,esp32_a0a3b3edac1c,66,eth:ethertype:ip:tcp:mqtt,31.7,94.9,52.8,160.0,-48.0,a0:a3:b3:ed:ac:1c,,,,,0.0,Normal,0.0
1744303333856095,10.42.0.139,10.42.0.1,49992,1883,45,5,0,1,0,0,1,0,3,0,0,0,0,0.0,0,,0,0,,0,0,0,0,0,0,0,0,0.0,0,0,0,0,0,64.0,5756.0,0,0,0,57,eth:ethertype:ip:tcp,31.7,94.9,52.8,160.0,-48.0,a0:a3:b3:ed:ac:1c,,,,,0.0,Normal,0.0
1744303333869167,10.42.0.139,10.42.0.1,49992,1883,48,5,0,1,1,0,1,0,185,0,0,0,0,0.0,0,,0,3,"Wakeup: 0, Mode: 0, Reset: 1, Temperature: 25.4, Uptime: 627608, Memory: 94.9, In_Temperature: 52.8°C, CPU: 160, RSSI: -48, MAC: a0:a3:b3:ed:ac:1c, F_Storage: 99.2",test/temperatura,16,0,0,182,0,0,0,0.0,0,0,0,0,0,64.0,5756.0,0,0,0,239,eth:ethertype:ip:tcp:mqtt,25.4,94.9,52.8,160.0,-48.0,a0:a3:b3:ed:ac:1c,,,,,0.0,Normal,0.0
1744303333872936,10.42.0.139,10.42.0.1,49992,1883,234,6,0,1,0,0,0,0,0,0,0,0,0,0.0,0,,0,0,,0,0,0,0,0,0,0,0,0.0,0,0,0,0,0,64.0,5755.0,0,0,0,54,eth:ethertype:ip:tcp,25.4,94.9,52.8,160.0,-48.0,a0:a3:b3:ed:ac:1c,,,,,0.0,Normal,0.0
1744303363876077,10.42.0.139,10.42.0.1,49993,1883,0,0,1,0,0,0,0,0,0,0,0,0,0,0.0,0,,0,0,,0,0,0,0,0,0,0,0,0.0,0,0,0,0,0,64.0,5760.0,0,0,0,58,eth:ethertype:ip:tcp,25.4,94.9,52.8,160.0,-48.0,a0:a3:b3:ed:ac:1c,,,,,0.0,Normal,0.0
1744303363880154,10.42.0.139,10.42.0.1,49993,1883,1,1,0,1,0,0,0,0,0,0,0,0,0,0.0,0,,0,0,,0,0,0,0,0,0,0,0,0.0,0,0,0,0,0,64.0,5760.0,0,0,0,54,eth:ethertype:ip:tcp,25.4,94.9,52.8,160.0,-48.0,a0:a3:b3:ed:ac:1c,,,,,0.0,Normal,0.0
1744303363882252,10.42.0.139,10.42.0.1,49993,1883,1,1,0,1,0,0,1,0,3,0,0,0,0,0.0,0,,0,0,,0,0,0,0,0,0,0,0,0.0,0,0,0,0,0,64.0,5760.0,0,0,0,57,eth:ethertype:ip:tcp,25.4,94.9,52.8,160.0,-48.0,a0:a3:b3:ed:ac:1c,,,,,0.0,Normal,0.0
1744303363885679,10.42.0.139,10.42.0.1,49993,1883,4,1,0,1,0,0,1,0,29,0,0,0,0,0.0,0,,0,0,,0,0,0,0,0,0,0,0,0.0,0,0,0,0,0,64.0,5760.0,0,0,0,83,eth:ethertype:ip:tcp,25.4,94.9,52.8,160.0,-48.0,a0:a3:b3:ed:ac:1c,,,,,0.0,Normal,0.0
1744303363888932,10.42.0.139,10.42.0.1,49993,1883,33,1,0,1,0,0,1,0,12,0,0,0,0,0.0,0,,0,1,,0,0,0,1,42,4,MQTT,4,0.0,0,0,0,0,0,64.0,5760.0,0,0,esp32_a0a3b3edac1c,66,eth:ethertype:ip:tcp:mqtt,25.4,94.9,52.8,160.0,-48.0,a0:a3:b3:ed:ac:1c,,,,,0.0,Normal,0.0
1744303363924252,10.42.0.139,10.42.0.1,49993,1883,45,5,0,1,0,0,1,0,3,0,0,0,0,0.0,0,,0,0,,0,0,0,0,0,0,0,0,0.0,0,0,0,0,0,64.0,5756.0,0,0,0,57,eth:ethertype:ip:tcp,25.4,94.9,52.8,160.0,-48.0,a0:a3:b3:ed:ac:1c,,,,,0.0,Normal,0.0
1744303363936713,10.42.0.139,10.42.0.1,49993,1883,48,5,0,1,1,0,1,0,185,0,0,0,0,0.0,0,,0,3,"Wakeup: 0, Mode: 0, Reset: 1, Temperature: 29.7, Uptime: 627638, Memory: 94.9, In_Temperature: 52.8°C, CPU: 160, RSSI: -48, MAC: a0:a3:b3:ed:ac:1c, F_Storage: 99.2",test/temperatura,16,0,0,182,0,0,0,0.0,0,0,0,0,0,64.0,5756.0,0,0,0,239,eth:ethertype:ip:tcp:mqtt,29.7,94.9,52.8,160.0,-48.0,a0:a3:b3:ed:ac:1c,,,,,0.0,Normal,0.0
1744303363940170,10.42.0.139,10.42.0.1,49993,1883,234,6,0,1,0,0,0,0,0,0,0,0,0,0.0,0,,0,0,,0,0,0,0,0,0,0,0,0.0,0,0,0,0,0,64.0,5755.0,0,0,0,54,eth:ethertype:ip:tcp,29.7,94.9,52.8,160.0,-48.0,a0:a3:b3:ed:ac:1c,,,,,0.0,Normal,0.0
1744303393945478,10.42.0.139,10.42.0.1,49994,1883,0,0,1,0,0,0,0,0,0,0,0,0,0,0.0,0,,0,0,,0,0,0,0,0,0,0,0,0.0,0,0,0,0,0,64.0,5760.0,0,0,0,58,eth:ethertype:ip:tcp,29.7,94.9,52.8,160.0,-48.0,a0:a3:b3:ed:ac:1c,,,,,0.0,Normal,0.0
1744303393949564,10.42.0.139,10.42.0.1,49994,1883,1,1,0,1,0,0,0,0,0,0,0,0,0,0.0,0,,0,0,,0,0,0,0,0,0,0,0,0.0,0,0,0,0,0,64.0,5760.0,0,0,0,54,eth:ethertype:ip:tcp,29.7,94.9,52.8,160.0,-48.0,a0:a3:b3:ed:ac:1c,,,,,0.0,Normal,0.0
1744303393951704,10.42.0.139,10.42.0.1,49994,1883,1,1,0,1,0,0,1,0,3,0,0,0,0,0.0,0,,0,0,,0,0,0,0,0,0,0,0,0.0,0,0,0,0,0,64.0,5760.0,0,0,0,57,eth:ethertype:ip:tcp,29.7,94.9,52.8,160.0,-48.0,a0:a3:b3:ed:ac:1c,,,,,0.0,Normal,0.0
1744303393955140,10.42.0.139,10.42.0.1,49994,1883,4,1,0,1,0,0,1,0,29,0,0,0,0,0.0,0,,0,0,,0,0,0,0,0,0,0,0,0.0,0,0,0,0,0,64.0,5760.0,0,0,0,83,eth:ethertype:ip:tcp,29.7,94.9,52.8,160.0,-48.0,a0:a3:b3:ed:ac:1c,,,,,0.0,Normal,0.0
1744303393958266,10.42.0.139,10.42.0.1,49994,1883,33,1,0,1,0,0,1,0,12,0,0,0,0,0.0,0,,0,1,,0,0,0,1,42,4,MQTT,4,0.0,0,0,0,0,0,64.0,5760.0,0,0,esp32_a0a3b3edac1c,66,eth:ethertype:ip:tcp:mqtt,29.7,94.9,52.8,160.0,-48.0,a0:a3:b3:ed:ac:1c,,,,,0.0,Normal,0.0
1744303393993992,10.42.0.139,10.42.0.1,49994,1883,45,5,0,1,0,0,1,0,3,0,0,0,0,0.0,0,,0,0,,0,0,0,0,0,0,0,0,0.0,0,0,0,0,0,64.0,5756.0,0,0,0,57,eth:ethertype:ip:tcp,29.7,94.9,52.8,160.0,-48.0,a0:a3:b3:ed:ac:1c,,,,,0.0,Normal,0.0
1744303394010380,10.42.0.139,10.42.0.1,49994,1883,48,5,0,1,1,0,1,0,185,0,0,0,0,0.0,0,,0,3,"Wakeup: 0, Mode: 0, Reset: 1, Temperature: 40.3, Uptime: 627668, Memory: 94.9, In_Temperature: 52.8°C, CPU: 160, RSSI: -53, MAC: a0:a3:b3:ed:ac:1c, F_Storage: 99.2",test/temperatura,16,0,0,182,0,0,0,0.0,0,0,0,0,0,64.0,5756.0,0,0,0,239,eth:ethertype:ip:tcp:mqtt,40.3,94.9,52.8,160.0,-53.0,a0:a3:b3:ed:ac:1c,,,,,0.0,Normal,0.0
1744303394013954,10.42.0.139,10.42.0.1,49994,1883,234,6,0,1,0,0,0,0,0,0,0,0,0,0.0,0,,0,0,,0,0,0,0,0,0,0,0,0.0,0,0,0,0,0,64.0,5755.0,0,0,0,54,eth:ethertype:ip:tcp,40.3,94.9,52.8,160.0,-53.0,a0:a3:b3:ed:ac:1c,,,,,0.0,Normal,0.0
1744303424014462,10.42.0.139,10.42.0.1,49995,1883,0,0,1,0,0,0,0,0,0,0,0,0,0,0.0,0,,0,0,,0,0,0,0,0,0,0,0,0.0,0,0,0,0,0,64.0,5760.0,0,0,0,58,eth:ethertype:ip:tcp,40.3,94.9,52.8,160.0,-53.0,a0:a3:b3:ed:ac:1c,,,,,0.0,Normal,0.0
1744303424018425,10.42.0.139,10.42.0.1,49995,1883,1,1,0,1,0,0,0,0,0,0,0,0,0,0.0,0,,0,0,,0,0,0,0,0,0,0,0,0.0,0,0,0,0,0,64.0,5760.0,0,0,0,54,eth:ethertype:ip:tcp,40.3,94.9,52.8,160.0,-53.0,a0:a3:b3:ed:ac:1c,,,,,0.0,Normal,0.0
1744303424020426,10.42.0.139,10.42.0.1,49995,1883,1,1,0,1,0,0,1,0,3,0,0,0,0,0.0,0,,0,0,,0,0,0,0,0,0,0,0,0.0,0,0,0,0,0,64.0,5760.0,0,0,0,57,eth:ethertype:ip:tcp,40.3,94.9,52.8,160.0,-53.0,a0:a3:b3:ed:ac:1c,,,,,0.0,Normal,0.0
1744303424023946,10.42.0.139,10.42.0.1,49995,1883,4,1,0,1,0,0,1,0,29,0,0,0,0,0.0,0,,0,0,,0,0,0,0,0,0,0,0,0.0,0,0,0,0,0,64.0,5760.0,0,0,0,83,eth:ethertype:ip:tcp,40.3,94.9,52.8,160.0,-53.0,a0:a3:b3:ed:ac:1c,,,,,0.0,Normal,0.0
1744303424027023,10.42.0.139,10.42.0.1,49995,1883,33,1,0,1,0,0,1,0,12,0,0,0,0,0.0,0,,0,1,,0,0,0,1,42,4,MQTT,4,0.0,0,0,0,0,0,64.0,5760.0,0,0,esp32_a0a3b3edac1c,66,eth:ethertype:ip:tcp:mqtt,40.3,94.9,52.8,160.0,-53.0,a0:a3:b3:ed:ac:1c,,,,,0.0,Normal,0.0
1744303424062355,10.42.0.139,10.42.0.1,49995,1883,45,5,0,1,0,0,1,0,3,0,0,0,0,0.0,0,,0,0,,0,0,0,0,0,0,0,0,0.0,0,0,0,0,0,64.0,5756.0,0,0,0,57,eth:ethertype:ip:tcp,40.3,94.9,52.8,160.0,-53.0,a0:a3:b3:ed:ac:1c,,,,,0.0,Normal,0.0
1744303424074907,10.42.0.139,10.42.0.1,49995,1883,48,5,0,1,1,0,1,0,185,0,0,0,0,0.0,0,,0,3,"Wakeup: 0, Mode: 0, Reset: 1, Temperature: 36.9, Uptime: 627698, Memory: 94.9, In_Temperature: 52.8°C, CPU: 160, RSSI: -51, MAC: a0:a3:b3:ed:ac:1c, F_Storage: 99.2",test/temperatura,16,0,0,182,0,0,0,0.0,0,0,0,0,0,64.0,5756.0,0,0,0,239,eth:ethertype:ip:tcp:mqtt,36.9,94.9,52.8,160.0,-51.0,a0:a3:b3:ed:ac:1c,,,,,0.0,Normal,0.0
1744303424081248,10.42.0.139,10.42.0.1,49995,1883,234,6,0,1,0,0,0,0,0,0,0,0,0,0.0,0,,0,0,,0,0,0,0,0,0,0,0,0.0,0,0,0,0,0,64.0,5755.0,0,0,0,54,eth:ethertype:ip:tcp,36.9,94.9,52.8,160.0,-51.0,a0:a3:b3:ed:ac:1c,,,,,0.0,Normal,0.0
1744303454084689,10.42.0.139,10.42.0.1,49996,1883,0,0,1,0,0,0,0,0,0,0,0,0,0,0.0,0,,0,0,,0,0,0,0,0,0,0,0,0.0,0,0,0,0,0,64.0,5760.0,0,0,0,58,eth:ethertype:ip:tcp,36.9,94.9,52.8,160.0,-51.0,a0:a3:b3:ed:ac:1c,,,,,0.0,Normal,0.0
1744303454089975,10.42.0.139,10.42.0.1,49996,1883,1,1,0,1,0,0,0,0,0,0,0,0,0,0.0,0,,0,0,,0,0,0,0,0,0,0,0,0.0,0,0,0,0,0,64.0,5760.0,0,0,0,54,eth:ethertype:ip:tcp,36.9,94.9,52.8,160.0,-51.0,a0:a3:b3:ed:ac:1c,,,,,0.0,Normal,0.0
1744303454092257,10.42.0.139,10.42.0.1,49996,1883,1,1,0,1,0,0,1,0,3,0,0,0,0,0.0,0,,0,0,,0,0,0,0,0,0,0,0,0.0,0,0,0,0,0,64.0,5760.0,0,0,0,57,eth:ethertype:ip:tcp,36.9,94.9,52.8,160.0,-51.0,a0:a3:b3:ed:ac:1c,,,,,0.0,Normal,0.0
1744303454095686,10.42.0.139,10.42.0.1,49996,1883,4,1,0,1,0,0,1,0,29,0,0,0,0,0.0,0,,0,0,,0,0,0,0,0,0,0,0,0.0,0,0,0,0,0,64.0,5760.0,0,0,0,83,eth:ethertype:ip:tcp,36.9,94.9,52.8,160.0,-51.0,a0:a3:b3:ed:ac:1c,,,,,0.0,Normal,0.0
1744303454098688,10.42.0.139,10.42.0.1,49996,1883,33,1,0,1,0,0,1,0,12,0,0,0,0,0.0,0,,0,1,,0,0,0,1,42,4,MQTT,4,0.0,0,0,0,0,0,64.0,5760.0,0,0,esp32_a0a3b3edac1c,66,eth:ethertype:ip:tcp:mqtt,36.9,94.9,52.8,160.0,-51.0,a0:a3:b3:ed:ac:1c,,,,,0.0,Normal,0.0
1744303454124924,10.42.0.139,10.42.0.1,49996,1883,45,5,0,1,0,0,0,0,0,0,0,0,0,0.0,0,,0,0,,0,0,0,0,0,0,0,0,0.0,0,0,0,0,0,64.0,5756.0,0,0,0,54,eth:ethertype:ip:tcp,36.9,94.9,52.8,160.0,-51.0,a0:a3:b3:ed:ac:1c,,,,,0.0,Normal,0.0
1744303454135024,10.42.0.139,10.42.0.1,49996,1883,45,5,0,1,0,0,1,0,3,0,0,0,0,0.0,0,,0,0,,0,0,0,0,0,0,0,0,0.0,0,0,0,0,0,64.0,5756.0,0,0,0,57,eth:ethertype:ip:tcp,36.9,94.9,52.8,160.0,-51.0,a0:a3:b3:ed:ac:1c,,,,,0.0,Normal,0.0
1744303454144199,10.42.0.139,10.42.0.1,49996,1883,48,5,0,1,1,0,1,0,185,0,0,0,0,0.0,0,,0,3,"Wakeup: 0, Mode: 0, Reset: 1, Temperature: 36.4, Uptime: 627728, Memory: 94.8, In_Temperature: 52.8°C, CPU: 160, RSSI: -53, MAC: a0:a3:b3:ed:ac:1c, F_Storage: 99.2",test/temperatura,16,0,0,182,0,0,0,0.0,0,0,0,0,0,64.0,5756.0,0,0,0,239,eth:ethertype:ip:tcp:mqtt,36.4,94.8,52.8,160.0,-53.0,a0:a3:b3:ed:ac:1c,,,,,0.0,Normal,0.0
1744303454147649,10.42.0.139,10.42.0.1,49996,1883,234,6,0,1,0,0,0,0,0,0,0,0,0,0.0,0,,0,0,,0,0,0,0,0,0,0,0,0.0,0,0,0,0,0,64.0,5755.0,0,0,0,54,eth:ethertype:ip:tcp,36.4,94.8,52.8,160.0,-53.0,a0:a3:b3:ed:ac:1c,,,,,0.0,Normal,0.0
1744303484160748,10.42.0.139,10.42.0.1,49997,1883,0,0,1,0,0,0,0,0,0,0,0,0,0,0.0,0,,0,0,,0,0,0,0,0,0,0,0,0.0,0,0,0,0,0,64.0,5760.0,0,0,0,58,eth:ethertype:ip:tcp,36.4,94.8,52.8,160.0,-53.0,a0:a3:b3:ed:ac:1c,,,,,0.0,Normal,0.0
1744303484164488,10.42.0.139,10.42.0.1,49997,1883,1,1,0,1,0,0,0,0,0,0,0,0,0,0.0,0,,0,0,,0,0,0,0,0,0,0,0,0.0,0,0,0,0,0,64.0,5760.0,0,0,0,54,eth:ethertype:ip:tcp,36.4,94.8,52.8,160.0,-53.0,a0:a3:b3:ed:ac:1c,,,,,0.0,Normal,0.0
1744303484166782,10.42.0.139,10.42.0.1,49997,1883,1,1,0,1,0,0,1,0,3,0,0,0,0,0.0,0,,0,0,,0,0,0,0,0,0,0,0,0.0,0,0,0,0,0,64.0,5760.0,0,0,0,57,eth:ethertype:ip:tcp,36.4,94.8,52.8,160.0,-53.0,a0:a3:b3:ed:ac:1c,,,,,0.0,Normal,0.0
1744303484170189,10.42.0.139,10.42.0.1,49997,1883,4,1,0,1,0,0,1,0,29,0,0,0,0,0.0,0,,0,0,,0,0,0,0,0,0,0,0,0.0,0,0,0,0,0,64.0,5760.0,0,0,0,83,eth:ethertype:ip:tcp,36.4,94.8,52.8,160.0,-53.0,a0:a3:b3:ed:ac:1c,,,,,0.0,Normal,0.0
1744303484173376,10.42.0.139,10.42.0.1,49997,1883,33,1,0,1,0,0,1,0,12,0,0,0,0,0.0,0,,0,1,,0,0,0,1,42,4,MQTT,4,0.0,0,0,0,0,0,64.0,5760.0,0,0,esp32_a0a3b3edac1c,66,eth:ethertype:ip:tcp:mqtt,36.4,94.8,52.8,160.0,-53.0,a0:a3:b3:ed:ac:1c,,,,,0.0,Normal,0.0
1744303484209835,10.42.0.139,10.42.0.1,49997,1883,45,5,0,1,0,0,1,0,3,0,0,0,0,0.0,0,,0,0,,0,0,0,0,0,0,0,0,0.0,0,0,0,0,0,64.0,5756.0,0,0,0,57,eth:ethertype:ip:tcp,36.4,94.8,52.8,160.0,-53.0,a0:a3:b3:ed:ac:1c,,,,,0.0,Normal,0.0
1744303484223556,10.42.0.139,10.42.0.1,49997,1883,48,5,0,1,1,0,1,0,185,0,0,0,0,0.0,0,,0,3,"Wakeup: 0, Mode: 0, Reset: 1, Temperature: 30.5, Uptime: 627758, Memory: 94.9, In_Temperature: 52.8°C, CPU: 160, RSSI: -52, MAC: a0:a3:b3:ed:ac:1c, F_Storage: 99.2",test/temperatura,16,0,0,182,0,0,0,0.0,0,0,0,0,0,64.0,5756.0,0,0,0,239,eth:ethertype:ip:tcp:mqtt,30.5,94.9,52.8,160.0,-52.0,a0:a3:b3:ed:ac:1c,,,,,0.0,Normal,0.0
1744303484227061,10.42.0.139,10.42.0.1,49997,1883,234,6,0,1,0,0,0,0,0,0,0,0,0,0.0,0,,0,0,,0,0,0,0,0,0,0,0,0.0,0,0,0,0,0,64.0,5755.0,0,0,0,54,eth:ethertype:ip:tcp,30.5,94.9,52.8,160.0,-52.0,a0:a3:b3:ed:ac:1c,,,,,0.0,Normal,0.0
1744303514232516,10.42.0.139,10.42.0.1,49998,1883,0,0,1,0,0,0,0,0,0,0,0,0,0,0.0,0,,0,0,,0,0,0,0,0,0,0,0,0.0,0,0,0,0,0,64.0,5760.0,0,0,0,58,eth:ethertype:ip:tcp,30.5,94.9,52.8,160.0,-52.0,a0:a3:b3:ed:ac:1c,,,,,0.0,Normal,0.0
1744303514238798,10.42.0.139,10.42.0.1,49998,1883,1,1,0,1,0,0,0,0,0,0,0,0,0,0.0,0,,0,0,,0,0,0,0,0,0,0,0,0.0,0,0,0,0,0,64.0,5760.0,0,0,0,54,eth:ethertype:ip:tcp,30.5,94.9,52.8,160.0,-52.0,a0:a3:b3:ed:ac:1c,,,,,0.0,Normal,0.0
1744303514239483,10.42.0.139,10.42.0.1,49998,1883,1,1,0,1,0,0,1,0,3,0,0,0,0,0.0,0,,0,0,,0,0,0,0,0,0,0,0,0.0,0,0,0,0,0,64.0,5760.0,0,0,0,57,eth:ethertype:ip:tcp,30.5,94.9,52.8,160.0,-52.0,a0:a3:b3:ed:ac:1c,,,,,0.0,Normal,0.0
1744303514242626,10.42.0.139,10.42.0.1,49998,1883,4,1,0,1,0,0,1,0,41,0,0,0,0,0.0,0,,0,1,,0,0,0,1,42,4,MQTT,4,0.0,0,0,0,0,0,64.0,5760.0,0,0,esp32_a0a3b3edac1c,95,eth:ethertype:ip:tcp:mqtt,30.5,94.9,52.8,160.0,-52.0,a0:a3:b3:ed:ac:1c,,,,,0.0,Normal,0.0
1744303514278397,10.42.0.139,10.42.0.1,49998,1883,45,5,0,1,0,0,1,0,3,0,0,0,0,0.0,0,,0,0,,0,0,0,0,0,0,0,0,0.0,0,0,0,0,0,64.0,5756.0,0,0,0,57,eth:ethertype:ip:tcp,30.5,94.9,52.8,160.0,-52.0,a0:a3:b3:ed:ac:1c,,,,,0.0,Normal,0.0
1744303514296437,10.42.0.139,10.42.0.1,49998,1883,48,5,0,1,1,0,1,0,185,0,0,0,0,0.0,0,,0,3,"Wakeup: 0, Mode: 0, Reset: 1, Temperature: 27.1, Uptime: 627788, Memory: 94.9, In_Temperature: 52.2°C, CPU: 160, RSSI: -48, MAC: a0:a3:b3:ed:ac:1c, F_Storage: 99.2",test/temperatura,16,0,0,182,0,0,0,0.0,0,0,0,0,0,64.0,5756.0,0,0,0,239,eth:ethertype:ip:tcp:mqtt,27.1,94.9,52.2,160.0,-48.0,a0:a3:b3:ed:ac:1c,,,,,0.0,Normal,0.0
1744303514301104,10.42.0.139,10.42.0.1,49998,1883,234,6,0,1,0,0,0,0,0,0,0,0,0,0.0,0,,0,0,,0,0,0,0,0,0,0,0,0.0,0,0,0,0,0,64.0,5755.0,0,0,0,54,eth:ethertype:ip:tcp,27.1,94.9,52.2,160.0,-48.0,a0:a3:b3:ed:ac:1c,,,,,0.0,Normal,0.0
1744303544301825,10.42.0.139,10.42.0.1,49999,1883,0,0,1,0,0,0,0,0,0,0,0,0,0,0.0,0,,0,0,,0,0,0,0,0,0,0,0,0.0,0,0,0,0,0,64.0,5760.0,0,0,0,58,eth:ethertype:ip:tcp,27.1,94.9,52.2,160.0,-48.0,a0:a3:b3:ed:ac:1c,,,,,0.0,Normal,0.0
1744303544305881,10.42.0.139,10.42.0.1,49999,1883,1,1,0,1,0,0,0,0,0,0,0,0,0,0.0,0,,0,0,,0,0,0,0,0,0,0,0,0.0,0,0,0,0,0,64.0,5760.0,0,0,0,54,eth:ethertype:ip:tcp,27.1,94.9,52.2,160.0,-48.0,a0:a3:b3:ed:ac:1c,,,,,0.0,Normal,0.0
1744303544307928,10.42.0.139,10.42.0.1,49999,1883,1,1,0,1,0,0,1,0,3,0,0,0,0,0.0,0,,0,0,,0,0,0,0,0,0,0,0,0.0,0,0,0,0,0,64.0,5760.0,0,0,0,57,eth:ethertype:ip:tcp,27.1,94.9,52.2,160.0,-48.0,a0:a3:b3:ed:ac:1c,,,,,0.0,Normal,0.0
1744303544311297,10.42.0.139,10.42.0.1,49999,1883,4,1,0,1,0,0,1,0,29,0,0,0,0,0.0,0,,0,0,,0,0,0,0,0,0,0,0,0.0,0,0,0,0,0,64.0,5760.0,0,0,0,83,eth:ethertype:ip:tcp,27.1,94.9,52.2,160.0,-48.0,a0:a3:b3:ed:ac:1c,,,,,0.0,Normal,0.0
1744303544314292,10.42.0.139,10.42.0.1,49999,1883,33,1,0,1,0,0,1,0,12,0,0,0,0,0.0,0,,0,1,,0,0,0,1,42,4,MQTT,4,0.0,0,0,0,0,0,64.0,5760.0,0,0,esp32_a0a3b3edac1c,66,eth:ethertype:ip:tcp:mqtt,27.1,94.9,52.2,160.0,-48.0,a0:a3:b3:ed:ac:1c,,,,,0.0,Normal,0.0
1744303544350135,10.42.0.139,10.42.0.1,49999,1883,45,5,0,1,0,0,1,0,3,0,0,0,0,0.0,0,,0,0,,0,0,0,0,0,0,0,0,0.0,0,0,0,0,0,64.0,5756.0,0,0,0,57,eth:ethertype:ip:tcp,27.1,94.9,52.2,160.0,-48.0,a0:a3:b3:ed:ac:1c,,,,,0.0,Normal,0.0
1744303544362704,10.42.0.139,10.42.0.1,49999,1883,48,5,0,1,1,0,1,0,185,0,0,0,0,0.0,0,,0,3,"Wakeup: 0, Mode: 0, Reset: 1, Temperature: 32.2, Uptime: 627818, Memory: 94.9, In_Temperature: 52.8°C, CPU: 160, RSSI: -48, MAC: a0:a3:b3:ed:ac:1c, F_Storage: 99.2",test/temperatura,16,0,0,182,0,0,0,0.0,0,0,0,0,0,64.0,5756.0,0,0,0,239,eth:ethertype:ip:tcp:mqtt,32.2,94.9,52.8,160.0,-48.0,a0:a3:b3:ed:ac:1c,,,,,0.0,Normal,0.0
1744303544366198,10.42.0.139,10.42.0.1,49999,1883,234,6,0,1,0,0,0,0,0,0,0,0,0,0.0,0,,0,0,,0,0,0,0,0,0,0,0,0.0,0,0,0,0,0,64.0,5755.0,0,0,0,54,eth:ethertype:ip:tcp,32.2,94.9,52.8,160.0,-48.0,a0:a3:b3:ed:ac:1c,,,,,0.0,Normal,0.0
1744303574371320,10.42.0.139,10.42.0.1,50000,1883,0,0,1,0,0,0,0,0,0,0,0,0,0,0.0,0,,0,0,,0,0,0,0,0,0,0,0,0.0,0,0,0,0,0,64.0,5760.0,0,0,0,58,eth:ethertype:ip:tcp,32.2,94.9,52.8,160.0,-48.0,a0:a3:b3:ed:ac:1c,,,,,0.0,Normal,0.0
1744303574375333,10.42.0.139,10.42.0.1,50000,1883,1,1,0,1,0,0,0,0,0,0,0,0,0,0.0,0,,0,0,,0,0,0,0,0,0,0,0,0.0,0,0,0,0,0,64.0,5760.0,0,0,0,54,eth:ethertype:ip:tcp,32.2,94.9,52.8,160.0,-48.0,a0:a3:b3:ed:ac:1c,,,,,0.0,Normal,0.0
1744303574377346,10.42.0.139,10.42.0.1,50000,1883,1,1,0,1,0,0,1,0,3,0,0,0,0,0.0,0,,0,0,,0,0,0,0,0,0,0,0,0.0,0,0,0,0,0,64.0,5760.0,0,0,0,57,eth:ethertype:ip:tcp,32.2,94.9,52.8,160.0,-48.0,a0:a3:b3:ed:ac:1c,,,,,0.0,Normal,0.0
1744303574380768,10.42.0.139,10.42.0.1,50000,1883,4,1,0,1,0,0,1,0,29,0,0,0,0,0.0,0,,0,0,,0,0,0,0,0,0,0,0,0.0,0,0,0,0,0,64.0,5760.0,0,0,0,83,eth:ethertype:ip:tcp,32.2,94.9,52.8,160.0,-48.0,a0:a3:b3:ed:ac:1c,,,,,0.0,Normal,0.0
1744303574383765,10.42.0.139,10.42.0.1,50000,1883,33,1,0,1,0,0,1,0,12,0,0,0,0,0.0,0,,0,1,,0,0,0,1,42,4,MQTT,4,0.0,0,0,0,0,0,64.0,5760.0,0,0,esp32_a0a3b3edac1c,66,eth:ethertype:ip:tcp:mqtt,32.2,94.9,52.8,160.0,-48.0,a0:a3:b3:ed:ac:1c,,,,,0.0,Normal,0.0
1744303574422169,10.42.0.139,10.42.0.1,50000,1883,45,5,0,1,0,0,1,0,3,0,0,0,0,0.0,0,,0,0,,0,0,0,0,0,0,0,0,0.0,0,0,0,0,0,64.0,5756.0,0,0,0,57,eth:ethertype:ip:tcp,32.2,94.9,52.8,160.0,-48.0,a0:a3:b3:ed:ac:1c,,,,,0.0,Normal,0.0
1744303574431564,10.42.0.139,10.42.0.1,50000,1883,48,5,0,1,1,0,1,0,185,0,0,0,0,0.0,0,,0,3,"Wakeup: 0, Mode: 0, Reset: 1, Temperature: 37.5, Uptime: 627848, Memory: 94.9, In_Temperature: 52.2°C, CPU: 160, RSSI: -48, MAC: a0:a3:b3:ed:ac:1c, F_Storage: 99.2",test/temperatura,16,0,0,182,0,0,0,0.0,0,0,0,0,0,64.0,5756.0,0,0,0,239,eth:ethertype:ip:tcp:mqtt,37.5,94.9,52.2,160.0,-48.0,a0:a3:b3:ed:ac:1c,,,,,0.0,Normal,0.0
1744303574435061,10.42.0.139,10.42.0.1,50000,1883,234,6,0,1,0,0,0,0,0,0,0,0,0,0.0,0,,0,0,,0,0,0,0,0,0,0,0,0.0,0,0,0,0,0,64.0,5755.0,0,0,0,54,eth:ethertype:ip:tcp,37.5,94.9,52.2,160.0,-48.0,a0:a3:b3:ed:ac:1c,,,,,0.0,Normal,0.0
1744303604440565,10.42.0.139,10.42.0.1,50001,1883,0,0,1,0,0,0,0,0,0,0,0,0,0,0.0,0,,0,0,,0,0,0,0,0,0,0,0,0.0,0,0,0,0,0,64.0,5760.0,0,0,0,58,eth:ethertype:ip:tcp,37.5,94.9,52.2,160.0,-48.0,a0:a3:b3:ed:ac:1c,,,,,0.0,Normal,0.0
1744303604444834,10.42.0.139,10.42.0.1,50001,1883,1,1,0,1,0,0,0,0,0,0,0,0,0,0.0,0,,0,0,,0,0,0,0,0,0,0,0,0.0,0,0,0,0,0,64.0,5760.0,0,0,0,54,eth:ethertype:ip:tcp,37.5,94.9,52.2,160.0,-48.0,a0:a3:b3:ed:ac:1c,,,,,0.0,Normal,0.0
1744303604446905,10.42.0.139,10.42.0.1,50001,1883,1,1,0,1,0,0,1,0,3,0,0,0,0,0.0,0,,0,0,,0,0,0,0,0,0,0,0,0.0,0,0,0,0,0,64.0,5760.0,0,0,0,57,eth:ethertype:ip:tcp,37.5,94.9,52.2,160.0,-48.0,a0:a3:b3:ed:ac:1c,,,,,0.0,Normal,0.0
1744303604450409,10.42.0.139,10.42.0.1,50001,1883,4,1,0,1,0,0,1,0,29,0,0,0,0,0.0,0,,0,0,,0,0,0,0,0,0,0,0,0.0,0,0,0,0,0,64.0,5760.0,0,0,0,83,eth:ethertype:ip:tcp,37.5,94.9,52.2,160.0,-48.0,a0:a3:b3:ed:ac:1c,,,,,0.0,Normal,0.0
1744303604454133,10.42.0.139,10.42.0.1,50001,1883,33,1,0,1,0,0,1,0,2,0,0,0,0,0.0,0,,0,0,,0,0,0,0,0,0,0,0,0.0,0,0,0,0,0,64.0,5760.0,0,0,0,56,eth:ethertype:ip:tcp,37.5,94.9,52.2,160.0,-48.0,a0:a3:b3:ed:ac:1c,,,,,0.0,Normal,0.0
1744303604458229,10.42.0.139,10.42.0.1,50001,1883,35,1,0,1,0,0,1,0,4,0,0,0,0,0.0,0,,0,0,,0,0,0,0,0,0,0,0,0.0,0,0,0,0,0,64.0,5760.0,0,0,0,58,eth:ethertype:ip:tcp,37.5,94.9,52.2,160.0,-48.0,a0:a3:b3:ed:ac:1c,,,,,0.0,Normal,0.0
1744303604461436,10.42.0.139,10.42.0.1,50001,1883,39,1,0,1,0,0,1,0,6,0,0,0,0,0.0,0,,0,1,,0,0,0,1,42,4,MQTT,4,0.0,0,0,0,0,0,64.0,5760.0,0,0,esp32_a0a3b3edac1c,60,eth:ethertype:ip:tcp:mqtt,37.5,94.9,52.2,160.0,-48.0,a0:a3:b3:ed:ac:1c,,,,,0.0,Normal,0.0
1744303604496863,10.42.0.139,10.42.0.1,50001,1883,45,5,0,1,0,0,1,0,3,0,0,0,0,0.0,0,,0,0,,0,0,0,0,0,0,0,0,0.0,0,0,0,0,0,64.0,5756.0,0,0,0,57,eth:ethertype:ip:tcp,37.5,94.9,52.2,160.0,-48.0,a0:a3:b3:ed:ac:1c,,,,,0.0,Normal,0.0
1744303604511649,10.42.0.139,10.42.0.1,50001,1883,48,5,0,1,1,0,1,0,185,0,0,0,0,0.0,0,,0,3,"Wakeup: 0, Mode: 0, Reset: 1, Temperature: 29.9, Uptime: 627878, Memory: 94.9, In_Temperature: 52.8°C, CPU: 160, RSSI: -52, MAC: a0:a3:b3:ed:ac:1c, F_Storage: 99.2",test/temperatura,16,0,0,182,0,0,0,0.0,0,0,0,0,0,64.0,5756.0,0,0,0,239,eth:ethertype:ip:tcp:mqtt,29.9,94.9,52.8,160.0,-52.0,a0:a3:b3:ed:ac:1c,,,,,0.0,Normal,0.0
1744303604516484,10.42.0.139,10.42.0.1,50001,1883,234,6,0,1,0,0,0,0,0,0,0,0,0,0.0,0,,0,0,,0,0,0,0,0,0,0,0,0.0,0,0,0,0,0,64.0,5755.0,0,0,0,54,eth:ethertype:ip:tcp,29.9,94.9,52.8,160.0,-52.0,a0:a3:b3:ed:ac:1c,,,,,0.0,Normal,0.0
1744303634520572,10.42.0.139,10.42.0.1,50002,1883,0,0,1,0,0,0,0,0,0,0,0,0,0,0.0,0,,0,0,,0,0,0,0,0,0,0,0,0.0,0,0,0,0,0,64.0,5760.0,0,0,0,58,eth:ethertype:ip:tcp,29.9,94.9,52.8,160.0,-52.0,a0:a3:b3:ed:ac:1c,,,,,0.0,Normal,0.0
1744303634524768,10.42.0.139,10.42.0.1,50002,1883,1,1,0,1,0,0,0,0,0,0,0,0,0,0.0,0,,0,0,,0,0,0,0,0,0,0,0,0.0,0,0,0,0,0,64.0,5760.0,0,0,0,54,eth:ethertype:ip:tcp,29.9,94.9,52.8,160.0,-52.0,a0:a3:b3:ed:ac:1c,,,,,0.0,Normal,0.0
1744303634526883,10.42.0.139,10.42.0.1,50002,1883,1,1,0,1,0,0,1,0,3,0,0,0,0,0.0,0,,0,0,,0,0,0,0,0,0,0,0,0.0,0,0,0,0,0,64.0,5760.0,0,0,0,57,eth:ethertype:ip:tcp,29.9,94.9,52.8,160.0,-52.0,a0:a3:b3:ed:ac:1c,,,,,0.0,Normal,0.0
1744303634530294,10.42.0.139,10.42.0.1,50002,1883,4,1,0,1,0,0,1,0,29,0,0,0,0,0.0,0,,0,0,,0,0,0,0,0,0,0,0,0.0,0,0,0,0,0,64.0,5760.0,0,0,0,83,eth:ethertype:ip:tcp,29.9,94.9,52.8,160.0,-52.0,a0:a3:b3:ed:ac:1c,,,,,0.0,Normal,0.0
1744303634533402,10.42.0.139,10.42.0.1,50002,1883,33,1,0,1,0,0,1,0,12,0,0,0,0,0.0,0,,0,1,,0,0,0,1,42,4,MQTT,4,0.0,0,0,0,0,0,64.0,5760.0,0,0,esp32_a0a3b3edac1c,66,eth:ethertype:ip:tcp:mqtt,29.9,94.9,52.8,160.0,-52.0,a0:a3:b3:ed:ac:1c,,,,,0.0,Normal,0.0
1744303634568922,10.42.0.139,10.42.0.1,50002,1883,45,5,0,1,0,0,1,0,3,0,0,0,0,0.0,0,,0,0,,0,0,0,0,0,0,0,0,0.0,0,0,0,0,0,64.0,5756.0,0,0,0,57,eth:ethertype:ip:tcp,29.9,94.9,52.8,160.0,-52.0,a0:a3:b3:ed:ac:1c,,,,,0.0,Normal,0.0
1744303634580506,10.42.0.139,10.42.0.1,50002,1883,48,5,0,1,1,0,1,0,185,0,0,0,0,0.0,0,,0,3,"Wakeup: 0, Mode: 0, Reset: 1, Temperature: 38.0, Uptime: 627908, Memory: 94.9, In_Temperature: 52.8°C, CPU: 160, RSSI: -50, MAC: a0:a3:b3:ed:ac:1c, F_Storage: 99.2",test/temperatura,16,0,0,182,0,0,0,0.0,0,0,0,0,0,64.0,5756.0,0,0,0,239,eth:ethertype:ip:tcp:mqtt,38.0,94.9,52.8,160.0,-50.0,a0:a3:b3:ed:ac:1c,,,,,0.0,Normal,0.0
1744303634583956,10.42.0.139,10.42.0.1,50002,1883,234,6,0,1,0,0,0,0,0,0,0,0,0,0.0,0,,0,0,,0,0,0,0,0,0,0,0,0.0,0,0,0,0,0,64.0,5755.0,0,0,0,54,eth:ethertype:ip:tcp,38.0,94.9,52.8,160.0,-50.0,a0:a3:b3:ed:ac:1c,,,,,0.0,Normal,0.0
1744303664588674,10.42.0.139,10.42.0.1,50003,1883,0,0,1,0,0,0,0,0,0,0,0,0,0,0.0,0,,0,0,,0,0,0,0,0,0,0,0,0.0,0,0,0,0,0,64.0,5760.0,0,0,0,58,eth:ethertype:ip:tcp,38.0,94.9,52.8,160.0,-50.0,a0:a3:b3:ed:ac:1c,,,,,0.0,Normal,0.0
1744303664592788,10.42.0.139,10.42.0.1,50003,1883,1,1,0,1,0,0,0,0,0,0,0,0,0,0.0,0,,0,0,,0,0,0,0,0,0,0,0,0.0,0,0,0,0,0,64.0,5760.0,0,0,0,54,eth:ethertype:ip:tcp,38.0,94.9,52.8,160.0,-50.0,a0:a3:b3:ed:ac:1c,,,,,0.0,Normal,0.0
1744303664594631,10.42.0.139,10.42.0.1,50003,1883,1,1,0,1,0,0,1,0,3,0,0,0,0,0.0,0,,0,0,,0,0,0,0,0,0,0,0,0.0,0,0,0,0,0,64.0,5760.0,0,0,0,57,eth:ethertype:ip:tcp,38.0,94.9,52.8,160.0,-50.0,a0:a3:b3:ed:ac:1c,,,,,0.0,Normal,0.0
1744303664598017,10.42.0.139,10.42.0.1,50003,1883,4,1,0,1,0,0,1,0,29,0,0,0,0,0.0,0,,0,0,,0,0,0,0,0,0,0,0,0.0,0,0,0,0,0,64.0,5760.0,0,0,0,83,eth:ethertype:ip:tcp,38.0,94.9,52.8,160.0,-50.0,a0:a3:b3:ed:ac:1c,,,,,0.0,Normal,0.0
1744303664601022,10.42.0.139,10.42.0.1,50003,1883,33,1,0,1,0,0,1,0,12,0,0,0,0,0.0,0,,0,1,,0,0,0,1,42,4,MQTT,4,0.0,0,0,0,0,0,64.0,5760.0,0,0,esp32_a0a3b3edac1c,66,eth:ethertype:ip:tcp:mqtt,38.0,94.9,52.8,160.0,-50.0,a0:a3:b3:ed:ac:1c,,,,,0.0,Normal,0.0
1744303664628519,10.42.0.139,10.42.0.1,50003,1883,45,5,0,1,0,0,0,0,0,0,0,0,0,0.0,0,,0,0,,0,0,0,0,0,0,0,0,0.0,0,0,0,0,0,64.0,5756.0,0,0,0,54,eth:ethertype:ip:tcp,38.0,94.9,52.8,160.0,-50.0,a0:a3:b3:ed:ac:1c,,,,,0.0,Normal,0.0
1744303664639400,10.42.0.139,10.42.0.1,50003,1883,45,5,0,1,0,0,1,0,3,0,0,0,0,0.0,0,,0,0,,0,0,0,0,0,0,0,0,0.0,0,0,0,0,0,64.0,5756.0,0,0,0,57,eth:ethertype:ip:tcp,38.0,94.9,52.8,160.0,-50.0,a0:a3:b3:ed:ac:1c,,,,,0.0,Normal,0.0
1744303664649416,10.42.0.139,10.42.0.1,50003,1883,48,5,0,1,1,0,1,0,185,0,0,0,0,0.0,0,,0,3,"Wakeup: 0, Mode: 0, Reset: 1, Temperature: 36.1, Uptime: 627939, Memory: 94.9, In_Temperature: 52.8°C, CPU: 160, RSSI: -45, MAC: a0:a3:b3:ed:ac:1c, F_Storage: 99.2",test/temperatura,16,0,0,182,0,0,0,0.0,0,0,0,0,0,64.0,5756.0,0,0,0,239,eth:ethertype:ip:tcp:mqtt,36.1,94.9,52.8,160.0,-45.0,a0:a3:b3:ed:ac:1c,,,,,0.0,Normal,0.0
1744303664652814,10.42.0.139,10.42.0.1,50003,1883,234,6,0,1,0,0,0,0,0,0,0,0,0,0.0,0,,0,0,,0,0,0,0,0,0,0,0,0.0,0,0,0,0,0,64.0,5755.0,0,0,0,54,eth:ethertype:ip:tcp,36.1,94.9,52.8,160.0,-45.0,a0:a3:b3:ed:ac:1c,,,,,0.0,Normal,0.0
1744303694658534,10.42.0.139,10.42.0.1,50004,1883,0,0,1,0,0,0,0,0,0,0,0,0,0,0.0,0,,0,0,,0,0,0,0,0,0,0,0,0.0,0,0,0,0,0,64.0,5760.0,0,0,0,58,eth:ethertype:ip:tcp,36.1,94.9,52.8,160.0,-45.0,a0:a3:b3:ed:ac:1c,,,,,0.0,Normal,0.0
1744303694662629,10.42.0.139,10.42.0.1,50004,1883,1,1,0,1,0,0,0,0,0,0,0,0,0,0.0,0,,0,0,,0,0,0,0,0,0,0,0,0.0,0,0,0,0,0,64.0,5760.0,0,0,0,54,eth:ethertype:ip:tcp,36.1,94.9,52.8,160.0,-45.0,a0:a3:b3:ed:ac:1c,,,,,0.0,Normal,0.0
1744303694664686,10.42.0.139,10.42.0.1,50004,1883,1,1,0,1,0,0,1,0,3,0,0,0,0,0.0,0,,0,0,,0,0,0,0,0,0,0,0,0.0,0,0,0,0,0,64.0,5760.0,0,0,0,57,eth:ethertype:ip:tcp,36.1,94.9,52.8,160.0,-45.0,a0:a3:b3:ed:ac:1c,,,,,0.0,Normal,0.0
1744303694668113,10.42.0.139,10.42.0.1,50004,1883,4,1,0,1,0,0,1,0,29,0,0,0,0,0.0,0,,0,0,,0,0,0,0,0,0,0,0,0.0,0,0,0,0,0,64.0,5760.0,0,0,0,83,eth:ethertype:ip:tcp,36.1,94.9,52.8,160.0,-45.0,a0:a3:b3:ed:ac:1c,,,,,0.0,Normal,0.0
1744303694671212,10.42.0.139,10.42.0.1,50004,1883,33,1,0,1,0,0,1,0,12,0,0,0,0,0.0,0,,0,1,,0,0,0,1,42,4,MQTT,4,0.0,0,0,0,0,0,64.0,5760.0,0,0,esp32_a0a3b3edac1c,66,eth:ethertype:ip:tcp:mqtt,36.1,94.9,52.8,160.0,-45.0,a0:a3:b3:ed:ac:1c,,,,,0.0,Normal,0.0
1744303694707253,10.42.0.139,10.42.0.1,50004,1883,45,5,0,1,0,0,1,0,3,0,0,0,0,0.0,0,,0,0,,0,0,0,0,0,0,0,0,0.0,0,0,0,0,0,64.0,5756.0,0,0,0,57,eth:ethertype:ip:tcp,36.1,94.9,52.8,160.0,-45.0,a0:a3:b3:ed:ac:1c,,,,,0.0,Normal,0.0
1744303694718819,10.42.0.139,10.42.0.1,50004,1883,48,5,0,1,1,0,1,0,185,0,0,0,0,0.0,0,,0,3,"Wakeup: 0, Mode: 0, Reset: 1, Temperature: 31.5, Uptime: 627969, Memory: 94.9, In_Temperature: 52.2°C, CPU: 160, RSSI: -48, MAC: a0:a3:b3:ed:ac:1c, F_Storage: 99.2",test/temperatura,16,0,0,182,0,0,0,0.0,0,0,0,0,0,64.0,5756.0,0,0,0,239,eth:ethertype:ip:tcp:mqtt,31.5,94.9,52.2,160.0,-48.0,a0:a3:b3:ed:ac:1c,,,,,0.0,Normal,0.0
1744303694726302,10.42.0.139,10.42.0.1,50004,1883,234,6,0,1,0,0,0,0,0,0,0,0,0,0.0,0,,0,0,,0,0,0,0,0,0,0,0,0.0,0,0,0,0,0,64.0,5755.0,0,0,0,54,eth:ethertype:ip:tcp,31.5,94.9,52.2,160.0,-48.0,a0:a3:b3:ed:ac:1c,,,,,0.0,Normal,0.0
1744303724729469,10.42.0.139,10.42.0.1,50005,1883,0,0,1,0,0,0,0,0,0,0,0,0,0,0.0,0,,0,0,,0,0,0,0,0,0,0,0,0.0,0,0,0,0,0,64.0,5760.0,0,0,0,58,eth:ethertype:ip:tcp,31.5,94.9,52.2,160.0,-48.0,a0:a3:b3:ed:ac:1c,,,,,0.0,Normal,0.0
1744303724733519,10.42.0.139,10.42.0.1,50005,1883,1,1,0,1,0,0,0,0,0,0,0,0,0,0.0,0,,0,0,,0,0,0,0,0,0,0,0,0.0,0,0,0,0,0,64.0,5760.0,0,0,0,54,eth:ethertype:ip:tcp,31.5,94.9,52.2,160.0,-48.0,a0:a3:b3:ed:ac:1c,,,,,0.0,Normal,0.0
1744303724735623,10.42.0.139,10.42.0.1,50005,1883,1,1,0,1,0,0,1,0,3,0,0,0,0,0.0,0,,0,0,,0,0,0,0,0,0,0,0,0.0,0,0,0,0,0,64.0,5760.0,0,0,0,57,eth:ethertype:ip:tcp,31.5,94.9,52.2,160.0,-48.0,a0:a3:b3:ed:ac:1c,,,,,0.0,Normal,0.0
1744303724739024,10.42.0.139,10.42.0.1,50005,1883,4,1,0,1,0,0,1,0,29,0,0,0,0,0.0,0,,0,0,,0,0,0,0,0,0,0,0,0.0,0,0,0,0,0,64.0,5760.0,0,0,0,83,eth:ethertype:ip:tcp,31.5,94.9,52.2,160.0,-48.0,a0:a3:b3:ed:ac:1c,,,,,0.0,Normal,0.0
1744303724742119,10.42.0.139,10.42.0.1,50005,1883,33,1,0,1,0,0,1,0,12,0,0,0,0,0.0,0,,0,1,,0,0,0,1,42,4,MQTT,4,0.0,0,0,0,0,0,64.0,5760.0,0,0,esp32_a0a3b3edac1c,66,eth:ethertype:ip:tcp:mqtt,31.5,94.9,52.2,160.0,-48.0,a0:a3:b3:ed:ac:1c,,,,,0.0,Normal,0.0
1744303724777370,10.42.0.139,10.42.0.1,50005,1883,45,5,0,1,0,0,1,0,3,0,0,0,0,0.0,0,,0,0,,0,0,0,0,0,0,0,0,0.0,0,0,0,0,0,64.0,5756.0,0,0,0,57,eth:ethertype:ip:tcp,31.5,94.9,52.2,160.0,-48.0,a0:a3:b3:ed:ac:1c,,,,,0.0,Normal,0.0
1744303724788672,10.42.0.139,10.42.0.1,50005,1883,48,5,0,1,1,0,1,0,185,0,0,0,0,0.0,0,,0,3,"Wakeup: 0, Mode: 0, Reset: 1, Temperature: 37.1, Uptime: 627999, Memory: 94.9, In_Temperature: 52.2°C, CPU: 160, RSSI: -50, MAC: a0:a3:b3:ed:ac:1c, F_Storage: 99.2",test/temperatura,16,0,0,182,0,0,0,0.0,0,0,0,0,0,64.0,5756.0,0,0,0,239,eth:ethertype:ip:tcp:mqtt,37.1,94.9,52.2,160.0,-50.0,a0:a3:b3:ed:ac:1c,,,,,0.0,Normal,0.0
1744303724793218,10.42.0.139,10.42.0.1,50005,1883,234,6,0,1,0,0,0,0,0,0,0,0,0,0.0,0,,0,0,,0,0,0,0,0,0,0,0,0.0,0,0,0,0,0,64.0,5755.0,0,0,0,54,eth:ethertype:ip:tcp,37.1,94.9,52.2,160.0,-50.0,a0:a3:b3:ed:ac:1c,,,,,0.0,Normal,0.0
1744303754797176,10.42.0.139,10.42.0.1,50006,1883,0,0,1,0,0,0,0,0,0,0,0,0,0,0.0,0,,0,0,,0,0,0,0,0,0,0,0,0.0,0,0,0,0,0,64.0,5760.0,0,0,0,58,eth:ethertype:ip:tcp,37.1,94.9,52.2,160.0,-50.0,a0:a3:b3:ed:ac:1c,,,,,0.0,Normal,0.0
1744303754801164,10.42.0.139,10.42.0.1,50006,1883,1,1,0,1,0,0,0,0,0,0,0,0,0,0.0,0,,0,0,,0,0,0,0,0,0,0,0,0.0,0,0,0,0,0,64.0,5760.0,0,0,0,54,eth:ethertype:ip:tcp,37.1,94.9,52.2,160.0,-50.0,a0:a3:b3:ed:ac:1c,,,,,0.0,Normal,0.0
1744303754803255,10.42.0.139,10.42.0.1,50006,1883,1,1,0,1,0,0,1,0,3,0,0,0,0,0.0,0,,0,0,,0,0,0,0,0,0,0,0,0.0,0,0,0,0,0,64.0,5760.0,0,0,0,57,eth:ethertype:ip:tcp,37.1,94.9,52.2,160.0,-50.0,a0:a3:b3:ed:ac:1c,,,,,0.0,Normal,0.0
1744303754806618,10.42.0.139,10.42.0.1,50006,1883,4,1,0,1,0,0,1,0,29,0,0,0,0,0.0,0,,0,0,,0,0,0,0,0,0,0,0,0.0,0,0,0,0,0,64.0,5760.0,0,0,0,83,eth:ethertype:ip:tcp,37.1,94.9,52.2,160.0,-50.0,a0:a3:b3:ed:ac:1c,,,,,0.0,Normal,0.0
1744303754810431,10.42.0.139,10.42.0.1,50006,1883,33,1,0,1,0,0,1,0,2,0,0,0,0,0.0,0,,0,0,,0,0,0,0,0,0,0,0,0.0,0,0,0,0,0,64.0,5760.0,0,0,0,56,eth:ethertype:ip:tcp,37.1,94.9,52.2,160.0,-50.0,a0:a3:b3:ed:ac:1c,,,,,0.0,Normal,0.0
1744303754814449,10.42.0.139,10.42.0.1,50006,1883,35,1,0,1,0,0,1,0,4,0,0,0,0,0.0,0,,0,0,,0,0,0,0,0,0,0,0,0.0,0,0,0,0,0,64.0,5760.0,0,0,0,58,eth:ethertype:ip:tcp,37.1,94.9,52.2,160.0,-50.0,a0:a3:b3:ed:ac:1c,,,,,0.0,Normal,0.0
1744303754817664,10.42.0.139,10.42.0.1,50006,1883,39,1,0,1,0,0,1,0,2,0,0,0,0,0.0,0,,0,0,,0,0,0,0,0,0,0,0,0.0,0,0,0,0,0,64.0,5760.0,0,0,0,56,eth:ethertype:ip:tcp,37.1,94.9,52.2,160.0,-50.0,a0:a3:b3:ed:ac:1c,,,,,0.0,Normal,0.0
1744303754820451,10.42.0.139,10.42.0.1,50006,1883,41,1,0,1,0,0,1,0,4,0,0,0,0,0.0,0,,0,1,,0,0,0,1,42,4,MQTT,4,0.0,0,0,0,0,0,64.0,5760.0,0,0,esp32_a0a3b3edac1c,58,eth:ethertype:ip:tcp:mqtt,37.1,94.9,52.2,160.0,-50.0,a0:a3:b3:ed:ac:1c,,,,,0.0,Normal,0.0
1744303754856130,10.42.0.139,10.42.0.1,50006,1883,45,5,0,1,0,0,1,0,3,0,0,0,0,0.0,0,,0,0,,0,0,0,0,0,0,0,0,0.0,0,0,0,0,0,64.0,5756.0,0,0,0,57,eth:ethertype:ip:tcp,37.1,94.9,52.2,160.0,-50.0,a0:a3:b3:ed:ac:1c,,,,,0.0,Normal,0.0
1744303754867733,10.42.0.139,10.42.0.1,50006,1883,48,5,0,1,1,0,1,0,185,0,0,0,0,0.0,0,,0,3,"Wakeup: 0, Mode: 0, Reset: 1, Temperature: 35.2, Uptime: 628029, Memory: 94.9, In_Temperature: 52.8°C, CPU: 160, RSSI: -50, MAC: a0:a3:b3:ed:ac:1c, F_Storage: 99.2",test/temperatura,16,0,0,182,0,0,0,0.0,0,0,0,0,0,64.0,5756.0,0,0,0,239,eth:ethertype:ip:tcp:mqtt,35.2,94.9,52.8,160.0,-50.0,a0:a3:b3:ed:ac:1c,,,,,0.0,Normal,0.0
1744303754871274,10.42.0.139,10.42.0.1,50006,1883,234,6,0,1,0,0,0,0,0,0,0,0,0,0.0,0,,0,0,,0,0,0,0,0,0,0,0,0.0,0,0,0,0,0,64.0,5755.0,0,0,0,54,eth:ethertype:ip:tcp,35.2,94.9,52.8,160.0,-50.0,a0:a3:b3:ed:ac:1c,,,,,0.0,Normal,0.0
1744303784876554,10.42.0.139,10.42.0.1,50007,1883,0,0,1,0,0,0,0,0,0,0,0,0,0,0.0,0,,0,0,,0,0,0,0,0,0,0,0,0.0,0,0,0,0,0,64.0,5760.0,0,0,0,58,eth:ethertype:ip:tcp,35.2,94.9,52.8,160.0,-50.0,a0:a3:b3:ed:ac:1c,,,,,0.0,Normal,0.0
1744303784880511,10.42.0.139,10.42.0.1,50007,1883,1,1,0,1,0,0,0,0,0,0,0,0,0,0.0,0,,0,0,,0,0,0,0,0,0,0,0,0.0,0,0,0,0,0,64.0,5760.0,0,0,0,54,eth:ethertype:ip:tcp,35.2,94.9,52.8,160.0,-50.0,a0:a3:b3:ed:ac:1c,,,,,0.0,Normal,0.0
1744303784882668,10.42.0.139,10.42.0.1,50007,1883,1,1,0,1,0,0,1,0,3,0,0,0,0,0.0,0,,0,0,,0,0,0,0,0,0,0,0,0.0,0,0,0,0,0,64.0,5760.0,0,0,0,57,eth:ethertype:ip:tcp,35.2,94.9,52.8,160.0,-50.0,a0:a3:b3:ed:ac:1c,,,,,0.0,Normal,0.0
1744303784886131,10.42.0.139,10.42.0.1,50007,1883,4,1,0,1,0,0,1,0,29,0,0,0,0,0.0,0,,0,0,,0,0,0,0,0,0,0,0,0.0,0,0,0,0,0,64.0,5760.0,0,0,0,83,eth:ethertype:ip:tcp,35.2,94.9,52.8,160.0,-50.0,a0:a3:b3:ed:ac:1c,,,,,0.0,Normal,0.0
1744303784889188,10.42.0.139,10.42.0.1,50007,1883,33,1,0,1,0,0,1,0,12,0,0,0,0,0.0,0,,0,1,,0,0,0,1,42,4,MQTT,4,0.0,0,0,0,0,0,64.0,5760.0,0,0,esp32_a0a3b3edac1c,66,eth:ethertype:ip:tcp:mqtt,35.2,94.9,52.8,160.0,-50.0,a0:a3:b3:ed:ac:1c,,,,,0.0,Normal,0.0
1744303784925135,10.42.0.139,10.42.0.1,50007,1883,45,5,0,1,0,0,1,0,3,0,0,0,0,0.0,0,,0,0,,0,0,0,0,0,0,0,0,0.0,0,0,0,0,0,64.0,5756.0,0,0,0,57,eth:ethertype:ip:tcp,35.2,94.9,52.8,160.0,-50.0,a0:a3:b3:ed:ac:1c,,,,,0.0,Normal,0.0
1744303784941530,10.42.0.139,10.42.0.1,50007,1883,48,5,0,1,1,0,1,0,185,0,0,0,0,0.0,0,,0,3,"Wakeup: 0, Mode: 0, Reset: 1, Temperature: 39.6, Uptime: 628059, Memory: 94.9, In_Temperature: 52.8°C, CPU: 160, RSSI: -50, MAC: a0:a3:b3:ed:ac:1c, F_Storage: 99.2",test/temperatura,16,0,0,182,0,0,0,0.0,0,0,0,0,0,64.0,5756.0,0,0,0,239,eth:ethertype:ip:tcp:mqtt,39.6,94.9,52.8,160.0,-50.0,a0:a3:b3:ed:ac:1c,,,,,0.0,Normal,0.0
1744303784947595,10.42.0.139,10.42.0.1,50007,1883,234,6,0,1,0,0,0,0,0,0,0,0,0,0.0,0,,0,0,,0,0,0,0,0,0,0,0,0.0,0,0,0,0,0,64.0,5755.0,0,0,0,54,eth:ethertype:ip:tcp,39.6,94.9,52.8,160.0,-50.0,a0:a3:b3:ed:ac:1c,,,,,0.0,Normal,0.0
1744303814946621,10.42.0.139,10.42.0.1,50008,1883,0,0,1,0,0,0,0,0,0,0,0,0,0,0.0,0,,0,0,,0,0,0,0,0,0,0,0,0.0,0,0,0,0,0,64.0,5760.0,0,0,0,58,eth:ethertype:ip:tcp,39.6,94.9,52.8,160.0,-50.0,a0:a3:b3:ed:ac:1c,,,,,0.0,Normal,0.0
1744303814950645,10.42.0.139,10.42.0.1,50008,1883,1,1,0,1,0,0,0,0,0,0,0,0,0,0.0,0,,0,0,,0,0,0,0,0,0,0,0,0.0,0,0,0,0,0,64.0,5760.0,0,0,0,54,eth:ethertype:ip:tcp,39.6,94.9,52.8,160.0,-50.0,a0:a3:b3:ed:ac:1c,,,,,0.0,Normal,0.0
1744303814952820,10.42.0.139,10.42.0.1,50008,1883,1,1,0,1,0,0,1,0,3,0,0,0,0,0.0,0,,0,0,,0,0,0,0,0,0,0,0,0.0,0,0,0,0,0,64.0,5760.0,0,0,0,57,eth:ethertype:ip:tcp,39.6,94.9,52.8,160.0,-50.0,a0:a3:b3:ed:ac:1c,,,,,0.0,Normal,0.0
1744303814956303,10.42.0.139,10.42.0.1,50008,1883,4,1,0,1,0,0,1,0,29,0,0,0,0,0.0,0,,0,0,,0,0,0,0,0,0,0,0,0.0,0,0,0,0,0,64.0,5760.0,0,0,0,83,eth:ethertype:ip:tcp,39.6,94.9,52.8,160.0,-50.0,a0:a3:b3:ed:ac:1c,,,,,0.0,Normal,0.0
1744303814959846,10.42.0.139,10.42.0.1,50008,1883,33,1,0,1,0,0,1,0,12,0,0,0,0,0.0,0,,0,1,,0,0,0,1,42,4,MQTT,4,0.0,0,0,0,0,0,64.0,5760.0,0,0,esp32_a0a3b3edac1c,66,eth:ethertype:ip:tcp:mqtt,39.6,94.9,52.8,160.0,-50.0,a0:a3:b3:ed:ac:1c,,,,,0.0,Normal,0.0
1744303814995160,10.42.0.139,10.42.0.1,50008,1883,45,5,0,1,0,0,1,0,3,0,0,0,0,0.0,0,,0,0,,0,0,0,0,0,0,0,0,0.0,0,0,0,0,0,64.0,5756.0,0,0,0,57,eth:ethertype:ip:tcp,39.6,94.9,52.8,160.0,-50.0,a0:a3:b3:ed:ac:1c,,,,,0.0,Normal,0.0
1744303815008012,10.42.0.139,10.42.0.1,50008,1883,48,5,0,1,1,0,1,0,185,0,0,0,0,0.0,0,,0,3,"Wakeup: 0, Mode: 0, Reset: 1, Temperature: 38.0, Uptime: 628089, Memory: 94.9, In_Temperature: 52.8°C, CPU: 160, RSSI: -50, MAC: a0:a3:b3:ed:ac:1c, F_Storage: 99.2",test/temperatura,16,0,0,182,0,0,0,0.0,0,0,0,0,0,64.0,5756.0,0,0,0,239,eth:ethertype:ip:tcp:mqtt,38.0,94.9,52.8,160.0,-50.0,a0:a3:b3:ed:ac:1c,,,,,0.0,Normal,0.0
1744303815011284,10.42.0.139,10.42.0.1,50008,1883,234,6,0,1,0,0,0,0,0,0,0,0,0,0.0,0,,0,0,,0,0,0,0,0,0,0,0,0.0,0,0,0,0,0,64.0,5755.0,0,0,0,54,eth:ethertype:ip:tcp,38.0,94.9,52.8,160.0,-50.0,a0:a3:b3:ed:ac:1c,,,,,0.0,Normal,0.0
1744303845014202,10.42.0.139,10.42.0.1,50009,1883,0,0,1,0,0,0,0,0,0,0,0,0,0,0.0,0,,0,0,,0,0,0,0,0,0,0,0,0.0,0,0,0,0,0,64.0,5760.0,0,0,0,58,eth:ethertype:ip:tcp,38.0,94.9,52.8,160.0,-50.0,a0:a3:b3:ed:ac:1c,,,,,0.0,Normal,0.0
1744303845017969,10.42.0.139,10.42.0.1,50009,1883,1,1,0,1,0,0,0,0,0,0,0,0,0,0.0,0,,0,0,,0,0,0,0,0,0,0,0,0.0,0,0,0,0,0,64.0,5760.0,0,0,0,54,eth:ethertype:ip:tcp,38.0,94.9,52.8,160.0,-50.0,a0:a3:b3:ed:ac:1c,,,,,0.0,Normal,0.0
1744303845020422,10.42.0.139,10.42.0.1,50009,1883,1,1,0,1,0,0,1,0,3,0,0,0,0,0.0,0,,0,0,,0,0,0,0,0,0,0,0,0.0,0,0,0,0,0,64.0,5760.0,0,0,0,57,eth:ethertype:ip:tcp,38.0,94.9,52.8,160.0,-50.0,a0:a3:b3:ed:ac:1c,,,,,0.0,Normal,0.0
1744303845023807,10.42.0.139,10.42.0.1,50009,1883,4,1,0,1,0,0,1,0,29,0,0,0,0,0.0,0,,0,0,,0,0,0,0,0,0,0,0,0.0,0,0,0,0,0,64.0,5760.0,0,0,0,83,eth:ethertype:ip:tcp,38.0,94.9,52.8,160.0,-50.0,a0:a3:b3:ed:ac:1c,,,,,0.0,Normal,0.0
1744303845026971,10.42.0.139,10.42.0.1,50009,1883,33,1,0,1,0,0,1,0,12,0,0,0,0,0.0,0,,0,1,,0,0,0,1,42,4,MQTT,4,0.0,0,0,0,0,0,64.0,5760.0,0,0,esp32_a0a3b3edac1c,66,eth:ethertype:ip:tcp:mqtt,38.0,94.9,52.8,160.0,-50.0,a0:a3:b3:ed:ac:1c,,,,,0.0,Normal,0.0
1744303845063154,10.42.0.139,10.42.0.1,50009,1883,45,5,0,1,0,0,1,0,3,0,0,0,0,0.0,0,,0,0,,0,0,0,0,0,0,0,0,0.0,0,0,0,0,0,64.0,5756.0,0,0,0,57,eth:ethertype:ip:tcp,38.0,94.9,52.8,160.0,-50.0,a0:a3:b3:ed:ac:1c,,,,,0.0,Normal,0.0
1744303845075468,10.42.0.139,10.42.0.1,50009,1883,48,5,0,1,1,0,1,0,185,0,0,0,0,0.0,0,,0,3,"Wakeup: 0, Mode: 0, Reset: 1, Temperature: 32.3, Uptime: 628119, Memory: 94.9, In_Temperature: 52.8°C, CPU: 160, RSSI: -50, MAC: a0:a3:b3:ed:ac:1c, F_Storage: 99.2",test/temperatura,16,0,0,182,0,0,0,0.0,0,0,0,0,0,64.0,5756.0,0,0,0,239,eth:ethertype:ip:tcp:mqtt,32.3,94.9,52.8,160.0,-50.0,a0:a3:b3:ed:ac:1c,,,,,0.0,Normal,0.0
1744303845079023,10.42.0.139,10.42.0.1,50009,1883,234,6,0,1,0,0,0,0,0,0,0,0,0,0.0,0,,0,0,,0,0,0,0,0,0,0,0,0.0,0,0,0,0,0,64.0,5755.0,0,0,0,54,eth:ethertype:ip:tcp,32.3,94.9,52.8,160.0,-50.0,a0:a3:b3:ed:ac:1c,,,,,0.0,Normal,0.0
1744303875084378,10.42.0.139,10.42.0.1,50010,1883,0,0,1,0,0,0,0,0,0,0,0,0,0,0.0,0,,0,0,,0,0,0,0,0,0,0,0,0.0,0,0,0,0,0,64.0,5760.0,0,0,0,58,eth:ethertype:ip:tcp,32.3,94.9,52.8,160.0,-50.0,a0:a3:b3:ed:ac:1c,,,,,0.0,Normal,0.0
1744303875088392,10.42.0.139,10.42.0.1,50010,1883,1,1,0,1,0,0,0,0,0,0,0,0,0,0.0,0,,0,0,,0,0,0,0,0,0,0,0,0.0,0,0,0,0,0,64.0,5760.0,0,0,0,54,eth:ethertype:ip:tcp,32.3,94.9,52.8,160.0,-50.0,a0:a3:b3:ed:ac:1c,,,,,0.0,Normal,0.0
1744303875090442,10.42.0.139,10.42.0.1,50010,1883,1,1,0,1,0,0,1,0,3,0,0,0,0,0.0,0,,0,0,,0,0,0,0,0,0,0,0,0.0,0,0,0,0,0,64.0,5760.0,0,0,0,57,eth:ethertype:ip:tcp,32.3,94.9,52.8,160.0,-50.0,a0:a3:b3:ed:ac:1c,,,,,0.0,Normal,0.0
1744303875093912,10.42.0.139,10.42.0.1,50010,1883,4,1,0,1,0,0,1,0,29,0,0,0,0,0.0,0,,0,0,,0,0,0,0,0,0,0,0,0.0,0,0,0,0,0,64.0,5760.0,0,0,0,83,eth:ethertype:ip:tcp,32.3,94.9,52.8,160.0,-50.0,a0:a3:b3:ed:ac:1c,,,,,0.0,Normal,0.0
1744303875097146,10.42.0.139,10.42.0.1,50010,1883,33,1,0,1,0,0,1,0,12,0,0,0,0,0.0,0,,0,1,,0,0,0,1,42,4,MQTT,4,0.0,0,0,0,0,0,64.0,5760.0,0,0,esp32_a0a3b3edac1c,66,eth:ethertype:ip:tcp:mqtt,32.3,94.9,52.8,160.0,-50.0,a0:a3:b3:ed:ac:1c,,,,,0.0,Normal,0.0
1744303875120283,10.42.0.139,10.42.0.1,50010,1883,45,5,0,1,0,0,0,0,0,0,0,0,0,0.0,0,,0,0,,0,0,0,0,0,0,0,0,0.0,0,0,0,0,0,64.0,5756.0,0,0,0,54,eth:ethertype:ip:tcp,32.3,94.9,52.8,160.0,-50.0,a0:a3:b3:ed:ac:1c,,,,,0.0,Normal,0.0
1744303875133621,10.42.0.139,10.42.0.1,50010,1883,45,5,0,1,0,0,1,0,3,0,0,0,0,0.0,0,,0,0,,0,0,0,0,0,0,0,0,0.0,0,0,0,0,0,64.0,5756.0,0,0,0,57,eth:ethertype:ip:tcp,32.3,94.9,52.8,160.0,-50.0,a0:a3:b3:ed:ac:1c,,,,,0.0,Normal,0.0
1744303875144780,10.42.0.139,10.42.0.1,50010,1883,48,5,0,1,1,0,1,0,185,0,0,0,0,0.0,0,,0,3,"Wakeup: 0, Mode: 0, Reset: 1, Temperature: 25.5, Uptime: 628149, Memory: 94.9, In_Temperature: 52.2°C, CPU: 160, RSSI: -48, MAC: a0:a3:b3:ed:ac:1c, F_Storage: 99.2",test/temperatura,16,0,0,182,0,0,0,0.0,0,0,0,0,0,64.0,5756.0,0,0,0,239,eth:ethertype:ip:tcp:mqtt,25.5,94.9,52.2,160.0,-48.0,a0:a3:b3:ed:ac:1c,,,,,0.0,Normal,0.0
1744303875148215,10.42.0.139,10.42.0.1,50010,1883,234,6,0,1,0,0,0,0,0,0,0,0,0,0.0,0,,0,0,,0,0,0,0,0,0,0,0,0.0,0,0,0,0,0,64.0,5755.0,0,0,0,54,eth:ethertype:ip:tcp,25.5,94.9,52.2,160.0,-48.0,a0:a3:b3:ed:ac:1c,,,,,0.0,Normal,0.0
1744303905153765,10.42.0.139,10.42.0.1,50011,1883,0,0,1,0,0,0,0,0,0,0,0,0,0,0.0,0,,0,0,,0,0,0,0,0,0,0,0,0.0,0,0,0,0,0,64.0,5760.0,0,0,0,58,eth:ethertype:ip:tcp,25.5,94.9,52.2,160.0,-48.0,a0:a3:b3:ed:ac:1c,,,,,0.0,Normal,0.0
1744303905161971,10.42.0.139,10.42.0.1,50011,1883,1,1,0,1,0,0,0,0,0,0,0,0,0,0.0,0,,0,0,,0,0,0,0,0,0,0,0,0.0,0,0,0,0,0,64.0,5760.0,0,0,0,54,eth:ethertype:ip:tcp,25.5,94.9,52.2,160.0,-48.0,a0:a3:b3:ed:ac:1c,,,,,0.0,Normal,0.0
1744303905164031,10.42.0.139,10.42.0.1,50011,1883,1,1,0,1,0,0,1,0,3,0,0,0,0,0.0,0,,0,0,,0,0,0,0,0,0,0,0,0.0,0,0,0,0,0,64.0,5760.0,0,0,0,57,eth:ethertype:ip:tcp,25.5,94.9,52.2,160.0,-48.0,a0:a3:b3:ed:ac:1c,,,,,0.0,Normal,0.0
1744303905167545,10.42.0.139,10.42.0.1,50011,1883,4,1,0,1,0,0,1,0,29,0,0,0,0,0.0,0,,0,0,,0,0,0,0,0,0,0,0,0.0,0,0,0,0,0,64.0,5760.0,0,0,0,83,eth:ethertype:ip:tcp,25.5,94.9,52.2,160.0,-48.0,a0:a3:b3:ed:ac:1c,,,,,0.0,Normal,0.0
1744303905170748,10.42.0.139,10.42.0.1,50011,1883,33,1,0,1,0,0,1,0,12,0,0,0,0,0.0,0,,0,1,,0,0,0,1,42,4,MQTT,4,0.0,0,0,0,0,0,64.0,5760.0,0,0,esp32_a0a3b3edac1c,66,eth:ethertype:ip:tcp:mqtt,25.5,94.9,52.2,160.0,-48.0,a0:a3:b3:ed:ac:1c,,,,,0.0,Normal,0.0
1744303905206055,10.42.0.139,10.42.0.1,50011,1883,45,5,0,1,0,0,1,0,3,0,0,0,0,0.0,0,,0,0,,0,0,0,0,0,0,0,0,0.0,0,0,0,0,0,64.0,5756.0,0,0,0,57,eth:ethertype:ip:tcp,25.5,94.9,52.2,160.0,-48.0,a0:a3:b3:ed:ac:1c,,,,,0.0,Normal,0.0
1744303905224287,10.42.0.139,10.42.0.1,50011,1883,48,5,0,1,1,0,1,0,185,0,0,0,0,0.0,0,,0,3,"Wakeup: 0, Mode: 0, Reset: 1, Temperature: 39.0, Uptime: 628179, Memory: 94.9, In_Temperature: 52.8°C, CPU: 160, RSSI: -48, MAC: a0:a3:b3:ed:ac:1c, F_Storage: 99.2",test/temperatura,16,0,0,182,0,0,0,0.0,0,0,0,0,0,64.0,5756.0,0,0,0,239,eth:ethertype:ip:tcp:mqtt,39.0,94.9,52.8,160.0,-48.0,a0:a3:b3:ed:ac:1c,,,,,0.0,Normal,0.0
1744303905227754,10.42.0.139,10.42.0.1,50011,1883,234,6,0,1,0,0,0,0,0,0,0,0,0,0.0,0,,0,0,,0,0,0,0,0,0,0,0,0.0,0,0,0,0,0,64.0,5755.0,0,0,0,54,eth:ethertype:ip:tcp,39.0,94.9,52.8,160.0,-48.0,a0:a3:b3:ed:ac:1c,,,,,0.0,Normal,0.0
1744303935233118,10.42.0.139,10.42.0.1,50012,1883,0,0,1,0,0,0,0,0,0,0,0,0,0,0.0,0,,0,0,,0,0,0,0,0,0,0,0,0.0,0,0,0,0,0,64.0,5760.0,0,0,0,58,eth:ethertype:ip:tcp,39.0,94.9,52.8,160.0,-48.0,a0:a3:b3:ed:ac:1c,,,,,0.0,Normal,0.0
1744303935237179,10.42.0.139,10.42.0.1,50012,1883,1,1,0,1,0,0,0,0,0,0,0,0,0,0.0,0,,0,0,,0,0,0,0,0,0,0,0,0.0,0,0,0,0,0,64.0,5760.0,0,0,0,54,eth:ethertype:ip:tcp,39.0,94.9,52.8,160.0,-48.0,a0:a3:b3:ed:ac:1c,,,,,0.0,Normal,0.0
1744303935239222,10.42.0.139,10.42.0.1,50012,1883,1,1,0,1,0,0,1,0,3,0,0,0,0,0.0,0,,0,0,,0,0,0,0,0,0,0,0,0.0,0,0,0,0,0,64.0,5760.0,0,0,0,57,eth:ethertype:ip:tcp,39.0,94.9,52.8,160.0,-48.0,a0:a3:b3:ed:ac:1c,,,,,0.0,Normal,0.0
1744303935242635,10.42.0.139,10.42.0.1,50012,1883,4,1,0,1,0,0,1,0,29,0,0,0,0,0.0,0,,0,0,,0,0,0,0,0,0,0,0,0.0,0,0,0,0,0,64.0,5760.0,0,0,0,83,eth:ethertype:ip:tcp,39.0,94.9,52.8,160.0,-48.0,a0:a3:b3:ed:ac:1c,,,,,0.0,Normal,0.0
1744303935245670,10.42.0.139,10.42.0.1,50012,1883,33,1,0,1,0,0,1,0,12,0,0,0,0,0.0,0,,0,1,,0,0,0,1,42,4,MQTT,4,0.0,0,0,0,0,0,64.0,5760.0,0,0,esp32_a0a3b3edac1c,66,eth:ethertype:ip:tcp:mqtt,39.0,94.9,52.8,160.0,-48.0,a0:a3:b3:ed:ac:1c,,,,,0.0,Normal,0.0
1744303935281487,10.42.0.139,10.42.0.1,50012,1883,45,5,0,1,0,0,1,0,3,0,0,0,0,0.0,0,,0,0,,0,0,0,0,0,0,0,0,0.0,0,0,0,0,0,64.0,5756.0,0,0,0,57,eth:ethertype:ip:tcp,39.0,94.9,52.8,160.0,-48.0,a0:a3:b3:ed:ac:1c,,,,,0.0,Normal,0.0
1744303935293326,10.42.0.139,10.42.0.1,50012,1883,48,5,0,1,1,0,1,0,185,0,0,0,0,0.0,0,,0,3,"Wakeup: 0, Mode: 0, Reset: 1, Temperature: 29.8, Uptime: 628209, Memory: 94.9, In_Temperature: 52.8°C, CPU: 160, RSSI: -48, MAC: a0:a3:b3:ed:ac:1c, F_Storage: 99.2",test/temperatura,16,0,0,182,0,0,0,0.0,0,0,0,0,0,64.0,5756.0,0,0,0,239,eth:ethertype:ip:tcp:mqtt,29.8,94.9,52.8,160.0,-48.0,a0:a3:b3:ed:ac:1c,,,,,0.0,Normal,0.0
1744303935296900,10.42.0.139,10.42.0.1,50012,1883,234,6,0,1,0,0,0,0,0,0,0,0,0,0.0,0,,0,0,,0,0,0,0,0,0,0,0,0.0,0,0,0,0,0,64.0,5755.0,0,0,0,54,eth:ethertype:ip:tcp,29.8,94.9,52.8,160.0,-48.0,a0:a3:b3:ed:ac:1c,,,,,0.0,Normal,0.0
1744303965302359,10.42.0.139,10.42.0.1,50013,1883,0,0,1,0,0,0,0,0,0,0,0,0,0,0.0,0,,0,0,,0,0,0,0,0,0,0,0,0.0,0,0,0,0,0,64.0,5760.0,0,0,0,58,eth:ethertype:ip:tcp,29.8,94.9,52.8,160.0,-48.0,a0:a3:b3:ed:ac:1c,,,,,0.0,Normal,0.0
1744303965306241,10.42.0.139,10.42.0.1,50013,1883,1,1,0,1,0,0,0,0,0,0,0,0,0,0.0,0,,0,0,,0,0,0,0,0,0,0,0,0.0,0,0,0,0,0,64.0,5760.0,0,0,0,54,eth:ethertype:ip:tcp,29.8,94.9,52.8,160.0,-48.0,a0:a3:b3:ed:ac:1c,,,,,0.0,Normal,0.0
1744303965308391,10.42.0.139,10.42.0.1,50013,1883,1,1,0,1,0,0,1,0,3,0,0,0,0,0.0,0,,0,0,,0,0,0,0,0,0,0,0,0.0,0,0,0,0,0,64.0,5760.0,0,0,0,57,eth:ethertype:ip:tcp,29.8,94.9,52.8,160.0,-48.0,a0:a3:b3:ed:ac:1c,,,,,0.0,Normal,0.0
1744303965311784,10.42.0.139,10.42.0.1,50013,1883,4,1,0,1,0,0,1,0,29,0,0,0,0,0.0,0,,0,0,,0,0,0,0,0,0,0,0,0.0,0,0,0,0,0,64.0,5760.0,0,0,0,83,eth:ethertype:ip:tcp,29.8,94.9,52.8,160.0,-48.0,a0:a3:b3:ed:ac:1c,,,,,0.0,Normal,0.0
1744303965314915,10.42.0.139,10.42.0.1,50013,1883,33,1,0,1,0,0,1,0,12,0,0,0,0,0.0,0,,0,1,,0,0,0,1,42,4,MQTT,4,0.0,0,0,0,0,0,64.0,5760.0,0,0,esp32_a0a3b3edac1c,66,eth:ethertype:ip:tcp:mqtt,29.8,94.9,52.8,160.0,-48.0,a0:a3:b3:ed:ac:1c,,,,,0.0,Normal,0.0
1744303965350341,10.42.0.139,10.42.0.1,50013,1883,45,5,0,1,0,0,1,0,3,0,0,0,0,0.0,0,,0,0,,0,0,0,0,0,0,0,0,0.0,0,0,0,0,0,64.0,5756.0,0,0,0,57,eth:ethertype:ip:tcp,29.8,94.9,52.8,160.0,-48.0,a0:a3:b3:ed:ac:1c,,,,,0.0,Normal,0.0
1744303965363042,10.42.0.139,10.42.0.1,50013,1883,48,5,0,1,1,0,1,0,185,0,0,0,0,0.0,0,,0,3,"Wakeup: 0, Mode: 0, Reset: 1, Temperature: 35.3, Uptime: 628239, Memory: 94.9, In_Temperature: 52.8°C, CPU: 160, RSSI: -49, MAC: a0:a3:b3:ed:ac:1c, F_Storage: 99.2",test/temperatura,16,0,0,182,0,0,0,0.0,0,0,0,0,0,64.0,5756.0,0,0,0,239,eth:ethertype:ip:tcp:mqtt,35.3,94.9,52.8,160.0,-49.0,a0:a3:b3:ed:ac:1c,,,,,0.0,Normal,0.0
1744303965367498,10.42.0.139,10.42.0.1,50013,1883,234,6,0,1,0,0,0,0,0,0,0,0,0,0.0,0,,0,0,,0,0,0,0,0,0,0,0,0.0,0,0,0,0,0,64.0,5755.0,0,0,0,54,eth:ethertype:ip:tcp,35.3,94.9,52.8,160.0,-49.0,a0:a3:b3:ed:ac:1c,,,,,0.0,Normal,0.0
1744303995378436,10.42.0.139,10.42.0.1,50014,1883,0,0,1,0,0,0,0,0,0,0,0,0,0,0.0,0,,0,0,,0,0,0,0,0,0,0,0,0.0,0,0,0,0,0,64.0,5760.0,0,0,0,58,eth:ethertype:ip:tcp,35.3,94.9,52.8,160.0,-49.0,a0:a3:b3:ed:ac:1c,,,,,0.0,Normal,0.0
1744303995382183,10.42.0.139,10.42.0.1,50014,1883,1,1,0,1,0,0,0,0,0,0,0,0,0,0.0,0,,0,0,,0,0,0,0,0,0,0,0,0.0,0,0,0,0,0,64.0,5760.0,0,0,0,54,eth:ethertype:ip:tcp,35.3,94.9,52.8,160.0,-49.0,a0:a3:b3:ed:ac:1c,,,,,0.0,Normal,0.0
1744303995384349,10.42.0.139,10.42.0.1,50014,1883,1,1,0,1,0,0,1,0,3,0,0,0,0,0.0,0,,0,0,,0,0,0,0,0,0,0,0,0.0,0,0,0,0,0,64.0,5760.0,0,0,0,57,eth:ethertype:ip:tcp,35.3,94.9,52.8,160.0,-49.0,a0:a3:b3:ed:ac:1c,,,,,0.0,Normal,0.0
1744303995387590,10.42.0.139,10.42.0.1,50014,1883,4,1,0,1,0,0,1,0,29,0,0,0,0,0.0,0,,0,0,,0,0,0,0,0,0,0,0,0.0,0,0,0,0,0,64.0,5760.0,0,0,0,83,eth:ethertype:ip:tcp,35.3,94.9,52.8,160.0,-49.0,a0:a3:b3:ed:ac:1c,,,,,0.0,Normal,0.0
1744303995390793,10.42.0.139,10.42.0.1,50014,1883,33,1,0,1,0,0,1,0,12,0,0,0,0,0.0,0,,0,1,,0,0,0,1,42,4,MQTT,4,0.0,0,0,0,0,0,64.0,5760.0,0,0,esp32_a0a3b3edac1c,66,eth:ethertype:ip:tcp:mqtt,35.3,94.9,52.8,160.0,-49.0,a0:a3:b3:ed:ac:1c,,,,,0.0,Normal,0.0
1744303995426033,10.42.0.139,10.42.0.1,50014,1883,45,5,0,1,0,0,1,0,3,0,0,0,0,0.0,0,,0,0,,0,0,0,0,0,0,0,0,0.0,0,0,0,0,0,64.0,5756.0,0,0,0,57,eth:ethertype:ip:tcp,35.3,94.9,52.8,160.0,-49.0,a0:a3:b3:ed:ac:1c,,,,,0.0,Normal,0.0
1744303995441971,10.42.0.139,10.42.0.1,50014,1883,48,5,0,1,1,0,1,0,185,0,0,0,0,0.0,0,,0,3,"Wakeup: 0, Mode: 0, Reset: 1, Temperature: 30.8, Uptime: 628269, Memory: 94.9, In_Temperature: 52.8°C, CPU: 160, RSSI: -49, MAC: a0:a3:b3:ed:ac:1c, F_Storage: 99.2",test/temperatura,16,0,0,182,0,0,0,0.0,0,0,0,0,0,64.0,5756.0,0,0,0,239,eth:ethertype:ip:tcp:mqtt,30.8,94.9,52.8,160.0,-49.0,a0:a3:b3:ed:ac:1c,,,,,0.0,Normal,0.0
1744303995448329,10.42.0.139,10.42.0.1,50014,1883,234,6,0,1,0,0,0,0,0,0,0,0,0,0.0,0,,0,0,,0,0,0,0,0,0,0,0,0.0,0,0,0,0,0,64.0,5755.0,0,0,0,54,eth:ethertype:ip:tcp,30.8,94.9,52.8,160.0,-49.0,a0:a3:b3:ed:ac:1c,,,,,0.0,Normal,0.0
1744304025469903,10.42.0.139,10.42.0.1,50015,1883,0,0,1,0,0,0,0,0,0,0,0,0,0,0.0,0,,0,0,,0,0,0,0,0,0,0,0,0.0,0,0,0,0,0,64.0,5760.0,0,0,0,58,eth:ethertype:ip:tcp,30.8,94.9,52.8,160.0,-49.0,a0:a3:b3:ed:ac:1c,,,,,0.0,Normal,0.0
1744304025473652,10.42.0.139,10.42.0.1,50015,1883,1,1,0,1,0,0,0,0,0,0,0,0,0,0.0,0,,0,0,,0,0,0,0,0,0,0,0,0.0,0,0,0,0,0,64.0,5760.0,0,0,0,54,eth:ethertype:ip:tcp,30.8,94.9,52.8,160.0,-49.0,a0:a3:b3:ed:ac:1c,,,,,0.0,Normal,0.0
1744304025476458,10.42.0.139,10.42.0.1,50015,1883,1,1,0,1,0,0,1,0,3,0,0,0,0,0.0,0,,0,0,,0,0,0,0,0,0,0,0,0.0,0,0,0,0,0,64.0,5760.0,0,0,0,57,eth:ethertype:ip:tcp,30.8,94.9,52.8,160.0,-49.0,a0:a3:b3:ed:ac:1c,,,,,0.0,Normal,0.0
1744304025481908,10.42.0.139,10.42.0.1,50015,1883,4,1,0,1,0,0,1,0,41,0,0,0,0,0.0,0,,0,1,,0,0,0,1,42,4,MQTT,4,0.0,0,0,0,0,0,64.0,5760.0,0,0,esp32_a0a3b3edac1c,95,eth:ethertype:ip:tcp:mqtt,30.8,94.9,52.8,160.0,-49.0,a0:a3:b3:ed:ac:1c,,,,,0.0,Normal,0.0
1744304025517318,10.42.0.139,10.42.0.1,50015,1883,45,5,0,1,0,0,1,0,3,0,0,0,0,0.0,0,,0,0,,0,0,0,0,0,0,0,0,0.0,0,0,0,0,0,64.0,5756.0,0,0,0,57,eth:ethertype:ip:tcp,30.8,94.9,52.8,160.0,-49.0,a0:a3:b3:ed:ac:1c,,,,,0.0,Normal,0.0
1744304025531240,10.42.0.139,10.42.0.1,50015,1883,48,5,0,1,1,0,1,0,185,0,0,0,0,0.0,0,,0,3,"Wakeup: 0, Mode: 0, Reset: 1, Temperature: 25.2, Uptime: 628299, Memory: 94.9, In_Temperature: 52.8°C, CPU: 160, RSSI: -49, MAC: a0:a3:b3:ed:ac:1c, F_Storage: 99.2",test/temperatura,16,0,0,182,0,0,0,0.0,0,0,0,0,0,64.0,5756.0,0,0,0,239,eth:ethertype:ip:tcp:mqtt,25.2,94.9,52.8,160.0,-49.0,a0:a3:b3:ed:ac:1c,,,,,0.0,Normal,0.0
1744304025534485,10.42.0.139,10.42.0.1,50015,1883,234,6,0,1,0,0,0,0,0,0,0,0,0,0.0,0,,0,0,,0,0,0,0,0,0,0,0,0.0,0,0,0,0,0,64.0,5755.0,0,0,0,54,eth:ethertype:ip:tcp,25.2,94.9,52.8,160.0,-49.0,a0:a3:b3:ed:ac:1c,,,,,0.0,Normal,0.0
1744304055540404,10.42.0.139,10.42.0.1,50016,1883,0,0,1,0,0,0,0,0,0,0,0,0,0,0.0,0,,0,0,,0,0,0,0,0,0,0,0,0.0,0,0,0,0,0,64.0,5760.0,0,0,0,58,eth:ethertype:ip:tcp,25.2,94.9,52.8,160.0,-49.0,a0:a3:b3:ed:ac:1c,,,,,0.0,Normal,0.0
1744304055544848,10.42.0.139,10.42.0.1,50016,1883,1,1,0,1,0,0,0,0,0,0,0,0,0,0.0,0,,0,0,,0,0,0,0,0,0,0,0,0.0,0,0,0,0,0,64.0,5760.0,0,0,0,54,eth:ethertype:ip:tcp,25.2,94.9,52.8,160.0,-49.0,a0:a3:b3:ed:ac:1c,,,,,0.0,Normal,0.0
1744304055546869,10.42.0.139,10.42.0.1,50016,1883,1,1,0,1,0,0,1,0,3,0,0,0,0,0.0,0,,0,0,,0,0,0,0,0,0,0,0,0.0,0,0,0,0,0,64.0,5760.0,0,0,0,57,eth:ethertype:ip:tcp,25.2,94.9,52.8,160.0,-49.0,a0:a3:b3:ed:ac:1c,,,,,0.0,Normal,0.0
1744304055550267,10.42.0.139,10.42.0.1,50016,1883,4,1,0,1,0,0,1,0,29,0,0,0,0,0.0,0,,0,0,,0,0,0,0,0,0,0,0,0.0,0,0,0,0,0,64.0,5760.0,0,0,0,83,eth:ethertype:ip:tcp,25.2,94.9,52.8,160.0,-49.0,a0:a3:b3:ed:ac:1c,,,,,0.0,Normal,0.0
1744304055553343,10.42.0.139,10.42.0.1,50016,1883,33,1,0,1,0,0,1,0,12,0,0,0,0,0.0,0,,0,1,,0,0,0,1,42,4,MQTT,4,0.0,0,0,0,0,0,64.0,5760.0,0,0,esp32_a0a3b3edac1c,66,eth:ethertype:ip:tcp:mqtt,25.2,94.9,52.8,160.0,-49.0,a0:a3:b3:ed:ac:1c,,,,,0.0,Normal,0.0
1744304055589913,10.42.0.139,10.42.0.1,50016,1883,45,5,0,1,0,0,1,0,3,0,0,0,0,0.0,0,,0,0,,0,0,0,0,0,0,0,0,0.0,0,0,0,0,0,64.0,5756.0,0,0,0,57,eth:ethertype:ip:tcp,25.2,94.9,52.8,160.0,-49.0,a0:a3:b3:ed:ac:1c,,,,,0.0,Normal,0.0
1744304055600540,10.42.0.139,10.42.0.1,50016,1883,48,5,0,1,1,0,1,0,185,0,0,0,0,0.0,0,,0,3,"Wakeup: 0, Mode: 0, Reset: 1, Temperature: 35.3, Uptime: 628329, Memory: 94.9, In_Temperature: 52.8°C, CPU: 160, RSSI: -49, MAC: a0:a3:b3:ed:ac:1c, F_Storage: 99.2",test/temperatura,16,0,0,182,0,0,0,0.0,0,0,0,0,0,64.0,5756.0,0,0,0,239,eth:ethertype:ip:tcp:mqtt,35.3,94.9,52.8,160.0,-49.0,a0:a3:b3:ed:ac:1c,,,,,0.0,Normal,0.0
1744304055604006,10.42.0.139,10.42.0.1,50016,1883,234,6,0,1,0,0,0,0,0,0,0,0,0,0.0,0,,0,0,,0,0,0,0,0,0,0,0,0.0,0,0,0,0,0,64.0,5755.0,0,0,0,54,eth:ethertype:ip:tcp,35.3,94.9,52.8,160.0,-49.0,a0:a3:b3:ed:ac:1c,,,,,0.0,Normal,0.0
1744304085609758,10.42.0.139,10.42.0.1,50017,1883,0,0,1,0,0,0,0,0,0,0,0,0,0,0.0,0,,0,0,,0,0,0,0,0,0,0,0,0.0,0,0,0,0,0,64.0,5760.0,0,0,0,58,eth:ethertype:ip:tcp,35.3,94.9,52.8,160.0,-49.0,a0:a3:b3:ed:ac:1c,,,,,0.0,Normal,0.0
1744304085613847,10.42.0.139,10.42.0.1,50017,1883,1,1,0,1,0,0,0,0,0,0,0,0,0,0.0,0,,0,0,,0,0,0,0,0,0,0,0,0.0,0,0,0,0,0,64.0,5760.0,0,0,0,54,eth:ethertype:ip:tcp,35.3,94.9,52.8,160.0,-49.0,a0:a3:b3:ed:ac:1c,,,,,0.0,Normal,0.0
1744304085615948,10.42.0.139,10.42.0.1,50017,1883,1,1,0,1,0,0,1,0,3,0,0,0,0,0.0,0,,0,0,,0,0,0,0,0,0,0,0,0.0,0,0,0,0,0,64.0,5760.0,0,0,0,57,eth:ethertype:ip:tcp,35.3,94.9,52.8,160.0,-49.0,a0:a3:b3:ed:ac:1c,,,,,0.0,Normal,0.0
1744304085619472,10.42.0.139,10.42.0.1,50017,1883,4,1,0,1,0,0,1,0,29,0,0,0,0,0.0,0,,0,0,,0,0,0,0,0,0,0,0,0.0,0,0,0,0,0,64.0,5760.0,0,0,0,83,eth:ethertype:ip:tcp,35.3,94.9,52.8,160.0,-49.0,a0:a3:b3:ed:ac:1c,,,,,0.0,Normal,0.0
1744304085622492,10.42.0.139,10.42.0.1,50017,1883,33,1,0,1,0,0,1,0,12,0,0,0,0,0.0,0,,0,1,,0,0,0,1,42,4,MQTT,4,0.0,0,0,0,0,0,64.0,5760.0,0,0,esp32_a0a3b3edac1c,66,eth:ethertype:ip:tcp:mqtt,35.3,94.9,52.8,160.0,-49.0,a0:a3:b3:ed:ac:1c,,,,,0.0,Normal,0.0
1744304085658473,10.42.0.139,10.42.0.1,50017,1883,45,5,0,1,0,0,1,0,3,0,0,0,0,0.0,0,,0,0,,0,0,0,0,0,0,0,0,0.0,0,0,0,0,0,64.0,5756.0,0,0,0,57,eth:ethertype:ip:tcp,35.3,94.9,52.8,160.0,-49.0,a0:a3:b3:ed:ac:1c,,,,,0.0,Normal,0.0
1744304085669980,10.42.0.139,10.42.0.1,50017,1883,48,5,0,1,1,0,1,0,185,0,0,0,0,0.0,0,,0,3,"Wakeup: 0, Mode: 0, Reset: 1, Temperature: 25.5, Uptime: 628360, Memory: 94.9, In_Temperature: 52.8°C, CPU: 160, RSSI: -50, MAC: a0:a3:b3:ed:ac:1c, F_Storage: 99.2",test/temperatura,16,0,0,182,0,0,0,0.0,0,0,0,0,0,64.0,5756.0,0,0,0,239,eth:ethertype:ip:tcp:mqtt,25.5,94.9,52.8,160.0,-50.0,a0:a3:b3:ed:ac:1c,,,,,0.0,Normal,0.0
1744304085673457,10.42.0.139,10.42.0.1,50017,1883,234,6,0,1,0,0,0,0,0,0,0,0,0,0.0,0,,0,0,,0,0,0,0,0,0,0,0,0.0,0,0,0,0,0,64.0,5755.0,0,0,0,54,eth:ethertype:ip:tcp,25.5,94.9,52.8,160.0,-50.0,a0:a3:b3:ed:ac:1c,,,,,0.0,Normal,0.0
1744304115680912,10.42.0.139,10.42.0.1,50018,1883,0,0,1,0,0,0,0,0,0,0,0,0,0,0.0,0,,0,0,,0,0,0,0,0,0,0,0,0.0,0,0,0,0,0,64.0,5760.0,0,0,0,58,eth:ethertype:ip:tcp,25.5,94.9,52.8,160.0,-50.0,a0:a3:b3:ed:ac:1c,,,,,0.0,Normal,0.0
1744304115684903,10.42.0.139,10.42.0.1,50018,1883,1,1,0,1,0,0,0,0,0,0,0,0,0,0.0,0,,0,0,,0,0,0,0,0,0,0,0,0.0,0,0,0,0,0,64.0,5760.0,0,0,0,54,eth:ethertype:ip:tcp,25.5,94.9,52.8,160.0,-50.0,a0:a3:b3:ed:ac:1c,,,,,0.0,Normal,0.0
1744304115686923,10.42.0.139,10.42.0.1,50018,1883,1,1,0,1,0,0,1,0,3,0,0,0,0,0.0,0,,0,0,,0,0,0,0,0,0,0,0,0.0,0,0,0,0,0,64.0,5760.0,0,0,0,57,eth:ethertype:ip:tcp,25.5,94.9,52.8,160.0,-50.0,a0:a3:b3:ed:ac:1c,,,,,0.0,Normal,0.0
1744304115690885,10.42.0.139,10.42.0.1,50018,1883,4,1,0,1,0,0,1,0,29,0,0,0,0,0.0,0,,0,0,,0,0,0,0,0,0,0,0,0.0,0,0,0,0,0,64.0,5760.0,0,0,0,83,eth:ethertype:ip:tcp,25.5,94.9,52.8,160.0,-50.0,a0:a3:b3:ed:ac:1c,,,,,0.0,Normal,0.0
1744304115695727,10.42.0.139,10.42.0.1,50018,1883,33,1,0,1,0,0,1,0,12,0,0,0,0,0.0,0,,0,1,,0,0,0,1,42,4,MQTT,4,0.0,0,0,0,0,0,64.0,5760.0,0,0,esp32_a0a3b3edac1c,66,eth:ethertype:ip:tcp:mqtt,25.5,94.9,52.8,160.0,-50.0,a0:a3:b3:ed:ac:1c,,,,,0.0,Normal,0.0
1744304115745072,10.42.0.139,10.42.0.1,50018,1883,45,5,0,1,0,0,1,0,3,0,0,0,0,0.0,0,,0,0,,0,0,0,0,0,0,0,0,0.0,0,0,0,0,0,64.0,5756.0,0,0,0,57,eth:ethertype:ip:tcp,25.5,94.9,52.8,160.0,-50.0,a0:a3:b3:ed:ac:1c,,,,,0.0,Normal,0.0
1744304115749314,10.42.0.139,10.42.0.1,50018,1883,48,5,0,1,1,0,1,0,185,0,0,0,0,0.0,0,,0,3,"Wakeup: 0, Mode: 0, Reset: 1, Temperature: 38.8, Uptime: 628390, Memory: 94.9, In_Temperature: 52.8°C, CPU: 160, RSSI: -48, MAC: a0:a3:b3:ed:ac:1c, F_Storage: 99.2",test/temperatura,16,0,0,182,0,0,0,0.0,0,0,0,0,0,64.0,5756.0,0,0,0,239,eth:ethertype:ip:tcp:mqtt,38.8,94.9,52.8,160.0,-48.0,a0:a3:b3:ed:ac:1c,,,,,0.0,Normal,0.0
1744304115753168,10.42.0.139,10.42.0.1,50018,1883,234,6,0,1,0,0,0,0,0,0,0,0,0,0.0,0,,0,0,,0,0,0,0,0,0,0,0,0.0,0,0,0,0,0,64.0,5755.0,0,0,0,54,eth:ethertype:ip:tcp,38.8,94.9,52.8,160.0,-48.0,a0:a3:b3:ed:ac:1c,,,,,0.0,Normal,0.0
1744304145758165,10.42.0.139,10.42.0.1,50019,1883,0,0,1,0,0,0,0,0,0,0,0,0,0,0.0,0,,0,0,,0,0,0,0,0,0,0,0,0.0,0,0,0,0,0,64.0,5760.0,0,0,0,58,eth:ethertype:ip:tcp,38.8,94.9,52.8,160.0,-48.0,a0:a3:b3:ed:ac:1c,,,,,0.0,Normal,0.0
1744304145783871,10.42.0.139,10.42.0.1,50019,1883,1,1,0,1,0,0,0,0,0,0,0,0,0,0.0,0,,0,0,,0,0,0,0,0,0,0,0,0.0,0,0,0,0,0,64.0,5760.0,0,0,0,54,eth:ethertype:ip:tcp,38.8,94.9,52.8,160.0,-48.0,a0:a3:b3:ed:ac:1c,,,,,0.0,Normal,0.0
1744304145784339,10.42.0.139,10.42.0.1,50019,1883,1,1,0,1,0,0,1,0,3,0,0,0,0,0.0,0,,0,0,,0,0,0,0,0,0,0,0,0.0,0,0,0,0,0,64.0,5760.0,0,0,0,57,eth:ethertype:ip:tcp,38.8,94.9,52.8,160.0,-48.0,a0:a3:b3:ed:ac:1c,,,,,0.0,Normal,0.0
1744304145787205,10.42.0.139,10.42.0.1,50019,1883,4,1,0,1,0,0,1,0,41,0,0,0,0,0.0,0,,0,1,,0,0,0,1,42,4,MQTT,4,0.0,0,0,0,0,0,64.0,5760.0,0,0,esp32_a0a3b3edac1c,95,eth:ethertype:ip:tcp:mqtt,38.8,94.9,52.8,160.0,-48.0,a0:a3:b3:ed:ac:1c,,,,,0.0,Normal,0.0
1744304145827140,10.42.0.139,10.42.0.1,50019,1883,45,5,0,1,0,0,1,0,3,0,0,0,0,0.0,0,,0,0,,0,0,0,0,0,0,0,0,0.0,0,0,0,0,0,64.0,5756.0,0,0,0,57,eth:ethertype:ip:tcp,38.8,94.9,52.8,160.0,-48.0,a0:a3:b3:ed:ac:1c,,,,,0.0,Normal,0.0
1744304145838603,10.42.0.139,10.42.0.1,50019,1883,48,5,0,1,1,0,1,0,185,0,0,0,0,0.0,0,,0,3,"Wakeup: 0, Mode: 0, Reset: 1, Temperature: 28.1, Uptime: 628420, Memory: 94.9, In_Temperature: 52.2°C, CPU: 160, RSSI: -49, MAC: a0:a3:b3:ed:ac:1c, F_Storage: 99.2",test/temperatura,16,0,0,182,0,0,0,0.0,0,0,0,0,0,64.0,5756.0,0,0,0,239,eth:ethertype:ip:tcp:mqtt,28.1,94.9,52.2,160.0,-49.0,a0:a3:b3:ed:ac:1c,,,,,0.0,Normal,0.0
1744304145842197,10.42.0.139,10.42.0.1,50019,1883,234,6,0,1,0,0,0,0,0,0,0,0,0,0.0,0,,0,0,,0,0,0,0,0,0,0,0,0.0,0,0,0,0,0,64.0,5755.0,0,0,0,54,eth:ethertype:ip:tcp,28.1,94.9,52.2,160.0,-49.0,a0:a3:b3:ed:ac:1c,,,,,0.0,Normal,0.0
1744304175847694,10.42.0.139,10.42.0.1,50020,1883,0,0,1,0,0,0,0,0,0,0,0,0,0,0.0,0,,0,0,,0,0,0,0,0,0,0,0,0.0,0,0,0,0,0,64.0,5760.0,0,0,0,58,eth:ethertype:ip:tcp,28.1,94.9,52.2,160.0,-49.0,a0:a3:b3:ed:ac:1c,,,,,0.0,Normal,0.0
1744304175851720,10.42.0.139,10.42.0.1,50020,1883,1,1,0,1,0,0,0,0,0,0,0,0,0,0.0,0,,0,0,,0,0,0,0,0,0,0,0,0.0,0,0,0,0,0,64.0,5760.0,0,0,0,54,eth:ethertype:ip:tcp,28.1,94.9,52.2,160.0,-49.0,a0:a3:b3:ed:ac:1c,,,,,0.0,Normal,0.0
1744304175853834,10.42.0.139,10.42.0.1,50020,1883,1,1,0,1,0,0,1,0,3,0,0,0,0,0.0,0,,0,0,,0,0,0,0,0,0,0,0,0.0,0,0,0,0,0,64.0,5760.0,0,0,0,57,eth:ethertype:ip:tcp,28.1,94.9,52.2,160.0,-49.0,a0:a3:b3:ed:ac:1c,,,,,0.0,Normal,0.0
1744304175857470,10.42.0.139,10.42.0.1,50020,1883,4,1,0,1,0,0,1,0,31,0,0,0,0,0.0,0,,0,0,,0,0,0,0,0,0,0,0,0.0,0,0,0,0,0,64.0,5760.0,0,0,0,85,eth:ethertype:ip:tcp,28.1,94.9,52.2,160.0,-49.0,a0:a3:b3:ed:ac:1c,,,,,0.0,Normal,0.0
1744304175861693,10.42.0.139,10.42.0.1,50020,1883,35,1,0,1,0,0,1,0,4,0,0,0,0,0.0,0,,0,0,,0,0,0,0,0,0,0,0,0.0,0,0,0,0,0,64.0,5760.0,0,0,0,58,eth:ethertype:ip:tcp,28.1,94.9,52.2,160.0,-49.0,a0:a3:b3:ed:ac:1c,,,,,0.0,Normal,0.0
1744304175865540,10.42.0.139,10.42.0.1,50020,1883,39,1,0,1,0,0,1,0,2,0,0,0,0,0.0,0,,0,0,,0,0,0,0,0,0,0,0,0.0,0,0,0,0,0,64.0,5760.0,0,0,0,56,eth:ethertype:ip:tcp,28.1,94.9,52.2,160.0,-49.0,a0:a3:b3:ed:ac:1c,,,,,0.0,Normal,0.0
1744304175868812,10.42.0.139,10.42.0.1,50020,1883,41,1,0,1,0,0,1,0,4,0,0,0,0,0.0,0,,0,1,,0,0,0,1,42,4,MQTT,4,0.0,0,0,0,0,0,64.0,5760.0,0,0,esp32_a0a3b3edac1c,58,eth:ethertype:ip:tcp:mqtt,28.1,94.9,52.2,160.0,-49.0,a0:a3:b3:ed:ac:1c,,,,,0.0,Normal,0.0
1744304175905886,10.42.0.139,10.42.0.1,50020,1883,45,5,0,1,0,0,1,0,3,0,0,0,0,0.0,0,,0,0,,0,0,0,0,0,0,0,0,0.0,0,0,0,0,0,64.0,5756.0,0,0,0,57,eth:ethertype:ip:tcp,28.1,94.9,52.2,160.0,-49.0,a0:a3:b3:ed:ac:1c,,,,,0.0,Normal,0.0
1744304175931570,10.42.0.139,10.42.0.1,50020,1883,48,5,0,1,1,0,1,0,185,0,0,0,0,0.0,0,,0,3,"Wakeup: 0, Mode: 0, Reset: 1, Temperature: 31.3, Uptime: 628450, Memory: 94.9, In_Temperature: 52.8°C, CPU: 160, RSSI: -51, MAC: a0:a3:b3:ed:ac:1c, F_Storage: 99.2",test/temperatura,16,0,0,182,0,0,0,0.0,0,0,0,0,0,64.0,5756.0,0,0,0,239,eth:ethertype:ip:tcp:mqtt,31.3,94.9,52.8,160.0,-51.0,a0:a3:b3:ed:ac:1c,,,,,0.0,Normal,0.0
1744304175935147,10.42.0.139,10.42.0.1,50020,1883,234,6,0,1,0,0,0,0,0,0,0,0,0,0.0,0,,0,0,,0,0,0,0,0,0,0,0,0.0,0,0,0,0,0,64.0,5755.0,0,0,0,54,eth:ethertype:ip:tcp,31.3,94.9,52.8,160.0,-51.0,a0:a3:b3:ed:ac:1c,,,,,0.0,Normal,0.0
1744304205926119,10.42.0.139,10.42.0.1,50021,1883,0,0,1,0,0,0,0,0,0,0,0,0,0,0.0,0,,0,0,,0,0,0,0,0,0,0,0,0.0,0,0,0,0,0,64.0,5760.0,0,0,0,58,eth:ethertype:ip:tcp,31.3,94.9,52.8,160.0,-51.0,a0:a3:b3:ed:ac:1c,,,,,0.0,Normal,0.0
1744304205929687,10.42.0.139,10.42.0.1,50021,1883,1,1,0,1,0,0,0,0,0,0,0,0,0,0.0,0,,0,0,,0,0,0,0,0,0,0,0,0.0,0,0,0,0,0,64.0,5760.0,0,0,0,54,eth:ethertype:ip:tcp,31.3,94.9,52.8,160.0,-51.0,a0:a3:b3:ed:ac:1c,,,,,0.0,Normal,0.0
1744304205932041,10.42.0.139,10.42.0.1,50021,1883,1,1,0,1,0,0,1,0,3,0,0,0,0,0.0,0,,0,0,,0,0,0,0,0,0,0,0,0.0,0,0,0,0,0,64.0,5760.0,0,0,0,57,eth:ethertype:ip:tcp,31.3,94.9,52.8,160.0,-51.0,a0:a3:b3:ed:ac:1c,,,,,0.0,Normal,0.0
1744304205935503,10.42.0.139,10.42.0.1,50021,1883,4,1,0,1,0,0,1,0,29,0,0,0,0,0.0,0,,0,0,,0,0,0,0,0,0,0,0,0.0,0,0,0,0,0,64.0,5760.0,0,0,0,83,eth:ethertype:ip:tcp,31.3,94.9,52.8,160.0,-51.0,a0:a3:b3:ed:ac:1c,,,,,0.0,Normal,0.0
1744304205938636,10.42.0.139,10.42.0.1,50021,1883,33,1,0,1,0,0,1,0,12,0,0,0,0,0.0,0,,0,1,,0,0,0,1,42,4,MQTT,4,0.0,0,0,0,0,0,64.0,5760.0,0,0,esp32_a0a3b3edac1c,66,eth:ethertype:ip:tcp:mqtt,31.3,94.9,52.8,160.0,-51.0,a0:a3:b3:ed:ac:1c,,,,,0.0,Normal,0.0
1744304205973892,10.42.0.139,10.42.0.1,50021,1883,45,5,0,1,0,0,1,0,3,0,0,0,0,0.0,0,,0,0,,0,0,0,0,0,0,0,0,0.0,0,0,0,0,0,64.0,5756.0,0,0,0,57,eth:ethertype:ip:tcp,31.3,94.9,52.8,160.0,-51.0,a0:a3:b3:ed:ac:1c,,,,,0.0,Normal,0.0
1744304206005241,10.42.0.139,10.42.0.1,50021,1883,48,5,0,1,1,0,1,0,185,0,0,0,0,0.0,0,,0,3,"Wakeup: 0, Mode: 0, Reset: 1, Temperature: 39.0, Uptime: 628480, Memory: 94.9, In_Temperature: 52.8°C, CPU: 160, RSSI: -50, MAC: a0:a3:b3:ed:ac:1c, F_Storage: 99.2",test/temperatura,16,0,0,182,0,0,0,0.0,0,0,0,0,0,64.0,5756.0,0,0,0,239,eth:ethertype:ip:tcp:mqtt,39.0,94.9,52.8,160.0,-50.0,a0:a3:b3:ed:ac:1c,,,,,0.0,Normal,0.0
1744304206012264,10.42.0.139,10.42.0.1,50021,1883,234,6,0,1,0,0,0,0,0,0,0,0,0,0.0,0,,0,0,,0,0,0,0,0,0,0,0,0.0,0,0,0,0,0,64.0,5755.0,0,0,0,54,eth:ethertype:ip:tcp,39.0,94.9,52.8,160.0,-50.0,a0:a3:b3:ed:ac:1c,,,,,0.0,Normal,0.0
1744304235995324,10.42.0.139,10.42.0.1,50022,1883,0,0,1,0,0,0,0,0,0,0,0,0,0,0.0,0,,0,0,,0,0,0,0,0,0,0,0,0.0,0,0,0,0,0,64.0,5760.0,0,0,0,58,eth:ethertype:ip:tcp,39.0,94.9,52.8,160.0,-50.0,a0:a3:b3:ed:ac:1c,,,,,0.0,Normal,0.0
1744304235999031,10.42.0.139,10.42.0.1,50022,1883,1,1,0,1,0,0,0,0,0,0,0,0,0,0.0,0,,0,0,,0,0,0,0,0,0,0,0,0.0,0,0,0,0,0,64.0,5760.0,0,0,0,54,eth:ethertype:ip:tcp,39.0,94.9,52.8,160.0,-50.0,a0:a3:b3:ed:ac:1c,,,,,0.0,Normal,0.0
1744304236001307,10.42.0.139,10.42.0.1,50022,1883,1,1,0,1,0,0,1,0,3,0,0,0,0,0.0,0,,0,0,,0,0,0,0,0,0,0,0,0.0,0,0,0,0,0,64.0,5760.0,0,0,0,57,eth:ethertype:ip:tcp,39.0,94.9,52.8,160.0,-50.0,a0:a3:b3:ed:ac:1c,,,,,0.0,Normal,0.0
1744304236004706,10.42.0.139,10.42.0.1,50022,1883,4,1,0,1,0,0,1,0,29,0,0,0,0,0.0,0,,0,0,,0,0,0,0,0,0,0,0,0.0,0,0,0,0,0,64.0,5760.0,0,0,0,83,eth:ethertype:ip:tcp,39.0,94.9,52.8,160.0,-50.0,a0:a3:b3:ed:ac:1c,,,,,0.0,Normal,0.0
1744304236007894,10.42.0.139,10.42.0.1,50022,1883,33,1,0,1,0,0,1,0,12,0,0,0,0,0.0,0,,0,1,,0,0,0,1,42,4,MQTT,4,0.0,0,0,0,0,0,64.0,5760.0,0,0,esp32_a0a3b3edac1c,66,eth:ethertype:ip:tcp:mqtt,39.0,94.9,52.8,160.0,-50.0,a0:a3:b3:ed:ac:1c,,,,,0.0,Normal,0.0
1744304236047701,10.42.0.139,10.42.0.1,50022,1883,45,5,0,1,0,0,1,0,3,0,0,0,0,0.0,0,,0,0,,0,0,0,0,0,0,0,0,0.0,0,0,0,0,0,64.0,5756.0,0,0,0,57,eth:ethertype:ip:tcp,39.0,94.9,52.8,160.0,-50.0,a0:a3:b3:ed:ac:1c,,,,,0.0,Normal,0.0
1744304236056602,10.42.0.139,10.42.0.1,50022,1883,48,5,0,1,1,0,1,0,185,0,0,0,0,0.0,0,,0,3,"Wakeup: 0, Mode: 0, Reset: 1, Temperature: 27.8, Uptime: 628510, Memory: 94.9, In_Temperature: 52.8°C, CPU: 160, RSSI: -48, MAC: a0:a3:b3:ed:ac:1c, F_Storage: 99.2",test/temperatura,16,0,0,182,0,0,0,0.0,0,0,0,0,0,64.0,5756.0,0,0,0,239,eth:ethertype:ip:tcp:mqtt,27.8,94.9,52.8,160.0,-48.0,a0:a3:b3:ed:ac:1c,,,,,0.0,Normal,0.0
1744304236059867,10.42.0.139,10.42.0.1,50022,1883,234,6,0,1,0,0,0,0,0,0,0,0,0,0.0,0,,0,0,,0,0,0,0,0,0,0,0,0.0,0,0,0,0,0,64.0,5755.0,0,0,0,54,eth:ethertype:ip:tcp,27.8,94.9,52.8,160.0,-48.0,a0:a3:b3:ed:ac:1c,,,,,0.0,Normal,0.0
1744304266073889,10.42.0.139,10.42.0.1,50023,1883,0,0,1,0,0,0,0,0,0,0,0,0,0,0.0,0,,0,0,,0,0,0,0,0,0,0,0,0.0,0,0,0,0,0,64.0,5760.0,0,0,0,58,eth:ethertype:ip:tcp,27.8,94.9,52.8,160.0,-48.0,a0:a3:b3:ed:ac:1c,,,,,0.0,Normal,0.0
1744304266078186,10.42.0.139,10.42.0.1,50023,1883,1,1,0,1,0,0,0,0,0,0,0,0,0,0.0,0,,0,0,,0,0,0,0,0,0,0,0,0.0,0,0,0,0,0,64.0,5760.0,0,0,0,54,eth:ethertype:ip:tcp,27.8,94.9,52.8,160.0,-48.0,a0:a3:b3:ed:ac:1c,,,,,0.0,Normal,0.0
1744304266080303,10.42.0.139,10.42.0.1,50023,1883,1,1,0,1,0,0,1,0,3,0,0,0,0,0.0,0,,0,0,,0,0,0,0,0,0,0,0,0.0,0,0,0,0,0,64.0,5760.0,0,0,0,57,eth:ethertype:ip:tcp,27.8,94.9,52.8,160.0,-48.0,a0:a3:b3:ed:ac:1c,,,,,0.0,Normal,0.0
1744304266083776,10.42.0.139,10.42.0.1,50023,1883,4,1,0,1,0,0,1,0,29,0,0,0,0,0.0,0,,0,0,,0,0,0,0,0,0,0,0,0.0,0,0,0,0,0,64.0,5760.0,0,0,0,83,eth:ethertype:ip:tcp,27.8,94.9,52.8,160.0,-48.0,a0:a3:b3:ed:ac:1c,,,,,0.0,Normal,0.0
1744304266087106,10.42.0.139,10.42.0.1,50023,1883,33,1,0,1,0,0,1,0,12,0,0,0,0,0.0,0,,0,1,,0,0,0,1,42,4,MQTT,4,0.0,0,0,0,0,0,64.0,5760.0,0,0,esp32_a0a3b3edac1c,66,eth:ethertype:ip:tcp:mqtt,27.8,94.9,52.8,160.0,-48.0,a0:a3:b3:ed:ac:1c,,,,,0.0,Normal,0.0
1744304266112542,10.42.0.139,10.42.0.1,50023,1883,45,5,0,1,0,0,0,0,0,0,0,0,0,0.0,0,,0,0,,0,0,0,0,0,0,0,0,0.0,0,0,0,0,0,64.0,5756.0,0,0,0,54,eth:ethertype:ip:tcp,27.8,94.9,52.8,160.0,-48.0,a0:a3:b3:ed:ac:1c,,,,,0.0,Normal,0.0
1744304266125580,10.42.0.139,10.42.0.1,50023,1883,45,5,0,1,0,0,1,0,3,0,0,0,0,0.0,0,,0,0,,0,0,0,0,0,0,0,0,0.0,0,0,0,0,0,64.0,5756.0,0,0,0,57,eth:ethertype:ip:tcp,27.8,94.9,52.8,160.0,-48.0,a0:a3:b3:ed:ac:1c,,,,,0.0,Normal,0.0
1744304266157820,10.42.0.139,10.42.0.1,50023,1883,48,5,0,1,1,0,1,0,185,0,0,0,0,0.0,0,,0,3,"Wakeup: 0, Mode: 0, Reset: 1, Temperature: 36.5, Uptime: 628540, Memory: 94.9, In_Temperature: 52.2°C, CPU: 160, RSSI: -47, MAC: a0:a3:b3:ed:ac:1c, F_Storage: 99.2",test/temperatura,16,0,0,182,0,0,0,0.0,0,0,0,0,0,64.0,5756.0,0,0,0,239,eth:ethertype:ip:tcp:mqtt,36.5,94.9,52.2,160.0,-47.0,a0:a3:b3:ed:ac:1c,,,,,0.0,Normal,0.0
1744304266161125,10.42.0.139,10.42.0.1,50023,1883,234,6,0,1,0,0,0,0,0,0,0,0,0,0.0,0,,0,0,,0,0,0,0,0,0,0,0,0.0,0,0,0,0,0,64.0,5755.0,0,0,0,54,eth:ethertype:ip:tcp,36.5,94.9,52.2,160.0,-47.0,a0:a3:b3:ed:ac:1c,,,,,0.0,Normal,0.0
1744304296144864,10.42.0.139,10.42.0.1,50024,1883,0,0,1,0,0,0,0,0,0,0,0,0,0,0.0,0,,0,0,,0,0,0,0,0,0,0,0,0.0,0,0,0,0,0,64.0,5760.0,0,0,0,58,eth:ethertype:ip:tcp,36.5,94.9,52.2,160.0,-47.0,a0:a3:b3:ed:ac:1c,,,,,0.0,Normal,0.0
1744304296149092,10.42.0.139,10.42.0.1,50024,1883,1,1,0,1,0,0,0,0,0,0,0,0,0,0.0,0,,0,0,,0,0,0,0,0,0,0,0,0.0,0,0,0,0,0,64.0,5760.0,0,0,0,54,eth:ethertype:ip:tcp,36.5,94.9,52.2,160.0,-47.0,a0:a3:b3:ed:ac:1c,,,,,0.0,Normal,0.0
1744304296151202,10.42.0.139,10.42.0.1,50024,1883,1,1,0,1,0,0,1,0,3,0,0,0,0,0.0,0,,0,0,,0,0,0,0,0,0,0,0,0.0,0,0,0,0,0,64.0,5760.0,0,0,0,57,eth:ethertype:ip:tcp,36.5,94.9,52.2,160.0,-47.0,a0:a3:b3:ed:ac:1c,,,,,0.0,Normal,0.0
1744304296154657,10.42.0.139,10.42.0.1,50024,1883,4,1,0,1,0,0,1,0,29,0,0,0,0,0.0,0,,0,0,,0,0,0,0,0,0,0,0,0.0,0,0,0,0,0,64.0,5760.0,0,0,0,83,eth:ethertype:ip:tcp,36.5,94.9,52.2,160.0,-47.0,a0:a3:b3:ed:ac:1c,,,,,0.0,Normal,0.0
1744304296157740,10.42.0.139,10.42.0.1,50024,1883,33,1,0,1,0,0,1,0,12,0,0,0,0,0.0,0,,0,1,,0,0,0,1,42,4,MQTT,4,0.0,0,0,0,0,0,64.0,5760.0,0,0,esp32_a0a3b3edac1c,66,eth:ethertype:ip:tcp:mqtt,36.5,94.9,52.2,160.0,-47.0,a0:a3:b3:ed:ac:1c,,,,,0.0,Normal,0.0
1744304296204630,10.42.0.139,10.42.0.1,50024,1883,45,5,0,1,0,0,1,0,3,0,0,0,0,0.0,0,,0,0,,0,0,0,0,0,0,0,0,0.0,0,0,0,0,0,64.0,5756.0,0,0,0,57,eth:ethertype:ip:tcp,36.5,94.9,52.2,160.0,-47.0,a0:a3:b3:ed:ac:1c,,,,,0.0,Normal,0.0
1744304296205481,10.42.0.139,10.42.0.1,50024,1883,48,5,0,1,1,0,1,0,185,0,0,0,0,0.0,0,,0,3,"Wakeup: 0, Mode: 0, Reset: 1, Temperature: 32.6, Uptime: 628570, Memory: 94.9, In_Temperature: 52.2°C, CPU: 160, RSSI: -50, MAC: a0:a3:b3:ed:ac:1c, F_Storage: 99.2",test/temperatura,16,0,0,182,0,0,0,0.0,0,0,0,0,0,64.0,5756.0,0,0,0,239,eth:ethertype:ip:tcp:mqtt,32.6,94.9,52.2,160.0,-50.0,a0:a3:b3:ed:ac:1c,,,,,0.0,Normal,0.0
1744304296208988,10.42.0.139,10.42.0.1,50024,1883,234,6,0,1,0,0,0,0,0,0,0,0,0,0.0,0,,0,0,,0,0,0,0,0,0,0,0,0.0,0,0,0,0,0,64.0,5755.0,0,0,0,54,eth:ethertype:ip:tcp,32.6,94.9,52.2,160.0,-50.0,a0:a3:b3:ed:ac:1c,,,,,0.0,Normal,0.0
1744304326214623,10.42.0.139,10.42.0.1,50025,1883,0,0,1,0,0,0,0,0,0,0,0,0,0,0.0,0,,0,0,,0,0,0,0,0,0,0,0,0.0,0,0,0,0,0,64.0,5760.0,0,0,0,58,eth:ethertype:ip:tcp,32.6,94.9,52.2,160.0,-50.0,a0:a3:b3:ed:ac:1c,,,,,0.0,Normal,0.0
1744304326218877,10.42.0.139,10.42.0.1,50025,1883,1,1,0,1,0,0,0,0,0,0,0,0,0,0.0,0,,0,0,,0,0,0,0,0,0,0,0,0.0,0,0,0,0,0,64.0,5760.0,0,0,0,54,eth:ethertype:ip:tcp,32.6,94.9,52.2,160.0,-50.0,a0:a3:b3:ed:ac:1c,,,,,0.0,Normal,0.0
1744304326220940,10.42.0.139,10.42.0.1,50025,1883,1,1,0,1,0,0,1,0,3,0,0,0,0,0.0,0,,0,0,,0,0,0,0,0,0,0,0,0.0,0,0,0,0,0,64.0,5760.0,0,0,0,57,eth:ethertype:ip:tcp,32.6,94.9,52.2,160.0,-50.0,a0:a3:b3:ed:ac:1c,,,,,0.0,Normal,0.0
1744304326225552,10.42.0.139,10.42.0.1,50025,1883,4,1,0,1,0,0,1,0,29,0,0,0,0,0.0,0,,0,0,,0,0,0,0,0,0,0,0,0.0,0,0,0,0,0,64.0,5760.0,0,0,0,83,eth:ethertype:ip:tcp,32.6,94.9,52.2,160.0,-50.0,a0:a3:b3:ed:ac:1c,,,,,0.0,Normal,0.0
1744304326230551,10.42.0.139,10.42.0.1,50025,1883,33,1,0,1,0,0,1,0,12,0,0,0,0,0.0,0,,0,1,,0,0,0,1,42,4,MQTT,4,0.0,0,0,0,0,0,64.0,5760.0,0,0,esp32_a0a3b3edac1c,66,eth:ethertype:ip:tcp:mqtt,32.6,94.9,52.2,160.0,-50.0,a0:a3:b3:ed:ac:1c,,,,,0.0,Normal,0.0
1744304326265728,10.42.0.139,10.42.0.1,50025,1883,45,5,0,1,0,0,1,0,3,0,0,0,0,0.0,0,,0,0,,0,0,0,0,0,0,0,0,0.0,0,0,0,0,0,64.0,5756.0,0,0,0,57,eth:ethertype:ip:tcp,32.6,94.9,52.2,160.0,-50.0,a0:a3:b3:ed:ac:1c,,,,,0.0,Normal,0.0
1744304326274416,10.42.0.139,10.42.0.1,50025,1883,48,5,0,1,1,0,1,0,185,0,0,0,0,0.0,0,,0,3,"Wakeup: 0, Mode: 0, Reset: 1, Temperature: 37.6, Uptime: 628600, Memory: 94.9, In_Temperature: 52.8°C, CPU: 160, RSSI: -50, MAC: a0:a3:b3:ed:ac:1c, F_Storage: 99.2",test/temperatura,16,0,0,182,0,0,0,0.0,0,0,0,0,0,64.0,5756.0,0,0,0,239,eth:ethertype:ip:tcp:mqtt,37.6,94.9,52.8,160.0,-50.0,a0:a3:b3:ed:ac:1c,,,,,0.0,Normal,0.0
1744304326277639,10.42.0.139,10.42.0.1,50025,1883,234,6,0,1,0,0,0,0,0,0,0,0,0,0.0,0,,0,0,,0,0,0,0,0,0,0,0,0.0,0,0,0,0,0,64.0,5755.0,0,0,0,54,eth:ethertype:ip:tcp,37.6,94.9,52.8,160.0,-50.0,a0:a3:b3:ed:ac:1c,,,,,0.0,Normal,0.0
1744304356292910,10.42.0.139,10.42.0.1,50026,1883,0,0,1,0,0,0,0,0,0,0,0,0,0,0.0,0,,0,0,,0,0,0,0,0,0,0,0,0.0,0,0,0,0,0,64.0,5760.0,0,0,0,58,eth:ethertype:ip:tcp,37.6,94.9,52.8,160.0,-50.0,a0:a3:b3:ed:ac:1c,,,,,0.0,Normal,0.0
1744304356299691,10.42.0.139,10.42.0.1,50026,1883,1,1,0,1,0,0,0,0,0,0,0,0,0,0.0,0,,0,0,,0,0,0,0,0,0,0,0,0.0,0,0,0,0,0,64.0,5760.0,0,0,0,54,eth:ethertype:ip:tcp,37.6,94.9,52.8,160.0,-50.0,a0:a3:b3:ed:ac:1c,,,,,0.0,Normal,0.0
1744304356301764,10.42.0.139,10.42.0.1,50026,1883,1,1,0,1,0,0,1,0,3,0,0,0,0,0.0,0,,0,0,,0,0,0,0,0,0,0,0,0.0,0,0,0,0,0,64.0,5760.0,0,0,0,57,eth:ethertype:ip:tcp,37.6,94.9,52.8,160.0,-50.0,a0:a3:b3:ed:ac:1c,,,,,0.0,Normal,0.0
1744304356305262,10.42.0.139,10.42.0.1,50026,1883,4,1,0,1,0,0,1,0,29,0,0,0,0,0.0,0,,0,0,,0,0,0,0,0,0,0,0,0.0,0,0,0,0,0,64.0,5760.0,0,0,0,83,eth:ethertype:ip:tcp,37.6,94.9,52.8,160.0,-50.0,a0:a3:b3:ed:ac:1c,,,,,0.0,Normal,0.0
1744304356309120,10.42.0.139,10.42.0.1,50026,1883,33,1,0,1,0,0,1,0,12,0,0,0,0,0.0,0,,0,1,,0,0,0,1,42,4,MQTT,4,0.0,0,0,0,0,0,64.0,5760.0,0,0,esp32_a0a3b3edac1c,66,eth:ethertype:ip:tcp:mqtt,37.6,94.9,52.8,160.0,-50.0,a0:a3:b3:ed:ac:1c,,,,,0.0,Normal,0.0
1744304356345943,10.42.0.139,10.42.0.1,50026,1883,45,5,0,1,0,0,1,0,3,0,0,0,0,0.0,0,,0,0,,0,0,0,0,0,0,0,0,0.0,0,0,0,0,0,64.0,5756.0,0,0,0,57,eth:ethertype:ip:tcp,37.6,94.9,52.8,160.0,-50.0,a0:a3:b3:ed:ac:1c,,,,,0.0,Normal,0.0
1744304356385814,10.42.0.139,10.42.0.1,50026,1883,48,5,0,1,1,0,1,0,185,0,0,0,0,0.0,0,,0,3,"Wakeup: 0, Mode: 0, Reset: 1, Temperature: 35.3, Uptime: 628630, Memory: 94.9, In_Temperature: 52.8°C, CPU: 160, RSSI: -49, MAC: a0:a3:b3:ed:ac:1c, F_Storage: 99.2",test/temperatura,16,0,0,182,0,0,0,0.0,0,0,0,0,0,64.0,5756.0,0,0,0,239,eth:ethertype:ip:tcp:mqtt,35.3,94.9,52.8,160.0,-49.0,a0:a3:b3:ed:ac:1c,,,,,0.0,Normal,0.0
1744304356389339,10.42.0.139,10.42.0.1,50026,1883,234,6,0,1,0,0,0,0,0,0,0,0,0,0.0,0,,0,0,,0,0,0,0,0,0,0,0,0.0,0,0,0,0,0,64.0,5755.0,0,0,0,54,eth:ethertype:ip:tcp,35.3,94.9,52.8,160.0,-49.0,a0:a3:b3:ed:ac:1c,,,,,0.0,Normal,0.0
1744304386372842,10.42.0.139,10.42.0.1,50027,1883,0,0,1,0,0,0,0,0,0,0,0,0,0,0.0,0,,0,0,,0,0,0,0,0,0,0,0,0.0,0,0,0,0,0,64.0,5760.0,0,0,0,58,eth:ethertype:ip:tcp,35.3,94.9,52.8,160.0,-49.0,a0:a3:b3:ed:ac:1c,,,,,0.0,Normal,0.0
1744304386376755,10.42.0.139,10.42.0.1,50027,1883,1,1,0,1,0,0,0,0,0,0,0,0,0,0.0,0,,0,0,,0,0,0,0,0,0,0,0,0.0,0,0,0,0,0,64.0,5760.0,0,0,0,54,eth:ethertype:ip:tcp,35.3,94.9,52.8,160.0,-49.0,a0:a3:b3:ed:ac:1c,,,,,0.0,Normal,0.0
1744304386378842,10.42.0.139,10.42.0.1,50027,1883,1,1,0,1,0,0,1,0,3,0,0,0,0,0.0,0,,0,0,,0,0,0,0,0,0,0,0,0.0,0,0,0,0,0,64.0,5760.0,0,0,0,57,eth:ethertype:ip:tcp,35.3,94.9,52.8,160.0,-49.0,a0:a3:b3:ed:ac:1c,,,,,0.0,Normal,0.0
1744304386382300,10.42.0.139,10.42.0.1,50027,1883,4,1,0,1,0,0,1,0,29,0,0,0,0,0.0,0,,0,0,,0,0,0,0,0,0,0,0,0.0,0,0,0,0,0,64.0,5760.0,0,0,0,83,eth:ethertype:ip:tcp,35.3,94.9,52.8,160.0,-49.0,a0:a3:b3:ed:ac:1c,,,,,0.0,Normal,0.0
1744304386385391,10.42.0.139,10.42.0.1,50027,1883,33,1,0,1,0,0,1,0,12,0,0,0,0,0.0,0,,0,1,,0,0,0,1,42,4,MQTT,4,0.0,0,0,0,0,0,64.0,5760.0,0,0,esp32_a0a3b3edac1c,66,eth:ethertype:ip:tcp:mqtt,35.3,94.9,52.8,160.0,-49.0,a0:a3:b3:ed:ac:1c,,,,,0.0,Normal,0.0
1744304386429500,10.42.0.139,10.42.0.1,50027,1883,45,5,0,1,0,0,1,0,3,0,0,0,0,0.0,0,,0,0,,0,0,0,0,0,0,0,0,0.0,0,0,0,0,0,64.0,5756.0,0,0,0,57,eth:ethertype:ip:tcp,35.3,94.9,52.8,160.0,-49.0,a0:a3:b3:ed:ac:1c,,,,,0.0,Normal,0.0
1744304386433151,10.42.0.139,10.42.0.1,50027,1883,48,5,0,1,1,0,1,0,185,0,0,0,0,0.0,0,,0,3,"Wakeup: 0, Mode: 0, Reset: 1, Temperature: 40.7, Uptime: 628660, Memory: 94.9, In_Temperature: 52.8°C, CPU: 160, RSSI: -49, MAC: a0:a3:b3:ed:ac:1c, F_Storage: 99.2",test/temperatura,16,0,0,182,0,0,0,0.0,0,0,0,0,0,64.0,5756.0,0,0,0,239,eth:ethertype:ip:tcp:mqtt,40.7,94.9,52.8,160.0,-49.0,a0:a3:b3:ed:ac:1c,,,,,0.0,Normal,0.0
1744304386441979,10.42.0.139,10.42.0.1,50027,1883,234,6,0,1,0,0,0,0,0,0,0,0,0,0.0,0,,0,0,,0,0,0,0,0,0,0,0,0.0,0,0,0,0,0,64.0,5755.0,0,0,0,54,eth:ethertype:ip:tcp,40.7,94.9,52.8,160.0,-49.0,a0:a3:b3:ed:ac:1c,,,,,0.0,Normal,0.0
1744304416444101,10.42.0.139,10.42.0.1,50028,1883,0,0,1,0,0,0,0,0,0,0,0,0,0,0.0,0,,0,0,,0,0,0,0,0,0,0,0,0.0,0,0,0,0,0,64.0,5760.0,0,0,0,58,eth:ethertype:ip:tcp,40.7,94.9,52.8,160.0,-49.0,a0:a3:b3:ed:ac:1c,,,,,0.0,Normal,0.0
1744304416459431,10.42.0.139,10.42.0.1,50028,1883,1,1,0,1,0,0,0,0,0,0,0,0,0,0.0,0,,0,0,,0,0,0,0,0,0,0,0,0.0,0,0,0,0,0,64.0,5760.0,0,0,0,54,eth:ethertype:ip:tcp,40.7,94.9,52.8,160.0,-49.0,a0:a3:b3:ed:ac:1c,,,,,0.0,Normal,0.0
1744304416460066,10.42.0.139,10.42.0.1,50028,1883,1,1,0,1,0,0,1,0,3,0,0,0,0,0.0,0,,0,0,,0,0,0,0,0,0,0,0,0.0,0,0,0,0,0,64.0,5760.0,0,0,0,57,eth:ethertype:ip:tcp,40.7,94.9,52.8,160.0,-49.0,a0:a3:b3:ed:ac:1c,,,,,0.0,Normal,0.0
1744304416462800,10.42.0.139,10.42.0.1,50028,1883,4,1,0,1,0,0,1,0,41,0,0,0,0,0.0,0,,0,1,,0,0,0,1,42,4,MQTT,4,0.0,0,0,0,0,0,64.0,5760.0,0,0,esp32_a0a3b3edac1c,95,eth:ethertype:ip:tcp:mqtt,40.7,94.9,52.8,160.0,-49.0,a0:a3:b3:ed:ac:1c,,,,,0.0,Normal,0.0
1744304416500509,10.42.0.139,10.42.0.1,50028,1883,45,5,0,1,0,0,1,0,3,0,0,0,0,0.0,0,,0,0,,0,0,0,0,0,0,0,0,0.0,0,0,0,0,0,64.0,5756.0,0,0,0,57,eth:ethertype:ip:tcp,40.7,94.9,52.8,160.0,-49.0,a0:a3:b3:ed:ac:1c,,,,,0.0,Normal,0.0
1744304416512559,10.42.0.139,10.42.0.1,50028,1883,48,5,0,1,1,0,1,0,185,0,0,0,0,0.0,0,,0,3,"Wakeup: 0, Mode: 0, Reset: 1, Temperature: 26.6, Uptime: 628690, Memory: 94.9, In_Temperature: 52.8°C, CPU: 160, RSSI: -49, MAC: a0:a3:b3:ed:ac:1c, F_Storage: 99.2",test/temperatura,16,0,0,182,0,0,0,0.0,0,0,0,0,0,64.0,5756.0,0,0,0,239,eth:ethertype:ip:tcp:mqtt,26.6,94.9,52.8,160.0,-49.0,a0:a3:b3:ed:ac:1c,,,,,0.0,Normal,0.0
1744304416515950,10.42.0.139,10.42.0.1,50028,1883,234,6,0,1,0,0,0,0,0,0,0,0,0,0.0,0,,0,0,,0,0,0,0,0,0,0,0,0.0,0,0,0,0,0,64.0,5755.0,0,0,0,54,eth:ethertype:ip:tcp,26.6,94.9,52.8,160.0,-49.0,a0:a3:b3:ed:ac:1c,,,,,0.0,Normal,0.0
1744304446520680,10.42.0.139,10.42.0.1,50029,1883,0,0,1,0,0,0,0,0,0,0,0,0,0,0.0,0,,0,0,,0,0,0,0,0,0,0,0,0.0,0,0,0,0,0,64.0,5760.0,0,0,0,58,eth:ethertype:ip:tcp,26.6,94.9,52.8,160.0,-49.0,a0:a3:b3:ed:ac:1c,,,,,0.0,Normal,0.0
1744304446524143,10.42.0.139,10.42.0.1,50029,1883,1,1,0,1,0,0,0,0,0,0,0,0,0,0.0,0,,0,0,,0,0,0,0,0,0,0,0,0.0,0,0,0,0,0,64.0,5760.0,0,0,0,54,eth:ethertype:ip:tcp,26.6,94.9,52.8,160.0,-49.0,a0:a3:b3:ed:ac:1c,,,,,0.0,Normal,0.0
1744304446526661,10.42.0.139,10.42.0.1,50029,1883,1,1,0,1,0,0,1,0,3,0,0,0,0,0.0,0,,0,0,,0,0,0,0,0,0,0,0,0.0,0,0,0,0,0,64.0,5760.0,0,0,0,57,eth:ethertype:ip:tcp,26.6,94.9,52.8,160.0,-49.0,a0:a3:b3:ed:ac:1c,,,,,0.0,Normal,0.0
1744304446557033,10.42.0.139,10.42.0.1,50029,1883,4,1,0,1,0,0,1,0,29,0,0,0,0,0.0,0,,0,0,,0,0,0,0,0,0,0,0,0.0,0,0,0,0,0,64.0,5760.0,0,0,0,83,eth:ethertype:ip:tcp,26.6,94.9,52.8,160.0,-49.0,a0:a3:b3:ed:ac:1c,,,,,0.0,Normal,0.0
1744304446559896,10.42.0.139,10.42.0.1,50029,1883,33,1,0,1,0,0,1,0,12,0,0,0,0,0.0,0,,0,1,,0,0,0,1,42,4,MQTT,4,0.0,0,0,0,0,0,64.0,5760.0,0,0,esp32_a0a3b3edac1c,66,eth:ethertype:ip:tcp:mqtt,26.6,94.9,52.8,160.0,-49.0,a0:a3:b3:ed:ac:1c,,,,,0.0,Normal,0.0
1744304446597339,10.42.0.139,10.42.0.1,50029,1883,45,5,0,1,0,0,1,0,3,0,0,0,0,0.0,0,,0,0,,0,0,0,0,0,0,0,0,0.0,0,0,0,0,0,64.0,5756.0,0,0,0,57,eth:ethertype:ip:tcp,26.6,94.9,52.8,160.0,-49.0,a0:a3:b3:ed:ac:1c,,,,,0.0,Normal,0.0
1744304446612009,10.42.0.139,10.42.0.1,50029,1883,48,5,0,1,1,0,1,0,185,0,0,0,0,0.0,0,,0,3,"Wakeup: 0, Mode: 0, Reset: 1, Temperature: 30.1, Uptime: 628720, Memory: 94.9, In_Temperature: 52.8°C, CPU: 160, RSSI: -50, MAC: a0:a3:b3:ed:ac:1c, F_Storage: 99.2",test/temperatura,16,0,0,182,0,0,0,0.0,0,0,0,0,0,64.0,5756.0,0,0,0,239,eth:ethertype:ip:tcp:mqtt,30.1,94.9,52.8,160.0,-50.0,a0:a3:b3:ed:ac:1c,,,,,0.0,Normal,0.0
1744304446615342,10.42.0.139,10.42.0.1,50029,1883,234,6,0,1,0,0,0,0,0,0,0,0,0,0.0,0,,0,0,,0,0,0,0,0,0,0,0,0.0,0,0,0,0,0,64.0,5755.0,0,0,0,54,eth:ethertype:ip:tcp,30.1,94.9,52.8,160.0,-50.0,a0:a3:b3:ed:ac:1c,,,,,0.0,Normal,0.0
1744304476620496,10.42.0.139,10.42.0.1,50030,1883,0,0,1,0,0,0,0,0,0,0,0,0,0,0.0,0,,0,0,,0,0,0,0,0,0,0,0,0.0,0,0,0,0,0,64.0,5760.0,0,0,0,58,eth:ethertype:ip:tcp,30.1,94.9,52.8,160.0,-50.0,a0:a3:b3:ed:ac:1c,,,,,0.0,Normal,0.0
1744304476624153,10.42.0.139,10.42.0.1,50030,1883,1,1,0,1,0,0,0,0,0,0,0,0,0,0.0,0,,0,0,,0,0,0,0,0,0,0,0,0.0,0,0,0,0,0,64.0,5760.0,0,0,0,54,eth:ethertype:ip:tcp,30.1,94.9,52.8,160.0,-50.0,a0:a3:b3:ed:ac:1c,,,,,0.0,Normal,0.0
1744304476626471,10.42.0.139,10.42.0.1,50030,1883,1,1,0,1,0,0,1,0,3,0,0,0,0,0.0,0,,0,0,,0,0,0,0,0,0,0,0,0.0,0,0,0,0,0,64.0,5760.0,0,0,0,57,eth:ethertype:ip:tcp,30.1,94.9,52.8,160.0,-50.0,a0:a3:b3:ed:ac:1c,,,,,0.0,Normal,0.0
1744304476629779,10.42.0.139,10.42.0.1,50030,1883,4,1,0,1,0,0,1,0,29,0,0,0,0,0.0,0,,0,0,,0,0,0,0,0,0,0,0,0.0,0,0,0,0,0,64.0,5760.0,0,0,0,83,eth:ethertype:ip:tcp,30.1,94.9,52.8,160.0,-50.0,a0:a3:b3:ed:ac:1c,,,,,0.0,Normal,0.0
1744304476632877,10.42.0.139,10.42.0.1,50030,1883,33,1,0,1,0,0,1,0,12,0,0,0,0,0.0,0,,0,1,,0,0,0,1,42,4,MQTT,4,0.0,0,0,0,0,0,64.0,5760.0,0,0,esp32_a0a3b3edac1c,66,eth:ethertype:ip:tcp:mqtt,30.1,94.9,52.8,160.0,-50.0,a0:a3:b3:ed:ac:1c,,,,,0.0,Normal,0.0
1744304476668678,10.42.0.139,10.42.0.1,50030,1883,45,5,0,1,0,0,1,0,3,0,0,0,0,0.0,0,,0,0,,0,0,0,0,0,0,0,0,0.0,0,0,0,0,0,64.0,5756.0,0,0,0,57,eth:ethertype:ip:tcp,30.1,94.9,52.8,160.0,-50.0,a0:a3:b3:ed:ac:1c,,,,,0.0,Normal,0.0
1744304476680948,10.42.0.139,10.42.0.1,50030,1883,48,5,0,1,1,0,1,0,185,0,0,0,0,0.0,0,,0,3,"Wakeup: 0, Mode: 0, Reset: 1, Temperature: 26.4, Uptime: 628751, Memory: 94.9, In_Temperature: 52.8°C, CPU: 160, RSSI: -48, MAC: a0:a3:b3:ed:ac:1c, F_Storage: 99.2",test/temperatura,16,0,0,182,0,0,0,0.0,0,0,0,0,0,64.0,5756.0,0,0,0,239,eth:ethertype:ip:tcp:mqtt,26.4,94.9,52.8,160.0,-48.0,a0:a3:b3:ed:ac:1c,,,,,0.0,Normal,0.0
1744304476684447,10.42.0.139,10.42.0.1,50030,1883,234,6,0,1,0,0,0,0,0,0,0,0,0,0.0,0,,0,0,,0,0,0,0,0,0,0,0,0.0,0,0,0,0,0,64.0,5755.0,0,0,0,54,eth:ethertype:ip:tcp,26.4,94.9,52.8,160.0,-48.0,a0:a3:b3:ed:ac:1c,,,,,0.0,Normal,0.0
1744304506690026,10.42.0.139,10.42.0.1,50031,1883,0,0,1,0,0,0,0,0,0,0,0,0,0,0.0,0,,0,0,,0,0,0,0,0,0,0,0,0.0,0,0,0,0,0,64.0,5760.0,0,0,0,58,eth:ethertype:ip:tcp,26.4,94.9,52.8,160.0,-48.0,a0:a3:b3:ed:ac:1c,,,,,0.0,Normal,0.0
1744304506694325,10.42.0.139,10.42.0.1,50031,1883,1,1,0,1,0,0,0,0,0,0,0,0,0,0.0,0,,0,0,,0,0,0,0,0,0,0,0,0.0,0,0,0,0,0,64.0,5760.0,0,0,0,54,eth:ethertype:ip:tcp,26.4,94.9,52.8,160.0,-48.0,a0:a3:b3:ed:ac:1c,,,,,0.0,Normal,0.0
1744304506696296,10.42.0.139,10.42.0.1,50031,1883,1,1,0,1,0,0,1,0,3,0,0,0,0,0.0,0,,0,0,,0,0,0,0,0,0,0,0,0.0,0,0,0,0,0,64.0,5760.0,0,0,0,57,eth:ethertype:ip:tcp,26.4,94.9,52.8,160.0,-48.0,a0:a3:b3:ed:ac:1c,,,,,0.0,Normal,0.0
1744304506699769,10.42.0.139,10.42.0.1,50031,1883,4,1,0,1,0,0,1,0,29,0,0,0,0,0.0,0,,0,0,,0,0,0,0,0,0,0,0,0.0,0,0,0,0,0,64.0,5760.0,0,0,0,83,eth:ethertype:ip:tcp,26.4,94.9,52.8,160.0,-48.0,a0:a3:b3:ed:ac:1c,,,,,0.0,Normal,0.0
1744304506726455,10.42.0.139,10.42.0.1,50031,1883,33,1,0,1,0,0,1,0,12,0,0,0,0,0.0,0,,0,1,,0,0,0,1,42,4,MQTT,4,0.0,0,0,0,0,0,64.0,5760.0,0,0,esp32_a0a3b3edac1c,66,eth:ethertype:ip:tcp:mqtt,26.4,94.9,52.8,160.0,-48.0,a0:a3:b3:ed:ac:1c,,,,,0.0,Normal,0.0
1744304506763691,10.42.0.139,10.42.0.1,50031,1883,45,5,0,1,0,0,1,0,3,0,0,0,0,0.0,0,,0,0,,0,0,0,0,0,0,0,0,0.0,0,0,0,0,0,64.0,5756.0,0,0,0,57,eth:ethertype:ip:tcp,26.4,94.9,52.8,160.0,-48.0,a0:a3:b3:ed:ac:1c,,,,,0.0,Normal,0.0
1744304506780352,10.42.0.139,10.42.0.1,50031,1883,48,5,0,1,1,0,1,0,185,0,0,0,0,0.0,0,,0,3,"Wakeup: 0, Mode: 0, Reset: 1, Temperature: 26.8, Uptime: 628781, Memory: 94.9, In_Temperature: 52.8°C, CPU: 160, RSSI: -49, MAC: a0:a3:b3:ed:ac:1c, F_Storage: 99.2",test/temperatura,16,0,0,182,0,0,0,0.0,0,0,0,0,0,64.0,5756.0,0,0,0,239,eth:ethertype:ip:tcp:mqtt,26.8,94.9,52.8,160.0,-49.0,a0:a3:b3:ed:ac:1c,,,,,0.0,Normal,0.0
1744304506783945,10.42.0.139,10.42.0.1,50031,1883,234,6,0,1,0,0,0,0,0,0,0,0,0,0.0,0,,0,0,,0,0,0,0,0,0,0,0,0.0,0,0,0,0,0,64.0,5755.0,0,0,0,54,eth:ethertype:ip:tcp,26.8,94.9,52.8,160.0,-49.0,a0:a3:b3:ed:ac:1c,,,,,0.0,Normal,0.0
1744304536789341,10.42.0.139,10.42.0.1,50032,1883,0,0,1,0,0,0,0,0,0,0,0,0,0,0.0,0,,0,0,,0,0,0,0,0,0,0,0,0.0,0,0,0,0,0,64.0,5760.0,0,0,0,58,eth:ethertype:ip:tcp,26.8,94.9,52.8,160.0,-49.0,a0:a3:b3:ed:ac:1c,,,,,0.0,Normal,0.0
1744304536793337,10.42.0.139,10.42.0.1,50032,1883,1,1,0,1,0,0,0,0,0,0,0,0,0,0.0,0,,0,0,,0,0,0,0,0,0,0,0,0.0,0,0,0,0,0,64.0,5760.0,0,0,0,54,eth:ethertype:ip:tcp,26.8,94.9,52.8,160.0,-49.0,a0:a3:b3:ed:ac:1c,,,,,0.0,Normal,0.0
1744304536795390,10.42.0.139,10.42.0.1,50032,1883,1,1,0,1,0,0,1,0,3,0,0,0,0,0.0,0,,0,0,,0,0,0,0,0,0,0,0,0.0,0,0,0,0,0,64.0,5760.0,0,0,0,57,eth:ethertype:ip:tcp,26.8,94.9,52.8,160.0,-49.0,a0:a3:b3:ed:ac:1c,,,,,0.0,Normal,0.0
1744304536798729,10.42.0.139,10.42.0.1,50032,1883,4,1,0,1,0,0,1,0,29,0,0,0,0,0.0,0,,0,0,,0,0,0,0,0,0,0,0,0.0,0,0,0,0,0,64.0,5760.0,0,0,0,83,eth:ethertype:ip:tcp,26.8,94.9,52.8,160.0,-49.0,a0:a3:b3:ed:ac:1c,,,,,0.0,Normal,0.0
1744304536801901,10.42.0.139,10.42.0.1,50032,1883,33,1,0,1,0,0,1,0,12,0,0,0,0,0.0,0,,0,1,,0,0,0,1,42,4,MQTT,4,0.0,0,0,0,0,0,64.0,5760.0,0,0,esp32_a0a3b3edac1c,66,eth:ethertype:ip:tcp:mqtt,26.8,94.9,52.8,160.0,-49.0,a0:a3:b3:ed:ac:1c,,,,,0.0,Normal,0.0
1744304536837567,10.42.0.139,10.42.0.1,50032,1883,45,5,0,1,0,0,1,0,3,0,0,0,0,0.0,0,,0,0,,0,0,0,0,0,0,0,0,0.0,0,0,0,0,0,64.0,5756.0,0,0,0,57,eth:ethertype:ip:tcp,26.8,94.9,52.8,160.0,-49.0,a0:a3:b3:ed:ac:1c,,,,,0.0,Normal,0.0
1744304536850208,10.42.0.139,10.42.0.1,50032,1883,48,5,0,1,1,0,1,0,185,0,0,0,0,0.0,0,,0,3,"Wakeup: 0, Mode: 0, Reset: 1, Temperature: 36.4, Uptime: 628811, Memory: 94.9, In_Temperature: 52.2°C, CPU: 160, RSSI: -50, MAC: a0:a3:b3:ed:ac:1c, F_Storage: 99.2",test/temperatura,16,0,0,182,0,0,0,0.0,0,0,0,0,0,64.0,5756.0,0,0,0,239,eth:ethertype:ip:tcp:mqtt,36.4,94.9,52.2,160.0,-50.0,a0:a3:b3:ed:ac:1c,,,,,0.0,Normal,0.0
1744304536853822,10.42.0.139,10.42.0.1,50032,1883,234,6,0,1,0,0,0,0,0,0,0,0,0,0.0,0,,0,0,,0,0,0,0,0,0,0,0,0.0,0,0,0,0,0,64.0,5755.0,0,0,0,54,eth:ethertype:ip:tcp,36.4,94.9,52.2,160.0,-50.0,a0:a3:b3:ed:ac:1c,,,,,0.0,Normal,0.0
1744304566858924,10.42.0.139,10.42.0.1,50033,1883,0,0,1,0,0,0,0,0,0,0,0,0,0,0.0,0,,0,0,,0,0,0,0,0,0,0,0,0.0,0,0,0,0,0,64.0,5760.0,0,0,0,58,eth:ethertype:ip:tcp,36.4,94.9,52.2,160.0,-50.0,a0:a3:b3:ed:ac:1c,,,,,0.0,Normal,0.0
1744304566862935,10.42.0.139,10.42.0.1,50033,1883,1,1,0,1,0,0,0,0,0,0,0,0,0,0.0,0,,0,0,,0,0,0,0,0,0,0,0,0.0,0,0,0,0,0,64.0,5760.0,0,0,0,54,eth:ethertype:ip:tcp,36.4,94.9,52.2,160.0,-50.0,a0:a3:b3:ed:ac:1c,,,,,0.0,Normal,0.0
1744304566865879,10.42.0.139,10.42.0.1,50033,1883,1,1,0,1,0,0,1,0,3,0,0,0,0,0.0,0,,0,0,,0,0,0,0,0,0,0,0,0.0,0,0,0,0,0,64.0,5760.0,0,0,0,57,eth:ethertype:ip:tcp,36.4,94.9,52.2,160.0,-50.0,a0:a3:b3:ed:ac:1c,,,,,0.0,Normal,0.0
1744304566872409,10.42.0.139,10.42.0.1,50033,1883,4,1,0,1,0,0,1,0,41,0,0,0,0,0.0,0,,0,1,,0,0,0,1,42,4,MQTT,4,0.0,0,0,0,0,0,64.0,5760.0,0,0,esp32_a0a3b3edac1c,95,eth:ethertype:ip:tcp:mqtt,36.4,94.9,52.2,160.0,-50.0,a0:a3:b3:ed:ac:1c,,,,,0.0,Normal,0.0
1744304566907803,10.42.0.139,10.42.0.1,50033,1883,45,5,0,1,0,0,1,0,3,0,0,0,0,0.0,0,,0,0,,0,0,0,0,0,0,0,0,0.0,0,0,0,0,0,64.0,5756.0,0,0,0,57,eth:ethertype:ip:tcp,36.4,94.9,52.2,160.0,-50.0,a0:a3:b3:ed:ac:1c,,,,,0.0,Normal,0.0
1744304566918933,10.42.0.139,10.42.0.1,50033,1883,48,5,0,1,1,0,1,0,185,0,0,0,0,0.0,0,,0,3,"Wakeup: 0, Mode: 0, Reset: 1, Temperature: 33.2, Uptime: 628841, Memory: 94.9, In_Temperature: 52.8°C, CPU: 160, RSSI: -49, MAC: a0:a3:b3:ed:ac:1c, F_Storage: 99.2",test/temperatura,16,0,0,182,0,0,0,0.0,0,0,0,0,0,64.0,5756.0,0,0,0,239,eth:ethertype:ip:tcp:mqtt,33.2,94.9,52.8,160.0,-49.0,a0:a3:b3:ed:ac:1c,,,,,0.0,Normal,0.0
1744304566923068,10.42.0.139,10.42.0.1,50033,1883,234,6,0,1,0,0,0,0,0,0,0,0,0,0.0,0,,0,0,,0,0,0,0,0,0,0,0,0.0,0,0,0,0,0,64.0,5755.0,0,0,0,54,eth:ethertype:ip:tcp,33.2,94.9,52.8,160.0,-49.0,a0:a3:b3:ed:ac:1c,,,,,0.0,Normal,0.0
1744304596928218,10.42.0.139,10.42.0.1,50034,1883,0,0,1,0,0,0,0,0,0,0,0,0,0,0.0,0,,0,0,,0,0,0,0,0,0,0,0,0.0,0,0,0,0,0,64.0,5760.0,0,0,0,58,eth:ethertype:ip:tcp,33.2,94.9,52.8,160.0,-49.0,a0:a3:b3:ed:ac:1c,,,,,0.0,Normal,0.0
1744304596932359,10.42.0.139,10.42.0.1,50034,1883,1,1,0,1,0,0,0,0,0,0,0,0,0,0.0,0,,0,0,,0,0,0,0,0,0,0,0,0.0,0,0,0,0,0,64.0,5760.0,0,0,0,54,eth:ethertype:ip:tcp,33.2,94.9,52.8,160.0,-49.0,a0:a3:b3:ed:ac:1c,,,,,0.0,Normal,0.0
1744304596934373,10.42.0.139,10.42.0.1,50034,1883,1,1,0,1,0,0,1,0,3,0,0,0,0,0.0,0,,0,0,,0,0,0,0,0,0,0,0,0.0,0,0,0,0,0,64.0,5760.0,0,0,0,57,eth:ethertype:ip:tcp,33.2,94.9,52.8,160.0,-49.0,a0:a3:b3:ed:ac:1c,,,,,0.0,Normal,0.0
1744304596938022,10.42.0.139,10.42.0.1,50034,1883,4,1,0,1,0,0,1,0,29,0,0,0,0,0.0,0,,0,0,,0,0,0,0,0,0,0,0,0.0,0,0,0,0,0,64.0,5760.0,0,0,0,83,eth:ethertype:ip:tcp,33.2,94.9,52.8,160.0,-49.0,a0:a3:b3:ed:ac:1c,,,,,0.0,Normal,0.0
1744304596941262,10.42.0.139,10.42.0.1,50034,1883,33,1,0,1,0,0,1,0,12,0,0,0,0,0.0,0,,0,1,,0,0,0,1,42,4,MQTT,4,0.0,0,0,0,0,0,64.0,5760.0,0,0,esp32_a0a3b3edac1c,66,eth:ethertype:ip:tcp:mqtt,33.2,94.9,52.8,160.0,-49.0,a0:a3:b3:ed:ac:1c,,,,,0.0,Normal,0.0
1744304596978269,10.42.0.139,10.42.0.1,50034,1883,45,5,0,1,0,0,1,0,3,0,0,0,0,0.0,0,,0,0,,0,0,0,0,0,0,0,0,0.0,0,0,0,0,0,64.0,5756.0,0,0,0,57,eth:ethertype:ip:tcp,33.2,94.9,52.8,160.0,-49.0,a0:a3:b3:ed:ac:1c,,,,,0.0,Normal,0.0
1744304596988325,10.42.0.139,10.42.0.1,50034,1883,48,5,0,1,1,0,1,0,185,0,0,0,0,0.0,0,,0,3,"Wakeup: 0, Mode: 0, Reset: 1, Temperature: 39.2, Uptime: 628871, Memory: 94.9, In_Temperature: 52.2°C, CPU: 160, RSSI: -49, MAC: a0:a3:b3:ed:ac:1c, F_Storage: 99.2",test/temperatura,16,0,0,182,0,0,0,0.0,0,0,0,0,0,64.0,5756.0,0,0,0,239,eth:ethertype:ip:tcp:mqtt,39.2,94.9,52.2,160.0,-49.0,a0:a3:b3:ed:ac:1c,,,,,0.0,Normal,0.0
1744304596991882,10.42.0.139,10.42.0.1,50034,1883,234,6,0,1,0,0,0,0,0,0,0,0,0,0.0,0,,0,0,,0,0,0,0,0,0,0,0,0.0,0,0,0,0,0,64.0,5755.0,0,0,0,54,eth:ethertype:ip:tcp,39.2,94.9,52.2,160.0,-49.0,a0:a3:b3:ed:ac:1c,,,,,0.0,Normal,0.0
1744304626997340,10.42.0.139,10.42.0.1,50035,1883,0,0,1,0,0,0,0,0,0,0,0,0,0,0.0,0,,0,0,,0,0,0,0,0,0,0,0,0.0,0,0,0,0,0,64.0,5760.0,0,0,0,58,eth:ethertype:ip:tcp,39.2,94.9,52.2,160.0,-49.0,a0:a3:b3:ed:ac:1c,,,,,0.0,Normal,0.0
1744304627001376,10.42.0.139,10.42.0.1,50035,1883,1,1,0,1,0,0,0,0,0,0,0,0,0,0.0,0,,0,0,,0,0,0,0,0,0,0,0,0.0,0,0,0,0,0,64.0,5760.0,0,0,0,54,eth:ethertype:ip:tcp,39.2,94.9,52.2,160.0,-49.0,a0:a3:b3:ed:ac:1c,,,,,0.0,Normal,0.0
1744304627003489,10.42.0.139,10.42.0.1,50035,1883,1,1,0,1,0,0,1,0,3,0,0,0,0,0.0,0,,0,0,,0,0,0,0,0,0,0,0,0.0,0,0,0,0,0,64.0,5760.0,0,0,0,57,eth:ethertype:ip:tcp,39.2,94.9,52.2,160.0,-49.0,a0:a3:b3:ed:ac:1c,,,,,0.0,Normal,0.0
1744304627006988,10.42.0.139,10.42.0.1,50035,1883,4,1,0,1,0,0,1,0,29,0,0,0,0,0.0,0,,0,0,,0,0,0,0,0,0,0,0,0.0,0,0,0,0,0,64.0,5760.0,0,0,0,83,eth:ethertype:ip:tcp,39.2,94.9,52.2,160.0,-49.0,a0:a3:b3:ed:ac:1c,,,,,0.0,Normal,0.0
1744304627010050,10.42.0.139,10.42.0.1,50035,1883,33,1,0,1,0,0,1,0,12,0,0,0,0,0.0,0,,0,1,,0,0,0,1,42,4,MQTT,4,0.0,0,0,0,0,0,64.0,5760.0,0,0,esp32_a0a3b3edac1c,66,eth:ethertype:ip:tcp:mqtt,39.2,94.9,52.2,160.0,-49.0,a0:a3:b3:ed:ac:1c,,,,,0.0,Normal,0.0
1744304627045231,10.42.0.139,10.42.0.1,50035,1883,45,5,0,1,0,0,1,0,3,0,0,0,0,0.0,0,,0,0,,0,0,0,0,0,0,0,0,0.0,0,0,0,0,0,64.0,5756.0,0,0,0,57,eth:ethertype:ip:tcp,39.2,94.9,52.2,160.0,-49.0,a0:a3:b3:ed:ac:1c,,,,,0.0,Normal,0.0
1744304627057684,10.42.0.139,10.42.0.1,50035,1883,48,5,0,1,1,0,1,0,185,0,0,0,0,0.0,0,,0,3,"Wakeup: 0, Mode: 0, Reset: 1, Temperature: 35.7, Uptime: 628901, Memory: 94.9, In_Temperature: 52.8°C, CPU: 160, RSSI: -50, MAC: a0:a3:b3:ed:ac:1c, F_Storage: 99.2",test/temperatura,16,0,0,182,0,0,0,0.0,0,0,0,0,0,64.0,5756.0,0,0,0,239,eth:ethertype:ip:tcp:mqtt,35.7,94.9,52.8,160.0,-50.0,a0:a3:b3:ed:ac:1c,,,,,0.0,Normal,0.0
1744304627061153,10.42.0.139,10.42.0.1,50035,1883,234,6,0,1,0,0,0,0,0,0,0,0,0,0.0,0,,0,0,,0,0,0,0,0,0,0,0,0.0,0,0,0,0,0,64.0,5755.0,0,0,0,54,eth:ethertype:ip:tcp,35.7,94.9,52.8,160.0,-50.0,a0:a3:b3:ed:ac:1c,,,,,0.0,Normal,0.0
1744304657065845,10.42.0.139,10.42.0.1,50036,1883,0,0,1,0,0,0,0,0,0,0,0,0,0,0.0,0,,0,0,,0,0,0,0,0,0,0,0,0.0,0,0,0,0,0,64.0,5760.0,0,0,0,58,eth:ethertype:ip:tcp,35.7,94.9,52.8,160.0,-50.0,a0:a3:b3:ed:ac:1c,,,,,0.0,Normal,0.0
1744304657069641,10.42.0.139,10.42.0.1,50036,1883,1,1,0,1,0,0,0,0,0,0,0,0,0,0.0,0,,0,0,,0,0,0,0,0,0,0,0,0.0,0,0,0,0,0,64.0,5760.0,0,0,0,54,eth:ethertype:ip:tcp,35.7,94.9,52.8,160.0,-50.0,a0:a3:b3:ed:ac:1c,,,,,0.0,Normal,0.0
1744304657071616,10.42.0.139,10.42.0.1,50036,1883,1,1,0,1,0,0,1,0,3,0,0,0,0,0.0,0,,0,0,,0,0,0,0,0,0,0,0,0.0,0,0,0,0,0,64.0,5760.0,0,0,0,57,eth:ethertype:ip:tcp,35.7,94.9,52.8,160.0,-50.0,a0:a3:b3:ed:ac:1c,,,,,0.0,Normal,0.0
1744304657075295,10.42.0.139,10.42.0.1,50036,1883,4,1,0,1,0,0,1,0,29,0,0,0,0,0.0,0,,0,0,,0,0,0,0,0,0,0,0,0.0,0,0,0,0,0,64.0,5760.0,0,0,0,83,eth:ethertype:ip:tcp,35.7,94.9,52.8,160.0,-50.0,a0:a3:b3:ed:ac:1c,,,,,0.0,Normal,0.0
1744304657080421,10.42.0.139,10.42.0.1,50036,1883,33,1,0,1,0,0,1,0,12,0,0,0,0,0.0,0,,0,1,,0,0,0,1,42,4,MQTT,4,0.0,0,0,0,0,0,64.0,5760.0,0,0,esp32_a0a3b3edac1c,66,eth:ethertype:ip:tcp:mqtt,35.7,94.9,52.8,160.0,-50.0,a0:a3:b3:ed:ac:1c,,,,,0.0,Normal,0.0
1744304657098901,10.42.0.139,10.42.0.1,50036,1883,45,5,0,1,0,0,0,0,0,0,0,0,0,0.0,0,,0,0,,0,0,0,0,0,0,0,0,0.0,0,0,0,0,0,64.0,5756.0,0,0,0,54,eth:ethertype:ip:tcp,35.7,94.9,52.8,160.0,-50.0,a0:a3:b3:ed:ac:1c,,,,,0.0,Normal,0.0
1744304657118117,10.42.0.139,10.42.0.1,50036,1883,45,5,0,1,0,0,1,0,3,0,0,0,0,0.0,0,,0,0,,0,0,0,0,0,0,0,0,0.0,0,0,0,0,0,64.0,5756.0,0,0,0,57,eth:ethertype:ip:tcp,35.7,94.9,52.8,160.0,-50.0,a0:a3:b3:ed:ac:1c,,,,,0.0,Normal,0.0
1744304657127020,10.42.0.139,10.42.0.1,50036,1883,48,5,0,1,1,0,1,0,185,0,0,0,0,0.0,0,,0,3,"Wakeup: 0, Mode: 0, Reset: 1, Temperature: 39.9, Uptime: 628931, Memory: 94.9, In_Temperature: 52.8°C, CPU: 160, RSSI: -49, MAC: a0:a3:b3:ed:ac:1c, F_Storage: 99.2",test/temperatura,16,0,0,182,0,0,0,0.0,0,0,0,0,0,64.0,5756.0,0,0,0,239,eth:ethertype:ip:tcp:mqtt,39.9,94.9,52.8,160.0,-49.0,a0:a3:b3:ed:ac:1c,,,,,0.0,Normal,0.0
1744304657130426,10.42.0.139,10.42.0.1,50036,1883,234,6,0,1,0,0,0,0,0,0,0,0,0,0.0,0,,0,0,,0,0,0,0,0,0,0,0,0.0,0,0,0,0,0,64.0,5755.0,0,0,0,54,eth:ethertype:ip:tcp,39.9,94.9,52.8,160.0,-49.0,a0:a3:b3:ed:ac:1c,,,,,0.0,Normal,0.0
1744304685847687,10.42.0.139,10.42.0.1,0,0,0,0,0,0,0,0,0,0,0,0,0,0,0,0.0,0,,0,0,,0,0,0,0,0,0,0,0,0.0,0,0,0,0,0,64.0,0.0,0,0,0,350,eth:ethertype:ip:udp:dhcp,39.9,94.9,52.8,160.0,-49.0,a0:a3:b3:ed:ac:1c,,,,,0.0,Normal,0.0
1744304687144495,10.42.0.139,10.42.0.1,50037,1883,0,0,1,0,0,0,0,0,0,0,0,0,0,0.0,0,,0,0,,0,0,0,0,0,0,0,0,0.0,0,0,0,0,0,64.0,5760.0,0,0,0,58,eth:ethertype:ip:tcp,39.9,94.9,52.8,160.0,-49.0,a0:a3:b3:ed:ac:1c,,,,,0.0,Normal,0.0
1744304687148922,10.42.0.139,10.42.0.1,50037,1883,1,1,0,1,0,0,0,0,0,0,0,0,0,0.0,0,,0,0,,0,0,0,0,0,0,0,0,0.0,0,0,0,0,0,64.0,5760.0,0,0,0,54,eth:ethertype:ip:tcp,39.9,94.9,52.8,160.0,-49.0,a0:a3:b3:ed:ac:1c,,,,,0.0,Normal,0.0
1744304687151000,10.42.0.139,10.42.0.1,50037,1883,1,1,0,1,0,0,1,0,3,0,0,0,0,0.0,0,,0,0,,0,0,0,0,0,0,0,0,0.0,0,0,0,0,0,64.0,5760.0,0,0,0,57,eth:ethertype:ip:tcp,39.9,94.9,52.8,160.0,-49.0,a0:a3:b3:ed:ac:1c,,,,,0.0,Normal,0.0
1744304687154478,10.42.0.139,10.42.0.1,50037,1883,4,1,0,1,0,0,1,0,29,0,0,0,0,0.0,0,,0,0,,0,0,0,0,0,0,0,0,0.0,0,0,0,0,0,64.0,5760.0,0,0,0,83,eth:ethertype:ip:tcp,39.9,94.9,52.8,160.0,-49.0,a0:a3:b3:ed:ac:1c,,,,,0.0,Normal,0.0
1744304687157580,10.42.0.139,10.42.0.1,50037,1883,33,1,0,1,0,0,1,0,12,0,0,0,0,0.0,0,,0,1,,0,0,0,1,42,4,MQTT,4,0.0,0,0,0,0,0,64.0,5760.0,0,0,esp32_a0a3b3edac1c,66,eth:ethertype:ip:tcp:mqtt,39.9,94.9,52.8,160.0,-49.0,a0:a3:b3:ed:ac:1c,,,,,0.0,Normal,0.0
1744304687194328,10.42.0.139,10.42.0.1,50037,1883,45,5,0,1,0,0,1,0,3,0,0,0,0,0.0,0,,0,0,,0,0,0,0,0,0,0,0,0.0,0,0,0,0,0,64.0,5756.0,0,0,0,57,eth:ethertype:ip:tcp,39.9,94.9,52.8,160.0,-49.0,a0:a3:b3:ed:ac:1c,,,,,0.0,Normal,0.0
1744304687206448,10.42.0.139,10.42.0.1,50037,1883,48,5,0,1,1,0,1,0,185,0,0,0,0,0.0,0,,0,3,"Wakeup: 0, Mode: 0, Reset: 1, Temperature: 31.0, Uptime: 628961, Memory: 94.9, In_Temperature: 52.2°C, CPU: 160, RSSI: -49, MAC: a0:a3:b3:ed:ac:1c, F_Storage: 99.2",test/temperatura,16,0,0,182,0,0,0,0.0,0,0,0,0,0,64.0,5756.0,0,0,0,239,eth:ethertype:ip:tcp:mqtt,31.0,94.9,52.2,160.0,-49.0,a0:a3:b3:ed:ac:1c,,,,,0.0,Normal,0.0
1744304687209934,10.42.0.139,10.42.0.1,50037,1883,234,6,0,1,0,0,0,0,0,0,0,0,0,0.0,0,,0,0,,0,0,0,0,0,0,0,0,0.0,0,0,0,0,0,64.0,5755.0,0,0,0,54,eth:ethertype:ip:tcp,31.0,94.9,52.2,160.0,-49.0,a0:a3:b3:ed:ac:1c,,,,,0.0,Normal,0.0
1744304717215253,10.42.0.139,10.42.0.1,50038,1883,0,0,1,0,0,0,0,0,0,0,0,0,0,0.0,0,,0,0,,0,0,0,0,0,0,0,0,0.0,0,0,0,0,0,64.0,5760.0,0,0,0,58,eth:ethertype:ip:tcp,31.0,94.9,52.2,160.0,-49.0,a0:a3:b3:ed:ac:1c,,,,,0.0,Normal,0.0
1744304717219250,10.42.0.139,10.42.0.1,50038,1883,1,1,0,1,0,0,0,0,0,0,0,0,0,0.0,0,,0,0,,0,0,0,0,0,0,0,0,0.0,0,0,0,0,0,64.0,5760.0,0,0,0,54,eth:ethertype:ip:tcp,31.0,94.9,52.2,160.0,-49.0,a0:a3:b3:ed:ac:1c,,,,,0.0,Normal,0.0
1744304717221344,10.42.0.139,10.42.0.1,50038,1883,1,1,0,1,0,0,1,0,3,0,0,0,0,0.0,0,,0,0,,0,0,0,0,0,0,0,0,0.0,0,0,0,0,0,64.0,5760.0,0,0,0,57,eth:ethertype:ip:tcp,31.0,94.9,52.2,160.0,-49.0,a0:a3:b3:ed:ac:1c,,,,,0.0,Normal,0.0
1744304717224780,10.42.0.139,10.42.0.1,50038,1883,4,1,0,1,0,0,1,0,29,0,0,0,0,0.0,0,,0,0,,0,0,0,0,0,0,0,0,0.0,0,0,0,0,0,64.0,5760.0,0,0,0,83,eth:ethertype:ip:tcp,31.0,94.9,52.2,160.0,-49.0,a0:a3:b3:ed:ac:1c,,,,,0.0,Normal,0.0
1744304717227922,10.42.0.139,10.42.0.1,50038,1883,33,1,0,1,0,0,1,0,12,0,0,0,0,0.0,0,,0,1,,0,0,0,1,42,4,MQTT,4,0.0,0,0,0,0,0,64.0,5760.0,0,0,esp32_a0a3b3edac1c,66,eth:ethertype:ip:tcp:mqtt,31.0,94.9,52.2,160.0,-49.0,a0:a3:b3:ed:ac:1c,,,,,0.0,Normal,0.0
1744304717263423,10.42.0.139,10.42.0.1,50038,1883,45,5,0,1,0,0,1,0,3,0,0,0,0,0.0,0,,0,0,,0,0,0,0,0,0,0,0,0.0,0,0,0,0,0,64.0,5756.0,0,0,0,57,eth:ethertype:ip:tcp,31.0,94.9,52.2,160.0,-49.0,a0:a3:b3:ed:ac:1c,,,,,0.0,Normal,0.0
1744304717275968,10.42.0.139,10.42.0.1,50038,1883,48,5,0,1,1,0,1,0,185,0,0,0,0,0.0,0,,0,3,"Wakeup: 0, Mode: 0, Reset: 1, Temperature: 28.3, Uptime: 628991, Memory: 94.9, In_Temperature: 52.2°C, CPU: 160, RSSI: -49, MAC: a0:a3:b3:ed:ac:1c, F_Storage: 99.2",test/temperatura,16,0,0,182,0,0,0,0.0,0,0,0,0,0,64.0,5756.0,0,0,0,239,eth:ethertype:ip:tcp:mqtt,28.3,94.9,52.2,160.0,-49.0,a0:a3:b3:ed:ac:1c,,,,,0.0,Normal,0.0
1744304717279389,10.42.0.139,10.42.0.1,50038,1883,234,6,0,1,0,0,0,0,0,0,0,0,0,0.0,0,,0,0,,0,0,0,0,0,0,0,0,0.0,0,0,0,0,0,64.0,5755.0,0,0,0,54,eth:ethertype:ip:tcp,28.3,94.9,52.2,160.0,-49.0,a0:a3:b3:ed:ac:1c,,,,,0.0,Normal,0.0
1744304747284736,10.42.0.139,10.42.0.1,50039,1883,0,0,1,0,0,0,0,0,0,0,0,0,0,0.0,0,,0,0,,0,0,0,0,0,0,0,0,0.0,0,0,0,0,0,64.0,5760.0,0,0,0,58,eth:ethertype:ip:tcp,28.3,94.9,52.2,160.0,-49.0,a0:a3:b3:ed:ac:1c,,,,,0.0,Normal,0.0
1744304747288789,10.42.0.139,10.42.0.1,50039,1883,1,1,0,1,0,0,0,0,0,0,0,0,0,0.0,0,,0,0,,0,0,0,0,0,0,0,0,0.0,0,0,0,0,0,64.0,5760.0,0,0,0,54,eth:ethertype:ip:tcp,28.3,94.9,52.2,160.0,-49.0,a0:a3:b3:ed:ac:1c,,,,,0.0,Normal,0.0
1744304747290940,10.42.0.139,10.42.0.1,50039,1883,1,1,0,1,0,0,1,0,3,0,0,0,0,0.0,0,,0,0,,0,0,0,0,0,0,0,0,0.0,0,0,0,0,0,64.0,5760.0,0,0,0,57,eth:ethertype:ip:tcp,28.3,94.9,52.2,160.0,-49.0,a0:a3:b3:ed:ac:1c,,,,,0.0,Normal,0.0
1744304747294778,10.42.0.139,10.42.0.1,50039,1883,4,1,0,1,0,0,1,0,29,0,0,0,0,0.0,0,,0,0,,0,0,0,0,0,0,0,0,0.0,0,0,0,0,0,64.0,5760.0,0,0,0,83,eth:ethertype:ip:tcp,28.3,94.9,52.2,160.0,-49.0,a0:a3:b3:ed:ac:1c,,,,,0.0,Normal,0.0
1744304747299583,10.42.0.139,10.42.0.1,50039,1883,33,1,0,1,0,0,1,0,12,0,0,0,0,0.0,0,,0,1,,0,0,0,1,42,4,MQTT,4,0.0,0,0,0,0,0,64.0,5760.0,0,0,esp32_a0a3b3edac1c,66,eth:ethertype:ip:tcp:mqtt,28.3,94.9,52.2,160.0,-49.0,a0:a3:b3:ed:ac:1c,,,,,0.0,Normal,0.0
1744304747336684,10.42.0.139,10.42.0.1,50039,1883,45,5,0,1,0,0,1,0,3,0,0,0,0,0.0,0,,0,0,,0,0,0,0,0,0,0,0,0.0,0,0,0,0,0,64.0,5756.0,0,0,0,57,eth:ethertype:ip:tcp,28.3,94.9,52.2,160.0,-49.0,a0:a3:b3:ed:ac:1c,,,,,0.0,Normal,0.0
1744304747355741,10.42.0.139,10.42.0.1,50039,1883,48,5,0,1,1,0,1,0,185,0,0,0,0,0.0,0,,0,3,"Wakeup: 0, Mode: 0, Reset: 1, Temperature: 36.3, Uptime: 629021, Memory: 94.9, In_Temperature: 52.2°C, CPU: 160, RSSI: -49, MAC: a0:a3:b3:ed:ac:1c, F_Storage: 99.2",test/temperatura,16,0,0,182,0,0,0,0.0,0,0,0,0,0,64.0,5756.0,0,0,0,239,eth:ethertype:ip:tcp:mqtt,36.3,94.9,52.2,160.0,-49.0,a0:a3:b3:ed:ac:1c,,,,,0.0,Normal,0.0
1744304747359211,10.42.0.139,10.42.0.1,50039,1883,234,6,0,1,0,0,0,0,0,0,0,0,0,0.0,0,,0,0,,0,0,0,0,0,0,0,0,0.0,0,0,0,0,0,64.0,5755.0,0,0,0,54,eth:ethertype:ip:tcp,36.3,94.9,52.2,160.0,-49.0,a0:a3:b3:ed:ac:1c,,,,,0.0,Normal,0.0
1744304777364300,10.42.0.139,10.42.0.1,50040,1883,0,0,1,0,0,0,0,0,0,0,0,0,0,0.0,0,,0,0,,0,0,0,0,0,0,0,0,0.0,0,0,0,0,0,64.0,5760.0,0,0,0,58,eth:ethertype:ip:tcp,36.3,94.9,52.2,160.0,-49.0,a0:a3:b3:ed:ac:1c,,,,,0.0,Normal,0.0
1744304777368313,10.42.0.139,10.42.0.1,50040,1883,1,1,0,1,0,0,0,0,0,0,0,0,0,0.0,0,,0,0,,0,0,0,0,0,0,0,0,0.0,0,0,0,0,0,64.0,5760.0,0,0,0,54,eth:ethertype:ip:tcp,36.3,94.9,52.2,160.0,-49.0,a0:a3:b3:ed:ac:1c,,,,,0.0,Normal,0.0
1744304777370385,10.42.0.139,10.42.0.1,50040,1883,1,1,0,1,0,0,1,0,3,0,0,0,0,0.0,0,,0,0,,0,0,0,0,0,0,0,0,0.0,0,0,0,0,0,64.0,5760.0,0,0,0,57,eth:ethertype:ip:tcp,36.3,94.9,52.2,160.0,-49.0,a0:a3:b3:ed:ac:1c,,,,,0.0,Normal,0.0
1744304777373926,10.42.0.139,10.42.0.1,50040,1883,4,1,0,1,0,0,1,0,29,0,0,0,0,0.0,0,,0,0,,0,0,0,0,0,0,0,0,0.0,0,0,0,0,0,64.0,5760.0,0,0,0,83,eth:ethertype:ip:tcp,36.3,94.9,52.2,160.0,-49.0,a0:a3:b3:ed:ac:1c,,,,,0.0,Normal,0.0
1744304777377306,10.42.0.139,10.42.0.1,50040,1883,33,1,0,1,0,0,1,0,12,0,0,0,0,0.0,0,,0,1,,0,0,0,1,42,4,MQTT,4,0.0,0,0,0,0,0,64.0,5760.0,0,0,esp32_a0a3b3edac1c,66,eth:ethertype:ip:tcp:mqtt,36.3,94.9,52.2,160.0,-49.0,a0:a3:b3:ed:ac:1c,,,,,0.0,Normal,0.0
1744304777414172,10.42.0.139,10.42.0.1,50040,1883,45,5,0,1,0,0,1,0,3,0,0,0,0,0.0,0,,0,0,,0,0,0,0,0,0,0,0,0.0,0,0,0,0,0,64.0,5756.0,0,0,0,57,eth:ethertype:ip:tcp,36.3,94.9,52.2,160.0,-49.0,a0:a3:b3:ed:ac:1c,,,,,0.0,Normal,0.0
1744304777424218,10.42.0.139,10.42.0.1,50040,1883,48,5,0,1,1,0,1,0,185,0,0,0,0,0.0,0,,0,3,"Wakeup: 0, Mode: 0, Reset: 1, Temperature: 36.4, Uptime: 629051, Memory: 94.9, In_Temperature: 52.8°C, CPU: 160, RSSI: -51, MAC: a0:a3:b3:ed:ac:1c, F_Storage: 99.2",test/temperatura,16,0,0,182,0,0,0,0.0,0,0,0,0,0,64.0,5756.0,0,0,0,239,eth:ethertype:ip:tcp:mqtt,36.4,94.9,52.8,160.0,-51.0,a0:a3:b3:ed:ac:1c,,,,,0.0,Normal,0.0
1744304777427645,10.42.0.139,10.42.0.1,50040,1883,234,6,0,1,0,0,0,0,0,0,0,0,0,0.0,0,,0,0,,0,0,0,0,0,0,0,0,0.0,0,0,0,0,0,64.0,5755.0,0,0,0,54,eth:ethertype:ip:tcp,36.4,94.9,52.8,160.0,-51.0,a0:a3:b3:ed:ac:1c,,,,,0.0,Normal,0.0
1744304807433388,10.42.0.139,10.42.0.1,50041,1883,0,0,1,0,0,0,0,0,0,0,0,0,0,0.0,0,,0,0,,0,0,0,0,0,0,0,0,0.0,0,0,0,0,0,64.0,5760.0,0,0,0,58,eth:ethertype:ip:tcp,36.4,94.9,52.8,160.0,-51.0,a0:a3:b3:ed:ac:1c,,,,,0.0,Normal,0.0
1744304807437386,10.42.0.139,10.42.0.1,50041,1883,1,1,0,1,0,0,0,0,0,0,0,0,0,0.0,0,,0,0,,0,0,0,0,0,0,0,0,0.0,0,0,0,0,0,64.0,5760.0,0,0,0,54,eth:ethertype:ip:tcp,36.4,94.9,52.8,160.0,-51.0,a0:a3:b3:ed:ac:1c,,,,,0.0,Normal,0.0
1744304807439468,10.42.0.139,10.42.0.1,50041,1883,1,1,0,1,0,0,1,0,3,0,0,0,0,0.0,0,,0,0,,0,0,0,0,0,0,0,0,0.0,0,0,0,0,0,64.0,5760.0,0,0,0,57,eth:ethertype:ip:tcp,36.4,94.9,52.8,160.0,-51.0,a0:a3:b3:ed:ac:1c,,,,,0.0,Normal,0.0
1744304807442898,10.42.0.139,10.42.0.1,50041,1883,4,1,0,1,0,0,1,0,29,0,0,0,0,0.0,0,,0,0,,0,0,0,0,0,0,0,0,0.0,0,0,0,0,0,64.0,5760.0,0,0,0,83,eth:ethertype:ip:tcp,36.4,94.9,52.8,160.0,-51.0,a0:a3:b3:ed:ac:1c,,,,,0.0,Normal,0.0
1744304807445984,10.42.0.139,10.42.0.1,50041,1883,33,1,0,1,0,0,1,0,12,0,0,0,0,0.0,0,,0,1,,0,0,0,1,42,4,MQTT,4,0.0,0,0,0,0,0,64.0,5760.0,0,0,esp32_a0a3b3edac1c,66,eth:ethertype:ip:tcp:mqtt,36.4,94.9,52.8,160.0,-51.0,a0:a3:b3:ed:ac:1c,,,,,0.0,Normal,0.0
1744304807481216,10.42.0.139,10.42.0.1,50041,1883,45,5,0,1,0,0,1,0,3,0,0,0,0,0.0,0,,0,0,,0,0,0,0,0,0,0,0,0.0,0,0,0,0,0,64.0,5756.0,0,0,0,57,eth:ethertype:ip:tcp,36.4,94.9,52.8,160.0,-51.0,a0:a3:b3:ed:ac:1c,,,,,0.0,Normal,0.0
1744304807493517,10.42.0.139,10.42.0.1,50041,1883,48,5,0,1,1,0,1,0,185,0,0,0,0,0.0,0,,0,3,"Wakeup: 0, Mode: 0, Reset: 1, Temperature: 35.9, Uptime: 629081, Memory: 94.9, In_Temperature: 52.2°C, CPU: 160, RSSI: -49, MAC: a0:a3:b3:ed:ac:1c, F_Storage: 99.2",test/temperatura,16,0,0,182,0,0,0,0.0,0,0,0,0,0,64.0,5756.0,0,0,0,239,eth:ethertype:ip:tcp:mqtt,35.9,94.9,52.2,160.0,-49.0,a0:a3:b3:ed:ac:1c,,,,,0.0,Normal,0.0
1744304807497068,10.42.0.139,10.42.0.1,50041,1883,234,6,0,1,0,0,0,0,0,0,0,0,0,0.0,0,,0,0,,0,0,0,0,0,0,0,0,0.0,0,0,0,0,0,64.0,5755.0,0,0,0,54,eth:ethertype:ip:tcp,35.9,94.9,52.2,160.0,-49.0,a0:a3:b3:ed:ac:1c,,,,,0.0,Normal,0.0
1744304837501895,10.42.0.139,10.42.0.1,50042,1883,0,0,1,0,0,0,0,0,0,0,0,0,0,0.0,0,,0,0,,0,0,0,0,0,0,0,0,0.0,0,0,0,0,0,64.0,5760.0,0,0,0,58,eth:ethertype:ip:tcp,35.9,94.9,52.2,160.0,-49.0,a0:a3:b3:ed:ac:1c,,,,,0.0,Normal,0.0
1744304837505521,10.42.0.139,10.42.0.1,50042,1883,1,1,0,1,0,0,0,0,0,0,0,0,0,0.0,0,,0,0,,0,0,0,0,0,0,0,0,0.0,0,0,0,0,0,64.0,5760.0,0,0,0,54,eth:ethertype:ip:tcp,35.9,94.9,52.2,160.0,-49.0,a0:a3:b3:ed:ac:1c,,,,,0.0,Normal,0.0
1744304837509347,10.42.0.139,10.42.0.1,50042,1883,1,1,0,1,0,0,1,0,3,0,0,0,0,0.0,0,,0,0,,0,0,0,0,0,0,0,0,0.0,0,0,0,0,0,64.0,5760.0,0,0,0,57,eth:ethertype:ip:tcp,35.9,94.9,52.2,160.0,-49.0,a0:a3:b3:ed:ac:1c,,,,,0.0,Normal,0.0
1744304837514351,10.42.0.139,10.42.0.1,50042,1883,4,1,0,1,0,0,1,0,41,0,0,0,0,0.0,0,,0,1,,0,0,0,1,42,4,MQTT,4,0.0,0,0,0,0,0,64.0,5760.0,0,0,esp32_a0a3b3edac1c,95,eth:ethertype:ip:tcp:mqtt,35.9,94.9,52.2,160.0,-49.0,a0:a3:b3:ed:ac:1c,,,,,0.0,Normal,0.0
1744304837549651,10.42.0.139,10.42.0.1,50042,1883,45,5,0,1,0,0,1,0,3,0,0,0,0,0.0,0,,0,0,,0,0,0,0,0,0,0,0,0.0,0,0,0,0,0,64.0,5756.0,0,0,0,57,eth:ethertype:ip:tcp,35.9,94.9,52.2,160.0,-49.0,a0:a3:b3:ed:ac:1c,,,,,0.0,Normal,0.0
1744304837562973,10.42.0.139,10.42.0.1,50042,1883,48,5,0,1,1,0,1,0,185,0,0,0,0,0.0,0,,0,3,"Wakeup: 0, Mode: 0, Reset: 1, Temperature: 27.3, Uptime: 629111, Memory: 94.9, In_Temperature: 52.8°C, CPU: 160, RSSI: -50, MAC: a0:a3:b3:ed:ac:1c, F_Storage: 99.2",test/temperatura,16,0,0,182,0,0,0,0.0,0,0,0,0,0,64.0,5756.0,0,0,0,239,eth:ethertype:ip:tcp:mqtt,27.3,94.9,52.8,160.0,-50.0,a0:a3:b3:ed:ac:1c,,,,,0.0,Normal,0.0
1744304837566325,10.42.0.139,10.42.0.1,50042,1883,234,6,0,1,0,0,0,0,0,0,0,0,0,0.0,0,,0,0,,0,0,0,0,0,0,0,0,0.0,0,0,0,0,0,64.0,5755.0,0,0,0,54,eth:ethertype:ip:tcp,27.3,94.9,52.8,160.0,-50.0,a0:a3:b3:ed:ac:1c,,,,,0.0,Normal,0.0
1744304867571894,10.42.0.139,10.42.0.1,50043,1883,0,0,1,0,0,0,0,0,0,0,0,0,0,0.0,0,,0,0,,0,0,0,0,0,0,0,0,0.0,0,0,0,0,0,64.0,5760.0,0,0,0,58,eth:ethertype:ip:tcp,27.3,94.9,52.8,160.0,-50.0,a0:a3:b3:ed:ac:1c,,,,,0.0,Normal,0.0
1744304867576470,10.42.0.139,10.42.0.1,50043,1883,1,1,0,1,0,0,0,0,0,0,0,0,0,0.0,0,,0,0,,0,0,0,0,0,0,0,0,0.0,0,0,0,0,0,64.0,5760.0,0,0,0,54,eth:ethertype:ip:tcp,27.3,94.9,52.8,160.0,-50.0,a0:a3:b3:ed:ac:1c,,,,,0.0,Normal,0.0
1744304867578358,10.42.0.139,10.42.0.1,50043,1883,1,1,0,1,0,0,1,0,3,0,0,0,0,0.0,0,,0,0,,0,0,0,0,0,0,0,0,0.0,0,0,0,0,0,64.0,5760.0,0,0,0,57,eth:ethertype:ip:tcp,27.3,94.9,52.8,160.0,-50.0,a0:a3:b3:ed:ac:1c,,,,,0.0,Normal,0.0
1744304867581733,10.42.0.139,10.42.0.1,50043,1883,4,1,0,1,0,0,1,0,29,0,0,0,0,0.0,0,,0,0,,0,0,0,0,0,0,0,0,0.0,0,0,0,0,0,64.0,5760.0,0,0,0,83,eth:ethertype:ip:tcp,27.3,94.9,52.8,160.0,-50.0,a0:a3:b3:ed:ac:1c,,,,,0.0,Normal,0.0
1744304867584869,10.42.0.139,10.42.0.1,50043,1883,33,1,0,1,0,0,1,0,12,0,0,0,0,0.0,0,,0,1,,0,0,0,1,42,4,MQTT,4,0.0,0,0,0,0,0,64.0,5760.0,0,0,esp32_a0a3b3edac1c,66,eth:ethertype:ip:tcp:mqtt,27.3,94.9,52.8,160.0,-50.0,a0:a3:b3:ed:ac:1c,,,,,0.0,Normal,0.0
1744304867591883,10.42.0.139,10.42.0.1,50043,1883,45,5,0,1,0,0,0,0,0,0,0,0,0,0.0,0,,0,0,,0,0,0,0,0,0,0,0,0.0,0,0,0,0,0,64.0,5756.0,0,0,0,54,eth:ethertype:ip:tcp,27.3,94.9,52.8,160.0,-50.0,a0:a3:b3:ed:ac:1c,,,,,0.0,Normal,0.0
1744304867624077,10.42.0.139,10.42.0.1,50043,1883,45,5,0,1,0,0,1,0,3,0,0,0,0,0.0,0,,0,0,,0,0,0,0,0,0,0,0,0.0,0,0,0,0,0,64.0,5756.0,0,0,0,57,eth:ethertype:ip:tcp,27.3,94.9,52.8,160.0,-50.0,a0:a3:b3:ed:ac:1c,,,,,0.0,Normal,0.0
1744304867632260,10.42.0.139,10.42.0.1,50043,1883,48,5,0,1,1,0,1,0,185,0,0,0,0,0.0,0,,0,3,"Wakeup: 0, Mode: 0, Reset: 1, Temperature: 40.8, Uptime: 629142, Memory: 94.9, In_Temperature: 52.2°C, CPU: 160, RSSI: -51, MAC: a0:a3:b3:ed:ac:1c, F_Storage: 99.2",test/temperatura,16,0,0,182,0,0,0,0.0,0,0,0,0,0,64.0,5756.0,0,0,0,239,eth:ethertype:ip:tcp:mqtt,40.8,94.9,52.2,160.0,-51.0,a0:a3:b3:ed:ac:1c,,,,,0.0,Normal,0.0
1744304867635876,10.42.0.139,10.42.0.1,50043,1883,234,6,0,1,0,0,0,0,0,0,0,0,0,0.0,0,,0,0,,0,0,0,0,0,0,0,0,0.0,0,0,0,0,0,64.0,5755.0,0,0,0,54,eth:ethertype:ip:tcp,40.8,94.9,52.2,160.0,-51.0,a0:a3:b3:ed:ac:1c,,,,,0.0,Normal,0.0
1744304897641163,10.42.0.139,10.42.0.1,50044,1883,0,0,1,0,0,0,0,0,0,0,0,0,0,0.0,0,,0,0,,0,0,0,0,0,0,0,0,0.0,0,0,0,0,0,64.0,5760.0,0,0,0,58,eth:ethertype:ip:tcp,40.8,94.9,52.2,160.0,-51.0,a0:a3:b3:ed:ac:1c,,,,,0.0,Normal,0.0
1744304897645115,10.42.0.139,10.42.0.1,50044,1883,1,1,0,1,0,0,0,0,0,0,0,0,0,0.0,0,,0,0,,0,0,0,0,0,0,0,0,0.0,0,0,0,0,0,64.0,5760.0,0,0,0,54,eth:ethertype:ip:tcp,40.8,94.9,52.2,160.0,-51.0,a0:a3:b3:ed:ac:1c,,,,,0.0,Normal,0.0
1744304897647226,10.42.0.139,10.42.0.1,50044,1883,1,1,0,1,0,0,1,0,3,0,0,0,0,0.0,0,,0,0,,0,0,0,0,0,0,0,0,0.0,0,0,0,0,0,64.0,5760.0,0,0,0,57,eth:ethertype:ip:tcp,40.8,94.9,52.2,160.0,-51.0,a0:a3:b3:ed:ac:1c,,,,,0.0,Normal,0.0
1744304897650876,10.42.0.139,10.42.0.1,50044,1883,4,1,0,1,0,0,1,0,29,0,0,0,0,0.0,0,,0,0,,0,0,0,0,0,0,0,0,0.0,0,0,0,0,0,64.0,5760.0,0,0,0,83,eth:ethertype:ip:tcp,40.8,94.9,52.2,160.0,-51.0,a0:a3:b3:ed:ac:1c,,,,,0.0,Normal,0.0
1744304897654021,10.42.0.139,10.42.0.1,50044,1883,33,1,0,1,0,0,1,0,12,0,0,0,0,0.0,0,,0,1,,0,0,0,1,42,4,MQTT,4,0.0,0,0,0,0,0,64.0,5760.0,0,0,esp32_a0a3b3edac1c,66,eth:ethertype:ip:tcp:mqtt,40.8,94.9,52.2,160.0,-51.0,a0:a3:b3:ed:ac:1c,,,,,0.0,Normal,0.0
1744304897689610,10.42.0.139,10.42.0.1,50044,1883,45,5,0,1,0,0,1,0,3,0,0,0,0,0.0,0,,0,0,,0,0,0,0,0,0,0,0,0.0,0,0,0,0,0,64.0,5756.0,0,0,0,57,eth:ethertype:ip:tcp,40.8,94.9,52.2,160.0,-51.0,a0:a3:b3:ed:ac:1c,,,,,0.0,Normal,0.0
1744304897701983,10.42.0.139,10.42.0.1,50044,1883,48,5,0,1,1,0,1,0,185,0,0,0,0,0.0,0,,0,3,"Wakeup: 0, Mode: 0, Reset: 1, Temperature: 29.3, Uptime: 629172, Memory: 94.9, In_Temperature: 52.2°C, CPU: 160, RSSI: -49, MAC: a0:a3:b3:ed:ac:1c, F_Storage: 99.2",test/temperatura,16,0,0,182,0,0,0,0.0,0,0,0,0,0,64.0,5756.0,0,0,0,239,eth:ethertype:ip:tcp:mqtt,29.3,94.9,52.2,160.0,-49.0,a0:a3:b3:ed:ac:1c,,,,,0.0,Normal,0.0
1744304897705420,10.42.0.139,10.42.0.1,50044,1883,234,6,0,1,0,0,0,0,0,0,0,0,0,0.0,0,,0,0,,0,0,0,0,0,0,0,0,0.0,0,0,0,0,0,64.0,5755.0,0,0,0,54,eth:ethertype:ip:tcp,29.3,94.9,52.2,160.0,-49.0,a0:a3:b3:ed:ac:1c,,,,,0.0,Normal,0.0
1744304927710528,10.42.0.139,10.42.0.1,50045,1883,0,0,1,0,0,0,0,0,0,0,0,0,0,0.0,0,,0,0,,0,0,0,0,0,0,0,0,0.0,0,0,0,0,0,64.0,5760.0,0,0,0,58,eth:ethertype:ip:tcp,29.3,94.9,52.2,160.0,-49.0,a0:a3:b3:ed:ac:1c,,,,,0.0,Normal,0.0
1744304927716113,10.42.0.139,10.42.0.1,50045,1883,1,1,0,1,0,0,0,0,0,0,0,0,0,0.0,0,,0,0,,0,0,0,0,0,0,0,0,0.0,0,0,0,0,0,64.0,5760.0,0,0,0,54,eth:ethertype:ip:tcp,29.3,94.9,52.2,160.0,-49.0,a0:a3:b3:ed:ac:1c,,,,,0.0,Normal,0.0
1744304927716686,10.42.0.139,10.42.0.1,50045,1883,1,1,0,1,0,0,1,0,3,0,0,0,0,0.0,0,,0,0,,0,0,0,0,0,0,0,0,0.0,0,0,0,0,0,64.0,5760.0,0,0,0,57,eth:ethertype:ip:tcp,29.3,94.9,52.2,160.0,-49.0,a0:a3:b3:ed:ac:1c,,,,,0.0,Normal,0.0
1744304927720001,10.42.0.139,10.42.0.1,50045,1883,4,1,0,1,0,0,1,0,29,0,0,0,0,0.0,0,,0,0,,0,0,0,0,0,0,0,0,0.0,0,0,0,0,0,64.0,5760.0,0,0,0,83,eth:ethertype:ip:tcp,29.3,94.9,52.2,160.0,-49.0,a0:a3:b3:ed:ac:1c,,,,,0.0,Normal,0.0
1744304927723872,10.42.0.139,10.42.0.1,50045,1883,33,1,0,1,0,0,1,0,12,0,0,0,0,0.0,0,,0,1,,0,0,0,1,42,4,MQTT,4,0.0,0,0,0,0,0,64.0,5760.0,0,0,esp32_a0a3b3edac1c,66,eth:ethertype:ip:tcp:mqtt,29.3,94.9,52.2,160.0,-49.0,a0:a3:b3:ed:ac:1c,,,,,0.0,Normal,0.0
1744304927760926,10.42.0.139,10.42.0.1,50045,1883,45,5,0,1,0,0,1,0,3,0,0,0,0,0.0,0,,0,0,,0,0,0,0,0,0,0,0,0.0,0,0,0,0,0,64.0,5756.0,0,0,0,57,eth:ethertype:ip:tcp,29.3,94.9,52.2,160.0,-49.0,a0:a3:b3:ed:ac:1c,,,,,0.0,Normal,0.0
1744304927770927,10.42.0.139,10.42.0.1,50045,1883,48,5,0,1,1,0,1,0,185,0,0,0,0,0.0,0,,0,3,"Wakeup: 0, Mode: 0, Reset: 1, Temperature: 27.2, Uptime: 629202, Memory: 94.8, In_Temperature: 52.2°C, CPU: 160, RSSI: -49, MAC: a0:a3:b3:ed:ac:1c, F_Storage: 99.2",test/temperatura,16,0,0,182,0,0,0,0.0,0,0,0,0,0,64.0,5756.0,0,0,0,239,eth:ethertype:ip:tcp:mqtt,27.2,94.8,52.2,160.0,-49.0,a0:a3:b3:ed:ac:1c,,,,,0.0,Normal,0.0
1744304927774262,10.42.0.139,10.42.0.1,50045,1883,234,6,0,1,0,0,0,0,0,0,0,0,0,0.0,0,,0,0,,0,0,0,0,0,0,0,0,0.0,0,0,0,0,0,64.0,5755.0,0,0,0,54,eth:ethertype:ip:tcp,27.2,94.8,52.2,160.0,-49.0,a0:a3:b3:ed:ac:1c,,,,,0.0,Normal,0.0
1744304957779841,10.42.0.139,10.42.0.1,50046,1883,0,0,1,0,0,0,0,0,0,0,0,0,0,0.0,0,,0,0,,0,0,0,0,0,0,0,0,0.0,0,0,0,0,0,64.0,5760.0,0,0,0,58,eth:ethertype:ip:tcp,27.2,94.8,52.2,160.0,-49.0,a0:a3:b3:ed:ac:1c,,,,,0.0,Normal,0.0
1744304957784201,10.42.0.139,10.42.0.1,50046,1883,1,1,0,1,0,0,0,0,0,0,0,0,0,0.0,0,,0,0,,0,0,0,0,0,0,0,0,0.0,0,0,0,0,0,64.0,5760.0,0,0,0,54,eth:ethertype:ip:tcp,27.2,94.8,52.2,160.0,-49.0,a0:a3:b3:ed:ac:1c,,,,,0.0,Normal,0.0
1744304957785891,10.42.0.139,10.42.0.1,50046,1883,1,1,0,1,0,0,1,0,3,0,0,0,0,0.0,0,,0,0,,0,0,0,0,0,0,0,0,0.0,0,0,0,0,0,64.0,5760.0,0,0,0,57,eth:ethertype:ip:tcp,27.2,94.8,52.2,160.0,-49.0,a0:a3:b3:ed:ac:1c,,,,,0.0,Normal,0.0
1744304957789368,10.42.0.139,10.42.0.1,50046,1883,4,1,0,1,0,0,1,0,29,0,0,0,0,0.0,0,,0,0,,0,0,0,0,0,0,0,0,0.0,0,0,0,0,0,64.0,5760.0,0,0,0,83,eth:ethertype:ip:tcp,27.2,94.8,52.2,160.0,-49.0,a0:a3:b3:ed:ac:1c,,,,,0.0,Normal,0.0
1744304957792481,10.42.0.139,10.42.0.1,50046,1883,33,1,0,1,0,0,1,0,12,0,0,0,0,0.0,0,,0,1,,0,0,0,1,42,4,MQTT,4,0.0,0,0,0,0,0,64.0,5760.0,0,0,esp32_a0a3b3edac1c,66,eth:ethertype:ip:tcp:mqtt,27.2,94.8,52.2,160.0,-49.0,a0:a3:b3:ed:ac:1c,,,,,0.0,Normal,0.0
1744304957829514,10.42.0.139,10.42.0.1,50046,1883,45,5,0,1,0,0,1,0,3,0,0,0,0,0.0,0,,0,0,,0,0,0,0,0,0,0,0,0.0,0,0,0,0,0,64.0,5756.0,0,0,0,57,eth:ethertype:ip:tcp,27.2,94.8,52.2,160.0,-49.0,a0:a3:b3:ed:ac:1c,,,,,0.0,Normal,0.0
1744304957841118,10.42.0.139,10.42.0.1,50046,1883,48,5,0,1,1,0,1,0,185,0,0,0,0,0.0,0,,0,3,"Wakeup: 0, Mode: 0, Reset: 1, Temperature: 32.3, Uptime: 629232, Memory: 94.9, In_Temperature: 52.8°C, CPU: 160, RSSI: -50, MAC: a0:a3:b3:ed:ac:1c, F_Storage: 99.2",test/temperatura,16,0,0,182,0,0,0,0.0,0,0,0,0,0,64.0,5756.0,0,0,0,239,eth:ethertype:ip:tcp:mqtt,32.3,94.9,52.8,160.0,-50.0,a0:a3:b3:ed:ac:1c,,,,,0.0,Normal,0.0
1744304957844580,10.42.0.139,10.42.0.1,50046,1883,234,6,0,1,0,0,0,0,0,0,0,0,0,0.0,0,,0,0,,0,0,0,0,0,0,0,0,0.0,0,0,0,0,0,64.0,5755.0,0,0,0,54,eth:ethertype:ip:tcp,32.3,94.9,52.8,160.0,-50.0,a0:a3:b3:ed:ac:1c,,,,,0.0,Normal,0.0
1744304987849337,10.42.0.139,10.42.0.1,50047,1883,0,0,1,0,0,0,0,0,0,0,0,0,0,0.0,0,,0,0,,0,0,0,0,0,0,0,0,0.0,0,0,0,0,0,64.0,5760.0,0,0,0,58,eth:ethertype:ip:tcp,32.3,94.9,52.8,160.0,-50.0,a0:a3:b3:ed:ac:1c,,,,,0.0,Normal,0.0
1744304987854097,10.42.0.139,10.42.0.1,50047,1883,1,1,0,1,0,0,0,0,0,0,0,0,0,0.0,0,,0,0,,0,0,0,0,0,0,0,0,0.0,0,0,0,0,0,64.0,5760.0,0,0,0,54,eth:ethertype:ip:tcp,32.3,94.9,52.8,160.0,-50.0,a0:a3:b3:ed:ac:1c,,,,,0.0,Normal,0.0
1744304987855468,10.42.0.139,10.42.0.1,50047,1883,1,1,0,1,0,0,1,0,3,0,0,0,0,0.0,0,,0,0,,0,0,0,0,0,0,0,0,0.0,0,0,0,0,0,64.0,5760.0,0,0,0,57,eth:ethertype:ip:tcp,32.3,94.9,52.8,160.0,-50.0,a0:a3:b3:ed:ac:1c,,,,,0.0,Normal,0.0
1744304987858759,10.42.0.139,10.42.0.1,50047,1883,4,1,0,1,0,0,1,0,29,0,0,0,0,0.0,0,,0,0,,0,0,0,0,0,0,0,0,0.0,0,0,0,0,0,64.0,5760.0,0,0,0,83,eth:ethertype:ip:tcp,32.3,94.9,52.8,160.0,-50.0,a0:a3:b3:ed:ac:1c,,,,,0.0,Normal,0.0
1744304987861719,10.42.0.139,10.42.0.1,50047,1883,33,1,0,1,0,0,1,0,12,0,0,0,0,0.0,0,,0,1,,0,0,0,1,42,4,MQTT,4,0.0,0,0,0,0,0,64.0,5760.0,0,0,esp32_a0a3b3edac1c,66,eth:ethertype:ip:tcp:mqtt,32.3,94.9,52.8,160.0,-50.0,a0:a3:b3:ed:ac:1c,,,,,0.0,Normal,0.0
1744304987901162,10.42.0.139,10.42.0.1,50047,1883,45,5,0,1,0,0,1,0,3,0,0,0,0,0.0,0,,0,0,,0,0,0,0,0,0,0,0,0.0,0,0,0,0,0,64.0,5756.0,0,0,0,57,eth:ethertype:ip:tcp,32.3,94.9,52.8,160.0,-50.0,a0:a3:b3:ed:ac:1c,,,,,0.0,Normal,0.0
1744304987909514,10.42.0.139,10.42.0.1,50047,1883,48,5,0,1,1,0,1,0,185,0,0,0,0,0.0,0,,0,3,"Wakeup: 0, Mode: 0, Reset: 1, Temperature: 32.0, Uptime: 629262, Memory: 94.9, In_Temperature: 52.8°C, CPU: 160, RSSI: -50, MAC: a0:a3:b3:ed:ac:1c, F_Storage: 99.2",test/temperatura,16,0,0,182,0,0,0,0.0,0,0,0,0,0,64.0,5756.0,0,0,0,239,eth:ethertype:ip:tcp:mqtt,32.0,94.9,52.8,160.0,-50.0,a0:a3:b3:ed:ac:1c,,,,,0.0,Normal,0.0
1744304987912998,10.42.0.139,10.42.0.1,50047,1883,234,6,0,1,0,0,0,0,0,0,0,0,0,0.0,0,,0,0,,0,0,0,0,0,0,0,0,0.0,0,0,0,0,0,64.0,5755.0,0,0,0,54,eth:ethertype:ip:tcp,32.0,94.9,52.8,160.0,-50.0,a0:a3:b3:ed:ac:1c,,,,,0.0,Normal,0.0
1744305017918003,10.42.0.139,10.42.0.1,50048,1883,0,0,1,0,0,0,0,0,0,0,0,0,0,0.0,0,,0,0,,0,0,0,0,0,0,0,0,0.0,0,0,0,0,0,64.0,5760.0,0,0,0,58,eth:ethertype:ip:tcp,32.0,94.9,52.8,160.0,-50.0,a0:a3:b3:ed:ac:1c,,,,,0.0,Normal,0.0
1744305017922536,10.42.0.139,10.42.0.1,50048,1883,1,1,0,1,0,0,0,0,0,0,0,0,0,0.0,0,,0,0,,0,0,0,0,0,0,0,0,0.0,0,0,0,0,0,64.0,5760.0,0,0,0,54,eth:ethertype:ip:tcp,32.0,94.9,52.8,160.0,-50.0,a0:a3:b3:ed:ac:1c,,,,,0.0,Normal,0.0
1744305017924853,10.42.0.139,10.42.0.1,50048,1883,1,1,0,1,0,0,1,0,3,0,0,0,0,0.0,0,,0,0,,0,0,0,0,0,0,0,0,0.0,0,0,0,0,0,64.0,5760.0,0,0,0,57,eth:ethertype:ip:tcp,32.0,94.9,52.8,160.0,-50.0,a0:a3:b3:ed:ac:1c,,,,,0.0,Normal,0.0
1744305017928304,10.42.0.139,10.42.0.1,50048,1883,4,1,0,1,0,0,1,0,29,0,0,0,0,0.0,0,,0,0,,0,0,0,0,0,0,0,0,0.0,0,0,0,0,0,64.0,5760.0,0,0,0,83,eth:ethertype:ip:tcp,32.0,94.9,52.8,160.0,-50.0,a0:a3:b3:ed:ac:1c,,,,,0.0,Normal,0.0
1744305017932172,10.42.0.139,10.42.0.1,50048,1883,33,1,0,1,0,0,1,0,2,0,0,0,0,0.0,0,,0,0,,0,0,0,0,0,0,0,0,0.0,0,0,0,0,0,64.0,5760.0,0,0,0,56,eth:ethertype:ip:tcp,32.0,94.9,52.8,160.0,-50.0,a0:a3:b3:ed:ac:1c,,,,,0.0,Normal,0.0
1744305017938377,10.42.0.139,10.42.0.1,50048,1883,35,1,0,1,0,0,1,0,10,0,0,0,0,0.0,0,,0,1,,0,0,0,1,42,4,MQTT,4,0.0,0,0,0,0,0,64.0,5760.0,0,0,esp32_a0a3b3edac1c,64,eth:ethertype:ip:tcp:mqtt,32.0,94.9,52.8,160.0,-50.0,a0:a3:b3:ed:ac:1c,,,,,0.0,Normal,0.0
1744305017975522,10.42.0.139,10.42.0.1,50048,1883,45,5,0,1,0,0,1,0,3,0,0,0,0,0.0,0,,0,0,,0,0,0,0,0,0,0,0,0.0,0,0,0,0,0,64.0,5756.0,0,0,0,57,eth:ethertype:ip:tcp,32.0,94.9,52.8,160.0,-50.0,a0:a3:b3:ed:ac:1c,,,,,0.0,Normal,0.0
1744305017988801,10.42.0.139,10.42.0.1,50048,1883,48,5,0,1,1,0,1,0,185,0,0,0,0,0.0,0,,0,3,"Wakeup: 0, Mode: 0, Reset: 1, Temperature: 29.3, Uptime: 629292, Memory: 94.9, In_Temperature: 52.8°C, CPU: 160, RSSI: -49, MAC: a0:a3:b3:ed:ac:1c, F_Storage: 99.2",test/temperatura,16,0,0,182,0,0,0,0.0,0,0,0,0,0,64.0,5756.0,0,0,0,239,eth:ethertype:ip:tcp:mqtt,29.3,94.9,52.8,160.0,-49.0,a0:a3:b3:ed:ac:1c,,,,,0.0,Normal,0.0
1744305017992330,10.42.0.139,10.42.0.1,50048,1883,234,6,0,1,0,0,0,0,0,0,0,0,0,0.0,0,,0,0,,0,0,0,0,0,0,0,0,0.0,0,0,0,0,0,64.0,5755.0,0,0,0,54,eth:ethertype:ip:tcp,29.3,94.9,52.8,160.0,-49.0,a0:a3:b3:ed:ac:1c,,,,,0.0,Normal,0.0
1744305047997925,10.42.0.139,10.42.0.1,50049,1883,0,0,1,0,0,0,0,0,0,0,0,0,0,0.0,0,,0,0,,0,0,0,0,0,0,0,0,0.0,0,0,0,0,0,64.0,5760.0,0,0,0,58,eth:ethertype:ip:tcp,29.3,94.9,52.8,160.0,-49.0,a0:a3:b3:ed:ac:1c,,,,,0.0,Normal,0.0
1744305048002301,10.42.0.139,10.42.0.1,50049,1883,1,1,0,1,0,0,0,0,0,0,0,0,0,0.0,0,,0,0,,0,0,0,0,0,0,0,0,0.0,0,0,0,0,0,64.0,5760.0,0,0,0,54,eth:ethertype:ip:tcp,29.3,94.9,52.8,160.0,-49.0,a0:a3:b3:ed:ac:1c,,,,,0.0,Normal,0.0
1744305048004493,10.42.0.139,10.42.0.1,50049,1883,1,1,0,1,0,0,1,0,3,0,0,0,0,0.0,0,,0,0,,0,0,0,0,0,0,0,0,0.0,0,0,0,0,0,64.0,5760.0,0,0,0,57,eth:ethertype:ip:tcp,29.3,94.9,52.8,160.0,-49.0,a0:a3:b3:ed:ac:1c,,,,,0.0,Normal,0.0
1744305048007963,10.42.0.139,10.42.0.1,50049,1883,4,1,0,1,0,0,1,0,29,0,0,0,0,0.0,0,,0,0,,0,0,0,0,0,0,0,0,0.0,0,0,0,0,0,64.0,5760.0,0,0,0,83,eth:ethertype:ip:tcp,29.3,94.9,52.8,160.0,-49.0,a0:a3:b3:ed:ac:1c,,,,,0.0,Normal,0.0
1744305048011117,10.42.0.139,10.42.0.1,50049,1883,33,1,0,1,0,0,1,0,12,0,0,0,0,0.0,0,,0,1,,0,0,0,1,42,4,MQTT,4,0.0,0,0,0,0,0,64.0,5760.0,0,0,esp32_a0a3b3edac1c,66,eth:ethertype:ip:tcp:mqtt,29.3,94.9,52.8,160.0,-49.0,a0:a3:b3:ed:ac:1c,,,,,0.0,Normal,0.0
1744305048047958,10.42.0.139,10.42.0.1,50049,1883,45,5,0,1,0,0,1,0,3,0,0,0,0,0.0,0,,0,0,,0,0,0,0,0,0,0,0,0.0,0,0,0,0,0,64.0,5756.0,0,0,0,57,eth:ethertype:ip:tcp,29.3,94.9,52.8,160.0,-49.0,a0:a3:b3:ed:ac:1c,,,,,0.0,Normal,0.0
1744305048058175,10.42.0.139,10.42.0.1,50049,1883,48,5,0,1,1,0,1,0,185,0,0,0,0,0.0,0,,0,3,"Wakeup: 0, Mode: 0, Reset: 1, Temperature: 28.5, Uptime: 629322, Memory: 94.9, In_Temperature: 52.2°C, CPU: 160, RSSI: -50, MAC: a0:a3:b3:ed:ac:1c, F_Storage: 99.2",test/temperatura,16,0,0,182,0,0,0,0.0,0,0,0,0,0,64.0,5756.0,0,0,0,239,eth:ethertype:ip:tcp:mqtt,28.5,94.9,52.2,160.0,-50.0,a0:a3:b3:ed:ac:1c,,,,,0.0,Normal,0.0
1744305048061862,10.42.0.139,10.42.0.1,50049,1883,234,6,0,1,0,0,0,0,0,0,0,0,0,0.0,0,,0,0,,0,0,0,0,0,0,0,0,0.0,0,0,0,0,0,64.0,5755.0,0,0,0,54,eth:ethertype:ip:tcp,28.5,94.9,52.2,160.0,-50.0,a0:a3:b3:ed:ac:1c,,,,,0.0,Normal,0.0
1744305078067116,10.42.0.139,10.42.0.1,50050,1883,0,0,1,0,0,0,0,0,0,0,0,0,0,0.0,0,,0,0,,0,0,0,0,0,0,0,0,0.0,0,0,0,0,0,64.0,5760.0,0,0,0,58,eth:ethertype:ip:tcp,28.5,94.9,52.2,160.0,-50.0,a0:a3:b3:ed:ac:1c,,,,,0.0,Normal,0.0
1744305078071081,10.42.0.139,10.42.0.1,50050,1883,1,1,0,1,0,0,0,0,0,0,0,0,0,0.0,0,,0,0,,0,0,0,0,0,0,0,0,0.0,0,0,0,0,0,64.0,5760.0,0,0,0,54,eth:ethertype:ip:tcp,28.5,94.9,52.2,160.0,-50.0,a0:a3:b3:ed:ac:1c,,,,,0.0,Normal,0.0
1744305078073158,10.42.0.139,10.42.0.1,50050,1883,1,1,0,1,0,0,1,0,3,0,0,0,0,0.0,0,,0,0,,0,0,0,0,0,0,0,0,0.0,0,0,0,0,0,64.0,5760.0,0,0,0,57,eth:ethertype:ip:tcp,28.5,94.9,52.2,160.0,-50.0,a0:a3:b3:ed:ac:1c,,,,,0.0,Normal,0.0
1744305078076589,10.42.0.139,10.42.0.1,50050,1883,4,1,0,1,0,0,1,0,29,0,0,0,0,0.0,0,,0,0,,0,0,0,0,0,0,0,0,0.0,0,0,0,0,0,64.0,5760.0,0,0,0,83,eth:ethertype:ip:tcp,28.5,94.9,52.2,160.0,-50.0,a0:a3:b3:ed:ac:1c,,,,,0.0,Normal,0.0
1744305078079595,10.42.0.139,10.42.0.1,50050,1883,33,1,0,1,0,0,1,0,12,0,0,0,0,0.0,0,,0,1,,0,0,0,1,42,4,MQTT,4,0.0,0,0,0,0,0,64.0,5760.0,0,0,esp32_a0a3b3edac1c,66,eth:ethertype:ip:tcp:mqtt,28.5,94.9,52.2,160.0,-50.0,a0:a3:b3:ed:ac:1c,,,,,0.0,Normal,0.0
1744305078087185,10.42.0.139,10.42.0.1,50050,1883,45,5,0,1,0,0,0,0,0,0,0,0,0,0.0,0,,0,0,,0,0,0,0,0,0,0,0,0.0,0,0,0,0,0,64.0,5756.0,0,0,0,54,eth:ethertype:ip:tcp,28.5,94.9,52.2,160.0,-50.0,a0:a3:b3:ed:ac:1c,,,,,0.0,Normal,0.0
1744305078115930,10.42.0.139,10.42.0.1,50050,1883,45,5,0,1,0,0,1,0,3,0,0,0,0,0.0,0,,0,0,,0,0,0,0,0,0,0,0,0.0,0,0,0,0,0,64.0,5756.0,0,0,0,57,eth:ethertype:ip:tcp,28.5,94.9,52.2,160.0,-50.0,a0:a3:b3:ed:ac:1c,,,,,0.0,Normal,0.0
1744305078127511,10.42.0.139,10.42.0.1,50050,1883,48,5,0,1,1,0,1,0,185,0,0,0,0,0.0,0,,0,3,"Wakeup: 0, Mode: 0, Reset: 1, Temperature: 36.1, Uptime: 629352, Memory: 94.9, In_Temperature: 52.2°C, CPU: 160, RSSI: -50, MAC: a0:a3:b3:ed:ac:1c, F_Storage: 99.2",test/temperatura,16,0,0,182,0,0,0,0.0,0,0,0,0,0,64.0,5756.0,0,0,0,239,eth:ethertype:ip:tcp:mqtt,36.1,94.9,52.2,160.0,-50.0,a0:a3:b3:ed:ac:1c,,,,,0.0,Normal,0.0
1744305078131069,10.42.0.139,10.42.0.1,50050,1883,234,6,0,1,0,0,0,0,0,0,0,0,0,0.0,0,,0,0,,0,0,0,0,0,0,0,0,0.0,0,0,0,0,0,64.0,5755.0,0,0,0,54,eth:ethertype:ip:tcp,36.1,94.9,52.2,160.0,-50.0,a0:a3:b3:ed:ac:1c,,,,,0.0,Normal,0.0
1744305108136530,10.42.0.139,10.42.0.1,50051,1883,0,0,1,0,0,0,0,0,0,0,0,0,0,0.0,0,,0,0,,0,0,0,0,0,0,0,0,0.0,0,0,0,0,0,64.0,5760.0,0,0,0,58,eth:ethertype:ip:tcp,36.1,94.9,52.2,160.0,-50.0,a0:a3:b3:ed:ac:1c,,,,,0.0,Normal,0.0
1744305108140612,10.42.0.139,10.42.0.1,50051,1883,1,1,0,1,0,0,0,0,0,0,0,0,0,0.0,0,,0,0,,0,0,0,0,0,0,0,0,0.0,0,0,0,0,0,64.0,5760.0,0,0,0,54,eth:ethertype:ip:tcp,36.1,94.9,52.2,160.0,-50.0,a0:a3:b3:ed:ac:1c,,,,,0.0,Normal,0.0
1744305108142747,10.42.0.139,10.42.0.1,50051,1883,1,1,0,1,0,0,1,0,3,0,0,0,0,0.0,0,,0,0,,0,0,0,0,0,0,0,0,0.0,0,0,0,0,0,64.0,5760.0,0,0,0,57,eth:ethertype:ip:tcp,36.1,94.9,52.2,160.0,-50.0,a0:a3:b3:ed:ac:1c,,,,,0.0,Normal,0.0
1744305108146200,10.42.0.139,10.42.0.1,50051,1883,4,1,0,1,0,0,1,0,29,0,0,0,0,0.0,0,,0,0,,0,0,0,0,0,0,0,0,0.0,0,0,0,0,0,64.0,5760.0,0,0,0,83,eth:ethertype:ip:tcp,36.1,94.9,52.2,160.0,-50.0,a0:a3:b3:ed:ac:1c,,,,,0.0,Normal,0.0
1744305108149244,10.42.0.139,10.42.0.1,50051,1883,33,1,0,1,0,0,1,0,12,0,0,0,0,0.0,0,,0,1,,0,0,0,1,42,4,MQTT,4,0.0,0,0,0,0,0,64.0,5760.0,0,0,esp32_a0a3b3edac1c,66,eth:ethertype:ip:tcp:mqtt,36.1,94.9,52.2,160.0,-50.0,a0:a3:b3:ed:ac:1c,,,,,0.0,Normal,0.0
1744305108189518,10.42.0.139,10.42.0.1,50051,1883,45,5,0,1,0,0,1,0,3,0,0,0,0,0.0,0,,0,0,,0,0,0,0,0,0,0,0,0.0,0,0,0,0,0,64.0,5756.0,0,0,0,57,eth:ethertype:ip:tcp,36.1,94.9,52.2,160.0,-50.0,a0:a3:b3:ed:ac:1c,,,,,0.0,Normal,0.0
1744305108206946,10.42.0.139,10.42.0.1,50051,1883,48,5,0,1,1,0,1,0,185,0,0,0,0,0.0,0,,0,3,"Wakeup: 0, Mode: 0, Reset: 1, Temperature: 32.7, Uptime: 629382, Memory: 94.9, In_Temperature: 52.2°C, CPU: 160, RSSI: -49, MAC: a0:a3:b3:ed:ac:1c, F_Storage: 99.2",test/temperatura,16,0,0,182,0,0,0,0.0,0,0,0,0,0,64.0,5756.0,0,0,0,239,eth:ethertype:ip:tcp:mqtt,32.7,94.9,52.2,160.0,-49.0,a0:a3:b3:ed:ac:1c,,,,,0.0,Normal,0.0
1744305108210231,10.42.0.139,10.42.0.1,50051,1883,234,6,0,1,0,0,0,0,0,0,0,0,0,0.0,0,,0,0,,0,0,0,0,0,0,0,0,0.0,0,0,0,0,0,64.0,5755.0,0,0,0,54,eth:ethertype:ip:tcp,32.7,94.9,52.2,160.0,-49.0,a0:a3:b3:ed:ac:1c,,,,,0.0,Normal,0.0
1744305138215765,10.42.0.139,10.42.0.1,50052,1883,0,0,1,0,0,0,0,0,0,0,0,0,0,0.0,0,,0,0,,0,0,0,0,0,0,0,0,0.0,0,0,0,0,0,64.0,5760.0,0,0,0,58,eth:ethertype:ip:tcp,32.7,94.9,52.2,160.0,-49.0,a0:a3:b3:ed:ac:1c,,,,,0.0,Normal,0.0
1744305138219834,10.42.0.139,10.42.0.1,50052,1883,1,1,0,1,0,0,0,0,0,0,0,0,0,0.0,0,,0,0,,0,0,0,0,0,0,0,0,0.0,0,0,0,0,0,64.0,5760.0,0,0,0,54,eth:ethertype:ip:tcp,32.7,94.9,52.2,160.0,-49.0,a0:a3:b3:ed:ac:1c,,,,,0.0,Normal,0.0
1744305138221968,10.42.0.139,10.42.0.1,50052,1883,1,1,0,1,0,0,1,0,3,0,0,0,0,0.0,0,,0,0,,0,0,0,0,0,0,0,0,0.0,0,0,0,0,0,64.0,5760.0,0,0,0,57,eth:ethertype:ip:tcp,32.7,94.9,52.2,160.0,-49.0,a0:a3:b3:ed:ac:1c,,,,,0.0,Normal,0.0
1744305138225389,10.42.0.139,10.42.0.1,50052,1883,4,1,0,1,0,0,1,0,29,0,0,0,0,0.0,0,,0,0,,0,0,0,0,0,0,0,0,0.0,0,0,0,0,0,64.0,5760.0,0,0,0,83,eth:ethertype:ip:tcp,32.7,94.9,52.2,160.0,-49.0,a0:a3:b3:ed:ac:1c,,,,,0.0,Normal,0.0
1744305138229001,10.42.0.139,10.42.0.1,50052,1883,33,1,0,1,0,0,1,0,12,0,0,0,0,0.0,0,,0,1,,0,0,0,1,42,4,MQTT,4,0.0,0,0,0,0,0,64.0,5760.0,0,0,esp32_a0a3b3edac1c,66,eth:ethertype:ip:tcp:mqtt,32.7,94.9,52.2,160.0,-49.0,a0:a3:b3:ed:ac:1c,,,,,0.0,Normal,0.0
1744305138265399,10.42.0.139,10.42.0.1,50052,1883,45,5,0,1,0,0,1,0,3,0,0,0,0,0.0,0,,0,0,,0,0,0,0,0,0,0,0,0.0,0,0,0,0,0,64.0,5756.0,0,0,0,57,eth:ethertype:ip:tcp,32.7,94.9,52.2,160.0,-49.0,a0:a3:b3:ed:ac:1c,,,,,0.0,Normal,0.0
1744305138276457,10.42.0.139,10.42.0.1,50052,1883,48,5,0,1,1,0,1,0,185,0,0,0,0,0.0,0,,0,3,"Wakeup: 0, Mode: 0, Reset: 1, Temperature: 34.7, Uptime: 629412, Memory: 94.9, In_Temperature: 52.8°C, CPU: 160, RSSI: -56, MAC: a0:a3:b3:ed:ac:1c, F_Storage: 99.2",test/temperatura,16,0,0,182,0,0,0,0.0,0,0,0,0,0,64.0,5756.0,0,0,0,239,eth:ethertype:ip:tcp:mqtt,34.7,94.9,52.8,160.0,-56.0,a0:a3:b3:ed:ac:1c,,,,,0.0,Normal,0.0
1744305138279845,10.42.0.139,10.42.0.1,50052,1883,234,6,0,1,0,0,0,0,0,0,0,0,0,0.0,0,,0,0,,0,0,0,0,0,0,0,0,0.0,0,0,0,0,0,64.0,5755.0,0,0,0,54,eth:ethertype:ip:tcp,34.7,94.9,52.8,160.0,-56.0,a0:a3:b3:ed:ac:1c,,,,,0.0,Normal,0.0
1744305168285028,10.42.0.139,10.42.0.1,50053,1883,0,0,1,0,0,0,0,0,0,0,0,0,0,0.0,0,,0,0,,0,0,0,0,0,0,0,0,0.0,0,0,0,0,0,64.0,5760.0,0,0,0,58,eth:ethertype:ip:tcp,34.7,94.9,52.8,160.0,-56.0,a0:a3:b3:ed:ac:1c,,,,,0.0,Normal,0.0
1744305168289285,10.42.0.139,10.42.0.1,50053,1883,1,1,0,1,0,0,0,0,0,0,0,0,0,0.0,0,,0,0,,0,0,0,0,0,0,0,0,0.0,0,0,0,0,0,64.0,5760.0,0,0,0,54,eth:ethertype:ip:tcp,34.7,94.9,52.8,160.0,-56.0,a0:a3:b3:ed:ac:1c,,,,,0.0,Normal,0.0
1744305168291331,10.42.0.139,10.42.0.1,50053,1883,1,1,0,1,0,0,1,0,3,0,0,0,0,0.0,0,,0,0,,0,0,0,0,0,0,0,0,0.0,0,0,0,0,0,64.0,5760.0,0,0,0,57,eth:ethertype:ip:tcp,34.7,94.9,52.8,160.0,-56.0,a0:a3:b3:ed:ac:1c,,,,,0.0,Normal,0.0
1744305168294880,10.42.0.139,10.42.0.1,50053,1883,4,1,0,1,0,0,1,0,29,0,0,0,0,0.0,0,,0,0,,0,0,0,0,0,0,0,0,0.0,0,0,0,0,0,64.0,5760.0,0,0,0,83,eth:ethertype:ip:tcp,34.7,94.9,52.8,160.0,-56.0,a0:a3:b3:ed:ac:1c,,,,,0.0,Normal,0.0
1744305168297901,10.42.0.139,10.42.0.1,50053,1883,33,1,0,1,0,0,1,0,12,0,0,0,0,0.0,0,,0,1,,0,0,0,1,42,4,MQTT,4,0.0,0,0,0,0,0,64.0,5760.0,0,0,esp32_a0a3b3edac1c,66,eth:ethertype:ip:tcp:mqtt,34.7,94.9,52.8,160.0,-56.0,a0:a3:b3:ed:ac:1c,,,,,0.0,Normal,0.0
1744305168333237,10.42.0.139,10.42.0.1,50053,1883,45,5,0,1,0,0,1,0,3,0,0,0,0,0.0,0,,0,0,,0,0,0,0,0,0,0,0,0.0,0,0,0,0,0,64.0,5756.0,0,0,0,57,eth:ethertype:ip:tcp,34.7,94.9,52.8,160.0,-56.0,a0:a3:b3:ed:ac:1c,,,,,0.0,Normal,0.0
1744305168345510,10.42.0.139,10.42.0.1,50053,1883,48,5,0,1,1,0,1,0,185,0,0,0,0,0.0,0,,0,3,"Wakeup: 0, Mode: 0, Reset: 1, Temperature: 40.7, Uptime: 629442, Memory: 94.9, In_Temperature: 52.2°C, CPU: 160, RSSI: -55, MAC: a0:a3:b3:ed:ac:1c, F_Storage: 99.2",test/temperatura,16,0,0,182,0,0,0,0.0,0,0,0,0,0,64.0,5756.0,0,0,0,239,eth:ethertype:ip:tcp:mqtt,40.7,94.9,52.2,160.0,-55.0,a0:a3:b3:ed:ac:1c,,,,,0.0,Normal,0.0
1744305168348974,10.42.0.139,10.42.0.1,50053,1883,234,6,0,1,0,0,0,0,0,0,0,0,0,0.0,0,,0,0,,0,0,0,0,0,0,0,0,0.0,0,0,0,0,0,64.0,5755.0,0,0,0,54,eth:ethertype:ip:tcp,40.7,94.9,52.2,160.0,-55.0,a0:a3:b3:ed:ac:1c,,,,,0.0,Normal,0.0
1744305198353794,10.42.0.139,10.42.0.1,50054,1883,0,0,1,0,0,0,0,0,0,0,0,0,0,0.0,0,,0,0,,0,0,0,0,0,0,0,0,0.0,0,0,0,0,0,64.0,5760.0,0,0,0,58,eth:ethertype:ip:tcp,40.7,94.9,52.2,160.0,-55.0,a0:a3:b3:ed:ac:1c,,,,,0.0,Normal,0.0
1744305198357477,10.42.0.139,10.42.0.1,50054,1883,1,1,0,1,0,0,0,0,0,0,0,0,0,0.0,0,,0,0,,0,0,0,0,0,0,0,0,0.0,0,0,0,0,0,64.0,5760.0,0,0,0,54,eth:ethertype:ip:tcp,40.7,94.9,52.2,160.0,-55.0,a0:a3:b3:ed:ac:1c,,,,,0.0,Normal,0.0
1744305198359691,10.42.0.139,10.42.0.1,50054,1883,1,1,0,1,0,0,1,0,3,0,0,0,0,0.0,0,,0,0,,0,0,0,0,0,0,0,0,0.0,0,0,0,0,0,64.0,5760.0,0,0,0,57,eth:ethertype:ip:tcp,40.7,94.9,52.2,160.0,-55.0,a0:a3:b3:ed:ac:1c,,,,,0.0,Normal,0.0
1744305198363216,10.42.0.139,10.42.0.1,50054,1883,4,1,0,1,0,0,1,0,29,0,0,0,0,0.0,0,,0,0,,0,0,0,0,0,0,0,0,0.0,0,0,0,0,0,64.0,5760.0,0,0,0,83,eth:ethertype:ip:tcp,40.7,94.9,52.2,160.0,-55.0,a0:a3:b3:ed:ac:1c,,,,,0.0,Normal,0.0
1744305198367528,10.42.0.139,10.42.0.1,50054,1883,33,1,0,1,0,0,1,0,12,0,0,0,0,0.0,0,,0,1,,0,0,0,1,42,4,MQTT,4,0.0,0,0,0,0,0,64.0,5760.0,0,0,esp32_a0a3b3edac1c,66,eth:ethertype:ip:tcp:mqtt,40.7,94.9,52.2,160.0,-55.0,a0:a3:b3:ed:ac:1c,,,,,0.0,Normal,0.0
1744305198404512,10.42.0.139,10.42.0.1,50054,1883,45,5,0,1,0,0,1,0,3,0,0,0,0,0.0,0,,0,0,,0,0,0,0,0,0,0,0,0.0,0,0,0,0,0,64.0,5756.0,0,0,0,57,eth:ethertype:ip:tcp,40.7,94.9,52.2,160.0,-55.0,a0:a3:b3:ed:ac:1c,,,,,0.0,Normal,0.0
1744305198414753,10.42.0.139,10.42.0.1,50054,1883,48,5,0,1,1,0,1,0,185,0,0,0,0,0.0,0,,0,3,"Wakeup: 0, Mode: 0, Reset: 1, Temperature: 29.2, Uptime: 629472, Memory: 94.9, In_Temperature: 52.8°C, CPU: 160, RSSI: -51, MAC: a0:a3:b3:ed:ac:1c, F_Storage: 99.2",test/temperatura,16,0,0,182,0,0,0,0.0,0,0,0,0,0,64.0,5756.0,0,0,0,239,eth:ethertype:ip:tcp:mqtt,29.2,94.9,52.8,160.0,-51.0,a0:a3:b3:ed:ac:1c,,,,,0.0,Normal,0.0
1744305198418264,10.42.0.139,10.42.0.1,50054,1883,234,6,0,1,0,0,0,0,0,0,0,0,0,0.0,0,,0,0,,0,0,0,0,0,0,0,0,0.0,0,0,0,0,0,64.0,5755.0,0,0,0,54,eth:ethertype:ip:tcp,29.2,94.9,52.8,160.0,-51.0,a0:a3:b3:ed:ac:1c,,,,,0.0,Normal,0.0
1744305228423771,10.42.0.139,10.42.0.1,50055,1883,0,0,1,0,0,0,0,0,0,0,0,0,0,0.0,0,,0,0,,0,0,0,0,0,0,0,0,0.0,0,0,0,0,0,64.0,5760.0,0,0,0,58,eth:ethertype:ip:tcp,29.2,94.9,52.8,160.0,-51.0,a0:a3:b3:ed:ac:1c,,,,,0.0,Normal,0.0
1744305228427658,10.42.0.139,10.42.0.1,50055,1883,1,1,0,1,0,0,0,0,0,0,0,0,0,0.0,0,,0,0,,0,0,0,0,0,0,0,0,0.0,0,0,0,0,0,64.0,5760.0,0,0,0,54,eth:ethertype:ip:tcp,29.2,94.9,52.8,160.0,-51.0,a0:a3:b3:ed:ac:1c,,,,,0.0,Normal,0.0
1744305228430015,10.42.0.139,10.42.0.1,50055,1883,1,1,0,1,0,0,1,0,3,0,0,0,0,0.0,0,,0,0,,0,0,0,0,0,0,0,0,0.0,0,0,0,0,0,64.0,5760.0,0,0,0,57,eth:ethertype:ip:tcp,29.2,94.9,52.8,160.0,-51.0,a0:a3:b3:ed:ac:1c,,,,,0.0,Normal,0.0
1744305228435124,10.42.0.139,10.42.0.1,50055,1883,4,1,0,1,0,0,1,0,31,0,0,0,0,0.0,0,,0,0,,0,0,0,0,0,0,0,0,0.0,0,0,0,0,0,64.0,5760.0,0,0,0,85,eth:ethertype:ip:tcp,29.2,94.9,52.8,160.0,-51.0,a0:a3:b3:ed:ac:1c,,,,,0.0,Normal,0.0
1744305228437986,10.42.0.139,10.42.0.1,50055,1883,35,1,0,1,0,0,1,0,10,0,0,0,0,0.0,0,,0,1,,0,0,0,1,42,4,MQTT,4,0.0,0,0,0,0,0,64.0,5760.0,0,0,esp32_a0a3b3edac1c,64,eth:ethertype:ip:tcp:mqtt,29.2,94.9,52.8,160.0,-51.0,a0:a3:b3:ed:ac:1c,,,,,0.0,Normal,0.0
1744305228473095,10.42.0.139,10.42.0.1,50055,1883,45,5,0,1,0,0,1,0,3,0,0,0,0,0.0,0,,0,0,,0,0,0,0,0,0,0,0,0.0,0,0,0,0,0,64.0,5756.0,0,0,0,57,eth:ethertype:ip:tcp,29.2,94.9,52.8,160.0,-51.0,a0:a3:b3:ed:ac:1c,,,,,0.0,Normal,0.0
1744305228485289,10.42.0.139,10.42.0.1,50055,1883,48,5,0,1,1,0,1,0,185,0,0,0,0,0.0,0,,0,3,"Wakeup: 0, Mode: 0, Reset: 1, Temperature: 27.9, Uptime: 629502, Memory: 94.9, In_Temperature: 52.2°C, CPU: 160, RSSI: -51, MAC: a0:a3:b3:ed:ac:1c, F_Storage: 99.2",test/temperatura,16,0,0,182,0,0,0,0.0,0,0,0,0,0,64.0,5756.0,0,0,0,239,eth:ethertype:ip:tcp:mqtt,27.9,94.9,52.2,160.0,-51.0,a0:a3:b3:ed:ac:1c,,,,,0.0,Normal,0.0
1744305228488915,10.42.0.139,10.42.0.1,50055,1883,234,6,0,1,0,0,0,0,0,0,0,0,0,0.0,0,,0,0,,0,0,0,0,0,0,0,0,0.0,0,0,0,0,0,64.0,5755.0,0,0,0,54,eth:ethertype:ip:tcp,27.9,94.9,52.2,160.0,-51.0,a0:a3:b3:ed:ac:1c,,,,,0.0,Normal,0.0
1744305258498000,10.42.0.139,10.42.0.1,50056,1883,0,0,1,0,0,0,0,0,0,0,0,0,0,0.0,0,,0,0,,0,0,0,0,0,0,0,0,0.0,0,0,0,0,0,64.0,5760.0,0,0,0,58,eth:ethertype:ip:tcp,27.9,94.9,52.2,160.0,-51.0,a0:a3:b3:ed:ac:1c,,,,,0.0,Normal,0.0
1744305258502097,10.42.0.139,10.42.0.1,50056,1883,1,1,0,1,0,0,0,0,0,0,0,0,0,0.0,0,,0,0,,0,0,0,0,0,0,0,0,0.0,0,0,0,0,0,64.0,5760.0,0,0,0,54,eth:ethertype:ip:tcp,27.9,94.9,52.2,160.0,-51.0,a0:a3:b3:ed:ac:1c,,,,,0.0,Normal,0.0
1744305258504194,10.42.0.139,10.42.0.1,50056,1883,1,1,0,1,0,0,1,0,3,0,0,0,0,0.0,0,,0,0,,0,0,0,0,0,0,0,0,0.0,0,0,0,0,0,64.0,5760.0,0,0,0,57,eth:ethertype:ip:tcp,27.9,94.9,52.2,160.0,-51.0,a0:a3:b3:ed:ac:1c,,,,,0.0,Normal,0.0
1744305258507586,10.42.0.139,10.42.0.1,50056,1883,4,1,0,1,0,0,1,0,29,0,0,0,0,0.0,0,,0,0,,0,0,0,0,0,0,0,0,0.0,0,0,0,0,0,64.0,5760.0,0,0,0,83,eth:ethertype:ip:tcp,27.9,94.9,52.2,160.0,-51.0,a0:a3:b3:ed:ac:1c,,,,,0.0,Normal,0.0
1744305258510628,10.42.0.139,10.42.0.1,50056,1883,33,1,0,1,0,0,1,0,12,0,0,0,0,0.0,0,,0,1,,0,0,0,1,42,4,MQTT,4,0.0,0,0,0,0,0,64.0,5760.0,0,0,esp32_a0a3b3edac1c,66,eth:ethertype:ip:tcp:mqtt,27.9,94.9,52.2,160.0,-51.0,a0:a3:b3:ed:ac:1c,,,,,0.0,Normal,0.0
1744305258546543,10.42.0.139,10.42.0.1,50056,1883,45,5,0,1,0,0,1,0,3,0,0,0,0,0.0,0,,0,0,,0,0,0,0,0,0,0,0,0.0,0,0,0,0,0,64.0,5756.0,0,0,0,57,eth:ethertype:ip:tcp,27.9,94.9,52.2,160.0,-51.0,a0:a3:b3:ed:ac:1c,,,,,0.0,Normal,0.0
1744305258563448,10.42.0.139,10.42.0.1,50056,1883,48,5,0,1,1,0,1,0,185,0,0,0,0,0.0,0,,0,3,"Wakeup: 0, Mode: 0, Reset: 1, Temperature: 30.2, Uptime: 629532, Memory: 94.9, In_Temperature: 52.2°C, CPU: 160, RSSI: -51, MAC: a0:a3:b3:ed:ac:1c, F_Storage: 99.2",test/temperatura,16,0,0,182,0,0,0,0.0,0,0,0,0,0,64.0,5756.0,0,0,0,239,eth:ethertype:ip:tcp:mqtt,30.2,94.9,52.2,160.0,-51.0,a0:a3:b3:ed:ac:1c,,,,,0.0,Normal,0.0
1744305258566916,10.42.0.139,10.42.0.1,50056,1883,234,6,0,1,0,0,0,0,0,0,0,0,0,0.0,0,,0,0,,0,0,0,0,0,0,0,0,0.0,0,0,0,0,0,64.0,5755.0,0,0,0,54,eth:ethertype:ip:tcp,30.2,94.9,52.2,160.0,-51.0,a0:a3:b3:ed:ac:1c,,,,,0.0,Normal,0.0
1744305288572755,10.42.0.139,10.42.0.1,50057,1883,0,0,1,0,0,0,0,0,0,0,0,0,0,0.0,0,,0,0,,0,0,0,0,0,0,0,0,0.0,0,0,0,0,0,64.0,5760.0,0,0,0,58,eth:ethertype:ip:tcp,30.2,94.9,52.2,160.0,-51.0,a0:a3:b3:ed:ac:1c,,,,,0.0,Normal,0.0
1744305288576410,10.42.0.139,10.42.0.1,50057,1883,1,1,0,1,0,0,0,0,0,0,0,0,0,0.0,0,,0,0,,0,0,0,0,0,0,0,0,0.0,0,0,0,0,0,64.0,5760.0,0,0,0,54,eth:ethertype:ip:tcp,30.2,94.9,52.2,160.0,-51.0,a0:a3:b3:ed:ac:1c,,,,,0.0,Normal,0.0
1744305288578800,10.42.0.139,10.42.0.1,50057,1883,1,1,0,1,0,0,1,0,3,0,0,0,0,0.0,0,,0,0,,0,0,0,0,0,0,0,0,0.0,0,0,0,0,0,64.0,5760.0,0,0,0,57,eth:ethertype:ip:tcp,30.2,94.9,52.2,160.0,-51.0,a0:a3:b3:ed:ac:1c,,,,,0.0,Normal,0.0
1744305288586039,10.42.0.139,10.42.0.1,50057,1883,4,1,0,1,0,0,1,0,41,0,0,0,0,0.0,0,,0,1,,0,0,0,1,42,4,MQTT,4,0.0,0,0,0,0,0,64.0,5760.0,0,0,esp32_a0a3b3edac1c,95,eth:ethertype:ip:tcp:mqtt,30.2,94.9,52.2,160.0,-51.0,a0:a3:b3:ed:ac:1c,,,,,0.0,Normal,0.0
1744305288621611,10.42.0.139,10.42.0.1,50057,1883,45,5,0,1,0,0,1,0,3,0,0,0,0,0.0,0,,0,0,,0,0,0,0,0,0,0,0,0.0,0,0,0,0,0,64.0,5756.0,0,0,0,57,eth:ethertype:ip:tcp,30.2,94.9,52.2,160.0,-51.0,a0:a3:b3:ed:ac:1c,,,,,0.0,Normal,0.0
1744305288632714,10.42.0.139,10.42.0.1,50057,1883,48,5,0,1,1,0,1,0,185,0,0,0,0,0.0,0,,0,3,"Wakeup: 0, Mode: 0, Reset: 1, Temperature: 35.8, Uptime: 629563, Memory: 94.9, In_Temperature: 52.8°C, CPU: 160, RSSI: -51, MAC: a0:a3:b3:ed:ac:1c, F_Storage: 99.2",test/temperatura,16,0,0,182,0,0,0,0.0,0,0,0,0,0,64.0,5756.0,0,0,0,239,eth:ethertype:ip:tcp:mqtt,35.8,94.9,52.8,160.0,-51.0,a0:a3:b3:ed:ac:1c,,,,,0.0,Normal,0.0
1744305288636034,10.42.0.139,10.42.0.1,50057,1883,234,6,0,1,0,0,0,0,0,0,0,0,0,0.0,0,,0,0,,0,0,0,0,0,0,0,0,0.0,0,0,0,0,0,64.0,5755.0,0,0,0,54,eth:ethertype:ip:tcp,35.8,94.9,52.8,160.0,-51.0,a0:a3:b3:ed:ac:1c,,,,,0.0,Normal,0.0
1744305318641756,10.42.0.139,10.42.0.1,50058,1883,0,0,1,0,0,0,0,0,0,0,0,0,0,0.0,0,,0,0,,0,0,0,0,0,0,0,0,0.0,0,0,0,0,0,64.0,5760.0,0,0,0,58,eth:ethertype:ip:tcp,35.8,94.9,52.8,160.0,-51.0,a0:a3:b3:ed:ac:1c,,,,,0.0,Normal,0.0
1744305318645699,10.42.0.139,10.42.0.1,50058,1883,1,1,0,1,0,0,0,0,0,0,0,0,0,0.0,0,,0,0,,0,0,0,0,0,0,0,0,0.0,0,0,0,0,0,64.0,5760.0,0,0,0,54,eth:ethertype:ip:tcp,35.8,94.9,52.8,160.0,-51.0,a0:a3:b3:ed:ac:1c,,,,,0.0,Normal,0.0
1744305318647875,10.42.0.139,10.42.0.1,50058,1883,1,1,0,1,0,0,1,0,3,0,0,0,0,0.0,0,,0,0,,0,0,0,0,0,0,0,0,0.0,0,0,0,0,0,64.0,5760.0,0,0,0,57,eth:ethertype:ip:tcp,35.8,94.9,52.8,160.0,-51.0,a0:a3:b3:ed:ac:1c,,,,,0.0,Normal,0.0
1744305318651239,10.42.0.139,10.42.0.1,50058,1883,4,1,0,1,0,0,1,0,29,0,0,0,0,0.0,0,,0,0,,0,0,0,0,0,0,0,0,0.0,0,0,0,0,0,64.0,5760.0,0,0,0,83,eth:ethertype:ip:tcp,35.8,94.9,52.8,160.0,-51.0,a0:a3:b3:ed:ac:1c,,,,,0.0,Normal,0.0
1744305318654338,10.42.0.139,10.42.0.1,50058,1883,33,1,0,1,0,0,1,0,12,0,0,0,0,0.0,0,,0,1,,0,0,0,1,42,4,MQTT,4,0.0,0,0,0,0,0,64.0,5760.0,0,0,esp32_a0a3b3edac1c,66,eth:ethertype:ip:tcp:mqtt,35.8,94.9,52.8,160.0,-51.0,a0:a3:b3:ed:ac:1c,,,,,0.0,Normal,0.0
1744305318691681,10.42.0.139,10.42.0.1,50058,1883,45,5,0,1,0,0,1,0,3,0,0,0,0,0.0,0,,0,0,,0,0,0,0,0,0,0,0,0.0,0,0,0,0,0,64.0,5756.0,0,0,0,57,eth:ethertype:ip:tcp,35.8,94.9,52.8,160.0,-51.0,a0:a3:b3:ed:ac:1c,,,,,0.0,Normal,0.0
1744305318702111,10.42.0.139,10.42.0.1,50058,1883,48,5,0,1,1,0,1,0,185,0,0,0,0,0.0,0,,0,3,"Wakeup: 0, Mode: 0, Reset: 1, Temperature: 32.4, Uptime: 629593, Memory: 94.9, In_Temperature: 52.2°C, CPU: 160, RSSI: -51, MAC: a0:a3:b3:ed:ac:1c, F_Storage: 99.2",test/temperatura,16,0,0,182,0,0,0,0.0,0,0,0,0,0,64.0,5756.0,0,0,0,239,eth:ethertype:ip:tcp:mqtt,32.4,94.9,52.2,160.0,-51.0,a0:a3:b3:ed:ac:1c,,,,,0.0,Normal,0.0
1744305318708096,10.42.0.139,10.42.0.1,50058,1883,234,6,0,1,0,0,0,0,0,0,0,0,0,0.0,0,,0,0,,0,0,0,0,0,0,0,0,0.0,0,0,0,0,0,64.0,5755.0,0,0,0,54,eth:ethertype:ip:tcp,32.4,94.9,52.2,160.0,-51.0,a0:a3:b3:ed:ac:1c,,,,,0.0,Normal,0.0
1744305348711006,10.42.0.139,10.42.0.1,50059,1883,0,0,1,0,0,0,0,0,0,0,0,0,0,0.0,0,,0,0,,0,0,0,0,0,0,0,0,0.0,0,0,0,0,0,64.0,5760.0,0,0,0,58,eth:ethertype:ip:tcp,32.4,94.9,52.2,160.0,-51.0,a0:a3:b3:ed:ac:1c,,,,,0.0,Normal,0.0
1744305348714953,10.42.0.139,10.42.0.1,50059,1883,1,1,0,1,0,0,0,0,0,0,0,0,0,0.0,0,,0,0,,0,0,0,0,0,0,0,0,0.0,0,0,0,0,0,64.0,5760.0,0,0,0,54,eth:ethertype:ip:tcp,32.4,94.9,52.2,160.0,-51.0,a0:a3:b3:ed:ac:1c,,,,,0.0,Normal,0.0
1744305348717098,10.42.0.139,10.42.0.1,50059,1883,1,1,0,1,0,0,1,0,3,0,0,0,0,0.0,0,,0,0,,0,0,0,0,0,0,0,0,0.0,0,0,0,0,0,64.0,5760.0,0,0,0,57,eth:ethertype:ip:tcp,32.4,94.9,52.2,160.0,-51.0,a0:a3:b3:ed:ac:1c,,,,,0.0,Normal,0.0
1744305348722716,10.42.0.139,10.42.0.1,50059,1883,4,1,0,1,0,0,1,0,29,0,0,0,0,0.0,0,,0,0,,0,0,0,0,0,0,0,0,0.0,0,0,0,0,0,64.0,5760.0,0,0,0,83,eth:ethertype:ip:tcp,32.4,94.9,52.2,160.0,-51.0,a0:a3:b3:ed:ac:1c,,,,,0.0,Normal,0.0
1744305348725486,10.42.0.139,10.42.0.1,50059,1883,33,1,0,1,0,0,1,0,12,0,0,0,0,0.0,0,,0,1,,0,0,0,1,42,4,MQTT,4,0.0,0,0,0,0,0,64.0,5760.0,0,0,esp32_a0a3b3edac1c,66,eth:ethertype:ip:tcp:mqtt,32.4,94.9,52.2,160.0,-51.0,a0:a3:b3:ed:ac:1c,,,,,0.0,Normal,0.0
1744305348760696,10.42.0.139,10.42.0.1,50059,1883,45,5,0,1,0,0,1,0,3,0,0,0,0,0.0,0,,0,0,,0,0,0,0,0,0,0,0,0.0,0,0,0,0,0,64.0,5756.0,0,0,0,57,eth:ethertype:ip:tcp,32.4,94.9,52.2,160.0,-51.0,a0:a3:b3:ed:ac:1c,,,,,0.0,Normal,0.0
1744305348771328,10.42.0.139,10.42.0.1,50059,1883,48,5,0,1,1,0,1,0,185,0,0,0,0,0.0,0,,0,3,"Wakeup: 0, Mode: 0, Reset: 1, Temperature: 28.0, Uptime: 629623, Memory: 94.9, In_Temperature: 52.8°C, CPU: 160, RSSI: -50, MAC: a0:a3:b3:ed:ac:1c, F_Storage: 99.2",test/temperatura,16,0,0,182,0,0,0,0.0,0,0,0,0,0,64.0,5756.0,0,0,0,239,eth:ethertype:ip:tcp:mqtt,28.0,94.9,52.8,160.0,-50.0,a0:a3:b3:ed:ac:1c,,,,,0.0,Normal,0.0
1744305348774603,10.42.0.139,10.42.0.1,50059,1883,234,6,0,1,0,0,0,0,0,0,0,0,0,0.0,0,,0,0,,0,0,0,0,0,0,0,0,0.0,0,0,0,0,0,64.0,5755.0,0,0,0,54,eth:ethertype:ip:tcp,28.0,94.9,52.8,160.0,-50.0,a0:a3:b3:ed:ac:1c,,,,,0.0,Normal,0.0
1744305378779799,10.42.0.139,10.42.0.1,50060,1883,0,0,1,0,0,0,0,0,0,0,0,0,0,0.0,0,,0,0,,0,0,0,0,0,0,0,0,0.0,0,0,0,0,0,64.0,5760.0,0,0,0,58,eth:ethertype:ip:tcp,28.0,94.9,52.8,160.0,-50.0,a0:a3:b3:ed:ac:1c,,,,,0.0,Normal,0.0
1744305378783433,10.42.0.139,10.42.0.1,50060,1883,1,1,0,1,0,0,0,0,0,0,0,0,0,0.0,0,,0,0,,0,0,0,0,0,0,0,0,0.0,0,0,0,0,0,64.0,5760.0,0,0,0,54,eth:ethertype:ip:tcp,28.0,94.9,52.8,160.0,-50.0,a0:a3:b3:ed:ac:1c,,,,,0.0,Normal,0.0
1744305378785838,10.42.0.139,10.42.0.1,50060,1883,1,1,0,1,0,0,1,0,3,0,0,0,0,0.0,0,,0,0,,0,0,0,0,0,0,0,0,0.0,0,0,0,0,0,64.0,5760.0,0,0,0,57,eth:ethertype:ip:tcp,28.0,94.9,52.8,160.0,-50.0,a0:a3:b3:ed:ac:1c,,,,,0.0,Normal,0.0
1744305378789335,10.42.0.139,10.42.0.1,50060,1883,4,1,0,1,0,0,1,0,29,0,0,0,0,0.0,0,,0,0,,0,0,0,0,0,0,0,0,0.0,0,0,0,0,0,64.0,5760.0,0,0,0,83,eth:ethertype:ip:tcp,28.0,94.9,52.8,160.0,-50.0,a0:a3:b3:ed:ac:1c,,,,,0.0,Normal,0.0
1744305378792445,10.42.0.139,10.42.0.1,50060,1883,33,1,0,1,0,0,1,0,12,0,0,0,0,0.0,0,,0,1,,0,0,0,1,42,4,MQTT,4,0.0,0,0,0,0,0,64.0,5760.0,0,0,esp32_a0a3b3edac1c,66,eth:ethertype:ip:tcp:mqtt,28.0,94.9,52.8,160.0,-50.0,a0:a3:b3:ed:ac:1c,,,,,0.0,Normal,0.0
1744305378828831,10.42.0.139,10.42.0.1,50060,1883,45,5,0,1,0,0,1,0,3,0,0,0,0,0.0,0,,0,0,,0,0,0,0,0,0,0,0,0.0,0,0,0,0,0,64.0,5756.0,0,0,0,57,eth:ethertype:ip:tcp,28.0,94.9,52.8,160.0,-50.0,a0:a3:b3:ed:ac:1c,,,,,0.0,Normal,0.0
1744305378840690,10.42.0.139,10.42.0.1,50060,1883,48,5,0,1,1,0,1,0,185,0,0,0,0,0.0,0,,0,3,"Wakeup: 0, Mode: 0, Reset: 1, Temperature: 40.8, Uptime: 629653, Memory: 94.9, In_Temperature: 52.8°C, CPU: 160, RSSI: -49, MAC: a0:a3:b3:ed:ac:1c, F_Storage: 99.2",test/temperatura,16,0,0,182,0,0,0,0.0,0,0,0,0,0,64.0,5756.0,0,0,0,239,eth:ethertype:ip:tcp:mqtt,40.8,94.9,52.8,160.0,-49.0,a0:a3:b3:ed:ac:1c,,,,,0.0,Normal,0.0
1744305378844187,10.42.0.139,10.42.0.1,50060,1883,234,6,0,1,0,0,0,0,0,0,0,0,0,0.0,0,,0,0,,0,0,0,0,0,0,0,0,0.0,0,0,0,0,0,64.0,5755.0,0,0,0,54,eth:ethertype:ip:tcp,40.8,94.9,52.8,160.0,-49.0,a0:a3:b3:ed:ac:1c,,,,,0.0,Normal,0.0
1744305408849787,10.42.0.139,10.42.0.1,50061,1883,0,0,1,0,0,0,0,0,0,0,0,0,0,0.0,0,,0,0,,0,0,0,0,0,0,0,0,0.0,0,0,0,0,0,64.0,5760.0,0,0,0,58,eth:ethertype:ip:tcp,40.8,94.9,52.8,160.0,-49.0,a0:a3:b3:ed:ac:1c,,,,,0.0,Normal,0.0
1744305408853775,10.42.0.139,10.42.0.1,50061,1883,1,1,0,1,0,0,0,0,0,0,0,0,0,0.0,0,,0,0,,0,0,0,0,0,0,0,0,0.0,0,0,0,0,0,64.0,5760.0,0,0,0,54,eth:ethertype:ip:tcp,40.8,94.9,52.8,160.0,-49.0,a0:a3:b3:ed:ac:1c,,,,,0.0,Normal,0.0
1744305408855944,10.42.0.139,10.42.0.1,50061,1883,1,1,0,1,0,0,1,0,3,0,0,0,0,0.0,0,,0,0,,0,0,0,0,0,0,0,0,0.0,0,0,0,0,0,64.0,5760.0,0,0,0,57,eth:ethertype:ip:tcp,40.8,94.9,52.8,160.0,-49.0,a0:a3:b3:ed:ac:1c,,,,,0.0,Normal,0.0
1744305408860371,10.42.0.139,10.42.0.1,50061,1883,4,1,0,1,0,0,1,0,29,0,0,0,0,0.0,0,,0,0,,0,0,0,0,0,0,0,0,0.0,0,0,0,0,0,64.0,5760.0,0,0,0,83,eth:ethertype:ip:tcp,40.8,94.9,52.8,160.0,-49.0,a0:a3:b3:ed:ac:1c,,,,,0.0,Normal,0.0
1744305408863361,10.42.0.139,10.42.0.1,50061,1883,33,1,0,1,0,0,1,0,12,0,0,0,0,0.0,0,,0,1,,0,0,0,1,42,4,MQTT,4,0.0,0,0,0,0,0,64.0,5760.0,0,0,esp32_a0a3b3edac1c,66,eth:ethertype:ip:tcp:mqtt,40.8,94.9,52.8,160.0,-49.0,a0:a3:b3:ed:ac:1c,,,,,0.0,Normal,0.0
1744305408898674,10.42.0.139,10.42.0.1,50061,1883,45,5,0,1,0,0,1,0,3,0,0,0,0,0.0,0,,0,0,,0,0,0,0,0,0,0,0,0.0,0,0,0,0,0,64.0,5756.0,0,0,0,57,eth:ethertype:ip:tcp,40.8,94.9,52.8,160.0,-49.0,a0:a3:b3:ed:ac:1c,,,,,0.0,Normal,0.0
1744305408910867,10.42.0.139,10.42.0.1,50061,1883,48,5,0,1,1,0,1,0,185,0,0,0,0,0.0,0,,0,3,"Wakeup: 0, Mode: 0, Reset: 1, Temperature: 40.3, Uptime: 629683, Memory: 94.9, In_Temperature: 52.2°C, CPU: 160, RSSI: -52, MAC: a0:a3:b3:ed:ac:1c, F_Storage: 99.2",test/temperatura,16,0,0,182,0,0,0,0.0,0,0,0,0,0,64.0,5756.0,0,0,0,239,eth:ethertype:ip:tcp:mqtt,40.3,94.9,52.2,160.0,-52.0,a0:a3:b3:ed:ac:1c,,,,,0.0,Normal,0.0
1744305408914608,10.42.0.139,10.42.0.1,50061,1883,234,6,0,1,0,0,0,0,0,0,0,0,0,0.0,0,,0,0,,0,0,0,0,0,0,0,0,0.0,0,0,0,0,0,64.0,5755.0,0,0,0,54,eth:ethertype:ip:tcp,40.3,94.9,52.2,160.0,-52.0,a0:a3:b3:ed:ac:1c,,,,,0.0,Normal,0.0
1744305438919258,10.42.0.139,10.42.0.1,50062,1883,0,0,1,0,0,0,0,0,0,0,0,0,0,0.0,0,,0,0,,0,0,0,0,0,0,0,0,0.0,0,0,0,0,0,64.0,5760.0,0,0,0,58,eth:ethertype:ip:tcp,40.3,94.9,52.2,160.0,-52.0,a0:a3:b3:ed:ac:1c,,,,,0.0,Normal,0.0
1744305438923218,10.42.0.139,10.42.0.1,50062,1883,1,1,0,1,0,0,0,0,0,0,0,0,0,0.0,0,,0,0,,0,0,0,0,0,0,0,0,0.0,0,0,0,0,0,64.0,5760.0,0,0,0,54,eth:ethertype:ip:tcp,40.3,94.9,52.2,160.0,-52.0,a0:a3:b3:ed:ac:1c,,,,,0.0,Normal,0.0
1744305438925381,10.42.0.139,10.42.0.1,50062,1883,1,1,0,1,0,0,1,0,3,0,0,0,0,0.0,0,,0,0,,0,0,0,0,0,0,0,0,0.0,0,0,0,0,0,64.0,5760.0,0,0,0,57,eth:ethertype:ip:tcp,40.3,94.9,52.2,160.0,-52.0,a0:a3:b3:ed:ac:1c,,,,,0.0,Normal,0.0
1744305438928856,10.42.0.139,10.42.0.1,50062,1883,4,1,0,1,0,0,1,0,29,0,0,0,0,0.0,0,,0,0,,0,0,0,0,0,0,0,0,0.0,0,0,0,0,0,64.0,5760.0,0,0,0,83,eth:ethertype:ip:tcp,40.3,94.9,52.2,160.0,-52.0,a0:a3:b3:ed:ac:1c,,,,,0.0,Normal,0.0
1744305438931941,10.42.0.139,10.42.0.1,50062,1883,33,1,0,1,0,0,1,0,12,0,0,0,0,0.0,0,,0,1,,0,0,0,1,42,4,MQTT,4,0.0,0,0,0,0,0,64.0,5760.0,0,0,esp32_a0a3b3edac1c,66,eth:ethertype:ip:tcp:mqtt,40.3,94.9,52.2,160.0,-52.0,a0:a3:b3:ed:ac:1c,,,,,0.0,Normal,0.0
1744305438967902,10.42.0.139,10.42.0.1,50062,1883,45,5,0,1,0,0,1,0,3,0,0,0,0,0.0,0,,0,0,,0,0,0,0,0,0,0,0,0.0,0,0,0,0,0,64.0,5756.0,0,0,0,57,eth:ethertype:ip:tcp,40.3,94.9,52.2,160.0,-52.0,a0:a3:b3:ed:ac:1c,,,,,0.0,Normal,0.0
1744305438979340,10.42.0.139,10.42.0.1,50062,1883,48,5,0,1,1,0,1,0,185,0,0,0,0,0.0,0,,0,3,"Wakeup: 0, Mode: 0, Reset: 1, Temperature: 28.0, Uptime: 629713, Memory: 94.9, In_Temperature: 52.2°C, CPU: 160, RSSI: -51, MAC: a0:a3:b3:ed:ac:1c, F_Storage: 99.2",test/temperatura,16,0,0,182,0,0,0,0.0,0,0,0,0,0,64.0,5756.0,0,0,0,239,eth:ethertype:ip:tcp:mqtt,28.0,94.9,52.2,160.0,-51.0,a0:a3:b3:ed:ac:1c,,,,,0.0,Normal,0.0
1744305438982822,10.42.0.139,10.42.0.1,50062,1883,234,6,0,1,0,0,0,0,0,0,0,0,0,0.0,0,,0,0,,0,0,0,0,0,0,0,0,0.0,0,0,0,0,0,64.0,5755.0,0,0,0,54,eth:ethertype:ip:tcp,28.0,94.9,52.2,160.0,-51.0,a0:a3:b3:ed:ac:1c,,,,,0.0,Normal,0.0
1744305468988454,10.42.0.139,10.42.0.1,50063,1883,0,0,1,0,0,0,0,0,0,0,0,0,0,0.0,0,,0,0,,0,0,0,0,0,0,0,0,0.0,0,0,0,0,0,64.0,5760.0,0,0,0,58,eth:ethertype:ip:tcp,28.0,94.9,52.2,160.0,-51.0,a0:a3:b3:ed:ac:1c,,,,,0.0,Normal,0.0
1744305468992501,10.42.0.139,10.42.0.1,50063,1883,1,1,0,1,0,0,0,0,0,0,0,0,0,0.0,0,,0,0,,0,0,0,0,0,0,0,0,0.0,0,0,0,0,0,64.0,5760.0,0,0,0,54,eth:ethertype:ip:tcp,28.0,94.9,52.2,160.0,-51.0,a0:a3:b3:ed:ac:1c,,,,,0.0,Normal,0.0
1744305468994708,10.42.0.139,10.42.0.1,50063,1883,1,1,0,1,0,0,1,0,3,0,0,0,0,0.0,0,,0,0,,0,0,0,0,0,0,0,0,0.0,0,0,0,0,0,64.0,5760.0,0,0,0,57,eth:ethertype:ip:tcp,28.0,94.9,52.2,160.0,-51.0,a0:a3:b3:ed:ac:1c,,,,,0.0,Normal,0.0
1744305468998004,10.42.0.139,10.42.0.1,50063,1883,4,1,0,1,0,0,1,0,29,0,0,0,0,0.0,0,,0,0,,0,0,0,0,0,0,0,0,0.0,0,0,0,0,0,64.0,5760.0,0,0,0,83,eth:ethertype:ip:tcp,28.0,94.9,52.2,160.0,-51.0,a0:a3:b3:ed:ac:1c,,,,,0.0,Normal,0.0
1744305469001091,10.42.0.139,10.42.0.1,50063,1883,33,1,0,1,0,0,1,0,12,0,0,0,0,0.0,0,,0,1,,0,0,0,1,42,4,MQTT,4,0.0,0,0,0,0,0,64.0,5760.0,0,0,esp32_a0a3b3edac1c,66,eth:ethertype:ip:tcp:mqtt,28.0,94.9,52.2,160.0,-51.0,a0:a3:b3:ed:ac:1c,,,,,0.0,Normal,0.0
1744305469036941,10.42.0.139,10.42.0.1,50063,1883,45,5,0,1,0,0,1,0,3,0,0,0,0,0.0,0,,0,0,,0,0,0,0,0,0,0,0,0.0,0,0,0,0,0,64.0,5756.0,0,0,0,57,eth:ethertype:ip:tcp,28.0,94.9,52.2,160.0,-51.0,a0:a3:b3:ed:ac:1c,,,,,0.0,Normal,0.0
1744305469048642,10.42.0.139,10.42.0.1,50063,1883,48,5,0,1,1,0,1,0,185,0,0,0,0,0.0,0,,0,3,"Wakeup: 0, Mode: 0, Reset: 1, Temperature: 31.9, Uptime: 629743, Memory: 94.9, In_Temperature: 52.2°C, CPU: 160, RSSI: -51, MAC: a0:a3:b3:ed:ac:1c, F_Storage: 99.2",test/temperatura,16,0,0,182,0,0,0,0.0,0,0,0,0,0,64.0,5756.0,0,0,0,239,eth:ethertype:ip:tcp:mqtt,31.9,94.9,52.2,160.0,-51.0,a0:a3:b3:ed:ac:1c,,,,,0.0,Normal,0.0
1744305469052241,10.42.0.139,10.42.0.1,50063,1883,234,6,0,1,0,0,0,0,0,0,0,0,0,0.0,0,,0,0,,0,0,0,0,0,0,0,0,0.0,0,0,0,0,0,64.0,5755.0,0,0,0,54,eth:ethertype:ip:tcp,31.9,94.9,52.2,160.0,-51.0,a0:a3:b3:ed:ac:1c,,,,,0.0,Normal,0.0
1744305499057721,10.42.0.139,10.42.0.1,50064,1883,0,0,1,0,0,0,0,0,0,0,0,0,0,0.0,0,,0,0,,0,0,0,0,0,0,0,0,0.0,0,0,0,0,0,64.0,5760.0,0,0,0,58,eth:ethertype:ip:tcp,31.9,94.9,52.2,160.0,-51.0,a0:a3:b3:ed:ac:1c,,,,,0.0,Normal,0.0
1744305499061914,10.42.0.139,10.42.0.1,50064,1883,1,1,0,1,0,0,0,0,0,0,0,0,0,0.0,0,,0,0,,0,0,0,0,0,0,0,0,0.0,0,0,0,0,0,64.0,5760.0,0,0,0,54,eth:ethertype:ip:tcp,31.9,94.9,52.2,160.0,-51.0,a0:a3:b3:ed:ac:1c,,,,,0.0,Normal,0.0
1744305499063975,10.42.0.139,10.42.0.1,50064,1883,1,1,0,1,0,0,1,0,3,0,0,0,0,0.0,0,,0,0,,0,0,0,0,0,0,0,0,0.0,0,0,0,0,0,64.0,5760.0,0,0,0,57,eth:ethertype:ip:tcp,31.9,94.9,52.2,160.0,-51.0,a0:a3:b3:ed:ac:1c,,,,,0.0,Normal,0.0
1744305499067392,10.42.0.139,10.42.0.1,50064,1883,4,1,0,1,0,0,1,0,29,0,0,0,0,0.0,0,,0,0,,0,0,0,0,0,0,0,0,0.0,0,0,0,0,0,64.0,5760.0,0,0,0,83,eth:ethertype:ip:tcp,31.9,94.9,52.2,160.0,-51.0,a0:a3:b3:ed:ac:1c,,,,,0.0,Normal,0.0
1744305499070881,10.42.0.139,10.42.0.1,50064,1883,33,1,0,1,0,0,1,0,12,0,0,0,0,0.0,0,,0,1,,0,0,0,1,42,4,MQTT,4,0.0,0,0,0,0,0,64.0,5760.0,0,0,esp32_a0a3b3edac1c,66,eth:ethertype:ip:tcp:mqtt,31.9,94.9,52.2,160.0,-51.0,a0:a3:b3:ed:ac:1c,,,,,0.0,Normal,0.0
1744305499080761,10.42.0.139,10.42.0.1,50064,1883,45,5,0,1,0,0,0,0,0,0,0,0,0,0.0,0,,0,0,,0,0,0,0,0,0,0,0,0.0,0,0,0,0,0,64.0,5756.0,0,0,0,54,eth:ethertype:ip:tcp,31.9,94.9,52.2,160.0,-51.0,a0:a3:b3:ed:ac:1c,,,,,0.0,Normal,0.0
1744305499106487,10.42.0.139,10.42.0.1,50064,1883,45,5,0,1,0,0,1,0,3,0,0,0,0,0.0,0,,0,0,,0,0,0,0,0,0,0,0,0.0,0,0,0,0,0,64.0,5756.0,0,0,0,57,eth:ethertype:ip:tcp,31.9,94.9,52.2,160.0,-51.0,a0:a3:b3:ed:ac:1c,,,,,0.0,Normal,0.0
1744305499120235,10.42.0.139,10.42.0.1,50064,1883,48,5,0,1,1,0,1,0,185,0,0,0,0,0.0,0,,0,3,"Wakeup: 0, Mode: 0, Reset: 1, Temperature: 32.5, Uptime: 629773, Memory: 94.9, In_Temperature: 52.2°C, CPU: 160, RSSI: -51, MAC: a0:a3:b3:ed:ac:1c, F_Storage: 99.2",test/temperatura,16,0,0,182,0,0,0,0.0,0,0,0,0,0,64.0,5756.0,0,0,0,239,eth:ethertype:ip:tcp:mqtt,32.5,94.9,52.2,160.0,-51.0,a0:a3:b3:ed:ac:1c,,,,,0.0,Normal,0.0
1744305499123728,10.42.0.139,10.42.0.1,50064,1883,234,6,0,1,0,0,0,0,0,0,0,0,0,0.0,0,,0,0,,0,0,0,0,0,0,0,0,0.0,0,0,0,0,0,64.0,5755.0,0,0,0,54,eth:ethertype:ip:tcp,32.5,94.9,52.2,160.0,-51.0,a0:a3:b3:ed:ac:1c,,,,,0.0,Normal,0.0
1744305529128423,10.42.0.139,10.42.0.1,50065,1883,0,0,1,0,0,0,0,0,0,0,0,0,0,0.0,0,,0,0,,0,0,0,0,0,0,0,0,0.0,0,0,0,0,0,64.0,5760.0,0,0,0,58,eth:ethertype:ip:tcp,32.5,94.9,52.2,160.0,-51.0,a0:a3:b3:ed:ac:1c,,,,,0.0,Normal,0.0
1744305529133133,10.42.0.139,10.42.0.1,50065,1883,1,1,0,1,0,0,0,0,0,0,0,0,0,0.0,0,,0,0,,0,0,0,0,0,0,0,0,0.0,0,0,0,0,0,64.0,5760.0,0,0,0,54,eth:ethertype:ip:tcp,32.5,94.9,52.2,160.0,-51.0,a0:a3:b3:ed:ac:1c,,,,,0.0,Normal,0.0
1744305529134579,10.42.0.139,10.42.0.1,50065,1883,1,1,0,1,0,0,1,0,3,0,0,0,0,0.0,0,,0,0,,0,0,0,0,0,0,0,0,0.0,0,0,0,0,0,64.0,5760.0,0,0,0,57,eth:ethertype:ip:tcp,32.5,94.9,52.2,160.0,-51.0,a0:a3:b3:ed:ac:1c,,,,,0.0,Normal,0.0
1744305529138061,10.42.0.139,10.42.0.1,50065,1883,4,1,0,1,0,0,1,0,29,0,0,0,0,0.0,0,,0,0,,0,0,0,0,0,0,0,0,0.0,0,0,0,0,0,64.0,5760.0,0,0,0,83,eth:ethertype:ip:tcp,32.5,94.9,52.2,160.0,-51.0,a0:a3:b3:ed:ac:1c,,,,,0.0,Normal,0.0
1744305529141124,10.42.0.139,10.42.0.1,50065,1883,33,1,0,1,0,0,1,0,12,0,0,0,0,0.0,0,,0,1,,0,0,0,1,42,4,MQTT,4,0.0,0,0,0,0,0,64.0,5760.0,0,0,esp32_a0a3b3edac1c,66,eth:ethertype:ip:tcp:mqtt,32.5,94.9,52.2,160.0,-51.0,a0:a3:b3:ed:ac:1c,,,,,0.0,Normal,0.0
1744305529176394,10.42.0.139,10.42.0.1,50065,1883,45,5,0,1,0,0,1,0,3,0,0,0,0,0.0,0,,0,0,,0,0,0,0,0,0,0,0,0.0,0,0,0,0,0,64.0,5756.0,0,0,0,57,eth:ethertype:ip:tcp,32.5,94.9,52.2,160.0,-51.0,a0:a3:b3:ed:ac:1c,,,,,0.0,Normal,0.0
1744305529187359,10.42.0.139,10.42.0.1,50065,1883,48,5,0,1,1,0,1,0,185,0,0,0,0,0.0,0,,0,3,"Wakeup: 0, Mode: 0, Reset: 1, Temperature: 26.9, Uptime: 629803, Memory: 94.9, In_Temperature: 52.8°C, CPU: 160, RSSI: -51, MAC: a0:a3:b3:ed:ac:1c, F_Storage: 99.2",test/temperatura,16,0,0,182,0,0,0,0.0,0,0,0,0,0,64.0,5756.0,0,0,0,239,eth:ethertype:ip:tcp:mqtt,26.9,94.9,52.8,160.0,-51.0,a0:a3:b3:ed:ac:1c,,,,,0.0,Normal,0.0
1744305529190705,10.42.0.139,10.42.0.1,50065,1883,234,6,0,1,0,0,0,0,0,0,0,0,0,0.0,0,,0,0,,0,0,0,0,0,0,0,0,0.0,0,0,0,0,0,64.0,5755.0,0,0,0,54,eth:ethertype:ip:tcp,26.9,94.9,52.8,160.0,-51.0,a0:a3:b3:ed:ac:1c,,,,,0.0,Normal,0.0
1744305559195495,10.42.0.139,10.42.0.1,50066,1883,0,0,1,0,0,0,0,0,0,0,0,0,0,0.0,0,,0,0,,0,0,0,0,0,0,0,0,0.0,0,0,0,0,0,64.0,5760.0,0,0,0,58,eth:ethertype:ip:tcp,26.9,94.9,52.8,160.0,-51.0,a0:a3:b3:ed:ac:1c,,,,,0.0,Normal,0.0
1744305559199140,10.42.0.139,10.42.0.1,50066,1883,1,1,0,1,0,0,0,0,0,0,0,0,0,0.0,0,,0,0,,0,0,0,0,0,0,0,0,0.0,0,0,0,0,0,64.0,5760.0,0,0,0,54,eth:ethertype:ip:tcp,26.9,94.9,52.8,160.0,-51.0,a0:a3:b3:ed:ac:1c,,,,,0.0,Normal,0.0
1744305559201411,10.42.0.139,10.42.0.1,50066,1883,1,1,0,1,0,0,1,0,3,0,0,0,0,0.0,0,,0,0,,0,0,0,0,0,0,0,0,0.0,0,0,0,0,0,64.0,5760.0,0,0,0,57,eth:ethertype:ip:tcp,26.9,94.9,52.8,160.0,-51.0,a0:a3:b3:ed:ac:1c,,,,,0.0,Normal,0.0
1744305559204967,10.42.0.139,10.42.0.1,50066,1883,4,1,0,1,0,0,1,0,29,0,0,0,0,0.0,0,,0,0,,0,0,0,0,0,0,0,0,0.0,0,0,0,0,0,64.0,5760.0,0,0,0,83,eth:ethertype:ip:tcp,26.9,94.9,52.8,160.0,-51.0,a0:a3:b3:ed:ac:1c,,,,,0.0,Normal,0.0
1744305559208039,10.42.0.139,10.42.0.1,50066,1883,33,1,0,1,0,0,1,0,12,0,0,0,0,0.0,0,,0,1,,0,0,0,1,42,4,MQTT,4,0.0,0,0,0,0,0,64.0,5760.0,0,0,esp32_a0a3b3edac1c,66,eth:ethertype:ip:tcp:mqtt,26.9,94.9,52.8,160.0,-51.0,a0:a3:b3:ed:ac:1c,,,,,0.0,Normal,0.0
1744305559243775,10.42.0.139,10.42.0.1,50066,1883,45,5,0,1,0,0,1,0,3,0,0,0,0,0.0,0,,0,0,,0,0,0,0,0,0,0,0,0.0,0,0,0,0,0,64.0,5756.0,0,0,0,57,eth:ethertype:ip:tcp,26.9,94.9,52.8,160.0,-51.0,a0:a3:b3:ed:ac:1c,,,,,0.0,Normal,0.0
1744305559256676,10.42.0.139,10.42.0.1,50066,1883,48,5,0,1,1,0,1,0,185,0,0,0,0,0.0,0,,0,3,"Wakeup: 0, Mode: 0, Reset: 1, Temperature: 27.5, Uptime: 629833, Memory: 94.9, In_Temperature: 52.2°C, CPU: 160, RSSI: -50, MAC: a0:a3:b3:ed:ac:1c, F_Storage: 99.2",test/temperatura,16,0,0,182,0,0,0,0.0,0,0,0,0,0,64.0,5756.0,0,0,0,239,eth:ethertype:ip:tcp:mqtt,27.5,94.9,52.2,160.0,-50.0,a0:a3:b3:ed:ac:1c,,,,,0.0,Normal,0.0
1744305559260107,10.42.0.139,10.42.0.1,50066,1883,234,6,0,1,0,0,0,0,0,0,0,0,0,0.0,0,,0,0,,0,0,0,0,0,0,0,0,0.0,0,0,0,0,0,64.0,5755.0,0,0,0,54,eth:ethertype:ip:tcp,27.5,94.9,52.2,160.0,-50.0,a0:a3:b3:ed:ac:1c,,,,,0.0,Normal,0.0
1744305589265633,10.42.0.139,10.42.0.1,50067,1883,0,0,1,0,0,0,0,0,0,0,0,0,0,0.0,0,,0,0,,0,0,0,0,0,0,0,0,0.0,0,0,0,0,0,64.0,5760.0,0,0,0,58,eth:ethertype:ip:tcp,27.5,94.9,52.2,160.0,-50.0,a0:a3:b3:ed:ac:1c,,,,,0.0,Normal,0.0
1744305589269545,10.42.0.139,10.42.0.1,50067,1883,1,1,0,1,0,0,0,0,0,0,0,0,0,0.0,0,,0,0,,0,0,0,0,0,0,0,0,0.0,0,0,0,0,0,64.0,5760.0,0,0,0,54,eth:ethertype:ip:tcp,27.5,94.9,52.2,160.0,-50.0,a0:a3:b3:ed:ac:1c,,,,,0.0,Normal,0.0
1744305589271663,10.42.0.139,10.42.0.1,50067,1883,1,1,0,1,0,0,1,0,3,0,0,0,0,0.0,0,,0,0,,0,0,0,0,0,0,0,0,0.0,0,0,0,0,0,64.0,5760.0,0,0,0,57,eth:ethertype:ip:tcp,27.5,94.9,52.2,160.0,-50.0,a0:a3:b3:ed:ac:1c,,,,,0.0,Normal,0.0
1744305589275313,10.42.0.139,10.42.0.1,50067,1883,4,1,0,1,0,0,1,0,31,0,0,0,0,0.0,0,,0,0,,0,0,0,0,0,0,0,0,0.0,0,0,0,0,0,64.0,5760.0,0,0,0,85,eth:ethertype:ip:tcp,27.5,94.9,52.2,160.0,-50.0,a0:a3:b3:ed:ac:1c,,,,,0.0,Normal,0.0
1744305589278485,10.42.0.139,10.42.0.1,50067,1883,35,1,0,1,0,0,1,0,10,0,0,0,0,0.0,0,,0,1,,0,0,0,1,42,4,MQTT,4,0.0,0,0,0,0,0,64.0,5760.0,0,0,esp32_a0a3b3edac1c,64,eth:ethertype:ip:tcp:mqtt,27.5,94.9,52.2,160.0,-50.0,a0:a3:b3:ed:ac:1c,,,,,0.0,Normal,0.0
1744305589314498,10.42.0.139,10.42.0.1,50067,1883,45,5,0,1,0,0,1,0,3,0,0,0,0,0.0,0,,0,0,,0,0,0,0,0,0,0,0,0.0,0,0,0,0,0,64.0,5756.0,0,0,0,57,eth:ethertype:ip:tcp,27.5,94.9,52.2,160.0,-50.0,a0:a3:b3:ed:ac:1c,,,,,0.0,Normal,0.0
1744305589326407,10.42.0.139,10.42.0.1,50067,1883,48,5,0,1,1,0,1,0,185,0,0,0,0,0.0,0,,0,3,"Wakeup: 0, Mode: 0, Reset: 1, Temperature: 37.9, Uptime: 629863, Memory: 94.9, In_Temperature: 52.2°C, CPU: 160, RSSI: -51, MAC: a0:a3:b3:ed:ac:1c, F_Storage: 99.2",test/temperatura,16,0,0,182,0,0,0,0.0,0,0,0,0,0,64.0,5756.0,0,0,0,239,eth:ethertype:ip:tcp:mqtt,37.9,94.9,52.2,160.0,-51.0,a0:a3:b3:ed:ac:1c,,,,,0.0,Normal,0.0
1744305589331215,10.42.0.139,10.42.0.1,50067,1883,234,6,0,1,0,0,0,0,0,0,0,0,0,0.0,0,,0,0,,0,0,0,0,0,0,0,0,0.0,0,0,0,0,0,64.0,5755.0,0,0,0,54,eth:ethertype:ip:tcp,37.9,94.9,52.2,160.0,-51.0,a0:a3:b3:ed:ac:1c,,,,,0.0,Normal,0.0
1744305619335192,10.42.0.139,10.42.0.1,50068,1883,0,0,1,0,0,0,0,0,0,0,0,0,0,0.0,0,,0,0,,0,0,0,0,0,0,0,0,0.0,0,0,0,0,0,64.0,5760.0,0,0,0,58,eth:ethertype:ip:tcp,37.9,94.9,52.2,160.0,-51.0,a0:a3:b3:ed:ac:1c,,,,,0.0,Normal,0.0
1744305619339276,10.42.0.139,10.42.0.1,50068,1883,1,1,0,1,0,0,0,0,0,0,0,0,0,0.0,0,,0,0,,0,0,0,0,0,0,0,0,0.0,0,0,0,0,0,64.0,5760.0,0,0,0,54,eth:ethertype:ip:tcp,37.9,94.9,52.2,160.0,-51.0,a0:a3:b3:ed:ac:1c,,,,,0.0,Normal,0.0
1744305619341338,10.42.0.139,10.42.0.1,50068,1883,1,1,0,1,0,0,1,0,3,0,0,0,0,0.0,0,,0,0,,0,0,0,0,0,0,0,0,0.0,0,0,0,0,0,64.0,5760.0,0,0,0,57,eth:ethertype:ip:tcp,37.9,94.9,52.2,160.0,-51.0,a0:a3:b3:ed:ac:1c,,,,,0.0,Normal,0.0
1744305619344776,10.42.0.139,10.42.0.1,50068,1883,4,1,0,1,0,0,1,0,29,0,0,0,0,0.0,0,,0,0,,0,0,0,0,0,0,0,0,0.0,0,0,0,0,0,64.0,5760.0,0,0,0,83,eth:ethertype:ip:tcp,37.9,94.9,52.2,160.0,-51.0,a0:a3:b3:ed:ac:1c,,,,,0.0,Normal,0.0
1744305619348489,10.42.0.139,10.42.0.1,50068,1883,33,1,0,1,0,0,1,0,2,0,0,0,0,0.0,0,,0,0,,0,0,0,0,0,0,0,0,0.0,0,0,0,0,0,64.0,5760.0,0,0,0,56,eth:ethertype:ip:tcp,37.9,94.9,52.2,160.0,-51.0,a0:a3:b3:ed:ac:1c,,,,,0.0,Normal,0.0
1744305619352602,10.42.0.139,10.42.0.1,50068,1883,35,1,0,1,0,0,1,0,4,0,0,0,0,0.0,0,,0,0,,0,0,0,0,0,0,0,0,0.0,0,0,0,0,0,64.0,5760.0,0,0,0,58,eth:ethertype:ip:tcp,37.9,94.9,52.2,160.0,-51.0,a0:a3:b3:ed:ac:1c,,,,,0.0,Normal,0.0
1744305619355949,10.42.0.139,10.42.0.1,50068,1883,39,1,0,1,0,0,1,0,2,0,0,0,0,0.0,0,,0,0,,0,0,0,0,0,0,0,0,0.0,0,0,0,0,0,64.0,5760.0,0,0,0,56,eth:ethertype:ip:tcp,37.9,94.9,52.2,160.0,-51.0,a0:a3:b3:ed:ac:1c,,,,,0.0,Normal,0.0
1744305619358583,10.42.0.139,10.42.0.1,50068,1883,41,1,0,1,0,0,1,0,4,0,0,0,0,0.0,0,,0,1,,0,0,0,1,42,4,MQTT,4,0.0,0,0,0,0,0,64.0,5760.0,0,0,esp32_a0a3b3edac1c,58,eth:ethertype:ip:tcp:mqtt,37.9,94.9,52.2,160.0,-51.0,a0:a3:b3:ed:ac:1c,,,,,0.0,Normal,0.0
1744305619393845,10.42.0.139,10.42.0.1,50068,1883,45,5,0,1,0,0,1,0,3,0,0,0,0,0.0,0,,0,0,,0,0,0,0,0,0,0,0,0.0,0,0,0,0,0,64.0,5756.0,0,0,0,57,eth:ethertype:ip:tcp,37.9,94.9,52.2,160.0,-51.0,a0:a3:b3:ed:ac:1c,,,,,0.0,Normal,0.0
1744305619405581,10.42.0.139,10.42.0.1,50068,1883,48,5,0,1,1,0,1,0,185,0,0,0,0,0.0,0,,0,3,"Wakeup: 0, Mode: 0, Reset: 1, Temperature: 38.7, Uptime: 629893, Memory: 94.9, In_Temperature: 52.2°C, CPU: 160, RSSI: -52, MAC: a0:a3:b3:ed:ac:1c, F_Storage: 99.2",test/temperatura,16,0,0,182,0,0,0,0.0,0,0,0,0,0,64.0,5756.0,0,0,0,239,eth:ethertype:ip:tcp:mqtt,38.7,94.9,52.2,160.0,-52.0,a0:a3:b3:ed:ac:1c,,,,,0.0,Normal,0.0
1744305619409103,10.42.0.139,10.42.0.1,50068,1883,234,6,0,1,0,0,0,0,0,0,0,0,0,0.0,0,,0,0,,0,0,0,0,0,0,0,0,0.0,0,0,0,0,0,64.0,5755.0,0,0,0,54,eth:ethertype:ip:tcp,38.7,94.9,52.2,160.0,-52.0,a0:a3:b3:ed:ac:1c,,,,,0.0,Normal,0.0
1744305649414365,10.42.0.139,10.42.0.1,50069,1883,0,0,1,0,0,0,0,0,0,0,0,0,0,0.0,0,,0,0,,0,0,0,0,0,0,0,0,0.0,0,0,0,0,0,64.0,5760.0,0,0,0,58,eth:ethertype:ip:tcp,38.7,94.9,52.2,160.0,-52.0,a0:a3:b3:ed:ac:1c,,,,,0.0,Normal,0.0
1744305649418267,10.42.0.139,10.42.0.1,50069,1883,1,1,0,1,0,0,0,0,0,0,0,0,0,0.0,0,,0,0,,0,0,0,0,0,0,0,0,0.0,0,0,0,0,0,64.0,5760.0,0,0,0,54,eth:ethertype:ip:tcp,38.7,94.9,52.2,160.0,-52.0,a0:a3:b3:ed:ac:1c,,,,,0.0,Normal,0.0
1744305649420536,10.42.0.139,10.42.0.1,50069,1883,1,1,0,1,0,0,1,0,3,0,0,0,0,0.0,0,,0,0,,0,0,0,0,0,0,0,0,0.0,0,0,0,0,0,64.0,5760.0,0,0,0,57,eth:ethertype:ip:tcp,38.7,94.9,52.2,160.0,-52.0,a0:a3:b3:ed:ac:1c,,,,,0.0,Normal,0.0
1744305649423925,10.42.0.139,10.42.0.1,50069,1883,4,1,0,1,0,0,1,0,29,0,0,0,0,0.0,0,,0,0,,0,0,0,0,0,0,0,0,0.0,0,0,0,0,0,64.0,5760.0,0,0,0,83,eth:ethertype:ip:tcp,38.7,94.9,52.2,160.0,-52.0,a0:a3:b3:ed:ac:1c,,,,,0.0,Normal,0.0
1744305649427149,10.42.0.139,10.42.0.1,50069,1883,33,1,0,1,0,0,1,0,12,0,0,0,0,0.0,0,,0,1,,0,0,0,1,42,4,MQTT,4,0.0,0,0,0,0,0,64.0,5760.0,0,0,esp32_a0a3b3edac1c,66,eth:ethertype:ip:tcp:mqtt,38.7,94.9,52.2,160.0,-52.0,a0:a3:b3:ed:ac:1c,,,,,0.0,Normal,0.0
1744305649462980,10.42.0.139,10.42.0.1,50069,1883,45,5,0,1,0,0,1,0,3,0,0,0,0,0.0,0,,0,0,,0,0,0,0,0,0,0,0,0.0,0,0,0,0,0,64.0,5756.0,0,0,0,57,eth:ethertype:ip:tcp,38.7,94.9,52.2,160.0,-52.0,a0:a3:b3:ed:ac:1c,,,,,0.0,Normal,0.0
1744305649474641,10.42.0.139,10.42.0.1,50069,1883,48,5,0,1,1,0,1,0,185,0,0,0,0,0.0,0,,0,3,"Wakeup: 0, Mode: 0, Reset: 1, Temperature: 34.3, Uptime: 629923, Memory: 94.9, In_Temperature: 52.2°C, CPU: 160, RSSI: -53, MAC: a0:a3:b3:ed:ac:1c, F_Storage: 99.2",test/temperatura,16,0,0,182,0,0,0,0.0,0,0,0,0,0,64.0,5756.0,0,0,0,239,eth:ethertype:ip:tcp:mqtt,34.3,94.9,52.2,160.0,-53.0,a0:a3:b3:ed:ac:1c,,,,,0.0,Normal,0.0
1744305649478363,10.42.0.139,10.42.0.1,50069,1883,234,6,0,1,0,0,0,0,0,0,0,0,0,0.0,0,,0,0,,0,0,0,0,0,0,0,0,0.0,0,0,0,0,0,64.0,5755.0,0,0,0,54,eth:ethertype:ip:tcp,34.3,94.9,52.2,160.0,-53.0,a0:a3:b3:ed:ac:1c,,,,,0.0,Normal,0.0
1744305679483842,10.42.0.139,10.42.0.1,50070,1883,0,0,1,0,0,0,0,0,0,0,0,0,0,0.0,0,,0,0,,0,0,0,0,0,0,0,0,0.0,0,0,0,0,0,64.0,5760.0,0,0,0,58,eth:ethertype:ip:tcp,34.3,94.9,52.2,160.0,-53.0,a0:a3:b3:ed:ac:1c,,,,,0.0,Normal,0.0
1744305679489099,10.42.0.139,10.42.0.1,50070,1883,1,1,0,1,0,0,0,0,0,0,0,0,0,0.0,0,,0,0,,0,0,0,0,0,0,0,0,0.0,0,0,0,0,0,64.0,5760.0,0,0,0,54,eth:ethertype:ip:tcp,34.3,94.9,52.2,160.0,-53.0,a0:a3:b3:ed:ac:1c,,,,,0.0,Normal,0.0
1744305679491210,10.42.0.139,10.42.0.1,50070,1883,1,1,0,1,0,0,1,0,3,0,0,0,0,0.0,0,,0,0,,0,0,0,0,0,0,0,0,0.0,0,0,0,0,0,64.0,5760.0,0,0,0,57,eth:ethertype:ip:tcp,34.3,94.9,52.2,160.0,-53.0,a0:a3:b3:ed:ac:1c,,,,,0.0,Normal,0.0
1744305679494622,10.42.0.139,10.42.0.1,50070,1883,4,1,0,1,0,0,1,0,29,0,0,0,0,0.0,0,,0,0,,0,0,0,0,0,0,0,0,0.0,0,0,0,0,0,64.0,5760.0,0,0,0,83,eth:ethertype:ip:tcp,34.3,94.9,52.2,160.0,-53.0,a0:a3:b3:ed:ac:1c,,,,,0.0,Normal,0.0
1744305679497797,10.42.0.139,10.42.0.1,50070,1883,33,1,0,1,0,0,1,0,12,0,0,0,0,0.0,0,,0,1,,0,0,0,1,42,4,MQTT,4,0.0,0,0,0,0,0,64.0,5760.0,0,0,esp32_a0a3b3edac1c,66,eth:ethertype:ip:tcp:mqtt,34.3,94.9,52.2,160.0,-53.0,a0:a3:b3:ed:ac:1c,,,,,0.0,Normal,0.0
1744305679533079,10.42.0.139,10.42.0.1,50070,1883,45,5,0,1,0,0,1,0,3,0,0,0,0,0.0,0,,0,0,,0,0,0,0,0,0,0,0,0.0,0,0,0,0,0,64.0,5756.0,0,0,0,57,eth:ethertype:ip:tcp,34.3,94.9,52.2,160.0,-53.0,a0:a3:b3:ed:ac:1c,,,,,0.0,Normal,0.0
1744305679545760,10.42.0.139,10.42.0.1,50070,1883,48,5,0,1,1,0,1,0,185,0,0,0,0,0.0,0,,0,3,"Wakeup: 0, Mode: 0, Reset: 1, Temperature: 30.0, Uptime: 629953, Memory: 94.9, In_Temperature: 52.2°C, CPU: 160, RSSI: -56, MAC: a0:a3:b3:ed:ac:1c, F_Storage: 99.2",test/temperatura,16,0,0,182,0,0,0,0.0,0,0,0,0,0,64.0,5756.0,0,0,0,239,eth:ethertype:ip:tcp:mqtt,30.0,94.9,52.2,160.0,-56.0,a0:a3:b3:ed:ac:1c,,,,,0.0,Normal,0.0
1744305679560714,10.42.0.139,10.42.0.1,50070,1883,234,6,0,1,0,0,0,0,0,0,0,0,0,0.0,0,,0,0,,0,0,0,0,0,0,0,0,0.0,0,0,0,0,0,64.0,5755.0,0,0,0,54,eth:ethertype:ip:tcp,30.0,94.9,52.2,160.0,-56.0,a0:a3:b3:ed:ac:1c,,,,,0.0,Normal,0.0
1744305709553784,10.42.0.139,10.42.0.1,50071,1883,0,0,1,0,0,0,0,0,0,0,0,0,0,0.0,0,,0,0,,0,0,0,0,0,0,0,0,0.0,0,0,0,0,0,64.0,5760.0,0,0,0,58,eth:ethertype:ip:tcp,30.0,94.9,52.2,160.0,-56.0,a0:a3:b3:ed:ac:1c,,,,,0.0,Normal,0.0
1744305709557713,10.42.0.139,10.42.0.1,50071,1883,1,1,0,1,0,0,0,0,0,0,0,0,0,0.0,0,,0,0,,0,0,0,0,0,0,0,0,0.0,0,0,0,0,0,64.0,5760.0,0,0,0,54,eth:ethertype:ip:tcp,30.0,94.9,52.2,160.0,-56.0,a0:a3:b3:ed:ac:1c,,,,,0.0,Normal,0.0
1744305709559877,10.42.0.139,10.42.0.1,50071,1883,1,1,0,1,0,0,1,0,3,0,0,0,0,0.0,0,,0,0,,0,0,0,0,0,0,0,0,0.0,0,0,0,0,0,64.0,5760.0,0,0,0,57,eth:ethertype:ip:tcp,30.0,94.9,52.2,160.0,-56.0,a0:a3:b3:ed:ac:1c,,,,,0.0,Normal,0.0
1744305709563539,10.42.0.139,10.42.0.1,50071,1883,4,1,0,1,0,0,1,0,29,0,0,0,0,0.0,0,,0,0,,0,0,0,0,0,0,0,0,0.0,0,0,0,0,0,64.0,5760.0,0,0,0,83,eth:ethertype:ip:tcp,30.0,94.9,52.2,160.0,-56.0,a0:a3:b3:ed:ac:1c,,,,,0.0,Normal,0.0
1744305709566533,10.42.0.139,10.42.0.1,50071,1883,33,1,0,1,0,0,1,0,12,0,0,0,0,0.0,0,,0,1,,0,0,0,1,42,4,MQTT,4,0.0,0,0,0,0,0,64.0,5760.0,0,0,esp32_a0a3b3edac1c,66,eth:ethertype:ip:tcp:mqtt,30.0,94.9,52.2,160.0,-56.0,a0:a3:b3:ed:ac:1c,,,,,0.0,Normal,0.0
1744305709572957,10.42.0.139,10.42.0.1,50071,1883,45,5,0,1,0,0,0,0,0,0,0,0,0,0.0,0,,0,0,,0,0,0,0,0,0,0,0,0.0,0,0,0,0,0,64.0,5756.0,0,0,0,54,eth:ethertype:ip:tcp,30.0,94.9,52.2,160.0,-56.0,a0:a3:b3:ed:ac:1c,,,,,0.0,Normal,0.0
1744305709601953,10.42.0.139,10.42.0.1,50071,1883,45,5,0,1,0,0,1,0,3,0,0,0,0,0.0,0,,0,0,,0,0,0,0,0,0,0,0,0.0,0,0,0,0,0,64.0,5756.0,0,0,0,57,eth:ethertype:ip:tcp,30.0,94.9,52.2,160.0,-56.0,a0:a3:b3:ed:ac:1c,,,,,0.0,Normal,0.0
1744305709613504,10.42.0.139,10.42.0.1,50071,1883,48,5,0,1,1,0,1,0,185,0,0,0,0,0.0,0,,0,3,"Wakeup: 0, Mode: 0, Reset: 1, Temperature: 28.2, Uptime: 629984, Memory: 94.9, In_Temperature: 52.2°C, CPU: 160, RSSI: -53, MAC: a0:a3:b3:ed:ac:1c, F_Storage: 99.2",test/temperatura,16,0,0,182,0,0,0,0.0,0,0,0,0,0,64.0,5756.0,0,0,0,239,eth:ethertype:ip:tcp:mqtt,28.2,94.9,52.2,160.0,-53.0,a0:a3:b3:ed:ac:1c,,,,,0.0,Normal,0.0
1744305709617008,10.42.0.139,10.42.0.1,50071,1883,234,6,0,1,0,0,0,0,0,0,0,0,0,0.0,0,,0,0,,0,0,0,0,0,0,0,0,0.0,0,0,0,0,0,64.0,5755.0,0,0,0,54,eth:ethertype:ip:tcp,28.2,94.9,52.2,160.0,-53.0,a0:a3:b3:ed:ac:1c,,,,,0.0,Normal,0.0
1744305739621402,10.42.0.139,10.42.0.1,50072,1883,0,0,1,0,0,0,0,0,0,0,0,0,0,0.0,0,,0,0,,0,0,0,0,0,0,0,0,0.0,0,0,0,0,0,64.0,5760.0,0,0,0,58,eth:ethertype:ip:tcp,28.2,94.9,52.2,160.0,-53.0,a0:a3:b3:ed:ac:1c,,,,,0.0,Normal,0.0
1744305739625037,10.42.0.139,10.42.0.1,50072,1883,1,1,0,1,0,0,0,0,0,0,0,0,0,0.0,0,,0,0,,0,0,0,0,0,0,0,0,0.0,0,0,0,0,0,64.0,5760.0,0,0,0,54,eth:ethertype:ip:tcp,28.2,94.9,52.2,160.0,-53.0,a0:a3:b3:ed:ac:1c,,,,,0.0,Normal,0.0
1744305739627390,10.42.0.139,10.42.0.1,50072,1883,1,1,0,1,0,0,1,0,3,0,0,0,0,0.0,0,,0,0,,0,0,0,0,0,0,0,0,0.0,0,0,0,0,0,64.0,5760.0,0,0,0,57,eth:ethertype:ip:tcp,28.2,94.9,52.2,160.0,-53.0,a0:a3:b3:ed:ac:1c,,,,,0.0,Normal,0.0
1744305739630829,10.42.0.139,10.42.0.1,50072,1883,4,1,0,1,0,0,1,0,29,0,0,0,0,0.0,0,,0,0,,0,0,0,0,0,0,0,0,0.0,0,0,0,0,0,64.0,5760.0,0,0,0,83,eth:ethertype:ip:tcp,28.2,94.9,52.2,160.0,-53.0,a0:a3:b3:ed:ac:1c,,,,,0.0,Normal,0.0
1744305739633928,10.42.0.139,10.42.0.1,50072,1883,33,1,0,1,0,0,1,0,12,0,0,0,0,0.0,0,,0,1,,0,0,0,1,42,4,MQTT,4,0.0,0,0,0,0,0,64.0,5760.0,0,0,esp32_a0a3b3edac1c,66,eth:ethertype:ip:tcp:mqtt,28.2,94.9,52.2,160.0,-53.0,a0:a3:b3:ed:ac:1c,,,,,0.0,Normal,0.0
1744305739670189,10.42.0.139,10.42.0.1,50072,1883,45,5,0,1,0,0,1,0,3,0,0,0,0,0.0,0,,0,0,,0,0,0,0,0,0,0,0,0.0,0,0,0,0,0,64.0,5756.0,0,0,0,57,eth:ethertype:ip:tcp,28.2,94.9,52.2,160.0,-53.0,a0:a3:b3:ed:ac:1c,,,,,0.0,Normal,0.0
1744305739682667,10.42.0.139,10.42.0.1,50072,1883,48,5,0,1,1,0,1,0,185,0,0,0,0,0.0,0,,0,3,"Wakeup: 0, Mode: 0, Reset: 1, Temperature: 39.4, Uptime: 630014, Memory: 94.9, In_Temperature: 52.2°C, CPU: 160, RSSI: -50, MAC: a0:a3:b3:ed:ac:1c, F_Storage: 99.2",test/temperatura,16,0,0,182,0,0,0,0.0,0,0,0,0,0,64.0,5756.0,0,0,0,239,eth:ethertype:ip:tcp:mqtt,39.4,94.9,52.2,160.0,-50.0,a0:a3:b3:ed:ac:1c,,,,,0.0,Normal,0.0
1744305739686205,10.42.0.139,10.42.0.1,50072,1883,234,6,0,1,0,0,0,0,0,0,0,0,0,0.0,0,,0,0,,0,0,0,0,0,0,0,0,0.0,0,0,0,0,0,64.0,5755.0,0,0,0,54,eth:ethertype:ip:tcp,39.4,94.9,52.2,160.0,-50.0,a0:a3:b3:ed:ac:1c,,,,,0.0,Normal,0.0
1744305769691601,10.42.0.139,10.42.0.1,50073,1883,0,0,1,0,0,0,0,0,0,0,0,0,0,0.0,0,,0,0,,0,0,0,0,0,0,0,0,0.0,0,0,0,0,0,64.0,5760.0,0,0,0,58,eth:ethertype:ip:tcp,39.4,94.9,52.2,160.0,-50.0,a0:a3:b3:ed:ac:1c,,,,,0.0,Normal,0.0
1744305769695603,10.42.0.139,10.42.0.1,50073,1883,1,1,0,1,0,0,0,0,0,0,0,0,0,0.0,0,,0,0,,0,0,0,0,0,0,0,0,0.0,0,0,0,0,0,64.0,5760.0,0,0,0,54,eth:ethertype:ip:tcp,39.4,94.9,52.2,160.0,-50.0,a0:a3:b3:ed:ac:1c,,,,,0.0,Normal,0.0
1744305769697663,10.42.0.139,10.42.0.1,50073,1883,1,1,0,1,0,0,1,0,3,0,0,0,0,0.0,0,,0,0,,0,0,0,0,0,0,0,0,0.0,0,0,0,0,0,64.0,5760.0,0,0,0,57,eth:ethertype:ip:tcp,39.4,94.9,52.2,160.0,-50.0,a0:a3:b3:ed:ac:1c,,,,,0.0,Normal,0.0
1744305769701097,10.42.0.139,10.42.0.1,50073,1883,4,1,0,1,0,0,1,0,29,0,0,0,0,0.0,0,,0,0,,0,0,0,0,0,0,0,0,0.0,0,0,0,0,0,64.0,5760.0,0,0,0,83,eth:ethertype:ip:tcp,39.4,94.9,52.2,160.0,-50.0,a0:a3:b3:ed:ac:1c,,,,,0.0,Normal,0.0
1744305769704198,10.42.0.139,10.42.0.1,50073,1883,33,1,0,1,0,0,1,0,12,0,0,0,0,0.0,0,,0,1,,0,0,0,1,42,4,MQTT,4,0.0,0,0,0,0,0,64.0,5760.0,0,0,esp32_a0a3b3edac1c,66,eth:ethertype:ip:tcp:mqtt,39.4,94.9,52.2,160.0,-50.0,a0:a3:b3:ed:ac:1c,,,,,0.0,Normal,0.0
1744305769739705,10.42.0.139,10.42.0.1,50073,1883,45,5,0,1,0,0,1,0,3,0,0,0,0,0.0,0,,0,0,,0,0,0,0,0,0,0,0,0.0,0,0,0,0,0,64.0,5756.0,0,0,0,57,eth:ethertype:ip:tcp,39.4,94.9,52.2,160.0,-50.0,a0:a3:b3:ed:ac:1c,,,,,0.0,Normal,0.0
1744305769751977,10.42.0.139,10.42.0.1,50073,1883,48,5,0,1,1,0,1,0,185,0,0,0,0,0.0,0,,0,3,"Wakeup: 0, Mode: 0, Reset: 1, Temperature: 40.7, Uptime: 630044, Memory: 94.9, In_Temperature: 52.8°C, CPU: 160, RSSI: -50, MAC: a0:a3:b3:ed:ac:1c, F_Storage: 99.2",test/temperatura,16,0,0,182,0,0,0,0.0,0,0,0,0,0,64.0,5756.0,0,0,0,239,eth:ethertype:ip:tcp:mqtt,40.7,94.9,52.8,160.0,-50.0,a0:a3:b3:ed:ac:1c,,,,,0.0,Normal,0.0
1744305769755359,10.42.0.139,10.42.0.1,50073,1883,234,6,0,1,0,0,0,0,0,0,0,0,0,0.0,0,,0,0,,0,0,0,0,0,0,0,0,0.0,0,0,0,0,0,64.0,5755.0,0,0,0,54,eth:ethertype:ip:tcp,40.7,94.9,52.8,160.0,-50.0,a0:a3:b3:ed:ac:1c,,,,,0.0,Normal,0.0
1744305799760971,10.42.0.139,10.42.0.1,50074,1883,0,0,1,0,0,0,0,0,0,0,0,0,0,0.0,0,,0,0,,0,0,0,0,0,0,0,0,0.0,0,0,0,0,0,64.0,5760.0,0,0,0,58,eth:ethertype:ip:tcp,40.7,94.9,52.8,160.0,-50.0,a0:a3:b3:ed:ac:1c,,,,,0.0,Normal,0.0
1744305799768546,10.42.0.139,10.42.0.1,50074,1883,1,1,0,1,0,0,0,0,0,0,0,0,0,0.0,0,,0,0,,0,0,0,0,0,0,0,0,0.0,0,0,0,0,0,64.0,5760.0,0,0,0,54,eth:ethertype:ip:tcp,40.7,94.9,52.8,160.0,-50.0,a0:a3:b3:ed:ac:1c,,,,,0.0,Normal,0.0
1744305799770490,10.42.0.139,10.42.0.1,50074,1883,1,1,0,1,0,0,1,0,3,0,0,0,0,0.0,0,,0,0,,0,0,0,0,0,0,0,0,0.0,0,0,0,0,0,64.0,5760.0,0,0,0,57,eth:ethertype:ip:tcp,40.7,94.9,52.8,160.0,-50.0,a0:a3:b3:ed:ac:1c,,,,,0.0,Normal,0.0
1744305799774027,10.42.0.139,10.42.0.1,50074,1883,4,1,0,1,0,0,1,0,29,0,0,0,0,0.0,0,,0,0,,0,0,0,0,0,0,0,0,0.0,0,0,0,0,0,64.0,5760.0,0,0,0,83,eth:ethertype:ip:tcp,40.7,94.9,52.8,160.0,-50.0,a0:a3:b3:ed:ac:1c,,,,,0.0,Normal,0.0
1744305799778717,10.42.0.139,10.42.0.1,50074,1883,33,1,0,1,0,0,1,0,12,0,0,0,0,0.0,0,,0,1,,0,0,0,1,42,4,MQTT,4,0.0,0,0,0,0,0,64.0,5760.0,0,0,esp32_a0a3b3edac1c,66,eth:ethertype:ip:tcp:mqtt,40.7,94.9,52.8,160.0,-50.0,a0:a3:b3:ed:ac:1c,,,,,0.0,Normal,0.0
1744305799814115,10.42.0.139,10.42.0.1,50074,1883,45,5,0,1,0,0,1,0,3,0,0,0,0,0.0,0,,0,0,,0,0,0,0,0,0,0,0,0.0,0,0,0,0,0,64.0,5756.0,0,0,0,57,eth:ethertype:ip:tcp,40.7,94.9,52.8,160.0,-50.0,a0:a3:b3:ed:ac:1c,,,,,0.0,Normal,0.0
1744305799831933,10.42.0.139,10.42.0.1,50074,1883,48,5,0,1,1,0,1,0,185,0,0,0,0,0.0,0,,0,3,"Wakeup: 0, Mode: 0, Reset: 1, Temperature: 25.9, Uptime: 630074, Memory: 94.9, In_Temperature: 52.8°C, CPU: 160, RSSI: -50, MAC: a0:a3:b3:ed:ac:1c, F_Storage: 99.2",test/temperatura,16,0,0,182,0,0,0,0.0,0,0,0,0,0,64.0,5756.0,0,0,0,239,eth:ethertype:ip:tcp:mqtt,25.9,94.9,52.8,160.0,-50.0,a0:a3:b3:ed:ac:1c,,,,,0.0,Normal,0.0
1744305799835311,10.42.0.139,10.42.0.1,50074,1883,234,6,0,1,0,0,0,0,0,0,0,0,0,0.0,0,,0,0,,0,0,0,0,0,0,0,0,0.0,0,0,0,0,0,64.0,5755.0,0,0,0,54,eth:ethertype:ip:tcp,25.9,94.9,52.8,160.0,-50.0,a0:a3:b3:ed:ac:1c,,,,,0.0,Normal,0.0
1744305829840507,10.42.0.139,10.42.0.1,50075,1883,0,0,1,0,0,0,0,0,0,0,0,0,0,0.0,0,,0,0,,0,0,0,0,0,0,0,0,0.0,0,0,0,0,0,64.0,5760.0,0,0,0,58,eth:ethertype:ip:tcp,25.9,94.9,52.8,160.0,-50.0,a0:a3:b3:ed:ac:1c,,,,,0.0,Normal,0.0
1744305829844556,10.42.0.139,10.42.0.1,50075,1883,1,1,0,1,0,0,0,0,0,0,0,0,0,0.0,0,,0,0,,0,0,0,0,0,0,0,0,0.0,0,0,0,0,0,64.0,5760.0,0,0,0,54,eth:ethertype:ip:tcp,25.9,94.9,52.8,160.0,-50.0,a0:a3:b3:ed:ac:1c,,,,,0.0,Normal,0.0
1744305829846532,10.42.0.139,10.42.0.1,50075,1883,1,1,0,1,0,0,1,0,3,0,0,0,0,0.0,0,,0,0,,0,0,0,0,0,0,0,0,0.0,0,0,0,0,0,64.0,5760.0,0,0,0,57,eth:ethertype:ip:tcp,25.9,94.9,52.8,160.0,-50.0,a0:a3:b3:ed:ac:1c,,,,,0.0,Normal,0.0
1744305829850613,10.42.0.139,10.42.0.1,50075,1883,4,1,0,1,0,0,1,0,29,0,0,0,0,0.0,0,,0,0,,0,0,0,0,0,0,0,0,0.0,0,0,0,0,0,64.0,5760.0,0,0,0,83,eth:ethertype:ip:tcp,25.9,94.9,52.8,160.0,-50.0,a0:a3:b3:ed:ac:1c,,,,,0.0,Normal,0.0
1744305829853782,10.42.0.139,10.42.0.1,50075,1883,33,1,0,1,0,0,1,0,12,0,0,0,0,0.0,0,,0,1,,0,0,0,1,42,4,MQTT,4,0.0,0,0,0,0,0,64.0,5760.0,0,0,esp32_a0a3b3edac1c,66,eth:ethertype:ip:tcp:mqtt,25.9,94.9,52.8,160.0,-50.0,a0:a3:b3:ed:ac:1c,,,,,0.0,Normal,0.0
1744305829889726,10.42.0.139,10.42.0.1,50075,1883,45,5,0,1,0,0,1,0,3,0,0,0,0,0.0,0,,0,0,,0,0,0,0,0,0,0,0,0.0,0,0,0,0,0,64.0,5756.0,0,0,0,57,eth:ethertype:ip:tcp,25.9,94.9,52.8,160.0,-50.0,a0:a3:b3:ed:ac:1c,,,,,0.0,Normal,0.0
1744305829900703,10.42.0.139,10.42.0.1,50075,1883,48,5,0,1,1,0,1,0,185,0,0,0,0,0.0,0,,0,3,"Wakeup: 0, Mode: 0, Reset: 1, Temperature: 34.0, Uptime: 630104, Memory: 94.9, In_Temperature: 52.2°C, CPU: 160, RSSI: -51, MAC: a0:a3:b3:ed:ac:1c, F_Storage: 99.2",test/temperatura,16,0,0,182,0,0,0,0.0,0,0,0,0,0,64.0,5756.0,0,0,0,239,eth:ethertype:ip:tcp:mqtt,34.0,94.9,52.2,160.0,-51.0,a0:a3:b3:ed:ac:1c,,,,,0.0,Normal,0.0
1744305829904183,10.42.0.139,10.42.0.1,50075,1883,234,6,0,1,0,0,0,0,0,0,0,0,0,0.0,0,,0,0,,0,0,0,0,0,0,0,0,0.0,0,0,0,0,0,64.0,5755.0,0,0,0,54,eth:ethertype:ip:tcp,34.0,94.9,52.2,160.0,-51.0,a0:a3:b3:ed:ac:1c,,,,,0.0,Normal,0.0
1744305859909548,10.42.0.139,10.42.0.1,50076,1883,0,0,1,0,0,0,0,0,0,0,0,0,0,0.0,0,,0,0,,0,0,0,0,0,0,0,0,0.0,0,0,0,0,0,64.0,5760.0,0,0,0,58,eth:ethertype:ip:tcp,34.0,94.9,52.2,160.0,-51.0,a0:a3:b3:ed:ac:1c,,,,,0.0,Normal,0.0
1744305859913462,10.42.0.139,10.42.0.1,50076,1883,1,1,0,1,0,0,0,0,0,0,0,0,0,0.0,0,,0,0,,0,0,0,0,0,0,0,0,0.0,0,0,0,0,0,64.0,5760.0,0,0,0,54,eth:ethertype:ip:tcp,34.0,94.9,52.2,160.0,-51.0,a0:a3:b3:ed:ac:1c,,,,,0.0,Normal,0.0
1744305859915650,10.42.0.139,10.42.0.1,50076,1883,1,1,0,1,0,0,1,0,3,0,0,0,0,0.0,0,,0,0,,0,0,0,0,0,0,0,0,0.0,0,0,0,0,0,64.0,5760.0,0,0,0,57,eth:ethertype:ip:tcp,34.0,94.9,52.2,160.0,-51.0,a0:a3:b3:ed:ac:1c,,,,,0.0,Normal,0.0
1744305859919122,10.42.0.139,10.42.0.1,50076,1883,4,1,0,1,0,0,1,0,29,0,0,0,0,0.0,0,,0,0,,0,0,0,0,0,0,0,0,0.0,0,0,0,0,0,64.0,5760.0,0,0,0,83,eth:ethertype:ip:tcp,34.0,94.9,52.2,160.0,-51.0,a0:a3:b3:ed:ac:1c,,,,,0.0,Normal,0.0
1744305859922203,10.42.0.139,10.42.0.1,50076,1883,33,1,0,1,0,0,1,0,12,0,0,0,0,0.0,0,,0,1,,0,0,0,1,42,4,MQTT,4,0.0,0,0,0,0,0,64.0,5760.0,0,0,esp32_a0a3b3edac1c,66,eth:ethertype:ip:tcp:mqtt,34.0,94.9,52.2,160.0,-51.0,a0:a3:b3:ed:ac:1c,,,,,0.0,Normal,0.0
1744305859957448,10.42.0.139,10.42.0.1,50076,1883,45,5,0,1,0,0,1,0,3,0,0,0,0,0.0,0,,0,0,,0,0,0,0,0,0,0,0,0.0,0,0,0,0,0,64.0,5756.0,0,0,0,57,eth:ethertype:ip:tcp,34.0,94.9,52.2,160.0,-51.0,a0:a3:b3:ed:ac:1c,,,,,0.0,Normal,0.0
1744305859970020,10.42.0.139,10.42.0.1,50076,1883,48,5,0,1,1,0,1,0,185,0,0,0,0,0.0,0,,0,3,"Wakeup: 0, Mode: 0, Reset: 1, Temperature: 29.1, Uptime: 630134, Memory: 94.9, In_Temperature: 52.2°C, CPU: 160, RSSI: -49, MAC: a0:a3:b3:ed:ac:1c, F_Storage: 99.2",test/temperatura,16,0,0,182,0,0,0,0.0,0,0,0,0,0,64.0,5756.0,0,0,0,239,eth:ethertype:ip:tcp:mqtt,29.1,94.9,52.2,160.0,-49.0,a0:a3:b3:ed:ac:1c,,,,,0.0,Normal,0.0
1744305859974899,10.42.0.139,10.42.0.1,50076,1883,234,6,0,1,0,0,0,0,0,0,0,0,0,0.0,0,,0,0,,0,0,0,0,0,0,0,0,0.0,0,0,0,0,0,64.0,5755.0,0,0,0,54,eth:ethertype:ip:tcp,29.1,94.9,52.2,160.0,-49.0,a0:a3:b3:ed:ac:1c,,,,,0.0,Normal,0.0
1744305889978159,10.42.0.139,10.42.0.1,50077,1883,0,0,1,0,0,0,0,0,0,0,0,0,0,0.0,0,,0,0,,0,0,0,0,0,0,0,0,0.0,0,0,0,0,0,64.0,5760.0,0,0,0,58,eth:ethertype:ip:tcp,29.1,94.9,52.2,160.0,-49.0,a0:a3:b3:ed:ac:1c,,,,,0.0,Normal,0.0
1744305889983487,10.42.0.139,10.42.0.1,50077,1883,1,1,0,1,0,0,0,0,0,0,0,0,0,0.0,0,,0,0,,0,0,0,0,0,0,0,0,0.0,0,0,0,0,0,64.0,5760.0,0,0,0,54,eth:ethertype:ip:tcp,29.1,94.9,52.2,160.0,-49.0,a0:a3:b3:ed:ac:1c,,,,,0.0,Normal,0.0
1744305889985605,10.42.0.139,10.42.0.1,50077,1883,1,1,0,1,0,0,1,0,3,0,0,0,0,0.0,0,,0,0,,0,0,0,0,0,0,0,0,0.0,0,0,0,0,0,64.0,5760.0,0,0,0,57,eth:ethertype:ip:tcp,29.1,94.9,52.2,160.0,-49.0,a0:a3:b3:ed:ac:1c,,,,,0.0,Normal,0.0
1744305889989245,10.42.0.139,10.42.0.1,50077,1883,4,1,0,1,0,0,1,0,31,0,0,0,0,0.0,0,,0,0,,0,0,0,0,0,0,0,0,0.0,0,0,0,0,0,64.0,5760.0,0,0,0,85,eth:ethertype:ip:tcp,29.1,94.9,52.2,160.0,-49.0,a0:a3:b3:ed:ac:1c,,,,,0.0,Normal,0.0
1744305889993899,10.42.0.139,10.42.0.1,50077,1883,35,1,0,1,0,0,1,0,10,0,0,0,0,0.0,0,,0,1,,0,0,0,1,42,4,MQTT,4,0.0,0,0,0,0,0,64.0,5760.0,0,0,esp32_a0a3b3edac1c,64,eth:ethertype:ip:tcp:mqtt,29.1,94.9,52.2,160.0,-49.0,a0:a3:b3:ed:ac:1c,,,,,0.0,Normal,0.0
1744305890029123,10.42.0.139,10.42.0.1,50077,1883,45,5,0,1,0,0,1,0,3,0,0,0,0,0.0,0,,0,0,,0,0,0,0,0,0,0,0,0.0,0,0,0,0,0,64.0,5756.0,0,0,0,57,eth:ethertype:ip:tcp,29.1,94.9,52.2,160.0,-49.0,a0:a3:b3:ed:ac:1c,,,,,0.0,Normal,0.0
1744305890039229,10.42.0.139,10.42.0.1,50077,1883,48,5,0,1,1,0,1,0,185,0,0,0,0,0.0,0,,0,3,"Wakeup: 0, Mode: 0, Reset: 1, Temperature: 27.7, Uptime: 630164, Memory: 94.9, In_Temperature: 52.8°C, CPU: 160, RSSI: -49, MAC: a0:a3:b3:ed:ac:1c, F_Storage: 99.2",test/temperatura,16,0,0,182,0,0,0,0.0,0,0,0,0,0,64.0,5756.0,0,0,0,239,eth:ethertype:ip:tcp:mqtt,27.7,94.9,52.8,160.0,-49.0,a0:a3:b3:ed:ac:1c,,,,,0.0,Normal,0.0
1744305890043196,10.42.0.139,10.42.0.1,50077,1883,234,6,0,1,0,0,0,0,0,0,0,0,0,0.0,0,,0,0,,0,0,0,0,0,0,0,0,0.0,0,0,0,0,0,64.0,5755.0,0,0,0,54,eth:ethertype:ip:tcp,27.7,94.9,52.8,160.0,-49.0,a0:a3:b3:ed:ac:1c,,,,,0.0,Normal,0.0
1744305920048082,10.42.0.139,10.42.0.1,50078,1883,0,0,1,0,0,0,0,0,0,0,0,0,0,0.0,0,,0,0,,0,0,0,0,0,0,0,0,0.0,0,0,0,0,0,64.0,5760.0,0,0,0,58,eth:ethertype:ip:tcp,27.7,94.9,52.8,160.0,-49.0,a0:a3:b3:ed:ac:1c,,,,,0.0,Normal,0.0
1744305920051768,10.42.0.139,10.42.0.1,50078,1883,1,1,0,1,0,0,0,0,0,0,0,0,0,0.0,0,,0,0,,0,0,0,0,0,0,0,0,0.0,0,0,0,0,0,64.0,5760.0,0,0,0,54,eth:ethertype:ip:tcp,27.7,94.9,52.8,160.0,-49.0,a0:a3:b3:ed:ac:1c,,,,,0.0,Normal,0.0
1744305920054007,10.42.0.139,10.42.0.1,50078,1883,1,1,0,1,0,0,1,0,3,0,0,0,0,0.0,0,,0,0,,0,0,0,0,0,0,0,0,0.0,0,0,0,0,0,64.0,5760.0,0,0,0,57,eth:ethertype:ip:tcp,27.7,94.9,52.8,160.0,-49.0,a0:a3:b3:ed:ac:1c,,,,,0.0,Normal,0.0
1744305920057557,10.42.0.139,10.42.0.1,50078,1883,4,1,0,1,0,0,1,0,29,0,0,0,0,0.0,0,,0,0,,0,0,0,0,0,0,0,0,0.0,0,0,0,0,0,64.0,5760.0,0,0,0,83,eth:ethertype:ip:tcp,27.7,94.9,52.8,160.0,-49.0,a0:a3:b3:ed:ac:1c,,,,,0.0,Normal,0.0
1744305920060541,10.42.0.139,10.42.0.1,50078,1883,33,1,0,1,0,0,1,0,12,0,0,0,0,0.0,0,,0,1,,0,0,0,1,42,4,MQTT,4,0.0,0,0,0,0,0,64.0,5760.0,0,0,esp32_a0a3b3edac1c,66,eth:ethertype:ip:tcp:mqtt,27.7,94.9,52.8,160.0,-49.0,a0:a3:b3:ed:ac:1c,,,,,0.0,Normal,0.0
1744305920068309,10.42.0.139,10.42.0.1,50078,1883,45,5,0,1,0,0,0,0,0,0,0,0,0,0.0,0,,0,0,,0,0,0,0,0,0,0,0,0.0,0,0,0,0,0,64.0,5756.0,0,0,0,54,eth:ethertype:ip:tcp,27.7,94.9,52.8,160.0,-49.0,a0:a3:b3:ed:ac:1c,,,,,0.0,Normal,0.0
1744305920097607,10.42.0.139,10.42.0.1,50078,1883,45,5,0,1,0,0,1,0,3,0,0,0,0,0.0,0,,0,0,,0,0,0,0,0,0,0,0,0.0,0,0,0,0,0,64.0,5756.0,0,0,0,57,eth:ethertype:ip:tcp,27.7,94.9,52.8,160.0,-49.0,a0:a3:b3:ed:ac:1c,,,,,0.0,Normal,0.0
1744305920108623,10.42.0.139,10.42.0.1,50078,1883,48,5,0,1,1,0,1,0,185,0,0,0,0,0.0,0,,0,3,"Wakeup: 0, Mode: 0, Reset: 1, Temperature: 30.2, Uptime: 630194, Memory: 94.9, In_Temperature: 52.2°C, CPU: 160, RSSI: -50, MAC: a0:a3:b3:ed:ac:1c, F_Storage: 99.2",test/temperatura,16,0,0,182,0,0,0,0.0,0,0,0,0,0,64.0,5756.0,0,0,0,239,eth:ethertype:ip:tcp:mqtt,30.2,94.9,52.2,160.0,-50.0,a0:a3:b3:ed:ac:1c,,,,,0.0,Normal,0.0
1744305920112268,10.42.0.139,10.42.0.1,50078,1883,234,6,0,1,0,0,0,0,0,0,0,0,0,0.0,0,,0,0,,0,0,0,0,0,0,0,0,0.0,0,0,0,0,0,64.0,5755.0,0,0,0,54,eth:ethertype:ip:tcp,30.2,94.9,52.2,160.0,-50.0,a0:a3:b3:ed:ac:1c,,,,,0.0,Normal,0.0
1744305950119034,10.42.0.139,10.42.0.1,50079,1883,0,0,1,0,0,0,0,0,0,0,0,0,0,0.0,0,,0,0,,0,0,0,0,0,0,0,0,0.0,0,0,0,0,0,64.0,5760.0,0,0,0,58,eth:ethertype:ip:tcp,30.2,94.9,52.2,160.0,-50.0,a0:a3:b3:ed:ac:1c,,,,,0.0,Normal,0.0
1744305950122890,10.42.0.139,10.42.0.1,50079,1883,1,1,0,1,0,0,0,0,0,0,0,0,0,0.0,0,,0,0,,0,0,0,0,0,0,0,0,0.0,0,0,0,0,0,64.0,5760.0,0,0,0,54,eth:ethertype:ip:tcp,30.2,94.9,52.2,160.0,-50.0,a0:a3:b3:ed:ac:1c,,,,,0.0,Normal,0.0
1744305950125131,10.42.0.139,10.42.0.1,50079,1883,1,1,0,1,0,0,1,0,3,0,0,0,0,0.0,0,,0,0,,0,0,0,0,0,0,0,0,0.0,0,0,0,0,0,64.0,5760.0,0,0,0,57,eth:ethertype:ip:tcp,30.2,94.9,52.2,160.0,-50.0,a0:a3:b3:ed:ac:1c,,,,,0.0,Normal,0.0
1744305950128485,10.42.0.139,10.42.0.1,50079,1883,4,1,0,1,0,0,1,0,29,0,0,0,0,0.0,0,,0,0,,0,0,0,0,0,0,0,0,0.0,0,0,0,0,0,64.0,5760.0,0,0,0,83,eth:ethertype:ip:tcp,30.2,94.9,52.2,160.0,-50.0,a0:a3:b3:ed:ac:1c,,,,,0.0,Normal,0.0
1744305950131616,10.42.0.139,10.42.0.1,50079,1883,33,1,0,1,0,0,1,0,12,0,0,0,0,0.0,0,,0,1,,0,0,0,1,42,4,MQTT,4,0.0,0,0,0,0,0,64.0,5760.0,0,0,esp32_a0a3b3edac1c,66,eth:ethertype:ip:tcp:mqtt,30.2,94.9,52.2,160.0,-50.0,a0:a3:b3:ed:ac:1c,,,,,0.0,Normal,0.0
1744305950167044,10.42.0.139,10.42.0.1,50079,1883,45,5,0,1,0,0,1,0,3,0,0,0,0,0.0,0,,0,0,,0,0,0,0,0,0,0,0,0.0,0,0,0,0,0,64.0,5756.0,0,0,0,57,eth:ethertype:ip:tcp,30.2,94.9,52.2,160.0,-50.0,a0:a3:b3:ed:ac:1c,,,,,0.0,Normal,0.0
1744305950178497,10.42.0.139,10.42.0.1,50079,1883,48,5,0,1,1,0,1,0,185,0,0,0,0,0.0,0,,0,3,"Wakeup: 0, Mode: 0, Reset: 1, Temperature: 30.2, Uptime: 630224, Memory: 94.9, In_Temperature: 52.2°C, CPU: 160, RSSI: -49, MAC: a0:a3:b3:ed:ac:1c, F_Storage: 99.2",test/temperatura,16,0,0,182,0,0,0,0.0,0,0,0,0,0,64.0,5756.0,0,0,0,239,eth:ethertype:ip:tcp:mqtt,30.2,94.9,52.2,160.0,-49.0,a0:a3:b3:ed:ac:1c,,,,,0.0,Normal,0.0
1744305950182016,10.42.0.139,10.42.0.1,50079,1883,234,6,0,1,0,0,0,0,0,0,0,0,0,0.0,0,,0,0,,0,0,0,0,0,0,0,0,0.0,0,0,0,0,0,64.0,5755.0,0,0,0,54,eth:ethertype:ip:tcp,30.2,94.9,52.2,160.0,-49.0,a0:a3:b3:ed:ac:1c,,,,,0.0,Normal,0.0
1744305980187263,10.42.0.139,10.42.0.1,50080,1883,0,0,1,0,0,0,0,0,0,0,0,0,0,0.0,0,,0,0,,0,0,0,0,0,0,0,0,0.0,0,0,0,0,0,64.0,5760.0,0,0,0,58,eth:ethertype:ip:tcp,30.2,94.9,52.2,160.0,-49.0,a0:a3:b3:ed:ac:1c,,,,,0.0,Normal,0.0
1744305980191252,10.42.0.139,10.42.0.1,50080,1883,1,1,0,1,0,0,0,0,0,0,0,0,0,0.0,0,,0,0,,0,0,0,0,0,0,0,0,0.0,0,0,0,0,0,64.0,5760.0,0,0,0,54,eth:ethertype:ip:tcp,30.2,94.9,52.2,160.0,-49.0,a0:a3:b3:ed:ac:1c,,,,,0.0,Normal,0.0
1744305980193370,10.42.0.139,10.42.0.1,50080,1883,1,1,0,1,0,0,1,0,3,0,0,0,0,0.0,0,,0,0,,0,0,0,0,0,0,0,0,0.0,0,0,0,0,0,64.0,5760.0,0,0,0,57,eth:ethertype:ip:tcp,30.2,94.9,52.2,160.0,-49.0,a0:a3:b3:ed:ac:1c,,,,,0.0,Normal,0.0
1744305980216493,10.42.0.139,10.42.0.1,50080,1883,4,1,0,1,0,0,1,0,41,0,0,0,0,0.0,0,,0,1,,0,0,0,1,42,4,MQTT,4,0.0,0,0,0,0,0,64.0,5760.0,0,0,esp32_a0a3b3edac1c,95,eth:ethertype:ip:tcp:mqtt,30.2,94.9,52.2,160.0,-49.0,a0:a3:b3:ed:ac:1c,,,,,0.0,Normal,0.0
1744305980251590,10.42.0.139,10.42.0.1,50080,1883,45,5,0,1,0,0,1,0,3,0,0,0,0,0.0,0,,0,0,,0,0,0,0,0,0,0,0,0.0,0,0,0,0,0,64.0,5756.0,0,0,0,57,eth:ethertype:ip:tcp,30.2,94.9,52.2,160.0,-49.0,a0:a3:b3:ed:ac:1c,,,,,0.0,Normal,0.0
1744305980267641,10.42.0.139,10.42.0.1,50080,1883,48,5,0,1,1,0,1,0,185,0,0,0,0,0.0,0,,0,3,"Wakeup: 0, Mode: 0, Reset: 1, Temperature: 29.4, Uptime: 630254, Memory: 94.9, In_Temperature: 52.8°C, CPU: 160, RSSI: -50, MAC: a0:a3:b3:ed:ac:1c, F_Storage: 99.2",test/temperatura,16,0,0,182,0,0,0,0.0,0,0,0,0,0,64.0,5756.0,0,0,0,239,eth:ethertype:ip:tcp:mqtt,29.4,94.9,52.8,160.0,-50.0,a0:a3:b3:ed:ac:1c,,,,,0.0,Normal,0.0
1744305980273351,10.42.0.139,10.42.0.1,50080,1883,234,6,0,1,0,0,0,0,0,0,0,0,0,0.0,0,,0,0,,0,0,0,0,0,0,0,0,0.0,0,0,0,0,0,64.0,5755.0,0,0,0,54,eth:ethertype:ip:tcp,29.4,94.9,52.8,160.0,-50.0,a0:a3:b3:ed:ac:1c,,,,,0.0,Normal,0.0
1744306010276424,10.42.0.139,10.42.0.1,50081,1883,0,0,1,0,0,0,0,0,0,0,0,0,0,0.0,0,,0,0,,0,0,0,0,0,0,0,0,0.0,0,0,0,0,0,64.0,5760.0,0,0,0,58,eth:ethertype:ip:tcp,29.4,94.9,52.8,160.0,-50.0,a0:a3:b3:ed:ac:1c,,,,,0.0,Normal,0.0
1744306010280370,10.42.0.139,10.42.0.1,50081,1883,1,1,0,1,0,0,0,0,0,0,0,0,0,0.0,0,,0,0,,0,0,0,0,0,0,0,0,0.0,0,0,0,0,0,64.0,5760.0,0,0,0,54,eth:ethertype:ip:tcp,29.4,94.9,52.8,160.0,-50.0,a0:a3:b3:ed:ac:1c,,,,,0.0,Normal,0.0
1744306010286920,10.42.0.139,10.42.0.1,50081,1883,1,1,0,1,0,0,1,0,3,0,0,0,0,0.0,0,,0,0,,0,0,0,0,0,0,0,0,0.0,0,0,0,0,0,64.0,5760.0,0,0,0,57,eth:ethertype:ip:tcp,29.4,94.9,52.8,160.0,-50.0,a0:a3:b3:ed:ac:1c,,,,,0.0,Normal,0.0
1744306010289669,10.42.0.139,10.42.0.1,50081,1883,4,1,0,1,0,0,1,0,41,0,0,0,0,0.0,0,,0,1,,0,0,0,1,42,4,MQTT,4,0.0,0,0,0,0,0,64.0,5760.0,0,0,esp32_a0a3b3edac1c,95,eth:ethertype:ip:tcp:mqtt,29.4,94.9,52.8,160.0,-50.0,a0:a3:b3:ed:ac:1c,,,,,0.0,Normal,0.0
1744306010317600,10.42.0.139,10.42.0.1,50081,1883,45,5,0,1,0,0,0,0,0,0,0,0,0,0.0,0,,0,0,,0,0,0,0,0,0,0,0,0.0,0,0,0,0,0,64.0,5756.0,0,0,0,54,eth:ethertype:ip:tcp,29.4,94.9,52.8,160.0,-50.0,a0:a3:b3:ed:ac:1c,,,,,0.0,Normal,0.0
1744306010326719,10.42.0.139,10.42.0.1,50081,1883,45,5,0,1,0,0,1,0,3,0,0,0,0,0.0,0,,0,0,,0,0,0,0,0,0,0,0,0.0,0,0,0,0,0,64.0,5756.0,0,0,0,57,eth:ethertype:ip:tcp,29.4,94.9,52.8,160.0,-50.0,a0:a3:b3:ed:ac:1c,,,,,0.0,Normal,0.0
1744306010337338,10.42.0.139,10.42.0.1,50081,1883,48,5,0,1,1,0,1,0,185,0,0,0,0,0.0,0,,0,3,"Wakeup: 0, Mode: 0, Reset: 1, Temperature: 28.7, Uptime: 630284, Memory: 94.9, In_Temperature: 52.2°C, CPU: 160, RSSI: -49, MAC: a0:a3:b3:ed:ac:1c, F_Storage: 99.2",test/temperatura,16,0,0,182,0,0,0,0.0,0,0,0,0,0,64.0,5756.0,0,0,0,239,eth:ethertype:ip:tcp:mqtt,28.7,94.9,52.2,160.0,-49.0,a0:a3:b3:ed:ac:1c,,,,,0.0,Normal,0.0
1744306010341599,10.42.0.139,10.42.0.1,50081,1883,234,6,0,1,0,0,0,0,0,0,0,0,0,0.0,0,,0,0,,0,0,0,0,0,0,0,0,0.0,0,0,0,0,0,64.0,5755.0,0,0,0,54,eth:ethertype:ip:tcp,28.7,94.9,52.2,160.0,-49.0,a0:a3:b3:ed:ac:1c,,,,,0.0,Normal,0.0
1744306040354074,10.42.0.139,10.42.0.1,50082,1883,0,0,1,0,0,0,0,0,0,0,0,0,0,0.0,0,,0,0,,0,0,0,0,0,0,0,0,0.0,0,0,0,0,0,64.0,5760.0,0,0,0,58,eth:ethertype:ip:tcp,28.7,94.9,52.2,160.0,-49.0,a0:a3:b3:ed:ac:1c,,,,,0.0,Normal,0.0
1744306040358052,10.42.0.139,10.42.0.1,50082,1883,1,1,0,1,0,0,0,0,0,0,0,0,0,0.0,0,,0,0,,0,0,0,0,0,0,0,0,0.0,0,0,0,0,0,64.0,5760.0,0,0,0,54,eth:ethertype:ip:tcp,28.7,94.9,52.2,160.0,-49.0,a0:a3:b3:ed:ac:1c,,,,,0.0,Normal,0.0
1744306040360192,10.42.0.139,10.42.0.1,50082,1883,1,1,0,1,0,0,1,0,3,0,0,0,0,0.0,0,,0,0,,0,0,0,0,0,0,0,0,0.0,0,0,0,0,0,64.0,5760.0,0,0,0,57,eth:ethertype:ip:tcp,28.7,94.9,52.2,160.0,-49.0,a0:a3:b3:ed:ac:1c,,,,,0.0,Normal,0.0
1744306040363655,10.42.0.139,10.42.0.1,50082,1883,4,1,0,1,0,0,1,0,29,0,0,0,0,0.0,0,,0,0,,0,0,0,0,0,0,0,0,0.0,0,0,0,0,0,64.0,5760.0,0,0,0,83,eth:ethertype:ip:tcp,28.7,94.9,52.2,160.0,-49.0,a0:a3:b3:ed:ac:1c,,,,,0.0,Normal,0.0
1744306040366687,10.42.0.139,10.42.0.1,50082,1883,33,1,0,1,0,0,1,0,12,0,0,0,0,0.0,0,,0,1,,0,0,0,1,42,4,MQTT,4,0.0,0,0,0,0,0,64.0,5760.0,0,0,esp32_a0a3b3edac1c,66,eth:ethertype:ip:tcp:mqtt,28.7,94.9,52.2,160.0,-49.0,a0:a3:b3:ed:ac:1c,,,,,0.0,Normal,0.0
1744306040411125,10.42.0.139,10.42.0.1,50082,1883,45,5,0,1,0,0,1,0,3,0,0,0,0,0.0,0,,0,0,,0,0,0,0,0,0,0,0,0.0,0,0,0,0,0,64.0,5756.0,0,0,0,57,eth:ethertype:ip:tcp,28.7,94.9,52.2,160.0,-49.0,a0:a3:b3:ed:ac:1c,,,,,0.0,Normal,0.0
1744306040416735,10.42.0.139,10.42.0.1,50082,1883,48,5,0,1,1,0,1,0,185,0,0,0,0,0.0,0,,0,3,"Wakeup: 0, Mode: 0, Reset: 1, Temperature: 32.9, Uptime: 630314, Memory: 94.9, In_Temperature: 52.2°C, CPU: 160, RSSI: -49, MAC: a0:a3:b3:ed:ac:1c, F_Storage: 99.2",test/temperatura,16,0,0,182,0,0,0,0.0,0,0,0,0,0,64.0,5756.0,0,0,0,239,eth:ethertype:ip:tcp:mqtt,32.9,94.9,52.2,160.0,-49.0,a0:a3:b3:ed:ac:1c,,,,,0.0,Normal,0.0
1744306040420773,10.42.0.139,10.42.0.1,50082,1883,234,6,0,1,0,0,0,0,0,0,0,0,0,0.0,0,,0,0,,0,0,0,0,0,0,0,0,0.0,0,0,0,0,0,64.0,5755.0,0,0,0,54,eth:ethertype:ip:tcp,32.9,94.9,52.2,160.0,-49.0,a0:a3:b3:ed:ac:1c,,,,,0.0,Normal,0.0
1744306070425227,10.42.0.139,10.42.0.1,50083,1883,0,0,1,0,0,0,0,0,0,0,0,0,0,0.0,0,,0,0,,0,0,0,0,0,0,0,0,0.0,0,0,0,0,0,64.0,5760.0,0,0,0,58,eth:ethertype:ip:tcp,32.9,94.9,52.2,160.0,-49.0,a0:a3:b3:ed:ac:1c,,,,,0.0,Normal,0.0
1744306070431734,10.42.0.139,10.42.0.1,50083,1883,1,1,0,1,0,0,0,0,0,0,0,0,0,0.0,0,,0,0,,0,0,0,0,0,0,0,0,0.0,0,0,0,0,0,64.0,5760.0,0,0,0,54,eth:ethertype:ip:tcp,32.9,94.9,52.2,160.0,-49.0,a0:a3:b3:ed:ac:1c,,,,,0.0,Normal,0.0
1744306070432364,10.42.0.139,10.42.0.1,50083,1883,1,1,0,1,0,0,1,0,3,0,0,0,0,0.0,0,,0,0,,0,0,0,0,0,0,0,0,0.0,0,0,0,0,0,64.0,5760.0,0,0,0,57,eth:ethertype:ip:tcp,32.9,94.9,52.2,160.0,-49.0,a0:a3:b3:ed:ac:1c,,,,,0.0,Normal,0.0
1744306070435469,10.42.0.139,10.42.0.1,50083,1883,4,1,0,1,0,0,1,0,41,0,0,0,0,0.0,0,,0,1,,0,0,0,1,42,4,MQTT,4,0.0,0,0,0,0,0,64.0,5760.0,0,0,esp32_a0a3b3edac1c,95,eth:ethertype:ip:tcp:mqtt,32.9,94.9,52.2,160.0,-49.0,a0:a3:b3:ed:ac:1c,,,,,0.0,Normal,0.0
1744306070470941,10.42.0.139,10.42.0.1,50083,1883,45,5,0,1,0,0,1,0,3,0,0,0,0,0.0,0,,0,0,,0,0,0,0,0,0,0,0,0.0,0,0,0,0,0,64.0,5756.0,0,0,0,57,eth:ethertype:ip:tcp,32.9,94.9,52.2,160.0,-49.0,a0:a3:b3:ed:ac:1c,,,,,0.0,Normal,0.0
1744306070485400,10.42.0.139,10.42.0.1,50083,1883,48,5,0,1,1,0,1,0,185,0,0,0,0,0.0,0,,0,3,"Wakeup: 0, Mode: 0, Reset: 1, Temperature: 39.2, Uptime: 630344, Memory: 94.9, In_Temperature: 52.8°C, CPU: 160, RSSI: -49, MAC: a0:a3:b3:ed:ac:1c, F_Storage: 99.2",test/temperatura,16,0,0,182,0,0,0,0.0,0,0,0,0,0,64.0,5756.0,0,0,0,239,eth:ethertype:ip:tcp:mqtt,39.2,94.9,52.8,160.0,-49.0,a0:a3:b3:ed:ac:1c,,,,,0.0,Normal,0.0
1744306070488767,10.42.0.139,10.42.0.1,50083,1883,234,6,0,1,0,0,0,0,0,0,0,0,0,0.0,0,,0,0,,0,0,0,0,0,0,0,0,0.0,0,0,0,0,0,64.0,5755.0,0,0,0,54,eth:ethertype:ip:tcp,39.2,94.9,52.8,160.0,-49.0,a0:a3:b3:ed:ac:1c,,,,,0.0,Normal,0.0
1744306100493577,10.42.0.139,10.42.0.1,50084,1883,0,0,1,0,0,0,0,0,0,0,0,0,0,0.0,0,,0,0,,0,0,0,0,0,0,0,0,0.0,0,0,0,0,0,64.0,5760.0,0,0,0,58,eth:ethertype:ip:tcp,39.2,94.9,52.8,160.0,-49.0,a0:a3:b3:ed:ac:1c,,,,,0.0,Normal,0.0
1744306100497194,10.42.0.139,10.42.0.1,50084,1883,1,1,0,1,0,0,0,0,0,0,0,0,0,0.0,0,,0,0,,0,0,0,0,0,0,0,0,0.0,0,0,0,0,0,64.0,5760.0,0,0,0,54,eth:ethertype:ip:tcp,39.2,94.9,52.8,160.0,-49.0,a0:a3:b3:ed:ac:1c,,,,,0.0,Normal,0.0
1744306100499545,10.42.0.139,10.42.0.1,50084,1883,1,1,0,1,0,0,1,0,3,0,0,0,0,0.0,0,,0,0,,0,0,0,0,0,0,0,0,0.0,0,0,0,0,0,64.0,5760.0,0,0,0,57,eth:ethertype:ip:tcp,39.2,94.9,52.8,160.0,-49.0,a0:a3:b3:ed:ac:1c,,,,,0.0,Normal,0.0
1744306100503089,10.42.0.139,10.42.0.1,50084,1883,4,1,0,1,0,0,1,0,29,0,0,0,0,0.0,0,,0,0,,0,0,0,0,0,0,0,0,0.0,0,0,0,0,0,64.0,5760.0,0,0,0,83,eth:ethertype:ip:tcp,39.2,94.9,52.8,160.0,-49.0,a0:a3:b3:ed:ac:1c,,,,,0.0,Normal,0.0
1744306100507206,10.42.0.139,10.42.0.1,50084,1883,33,1,0,1,0,0,1,0,12,0,0,0,0,0.0,0,,0,1,,0,0,0,1,42,4,MQTT,4,0.0,0,0,0,0,0,64.0,5760.0,0,0,esp32_a0a3b3edac1c,66,eth:ethertype:ip:tcp:mqtt,39.2,94.9,52.8,160.0,-49.0,a0:a3:b3:ed:ac:1c,,,,,0.0,Normal,0.0
1744306100544914,10.42.0.139,10.42.0.1,50084,1883,45,5,0,1,0,0,1,0,3,0,0,0,0,0.0,0,,0,0,,0,0,0,0,0,0,0,0,0.0,0,0,0,0,0,64.0,5756.0,0,0,0,57,eth:ethertype:ip:tcp,39.2,94.9,52.8,160.0,-49.0,a0:a3:b3:ed:ac:1c,,,,,0.0,Normal,0.0
1744306100573020,10.42.0.139,10.42.0.1,50084,1883,48,5,0,1,1,0,1,0,185,0,0,0,0,0.0,0,,0,3,"Wakeup: 0, Mode: 0, Reset: 1, Temperature: 30.0, Uptime: 630374, Memory: 94.9, In_Temperature: 52.2°C, CPU: 160, RSSI: -49, MAC: a0:a3:b3:ed:ac:1c, F_Storage: 99.2",test/temperatura,16,0,0,182,0,0,0,0.0,0,0,0,0,0,64.0,5756.0,0,0,0,239,eth:ethertype:ip:tcp:mqtt,30.0,94.9,52.2,160.0,-49.0,a0:a3:b3:ed:ac:1c,,,,,0.0,Normal,0.0
1744306100579235,10.42.0.139,10.42.0.1,50084,1883,234,6,0,1,0,0,0,0,0,0,0,0,0,0.0,0,,0,0,,0,0,0,0,0,0,0,0,0.0,0,0,0,0,0,64.0,5755.0,0,0,0,54,eth:ethertype:ip:tcp,30.0,94.9,52.2,160.0,-49.0,a0:a3:b3:ed:ac:1c,,,,,0.0,Normal,0.0
1744306130563801,10.42.0.139,10.42.0.1,50085,1883,0,0,1,0,0,0,0,0,0,0,0,0,0,0.0,0,,0,0,,0,0,0,0,0,0,0,0,0.0,0,0,0,0,0,64.0,5760.0,0,0,0,58,eth:ethertype:ip:tcp,30.0,94.9,52.2,160.0,-49.0,a0:a3:b3:ed:ac:1c,,,,,0.0,Normal,0.0
1744306130568334,10.42.0.139,10.42.0.1,50085,1883,1,1,0,1,0,0,0,0,0,0,0,0,0,0.0,0,,0,0,,0,0,0,0,0,0,0,0,0.0,0,0,0,0,0,64.0,5760.0,0,0,0,54,eth:ethertype:ip:tcp,30.0,94.9,52.2,160.0,-49.0,a0:a3:b3:ed:ac:1c,,,,,0.0,Normal,0.0
1744306130570283,10.42.0.139,10.42.0.1,50085,1883,1,1,0,1,0,0,1,0,3,0,0,0,0,0.0,0,,0,0,,0,0,0,0,0,0,0,0,0.0,0,0,0,0,0,64.0,5760.0,0,0,0,57,eth:ethertype:ip:tcp,30.0,94.9,52.2,160.0,-49.0,a0:a3:b3:ed:ac:1c,,,,,0.0,Normal,0.0
1744306130573643,10.42.0.139,10.42.0.1,50085,1883,4,1,0,1,0,0,1,0,29,0,0,0,0,0.0,0,,0,0,,0,0,0,0,0,0,0,0,0.0,0,0,0,0,0,64.0,5760.0,0,0,0,83,eth:ethertype:ip:tcp,30.0,94.9,52.2,160.0,-49.0,a0:a3:b3:ed:ac:1c,,,,,0.0,Normal,0.0
1744306130577140,10.42.0.139,10.42.0.1,50085,1883,33,1,0,1,0,0,1,0,12,0,0,0,0,0.0,0,,0,1,,0,0,0,1,42,4,MQTT,4,0.0,0,0,0,0,0,64.0,5760.0,0,0,esp32_a0a3b3edac1c,66,eth:ethertype:ip:tcp:mqtt,30.0,94.9,52.2,160.0,-49.0,a0:a3:b3:ed:ac:1c,,,,,0.0,Normal,0.0
1744306130612455,10.42.0.139,10.42.0.1,50085,1883,45,5,0,1,0,0,1,0,3,0,0,0,0,0.0,0,,0,0,,0,0,0,0,0,0,0,0,0.0,0,0,0,0,0,64.0,5756.0,0,0,0,57,eth:ethertype:ip:tcp,30.0,94.9,52.2,160.0,-49.0,a0:a3:b3:ed:ac:1c,,,,,0.0,Normal,0.0
1744306130624812,10.42.0.139,10.42.0.1,50085,1883,48,5,0,1,1,0,1,0,185,0,0,0,0,0.0,0,,0,3,"Wakeup: 0, Mode: 0, Reset: 1, Temperature: 34.3, Uptime: 630405, Memory: 94.9, In_Temperature: 52.2°C, CPU: 160, RSSI: -50, MAC: a0:a3:b3:ed:ac:1c, F_Storage: 99.2",test/temperatura,16,0,0,182,0,0,0,0.0,0,0,0,0,0,64.0,5756.0,0,0,0,239,eth:ethertype:ip:tcp:mqtt,34.3,94.9,52.2,160.0,-50.0,a0:a3:b3:ed:ac:1c,,,,,0.0,Normal,0.0
1744306130628288,10.42.0.139,10.42.0.1,50085,1883,234,6,0,1,0,0,0,0,0,0,0,0,0,0.0,0,,0,0,,0,0,0,0,0,0,0,0,0.0,0,0,0,0,0,64.0,5755.0,0,0,0,54,eth:ethertype:ip:tcp,34.3,94.9,52.2,160.0,-50.0,a0:a3:b3:ed:ac:1c,,,,,0.0,Normal,0.0
1744306160633256,10.42.0.139,10.42.0.1,50086,1883,0,0,1,0,0,0,0,0,0,0,0,0,0,0.0,0,,0,0,,0,0,0,0,0,0,0,0,0.0,0,0,0,0,0,64.0,5760.0,0,0,0,58,eth:ethertype:ip:tcp,34.3,94.9,52.2,160.0,-50.0,a0:a3:b3:ed:ac:1c,,,,,0.0,Normal,0.0
1744306160639522,10.42.0.139,10.42.0.1,50086,1883,1,1,0,1,0,0,0,0,0,0,0,0,0,0.0,0,,0,0,,0,0,0,0,0,0,0,0,0.0,0,0,0,0,0,64.0,5760.0,0,0,0,54,eth:ethertype:ip:tcp,34.3,94.9,52.2,160.0,-50.0,a0:a3:b3:ed:ac:1c,,,,,0.0,Normal,0.0
1744306160640547,10.42.0.139,10.42.0.1,50086,1883,1,1,0,1,0,0,1,0,3,0,0,0,0,0.0,0,,0,0,,0,0,0,0,0,0,0,0,0.0,0,0,0,0,0,64.0,5760.0,0,0,0,57,eth:ethertype:ip:tcp,34.3,94.9,52.2,160.0,-50.0,a0:a3:b3:ed:ac:1c,,,,,0.0,Normal,0.0
1744306160643781,10.42.0.139,10.42.0.1,50086,1883,4,1,0,1,0,0,1,0,41,0,0,0,0,0.0,0,,0,1,,0,0,0,1,42,4,MQTT,4,0.0,0,0,0,0,0,64.0,5760.0,0,0,esp32_a0a3b3edac1c,95,eth:ethertype:ip:tcp:mqtt,34.3,94.9,52.2,160.0,-50.0,a0:a3:b3:ed:ac:1c,,,,,0.0,Normal,0.0
1744306160679054,10.42.0.139,10.42.0.1,50086,1883,45,5,0,1,0,0,1,0,3,0,0,0,0,0.0,0,,0,0,,0,0,0,0,0,0,0,0,0.0,0,0,0,0,0,64.0,5756.0,0,0,0,57,eth:ethertype:ip:tcp,34.3,94.9,52.2,160.0,-50.0,a0:a3:b3:ed:ac:1c,,,,,0.0,Normal,0.0
1744306160693843,10.42.0.139,10.42.0.1,50086,1883,48,5,0,1,1,0,1,0,185,0,0,0,0,0.0,0,,0,3,"Wakeup: 0, Mode: 0, Reset: 1, Temperature: 39.6, Uptime: 630435, Memory: 94.9, In_Temperature: 52.2°C, CPU: 160, RSSI: -49, MAC: a0:a3:b3:ed:ac:1c, F_Storage: 99.2",test/temperatura,16,0,0,182,0,0,0,0.0,0,0,0,0,0,64.0,5756.0,0,0,0,239,eth:ethertype:ip:tcp:mqtt,39.6,94.9,52.2,160.0,-49.0,a0:a3:b3:ed:ac:1c,,,,,0.0,Normal,0.0
1744306160697306,10.42.0.139,10.42.0.1,50086,1883,234,6,0,1,0,0,0,0,0,0,0,0,0,0.0,0,,0,0,,0,0,0,0,0,0,0,0,0.0,0,0,0,0,0,64.0,5755.0,0,0,0,54,eth:ethertype:ip:tcp,39.6,94.9,52.2,160.0,-49.0,a0:a3:b3:ed:ac:1c,,,,,0.0,Normal,0.0
1744306190702536,10.42.0.139,10.42.0.1,50087,1883,0,0,1,0,0,0,0,0,0,0,0,0,0,0.0,0,,0,0,,0,0,0,0,0,0,0,0,0.0,0,0,0,0,0,64.0,5760.0,0,0,0,58,eth:ethertype:ip:tcp,39.6,94.9,52.2,160.0,-49.0,a0:a3:b3:ed:ac:1c,,,,,0.0,Normal,0.0
1744306190706752,10.42.0.139,10.42.0.1,50087,1883,1,1,0,1,0,0,0,0,0,0,0,0,0,0.0,0,,0,0,,0,0,0,0,0,0,0,0,0.0,0,0,0,0,0,64.0,5760.0,0,0,0,54,eth:ethertype:ip:tcp,39.6,94.9,52.2,160.0,-49.0,a0:a3:b3:ed:ac:1c,,,,,0.0,Normal,0.0
1744306190708863,10.42.0.139,10.42.0.1,50087,1883,1,1,0,1,0,0,1,0,3,0,0,0,0,0.0,0,,0,0,,0,0,0,0,0,0,0,0,0.0,0,0,0,0,0,64.0,5760.0,0,0,0,57,eth:ethertype:ip:tcp,39.6,94.9,52.2,160.0,-49.0,a0:a3:b3:ed:ac:1c,,,,,0.0,Normal,0.0
1744306190712230,10.42.0.139,10.42.0.1,50087,1883,4,1,0,1,0,0,1,0,29,0,0,0,0,0.0,0,,0,0,,0,0,0,0,0,0,0,0,0.0,0,0,0,0,0,64.0,5760.0,0,0,0,83,eth:ethertype:ip:tcp,39.6,94.9,52.2,160.0,-49.0,a0:a3:b3:ed:ac:1c,,,,,0.0,Normal,0.0
1744306190715268,10.42.0.139,10.42.0.1,50087,1883,33,1,0,1,0,0,1,0,12,0,0,0,0,0.0,0,,0,1,,0,0,0,1,42,4,MQTT,4,0.0,0,0,0,0,0,64.0,5760.0,0,0,esp32_a0a3b3edac1c,66,eth:ethertype:ip:tcp:mqtt,39.6,94.9,52.2,160.0,-49.0,a0:a3:b3:ed:ac:1c,,,,,0.0,Normal,0.0
1744306190751341,10.42.0.139,10.42.0.1,50087,1883,45,5,0,1,0,0,1,0,3,0,0,0,0,0.0,0,,0,0,,0,0,0,0,0,0,0,0,0.0,0,0,0,0,0,64.0,5756.0,0,0,0,57,eth:ethertype:ip:tcp,39.6,94.9,52.2,160.0,-49.0,a0:a3:b3:ed:ac:1c,,,,,0.0,Normal,0.0
1744306190762763,10.42.0.139,10.42.0.1,50087,1883,48,5,0,1,1,0,1,0,185,0,0,0,0,0.0,0,,0,3,"Wakeup: 0, Mode: 0, Reset: 1, Temperature: 29.8, Uptime: 630465, Memory: 94.9, In_Temperature: 52.2°C, CPU: 160, RSSI: -48, MAC: a0:a3:b3:ed:ac:1c, F_Storage: 99.2",test/temperatura,16,0,0,182,0,0,0,0.0,0,0,0,0,0,64.0,5756.0,0,0,0,239,eth:ethertype:ip:tcp:mqtt,29.8,94.9,52.2,160.0,-48.0,a0:a3:b3:ed:ac:1c,,,,,0.0,Normal,0.0
1744306190766442,10.42.0.139,10.42.0.1,50087,1883,234,6,0,1,0,0,0,0,0,0,0,0,0,0.0,0,,0,0,,0,0,0,0,0,0,0,0,0.0,0,0,0,0,0,64.0,5755.0,0,0,0,54,eth:ethertype:ip:tcp,29.8,94.9,52.2,160.0,-48.0,a0:a3:b3:ed:ac:1c,,,,,0.0,Normal,0.0
1744306220771740,10.42.0.139,10.42.0.1,50088,1883,0,0,1,0,0,0,0,0,0,0,0,0,0,0.0,0,,0,0,,0,0,0,0,0,0,0,0,0.0,0,0,0,0,0,64.0,5760.0,0,0,0,58,eth:ethertype:ip:tcp,29.8,94.9,52.2,160.0,-48.0,a0:a3:b3:ed:ac:1c,,,,,0.0,Normal,0.0
1744306220775745,10.42.0.139,10.42.0.1,50088,1883,1,1,0,1,0,0,0,0,0,0,0,0,0,0.0,0,,0,0,,0,0,0,0,0,0,0,0,0.0,0,0,0,0,0,64.0,5760.0,0,0,0,54,eth:ethertype:ip:tcp,29.8,94.9,52.2,160.0,-48.0,a0:a3:b3:ed:ac:1c,,,,,0.0,Normal,0.0
1744306220777985,10.42.0.139,10.42.0.1,50088,1883,1,1,0,1,0,0,1,0,3,0,0,0,0,0.0,0,,0,0,,0,0,0,0,0,0,0,0,0.0,0,0,0,0,0,64.0,5760.0,0,0,0,57,eth:ethertype:ip:tcp,29.8,94.9,52.2,160.0,-48.0,a0:a3:b3:ed:ac:1c,,,,,0.0,Normal,0.0
1744306220781581,10.42.0.139,10.42.0.1,50088,1883,4,1,0,1,0,0,1,0,29,0,0,0,0,0.0,0,,0,0,,0,0,0,0,0,0,0,0,0.0,0,0,0,0,0,64.0,5760.0,0,0,0,83,eth:ethertype:ip:tcp,29.8,94.9,52.2,160.0,-48.0,a0:a3:b3:ed:ac:1c,,,,,0.0,Normal,0.0
1744306220784650,10.42.0.139,10.42.0.1,50088,1883,33,1,0,1,0,0,1,0,12,0,0,0,0,0.0,0,,0,1,,0,0,0,1,42,4,MQTT,4,0.0,0,0,0,0,0,64.0,5760.0,0,0,esp32_a0a3b3edac1c,66,eth:ethertype:ip:tcp:mqtt,29.8,94.9,52.2,160.0,-48.0,a0:a3:b3:ed:ac:1c,,,,,0.0,Normal,0.0
1744306220813194,10.42.0.139,10.42.0.1,50088,1883,45,5,0,1,0,0,0,0,0,0,0,0,0,0.0,0,,0,0,,0,0,0,0,0,0,0,0,0.0,0,0,0,0,0,64.0,5756.0,0,0,0,54,eth:ethertype:ip:tcp,29.8,94.9,52.2,160.0,-48.0,a0:a3:b3:ed:ac:1c,,,,,0.0,Normal,0.0
1744306220821280,10.42.0.139,10.42.0.1,50088,1883,45,5,0,1,0,0,1,0,3,0,0,0,0,0.0,0,,0,0,,0,0,0,0,0,0,0,0,0.0,0,0,0,0,0,64.0,5756.0,0,0,0,57,eth:ethertype:ip:tcp,29.8,94.9,52.2,160.0,-48.0,a0:a3:b3:ed:ac:1c,,,,,0.0,Normal,0.0
1744306220833247,10.42.0.139,10.42.0.1,50088,1883,48,5,0,1,1,0,1,0,185,0,0,0,0,0.0,0,,0,3,"Wakeup: 0, Mode: 0, Reset: 1, Temperature: 25.9, Uptime: 630495, Memory: 94.9, In_Temperature: 52.8°C, CPU: 160, RSSI: -50, MAC: a0:a3:b3:ed:ac:1c, F_Storage: 99.2",test/temperatura,16,0,0,182,0,0,0,0.0,0,0,0,0,0,64.0,5756.0,0,0,0,239,eth:ethertype:ip:tcp:mqtt,25.9,94.9,52.8,160.0,-50.0,a0:a3:b3:ed:ac:1c,,,,,0.0,Normal,0.0
1744306220838061,10.42.0.139,10.42.0.1,50088,1883,234,6,0,1,0,0,0,0,0,0,0,0,0,0.0,0,,0,0,,0,0,0,0,0,0,0,0,0.0,0,0,0,0,0,64.0,5755.0,0,0,0,54,eth:ethertype:ip:tcp,25.9,94.9,52.8,160.0,-50.0,a0:a3:b3:ed:ac:1c,,,,,0.0,Normal,0.0
1744306250842024,10.42.0.139,10.42.0.1,50089,1883,0,0,1,0,0,0,0,0,0,0,0,0,0,0.0,0,,0,0,,0,0,0,0,0,0,0,0,0.0,0,0,0,0,0,64.0,5760.0,0,0,0,58,eth:ethertype:ip:tcp,25.9,94.9,52.8,160.0,-50.0,a0:a3:b3:ed:ac:1c,,,,,0.0,Normal,0.0
1744306250845928,10.42.0.139,10.42.0.1,50089,1883,1,1,0,1,0,0,0,0,0,0,0,0,0,0.0,0,,0,0,,0,0,0,0,0,0,0,0,0.0,0,0,0,0,0,64.0,5760.0,0,0,0,54,eth:ethertype:ip:tcp,25.9,94.9,52.8,160.0,-50.0,a0:a3:b3:ed:ac:1c,,,,,0.0,Normal,0.0
1744306250848169,10.42.0.139,10.42.0.1,50089,1883,1,1,0,1,0,0,1,0,3,0,0,0,0,0.0,0,,0,0,,0,0,0,0,0,0,0,0,0.0,0,0,0,0,0,64.0,5760.0,0,0,0,57,eth:ethertype:ip:tcp,25.9,94.9,52.8,160.0,-50.0,a0:a3:b3:ed:ac:1c,,,,,0.0,Normal,0.0
1744306250851488,10.42.0.139,10.42.0.1,50089,1883,4,1,0,1,0,0,1,0,29,0,0,0,0,0.0,0,,0,0,,0,0,0,0,0,0,0,0,0.0,0,0,0,0,0,64.0,5760.0,0,0,0,83,eth:ethertype:ip:tcp,25.9,94.9,52.8,160.0,-50.0,a0:a3:b3:ed:ac:1c,,,,,0.0,Normal,0.0
1744306250854760,10.42.0.139,10.42.0.1,50089,1883,33,1,0,1,0,0,1,0,12,0,0,0,0,0.0,0,,0,1,,0,0,0,1,42,4,MQTT,4,0.0,0,0,0,0,0,64.0,5760.0,0,0,esp32_a0a3b3edac1c,66,eth:ethertype:ip:tcp:mqtt,25.9,94.9,52.8,160.0,-50.0,a0:a3:b3:ed:ac:1c,,,,,0.0,Normal,0.0
1744306250890163,10.42.0.139,10.42.0.1,50089,1883,45,5,0,1,0,0,1,0,3,0,0,0,0,0.0,0,,0,0,,0,0,0,0,0,0,0,0,0.0,0,0,0,0,0,64.0,5756.0,0,0,0,57,eth:ethertype:ip:tcp,25.9,94.9,52.8,160.0,-50.0,a0:a3:b3:ed:ac:1c,,,,,0.0,Normal,0.0
1744306250901476,10.42.0.139,10.42.0.1,50089,1883,48,5,0,1,1,0,1,0,185,0,0,0,0,0.0,0,,0,3,"Wakeup: 0, Mode: 0, Reset: 1, Temperature: 39.9, Uptime: 630525, Memory: 94.9, In_Temperature: 52.2°C, CPU: 160, RSSI: -49, MAC: a0:a3:b3:ed:ac:1c, F_Storage: 99.2",test/temperatura,16,0,0,182,0,0,0,0.0,0,0,0,0,0,64.0,5756.0,0,0,0,239,eth:ethertype:ip:tcp:mqtt,39.9,94.9,52.2,160.0,-49.0,a0:a3:b3:ed:ac:1c,,,,,0.0,Normal,0.0
1744306250904888,10.42.0.139,10.42.0.1,50089,1883,234,6,0,1,0,0,0,0,0,0,0,0,0,0.0,0,,0,0,,0,0,0,0,0,0,0,0,0.0,0,0,0,0,0,64.0,5755.0,0,0,0,54,eth:ethertype:ip:tcp,39.9,94.9,52.2,160.0,-49.0,a0:a3:b3:ed:ac:1c,,,,,0.0,Normal,0.0
1744306280911791,10.42.0.139,10.42.0.1,50090,1883,0,0,1,0,0,0,0,0,0,0,0,0,0,0.0,0,,0,0,,0,0,0,0,0,0,0,0,0.0,0,0,0,0,0,64.0,5760.0,0,0,0,58,eth:ethertype:ip:tcp,39.9,94.9,52.2,160.0,-49.0,a0:a3:b3:ed:ac:1c,,,,,0.0,Normal,0.0
1744306280915691,10.42.0.139,10.42.0.1,50090,1883,1,1,0,1,0,0,0,0,0,0,0,0,0,0.0,0,,0,0,,0,0,0,0,0,0,0,0,0.0,0,0,0,0,0,64.0,5760.0,0,0,0,54,eth:ethertype:ip:tcp,39.9,94.9,52.2,160.0,-49.0,a0:a3:b3:ed:ac:1c,,,,,0.0,Normal,0.0
1744306280917955,10.42.0.139,10.42.0.1,50090,1883,1,1,0,1,0,0,1,0,3,0,0,0,0,0.0,0,,0,0,,0,0,0,0,0,0,0,0,0.0,0,0,0,0,0,64.0,5760.0,0,0,0,57,eth:ethertype:ip:tcp,39.9,94.9,52.2,160.0,-49.0,a0:a3:b3:ed:ac:1c,,,,,0.0,Normal,0.0
1744306280921530,10.42.0.139,10.42.0.1,50090,1883,4,1,0,1,0,0,1,0,29,0,0,0,0,0.0,0,,0,0,,0,0,0,0,0,0,0,0,0.0,0,0,0,0,0,64.0,5760.0,0,0,0,83,eth:ethertype:ip:tcp,39.9,94.9,52.2,160.0,-49.0,a0:a3:b3:ed:ac:1c,,,,,0.0,Normal,0.0
1744306280924564,10.42.0.139,10.42.0.1,50090,1883,33,1,0,1,0,0,1,0,12,0,0,0,0,0.0,0,,0,1,,0,0,0,1,42,4,MQTT,4,0.0,0,0,0,0,0,64.0,5760.0,0,0,esp32_a0a3b3edac1c,66,eth:ethertype:ip:tcp:mqtt,39.9,94.9,52.2,160.0,-49.0,a0:a3:b3:ed:ac:1c,,,,,0.0,Normal,0.0
1744306280962367,10.42.0.139,10.42.0.1,50090,1883,45,5,0,1,0,0,1,0,3,0,0,0,0,0.0,0,,0,0,,0,0,0,0,0,0,0,0,0.0,0,0,0,0,0,64.0,5756.0,0,0,0,57,eth:ethertype:ip:tcp,39.9,94.9,52.2,160.0,-49.0,a0:a3:b3:ed:ac:1c,,,,,0.0,Normal,0.0
1744306280970925,10.42.0.139,10.42.0.1,50090,1883,48,5,0,1,1,0,1,0,185,0,0,0,0,0.0,0,,0,3,"Wakeup: 0, Mode: 0, Reset: 1, Temperature: 38.4, Uptime: 630555, Memory: 94.9, In_Temperature: 52.2°C, CPU: 160, RSSI: -50, MAC: a0:a3:b3:ed:ac:1c, F_Storage: 99.2",test/temperatura,16,0,0,182,0,0,0,0.0,0,0,0,0,0,64.0,5756.0,0,0,0,239,eth:ethertype:ip:tcp:mqtt,38.4,94.9,52.2,160.0,-50.0,a0:a3:b3:ed:ac:1c,,,,,0.0,Normal,0.0
1744306280974357,10.42.0.139,10.42.0.1,50090,1883,234,6,0,1,0,0,0,0,0,0,0,0,0,0.0,0,,0,0,,0,0,0,0,0,0,0,0,0.0,0,0,0,0,0,64.0,5755.0,0,0,0,54,eth:ethertype:ip:tcp,38.4,94.9,52.2,160.0,-50.0,a0:a3:b3:ed:ac:1c,,,,,0.0,Normal,0.0
1744306291811923,10.42.0.139,10.42.0.1,0,0,0,0,0,0,0,0,0,0,0,0,0,0,0,0.0,0,,0,0,,0,0,0,0,0,0,0,0,0.0,0,0,0,0,0,64.0,0.0,0,0,0,350,eth:ethertype:ip:udp:dhcp,38.4,94.9,52.2,160.0,-50.0,a0:a3:b3:ed:ac:1c,,,,,0.0,Normal,0.0
1744306311023113,10.42.0.139,10.42.0.1,50091,1883,0,0,1,0,0,0,0,0,0,0,0,0,0,0.0,0,,0,0,,0,0,0,0,0,0,0,0,0.0,0,0,0,0,0,64.0,5760.0,0,0,0,58,eth:ethertype:ip:tcp,38.4,94.9,52.2,160.0,-50.0,a0:a3:b3:ed:ac:1c,,,,,0.0,Normal,0.0
1744306311027262,10.42.0.139,10.42.0.1,50091,1883,1,1,0,1,0,0,0,0,0,0,0,0,0,0.0,0,,0,0,,0,0,0,0,0,0,0,0,0.0,0,0,0,0,0,64.0,5760.0,0,0,0,54,eth:ethertype:ip:tcp,38.4,94.9,52.2,160.0,-50.0,a0:a3:b3:ed:ac:1c,,,,,0.0,Normal,0.0
1744306311029393,10.42.0.139,10.42.0.1,50091,1883,1,1,0,1,0,0,1,0,3,0,0,0,0,0.0,0,,0,0,,0,0,0,0,0,0,0,0,0.0,0,0,0,0,0,64.0,5760.0,0,0,0,57,eth:ethertype:ip:tcp,38.4,94.9,52.2,160.0,-50.0,a0:a3:b3:ed:ac:1c,,,,,0.0,Normal,0.0
1744306311032820,10.42.0.139,10.42.0.1,50091,1883,4,1,0,1,0,0,1,0,29,0,0,0,0,0.0,0,,0,0,,0,0,0,0,0,0,0,0,0.0,0,0,0,0,0,64.0,5760.0,0,0,0,83,eth:ethertype:ip:tcp,38.4,94.9,52.2,160.0,-50.0,a0:a3:b3:ed:ac:1c,,,,,0.0,Normal,0.0
1744306311036014,10.42.0.139,10.42.0.1,50091,1883,33,1,0,1,0,0,1,0,12,0,0,0,0,0.0,0,,0,1,,0,0,0,1,42,4,MQTT,4,0.0,0,0,0,0,0,64.0,5760.0,0,0,esp32_a0a3b3edac1c,66,eth:ethertype:ip:tcp:mqtt,38.4,94.9,52.2,160.0,-50.0,a0:a3:b3:ed:ac:1c,,,,,0.0,Normal,0.0
1744306311081193,10.42.0.139,10.42.0.1,50091,1883,45,5,0,1,0,0,0,0,0,0,0,0,0,0.0,0,,0,0,,0,0,0,0,0,0,0,0,0.0,0,0,0,0,0,64.0,5756.0,0,0,0,54,eth:ethertype:ip:tcp,38.4,94.9,52.2,160.0,-50.0,a0:a3:b3:ed:ac:1c,,,,,0.0,Normal,0.0
1744306311081885,10.42.0.139,10.42.0.1,50091,1883,45,5,0,1,0,0,1,0,3,0,0,0,0,0.0,0,,0,0,,0,0,0,0,0,0,0,0,0.0,0,0,0,0,0,64.0,5756.0,0,0,0,57,eth:ethertype:ip:tcp,38.4,94.9,52.2,160.0,-50.0,a0:a3:b3:ed:ac:1c,,,,,0.0,Normal,0.0
1744306311090195,10.42.0.139,10.42.0.1,50091,1883,48,5,0,1,1,0,1,0,185,0,0,0,0,0.0,0,,0,3,"Wakeup: 0, Mode: 0, Reset: 1, Temperature: 39.0, Uptime: 630585, Memory: 94.9, In_Temperature: 52.8°C, CPU: 160, RSSI: -50, MAC: a0:a3:b3:ed:ac:1c, F_Storage: 99.2",test/temperatura,16,0,0,182,0,0,0,0.0,0,0,0,0,0,64.0,5756.0,0,0,0,239,eth:ethertype:ip:tcp:mqtt,39.0,94.9,52.8,160.0,-50.0,a0:a3:b3:ed:ac:1c,,,,,0.0,Normal,0.0
1744306311093752,10.42.0.139,10.42.0.1,50091,1883,234,6,0,1,0,0,0,0,0,0,0,0,0,0.0,0,,0,0,,0,0,0,0,0,0,0,0,0.0,0,0,0,0,0,64.0,5755.0,0,0,0,54,eth:ethertype:ip:tcp,39.0,94.9,52.8,160.0,-50.0,a0:a3:b3:ed:ac:1c,,,,,0.0,Normal,0.0
1744306341099137,10.42.0.139,10.42.0.1,50092,1883,0,0,1,0,0,0,0,0,0,0,0,0,0,0.0,0,,0,0,,0,0,0,0,0,0,0,0,0.0,0,0,0,0,0,64.0,5760.0,0,0,0,58,eth:ethertype:ip:tcp,39.0,94.9,52.8,160.0,-50.0,a0:a3:b3:ed:ac:1c,,,,,0.0,Normal,0.0
1744306341103211,10.42.0.139,10.42.0.1,50092,1883,1,1,0,1,0,0,0,0,0,0,0,0,0,0.0,0,,0,0,,0,0,0,0,0,0,0,0,0.0,0,0,0,0,0,64.0,5760.0,0,0,0,54,eth:ethertype:ip:tcp,39.0,94.9,52.8,160.0,-50.0,a0:a3:b3:ed:ac:1c,,,,,0.0,Normal,0.0
1744306341105172,10.42.0.139,10.42.0.1,50092,1883,1,1,0,1,0,0,1,0,3,0,0,0,0,0.0,0,,0,0,,0,0,0,0,0,0,0,0,0.0,0,0,0,0,0,64.0,5760.0,0,0,0,57,eth:ethertype:ip:tcp,39.0,94.9,52.8,160.0,-50.0,a0:a3:b3:ed:ac:1c,,,,,0.0,Normal,0.0
1744306341108629,10.42.0.139,10.42.0.1,50092,1883,4,1,0,1,0,0,1,0,29,0,0,0,0,0.0,0,,0,0,,0,0,0,0,0,0,0,0,0.0,0,0,0,0,0,64.0,5760.0,0,0,0,83,eth:ethertype:ip:tcp,39.0,94.9,52.8,160.0,-50.0,a0:a3:b3:ed:ac:1c,,,,,0.0,Normal,0.0
1744306341112217,10.42.0.139,10.42.0.1,50092,1883,33,1,0,1,0,0,1,0,12,0,0,0,0,0.0,0,,0,1,,0,0,0,1,42,4,MQTT,4,0.0,0,0,0,0,0,64.0,5760.0,0,0,esp32_a0a3b3edac1c,66,eth:ethertype:ip:tcp:mqtt,39.0,94.9,52.8,160.0,-50.0,a0:a3:b3:ed:ac:1c,,,,,0.0,Normal,0.0
1744306341147723,10.42.0.139,10.42.0.1,50092,1883,45,5,0,1,0,0,1,0,3,0,0,0,0,0.0,0,,0,0,,0,0,0,0,0,0,0,0,0.0,0,0,0,0,0,64.0,5756.0,0,0,0,57,eth:ethertype:ip:tcp,39.0,94.9,52.8,160.0,-50.0,a0:a3:b3:ed:ac:1c,,,,,0.0,Normal,0.0
1744306341160203,10.42.0.139,10.42.0.1,50092,1883,48,5,0,1,1,0,1,0,185,0,0,0,0,0.0,0,,0,3,"Wakeup: 0, Mode: 0, Reset: 1, Temperature: 34.7, Uptime: 630615, Memory: 94.9, In_Temperature: 52.2°C, CPU: 160, RSSI: -50, MAC: a0:a3:b3:ed:ac:1c, F_Storage: 99.2",test/temperatura,16,0,0,182,0,0,0,0.0,0,0,0,0,0,64.0,5756.0,0,0,0,239,eth:ethertype:ip:tcp:mqtt,34.7,94.9,52.2,160.0,-50.0,a0:a3:b3:ed:ac:1c,,,,,0.0,Normal,0.0
1744306341163767,10.42.0.139,10.42.0.1,50092,1883,234,6,0,1,0,0,0,0,0,0,0,0,0,0.0,0,,0,0,,0,0,0,0,0,0,0,0,0.0,0,0,0,0,0,64.0,5755.0,0,0,0,54,eth:ethertype:ip:tcp,34.7,94.9,52.2,160.0,-50.0,a0:a3:b3:ed:ac:1c,,,,,0.0,Normal,0.0
1744306371168631,10.42.0.139,10.42.0.1,50093,1883,0,0,1,0,0,0,0,0,0,0,0,0,0,0.0,0,,0,0,,0,0,0,0,0,0,0,0,0.0,0,0,0,0,0,64.0,5760.0,0,0,0,58,eth:ethertype:ip:tcp,34.7,94.9,52.2,160.0,-50.0,a0:a3:b3:ed:ac:1c,,,,,0.0,Normal,0.0
1744306371172612,10.42.0.139,10.42.0.1,50093,1883,1,1,0,1,0,0,0,0,0,0,0,0,0,0.0,0,,0,0,,0,0,0,0,0,0,0,0,0.0,0,0,0,0,0,64.0,5760.0,0,0,0,54,eth:ethertype:ip:tcp,34.7,94.9,52.2,160.0,-50.0,a0:a3:b3:ed:ac:1c,,,,,0.0,Normal,0.0
1744306371175810,10.42.0.139,10.42.0.1,50093,1883,1,1,0,1,0,0,1,0,3,0,0,0,0,0.0,0,,0,0,,0,0,0,0,0,0,0,0,0.0,0,0,0,0,0,64.0,5760.0,0,0,0,57,eth:ethertype:ip:tcp,34.7,94.9,52.2,160.0,-50.0,a0:a3:b3:ed:ac:1c,,,,,0.0,Normal,0.0
1744306371178991,10.42.0.139,10.42.0.1,50093,1883,4,1,0,1,0,0,1,0,41,0,0,0,0,0.0,0,,0,1,,0,0,0,1,42,4,MQTT,4,0.0,0,0,0,0,0,64.0,5760.0,0,0,esp32_a0a3b3edac1c,95,eth:ethertype:ip:tcp:mqtt,34.7,94.9,52.2,160.0,-50.0,a0:a3:b3:ed:ac:1c,,,,,0.0,Normal,0.0
1744306371214235,10.42.0.139,10.42.0.1,50093,1883,45,5,0,1,0,0,1,0,3,0,0,0,0,0.0,0,,0,0,,0,0,0,0,0,0,0,0,0.0,0,0,0,0,0,64.0,5756.0,0,0,0,57,eth:ethertype:ip:tcp,34.7,94.9,52.2,160.0,-50.0,a0:a3:b3:ed:ac:1c,,,,,0.0,Normal,0.0
1744306371229115,10.42.0.139,10.42.0.1,50093,1883,48,5,0,1,1,0,1,0,185,0,0,0,0,0.0,0,,0,3,"Wakeup: 0, Mode: 0, Reset: 1, Temperature: 26.5, Uptime: 630645, Memory: 94.9, In_Temperature: 52.2°C, CPU: 160, RSSI: -50, MAC: a0:a3:b3:ed:ac:1c, F_Storage: 99.2",test/temperatura,16,0,0,182,0,0,0,0.0,0,0,0,0,0,64.0,5756.0,0,0,0,239,eth:ethertype:ip:tcp:mqtt,26.5,94.9,52.2,160.0,-50.0,a0:a3:b3:ed:ac:1c,,,,,0.0,Normal,0.0
1744306371232515,10.42.0.139,10.42.0.1,50093,1883,234,6,0,1,0,0,0,0,0,0,0,0,0,0.0,0,,0,0,,0,0,0,0,0,0,0,0,0.0,0,0,0,0,0,64.0,5755.0,0,0,0,54,eth:ethertype:ip:tcp,26.5,94.9,52.2,160.0,-50.0,a0:a3:b3:ed:ac:1c,,,,,0.0,Normal,0.0
1744306401239888,10.42.0.139,10.42.0.1,50094,1883,0,0,1,0,0,0,0,0,0,0,0,0,0,0.0,0,,0,0,,0,0,0,0,0,0,0,0,0.0,0,0,0,0,0,64.0,5760.0,0,0,0,58,eth:ethertype:ip:tcp,26.5,94.9,52.2,160.0,-50.0,a0:a3:b3:ed:ac:1c,,,,,0.0,Normal,0.0
1744306401243871,10.42.0.139,10.42.0.1,50094,1883,1,1,0,1,0,0,0,0,0,0,0,0,0,0.0,0,,0,0,,0,0,0,0,0,0,0,0,0.0,0,0,0,0,0,64.0,5760.0,0,0,0,54,eth:ethertype:ip:tcp,26.5,94.9,52.2,160.0,-50.0,a0:a3:b3:ed:ac:1c,,,,,0.0,Normal,0.0
1744306401246032,10.42.0.139,10.42.0.1,50094,1883,1,1,0,1,0,0,1,0,3,0,0,0,0,0.0,0,,0,0,,0,0,0,0,0,0,0,0,0.0,0,0,0,0,0,64.0,5760.0,0,0,0,57,eth:ethertype:ip:tcp,26.5,94.9,52.2,160.0,-50.0,a0:a3:b3:ed:ac:1c,,,,,0.0,Normal,0.0
1744306401249466,10.42.0.139,10.42.0.1,50094,1883,4,1,0,1,0,0,1,0,29,0,0,0,0,0.0,0,,0,0,,0,0,0,0,0,0,0,0,0.0,0,0,0,0,0,64.0,5760.0,0,0,0,83,eth:ethertype:ip:tcp,26.5,94.9,52.2,160.0,-50.0,a0:a3:b3:ed:ac:1c,,,,,0.0,Normal,0.0
1744306401252520,10.42.0.139,10.42.0.1,50094,1883,33,1,0,1,0,0,1,0,12,0,0,0,0,0.0,0,,0,1,,0,0,0,1,42,4,MQTT,4,0.0,0,0,0,0,0,64.0,5760.0,0,0,esp32_a0a3b3edac1c,66,eth:ethertype:ip:tcp:mqtt,26.5,94.9,52.2,160.0,-50.0,a0:a3:b3:ed:ac:1c,,,,,0.0,Normal,0.0
1744306401288293,10.42.0.139,10.42.0.1,50094,1883,45,5,0,1,0,0,1,0,3,0,0,0,0,0.0,0,,0,0,,0,0,0,0,0,0,0,0,0.0,0,0,0,0,0,64.0,5756.0,0,0,0,57,eth:ethertype:ip:tcp,26.5,94.9,52.2,160.0,-50.0,a0:a3:b3:ed:ac:1c,,,,,0.0,Normal,0.0
1744306401298186,10.42.0.139,10.42.0.1,50094,1883,48,5,0,1,1,0,1,0,185,0,0,0,0,0.0,0,,0,3,"Wakeup: 0, Mode: 0, Reset: 1, Temperature: 27.1, Uptime: 630675, Memory: 94.9, In_Temperature: 52.2°C, CPU: 160, RSSI: -50, MAC: a0:a3:b3:ed:ac:1c, F_Storage: 99.2",test/temperatura,16,0,0,182,0,0,0,0.0,0,0,0,0,0,64.0,5756.0,0,0,0,239,eth:ethertype:ip:tcp:mqtt,27.1,94.9,52.2,160.0,-50.0,a0:a3:b3:ed:ac:1c,,,,,0.0,Normal,0.0
1744306401301781,10.42.0.139,10.42.0.1,50094,1883,234,6,0,1,0,0,0,0,0,0,0,0,0,0.0,0,,0,0,,0,0,0,0,0,0,0,0,0.0,0,0,0,0,0,64.0,5755.0,0,0,0,54,eth:ethertype:ip:tcp,27.1,94.9,52.2,160.0,-50.0,a0:a3:b3:ed:ac:1c,,,,,0.0,Normal,0.0
1744306431307256,10.42.0.139,10.42.0.1,50095,1883,0,0,1,0,0,0,0,0,0,0,0,0,0,0.0,0,,0,0,,0,0,0,0,0,0,0,0,0.0,0,0,0,0,0,64.0,5760.0,0,0,0,58,eth:ethertype:ip:tcp,27.1,94.9,52.2,160.0,-50.0,a0:a3:b3:ed:ac:1c,,,,,0.0,Normal,0.0
1744306431311151,10.42.0.139,10.42.0.1,50095,1883,1,1,0,1,0,0,0,0,0,0,0,0,0,0.0,0,,0,0,,0,0,0,0,0,0,0,0,0.0,0,0,0,0,0,64.0,5760.0,0,0,0,54,eth:ethertype:ip:tcp,27.1,94.9,52.2,160.0,-50.0,a0:a3:b3:ed:ac:1c,,,,,0.0,Normal,0.0
1744306431313279,10.42.0.139,10.42.0.1,50095,1883,1,1,0,1,0,0,1,0,3,0,0,0,0,0.0,0,,0,0,,0,0,0,0,0,0,0,0,0.0,0,0,0,0,0,64.0,5760.0,0,0,0,57,eth:ethertype:ip:tcp,27.1,94.9,52.2,160.0,-50.0,a0:a3:b3:ed:ac:1c,,,,,0.0,Normal,0.0
1744306431316694,10.42.0.139,10.42.0.1,50095,1883,4,1,0,1,0,0,1,0,29,0,0,0,0,0.0,0,,0,0,,0,0,0,0,0,0,0,0,0.0,0,0,0,0,0,64.0,5760.0,0,0,0,83,eth:ethertype:ip:tcp,27.1,94.9,52.2,160.0,-50.0,a0:a3:b3:ed:ac:1c,,,,,0.0,Normal,0.0
1744306431319803,10.42.0.139,10.42.0.1,50095,1883,33,1,0,1,0,0,1,0,12,0,0,0,0,0.0,0,,0,1,,0,0,0,1,42,4,MQTT,4,0.0,0,0,0,0,0,64.0,5760.0,0,0,esp32_a0a3b3edac1c,66,eth:ethertype:ip:tcp:mqtt,27.1,94.9,52.2,160.0,-50.0,a0:a3:b3:ed:ac:1c,,,,,0.0,Normal,0.0
1744306431355097,10.42.0.139,10.42.0.1,50095,1883,45,5,0,1,0,0,1,0,3,0,0,0,0,0.0,0,,0,0,,0,0,0,0,0,0,0,0,0.0,0,0,0,0,0,64.0,5756.0,0,0,0,57,eth:ethertype:ip:tcp,27.1,94.9,52.2,160.0,-50.0,a0:a3:b3:ed:ac:1c,,,,,0.0,Normal,0.0
1744306431368118,10.42.0.139,10.42.0.1,50095,1883,48,5,0,1,1,0,1,0,185,0,0,0,0,0.0,0,,0,3,"Wakeup: 0, Mode: 0, Reset: 1, Temperature: 35.6, Uptime: 630705, Memory: 94.9, In_Temperature: 52.2°C, CPU: 160, RSSI: -50, MAC: a0:a3:b3:ed:ac:1c, F_Storage: 99.2",test/temperatura,16,0,0,182,0,0,0,0.0,0,0,0,0,0,64.0,5756.0,0,0,0,239,eth:ethertype:ip:tcp:mqtt,35.6,94.9,52.2,160.0,-50.0,a0:a3:b3:ed:ac:1c,,,,,0.0,Normal,0.0
1744306431372884,10.42.0.139,10.42.0.1,50095,1883,234,6,0,1,0,0,0,0,0,0,0,0,0,0.0,0,,0,0,,0,0,0,0,0,0,0,0,0.0,0,0,0,0,0,64.0,5755.0,0,0,0,54,eth:ethertype:ip:tcp,35.6,94.9,52.2,160.0,-50.0,a0:a3:b3:ed:ac:1c,,,,,0.0,Normal,0.0
1744306461376331,10.42.0.139,10.42.0.1,50096,1883,0,0,1,0,0,0,0,0,0,0,0,0,0,0.0,0,,0,0,,0,0,0,0,0,0,0,0,0.0,0,0,0,0,0,64.0,5760.0,0,0,0,58,eth:ethertype:ip:tcp,35.6,94.9,52.2,160.0,-50.0,a0:a3:b3:ed:ac:1c,,,,,0.0,Normal,0.0
1744306461397988,10.42.0.139,10.42.0.1,50096,1883,1,1,0,1,0,0,0,0,0,0,0,0,0,0.0,0,,0,0,,0,0,0,0,0,0,0,0,0.0,0,0,0,0,0,64.0,5760.0,0,0,0,54,eth:ethertype:ip:tcp,35.6,94.9,52.2,160.0,-50.0,a0:a3:b3:ed:ac:1c,,,,,0.0,Normal,0.0
1744306461400130,10.42.0.139,10.42.0.1,50096,1883,1,1,0,1,0,0,1,0,3,0,0,0,0,0.0,0,,0,0,,0,0,0,0,0,0,0,0,0.0,0,0,0,0,0,64.0,5760.0,0,0,0,57,eth:ethertype:ip:tcp,35.6,94.9,52.2,160.0,-50.0,a0:a3:b3:ed:ac:1c,,,,,0.0,Normal,0.0
1744306461403835,10.42.0.139,10.42.0.1,50096,1883,4,1,0,1,0,0,1,0,29,0,0,0,0,0.0,0,,0,0,,0,0,0,0,0,0,0,0,0.0,0,0,0,0,0,64.0,5760.0,0,0,0,83,eth:ethertype:ip:tcp,35.6,94.9,52.2,160.0,-50.0,a0:a3:b3:ed:ac:1c,,,,,0.0,Normal,0.0
1744306461406827,10.42.0.139,10.42.0.1,50096,1883,33,1,0,1,0,0,1,0,12,0,0,0,0,0.0,0,,0,1,,0,0,0,1,42,4,MQTT,4,0.0,0,0,0,0,0,64.0,5760.0,0,0,esp32_a0a3b3edac1c,66,eth:ethertype:ip:tcp:mqtt,35.6,94.9,52.2,160.0,-50.0,a0:a3:b3:ed:ac:1c,,,,,0.0,Normal,0.0
1744306461442111,10.42.0.139,10.42.0.1,50096,1883,45,5,0,1,0,0,1,0,3,0,0,0,0,0.0,0,,0,0,,0,0,0,0,0,0,0,0,0.0,0,0,0,0,0,64.0,5756.0,0,0,0,57,eth:ethertype:ip:tcp,35.6,94.9,52.2,160.0,-50.0,a0:a3:b3:ed:ac:1c,,,,,0.0,Normal,0.0
1744306461456826,10.42.0.139,10.42.0.1,50096,1883,48,5,0,1,1,0,1,0,185,0,0,0,0,0.0,0,,0,3,"Wakeup: 0, Mode: 0, Reset: 1, Temperature: 37.8, Uptime: 630735, Memory: 94.9, In_Temperature: 52.2°C, CPU: 160, RSSI: -49, MAC: a0:a3:b3:ed:ac:1c, F_Storage: 99.2",test/temperatura,16,0,0,182,0,0,0,0.0,0,0,0,0,0,64.0,5756.0,0,0,0,239,eth:ethertype:ip:tcp:mqtt,37.8,94.9,52.2,160.0,-49.0,a0:a3:b3:ed:ac:1c,,,,,0.0,Normal,0.0
1744306461460262,10.42.0.139,10.42.0.1,50096,1883,234,6,0,1,0,0,0,0,0,0,0,0,0,0.0,0,,0,0,,0,0,0,0,0,0,0,0,0.0,0,0,0,0,0,64.0,5755.0,0,0,0,54,eth:ethertype:ip:tcp,37.8,94.9,52.2,160.0,-49.0,a0:a3:b3:ed:ac:1c,,,,,0.0,Normal,0.0
1744306491464953,10.42.0.139,10.42.0.1,50097,1883,0,0,1,0,0,0,0,0,0,0,0,0,0,0.0,0,,0,0,,0,0,0,0,0,0,0,0,0.0,0,0,0,0,0,64.0,5760.0,0,0,0,58,eth:ethertype:ip:tcp,37.8,94.9,52.2,160.0,-49.0,a0:a3:b3:ed:ac:1c,,,,,0.0,Normal,0.0
1744306491468646,10.42.0.139,10.42.0.1,50097,1883,1,1,0,1,0,0,0,0,0,0,0,0,0,0.0,0,,0,0,,0,0,0,0,0,0,0,0,0.0,0,0,0,0,0,64.0,5760.0,0,0,0,54,eth:ethertype:ip:tcp,37.8,94.9,52.2,160.0,-49.0,a0:a3:b3:ed:ac:1c,,,,,0.0,Normal,0.0
1744306491470836,10.42.0.139,10.42.0.1,50097,1883,1,1,0,1,0,0,1,0,3,0,0,0,0,0.0,0,,0,0,,0,0,0,0,0,0,0,0,0.0,0,0,0,0,0,64.0,5760.0,0,0,0,57,eth:ethertype:ip:tcp,37.8,94.9,52.2,160.0,-49.0,a0:a3:b3:ed:ac:1c,,,,,0.0,Normal,0.0
1744306491474249,10.42.0.139,10.42.0.1,50097,1883,4,1,0,1,0,0,1,0,29,0,0,0,0,0.0,0,,0,0,,0,0,0,0,0,0,0,0,0.0,0,0,0,0,0,64.0,5760.0,0,0,0,83,eth:ethertype:ip:tcp,37.8,94.9,52.2,160.0,-49.0,a0:a3:b3:ed:ac:1c,,,,,0.0,Normal,0.0
1744306491480678,10.42.0.139,10.42.0.1,50097,1883,33,1,0,1,0,0,1,0,12,0,0,0,0,0.0,0,,0,1,,0,0,0,1,42,4,MQTT,4,0.0,0,0,0,0,0,64.0,5760.0,0,0,esp32_a0a3b3edac1c,66,eth:ethertype:ip:tcp:mqtt,37.8,94.9,52.2,160.0,-49.0,a0:a3:b3:ed:ac:1c,,,,,0.0,Normal,0.0
1744306491516013,10.42.0.139,10.42.0.1,50097,1883,45,5,0,1,0,0,1,0,3,0,0,0,0,0.0,0,,0,0,,0,0,0,0,0,0,0,0,0.0,0,0,0,0,0,64.0,5756.0,0,0,0,57,eth:ethertype:ip:tcp,37.8,94.9,52.2,160.0,-49.0,a0:a3:b3:ed:ac:1c,,,,,0.0,Normal,0.0
1744306491526140,10.42.0.139,10.42.0.1,50097,1883,48,5,0,1,1,0,1,0,185,0,0,0,0,0.0,0,,0,3,"Wakeup: 0, Mode: 0, Reset: 1, Temperature: 31.6, Uptime: 630765, Memory: 94.9, In_Temperature: 52.8°C, CPU: 160, RSSI: -49, MAC: a0:a3:b3:ed:ac:1c, F_Storage: 99.2",test/temperatura,16,0,0,182,0,0,0,0.0,0,0,0,0,0,64.0,5756.0,0,0,0,239,eth:ethertype:ip:tcp:mqtt,31.6,94.9,52.8,160.0,-49.0,a0:a3:b3:ed:ac:1c,,,,,0.0,Normal,0.0
1744306491529395,10.42.0.139,10.42.0.1,50097,1883,234,6,0,1,0,0,0,0,0,0,0,0,0,0.0,0,,0,0,,0,0,0,0,0,0,0,0,0.0,0,0,0,0,0,64.0,5755.0,0,0,0,54,eth:ethertype:ip:tcp,31.6,94.9,52.8,160.0,-49.0,a0:a3:b3:ed:ac:1c,,,,,0.0,Normal,0.0
1744306521535256,10.42.0.139,10.42.0.1,50098,1883,0,0,1,0,0,0,0,0,0,0,0,0,0,0.0,0,,0,0,,0,0,0,0,0,0,0,0,0.0,0,0,0,0,0,64.0,5760.0,0,0,0,58,eth:ethertype:ip:tcp,31.6,94.9,52.8,160.0,-49.0,a0:a3:b3:ed:ac:1c,,,,,0.0,Normal,0.0
1744306521539244,10.42.0.139,10.42.0.1,50098,1883,1,1,0,1,0,0,0,0,0,0,0,0,0,0.0,0,,0,0,,0,0,0,0,0,0,0,0,0.0,0,0,0,0,0,64.0,5760.0,0,0,0,54,eth:ethertype:ip:tcp,31.6,94.9,52.8,160.0,-49.0,a0:a3:b3:ed:ac:1c,,,,,0.0,Normal,0.0
1744306521542094,10.42.0.139,10.42.0.1,50098,1883,1,1,0,1,0,0,1,0,3,0,0,0,0,0.0,0,,0,0,,0,0,0,0,0,0,0,0,0.0,0,0,0,0,0,64.0,5760.0,0,0,0,57,eth:ethertype:ip:tcp,31.6,94.9,52.8,160.0,-49.0,a0:a3:b3:ed:ac:1c,,,,,0.0,Normal,0.0
1744306521545651,10.42.0.139,10.42.0.1,50098,1883,4,1,0,1,0,0,1,0,31,0,0,0,0,0.0,0,,0,0,,0,0,0,0,0,0,0,0,0.0,0,0,0,0,0,64.0,5760.0,0,0,0,85,eth:ethertype:ip:tcp,31.6,94.9,52.8,160.0,-49.0,a0:a3:b3:ed:ac:1c,,,,,0.0,Normal,0.0
1744306521548802,10.42.0.139,10.42.0.1,50098,1883,35,1,0,1,0,0,1,0,10,0,0,0,0,0.0,0,,0,1,,0,0,0,1,42,4,MQTT,4,0.0,0,0,0,0,0,64.0,5760.0,0,0,esp32_a0a3b3edac1c,64,eth:ethertype:ip:tcp:mqtt,31.6,94.9,52.8,160.0,-49.0,a0:a3:b3:ed:ac:1c,,,,,0.0,Normal,0.0
1744306521555250,10.42.0.139,10.42.0.1,50098,1883,45,5,0,1,0,0,0,0,0,0,0,0,0,0.0,0,,0,0,,0,0,0,0,0,0,0,0,0.0,0,0,0,0,0,64.0,5756.0,0,0,0,54,eth:ethertype:ip:tcp,31.6,94.9,52.8,160.0,-49.0,a0:a3:b3:ed:ac:1c,,,,,0.0,Normal,0.0
1744306521586700,10.42.0.139,10.42.0.1,50098,1883,45,5,0,1,0,0,1,0,3,0,0,0,0,0.0,0,,0,0,,0,0,0,0,0,0,0,0,0.0,0,0,0,0,0,64.0,5756.0,0,0,0,57,eth:ethertype:ip:tcp,31.6,94.9,52.8,160.0,-49.0,a0:a3:b3:ed:ac:1c,,,,,0.0,Normal,0.0
1744306521619629,10.42.0.139,10.42.0.1,50098,1883,48,5,0,1,1,0,1,0,185,0,0,0,0,0.0,0,,0,3,"Wakeup: 0, Mode: 0, Reset: 1, Temperature: 40.9, Uptime: 630796, Memory: 94.9, In_Temperature: 52.2°C, CPU: 160, RSSI: -50, MAC: a0:a3:b3:ed:ac:1c, F_Storage: 99.2",test/temperatura,16,0,0,182,0,0,0,0.0,0,0,0,0,0,64.0,5756.0,0,0,0,239,eth:ethertype:ip:tcp:mqtt,40.9,94.9,52.2,160.0,-50.0,a0:a3:b3:ed:ac:1c,,,,,0.0,Normal,0.0
1744306521622977,10.42.0.139,10.42.0.1,50098,1883,234,6,0,1,0,0,0,0,0,0,0,0,0,0.0,0,,0,0,,0,0,0,0,0,0,0,0,0.0,0,0,0,0,0,64.0,5755.0,0,0,0,54,eth:ethertype:ip:tcp,40.9,94.9,52.2,160.0,-50.0,a0:a3:b3:ed:ac:1c,,,,,0.0,Normal,0.0
1744306551606263,10.42.0.139,10.42.0.1,50099,1883,0,0,1,0,0,0,0,0,0,0,0,0,0,0.0,0,,0,0,,0,0,0,0,0,0,0,0,0.0,0,0,0,0,0,64.0,5760.0,0,0,0,58,eth:ethertype:ip:tcp,40.9,94.9,52.2,160.0,-50.0,a0:a3:b3:ed:ac:1c,,,,,0.0,Normal,0.0
1744306551610216,10.42.0.139,10.42.0.1,50099,1883,1,1,0,1,0,0,0,0,0,0,0,0,0,0.0,0,,0,0,,0,0,0,0,0,0,0,0,0.0,0,0,0,0,0,64.0,5760.0,0,0,0,54,eth:ethertype:ip:tcp,40.9,94.9,52.2,160.0,-50.0,a0:a3:b3:ed:ac:1c,,,,,0.0,Normal,0.0
1744306551612392,10.42.0.139,10.42.0.1,50099,1883,1,1,0,1,0,0,1,0,3,0,0,0,0,0.0,0,,0,0,,0,0,0,0,0,0,0,0,0.0,0,0,0,0,0,64.0,5760.0,0,0,0,57,eth:ethertype:ip:tcp,40.9,94.9,52.2,160.0,-50.0,a0:a3:b3:ed:ac:1c,,,,,0.0,Normal,0.0
1744306551618070,10.42.0.139,10.42.0.1,50099,1883,4,1,0,1,0,0,1,0,29,0,0,0,0,0.0,0,,0,0,,0,0,0,0,0,0,0,0,0.0,0,0,0,0,0,64.0,5760.0,0,0,0,83,eth:ethertype:ip:tcp,40.9,94.9,52.2,160.0,-50.0,a0:a3:b3:ed:ac:1c,,,,,0.0,Normal,0.0
1744306551620805,10.42.0.139,10.42.0.1,50099,1883,33,1,0,1,0,0,1,0,12,0,0,0,0,0.0,0,,0,1,,0,0,0,1,42,4,MQTT,4,0.0,0,0,0,0,0,64.0,5760.0,0,0,esp32_a0a3b3edac1c,66,eth:ethertype:ip:tcp:mqtt,40.9,94.9,52.2,160.0,-50.0,a0:a3:b3:ed:ac:1c,,,,,0.0,Normal,0.0
1744306551656473,10.42.0.139,10.42.0.1,50099,1883,45,5,0,1,0,0,1,0,3,0,0,0,0,0.0,0,,0,0,,0,0,0,0,0,0,0,0,0.0,0,0,0,0,0,64.0,5756.0,0,0,0,57,eth:ethertype:ip:tcp,40.9,94.9,52.2,160.0,-50.0,a0:a3:b3:ed:ac:1c,,,,,0.0,Normal,0.0
1744306551674955,10.42.0.139,10.42.0.1,50099,1883,48,5,0,1,1,0,1,0,185,0,0,0,0,0.0,0,,0,3,"Wakeup: 0, Mode: 0, Reset: 1, Temperature: 38.1, Uptime: 630826, Memory: 94.9, In_Temperature: 52.2°C, CPU: 160, RSSI: -50, MAC: a0:a3:b3:ed:ac:1c, F_Storage: 99.2",test/temperatura,16,0,0,182,0,0,0,0.0,0,0,0,0,0,64.0,5756.0,0,0,0,239,eth:ethertype:ip:tcp:mqtt,38.1,94.9,52.2,160.0,-50.0,a0:a3:b3:ed:ac:1c,,,,,0.0,Normal,0.0
1744306551678444,10.42.0.139,10.42.0.1,50099,1883,234,6,0,1,0,0,0,0,0,0,0,0,0,0.0,0,,0,0,,0,0,0,0,0,0,0,0,0.0,0,0,0,0,0,64.0,5755.0,0,0,0,54,eth:ethertype:ip:tcp,38.1,94.9,52.2,160.0,-50.0,a0:a3:b3:ed:ac:1c,,,,,0.0,Normal,0.0
1744306581683771,10.42.0.139,10.42.0.1,50100,1883,0,0,1,0,0,0,0,0,0,0,0,0,0,0.0,0,,0,0,,0,0,0,0,0,0,0,0,0.0,0,0,0,0,0,64.0,5760.0,0,0,0,58,eth:ethertype:ip:tcp,38.1,94.9,52.2,160.0,-50.0,a0:a3:b3:ed:ac:1c,,,,,0.0,Normal,0.0
1744306581687768,10.42.0.139,10.42.0.1,50100,1883,1,1,0,1,0,0,0,0,0,0,0,0,0,0.0,0,,0,0,,0,0,0,0,0,0,0,0,0.0,0,0,0,0,0,64.0,5760.0,0,0,0,54,eth:ethertype:ip:tcp,38.1,94.9,52.2,160.0,-50.0,a0:a3:b3:ed:ac:1c,,,,,0.0,Normal,0.0
1744306581691514,10.42.0.139,10.42.0.1,50100,1883,1,1,0,1,0,0,1,0,3,0,0,0,0,0.0,0,,0,0,,0,0,0,0,0,0,0,0,0.0,0,0,0,0,0,64.0,5760.0,0,0,0,57,eth:ethertype:ip:tcp,38.1,94.9,52.2,160.0,-50.0,a0:a3:b3:ed:ac:1c,,,,,0.0,Normal,0.0
1744306581696456,10.42.0.139,10.42.0.1,50100,1883,4,1,0,1,0,0,1,0,41,0,0,0,0,0.0,0,,0,1,,0,0,0,1,42,4,MQTT,4,0.0,0,0,0,0,0,64.0,5760.0,0,0,esp32_a0a3b3edac1c,95,eth:ethertype:ip:tcp:mqtt,38.1,94.9,52.2,160.0,-50.0,a0:a3:b3:ed:ac:1c,,,,,0.0,Normal,0.0
1744306581731778,10.42.0.139,10.42.0.1,50100,1883,45,5,0,1,0,0,1,0,3,0,0,0,0,0.0,0,,0,0,,0,0,0,0,0,0,0,0,0.0,0,0,0,0,0,64.0,5756.0,0,0,0,57,eth:ethertype:ip:tcp,38.1,94.9,52.2,160.0,-50.0,a0:a3:b3:ed:ac:1c,,,,,0.0,Normal,0.0
1744306581744426,10.42.0.139,10.42.0.1,50100,1883,48,5,0,1,1,0,1,0,185,0,0,0,0,0.0,0,,0,3,"Wakeup: 0, Mode: 0, Reset: 1, Temperature: 32.3, Uptime: 630856, Memory: 94.9, In_Temperature: 52.2°C, CPU: 160, RSSI: -48, MAC: a0:a3:b3:ed:ac:1c, F_Storage: 99.2",test/temperatura,16,0,0,182,0,0,0,0.0,0,0,0,0,0,64.0,5756.0,0,0,0,239,eth:ethertype:ip:tcp:mqtt,32.3,94.9,52.2,160.0,-48.0,a0:a3:b3:ed:ac:1c,,,,,0.0,Normal,0.0
1744306581747996,10.42.0.139,10.42.0.1,50100,1883,234,6,0,1,0,0,0,0,0,0,0,0,0,0.0,0,,0,0,,0,0,0,0,0,0,0,0,0.0,0,0,0,0,0,64.0,5755.0,0,0,0,54,eth:ethertype:ip:tcp,32.3,94.9,52.2,160.0,-48.0,a0:a3:b3:ed:ac:1c,,,,,0.0,Normal,0.0
1744306611753235,10.42.0.139,10.42.0.1,50101,1883,0,0,1,0,0,0,0,0,0,0,0,0,0,0.0,0,,0,0,,0,0,0,0,0,0,0,0,0.0,0,0,0,0,0,64.0,5760.0,0,0,0,58,eth:ethertype:ip:tcp,32.3,94.9,52.2,160.0,-48.0,a0:a3:b3:ed:ac:1c,,,,,0.0,Normal,0.0
1744306611757299,10.42.0.139,10.42.0.1,50101,1883,1,1,0,1,0,0,0,0,0,0,0,0,0,0.0,0,,0,0,,0,0,0,0,0,0,0,0,0.0,0,0,0,0,0,64.0,5760.0,0,0,0,54,eth:ethertype:ip:tcp,32.3,94.9,52.2,160.0,-48.0,a0:a3:b3:ed:ac:1c,,,,,0.0,Normal,0.0
1744306611759333,10.42.0.139,10.42.0.1,50101,1883,1,1,0,1,0,0,1,0,3,0,0,0,0,0.0,0,,0,0,,0,0,0,0,0,0,0,0,0.0,0,0,0,0,0,64.0,5760.0,0,0,0,57,eth:ethertype:ip:tcp,32.3,94.9,52.2,160.0,-48.0,a0:a3:b3:ed:ac:1c,,,,,0.0,Normal,0.0
1744306611762819,10.42.0.139,10.42.0.1,50101,1883,4,1,0,1,0,0,1,0,29,0,0,0,0,0.0,0,,0,0,,0,0,0,0,0,0,0,0,0.0,0,0,0,0,0,64.0,5760.0,0,0,0,83,eth:ethertype:ip:tcp,32.3,94.9,52.2,160.0,-48.0,a0:a3:b3:ed:ac:1c,,,,,0.0,Normal,0.0
1744306611765851,10.42.0.139,10.42.0.1,50101,1883,33,1,0,1,0,0,1,0,12,0,0,0,0,0.0,0,,0,1,,0,0,0,1,42,4,MQTT,4,0.0,0,0,0,0,0,64.0,5760.0,0,0,esp32_a0a3b3edac1c,66,eth:ethertype:ip:tcp:mqtt,32.3,94.9,52.2,160.0,-48.0,a0:a3:b3:ed:ac:1c,,,,,0.0,Normal,0.0
1744306611802465,10.42.0.139,10.42.0.1,50101,1883,45,5,0,1,0,0,1,0,3,0,0,0,0,0.0,0,,0,0,,0,0,0,0,0,0,0,0,0.0,0,0,0,0,0,64.0,5756.0,0,0,0,57,eth:ethertype:ip:tcp,32.3,94.9,52.2,160.0,-48.0,a0:a3:b3:ed:ac:1c,,,,,0.0,Normal,0.0
1744306611813492,10.42.0.139,10.42.0.1,50101,1883,48,5,0,1,1,0,1,0,185,0,0,0,0,0.0,0,,0,3,"Wakeup: 0, Mode: 0, Reset: 1, Temperature: 38.1, Uptime: 630886, Memory: 94.9, In_Temperature: 52.2°C, CPU: 160, RSSI: -48, MAC: a0:a3:b3:ed:ac:1c, F_Storage: 99.2",test/temperatura,16,0,0,182,0,0,0,0.0,0,0,0,0,0,64.0,5756.0,0,0,0,239,eth:ethertype:ip:tcp:mqtt,38.1,94.9,52.2,160.0,-48.0,a0:a3:b3:ed:ac:1c,,,,,0.0,Normal,0.0
1744306611818000,10.42.0.139,10.42.0.1,50101,1883,234,6,0,1,0,0,0,0,0,0,0,0,0,0.0,0,,0,0,,0,0,0,0,0,0,0,0,0.0,0,0,0,0,0,64.0,5755.0,0,0,0,54,eth:ethertype:ip:tcp,38.1,94.9,52.2,160.0,-48.0,a0:a3:b3:ed:ac:1c,,,,,0.0,Normal,0.0
1744306641822514,10.42.0.139,10.42.0.1,50102,1883,0,0,1,0,0,0,0,0,0,0,0,0,0,0.0,0,,0,0,,0,0,0,0,0,0,0,0,0.0,0,0,0,0,0,64.0,5760.0,0,0,0,58,eth:ethertype:ip:tcp,38.1,94.9,52.2,160.0,-48.0,a0:a3:b3:ed:ac:1c,,,,,0.0,Normal,0.0
1744306641826459,10.42.0.139,10.42.0.1,50102,1883,1,1,0,1,0,0,0,0,0,0,0,0,0,0.0,0,,0,0,,0,0,0,0,0,0,0,0,0.0,0,0,0,0,0,64.0,5760.0,0,0,0,54,eth:ethertype:ip:tcp,38.1,94.9,52.2,160.0,-48.0,a0:a3:b3:ed:ac:1c,,,,,0.0,Normal,0.0
1744306641828687,10.42.0.139,10.42.0.1,50102,1883,1,1,0,1,0,0,1,0,3,0,0,0,0,0.0,0,,0,0,,0,0,0,0,0,0,0,0,0.0,0,0,0,0,0,64.0,5760.0,0,0,0,57,eth:ethertype:ip:tcp,38.1,94.9,52.2,160.0,-48.0,a0:a3:b3:ed:ac:1c,,,,,0.0,Normal,0.0
1744306641832001,10.42.0.139,10.42.0.1,50102,1883,4,1,0,1,0,0,1,0,29,0,0,0,0,0.0,0,,0,0,,0,0,0,0,0,0,0,0,0.0,0,0,0,0,0,64.0,5760.0,0,0,0,83,eth:ethertype:ip:tcp,38.1,94.9,52.2,160.0,-48.0,a0:a3:b3:ed:ac:1c,,,,,0.0,Normal,0.0
1744306641835108,10.42.0.139,10.42.0.1,50102,1883,33,1,0,1,0,0,1,0,12,0,0,0,0,0.0,0,,0,1,,0,0,0,1,42,4,MQTT,4,0.0,0,0,0,0,0,64.0,5760.0,0,0,esp32_a0a3b3edac1c,66,eth:ethertype:ip:tcp:mqtt,38.1,94.9,52.2,160.0,-48.0,a0:a3:b3:ed:ac:1c,,,,,0.0,Normal,0.0
1744306641870335,10.42.0.139,10.42.0.1,50102,1883,45,5,0,1,0,0,1,0,3,0,0,0,0,0.0,0,,0,0,,0,0,0,0,0,0,0,0,0.0,0,0,0,0,0,64.0,5756.0,0,0,0,57,eth:ethertype:ip:tcp,38.1,94.9,52.2,160.0,-48.0,a0:a3:b3:ed:ac:1c,,,,,0.0,Normal,0.0
1744306641882807,10.42.0.139,10.42.0.1,50102,1883,48,5,0,1,1,0,1,0,185,0,0,0,0,0.0,0,,0,3,"Wakeup: 0, Mode: 0, Reset: 1, Temperature: 39.9, Uptime: 630916, Memory: 94.9, In_Temperature: 52.2°C, CPU: 160, RSSI: -49, MAC: a0:a3:b3:ed:ac:1c, F_Storage: 99.2",test/temperatura,16,0,0,182,0,0,0,0.0,0,0,0,0,0,64.0,5756.0,0,0,0,239,eth:ethertype:ip:tcp:mqtt,39.9,94.9,52.2,160.0,-49.0,a0:a3:b3:ed:ac:1c,,,,,0.0,Normal,0.0
1744306641886104,10.42.0.139,10.42.0.1,50102,1883,234,6,0,1,0,0,0,0,0,0,0,0,0,0.0,0,,0,0,,0,0,0,0,0,0,0,0,0.0,0,0,0,0,0,64.0,5755.0,0,0,0,54,eth:ethertype:ip:tcp,39.9,94.9,52.2,160.0,-49.0,a0:a3:b3:ed:ac:1c,,,,,0.0,Normal,0.0
1744306671891023,10.42.0.139,10.42.0.1,50103,1883,0,0,1,0,0,0,0,0,0,0,0,0,0,0.0,0,,0,0,,0,0,0,0,0,0,0,0,0.0,0,0,0,0,0,64.0,5760.0,0,0,0,58,eth:ethertype:ip:tcp,39.9,94.9,52.2,160.0,-49.0,a0:a3:b3:ed:ac:1c,,,,,0.0,Normal,0.0
1744306671894674,10.42.0.139,10.42.0.1,50103,1883,1,1,0,1,0,0,0,0,0,0,0,0,0,0.0,0,,0,0,,0,0,0,0,0,0,0,0,0.0,0,0,0,0,0,64.0,5760.0,0,0,0,54,eth:ethertype:ip:tcp,39.9,94.9,52.2,160.0,-49.0,a0:a3:b3:ed:ac:1c,,,,,0.0,Normal,0.0
1744306671896933,10.42.0.139,10.42.0.1,50103,1883,1,1,0,1,0,0,1,0,3,0,0,0,0,0.0,0,,0,0,,0,0,0,0,0,0,0,0,0.0,0,0,0,0,0,64.0,5760.0,0,0,0,57,eth:ethertype:ip:tcp,39.9,94.9,52.2,160.0,-49.0,a0:a3:b3:ed:ac:1c,,,,,0.0,Normal,0.0
1744306671900465,10.42.0.139,10.42.0.1,50103,1883,4,1,0,1,0,0,1,0,29,0,0,0,0,0.0,0,,0,0,,0,0,0,0,0,0,0,0,0.0,0,0,0,0,0,64.0,5760.0,0,0,0,83,eth:ethertype:ip:tcp,39.9,94.9,52.2,160.0,-49.0,a0:a3:b3:ed:ac:1c,,,,,0.0,Normal,0.0
1744306671903527,10.42.0.139,10.42.0.1,50103,1883,33,1,0,1,0,0,1,0,12,0,0,0,0,0.0,0,,0,1,,0,0,0,1,42,4,MQTT,4,0.0,0,0,0,0,0,64.0,5760.0,0,0,esp32_a0a3b3edac1c,66,eth:ethertype:ip:tcp:mqtt,39.9,94.9,52.2,160.0,-49.0,a0:a3:b3:ed:ac:1c,,,,,0.0,Normal,0.0
1744306671942647,10.42.0.139,10.42.0.1,50103,1883,45,5,0,1,0,0,1,0,3,0,0,0,0,0.0,0,,0,0,,0,0,0,0,0,0,0,0,0.0,0,0,0,0,0,64.0,5756.0,0,0,0,57,eth:ethertype:ip:tcp,39.9,94.9,52.2,160.0,-49.0,a0:a3:b3:ed:ac:1c,,,,,0.0,Normal,0.0
1744306671952133,10.42.0.139,10.42.0.1,50103,1883,48,5,0,1,1,0,1,0,185,0,0,0,0,0.0,0,,0,3,"Wakeup: 0, Mode: 0, Reset: 1, Temperature: 33.5, Uptime: 630946, Memory: 94.9, In_Temperature: 52.2°C, CPU: 160, RSSI: -48, MAC: a0:a3:b3:ed:ac:1c, F_Storage: 99.2",test/temperatura,16,0,0,182,0,0,0,0.0,0,0,0,0,0,64.0,5756.0,0,0,0,239,eth:ethertype:ip:tcp:mqtt,33.5,94.9,52.2,160.0,-48.0,a0:a3:b3:ed:ac:1c,,,,,0.0,Normal,0.0
1744306671955618,10.42.0.139,10.42.0.1,50103,1883,234,6,0,1,0,0,0,0,0,0,0,0,0,0.0,0,,0,0,,0,0,0,0,0,0,0,0,0.0,0,0,0,0,0,64.0,5755.0,0,0,0,54,eth:ethertype:ip:tcp,33.5,94.9,52.2,160.0,-48.0,a0:a3:b3:ed:ac:1c,,,,,0.0,Normal,0.0
1744306701961255,10.42.0.139,10.42.0.1,50104,1883,0,0,1,0,0,0,0,0,0,0,0,0,0,0.0,0,,0,0,,0,0,0,0,0,0,0,0,0.0,0,0,0,0,0,64.0,5760.0,0,0,0,58,eth:ethertype:ip:tcp,33.5,94.9,52.2,160.0,-48.0,a0:a3:b3:ed:ac:1c,,,,,0.0,Normal,0.0
1744306701965414,10.42.0.139,10.42.0.1,50104,1883,1,1,0,1,0,0,0,0,0,0,0,0,0,0.0,0,,0,0,,0,0,0,0,0,0,0,0,0.0,0,0,0,0,0,64.0,5760.0,0,0,0,54,eth:ethertype:ip:tcp,33.5,94.9,52.2,160.0,-48.0,a0:a3:b3:ed:ac:1c,,,,,0.0,Normal,0.0
1744306701967649,10.42.0.139,10.42.0.1,50104,1883,1,1,0,1,0,0,1,0,3,0,0,0,0,0.0,0,,0,0,,0,0,0,0,0,0,0,0,0.0,0,0,0,0,0,64.0,5760.0,0,0,0,57,eth:ethertype:ip:tcp,33.5,94.9,52.2,160.0,-48.0,a0:a3:b3:ed:ac:1c,,,,,0.0,Normal,0.0
1744306701971471,10.42.0.139,10.42.0.1,50104,1883,4,1,0,1,0,0,1,0,29,0,0,0,0,0.0,0,,0,0,,0,0,0,0,0,0,0,0,0.0,0,0,0,0,0,64.0,5760.0,0,0,0,83,eth:ethertype:ip:tcp,33.5,94.9,52.2,160.0,-48.0,a0:a3:b3:ed:ac:1c,,,,,0.0,Normal,0.0
1744306701974888,10.42.0.139,10.42.0.1,50104,1883,33,1,0,1,0,0,1,0,12,0,0,0,0,0.0,0,,0,1,,0,0,0,1,42,4,MQTT,4,0.0,0,0,0,0,0,64.0,5760.0,0,0,esp32_a0a3b3edac1c,66,eth:ethertype:ip:tcp:mqtt,33.5,94.9,52.2,160.0,-48.0,a0:a3:b3:ed:ac:1c,,,,,0.0,Normal,0.0
1744306702011904,10.42.0.139,10.42.0.1,50104,1883,45,5,0,1,0,0,1,0,3,0,0,0,0,0.0,0,,0,0,,0,0,0,0,0,0,0,0,0.0,0,0,0,0,0,64.0,5756.0,0,0,0,57,eth:ethertype:ip:tcp,33.5,94.9,52.2,160.0,-48.0,a0:a3:b3:ed:ac:1c,,,,,0.0,Normal,0.0
1744306702022165,10.42.0.139,10.42.0.1,50104,1883,48,5,0,1,1,0,1,0,185,0,0,0,0,0.0,0,,0,3,"Wakeup: 0, Mode: 0, Reset: 1, Temperature: 39.7, Uptime: 630976, Memory: 94.9, In_Temperature: 52.2°C, CPU: 160, RSSI: -48, MAC: a0:a3:b3:ed:ac:1c, F_Storage: 99.2",test/temperatura,16,0,0,182,0,0,0,0.0,0,0,0,0,0,64.0,5756.0,0,0,0,239,eth:ethertype:ip:tcp:mqtt,39.7,94.9,52.2,160.0,-48.0,a0:a3:b3:ed:ac:1c,,,,,0.0,Normal,0.0
1744306702025541,10.42.0.139,10.42.0.1,50104,1883,234,6,0,1,0,0,0,0,0,0,0,0,0,0.0,0,,0,0,,0,0,0,0,0,0,0,0,0.0,0,0,0,0,0,64.0,5755.0,0,0,0,54,eth:ethertype:ip:tcp,39.7,94.9,52.2,160.0,-48.0,a0:a3:b3:ed:ac:1c,,,,,0.0,Normal,0.0
1744306732031068,10.42.0.139,10.42.0.1,50105,1883,0,0,1,0,0,0,0,0,0,0,0,0,0,0.0,0,,0,0,,0,0,0,0,0,0,0,0,0.0,0,0,0,0,0,64.0,5760.0,0,0,0,58,eth:ethertype:ip:tcp,39.7,94.9,52.2,160.0,-48.0,a0:a3:b3:ed:ac:1c,,,,,0.0,Normal,0.0
1744306732036605,10.42.0.139,10.42.0.1,50105,1883,1,1,0,1,0,0,0,0,0,0,0,0,0,0.0,0,,0,0,,0,0,0,0,0,0,0,0,0.0,0,0,0,0,0,64.0,5760.0,0,0,0,54,eth:ethertype:ip:tcp,39.7,94.9,52.2,160.0,-48.0,a0:a3:b3:ed:ac:1c,,,,,0.0,Normal,0.0
1744306732037994,10.42.0.139,10.42.0.1,50105,1883,1,1,0,1,0,0,1,0,3,0,0,0,0,0.0,0,,0,0,,0,0,0,0,0,0,0,0,0.0,0,0,0,0,0,64.0,5760.0,0,0,0,57,eth:ethertype:ip:tcp,39.7,94.9,52.2,160.0,-48.0,a0:a3:b3:ed:ac:1c,,,,,0.0,Normal,0.0
1744306732042257,10.42.0.139,10.42.0.1,50105,1883,4,1,0,1,0,0,1,0,37,0,0,0,0,0.0,0,,0,0,,0,0,0,0,0,0,0,0,0.0,0,0,0,0,0,64.0,5760.0,0,0,0,91,eth:ethertype:ip:tcp,39.7,94.9,52.2,160.0,-48.0,a0:a3:b3:ed:ac:1c,,,,,0.0,Normal,0.0
1744306732044671,10.42.0.139,10.42.0.1,50105,1883,41,1,0,1,0,0,1,0,4,0,0,0,0,0.0,0,,0,1,,0,0,0,1,42,4,MQTT,4,0.0,0,0,0,0,0,64.0,5760.0,0,0,esp32_a0a3b3edac1c,58,eth:ethertype:ip:tcp:mqtt,39.7,94.9,52.2,160.0,-48.0,a0:a3:b3:ed:ac:1c,,,,,0.0,Normal,0.0
1744306732051113,10.42.0.139,10.42.0.1,50105,1883,45,5,0,1,0,0,0,0,0,0,0,0,0,0.0,0,,0,0,,0,0,0,0,0,0,0,0,0.0,0,0,0,0,0,64.0,5756.0,0,0,0,54,eth:ethertype:ip:tcp,39.7,94.9,52.2,160.0,-48.0,a0:a3:b3:ed:ac:1c,,,,,0.0,Normal,0.0
1744306732081183,10.42.0.139,10.42.0.1,50105,1883,45,5,0,1,0,0,1,0,3,0,0,0,0,0.0,0,,0,0,,0,0,0,0,0,0,0,0,0.0,0,0,0,0,0,64.0,5756.0,0,0,0,57,eth:ethertype:ip:tcp,39.7,94.9,52.2,160.0,-48.0,a0:a3:b3:ed:ac:1c,,,,,0.0,Normal,0.0
1744306732090863,10.42.0.139,10.42.0.1,50105,1883,48,5,0,1,1,0,1,0,185,0,0,0,0,0.0,0,,0,3,"Wakeup: 0, Mode: 0, Reset: 1, Temperature: 25.6, Uptime: 631006, Memory: 94.9, In_Temperature: 52.2°C, CPU: 160, RSSI: -50, MAC: a0:a3:b3:ed:ac:1c, F_Storage: 99.2",test/temperatura,16,0,0,182,0,0,0,0.0,0,0,0,0,0,64.0,5756.0,0,0,0,239,eth:ethertype:ip:tcp:mqtt,25.6,94.9,52.2,160.0,-50.0,a0:a3:b3:ed:ac:1c,,,,,0.0,Normal,0.0
1744306732094346,10.42.0.139,10.42.0.1,50105,1883,234,6,0,1,0,0,0,0,0,0,0,0,0,0.0,0,,0,0,,0,0,0,0,0,0,0,0,0.0,0,0,0,0,0,64.0,5755.0,0,0,0,54,eth:ethertype:ip:tcp,25.6,94.9,52.2,160.0,-50.0,a0:a3:b3:ed:ac:1c,,,,,0.0,Normal,0.0
1744306762099741,10.42.0.139,10.42.0.1,50106,1883,0,0,1,0,0,0,0,0,0,0,0,0,0,0.0,0,,0,0,,0,0,0,0,0,0,0,0,0.0,0,0,0,0,0,64.0,5760.0,0,0,0,58,eth:ethertype:ip:tcp,25.6,94.9,52.2,160.0,-50.0,a0:a3:b3:ed:ac:1c,,,,,0.0,Normal,0.0
1744306762103713,10.42.0.139,10.42.0.1,50106,1883,1,1,0,1,0,0,0,0,0,0,0,0,0,0.0,0,,0,0,,0,0,0,0,0,0,0,0,0.0,0,0,0,0,0,64.0,5760.0,0,0,0,54,eth:ethertype:ip:tcp,25.6,94.9,52.2,160.0,-50.0,a0:a3:b3:ed:ac:1c,,,,,0.0,Normal,0.0
1744306762105830,10.42.0.139,10.42.0.1,50106,1883,1,1,0,1,0,0,1,0,3,0,0,0,0,0.0,0,,0,0,,0,0,0,0,0,0,0,0,0.0,0,0,0,0,0,64.0,5760.0,0,0,0,57,eth:ethertype:ip:tcp,25.6,94.9,52.2,160.0,-50.0,a0:a3:b3:ed:ac:1c,,,,,0.0,Normal,0.0
1744306762109306,10.42.0.139,10.42.0.1,50106,1883,4,1,0,1,0,0,1,0,29,0,0,0,0,0.0,0,,0,0,,0,0,0,0,0,0,0,0,0.0,0,0,0,0,0,64.0,5760.0,0,0,0,83,eth:ethertype:ip:tcp,25.6,94.9,52.2,160.0,-50.0,a0:a3:b3:ed:ac:1c,,,,,0.0,Normal,0.0
1744306762112360,10.42.0.139,10.42.0.1,50106,1883,33,1,0,1,0,0,1,0,12,0,0,0,0,0.0,0,,0,1,,0,0,0,1,42,4,MQTT,4,0.0,0,0,0,0,0,64.0,5760.0,0,0,esp32_a0a3b3edac1c,66,eth:ethertype:ip:tcp:mqtt,25.6,94.9,52.2,160.0,-50.0,a0:a3:b3:ed:ac:1c,,,,,0.0,Normal,0.0
1744306762148824,10.42.0.139,10.42.0.1,50106,1883,45,5,0,1,0,0,1,0,3,0,0,0,0,0.0,0,,0,0,,0,0,0,0,0,0,0,0,0.0,0,0,0,0,0,64.0,5756.0,0,0,0,57,eth:ethertype:ip:tcp,25.6,94.9,52.2,160.0,-50.0,a0:a3:b3:ed:ac:1c,,,,,0.0,Normal,0.0
1744306762160192,10.42.0.139,10.42.0.1,50106,1883,48,5,0,1,1,0,1,0,185,0,0,0,0,0.0,0,,0,3,"Wakeup: 0, Mode: 0, Reset: 1, Temperature: 29.6, Uptime: 631036, Memory: 94.9, In_Temperature: 52.2°C, CPU: 160, RSSI: -48, MAC: a0:a3:b3:ed:ac:1c, F_Storage: 99.2",test/temperatura,16,0,0,182,0,0,0,0.0,0,0,0,0,0,64.0,5756.0,0,0,0,239,eth:ethertype:ip:tcp:mqtt,29.6,94.9,52.2,160.0,-48.0,a0:a3:b3:ed:ac:1c,,,,,0.0,Normal,0.0
1744306762163752,10.42.0.139,10.42.0.1,50106,1883,234,6,0,1,0,0,0,0,0,0,0,0,0,0.0,0,,0,0,,0,0,0,0,0,0,0,0,0.0,0,0,0,0,0,64.0,5755.0,0,0,0,54,eth:ethertype:ip:tcp,29.6,94.9,52.2,160.0,-48.0,a0:a3:b3:ed:ac:1c,,,,,0.0,Normal,0.0
1744306792169275,10.42.0.139,10.42.0.1,50107,1883,0,0,1,0,0,0,0,0,0,0,0,0,0,0.0,0,,0,0,,0,0,0,0,0,0,0,0,0.0,0,0,0,0,0,64.0,5760.0,0,0,0,58,eth:ethertype:ip:tcp,29.6,94.9,52.2,160.0,-48.0,a0:a3:b3:ed:ac:1c,,,,,0.0,Normal,0.0
1744306792173343,10.42.0.139,10.42.0.1,50107,1883,1,1,0,1,0,0,0,0,0,0,0,0,0,0.0,0,,0,0,,0,0,0,0,0,0,0,0,0.0,0,0,0,0,0,64.0,5760.0,0,0,0,54,eth:ethertype:ip:tcp,29.6,94.9,52.2,160.0,-48.0,a0:a3:b3:ed:ac:1c,,,,,0.0,Normal,0.0
1744306792175327,10.42.0.139,10.42.0.1,50107,1883,1,1,0,1,0,0,1,0,3,0,0,0,0,0.0,0,,0,0,,0,0,0,0,0,0,0,0,0.0,0,0,0,0,0,64.0,5760.0,0,0,0,57,eth:ethertype:ip:tcp,29.6,94.9,52.2,160.0,-48.0,a0:a3:b3:ed:ac:1c,,,,,0.0,Normal,0.0
1744306792178683,10.42.0.139,10.42.0.1,50107,1883,4,1,0,1,0,0,1,0,29,0,0,0,0,0.0,0,,0,0,,0,0,0,0,0,0,0,0,0.0,0,0,0,0,0,64.0,5760.0,0,0,0,83,eth:ethertype:ip:tcp,29.6,94.9,52.2,160.0,-48.0,a0:a3:b3:ed:ac:1c,,,,,0.0,Normal,0.0
1744306792181923,10.42.0.139,10.42.0.1,50107,1883,33,1,0,1,0,0,1,0,12,0,0,0,0,0.0,0,,0,1,,0,0,0,1,42,4,MQTT,4,0.0,0,0,0,0,0,64.0,5760.0,0,0,esp32_a0a3b3edac1c,66,eth:ethertype:ip:tcp:mqtt,29.6,94.9,52.2,160.0,-48.0,a0:a3:b3:ed:ac:1c,,,,,0.0,Normal,0.0
1744306792217117,10.42.0.139,10.42.0.1,50107,1883,45,5,0,1,0,0,1,0,3,0,0,0,0,0.0,0,,0,0,,0,0,0,0,0,0,0,0,0.0,0,0,0,0,0,64.0,5756.0,0,0,0,57,eth:ethertype:ip:tcp,29.6,94.9,52.2,160.0,-48.0,a0:a3:b3:ed:ac:1c,,,,,0.0,Normal,0.0
1744306792230267,10.42.0.139,10.42.0.1,50107,1883,48,5,0,1,1,0,1,0,185,0,0,0,0,0.0,0,,0,3,"Wakeup: 0, Mode: 0, Reset: 1, Temperature: 35.2, Uptime: 631066, Memory: 94.9, In_Temperature: 52.2°C, CPU: 160, RSSI: -51, MAC: a0:a3:b3:ed:ac:1c, F_Storage: 99.2",test/temperatura,16,0,0,182,0,0,0,0.0,0,0,0,0,0,64.0,5756.0,0,0,0,239,eth:ethertype:ip:tcp:mqtt,35.2,94.9,52.2,160.0,-51.0,a0:a3:b3:ed:ac:1c,,,,,0.0,Normal,0.0
1744306792233751,10.42.0.139,10.42.0.1,50107,1883,234,6,0,1,0,0,0,0,0,0,0,0,0,0.0,0,,0,0,,0,0,0,0,0,0,0,0,0.0,0,0,0,0,0,64.0,5755.0,0,0,0,54,eth:ethertype:ip:tcp,35.2,94.9,52.2,160.0,-51.0,a0:a3:b3:ed:ac:1c,,,,,0.0,Normal,0.0
1744306822239625,10.42.0.139,10.42.0.1,50108,1883,0,0,1,0,0,0,0,0,0,0,0,0,0,0.0,0,,0,0,,0,0,0,0,0,0,0,0,0.0,0,0,0,0,0,64.0,5760.0,0,0,0,58,eth:ethertype:ip:tcp,35.2,94.9,52.2,160.0,-51.0,a0:a3:b3:ed:ac:1c,,,,,0.0,Normal,0.0
1744306822243517,10.42.0.139,10.42.0.1,50108,1883,1,1,0,1,0,0,0,0,0,0,0,0,0,0.0,0,,0,0,,0,0,0,0,0,0,0,0,0.0,0,0,0,0,0,64.0,5760.0,0,0,0,54,eth:ethertype:ip:tcp,35.2,94.9,52.2,160.0,-51.0,a0:a3:b3:ed:ac:1c,,,,,0.0,Normal,0.0
1744306822245749,10.42.0.139,10.42.0.1,50108,1883,1,1,0,1,0,0,1,0,3,0,0,0,0,0.0,0,,0,0,,0,0,0,0,0,0,0,0,0.0,0,0,0,0,0,64.0,5760.0,0,0,0,57,eth:ethertype:ip:tcp,35.2,94.9,52.2,160.0,-51.0,a0:a3:b3:ed:ac:1c,,,,,0.0,Normal,0.0
1744306822251887,10.42.0.139,10.42.0.1,50108,1883,4,1,0,1,0,0,1,0,29,0,0,0,0,0.0,0,,0,0,,0,0,0,0,0,0,0,0,0.0,0,0,0,0,0,64.0,5760.0,0,0,0,83,eth:ethertype:ip:tcp,35.2,94.9,52.2,160.0,-51.0,a0:a3:b3:ed:ac:1c,,,,,0.0,Normal,0.0
1744306822255113,10.42.0.139,10.42.0.1,50108,1883,33,1,0,1,0,0,1,0,12,0,0,0,0,0.0,0,,0,1,,0,0,0,1,42,4,MQTT,4,0.0,0,0,0,0,0,64.0,5760.0,0,0,esp32_a0a3b3edac1c,66,eth:ethertype:ip:tcp:mqtt,35.2,94.9,52.2,160.0,-51.0,a0:a3:b3:ed:ac:1c,,,,,0.0,Normal,0.0
1744306822290360,10.42.0.139,10.42.0.1,50108,1883,45,5,0,1,0,0,1,0,3,0,0,0,0,0.0,0,,0,0,,0,0,0,0,0,0,0,0,0.0,0,0,0,0,0,64.0,5756.0,0,0,0,57,eth:ethertype:ip:tcp,35.2,94.9,52.2,160.0,-51.0,a0:a3:b3:ed:ac:1c,,,,,0.0,Normal,0.0
1744306822308949,10.42.0.139,10.42.0.1,50108,1883,48,5,0,1,1,0,1,0,185,0,0,0,0,0.0,0,,0,3,"Wakeup: 0, Mode: 0, Reset: 1, Temperature: 37.9, Uptime: 631096, Memory: 94.9, In_Temperature: 52.2°C, CPU: 160, RSSI: -49, MAC: a0:a3:b3:ed:ac:1c, F_Storage: 99.2",test/temperatura,16,0,0,182,0,0,0,0.0,0,0,0,0,0,64.0,5756.0,0,0,0,239,eth:ethertype:ip:tcp:mqtt,37.9,94.9,52.2,160.0,-49.0,a0:a3:b3:ed:ac:1c,,,,,0.0,Normal,0.0
1744306822312323,10.42.0.139,10.42.0.1,50108,1883,234,6,0,1,0,0,0,0,0,0,0,0,0,0.0,0,,0,0,,0,0,0,0,0,0,0,0,0.0,0,0,0,0,0,64.0,5755.0,0,0,0,54,eth:ethertype:ip:tcp,37.9,94.9,52.2,160.0,-49.0,a0:a3:b3:ed:ac:1c,,,,,0.0,Normal,0.0
1744306852317052,10.42.0.139,10.42.0.1,50109,1883,0,0,1,0,0,0,0,0,0,0,0,0,0,0.0,0,,0,0,,0,0,0,0,0,0,0,0,0.0,0,0,0,0,0,64.0,5760.0,0,0,0,58,eth:ethertype:ip:tcp,37.9,94.9,52.2,160.0,-49.0,a0:a3:b3:ed:ac:1c,,,,,0.0,Normal,0.0
1744306852323036,10.42.0.139,10.42.0.1,50109,1883,1,1,0,1,0,0,0,0,0,0,0,0,0,0.0,0,,0,0,,0,0,0,0,0,0,0,0,0.0,0,0,0,0,0,64.0,5760.0,0,0,0,54,eth:ethertype:ip:tcp,37.9,94.9,52.2,160.0,-49.0,a0:a3:b3:ed:ac:1c,,,,,0.0,Normal,0.0
1744306852323766,10.42.0.139,10.42.0.1,50109,1883,1,1,0,1,0,0,1,0,3,0,0,0,0,0.0,0,,0,0,,0,0,0,0,0,0,0,0,0.0,0,0,0,0,0,64.0,5760.0,0,0,0,57,eth:ethertype:ip:tcp,37.9,94.9,52.2,160.0,-49.0,a0:a3:b3:ed:ac:1c,,,,,0.0,Normal,0.0
1744306852327167,10.42.0.139,10.42.0.1,50109,1883,4,1,0,1,0,0,1,0,31,0,0,0,0,0.0,0,,0,0,,0,0,0,0,0,0,0,0,0.0,0,0,0,0,0,64.0,5760.0,0,0,0,85,eth:ethertype:ip:tcp,37.9,94.9,52.2,160.0,-49.0,a0:a3:b3:ed:ac:1c,,,,,0.0,Normal,0.0
1744306852330185,10.42.0.139,10.42.0.1,50109,1883,35,1,0,1,0,0,1,0,10,0,0,0,0,0.0,0,,0,1,,0,0,0,1,42,4,MQTT,4,0.0,0,0,0,0,0,64.0,5760.0,0,0,esp32_a0a3b3edac1c,64,eth:ethertype:ip:tcp:mqtt,37.9,94.9,52.2,160.0,-49.0,a0:a3:b3:ed:ac:1c,,,,,0.0,Normal,0.0
1744306852366075,10.42.0.139,10.42.0.1,50109,1883,45,5,0,1,0,0,1,0,3,0,0,0,0,0.0,0,,0,0,,0,0,0,0,0,0,0,0,0.0,0,0,0,0,0,64.0,5756.0,0,0,0,57,eth:ethertype:ip:tcp,37.9,94.9,52.2,160.0,-49.0,a0:a3:b3:ed:ac:1c,,,,,0.0,Normal,0.0
1744306852378134,10.42.0.139,10.42.0.1,50109,1883,48,5,0,1,1,0,1,0,185,0,0,0,0,0.0,0,,0,3,"Wakeup: 0, Mode: 0, Reset: 1, Temperature: 35.1, Uptime: 631126, Memory: 94.9, In_Temperature: 52.2°C, CPU: 160, RSSI: -50, MAC: a0:a3:b3:ed:ac:1c, F_Storage: 99.2",test/temperatura,16,0,0,182,0,0,0,0.0,0,0,0,0,0,64.0,5756.0,0,0,0,239,eth:ethertype:ip:tcp:mqtt,35.1,94.9,52.2,160.0,-50.0,a0:a3:b3:ed:ac:1c,,,,,0.0,Normal,0.0
1744306852381723,10.42.0.139,10.42.0.1,50109,1883,234,6,0,1,0,0,0,0,0,0,0,0,0,0.0,0,,0,0,,0,0,0,0,0,0,0,0,0.0,0,0,0,0,0,64.0,5755.0,0,0,0,54,eth:ethertype:ip:tcp,35.1,94.9,52.2,160.0,-50.0,a0:a3:b3:ed:ac:1c,,,,,0.0,Normal,0.0
1744306882387191,10.42.0.139,10.42.0.1,50110,1883,0,0,1,0,0,0,0,0,0,0,0,0,0,0.0,0,,0,0,,0,0,0,0,0,0,0,0,0.0,0,0,0,0,0,64.0,5760.0,0,0,0,58,eth:ethertype:ip:tcp,35.1,94.9,52.2,160.0,-50.0,a0:a3:b3:ed:ac:1c,,,,,0.0,Normal,0.0
1744306882391231,10.42.0.139,10.42.0.1,50110,1883,1,1,0,1,0,0,0,0,0,0,0,0,0,0.0,0,,0,0,,0,0,0,0,0,0,0,0,0.0,0,0,0,0,0,64.0,5760.0,0,0,0,54,eth:ethertype:ip:tcp,35.1,94.9,52.2,160.0,-50.0,a0:a3:b3:ed:ac:1c,,,,,0.0,Normal,0.0
1744306882393295,10.42.0.139,10.42.0.1,50110,1883,1,1,0,1,0,0,1,0,3,0,0,0,0,0.0,0,,0,0,,0,0,0,0,0,0,0,0,0.0,0,0,0,0,0,64.0,5760.0,0,0,0,57,eth:ethertype:ip:tcp,35.1,94.9,52.2,160.0,-50.0,a0:a3:b3:ed:ac:1c,,,,,0.0,Normal,0.0
1744306882396707,10.42.0.139,10.42.0.1,50110,1883,4,1,0,1,0,0,1,0,29,0,0,0,0,0.0,0,,0,0,,0,0,0,0,0,0,0,0,0.0,0,0,0,0,0,64.0,5760.0,0,0,0,83,eth:ethertype:ip:tcp,35.1,94.9,52.2,160.0,-50.0,a0:a3:b3:ed:ac:1c,,,,,0.0,Normal,0.0
1744306882400979,10.42.0.139,10.42.0.1,50110,1883,33,1,0,1,0,0,1,0,12,0,0,0,0,0.0,0,,0,1,,0,0,0,1,42,4,MQTT,4,0.0,0,0,0,0,0,64.0,5760.0,0,0,esp32_a0a3b3edac1c,66,eth:ethertype:ip:tcp:mqtt,35.1,94.9,52.2,160.0,-50.0,a0:a3:b3:ed:ac:1c,,,,,0.0,Normal,0.0
1744306882436420,10.42.0.139,10.42.0.1,50110,1883,45,5,0,1,0,0,1,0,3,0,0,0,0,0.0,0,,0,0,,0,0,0,0,0,0,0,0,0.0,0,0,0,0,0,64.0,5756.0,0,0,0,57,eth:ethertype:ip:tcp,35.1,94.9,52.2,160.0,-50.0,a0:a3:b3:ed:ac:1c,,,,,0.0,Normal,0.0
1744306882448248,10.42.0.139,10.42.0.1,50110,1883,48,5,0,1,1,0,1,0,185,0,0,0,0,0.0,0,,0,3,"Wakeup: 0, Mode: 0, Reset: 1, Temperature: 31.6, Uptime: 631156, Memory: 94.9, In_Temperature: 52.2°C, CPU: 160, RSSI: -52, MAC: a0:a3:b3:ed:ac:1c, F_Storage: 99.2",test/temperatura,16,0,0,182,0,0,0,0.0,0,0,0,0,0,64.0,5756.0,0,0,0,239,eth:ethertype:ip:tcp:mqtt,31.6,94.9,52.2,160.0,-52.0,a0:a3:b3:ed:ac:1c,,,,,0.0,Normal,0.0
1744306882451866,10.42.0.139,10.42.0.1,50110,1883,234,6,0,1,0,0,0,0,0,0,0,0,0,0.0,0,,0,0,,0,0,0,0,0,0,0,0,0.0,0,0,0,0,0,64.0,5755.0,0,0,0,54,eth:ethertype:ip:tcp,31.6,94.9,52.2,160.0,-52.0,a0:a3:b3:ed:ac:1c,,,,,0.0,Normal,0.0
1744306912456610,10.42.0.139,10.42.0.1,50111,1883,0,0,1,0,0,0,0,0,0,0,0,0,0,0.0,0,,0,0,,0,0,0,0,0,0,0,0,0.0,0,0,0,0,0,64.0,5760.0,0,0,0,58,eth:ethertype:ip:tcp,31.6,94.9,52.2,160.0,-52.0,a0:a3:b3:ed:ac:1c,,,,,0.0,Normal,0.0
1744306912460967,10.42.0.139,10.42.0.1,50111,1883,1,1,0,1,0,0,0,0,0,0,0,0,0,0.0,0,,0,0,,0,0,0,0,0,0,0,0,0.0,0,0,0,0,0,64.0,5760.0,0,0,0,54,eth:ethertype:ip:tcp,31.6,94.9,52.2,160.0,-52.0,a0:a3:b3:ed:ac:1c,,,,,0.0,Normal,0.0
1744306912462967,10.42.0.139,10.42.0.1,50111,1883,1,1,0,1,0,0,1,0,3,0,0,0,0,0.0,0,,0,0,,0,0,0,0,0,0,0,0,0.0,0,0,0,0,0,64.0,5760.0,0,0,0,57,eth:ethertype:ip:tcp,31.6,94.9,52.2,160.0,-52.0,a0:a3:b3:ed:ac:1c,,,,,0.0,Normal,0.0
1744306912467125,10.42.0.139,10.42.0.1,50111,1883,4,1,0,1,0,0,1,0,29,0,0,0,0,0.0,0,,0,0,,0,0,0,0,0,0,0,0,0.0,0,0,0,0,0,64.0,5760.0,0,0,0,83,eth:ethertype:ip:tcp,31.6,94.9,52.2,160.0,-52.0,a0:a3:b3:ed:ac:1c,,,,,0.0,Normal,0.0
1744306912470089,10.42.0.139,10.42.0.1,50111,1883,33,1,0,1,0,0,1,0,12,0,0,0,0,0.0,0,,0,1,,0,0,0,1,42,4,MQTT,4,0.0,0,0,0,0,0,64.0,5760.0,0,0,esp32_a0a3b3edac1c,66,eth:ethertype:ip:tcp:mqtt,31.6,94.9,52.2,160.0,-52.0,a0:a3:b3:ed:ac:1c,,,,,0.0,Normal,0.0
1744306912507761,10.42.0.139,10.42.0.1,50111,1883,45,5,0,1,0,0,1,0,3,0,0,0,0,0.0,0,,0,0,,0,0,0,0,0,0,0,0,0.0,0,0,0,0,0,64.0,5756.0,0,0,0,57,eth:ethertype:ip:tcp,31.6,94.9,52.2,160.0,-52.0,a0:a3:b3:ed:ac:1c,,,,,0.0,Normal,0.0
1744306912516927,10.42.0.139,10.42.0.1,50111,1883,48,5,0,1,1,0,1,0,185,0,0,0,0,0.0,0,,0,3,"Wakeup: 0, Mode: 0, Reset: 1, Temperature: 31.3, Uptime: 631186, Memory: 94.9, In_Temperature: 52.2°C, CPU: 160, RSSI: -53, MAC: a0:a3:b3:ed:ac:1c, F_Storage: 99.2",test/temperatura,16,0,0,182,0,0,0,0.0,0,0,0,0,0,64.0,5756.0,0,0,0,239,eth:ethertype:ip:tcp:mqtt,31.3,94.9,52.2,160.0,-53.0,a0:a3:b3:ed:ac:1c,,,,,0.0,Normal,0.0
1744306912520192,10.42.0.139,10.42.0.1,50111,1883,234,6,0,1,0,0,0,0,0,0,0,0,0,0.0,0,,0,0,,0,0,0,0,0,0,0,0,0.0,0,0,0,0,0,64.0,5755.0,0,0,0,54,eth:ethertype:ip:tcp,31.3,94.9,52.2,160.0,-53.0,a0:a3:b3:ed:ac:1c,,,,,0.0,Normal,0.0
1744306942525807,10.42.0.139,10.42.0.1,50112,1883,0,0,1,0,0,0,0,0,0,0,0,0,0,0.0,0,,0,0,,0,0,0,0,0,0,0,0,0.0,0,0,0,0,0,64.0,5760.0,0,0,0,58,eth:ethertype:ip:tcp,31.3,94.9,52.2,160.0,-53.0,a0:a3:b3:ed:ac:1c,,,,,0.0,Normal,0.0
1744306942529994,10.42.0.139,10.42.0.1,50112,1883,1,1,0,1,0,0,0,0,0,0,0,0,0,0.0,0,,0,0,,0,0,0,0,0,0,0,0,0.0,0,0,0,0,0,64.0,5760.0,0,0,0,54,eth:ethertype:ip:tcp,31.3,94.9,52.2,160.0,-53.0,a0:a3:b3:ed:ac:1c,,,,,0.0,Normal,0.0
1744306942532059,10.42.0.139,10.42.0.1,50112,1883,1,1,0,1,0,0,1,0,3,0,0,0,0,0.0,0,,0,0,,0,0,0,0,0,0,0,0,0.0,0,0,0,0,0,64.0,5760.0,0,0,0,57,eth:ethertype:ip:tcp,31.3,94.9,52.2,160.0,-53.0,a0:a3:b3:ed:ac:1c,,,,,0.0,Normal,0.0
1744306942535500,10.42.0.139,10.42.0.1,50112,1883,4,1,0,1,0,0,1,0,29,0,0,0,0,0.0,0,,0,0,,0,0,0,0,0,0,0,0,0.0,0,0,0,0,0,64.0,5760.0,0,0,0,83,eth:ethertype:ip:tcp,31.3,94.9,52.2,160.0,-53.0,a0:a3:b3:ed:ac:1c,,,,,0.0,Normal,0.0
1744306942538542,10.42.0.139,10.42.0.1,50112,1883,33,1,0,1,0,0,1,0,12,0,0,0,0,0.0,0,,0,1,,0,0,0,1,42,4,MQTT,4,0.0,0,0,0,0,0,64.0,5760.0,0,0,esp32_a0a3b3edac1c,66,eth:ethertype:ip:tcp:mqtt,31.3,94.9,52.2,160.0,-53.0,a0:a3:b3:ed:ac:1c,,,,,0.0,Normal,0.0
1744306942545700,10.42.0.139,10.42.0.1,50112,1883,45,5,0,1,0,0,0,0,0,0,0,0,0,0.0,0,,0,0,,0,0,0,0,0,0,0,0,0.0,0,0,0,0,0,64.0,5756.0,0,0,0,54,eth:ethertype:ip:tcp,31.3,94.9,52.2,160.0,-53.0,a0:a3:b3:ed:ac:1c,,,,,0.0,Normal,0.0
1744306942574687,10.42.0.139,10.42.0.1,50112,1883,45,5,0,1,0,0,1,0,3,0,0,0,0,0.0,0,,0,0,,0,0,0,0,0,0,0,0,0.0,0,0,0,0,0,64.0,5756.0,0,0,0,57,eth:ethertype:ip:tcp,31.3,94.9,52.2,160.0,-53.0,a0:a3:b3:ed:ac:1c,,,,,0.0,Normal,0.0
1744306942586146,10.42.0.139,10.42.0.1,50112,1883,48,5,0,1,1,0,1,0,185,0,0,0,0,0.0,0,,0,3,"Wakeup: 0, Mode: 0, Reset: 1, Temperature: 31.5, Uptime: 631217, Memory: 94.9, In_Temperature: 52.2°C, CPU: 160, RSSI: -50, MAC: a0:a3:b3:ed:ac:1c, F_Storage: 99.2",test/temperatura,16,0,0,182,0,0,0,0.0,0,0,0,0,0,64.0,5756.0,0,0,0,239,eth:ethertype:ip:tcp:mqtt,31.5,94.9,52.2,160.0,-50.0,a0:a3:b3:ed:ac:1c,,,,,0.0,Normal,0.0
1744306942589711,10.42.0.139,10.42.0.1,50112,1883,234,6,0,1,0,0,0,0,0,0,0,0,0,0.0,0,,0,0,,0,0,0,0,0,0,0,0,0.0,0,0,0,0,0,64.0,5755.0,0,0,0,54,eth:ethertype:ip:tcp,31.5,94.9,52.2,160.0,-50.0,a0:a3:b3:ed:ac:1c,,,,,0.0,Normal,0.0
1744306972595260,10.42.0.139,10.42.0.1,50113,1883,0,0,1,0,0,0,0,0,0,0,0,0,0,0.0,0,,0,0,,0,0,0,0,0,0,0,0,0.0,0,0,0,0,0,64.0,5760.0,0,0,0,58,eth:ethertype:ip:tcp,31.5,94.9,52.2,160.0,-50.0,a0:a3:b3:ed:ac:1c,,,,,0.0,Normal,0.0
1744306972599247,10.42.0.139,10.42.0.1,50113,1883,1,1,0,1,0,0,0,0,0,0,0,0,0,0.0,0,,0,0,,0,0,0,0,0,0,0,0,0.0,0,0,0,0,0,64.0,5760.0,0,0,0,54,eth:ethertype:ip:tcp,31.5,94.9,52.2,160.0,-50.0,a0:a3:b3:ed:ac:1c,,,,,0.0,Normal,0.0
1744306972601374,10.42.0.139,10.42.0.1,50113,1883,1,1,0,1,0,0,1,0,3,0,0,0,0,0.0,0,,0,0,,0,0,0,0,0,0,0,0,0.0,0,0,0,0,0,64.0,5760.0,0,0,0,57,eth:ethertype:ip:tcp,31.5,94.9,52.2,160.0,-50.0,a0:a3:b3:ed:ac:1c,,,,,0.0,Normal,0.0
1744306972604816,10.42.0.139,10.42.0.1,50113,1883,4,1,0,1,0,0,1,0,29,0,0,0,0,0.0,0,,0,0,,0,0,0,0,0,0,0,0,0.0,0,0,0,0,0,64.0,5760.0,0,0,0,83,eth:ethertype:ip:tcp,31.5,94.9,52.2,160.0,-50.0,a0:a3:b3:ed:ac:1c,,,,,0.0,Normal,0.0
1744306972608024,10.42.0.139,10.42.0.1,50113,1883,33,1,0,1,0,0,1,0,12,0,0,0,0,0.0,0,,0,1,,0,0,0,1,42,4,MQTT,4,0.0,0,0,0,0,0,64.0,5760.0,0,0,esp32_a0a3b3edac1c,66,eth:ethertype:ip:tcp:mqtt,31.5,94.9,52.2,160.0,-50.0,a0:a3:b3:ed:ac:1c,,,,,0.0,Normal,0.0
1744306972643180,10.42.0.139,10.42.0.1,50113,1883,45,5,0,1,0,0,1,0,3,0,0,0,0,0.0,0,,0,0,,0,0,0,0,0,0,0,0,0.0,0,0,0,0,0,64.0,5756.0,0,0,0,57,eth:ethertype:ip:tcp,31.5,94.9,52.2,160.0,-50.0,a0:a3:b3:ed:ac:1c,,,,,0.0,Normal,0.0
1744306972655573,10.42.0.139,10.42.0.1,50113,1883,48,5,0,1,1,0,1,0,185,0,0,0,0,0.0,0,,0,3,"Wakeup: 0, Mode: 0, Reset: 1, Temperature: 29.5, Uptime: 631247, Memory: 94.9, In_Temperature: 52.2°C, CPU: 160, RSSI: -49, MAC: a0:a3:b3:ed:ac:1c, F_Storage: 99.2",test/temperatura,16,0,0,182,0,0,0,0.0,0,0,0,0,0,64.0,5756.0,0,0,0,239,eth:ethertype:ip:tcp:mqtt,29.5,94.9,52.2,160.0,-49.0,a0:a3:b3:ed:ac:1c,,,,,0.0,Normal,0.0
1744306972660487,10.42.0.139,10.42.0.1,50113,1883,234,6,0,1,0,0,0,0,0,0,0,0,0,0.0,0,,0,0,,0,0,0,0,0,0,0,0,0.0,0,0,0,0,0,64.0,5755.0,0,0,0,54,eth:ethertype:ip:tcp,29.5,94.9,52.2,160.0,-49.0,a0:a3:b3:ed:ac:1c,,,,,0.0,Normal,0.0
1744307002665494,10.42.0.139,10.42.0.1,50114,1883,0,0,1,0,0,0,0,0,0,0,0,0,0,0.0,0,,0,0,,0,0,0,0,0,0,0,0,0.0,0,0,0,0,0,64.0,5760.0,0,0,0,58,eth:ethertype:ip:tcp,29.5,94.9,52.2,160.0,-49.0,a0:a3:b3:ed:ac:1c,,,,,0.0,Normal,0.0
1744307002669510,10.42.0.139,10.42.0.1,50114,1883,1,1,0,1,0,0,0,0,0,0,0,0,0,0.0,0,,0,0,,0,0,0,0,0,0,0,0,0.0,0,0,0,0,0,64.0,5760.0,0,0,0,54,eth:ethertype:ip:tcp,29.5,94.9,52.2,160.0,-49.0,a0:a3:b3:ed:ac:1c,,,,,0.0,Normal,0.0
1744307002671695,10.42.0.139,10.42.0.1,50114,1883,1,1,0,1,0,0,1,0,3,0,0,0,0,0.0,0,,0,0,,0,0,0,0,0,0,0,0,0.0,0,0,0,0,0,64.0,5760.0,0,0,0,57,eth:ethertype:ip:tcp,29.5,94.9,52.2,160.0,-49.0,a0:a3:b3:ed:ac:1c,,,,,0.0,Normal,0.0
1744307002675095,10.42.0.139,10.42.0.1,50114,1883,4,1,0,1,0,0,1,0,29,0,0,0,0,0.0,0,,0,0,,0,0,0,0,0,0,0,0,0.0,0,0,0,0,0,64.0,5760.0,0,0,0,83,eth:ethertype:ip:tcp,29.5,94.9,52.2,160.0,-49.0,a0:a3:b3:ed:ac:1c,,,,,0.0,Normal,0.0
1744307002678293,10.42.0.139,10.42.0.1,50114,1883,33,1,0,1,0,0,1,0,12,0,0,0,0,0.0,0,,0,1,,0,0,0,1,42,4,MQTT,4,0.0,0,0,0,0,0,64.0,5760.0,0,0,esp32_a0a3b3edac1c,66,eth:ethertype:ip:tcp:mqtt,29.5,94.9,52.2,160.0,-49.0,a0:a3:b3:ed:ac:1c,,,,,0.0,Normal,0.0
1744307002713495,10.42.0.139,10.42.0.1,50114,1883,45,5,0,1,0,0,1,0,3,0,0,0,0,0.0,0,,0,0,,0,0,0,0,0,0,0,0,0.0,0,0,0,0,0,64.0,5756.0,0,0,0,57,eth:ethertype:ip:tcp,29.5,94.9,52.2,160.0,-49.0,a0:a3:b3:ed:ac:1c,,,,,0.0,Normal,0.0
1744307002724853,10.42.0.139,10.42.0.1,50114,1883,48,5,0,1,1,0,1,0,185,0,0,0,0,0.0,0,,0,3,"Wakeup: 0, Mode: 0, Reset: 1, Temperature: 29.3, Uptime: 631277, Memory: 94.9, In_Temperature: 52.2°C, CPU: 160, RSSI: -50, MAC: a0:a3:b3:ed:ac:1c, F_Storage: 99.2",test/temperatura,16,0,0,182,0,0,0,0.0,0,0,0,0,0,64.0,5756.0,0,0,0,239,eth:ethertype:ip:tcp:mqtt,29.3,94.9,52.2,160.0,-50.0,a0:a3:b3:ed:ac:1c,,,,,0.0,Normal,0.0
1744307002728196,10.42.0.139,10.42.0.1,50114,1883,234,6,0,1,0,0,0,0,0,0,0,0,0,0.0,0,,0,0,,0,0,0,0,0,0,0,0,0.0,0,0,0,0,0,64.0,5755.0,0,0,0,54,eth:ethertype:ip:tcp,29.3,94.9,52.2,160.0,-50.0,a0:a3:b3:ed:ac:1c,,,,,0.0,Normal,0.0
1744307032732911,10.42.0.139,10.42.0.1,50115,1883,0,0,1,0,0,0,0,0,0,0,0,0,0,0.0,0,,0,0,,0,0,0,0,0,0,0,0,0.0,0,0,0,0,0,64.0,5760.0,0,0,0,58,eth:ethertype:ip:tcp,29.3,94.9,52.2,160.0,-50.0,a0:a3:b3:ed:ac:1c,,,,,0.0,Normal,0.0
1744307032736543,10.42.0.139,10.42.0.1,50115,1883,1,1,0,1,0,0,0,0,0,0,0,0,0,0.0,0,,0,0,,0,0,0,0,0,0,0,0,0.0,0,0,0,0,0,64.0,5760.0,0,0,0,54,eth:ethertype:ip:tcp,29.3,94.9,52.2,160.0,-50.0,a0:a3:b3:ed:ac:1c,,,,,0.0,Normal,0.0
1744307032738777,10.42.0.139,10.42.0.1,50115,1883,1,1,0,1,0,0,1,0,3,0,0,0,0,0.0,0,,0,0,,0,0,0,0,0,0,0,0,0.0,0,0,0,0,0,64.0,5760.0,0,0,0,57,eth:ethertype:ip:tcp,29.3,94.9,52.2,160.0,-50.0,a0:a3:b3:ed:ac:1c,,,,,0.0,Normal,0.0
1744307032742239,10.42.0.139,10.42.0.1,50115,1883,4,1,0,1,0,0,1,0,29,0,0,0,0,0.0,0,,0,0,,0,0,0,0,0,0,0,0,0.0,0,0,0,0,0,64.0,5760.0,0,0,0,83,eth:ethertype:ip:tcp,29.3,94.9,52.2,160.0,-50.0,a0:a3:b3:ed:ac:1c,,,,,0.0,Normal,0.0
1744307032745289,10.42.0.139,10.42.0.1,50115,1883,33,1,0,1,0,0,1,0,12,0,0,0,0,0.0,0,,0,1,,0,0,0,1,42,4,MQTT,4,0.0,0,0,0,0,0,64.0,5760.0,0,0,esp32_a0a3b3edac1c,66,eth:ethertype:ip:tcp:mqtt,29.3,94.9,52.2,160.0,-50.0,a0:a3:b3:ed:ac:1c,,,,,0.0,Normal,0.0
1744307032781208,10.42.0.139,10.42.0.1,50115,1883,45,5,0,1,0,0,1,0,3,0,0,0,0,0.0,0,,0,0,,0,0,0,0,0,0,0,0,0.0,0,0,0,0,0,64.0,5756.0,0,0,0,57,eth:ethertype:ip:tcp,29.3,94.9,52.2,160.0,-50.0,a0:a3:b3:ed:ac:1c,,,,,0.0,Normal,0.0
1744307032794475,10.42.0.139,10.42.0.1,50115,1883,48,5,0,1,1,0,1,0,185,0,0,0,0,0.0,0,,0,3,"Wakeup: 0, Mode: 0, Reset: 1, Temperature: 27.9, Uptime: 631307, Memory: 94.9, In_Temperature: 52.2°C, CPU: 160, RSSI: -50, MAC: a0:a3:b3:ed:ac:1c, F_Storage: 99.2",test/temperatura,16,0,0,182,0,0,0,0.0,0,0,0,0,0,64.0,5756.0,0,0,0,239,eth:ethertype:ip:tcp:mqtt,27.9,94.9,52.2,160.0,-50.0,a0:a3:b3:ed:ac:1c,,,,,0.0,Normal,0.0
1744307032798039,10.42.0.139,10.42.0.1,50115,1883,234,6,0,1,0,0,0,0,0,0,0,0,0,0.0,0,,0,0,,0,0,0,0,0,0,0,0,0.0,0,0,0,0,0,64.0,5755.0,0,0,0,54,eth:ethertype:ip:tcp,27.9,94.9,52.2,160.0,-50.0,a0:a3:b3:ed:ac:1c,,,,,0.0,Normal,0.0
1744307062803174,10.42.0.139,10.42.0.1,50116,1883,0,0,1,0,0,0,0,0,0,0,0,0,0,0.0,0,,0,0,,0,0,0,0,0,0,0,0,0.0,0,0,0,0,0,64.0,5760.0,0,0,0,58,eth:ethertype:ip:tcp,27.9,94.9,52.2,160.0,-50.0,a0:a3:b3:ed:ac:1c,,,,,0.0,Normal,0.0
1744307062807169,10.42.0.139,10.42.0.1,50116,1883,1,1,0,1,0,0,0,0,0,0,0,0,0,0.0,0,,0,0,,0,0,0,0,0,0,0,0,0.0,0,0,0,0,0,64.0,5760.0,0,0,0,54,eth:ethertype:ip:tcp,27.9,94.9,52.2,160.0,-50.0,a0:a3:b3:ed:ac:1c,,,,,0.0,Normal,0.0
1744307062809201,10.42.0.139,10.42.0.1,50116,1883,1,1,0,1,0,0,1,0,3,0,0,0,0,0.0,0,,0,0,,0,0,0,0,0,0,0,0,0.0,0,0,0,0,0,64.0,5760.0,0,0,0,57,eth:ethertype:ip:tcp,27.9,94.9,52.2,160.0,-50.0,a0:a3:b3:ed:ac:1c,,,,,0.0,Normal,0.0
1744307062812719,10.42.0.139,10.42.0.1,50116,1883,4,1,0,1,0,0,1,0,29,0,0,0,0,0.0,0,,0,0,,0,0,0,0,0,0,0,0,0.0,0,0,0,0,0,64.0,5760.0,0,0,0,83,eth:ethertype:ip:tcp,27.9,94.9,52.2,160.0,-50.0,a0:a3:b3:ed:ac:1c,,,,,0.0,Normal,0.0
1744307062815831,10.42.0.139,10.42.0.1,50116,1883,33,1,0,1,0,0,1,0,12,0,0,0,0,0.0,0,,0,1,,0,0,0,1,42,4,MQTT,4,0.0,0,0,0,0,0,64.0,5760.0,0,0,esp32_a0a3b3edac1c,66,eth:ethertype:ip:tcp:mqtt,27.9,94.9,52.2,160.0,-50.0,a0:a3:b3:ed:ac:1c,,,,,0.0,Normal,0.0
1744307062851322,10.42.0.139,10.42.0.1,50116,1883,45,5,0,1,0,0,1,0,3,0,0,0,0,0.0,0,,0,0,,0,0,0,0,0,0,0,0,0.0,0,0,0,0,0,64.0,5756.0,0,0,0,57,eth:ethertype:ip:tcp,27.9,94.9,52.2,160.0,-50.0,a0:a3:b3:ed:ac:1c,,,,,0.0,Normal,0.0
1744307062863540,10.42.0.139,10.42.0.1,50116,1883,48,5,0,1,1,0,1,0,185,0,0,0,0,0.0,0,,0,3,"Wakeup: 0, Mode: 0, Reset: 1, Temperature: 32.5, Uptime: 631337, Memory: 94.9, In_Temperature: 52.2°C, CPU: 160, RSSI: -50, MAC: a0:a3:b3:ed:ac:1c, F_Storage: 99.2",test/temperatura,16,0,0,182,0,0,0,0.0,0,0,0,0,0,64.0,5756.0,0,0,0,239,eth:ethertype:ip:tcp:mqtt,32.5,94.9,52.2,160.0,-50.0,a0:a3:b3:ed:ac:1c,,,,,0.0,Normal,0.0
1744307062867135,10.42.0.139,10.42.0.1,50116,1883,234,6,0,1,0,0,0,0,0,0,0,0,0,0.0,0,,0,0,,0,0,0,0,0,0,0,0,0.0,0,0,0,0,0,64.0,5755.0,0,0,0,54,eth:ethertype:ip:tcp,32.5,94.9,52.2,160.0,-50.0,a0:a3:b3:ed:ac:1c,,,,,0.0,Normal,0.0
1744307092873321,10.42.0.139,10.42.0.1,50117,1883,0,0,1,0,0,0,0,0,0,0,0,0,0,0.0,0,,0,0,,0,0,0,0,0,0,0,0,0.0,0,0,0,0,0,64.0,5760.0,0,0,0,58,eth:ethertype:ip:tcp,32.5,94.9,52.2,160.0,-50.0,a0:a3:b3:ed:ac:1c,,,,,0.0,Normal,0.0
1744307092881767,10.42.0.139,10.42.0.1,50117,1883,1,1,0,1,0,0,0,0,0,0,0,0,0,0.0,0,,0,0,,0,0,0,0,0,0,0,0,0.0,0,0,0,0,0,64.0,5760.0,0,0,0,54,eth:ethertype:ip:tcp,32.5,94.9,52.2,160.0,-50.0,a0:a3:b3:ed:ac:1c,,,,,0.0,Normal,0.0
1744307092882283,10.42.0.139,10.42.0.1,50117,1883,1,1,0,1,0,0,1,0,3,0,0,0,0,0.0,0,,0,0,,0,0,0,0,0,0,0,0,0.0,0,0,0,0,0,64.0,5760.0,0,0,0,57,eth:ethertype:ip:tcp,32.5,94.9,52.2,160.0,-50.0,a0:a3:b3:ed:ac:1c,,,,,0.0,Normal,0.0
1744307092885035,10.42.0.139,10.42.0.1,50117,1883,4,1,0,1,0,0,1,0,41,0,0,0,0,0.0,0,,0,1,,0,0,0,1,42,4,MQTT,4,0.0,0,0,0,0,0,64.0,5760.0,0,0,esp32_a0a3b3edac1c,95,eth:ethertype:ip:tcp:mqtt,32.5,94.9,52.2,160.0,-50.0,a0:a3:b3:ed:ac:1c,,,,,0.0,Normal,0.0
1744307092920518,10.42.0.139,10.42.0.1,50117,1883,45,5,0,1,0,0,1,0,3,0,0,0,0,0.0,0,,0,0,,0,0,0,0,0,0,0,0,0.0,0,0,0,0,0,64.0,5756.0,0,0,0,57,eth:ethertype:ip:tcp,32.5,94.9,52.2,160.0,-50.0,a0:a3:b3:ed:ac:1c,,,,,0.0,Normal,0.0
1744307092933655,10.42.0.139,10.42.0.1,50117,1883,48,5,0,1,1,0,1,0,185,0,0,0,0,0.0,0,,0,3,"Wakeup: 0, Mode: 0, Reset: 1, Temperature: 26.3, Uptime: 631367, Memory: 94.9, In_Temperature: 52.2°C, CPU: 160, RSSI: -50, MAC: a0:a3:b3:ed:ac:1c, F_Storage: 99.2",test/temperatura,16,0,0,182,0,0,0,0.0,0,0,0,0,0,64.0,5756.0,0,0,0,239,eth:ethertype:ip:tcp:mqtt,26.3,94.9,52.2,160.0,-50.0,a0:a3:b3:ed:ac:1c,,,,,0.0,Normal,0.0
1744307092937714,10.42.0.139,10.42.0.1,50117,1883,234,6,0,1,0,0,0,0,0,0,0,0,0,0.0,0,,0,0,,0,0,0,0,0,0,0,0,0.0,0,0,0,0,0,64.0,5755.0,0,0,0,54,eth:ethertype:ip:tcp,26.3,94.9,52.2,160.0,-50.0,a0:a3:b3:ed:ac:1c,,,,,0.0,Normal,0.0
1744307122944527,10.42.0.139,10.42.0.1,50118,1883,0,0,1,0,0,0,0,0,0,0,0,0,0,0.0,0,,0,0,,0,0,0,0,0,0,0,0,0.0,0,0,0,0,0,64.0,5760.0,0,0,0,58,eth:ethertype:ip:tcp,26.3,94.9,52.2,160.0,-50.0,a0:a3:b3:ed:ac:1c,,,,,0.0,Normal,0.0
1744307122955647,10.42.0.139,10.42.0.1,50118,1883,1,1,0,1,0,0,0,0,0,0,0,0,0,0.0,0,,0,0,,0,0,0,0,0,0,0,0,0.0,0,0,0,0,0,64.0,5760.0,0,0,0,54,eth:ethertype:ip:tcp,26.3,94.9,52.2,160.0,-50.0,a0:a3:b3:ed:ac:1c,,,,,0.0,Normal,0.0
1744307122965007,10.42.0.139,10.42.0.1,50118,1883,1,1,0,1,0,0,1,0,3,0,0,0,0,0.0,0,,0,0,,0,0,0,0,0,0,0,0,0.0,0,0,0,0,0,64.0,5760.0,0,0,0,57,eth:ethertype:ip:tcp,26.3,94.9,52.2,160.0,-50.0,a0:a3:b3:ed:ac:1c,,,,,0.0,Normal,0.0
1744307122967978,10.42.0.139,10.42.0.1,50118,1883,4,1,0,1,0,0,1,0,41,0,0,0,0,0.0,0,,0,1,,0,0,0,1,42,4,MQTT,4,0.0,0,0,0,0,0,64.0,5760.0,0,0,esp32_a0a3b3edac1c,95,eth:ethertype:ip:tcp:mqtt,26.3,94.9,52.2,160.0,-50.0,a0:a3:b3:ed:ac:1c,,,,,0.0,Normal,0.0
1744307123003757,10.42.0.139,10.42.0.1,50118,1883,45,5,0,1,0,0,1,0,3,0,0,0,0,0.0,0,,0,0,,0,0,0,0,0,0,0,0,0.0,0,0,0,0,0,64.0,5756.0,0,0,0,57,eth:ethertype:ip:tcp,26.3,94.9,52.2,160.0,-50.0,a0:a3:b3:ed:ac:1c,,,,,0.0,Normal,0.0
1744307123012128,10.42.0.139,10.42.0.1,50118,1883,48,5,0,1,1,0,1,0,185,0,0,0,0,0.0,0,,0,3,"Wakeup: 0, Mode: 0, Reset: 1, Temperature: 35.0, Uptime: 631397, Memory: 94.9, In_Temperature: 52.2°C, CPU: 160, RSSI: -50, MAC: a0:a3:b3:ed:ac:1c, F_Storage: 99.2",test/temperatura,16,0,0,182,0,0,0,0.0,0,0,0,0,0,64.0,5756.0,0,0,0,239,eth:ethertype:ip:tcp:mqtt,35.0,94.9,52.2,160.0,-50.0,a0:a3:b3:ed:ac:1c,,,,,0.0,Normal,0.0
1744307123015532,10.42.0.139,10.42.0.1,50118,1883,234,6,0,1,0,0,0,0,0,0,0,0,0,0.0,0,,0,0,,0,0,0,0,0,0,0,0,0.0,0,0,0,0,0,64.0,5755.0,0,0,0,54,eth:ethertype:ip:tcp,35.0,94.9,52.2,160.0,-50.0,a0:a3:b3:ed:ac:1c,,,,,0.0,Normal,0.0
1744307153029586,10.42.0.139,10.42.0.1,50119,1883,0,0,1,0,0,0,0,0,0,0,0,0,0,0.0,0,,0,0,,0,0,0,0,0,0,0,0,0.0,0,0,0,0,0,64.0,5760.0,0,0,0,58,eth:ethertype:ip:tcp,35.0,94.9,52.2,160.0,-50.0,a0:a3:b3:ed:ac:1c,,,,,0.0,Normal,0.0
1744307153033586,10.42.0.139,10.42.0.1,50119,1883,1,1,0,1,0,0,0,0,0,0,0,0,0,0.0,0,,0,0,,0,0,0,0,0,0,0,0,0.0,0,0,0,0,0,64.0,5760.0,0,0,0,54,eth:ethertype:ip:tcp,35.0,94.9,52.2,160.0,-50.0,a0:a3:b3:ed:ac:1c,,,,,0.0,Normal,0.0
1744307153035722,10.42.0.139,10.42.0.1,50119,1883,1,1,0,1,0,0,1,0,3,0,0,0,0,0.0,0,,0,0,,0,0,0,0,0,0,0,0,0.0,0,0,0,0,0,64.0,5760.0,0,0,0,57,eth:ethertype:ip:tcp,35.0,94.9,52.2,160.0,-50.0,a0:a3:b3:ed:ac:1c,,,,,0.0,Normal,0.0
1744307153039092,10.42.0.139,10.42.0.1,50119,1883,4,1,0,1,0,0,1,0,29,0,0,0,0,0.0,0,,0,0,,0,0,0,0,0,0,0,0,0.0,0,0,0,0,0,64.0,5760.0,0,0,0,83,eth:ethertype:ip:tcp,35.0,94.9,52.2,160.0,-50.0,a0:a3:b3:ed:ac:1c,,,,,0.0,Normal,0.0
1744307153043176,10.42.0.139,10.42.0.1,50119,1883,33,1,0,1,0,0,1,0,8,0,0,0,0,0.0,0,,0,0,,0,0,0,0,0,0,0,0,0.0,0,0,0,0,0,64.0,5760.0,0,0,0,62,eth:ethertype:ip:tcp,35.0,94.9,52.2,160.0,-50.0,a0:a3:b3:ed:ac:1c,,,,,0.0,Normal,0.0
1744307153047412,10.42.0.139,10.42.0.1,50119,1883,41,1,0,1,0,0,1,0,4,0,0,0,0,0.0,0,,0,1,,0,0,0,1,42,4,MQTT,4,0.0,0,0,0,0,0,64.0,5760.0,0,0,esp32_a0a3b3edac1c,58,eth:ethertype:ip:tcp:mqtt,35.0,94.9,52.2,160.0,-50.0,a0:a3:b3:ed:ac:1c,,,,,0.0,Normal,0.0
1744307153084589,10.42.0.139,10.42.0.1,50119,1883,45,5,0,1,0,0,1,0,3,0,0,0,0,0.0,0,,0,0,,0,0,0,0,0,0,0,0,0.0,0,0,0,0,0,64.0,5756.0,0,0,0,57,eth:ethertype:ip:tcp,35.0,94.9,52.2,160.0,-50.0,a0:a3:b3:ed:ac:1c,,,,,0.0,Normal,0.0
1744307153102251,10.42.0.139,10.42.0.1,50119,1883,48,5,0,1,1,0,1,0,185,0,0,0,0,0.0,0,,0,3,"Wakeup: 0, Mode: 0, Reset: 1, Temperature: 27.9, Uptime: 631427, Memory: 94.9, In_Temperature: 52.2°C, CPU: 160, RSSI: -50, MAC: a0:a3:b3:ed:ac:1c, F_Storage: 99.2",test/temperatura,16,0,0,182,0,0,0,0.0,0,0,0,0,0,64.0,5756.0,0,0,0,239,eth:ethertype:ip:tcp:mqtt,27.9,94.9,52.2,160.0,-50.0,a0:a3:b3:ed:ac:1c,,,,,0.0,Normal,0.0
1744307153105834,10.42.0.139,10.42.0.1,50119,1883,234,6,0,1,0,0,0,0,0,0,0,0,0,0.0,0,,0,0,,0,0,0,0,0,0,0,0,0.0,0,0,0,0,0,64.0,5755.0,0,0,0,54,eth:ethertype:ip:tcp,27.9,94.9,52.2,160.0,-50.0,a0:a3:b3:ed:ac:1c,,,,,0.0,Normal,0.0
1744307183112783,10.42.0.139,10.42.0.1,50120,1883,0,0,1,0,0,0,0,0,0,0,0,0,0,0.0,0,,0,0,,0,0,0,0,0,0,0,0,0.0,0,0,0,0,0,64.0,5760.0,0,0,0,58,eth:ethertype:ip:tcp,27.9,94.9,52.2,160.0,-50.0,a0:a3:b3:ed:ac:1c,,,,,0.0,Normal,0.0
1744307183116778,10.42.0.139,10.42.0.1,50120,1883,1,1,0,1,0,0,0,0,0,0,0,0,0,0.0,0,,0,0,,0,0,0,0,0,0,0,0,0.0,0,0,0,0,0,64.0,5760.0,0,0,0,54,eth:ethertype:ip:tcp,27.9,94.9,52.2,160.0,-50.0,a0:a3:b3:ed:ac:1c,,,,,0.0,Normal,0.0
1744307183118784,10.42.0.139,10.42.0.1,50120,1883,1,1,0,1,0,0,1,0,3,0,0,0,0,0.0,0,,0,0,,0,0,0,0,0,0,0,0,0.0,0,0,0,0,0,64.0,5760.0,0,0,0,57,eth:ethertype:ip:tcp,27.9,94.9,52.2,160.0,-50.0,a0:a3:b3:ed:ac:1c,,,,,0.0,Normal,0.0
1744307183122201,10.42.0.139,10.42.0.1,50120,1883,4,1,0,1,0,0,1,0,29,0,0,0,0,0.0,0,,0,0,,0,0,0,0,0,0,0,0,0.0,0,0,0,0,0,64.0,5760.0,0,0,0,83,eth:ethertype:ip:tcp,27.9,94.9,52.2,160.0,-50.0,a0:a3:b3:ed:ac:1c,,,,,0.0,Normal,0.0
1744307183125214,10.42.0.139,10.42.0.1,50120,1883,33,1,0,1,0,0,1,0,12,0,0,0,0,0.0,0,,0,1,,0,0,0,1,42,4,MQTT,4,0.0,0,0,0,0,0,64.0,5760.0,0,0,esp32_a0a3b3edac1c,66,eth:ethertype:ip:tcp:mqtt,27.9,94.9,52.2,160.0,-50.0,a0:a3:b3:ed:ac:1c,,,,,0.0,Normal,0.0
1744307183160658,10.42.0.139,10.42.0.1,50120,1883,45,5,0,1,0,0,1,0,3,0,0,0,0,0.0,0,,0,0,,0,0,0,0,0,0,0,0,0.0,0,0,0,0,0,64.0,5756.0,0,0,0,57,eth:ethertype:ip:tcp,27.9,94.9,52.2,160.0,-50.0,a0:a3:b3:ed:ac:1c,,,,,0.0,Normal,0.0
1744307183170869,10.42.0.139,10.42.0.1,50120,1883,48,5,0,1,1,0,1,0,185,0,0,0,0,0.0,0,,0,3,"Wakeup: 0, Mode: 0, Reset: 1, Temperature: 35.0, Uptime: 631457, Memory: 94.9, In_Temperature: 52.2°C, CPU: 160, RSSI: -50, MAC: a0:a3:b3:ed:ac:1c, F_Storage: 99.2",test/temperatura,16,0,0,182,0,0,0,0.0,0,0,0,0,0,64.0,5756.0,0,0,0,239,eth:ethertype:ip:tcp:mqtt,35.0,94.9,52.2,160.0,-50.0,a0:a3:b3:ed:ac:1c,,,,,0.0,Normal,0.0
1744307183174270,10.42.0.139,10.42.0.1,50120,1883,234,6,0,1,0,0,0,0,0,0,0,0,0,0.0,0,,0,0,,0,0,0,0,0,0,0,0,0.0,0,0,0,0,0,64.0,5755.0,0,0,0,54,eth:ethertype:ip:tcp,35.0,94.9,52.2,160.0,-50.0,a0:a3:b3:ed:ac:1c,,,,,0.0,Normal,0.0
1744307213178983,10.42.0.139,10.42.0.1,50121,1883,0,0,1,0,0,0,0,0,0,0,0,0,0,0.0,0,,0,0,,0,0,0,0,0,0,0,0,0.0,0,0,0,0,0,64.0,5760.0,0,0,0,58,eth:ethertype:ip:tcp,35.0,94.9,52.2,160.0,-50.0,a0:a3:b3:ed:ac:1c,,,,,0.0,Normal,0.0
1744307213182656,10.42.0.139,10.42.0.1,50121,1883,1,1,0,1,0,0,0,0,0,0,0,0,0,0.0,0,,0,0,,0,0,0,0,0,0,0,0,0.0,0,0,0,0,0,64.0,5760.0,0,0,0,54,eth:ethertype:ip:tcp,35.0,94.9,52.2,160.0,-50.0,a0:a3:b3:ed:ac:1c,,,,,0.0,Normal,0.0
1744307213184771,10.42.0.139,10.42.0.1,50121,1883,1,1,0,1,0,0,1,0,3,0,0,0,0,0.0,0,,0,0,,0,0,0,0,0,0,0,0,0.0,0,0,0,0,0,64.0,5760.0,0,0,0,57,eth:ethertype:ip:tcp,35.0,94.9,52.2,160.0,-50.0,a0:a3:b3:ed:ac:1c,,,,,0.0,Normal,0.0
1744307213188395,10.42.0.139,10.42.0.1,50121,1883,4,1,0,1,0,0,1,0,29,0,0,0,0,0.0,0,,0,0,,0,0,0,0,0,0,0,0,0.0,0,0,0,0,0,64.0,5760.0,0,0,0,83,eth:ethertype:ip:tcp,35.0,94.9,52.2,160.0,-50.0,a0:a3:b3:ed:ac:1c,,,,,0.0,Normal,0.0
1744307213193501,10.42.0.139,10.42.0.1,50121,1883,33,1,0,1,0,0,1,0,12,0,0,0,0,0.0,0,,0,1,,0,0,0,1,42,4,MQTT,4,0.0,0,0,0,0,0,64.0,5760.0,0,0,esp32_a0a3b3edac1c,66,eth:ethertype:ip:tcp:mqtt,35.0,94.9,52.2,160.0,-50.0,a0:a3:b3:ed:ac:1c,,,,,0.0,Normal,0.0
1744307213230431,10.42.0.139,10.42.0.1,50121,1883,45,5,0,1,0,0,1,0,3,0,0,0,0,0.0,0,,0,0,,0,0,0,0,0,0,0,0,0.0,0,0,0,0,0,64.0,5756.0,0,0,0,57,eth:ethertype:ip:tcp,35.0,94.9,52.2,160.0,-50.0,a0:a3:b3:ed:ac:1c,,,,,0.0,Normal,0.0
1744307213254892,10.42.0.139,10.42.0.1,50121,1883,48,5,0,1,1,0,1,0,185,0,0,0,0,0.0,0,,0,3,"Wakeup: 0, Mode: 0, Reset: 1, Temperature: 34.7, Uptime: 631487, Memory: 94.9, In_Temperature: 52.2°C, CPU: 160, RSSI: -50, MAC: a0:a3:b3:ed:ac:1c, F_Storage: 99.2",test/temperatura,16,0,0,182,0,0,0,0.0,0,0,0,0,0,64.0,5756.0,0,0,0,239,eth:ethertype:ip:tcp:mqtt,34.7,94.9,52.2,160.0,-50.0,a0:a3:b3:ed:ac:1c,,,,,0.0,Normal,0.0
1744307213258232,10.42.0.139,10.42.0.1,50121,1883,234,6,0,1,0,0,0,0,0,0,0,0,0,0.0,0,,0,0,,0,0,0,0,0,0,0,0,0.0,0,0,0,0,0,64.0,5755.0,0,0,0,54,eth:ethertype:ip:tcp,34.7,94.9,52.2,160.0,-50.0,a0:a3:b3:ed:ac:1c,,,,,0.0,Normal,0.0
1744307243249175,10.42.0.139,10.42.0.1,50122,1883,0,0,1,0,0,0,0,0,0,0,0,0,0,0.0,0,,0,0,,0,0,0,0,0,0,0,0,0.0,0,0,0,0,0,64.0,5760.0,0,0,0,58,eth:ethertype:ip:tcp,34.7,94.9,52.2,160.0,-50.0,a0:a3:b3:ed:ac:1c,,,,,0.0,Normal,0.0
1744307243253173,10.42.0.139,10.42.0.1,50122,1883,1,1,0,1,0,0,0,0,0,0,0,0,0,0.0,0,,0,0,,0,0,0,0,0,0,0,0,0.0,0,0,0,0,0,64.0,5760.0,0,0,0,54,eth:ethertype:ip:tcp,34.7,94.9,52.2,160.0,-50.0,a0:a3:b3:ed:ac:1c,,,,,0.0,Normal,0.0
1744307243255421,10.42.0.139,10.42.0.1,50122,1883,1,1,0,1,0,0,1,0,3,0,0,0,0,0.0,0,,0,0,,0,0,0,0,0,0,0,0,0.0,0,0,0,0,0,64.0,5760.0,0,0,0,57,eth:ethertype:ip:tcp,34.7,94.9,52.2,160.0,-50.0,a0:a3:b3:ed:ac:1c,,,,,0.0,Normal,0.0
1744307243259678,10.42.0.139,10.42.0.1,50122,1883,4,1,0,1,0,0,1,0,31,0,0,0,0,0.0,0,,0,0,,0,0,0,0,0,0,0,0,0.0,0,0,0,0,0,64.0,5760.0,0,0,0,85,eth:ethertype:ip:tcp,34.7,94.9,52.2,160.0,-50.0,a0:a3:b3:ed:ac:1c,,,,,0.0,Normal,0.0
1744307243262868,10.42.0.139,10.42.0.1,50122,1883,35,1,0,1,0,0,1,0,10,0,0,0,0,0.0,0,,0,1,,0,0,0,1,42,4,MQTT,4,0.0,0,0,0,0,0,64.0,5760.0,0,0,esp32_a0a3b3edac1c,64,eth:ethertype:ip:tcp:mqtt,34.7,94.9,52.2,160.0,-50.0,a0:a3:b3:ed:ac:1c,,,,,0.0,Normal,0.0
1744307243290054,10.42.0.139,10.42.0.1,50122,1883,45,5,0,1,0,0,0,0,0,0,0,0,0,0.0,0,,0,0,,0,0,0,0,0,0,0,0,0.0,0,0,0,0,0,64.0,5756.0,0,0,0,54,eth:ethertype:ip:tcp,34.7,94.9,52.2,160.0,-50.0,a0:a3:b3:ed:ac:1c,,,,,0.0,Normal,0.0
1744307243300377,10.42.0.139,10.42.0.1,50122,1883,45,5,0,1,0,0,1,0,3,0,0,0,0,0.0,0,,0,0,,0,0,0,0,0,0,0,0,0.0,0,0,0,0,0,64.0,5756.0,0,0,0,57,eth:ethertype:ip:tcp,34.7,94.9,52.2,160.0,-50.0,a0:a3:b3:ed:ac:1c,,,,,0.0,Normal,0.0
1744307243310021,10.42.0.139,10.42.0.1,50122,1883,48,5,0,1,1,0,1,0,185,0,0,0,0,0.0,0,,0,3,"Wakeup: 0, Mode: 0, Reset: 1, Temperature: 26.1, Uptime: 631517, Memory: 94.9, In_Temperature: 52.2°C, CPU: 160, RSSI: -50, MAC: a0:a3:b3:ed:ac:1c, F_Storage: 99.2",test/temperatura,16,0,0,182,0,0,0,0.0,0,0,0,0,0,64.0,5756.0,0,0,0,239,eth:ethertype:ip:tcp:mqtt,26.1,94.9,52.2,160.0,-50.0,a0:a3:b3:ed:ac:1c,,,,,0.0,Normal,0.0
1744307243313474,10.42.0.139,10.42.0.1,50122,1883,234,6,0,1,0,0,0,0,0,0,0,0,0,0.0,0,,0,0,,0,0,0,0,0,0,0,0,0.0,0,0,0,0,0,64.0,5755.0,0,0,0,54,eth:ethertype:ip:tcp,26.1,94.9,52.2,160.0,-50.0,a0:a3:b3:ed:ac:1c,,,,,0.0,Normal,0.0
1744307273327955,10.42.0.139,10.42.0.1,50123,1883,0,0,1,0,0,0,0,0,0,0,0,0,0,0.0,0,,0,0,,0,0,0,0,0,0,0,0,0.0,0,0,0,0,0,64.0,5760.0,0,0,0,58,eth:ethertype:ip:tcp,26.1,94.9,52.2,160.0,-50.0,a0:a3:b3:ed:ac:1c,,,,,0.0,Normal,0.0
1744307273331890,10.42.0.139,10.42.0.1,50123,1883,1,1,0,1,0,0,0,0,0,0,0,0,0,0.0,0,,0,0,,0,0,0,0,0,0,0,0,0.0,0,0,0,0,0,64.0,5760.0,0,0,0,54,eth:ethertype:ip:tcp,26.1,94.9,52.2,160.0,-50.0,a0:a3:b3:ed:ac:1c,,,,,0.0,Normal,0.0
1744307273334053,10.42.0.139,10.42.0.1,50123,1883,1,1,0,1,0,0,1,0,3,0,0,0,0,0.0,0,,0,0,,0,0,0,0,0,0,0,0,0.0,0,0,0,0,0,64.0,5760.0,0,0,0,57,eth:ethertype:ip:tcp,26.1,94.9,52.2,160.0,-50.0,a0:a3:b3:ed:ac:1c,,,,,0.0,Normal,0.0
1744307273337416,10.42.0.139,10.42.0.1,50123,1883,4,1,0,1,0,0,1,0,29,0,0,0,0,0.0,0,,0,0,,0,0,0,0,0,0,0,0,0.0,0,0,0,0,0,64.0,5760.0,0,0,0,83,eth:ethertype:ip:tcp,26.1,94.9,52.2,160.0,-50.0,a0:a3:b3:ed:ac:1c,,,,,0.0,Normal,0.0
1744307273340610,10.42.0.139,10.42.0.1,50123,1883,33,1,0,1,0,0,1,0,12,0,0,0,0,0.0,0,,0,1,,0,0,0,1,42,4,MQTT,4,0.0,0,0,0,0,0,64.0,5760.0,0,0,esp32_a0a3b3edac1c,66,eth:ethertype:ip:tcp:mqtt,26.1,94.9,52.2,160.0,-50.0,a0:a3:b3:ed:ac:1c,,,,,0.0,Normal,0.0
1744307273376113,10.42.0.139,10.42.0.1,50123,1883,45,5,0,1,0,0,1,0,3,0,0,0,0,0.0,0,,0,0,,0,0,0,0,0,0,0,0,0.0,0,0,0,0,0,64.0,5756.0,0,0,0,57,eth:ethertype:ip:tcp,26.1,94.9,52.2,160.0,-50.0,a0:a3:b3:ed:ac:1c,,,,,0.0,Normal,0.0
1744307273388931,10.42.0.139,10.42.0.1,50123,1883,48,5,0,1,1,0,1,0,185,0,0,0,0,0.0,0,,0,3,"Wakeup: 0, Mode: 0, Reset: 1, Temperature: 34.3, Uptime: 631547, Memory: 94.9, In_Temperature: 52.2°C, CPU: 160, RSSI: -50, MAC: a0:a3:b3:ed:ac:1c, F_Storage: 99.2",test/temperatura,16,0,0,182,0,0,0,0.0,0,0,0,0,0,64.0,5756.0,0,0,0,239,eth:ethertype:ip:tcp:mqtt,34.3,94.9,52.2,160.0,-50.0,a0:a3:b3:ed:ac:1c,,,,,0.0,Normal,0.0
1744307273392483,10.42.0.139,10.42.0.1,50123,1883,234,6,0,1,0,0,0,0,0,0,0,0,0,0.0,0,,0,0,,0,0,0,0,0,0,0,0,0.0,0,0,0,0,0,64.0,5755.0,0,0,0,54,eth:ethertype:ip:tcp,34.3,94.9,52.2,160.0,-50.0,a0:a3:b3:ed:ac:1c,,,,,0.0,Normal,0.0
1744307303397794,10.42.0.139,10.42.0.1,50124,1883,0,0,1,0,0,0,0,0,0,0,0,0,0,0.0,0,,0,0,,0,0,0,0,0,0,0,0,0.0,0,0,0,0,0,64.0,5760.0,0,0,0,58,eth:ethertype:ip:tcp,34.3,94.9,52.2,160.0,-50.0,a0:a3:b3:ed:ac:1c,,,,,0.0,Normal,0.0
1744307303404263,10.42.0.139,10.42.0.1,50124,1883,1,1,0,1,0,0,0,0,0,0,0,0,0,0.0,0,,0,0,,0,0,0,0,0,0,0,0,0.0,0,0,0,0,0,64.0,5760.0,0,0,0,54,eth:ethertype:ip:tcp,34.3,94.9,52.2,160.0,-50.0,a0:a3:b3:ed:ac:1c,,,,,0.0,Normal,0.0
1744307303404327,10.42.0.139,10.42.0.1,50124,1883,1,1,0,1,0,0,1,0,3,0,0,0,0,0.0,0,,0,0,,0,0,0,0,0,0,0,0,0.0,0,0,0,0,0,64.0,5760.0,0,0,0,57,eth:ethertype:ip:tcp,34.3,94.9,52.2,160.0,-50.0,a0:a3:b3:ed:ac:1c,,,,,0.0,Normal,0.0
1744307303411976,10.42.0.139,10.42.0.1,50124,1883,4,1,0,1,0,0,1,0,41,0,0,0,0,0.0,0,,0,1,,0,0,0,1,42,4,MQTT,4,0.0,0,0,0,0,0,64.0,5760.0,0,0,esp32_a0a3b3edac1c,95,eth:ethertype:ip:tcp:mqtt,34.3,94.9,52.2,160.0,-50.0,a0:a3:b3:ed:ac:1c,,,,,0.0,Normal,0.0
1744307303447572,10.42.0.139,10.42.0.1,50124,1883,45,5,0,1,0,0,1,0,3,0,0,0,0,0.0,0,,0,0,,0,0,0,0,0,0,0,0,0.0,0,0,0,0,0,64.0,5756.0,0,0,0,57,eth:ethertype:ip:tcp,34.3,94.9,52.2,160.0,-50.0,a0:a3:b3:ed:ac:1c,,,,,0.0,Normal,0.0
1744307303458142,10.42.0.139,10.42.0.1,50124,1883,48,5,0,1,1,0,1,0,185,0,0,0,0,0.0,0,,0,3,"Wakeup: 0, Mode: 0, Reset: 1, Temperature: 38.4, Uptime: 631577, Memory: 94.9, In_Temperature: 52.2°C, CPU: 160, RSSI: -52, MAC: a0:a3:b3:ed:ac:1c, F_Storage: 99.2",test/temperatura,16,0,0,182,0,0,0,0.0,0,0,0,0,0,64.0,5756.0,0,0,0,239,eth:ethertype:ip:tcp:mqtt,38.4,94.9,52.2,160.0,-52.0,a0:a3:b3:ed:ac:1c,,,,,0.0,Normal,0.0
1744307303461722,10.42.0.139,10.42.0.1,50124,1883,234,6,0,1,0,0,0,0,0,0,0,0,0,0.0,0,,0,0,,0,0,0,0,0,0,0,0,0.0,0,0,0,0,0,64.0,5755.0,0,0,0,54,eth:ethertype:ip:tcp,38.4,94.9,52.2,160.0,-52.0,a0:a3:b3:ed:ac:1c,,,,,0.0,Normal,0.0
1744307333467187,10.42.0.139,10.42.0.1,50125,1883,0,0,1,0,0,0,0,0,0,0,0,0,0,0.0,0,,0,0,,0,0,0,0,0,0,0,0,0.0,0,0,0,0,0,64.0,5760.0,0,0,0,58,eth:ethertype:ip:tcp,38.4,94.9,52.2,160.0,-52.0,a0:a3:b3:ed:ac:1c,,,,,0.0,Normal,0.0
1744307333471194,10.42.0.139,10.42.0.1,50125,1883,1,1,0,1,0,0,0,0,0,0,0,0,0,0.0,0,,0,0,,0,0,0,0,0,0,0,0,0.0,0,0,0,0,0,64.0,5760.0,0,0,0,54,eth:ethertype:ip:tcp,38.4,94.9,52.2,160.0,-52.0,a0:a3:b3:ed:ac:1c,,,,,0.0,Normal,0.0
1744307333473348,10.42.0.139,10.42.0.1,50125,1883,1,1,0,1,0,0,1,0,3,0,0,0,0,0.0,0,,0,0,,0,0,0,0,0,0,0,0,0.0,0,0,0,0,0,64.0,5760.0,0,0,0,57,eth:ethertype:ip:tcp,38.4,94.9,52.2,160.0,-52.0,a0:a3:b3:ed:ac:1c,,,,,0.0,Normal,0.0
1744307333476804,10.42.0.139,10.42.0.1,50125,1883,4,1,0,1,0,0,1,0,29,0,0,0,0,0.0,0,,0,0,,0,0,0,0,0,0,0,0,0.0,0,0,0,0,0,64.0,5760.0,0,0,0,83,eth:ethertype:ip:tcp,38.4,94.9,52.2,160.0,-52.0,a0:a3:b3:ed:ac:1c,,,,,0.0,Normal,0.0
1744307333480583,10.42.0.139,10.42.0.1,50125,1883,33,1,0,1,0,0,1,0,2,0,0,0,0,0.0,0,,0,0,,0,0,0,0,0,0,0,0,0.0,0,0,0,0,0,64.0,5760.0,0,0,0,56,eth:ethertype:ip:tcp,38.4,94.9,52.2,160.0,-52.0,a0:a3:b3:ed:ac:1c,,,,,0.0,Normal,0.0
1744307333484714,10.42.0.139,10.42.0.1,50125,1883,35,1,0,1,0,0,1,0,4,0,0,0,0,0.0,0,,0,0,,0,0,0,0,0,0,0,0,0.0,0,0,0,0,0,64.0,5760.0,0,0,0,58,eth:ethertype:ip:tcp,38.4,94.9,52.2,160.0,-52.0,a0:a3:b3:ed:ac:1c,,,,,0.0,Normal,0.0
1744307333487985,10.42.0.139,10.42.0.1,50125,1883,39,1,0,1,0,0,1,0,2,0,0,0,0,0.0,0,,0,0,,0,0,0,0,0,0,0,0,0.0,0,0,0,0,0,64.0,5760.0,0,0,0,56,eth:ethertype:ip:tcp,38.4,94.9,52.2,160.0,-52.0,a0:a3:b3:ed:ac:1c,,,,,0.0,Normal,0.0
1744307333490573,10.42.0.139,10.42.0.1,50125,1883,41,1,0,1,0,0,1,0,4,0,0,0,0,0.0,0,,0,1,,0,0,0,1,42,4,MQTT,4,0.0,0,0,0,0,0,64.0,5760.0,0,0,esp32_a0a3b3edac1c,58,eth:ethertype:ip:tcp:mqtt,38.4,94.9,52.2,160.0,-52.0,a0:a3:b3:ed:ac:1c,,,,,0.0,Normal,0.0
1744307333527328,10.42.0.139,10.42.0.1,50125,1883,45,5,0,1,0,0,1,0,3,0,0,0,0,0.0,0,,0,0,,0,0,0,0,0,0,0,0,0.0,0,0,0,0,0,64.0,5756.0,0,0,0,57,eth:ethertype:ip:tcp,38.4,94.9,52.2,160.0,-52.0,a0:a3:b3:ed:ac:1c,,,,,0.0,Normal,0.0
1744307333539708,10.42.0.139,10.42.0.1,50125,1883,48,5,0,1,1,0,1,0,185,0,0,0,0,0.0,0,,0,3,"Wakeup: 0, Mode: 0, Reset: 1, Temperature: 32.9, Uptime: 631607, Memory: 94.9, In_Temperature: 52.2°C, CPU: 160, RSSI: -50, MAC: a0:a3:b3:ed:ac:1c, F_Storage: 99.2",test/temperatura,16,0,0,182,0,0,0,0.0,0,0,0,0,0,64.0,5756.0,0,0,0,239,eth:ethertype:ip:tcp:mqtt,32.9,94.9,52.2,160.0,-50.0,a0:a3:b3:ed:ac:1c,,,,,0.0,Normal,0.0
1744307333543234,10.42.0.139,10.42.0.1,50125,1883,234,6,0,1,0,0,0,0,0,0,0,0,0,0.0,0,,0,0,,0,0,0,0,0,0,0,0,0.0,0,0,0,0,0,64.0,5755.0,0,0,0,54,eth:ethertype:ip:tcp,32.9,94.9,52.2,160.0,-50.0,a0:a3:b3:ed:ac:1c,,,,,0.0,Normal,0.0
1744307363546574,10.42.0.139,10.42.0.1,50126,1883,0,0,1,0,0,0,0,0,0,0,0,0,0,0.0,0,,0,0,,0,0,0,0,0,0,0,0,0.0,0,0,0,0,0,64.0,5760.0,0,0,0,58,eth:ethertype:ip:tcp,32.9,94.9,52.2,160.0,-50.0,a0:a3:b3:ed:ac:1c,,,,,0.0,Normal,0.0
1744307363550551,10.42.0.139,10.42.0.1,50126,1883,1,1,0,1,0,0,0,0,0,0,0,0,0,0.0,0,,0,0,,0,0,0,0,0,0,0,0,0.0,0,0,0,0,0,64.0,5760.0,0,0,0,54,eth:ethertype:ip:tcp,32.9,94.9,52.2,160.0,-50.0,a0:a3:b3:ed:ac:1c,,,,,0.0,Normal,0.0
1744307363552701,10.42.0.139,10.42.0.1,50126,1883,1,1,0,1,0,0,1,0,3,0,0,0,0,0.0,0,,0,0,,0,0,0,0,0,0,0,0,0.0,0,0,0,0,0,64.0,5760.0,0,0,0,57,eth:ethertype:ip:tcp,32.9,94.9,52.2,160.0,-50.0,a0:a3:b3:ed:ac:1c,,,,,0.0,Normal,0.0
1744307363556146,10.42.0.139,10.42.0.1,50126,1883,4,1,0,1,0,0,1,0,29,0,0,0,0,0.0,0,,0,0,,0,0,0,0,0,0,0,0,0.0,0,0,0,0,0,64.0,5760.0,0,0,0,83,eth:ethertype:ip:tcp,32.9,94.9,52.2,160.0,-50.0,a0:a3:b3:ed:ac:1c,,,,,0.0,Normal,0.0
1744307363559361,10.42.0.139,10.42.0.1,50126,1883,33,1,0,1,0,0,1,0,12,0,0,0,0,0.0,0,,0,1,,0,0,0,1,42,4,MQTT,4,0.0,0,0,0,0,0,64.0,5760.0,0,0,esp32_a0a3b3edac1c,66,eth:ethertype:ip:tcp:mqtt,32.9,94.9,52.2,160.0,-50.0,a0:a3:b3:ed:ac:1c,,,,,0.0,Normal,0.0
1744307363594480,10.42.0.139,10.42.0.1,50126,1883,45,5,0,1,0,0,1,0,3,0,0,0,0,0.0,0,,0,0,,0,0,0,0,0,0,0,0,0.0,0,0,0,0,0,64.0,5756.0,0,0,0,57,eth:ethertype:ip:tcp,32.9,94.9,52.2,160.0,-50.0,a0:a3:b3:ed:ac:1c,,,,,0.0,Normal,0.0
1744307363606934,10.42.0.139,10.42.0.1,50126,1883,48,5,0,1,1,0,1,0,185,0,0,0,0,0.0,0,,0,3,"Wakeup: 0, Mode: 0, Reset: 1, Temperature: 36.2, Uptime: 631638, Memory: 94.9, In_Temperature: 52.2°C, CPU: 160, RSSI: -51, MAC: a0:a3:b3:ed:ac:1c, F_Storage: 99.2",test/temperatura,16,0,0,182,0,0,0,0.0,0,0,0,0,0,64.0,5756.0,0,0,0,239,eth:ethertype:ip:tcp:mqtt,36.2,94.9,52.2,160.0,-51.0,a0:a3:b3:ed:ac:1c,,,,,0.0,Normal,0.0
1744307363610315,10.42.0.139,10.42.0.1,50126,1883,234,6,0,1,0,0,0,0,0,0,0,0,0,0.0,0,,0,0,,0,0,0,0,0,0,0,0,0.0,0,0,0,0,0,64.0,5755.0,0,0,0,54,eth:ethertype:ip:tcp,36.2,94.9,52.2,160.0,-51.0,a0:a3:b3:ed:ac:1c,,,,,0.0,Normal,0.0
1744307393614938,10.42.0.139,10.42.0.1,50127,1883,0,0,1,0,0,0,0,0,0,0,0,0,0,0.0,0,,0,0,,0,0,0,0,0,0,0,0,0.0,0,0,0,0,0,64.0,5760.0,0,0,0,58,eth:ethertype:ip:tcp,36.2,94.9,52.2,160.0,-51.0,a0:a3:b3:ed:ac:1c,,,,,0.0,Normal,0.0
1744307393618582,10.42.0.139,10.42.0.1,50127,1883,1,1,0,1,0,0,0,0,0,0,0,0,0,0.0,0,,0,0,,0,0,0,0,0,0,0,0,0.0,0,0,0,0,0,64.0,5760.0,0,0,0,54,eth:ethertype:ip:tcp,36.2,94.9,52.2,160.0,-51.0,a0:a3:b3:ed:ac:1c,,,,,0.0,Normal,0.0
1744307393622560,10.42.0.139,10.42.0.1,50127,1883,1,1,0,1,0,0,1,0,3,0,0,0,0,0.0,0,,0,0,,0,0,0,0,0,0,0,0,0.0,0,0,0,0,0,64.0,5760.0,0,0,0,57,eth:ethertype:ip:tcp,36.2,94.9,52.2,160.0,-51.0,a0:a3:b3:ed:ac:1c,,,,,0.0,Normal,0.0
1744307393627395,10.42.0.139,10.42.0.1,50127,1883,4,1,0,1,0,0,1,0,41,0,0,0,0,0.0,0,,0,1,,0,0,0,1,42,4,MQTT,4,0.0,0,0,0,0,0,64.0,5760.0,0,0,esp32_a0a3b3edac1c,95,eth:ethertype:ip:tcp:mqtt,36.2,94.9,52.2,160.0,-51.0,a0:a3:b3:ed:ac:1c,,,,,0.0,Normal,0.0
1744307393662666,10.42.0.139,10.42.0.1,50127,1883,45,5,0,1,0,0,1,0,3,0,0,0,0,0.0,0,,0,0,,0,0,0,0,0,0,0,0,0.0,0,0,0,0,0,64.0,5756.0,0,0,0,57,eth:ethertype:ip:tcp,36.2,94.9,52.2,160.0,-51.0,a0:a3:b3:ed:ac:1c,,,,,0.0,Normal,0.0
1744307393676284,10.42.0.139,10.42.0.1,50127,1883,48,5,0,1,1,0,1,0,185,0,0,0,0,0.0,0,,0,3,"Wakeup: 0, Mode: 0, Reset: 1, Temperature: 33.1, Uptime: 631668, Memory: 94.9, In_Temperature: 52.2°C, CPU: 160, RSSI: -50, MAC: a0:a3:b3:ed:ac:1c, F_Storage: 99.2",test/temperatura,16,0,0,182,0,0,0,0.0,0,0,0,0,0,64.0,5756.0,0,0,0,239,eth:ethertype:ip:tcp:mqtt,33.1,94.9,52.2,160.0,-50.0,a0:a3:b3:ed:ac:1c,,,,,0.0,Normal,0.0
1744307393679698,10.42.0.139,10.42.0.1,50127,1883,234,6,0,1,0,0,0,0,0,0,0,0,0,0.0,0,,0,0,,0,0,0,0,0,0,0,0,0.0,0,0,0,0,0,64.0,5755.0,0,0,0,54,eth:ethertype:ip:tcp,33.1,94.9,52.2,160.0,-50.0,a0:a3:b3:ed:ac:1c,,,,,0.0,Normal,0.0
1744307423685248,10.42.0.139,10.42.0.1,50128,1883,0,0,1,0,0,0,0,0,0,0,0,0,0,0.0,0,,0,0,,0,0,0,0,0,0,0,0,0.0,0,0,0,0,0,64.0,5760.0,0,0,0,58,eth:ethertype:ip:tcp,33.1,94.9,52.2,160.0,-50.0,a0:a3:b3:ed:ac:1c,,,,,0.0,Normal,0.0
1744307423689601,10.42.0.139,10.42.0.1,50128,1883,1,1,0,1,0,0,0,0,0,0,0,0,0,0.0,0,,0,0,,0,0,0,0,0,0,0,0,0.0,0,0,0,0,0,64.0,5760.0,0,0,0,54,eth:ethertype:ip:tcp,33.1,94.9,52.2,160.0,-50.0,a0:a3:b3:ed:ac:1c,,,,,0.0,Normal,0.0
1744307423691501,10.42.0.139,10.42.0.1,50128,1883,1,1,0,1,0,0,1,0,3,0,0,0,0,0.0,0,,0,0,,0,0,0,0,0,0,0,0,0.0,0,0,0,0,0,64.0,5760.0,0,0,0,57,eth:ethertype:ip:tcp,33.1,94.9,52.2,160.0,-50.0,a0:a3:b3:ed:ac:1c,,,,,0.0,Normal,0.0
1744307423694979,10.42.0.139,10.42.0.1,50128,1883,4,1,0,1,0,0,1,0,29,0,0,0,0,0.0,0,,0,0,,0,0,0,0,0,0,0,0,0.0,0,0,0,0,0,64.0,5760.0,0,0,0,83,eth:ethertype:ip:tcp,33.1,94.9,52.2,160.0,-50.0,a0:a3:b3:ed:ac:1c,,,,,0.0,Normal,0.0
1744307423698100,10.42.0.139,10.42.0.1,50128,1883,33,1,0,1,0,0,1,0,12,0,0,0,0,0.0,0,,0,1,,0,0,0,1,42,4,MQTT,4,0.0,0,0,0,0,0,64.0,5760.0,0,0,esp32_a0a3b3edac1c,66,eth:ethertype:ip:tcp:mqtt,33.1,94.9,52.2,160.0,-50.0,a0:a3:b3:ed:ac:1c,,,,,0.0,Normal,0.0
1744307423734436,10.42.0.139,10.42.0.1,50128,1883,45,5,0,1,0,0,1,0,3,0,0,0,0,0.0,0,,0,0,,0,0,0,0,0,0,0,0,0.0,0,0,0,0,0,64.0,5756.0,0,0,0,57,eth:ethertype:ip:tcp,33.1,94.9,52.2,160.0,-50.0,a0:a3:b3:ed:ac:1c,,,,,0.0,Normal,0.0
1744307423745645,10.42.0.139,10.42.0.1,50128,1883,48,5,0,1,1,0,1,0,185,0,0,0,0,0.0,0,,0,3,"Wakeup: 0, Mode: 0, Reset: 1, Temperature: 34.4, Uptime: 631698, Memory: 94.9, In_Temperature: 52.2°C, CPU: 160, RSSI: -51, MAC: a0:a3:b3:ed:ac:1c, F_Storage: 99.2",test/temperatura,16,0,0,182,0,0,0,0.0,0,0,0,0,0,64.0,5756.0,0,0,0,239,eth:ethertype:ip:tcp:mqtt,34.4,94.9,52.2,160.0,-51.0,a0:a3:b3:ed:ac:1c,,,,,0.0,Normal,0.0
1744307423749192,10.42.0.139,10.42.0.1,50128,1883,234,6,0,1,0,0,0,0,0,0,0,0,0,0.0,0,,0,0,,0,0,0,0,0,0,0,0,0.0,0,0,0,0,0,64.0,5755.0,0,0,0,54,eth:ethertype:ip:tcp,34.4,94.9,52.2,160.0,-51.0,a0:a3:b3:ed:ac:1c,,,,,0.0,Normal,0.0
1744307453754463,10.42.0.139,10.42.0.1,50129,1883,0,0,1,0,0,0,0,0,0,0,0,0,0,0.0,0,,0,0,,0,0,0,0,0,0,0,0,0.0,0,0,0,0,0,64.0,5760.0,0,0,0,58,eth:ethertype:ip:tcp,34.4,94.9,52.2,160.0,-51.0,a0:a3:b3:ed:ac:1c,,,,,0.0,Normal,0.0
1744307453758126,10.42.0.139,10.42.0.1,50129,1883,1,1,0,1,0,0,0,0,0,0,0,0,0,0.0,0,,0,0,,0,0,0,0,0,0,0,0,0.0,0,0,0,0,0,64.0,5760.0,0,0,0,54,eth:ethertype:ip:tcp,34.4,94.9,52.2,160.0,-51.0,a0:a3:b3:ed:ac:1c,,,,,0.0,Normal,0.0
1744307453760565,10.42.0.139,10.42.0.1,50129,1883,1,1,0,1,0,0,1,0,3,0,0,0,0,0.0,0,,0,0,,0,0,0,0,0,0,0,0,0.0,0,0,0,0,0,64.0,5760.0,0,0,0,57,eth:ethertype:ip:tcp,34.4,94.9,52.2,160.0,-51.0,a0:a3:b3:ed:ac:1c,,,,,0.0,Normal,0.0
1744307453763974,10.42.0.139,10.42.0.1,50129,1883,4,1,0,1,0,0,1,0,29,0,0,0,0,0.0,0,,0,0,,0,0,0,0,0,0,0,0,0.0,0,0,0,0,0,64.0,5760.0,0,0,0,83,eth:ethertype:ip:tcp,34.4,94.9,52.2,160.0,-51.0,a0:a3:b3:ed:ac:1c,,,,,0.0,Normal,0.0
1744307453766939,10.42.0.139,10.42.0.1,50129,1883,33,1,0,1,0,0,1,0,12,0,0,0,0,0.0,0,,0,1,,0,0,0,1,42,4,MQTT,4,0.0,0,0,0,0,0,64.0,5760.0,0,0,esp32_a0a3b3edac1c,66,eth:ethertype:ip:tcp:mqtt,34.4,94.9,52.2,160.0,-51.0,a0:a3:b3:ed:ac:1c,,,,,0.0,Normal,0.0
1744307453785521,10.42.0.139,10.42.0.1,50129,1883,45,5,0,1,0,0,0,0,0,0,0,0,0,0.0,0,,0,0,,0,0,0,0,0,0,0,0,0.0,0,0,0,0,0,64.0,5756.0,0,0,0,54,eth:ethertype:ip:tcp,34.4,94.9,52.2,160.0,-51.0,a0:a3:b3:ed:ac:1c,,,,,0.0,Normal,0.0
1744307453804099,10.42.0.139,10.42.0.1,50129,1883,45,5,0,1,0,0,1,0,3,0,0,0,0,0.0,0,,0,0,,0,0,0,0,0,0,0,0,0.0,0,0,0,0,0,64.0,5756.0,0,0,0,57,eth:ethertype:ip:tcp,34.4,94.9,52.2,160.0,-51.0,a0:a3:b3:ed:ac:1c,,,,,0.0,Normal,0.0
1744307453814912,10.42.0.139,10.42.0.1,50129,1883,48,5,0,1,1,0,1,0,185,0,0,0,0,0.0,0,,0,3,"Wakeup: 0, Mode: 0, Reset: 1, Temperature: 40.6, Uptime: 631728, Memory: 94.9, In_Temperature: 52.2°C, CPU: 160, RSSI: -50, MAC: a0:a3:b3:ed:ac:1c, F_Storage: 99.2",test/temperatura,16,0,0,182,0,0,0,0.0,0,0,0,0,0,64.0,5756.0,0,0,0,239,eth:ethertype:ip:tcp:mqtt,40.6,94.9,52.2,160.0,-50.0,a0:a3:b3:ed:ac:1c,,,,,0.0,Normal,0.0
1744307453818291,10.42.0.139,10.42.0.1,50129,1883,234,6,0,1,0,0,0,0,0,0,0,0,0,0.0,0,,0,0,,0,0,0,0,0,0,0,0,0.0,0,0,0,0,0,64.0,5755.0,0,0,0,54,eth:ethertype:ip:tcp,40.6,94.9,52.2,160.0,-50.0,a0:a3:b3:ed:ac:1c,,,,,0.0,Normal,0.0
1744307483823897,10.42.0.139,10.42.0.1,50130,1883,0,0,1,0,0,0,0,0,0,0,0,0,0,0.0,0,,0,0,,0,0,0,0,0,0,0,0,0.0,0,0,0,0,0,64.0,5760.0,0,0,0,58,eth:ethertype:ip:tcp,40.6,94.9,52.2,160.0,-50.0,a0:a3:b3:ed:ac:1c,,,,,0.0,Normal,0.0
1744307483827945,10.42.0.139,10.42.0.1,50130,1883,1,1,0,1,0,0,0,0,0,0,0,0,0,0.0,0,,0,0,,0,0,0,0,0,0,0,0,0.0,0,0,0,0,0,64.0,5760.0,0,0,0,54,eth:ethertype:ip:tcp,40.6,94.9,52.2,160.0,-50.0,a0:a3:b3:ed:ac:1c,,,,,0.0,Normal,0.0
1744307483829954,10.42.0.139,10.42.0.1,50130,1883,1,1,0,1,0,0,1,0,3,0,0,0,0,0.0,0,,0,0,,0,0,0,0,0,0,0,0,0.0,0,0,0,0,0,64.0,5760.0,0,0,0,57,eth:ethertype:ip:tcp,40.6,94.9,52.2,160.0,-50.0,a0:a3:b3:ed:ac:1c,,,,,0.0,Normal,0.0
1744307483833385,10.42.0.139,10.42.0.1,50130,1883,4,1,0,1,0,0,1,0,29,0,0,0,0,0.0,0,,0,0,,0,0,0,0,0,0,0,0,0.0,0,0,0,0,0,64.0,5760.0,0,0,0,83,eth:ethertype:ip:tcp,40.6,94.9,52.2,160.0,-50.0,a0:a3:b3:ed:ac:1c,,,,,0.0,Normal,0.0
1744307483840871,10.42.0.139,10.42.0.1,50130,1883,33,1,0,1,0,0,1,0,12,0,0,0,0,0.0,0,,0,1,,0,0,0,1,42,4,MQTT,4,0.0,0,0,0,0,0,64.0,5760.0,0,0,esp32_a0a3b3edac1c,66,eth:ethertype:ip:tcp:mqtt,40.6,94.9,52.2,160.0,-50.0,a0:a3:b3:ed:ac:1c,,,,,0.0,Normal,0.0
1744307483876337,10.42.0.139,10.42.0.1,50130,1883,45,5,0,1,0,0,1,0,3,0,0,0,0,0.0,0,,0,0,,0,0,0,0,0,0,0,0,0.0,0,0,0,0,0,64.0,5756.0,0,0,0,57,eth:ethertype:ip:tcp,40.6,94.9,52.2,160.0,-50.0,a0:a3:b3:ed:ac:1c,,,,,0.0,Normal,0.0
1744307483894159,10.42.0.139,10.42.0.1,50130,1883,48,5,0,1,1,0,1,0,185,0,0,0,0,0.0,0,,0,3,"Wakeup: 0, Mode: 0, Reset: 1, Temperature: 26.8, Uptime: 631758, Memory: 94.9, In_Temperature: 52.2°C, CPU: 160, RSSI: -49, MAC: a0:a3:b3:ed:ac:1c, F_Storage: 99.2",test/temperatura,16,0,0,182,0,0,0,0.0,0,0,0,0,0,64.0,5756.0,0,0,0,239,eth:ethertype:ip:tcp:mqtt,26.8,94.9,52.2,160.0,-49.0,a0:a3:b3:ed:ac:1c,,,,,0.0,Normal,0.0
1744307483898394,10.42.0.139,10.42.0.1,50130,1883,234,6,0,1,0,0,0,0,0,0,0,0,0,0.0,0,,0,0,,0,0,0,0,0,0,0,0,0.0,0,0,0,0,0,64.0,5755.0,0,0,0,54,eth:ethertype:ip:tcp,26.8,94.9,52.2,160.0,-49.0,a0:a3:b3:ed:ac:1c,,,,,0.0,Normal,0.0
1744307513903448,10.42.0.139,10.42.0.1,50131,1883,0,0,1,0,0,0,0,0,0,0,0,0,0,0.0,0,,0,0,,0,0,0,0,0,0,0,0,0.0,0,0,0,0,0,64.0,5760.0,0,0,0,58,eth:ethertype:ip:tcp,26.8,94.9,52.2,160.0,-49.0,a0:a3:b3:ed:ac:1c,,,,,0.0,Normal,0.0
1744307513907934,10.42.0.139,10.42.0.1,50131,1883,1,1,0,1,0,0,0,0,0,0,0,0,0,0.0,0,,0,0,,0,0,0,0,0,0,0,0,0.0,0,0,0,0,0,64.0,5760.0,0,0,0,54,eth:ethertype:ip:tcp,26.8,94.9,52.2,160.0,-49.0,a0:a3:b3:ed:ac:1c,,,,,0.0,Normal,0.0
1744307513910260,10.42.0.139,10.42.0.1,50131,1883,1,1,0,1,0,0,1,0,3,0,0,0,0,0.0,0,,0,0,,0,0,0,0,0,0,0,0,0.0,0,0,0,0,0,64.0,5760.0,0,0,0,57,eth:ethertype:ip:tcp,26.8,94.9,52.2,160.0,-49.0,a0:a3:b3:ed:ac:1c,,,,,0.0,Normal,0.0
1744307513913505,10.42.0.139,10.42.0.1,50131,1883,4,1,0,1,0,0,1,0,29,0,0,0,0,0.0,0,,0,0,,0,0,0,0,0,0,0,0,0.0,0,0,0,0,0,64.0,5760.0,0,0,0,83,eth:ethertype:ip:tcp,26.8,94.9,52.2,160.0,-49.0,a0:a3:b3:ed:ac:1c,,,,,0.0,Normal,0.0
1744307513917293,10.42.0.139,10.42.0.1,50131,1883,33,1,0,1,0,0,1,0,2,0,0,0,0,0.0,0,,0,0,,0,0,0,0,0,0,0,0,0.0,0,0,0,0,0,64.0,5760.0,0,0,0,56,eth:ethertype:ip:tcp,26.8,94.9,52.2,160.0,-49.0,a0:a3:b3:ed:ac:1c,,,,,0.0,Normal,0.0
1744307513921298,10.42.0.139,10.42.0.1,50131,1883,35,1,0,1,0,0,1,0,4,0,0,0,0,0.0,0,,0,0,,0,0,0,0,0,0,0,0,0.0,0,0,0,0,0,64.0,5760.0,0,0,0,58,eth:ethertype:ip:tcp,26.8,94.9,52.2,160.0,-49.0,a0:a3:b3:ed:ac:1c,,,,,0.0,Normal,0.0
1744307513925185,10.42.0.139,10.42.0.1,50131,1883,39,1,0,1,0,0,1,0,6,0,0,0,0,0.0,0,,0,1,,0,0,0,1,42,4,MQTT,4,0.0,0,0,0,0,0,64.0,5760.0,0,0,esp32_a0a3b3edac1c,60,eth:ethertype:ip:tcp:mqtt,26.8,94.9,52.2,160.0,-49.0,a0:a3:b3:ed:ac:1c,,,,,0.0,Normal,0.0
1744307513961046,10.42.0.139,10.42.0.1,50131,1883,45,5,0,1,0,0,1,0,3,0,0,0,0,0.0,0,,0,0,,0,0,0,0,0,0,0,0,0.0,0,0,0,0,0,64.0,5756.0,0,0,0,57,eth:ethertype:ip:tcp,26.8,94.9,52.2,160.0,-49.0,a0:a3:b3:ed:ac:1c,,,,,0.0,Normal,0.0
1744307513973911,10.42.0.139,10.42.0.1,50131,1883,48,5,0,1,1,0,1,0,185,0,0,0,0,0.0,0,,0,3,"Wakeup: 0, Mode: 0, Reset: 1, Temperature: 30.4, Uptime: 631788, Memory: 94.9, In_Temperature: 52.2°C, CPU: 160, RSSI: -51, MAC: a0:a3:b3:ed:ac:1c, F_Storage: 99.2",test/temperatura,16,0,0,182,0,0,0,0.0,0,0,0,0,0,64.0,5756.0,0,0,0,239,eth:ethertype:ip:tcp:mqtt,30.4,94.9,52.2,160.0,-51.0,a0:a3:b3:ed:ac:1c,,,,,0.0,Normal,0.0
1744307513977351,10.42.0.139,10.42.0.1,50131,1883,234,6,0,1,0,0,0,0,0,0,0,0,0,0.0,0,,0,0,,0,0,0,0,0,0,0,0,0.0,0,0,0,0,0,64.0,5755.0,0,0,0,54,eth:ethertype:ip:tcp,30.4,94.9,52.2,160.0,-51.0,a0:a3:b3:ed:ac:1c,,,,,0.0,Normal,0.0
1744307543982518,10.42.0.139,10.42.0.1,50132,1883,0,0,1,0,0,0,0,0,0,0,0,0,0,0.0,0,,0,0,,0,0,0,0,0,0,0,0,0.0,0,0,0,0,0,64.0,5760.0,0,0,0,58,eth:ethertype:ip:tcp,30.4,94.9,52.2,160.0,-51.0,a0:a3:b3:ed:ac:1c,,,,,0.0,Normal,0.0
1744307543986477,10.42.0.139,10.42.0.1,50132,1883,1,1,0,1,0,0,0,0,0,0,0,0,0,0.0,0,,0,0,,0,0,0,0,0,0,0,0,0.0,0,0,0,0,0,64.0,5760.0,0,0,0,54,eth:ethertype:ip:tcp,30.4,94.9,52.2,160.0,-51.0,a0:a3:b3:ed:ac:1c,,,,,0.0,Normal,0.0
1744307543988555,10.42.0.139,10.42.0.1,50132,1883,1,1,0,1,0,0,1,0,3,0,0,0,0,0.0,0,,0,0,,0,0,0,0,0,0,0,0,0.0,0,0,0,0,0,64.0,5760.0,0,0,0,57,eth:ethertype:ip:tcp,30.4,94.9,52.2,160.0,-51.0,a0:a3:b3:ed:ac:1c,,,,,0.0,Normal,0.0
1744307543992017,10.42.0.139,10.42.0.1,50132,1883,4,1,0,1,0,0,1,0,29,0,0,0,0,0.0,0,,0,0,,0,0,0,0,0,0,0,0,0.0,0,0,0,0,0,64.0,5760.0,0,0,0,83,eth:ethertype:ip:tcp,30.4,94.9,52.2,160.0,-51.0,a0:a3:b3:ed:ac:1c,,,,,0.0,Normal,0.0
1744307543995071,10.42.0.139,10.42.0.1,50132,1883,33,1,0,1,0,0,1,0,12,0,0,0,0,0.0,0,,0,1,,0,0,0,1,42,4,MQTT,4,0.0,0,0,0,0,0,64.0,5760.0,0,0,esp32_a0a3b3edac1c,66,eth:ethertype:ip:tcp:mqtt,30.4,94.9,52.2,160.0,-51.0,a0:a3:b3:ed:ac:1c,,,,,0.0,Normal,0.0
1744307544030397,10.42.0.139,10.42.0.1,50132,1883,45,5,0,1,0,0,1,0,3,0,0,0,0,0.0,0,,0,0,,0,0,0,0,0,0,0,0,0.0,0,0,0,0,0,64.0,5756.0,0,0,0,57,eth:ethertype:ip:tcp,30.4,94.9,52.2,160.0,-51.0,a0:a3:b3:ed:ac:1c,,,,,0.0,Normal,0.0
1744307544043021,10.42.0.139,10.42.0.1,50132,1883,48,5,0,1,1,0,1,0,185,0,0,0,0,0.0,0,,0,3,"Wakeup: 0, Mode: 0, Reset: 1, Temperature: 38.3, Uptime: 631818, Memory: 94.9, In_Temperature: 52.2°C, CPU: 160, RSSI: -50, MAC: a0:a3:b3:ed:ac:1c, F_Storage: 99.2",test/temperatura,16,0,0,182,0,0,0,0.0,0,0,0,0,0,64.0,5756.0,0,0,0,239,eth:ethertype:ip:tcp:mqtt,38.3,94.9,52.2,160.0,-50.0,a0:a3:b3:ed:ac:1c,,,,,0.0,Normal,0.0
1744307544048431,10.42.0.139,10.42.0.1,50132,1883,234,6,0,1,0,0,0,0,0,0,0,0,0,0.0,0,,0,0,,0,0,0,0,0,0,0,0,0.0,0,0,0,0,0,64.0,5755.0,0,0,0,54,eth:ethertype:ip:tcp,38.3,94.9,52.2,160.0,-50.0,a0:a3:b3:ed:ac:1c,,,,,0.0,Normal,0.0
1744307574051720,10.42.0.139,10.42.0.1,50133,1883,0,0,1,0,0,0,0,0,0,0,0,0,0,0.0,0,,0,0,,0,0,0,0,0,0,0,0,0.0,0,0,0,0,0,64.0,5760.0,0,0,0,58,eth:ethertype:ip:tcp,38.3,94.9,52.2,160.0,-50.0,a0:a3:b3:ed:ac:1c,,,,,0.0,Normal,0.0
1744307574056895,10.42.0.139,10.42.0.1,50133,1883,1,1,0,1,0,0,0,0,0,0,0,0,0,0.0,0,,0,0,,0,0,0,0,0,0,0,0,0.0,0,0,0,0,0,64.0,5760.0,0,0,0,54,eth:ethertype:ip:tcp,38.3,94.9,52.2,160.0,-50.0,a0:a3:b3:ed:ac:1c,,,,,0.0,Normal,0.0
1744307574059271,10.42.0.139,10.42.0.1,50133,1883,1,1,0,1,0,0,1,0,3,0,0,0,0,0.0,0,,0,0,,0,0,0,0,0,0,0,0,0.0,0,0,0,0,0,64.0,5760.0,0,0,0,57,eth:ethertype:ip:tcp,38.3,94.9,52.2,160.0,-50.0,a0:a3:b3:ed:ac:1c,,,,,0.0,Normal,0.0
1744307574063445,10.42.0.139,10.42.0.1,50133,1883,4,1,0,1,0,0,1,0,29,0,0,0,0,0.0,0,,0,0,,0,0,0,0,0,0,0,0,0.0,0,0,0,0,0,64.0,5760.0,0,0,0,83,eth:ethertype:ip:tcp,38.3,94.9,52.2,160.0,-50.0,a0:a3:b3:ed:ac:1c,,,,,0.0,Normal,0.0
1744307574066283,10.42.0.139,10.42.0.1,50133,1883,33,1,0,1,0,0,1,0,12,0,0,0,0,0.0,0,,0,1,,0,0,0,1,42,4,MQTT,4,0.0,0,0,0,0,0,64.0,5760.0,0,0,esp32_a0a3b3edac1c,66,eth:ethertype:ip:tcp:mqtt,38.3,94.9,52.2,160.0,-50.0,a0:a3:b3:ed:ac:1c,,,,,0.0,Normal,0.0
1744307574101325,10.42.0.139,10.42.0.1,50133,1883,45,5,0,1,0,0,1,0,3,0,0,0,0,0.0,0,,0,0,,0,0,0,0,0,0,0,0,0.0,0,0,0,0,0,64.0,5756.0,0,0,0,57,eth:ethertype:ip:tcp,38.3,94.9,52.2,160.0,-50.0,a0:a3:b3:ed:ac:1c,,,,,0.0,Normal,0.0
1744307574112242,10.42.0.139,10.42.0.1,50133,1883,48,5,0,1,1,0,1,0,185,0,0,0,0,0.0,0,,0,3,"Wakeup: 0, Mode: 0, Reset: 1, Temperature: 31.7, Uptime: 631848, Memory: 94.9, In_Temperature: 52.2°C, CPU: 160, RSSI: -50, MAC: a0:a3:b3:ed:ac:1c, F_Storage: 99.2",test/temperatura,16,0,0,182,0,0,0,0.0,0,0,0,0,0,64.0,5756.0,0,0,0,239,eth:ethertype:ip:tcp:mqtt,31.7,94.9,52.2,160.0,-50.0,a0:a3:b3:ed:ac:1c,,,,,0.0,Normal,0.0
1744307574115657,10.42.0.139,10.42.0.1,50133,1883,234,6,0,1,0,0,0,0,0,0,0,0,0,0.0,0,,0,0,,0,0,0,0,0,0,0,0,0.0,0,0,0,0,0,64.0,5755.0,0,0,0,54,eth:ethertype:ip:tcp,31.7,94.9,52.2,160.0,-50.0,a0:a3:b3:ed:ac:1c,,,,,0.0,Normal,0.0
1744307604121010,10.42.0.139,10.42.0.1,50134,1883,0,0,1,0,0,0,0,0,0,0,0,0,0,0.0,0,,0,0,,0,0,0,0,0,0,0,0,0.0,0,0,0,0,0,64.0,5760.0,0,0,0,58,eth:ethertype:ip:tcp,31.7,94.9,52.2,160.0,-50.0,a0:a3:b3:ed:ac:1c,,,,,0.0,Normal,0.0
1744307604124613,10.42.0.139,10.42.0.1,50134,1883,1,1,0,1,0,0,0,0,0,0,0,0,0,0.0,0,,0,0,,0,0,0,0,0,0,0,0,0.0,0,0,0,0,0,64.0,5760.0,0,0,0,54,eth:ethertype:ip:tcp,31.7,94.9,52.2,160.0,-50.0,a0:a3:b3:ed:ac:1c,,,,,0.0,Normal,0.0
1744307604126933,10.42.0.139,10.42.0.1,50134,1883,1,1,0,1,0,0,1,0,3,0,0,0,0,0.0,0,,0,0,,0,0,0,0,0,0,0,0,0.0,0,0,0,0,0,64.0,5760.0,0,0,0,57,eth:ethertype:ip:tcp,31.7,94.9,52.2,160.0,-50.0,a0:a3:b3:ed:ac:1c,,,,,0.0,Normal,0.0
1744307604130378,10.42.0.139,10.42.0.1,50134,1883,4,1,0,1,0,0,1,0,29,0,0,0,0,0.0,0,,0,0,,0,0,0,0,0,0,0,0,0.0,0,0,0,0,0,64.0,5760.0,0,0,0,83,eth:ethertype:ip:tcp,31.7,94.9,52.2,160.0,-50.0,a0:a3:b3:ed:ac:1c,,,,,0.0,Normal,0.0
1744307604133375,10.42.0.139,10.42.0.1,50134,1883,33,1,0,1,0,0,1,0,12,0,0,0,0,0.0,0,,0,1,,0,0,0,1,42,4,MQTT,4,0.0,0,0,0,0,0,64.0,5760.0,0,0,esp32_a0a3b3edac1c,66,eth:ethertype:ip:tcp:mqtt,31.7,94.9,52.2,160.0,-50.0,a0:a3:b3:ed:ac:1c,,,,,0.0,Normal,0.0
1744307604172545,10.42.0.139,10.42.0.1,50134,1883,45,5,0,1,0,0,1,0,3,0,0,0,0,0.0,0,,0,0,,0,0,0,0,0,0,0,0,0.0,0,0,0,0,0,64.0,5756.0,0,0,0,57,eth:ethertype:ip:tcp,31.7,94.9,52.2,160.0,-50.0,a0:a3:b3:ed:ac:1c,,,,,0.0,Normal,0.0
1744307604181529,10.42.0.139,10.42.0.1,50134,1883,48,5,0,1,1,0,1,0,185,0,0,0,0,0.0,0,,0,3,"Wakeup: 0, Mode: 0, Reset: 1, Temperature: 40.6, Uptime: 631878, Memory: 94.9, In_Temperature: 52.2°C, CPU: 160, RSSI: -50, MAC: a0:a3:b3:ed:ac:1c, F_Storage: 99.2",test/temperatura,16,0,0,182,0,0,0,0.0,0,0,0,0,0,64.0,5756.0,0,0,0,239,eth:ethertype:ip:tcp:mqtt,40.6,94.9,52.2,160.0,-50.0,a0:a3:b3:ed:ac:1c,,,,,0.0,Normal,0.0
1744307604185174,10.42.0.139,10.42.0.1,50134,1883,234,6,0,1,0,0,0,0,0,0,0,0,0,0.0,0,,0,0,,0,0,0,0,0,0,0,0,0.0,0,0,0,0,0,64.0,5755.0,0,0,0,54,eth:ethertype:ip:tcp,40.6,94.9,52.2,160.0,-50.0,a0:a3:b3:ed:ac:1c,,,,,0.0,Normal,0.0
1744307634190624,10.42.0.139,10.42.0.1,50135,1883,0,0,1,0,0,0,0,0,0,0,0,0,0,0.0,0,,0,0,,0,0,0,0,0,0,0,0,0.0,0,0,0,0,0,64.0,5760.0,0,0,0,58,eth:ethertype:ip:tcp,40.6,94.9,52.2,160.0,-50.0,a0:a3:b3:ed:ac:1c,,,,,0.0,Normal,0.0
1744307634196237,10.42.0.139,10.42.0.1,50135,1883,1,1,0,1,0,0,0,0,0,0,0,0,0,0.0,0,,0,0,,0,0,0,0,0,0,0,0,0.0,0,0,0,0,0,64.0,5760.0,0,0,0,54,eth:ethertype:ip:tcp,40.6,94.9,52.2,160.0,-50.0,a0:a3:b3:ed:ac:1c,,,,,0.0,Normal,0.0
1744307634196940,10.42.0.139,10.42.0.1,50135,1883,1,1,0,1,0,0,1,0,3,0,0,0,0,0.0,0,,0,0,,0,0,0,0,0,0,0,0,0.0,0,0,0,0,0,64.0,5760.0,0,0,0,57,eth:ethertype:ip:tcp,40.6,94.9,52.2,160.0,-50.0,a0:a3:b3:ed:ac:1c,,,,,0.0,Normal,0.0
1744307634200240,10.42.0.139,10.42.0.1,50135,1883,4,1,0,1,0,0,1,0,31,0,0,0,0,0.0,0,,0,0,,0,0,0,0,0,0,0,0,0.0,0,0,0,0,0,64.0,5760.0,0,0,0,85,eth:ethertype:ip:tcp,40.6,94.9,52.2,160.0,-50.0,a0:a3:b3:ed:ac:1c,,,,,0.0,Normal,0.0
1744307634203102,10.42.0.139,10.42.0.1,50135,1883,35,1,0,1,0,0,1,0,10,0,0,0,0,0.0,0,,0,1,,0,0,0,1,42,4,MQTT,4,0.0,0,0,0,0,0,64.0,5760.0,0,0,esp32_a0a3b3edac1c,64,eth:ethertype:ip:tcp:mqtt,40.6,94.9,52.2,160.0,-50.0,a0:a3:b3:ed:ac:1c,,,,,0.0,Normal,0.0
1744307634238807,10.42.0.139,10.42.0.1,50135,1883,45,5,0,1,0,0,1,0,3,0,0,0,0,0.0,0,,0,0,,0,0,0,0,0,0,0,0,0.0,0,0,0,0,0,64.0,5756.0,0,0,0,57,eth:ethertype:ip:tcp,40.6,94.9,52.2,160.0,-50.0,a0:a3:b3:ed:ac:1c,,,,,0.0,Normal,0.0
1744307634251026,10.42.0.139,10.42.0.1,50135,1883,48,5,0,1,1,0,1,0,185,0,0,0,0,0.0,0,,0,3,"Wakeup: 0, Mode: 0, Reset: 1, Temperature: 35.8, Uptime: 631908, Memory: 94.9, In_Temperature: 52.2°C, CPU: 160, RSSI: -50, MAC: a0:a3:b3:ed:ac:1c, F_Storage: 99.2",test/temperatura,16,0,0,182,0,0,0,0.0,0,0,0,0,0,64.0,5756.0,0,0,0,239,eth:ethertype:ip:tcp:mqtt,35.8,94.9,52.2,160.0,-50.0,a0:a3:b3:ed:ac:1c,,,,,0.0,Normal,0.0
1744307634254294,10.42.0.139,10.42.0.1,50135,1883,234,6,0,1,0,0,0,0,0,0,0,0,0,0.0,0,,0,0,,0,0,0,0,0,0,0,0,0.0,0,0,0,0,0,64.0,5755.0,0,0,0,54,eth:ethertype:ip:tcp,35.8,94.9,52.2,160.0,-50.0,a0:a3:b3:ed:ac:1c,,,,,0.0,Normal,0.0
1744307664259899,10.42.0.139,10.42.0.1,50136,1883,0,0,1,0,0,0,0,0,0,0,0,0,0,0.0,0,,0,0,,0,0,0,0,0,0,0,0,0.0,0,0,0,0,0,64.0,5760.0,0,0,0,58,eth:ethertype:ip:tcp,35.8,94.9,52.2,160.0,-50.0,a0:a3:b3:ed:ac:1c,,,,,0.0,Normal,0.0
1744307664263839,10.42.0.139,10.42.0.1,50136,1883,1,1,0,1,0,0,0,0,0,0,0,0,0,0.0,0,,0,0,,0,0,0,0,0,0,0,0,0.0,0,0,0,0,0,64.0,5760.0,0,0,0,54,eth:ethertype:ip:tcp,35.8,94.9,52.2,160.0,-50.0,a0:a3:b3:ed:ac:1c,,,,,0.0,Normal,0.0
1744307664266274,10.42.0.139,10.42.0.1,50136,1883,1,1,0,1,0,0,1,0,3,0,0,0,0,0.0,0,,0,0,,0,0,0,0,0,0,0,0,0.0,0,0,0,0,0,64.0,5760.0,0,0,0,57,eth:ethertype:ip:tcp,35.8,94.9,52.2,160.0,-50.0,a0:a3:b3:ed:ac:1c,,,,,0.0,Normal,0.0
1744307664271867,10.42.0.139,10.42.0.1,50136,1883,4,1,0,1,0,0,1,0,41,0,0,0,0,0.0,0,,0,1,,0,0,0,1,42,4,MQTT,4,0.0,0,0,0,0,0,64.0,5760.0,0,0,esp32_a0a3b3edac1c,95,eth:ethertype:ip:tcp:mqtt,35.8,94.9,52.2,160.0,-50.0,a0:a3:b3:ed:ac:1c,,,,,0.0,Normal,0.0
1744307664279874,10.42.0.139,10.42.0.1,50136,1883,45,5,0,1,0,0,0,0,0,0,0,0,0,0.0,0,,0,0,,0,0,0,0,0,0,0,0,0.0,0,0,0,0,0,64.0,5756.0,0,0,0,54,eth:ethertype:ip:tcp,35.8,94.9,52.2,160.0,-50.0,a0:a3:b3:ed:ac:1c,,,,,0.0,Normal,0.0
1744307664307131,10.42.0.139,10.42.0.1,50136,1883,45,5,0,1,0,0,1,0,3,0,0,0,0,0.0,0,,0,0,,0,0,0,0,0,0,0,0,0.0,0,0,0,0,0,64.0,5756.0,0,0,0,57,eth:ethertype:ip:tcp,35.8,94.9,52.2,160.0,-50.0,a0:a3:b3:ed:ac:1c,,,,,0.0,Normal,0.0
1744307664320195,10.42.0.139,10.42.0.1,50136,1883,48,5,0,1,1,0,1,0,185,0,0,0,0,0.0,0,,0,3,"Wakeup: 0, Mode: 0, Reset: 1, Temperature: 33.4, Uptime: 631938, Memory: 94.9, In_Temperature: 52.2°C, CPU: 160, RSSI: -49, MAC: a0:a3:b3:ed:ac:1c, F_Storage: 99.2",test/temperatura,16,0,0,182,0,0,0,0.0,0,0,0,0,0,64.0,5756.0,0,0,0,239,eth:ethertype:ip:tcp:mqtt,33.4,94.9,52.2,160.0,-49.0,a0:a3:b3:ed:ac:1c,,,,,0.0,Normal,0.0
1744307664323726,10.42.0.139,10.42.0.1,50136,1883,234,6,0,1,0,0,0,0,0,0,0,0,0,0.0,0,,0,0,,0,0,0,0,0,0,0,0,0.0,0,0,0,0,0,64.0,5755.0,0,0,0,54,eth:ethertype:ip:tcp,33.4,94.9,52.2,160.0,-49.0,a0:a3:b3:ed:ac:1c,,,,,0.0,Normal,0.0
1744307694331575,10.42.0.139,10.42.0.1,50137,1883,0,0,1,0,0,0,0,0,0,0,0,0,0,0.0,0,,0,0,,0,0,0,0,0,0,0,0,0.0,0,0,0,0,0,64.0,5760.0,0,0,0,58,eth:ethertype:ip:tcp,33.4,94.9,52.2,160.0,-49.0,a0:a3:b3:ed:ac:1c,,,,,0.0,Normal,0.0
1744307694335660,10.42.0.139,10.42.0.1,50137,1883,1,1,0,1,0,0,0,0,0,0,0,0,0,0.0,0,,0,0,,0,0,0,0,0,0,0,0,0.0,0,0,0,0,0,64.0,5760.0,0,0,0,54,eth:ethertype:ip:tcp,33.4,94.9,52.2,160.0,-49.0,a0:a3:b3:ed:ac:1c,,,,,0.0,Normal,0.0
1744307694337623,10.42.0.139,10.42.0.1,50137,1883,1,1,0,1,0,0,1,0,3,0,0,0,0,0.0,0,,0,0,,0,0,0,0,0,0,0,0,0.0,0,0,0,0,0,64.0,5760.0,0,0,0,57,eth:ethertype:ip:tcp,33.4,94.9,52.2,160.0,-49.0,a0:a3:b3:ed:ac:1c,,,,,0.0,Normal,0.0
1744307694341151,10.42.0.139,10.42.0.1,50137,1883,4,1,0,1,0,0,1,0,29,0,0,0,0,0.0,0,,0,0,,0,0,0,0,0,0,0,0,0.0,0,0,0,0,0,64.0,5760.0,0,0,0,83,eth:ethertype:ip:tcp,33.4,94.9,52.2,160.0,-49.0,a0:a3:b3:ed:ac:1c,,,,,0.0,Normal,0.0
1744307694344208,10.42.0.139,10.42.0.1,50137,1883,33,1,0,1,0,0,1,0,12,0,0,0,0,0.0,0,,0,1,,0,0,0,1,42,4,MQTT,4,0.0,0,0,0,0,0,64.0,5760.0,0,0,esp32_a0a3b3edac1c,66,eth:ethertype:ip:tcp:mqtt,33.4,94.9,52.2,160.0,-49.0,a0:a3:b3:ed:ac:1c,,,,,0.0,Normal,0.0
1744307694380877,10.42.0.139,10.42.0.1,50137,1883,45,5,0,1,0,0,1,0,3,0,0,0,0,0.0,0,,0,0,,0,0,0,0,0,0,0,0,0.0,0,0,0,0,0,64.0,5756.0,0,0,0,57,eth:ethertype:ip:tcp,33.4,94.9,52.2,160.0,-49.0,a0:a3:b3:ed:ac:1c,,,,,0.0,Normal,0.0
1744307694392038,10.42.0.139,10.42.0.1,50137,1883,48,5,0,1,1,0,1,0,185,0,0,0,0,0.0,0,,0,3,"Wakeup: 0, Mode: 0, Reset: 1, Temperature: 34.4, Uptime: 631968, Memory: 94.9, In_Temperature: 52.2°C, CPU: 160, RSSI: -51, MAC: a0:a3:b3:ed:ac:1c, F_Storage: 99.2",test/temperatura,16,0,0,182,0,0,0,0.0,0,0,0,0,0,64.0,5756.0,0,0,0,239,eth:ethertype:ip:tcp:mqtt,34.4,94.9,52.2,160.0,-51.0,a0:a3:b3:ed:ac:1c,,,,,0.0,Normal,0.0
1744307694395484,10.42.0.139,10.42.0.1,50137,1883,234,6,0,1,0,0,0,0,0,0,0,0,0,0.0,0,,0,0,,0,0,0,0,0,0,0,0,0.0,0,0,0,0,0,64.0,5755.0,0,0,0,54,eth:ethertype:ip:tcp,34.4,94.9,52.2,160.0,-51.0,a0:a3:b3:ed:ac:1c,,,,,0.0,Normal,0.0
1744307724406931,10.42.0.139,10.42.0.1,50138,1883,0,0,1,0,0,0,0,0,0,0,0,0,0,0.0,0,,0,0,,0,0,0,0,0,0,0,0,0.0,0,0,0,0,0,64.0,5760.0,0,0,0,58,eth:ethertype:ip:tcp,34.4,94.9,52.2,160.0,-51.0,a0:a3:b3:ed:ac:1c,,,,,0.0,Normal,0.0
1744307724411021,10.42.0.139,10.42.0.1,50138,1883,1,1,0,1,0,0,0,0,0,0,0,0,0,0.0,0,,0,0,,0,0,0,0,0,0,0,0,0.0,0,0,0,0,0,64.0,5760.0,0,0,0,54,eth:ethertype:ip:tcp,34.4,94.9,52.2,160.0,-51.0,a0:a3:b3:ed:ac:1c,,,,,0.0,Normal,0.0
1744307724413171,10.42.0.139,10.42.0.1,50138,1883,1,1,0,1,0,0,1,0,3,0,0,0,0,0.0,0,,0,0,,0,0,0,0,0,0,0,0,0.0,0,0,0,0,0,64.0,5760.0,0,0,0,57,eth:ethertype:ip:tcp,34.4,94.9,52.2,160.0,-51.0,a0:a3:b3:ed:ac:1c,,,,,0.0,Normal,0.0
1744307724416568,10.42.0.139,10.42.0.1,50138,1883,4,1,0,1,0,0,1,0,29,0,0,0,0,0.0,0,,0,0,,0,0,0,0,0,0,0,0,0.0,0,0,0,0,0,64.0,5760.0,0,0,0,83,eth:ethertype:ip:tcp,34.4,94.9,52.2,160.0,-51.0,a0:a3:b3:ed:ac:1c,,,,,0.0,Normal,0.0
1744307724419701,10.42.0.139,10.42.0.1,50138,1883,33,1,0,1,0,0,1,0,12,0,0,0,0,0.0,0,,0,1,,0,0,0,1,42,4,MQTT,4,0.0,0,0,0,0,0,64.0,5760.0,0,0,esp32_a0a3b3edac1c,66,eth:ethertype:ip:tcp:mqtt,34.4,94.9,52.2,160.0,-51.0,a0:a3:b3:ed:ac:1c,,,,,0.0,Normal,0.0
1744307724455101,10.42.0.139,10.42.0.1,50138,1883,45,5,0,1,0,0,1,0,3,0,0,0,0,0.0,0,,0,0,,0,0,0,0,0,0,0,0,0.0,0,0,0,0,0,64.0,5756.0,0,0,0,57,eth:ethertype:ip:tcp,34.4,94.9,52.2,160.0,-51.0,a0:a3:b3:ed:ac:1c,,,,,0.0,Normal,0.0
1744307724468877,10.42.0.139,10.42.0.1,50138,1883,48,5,0,1,1,0,1,0,185,0,0,0,0,0.0,0,,0,3,"Wakeup: 0, Mode: 0, Reset: 1, Temperature: 39.3, Uptime: 631998, Memory: 94.9, In_Temperature: 52.2°C, CPU: 160, RSSI: -51, MAC: a0:a3:b3:ed:ac:1c, F_Storage: 99.2",test/temperatura,16,0,0,182,0,0,0,0.0,0,0,0,0,0,64.0,5756.0,0,0,0,239,eth:ethertype:ip:tcp:mqtt,39.3,94.9,52.2,160.0,-51.0,a0:a3:b3:ed:ac:1c,,,,,0.0,Normal,0.0
1744307724472206,10.42.0.139,10.42.0.1,50138,1883,234,6,0,1,0,0,0,0,0,0,0,0,0,0.0,0,,0,0,,0,0,0,0,0,0,0,0,0.0,0,0,0,0,0,64.0,5755.0,0,0,0,54,eth:ethertype:ip:tcp,39.3,94.9,52.2,160.0,-51.0,a0:a3:b3:ed:ac:1c,,,,,0.0,Normal,0.0
1744307754477080,10.42.0.139,10.42.0.1,50139,1883,0,0,1,0,0,0,0,0,0,0,0,0,0,0.0,0,,0,0,,0,0,0,0,0,0,0,0,0.0,0,0,0,0,0,64.0,5760.0,0,0,0,58,eth:ethertype:ip:tcp,39.3,94.9,52.2,160.0,-51.0,a0:a3:b3:ed:ac:1c,,,,,0.0,Normal,0.0
1744307754485387,10.42.0.139,10.42.0.1,50139,1883,1,1,0,1,0,0,0,0,0,0,0,0,0,0.0,0,,0,0,,0,0,0,0,0,0,0,0,0.0,0,0,0,0,0,64.0,5760.0,0,0,0,54,eth:ethertype:ip:tcp,39.3,94.9,52.2,160.0,-51.0,a0:a3:b3:ed:ac:1c,,,,,0.0,Normal,0.0
1744307754487739,10.42.0.139,10.42.0.1,50139,1883,1,1,0,1,0,0,1,0,3,0,0,0,0,0.0,0,,0,0,,0,0,0,0,0,0,0,0,0.0,0,0,0,0,0,64.0,5760.0,0,0,0,57,eth:ethertype:ip:tcp,39.3,94.9,52.2,160.0,-51.0,a0:a3:b3:ed:ac:1c,,,,,0.0,Normal,0.0
1744307754491324,10.42.0.139,10.42.0.1,50139,1883,4,1,0,1,0,0,1,0,29,0,0,0,0,0.0,0,,0,0,,0,0,0,0,0,0,0,0,0.0,0,0,0,0,0,64.0,5760.0,0,0,0,83,eth:ethertype:ip:tcp,39.3,94.9,52.2,160.0,-51.0,a0:a3:b3:ed:ac:1c,,,,,0.0,Normal,0.0
1744307754494388,10.42.0.139,10.42.0.1,50139,1883,33,1,0,1,0,0,1,0,12,0,0,0,0,0.0,0,,0,1,,0,0,0,1,42,4,MQTT,4,0.0,0,0,0,0,0,64.0,5760.0,0,0,esp32_a0a3b3edac1c,66,eth:ethertype:ip:tcp:mqtt,39.3,94.9,52.2,160.0,-51.0,a0:a3:b3:ed:ac:1c,,,,,0.0,Normal,0.0
1744307754528933,10.42.0.139,10.42.0.1,50139,1883,45,5,0,1,0,0,0,0,0,0,0,0,0,0.0,0,,0,0,,0,0,0,0,0,0,0,0,0.0,0,0,0,0,0,64.0,5756.0,0,0,0,54,eth:ethertype:ip:tcp,39.3,94.9,52.2,160.0,-51.0,a0:a3:b3:ed:ac:1c,,,,,0.0,Normal,0.0
1744307754530548,10.42.0.139,10.42.0.1,50139,1883,45,5,0,1,0,0,1,0,3,0,0,0,0,0.0,0,,0,0,,0,0,0,0,0,0,0,0,0.0,0,0,0,0,0,64.0,5756.0,0,0,0,57,eth:ethertype:ip:tcp,39.3,94.9,52.2,160.0,-51.0,a0:a3:b3:ed:ac:1c,,,,,0.0,Normal,0.0
1744307754548329,10.42.0.139,10.42.0.1,50139,1883,48,5,0,1,1,0,1,0,185,0,0,0,0,0.0,0,,0,3,"Wakeup: 0, Mode: 0, Reset: 1, Temperature: 27.0, Uptime: 632028, Memory: 94.9, In_Temperature: 52.2°C, CPU: 160, RSSI: -50, MAC: a0:a3:b3:ed:ac:1c, F_Storage: 99.2",test/temperatura,16,0,0,182,0,0,0,0.0,0,0,0,0,0,64.0,5756.0,0,0,0,239,eth:ethertype:ip:tcp:mqtt,27.0,94.9,52.2,160.0,-50.0,a0:a3:b3:ed:ac:1c,,,,,0.0,Normal,0.0
1744307754551864,10.42.0.139,10.42.0.1,50139,1883,234,6,0,1,0,0,0,0,0,0,0,0,0,0.0,0,,0,0,,0,0,0,0,0,0,0,0,0.0,0,0,0,0,0,64.0,5755.0,0,0,0,54,eth:ethertype:ip:tcp,27.0,94.9,52.2,160.0,-50.0,a0:a3:b3:ed:ac:1c,,,,,0.0,Normal,0.0
1744307784556315,10.42.0.139,10.42.0.1,50140,1883,0,0,1,0,0,0,0,0,0,0,0,0,0,0.0,0,,0,0,,0,0,0,0,0,0,0,0,0.0,0,0,0,0,0,64.0,5760.0,0,0,0,58,eth:ethertype:ip:tcp,27.0,94.9,52.2,160.0,-50.0,a0:a3:b3:ed:ac:1c,,,,,0.0,Normal,0.0
1744307784559940,10.42.0.139,10.42.0.1,50140,1883,1,1,0,1,0,0,0,0,0,0,0,0,0,0.0,0,,0,0,,0,0,0,0,0,0,0,0,0.0,0,0,0,0,0,64.0,5760.0,0,0,0,54,eth:ethertype:ip:tcp,27.0,94.9,52.2,160.0,-50.0,a0:a3:b3:ed:ac:1c,,,,,0.0,Normal,0.0
1744307784562324,10.42.0.139,10.42.0.1,50140,1883,1,1,0,1,0,0,1,0,3,0,0,0,0,0.0,0,,0,0,,0,0,0,0,0,0,0,0,0.0,0,0,0,0,0,64.0,5760.0,0,0,0,57,eth:ethertype:ip:tcp,27.0,94.9,52.2,160.0,-50.0,a0:a3:b3:ed:ac:1c,,,,,0.0,Normal,0.0
1744307784565609,10.42.0.139,10.42.0.1,50140,1883,4,1,0,1,0,0,1,0,29,0,0,0,0,0.0,0,,0,0,,0,0,0,0,0,0,0,0,0.0,0,0,0,0,0,64.0,5760.0,0,0,0,83,eth:ethertype:ip:tcp,27.0,94.9,52.2,160.0,-50.0,a0:a3:b3:ed:ac:1c,,,,,0.0,Normal,0.0
1744307784568711,10.42.0.139,10.42.0.1,50140,1883,33,1,0,1,0,0,1,0,12,0,0,0,0,0.0,0,,0,1,,0,0,0,1,42,4,MQTT,4,0.0,0,0,0,0,0,64.0,5760.0,0,0,esp32_a0a3b3edac1c,66,eth:ethertype:ip:tcp:mqtt,27.0,94.9,52.2,160.0,-50.0,a0:a3:b3:ed:ac:1c,,,,,0.0,Normal,0.0
1744307784604501,10.42.0.139,10.42.0.1,50140,1883,45,5,0,1,0,0,1,0,3,0,0,0,0,0.0,0,,0,0,,0,0,0,0,0,0,0,0,0.0,0,0,0,0,0,64.0,5756.0,0,0,0,57,eth:ethertype:ip:tcp,27.0,94.9,52.2,160.0,-50.0,a0:a3:b3:ed:ac:1c,,,,,0.0,Normal,0.0
1744307784617524,10.42.0.139,10.42.0.1,50140,1883,48,5,0,1,1,0,1,0,185,0,0,0,0,0.0,0,,0,3,"Wakeup: 0, Mode: 0, Reset: 1, Temperature: 38.1, Uptime: 632059, Memory: 94.9, In_Temperature: 52.2°C, CPU: 160, RSSI: -51, MAC: a0:a3:b3:ed:ac:1c, F_Storage: 99.2",test/temperatura,16,0,0,182,0,0,0,0.0,0,0,0,0,0,64.0,5756.0,0,0,0,239,eth:ethertype:ip:tcp:mqtt,38.1,94.9,52.2,160.0,-51.0,a0:a3:b3:ed:ac:1c,,,,,0.0,Normal,0.0
1744307784621053,10.42.0.139,10.42.0.1,50140,1883,234,6,0,1,0,0,0,0,0,0,0,0,0,0.0,0,,0,0,,0,0,0,0,0,0,0,0,0.0,0,0,0,0,0,64.0,5755.0,0,0,0,54,eth:ethertype:ip:tcp,38.1,94.9,52.2,160.0,-51.0,a0:a3:b3:ed:ac:1c,,,,,0.0,Normal,0.0
1744307814626574,10.42.0.139,10.42.0.1,50141,1883,0,0,1,0,0,0,0,0,0,0,0,0,0,0.0,0,,0,0,,0,0,0,0,0,0,0,0,0.0,0,0,0,0,0,64.0,5760.0,0,0,0,58,eth:ethertype:ip:tcp,38.1,94.9,52.2,160.0,-51.0,a0:a3:b3:ed:ac:1c,,,,,0.0,Normal,0.0
1744307814631054,10.42.0.139,10.42.0.1,50141,1883,1,1,0,1,0,0,0,0,0,0,0,0,0,0.0,0,,0,0,,0,0,0,0,0,0,0,0,0.0,0,0,0,0,0,64.0,5760.0,0,0,0,54,eth:ethertype:ip:tcp,38.1,94.9,52.2,160.0,-51.0,a0:a3:b3:ed:ac:1c,,,,,0.0,Normal,0.0
1744307814632740,10.42.0.139,10.42.0.1,50141,1883,1,1,0,1,0,0,1,0,3,0,0,0,0,0.0,0,,0,0,,0,0,0,0,0,0,0,0,0.0,0,0,0,0,0,64.0,5760.0,0,0,0,57,eth:ethertype:ip:tcp,38.1,94.9,52.2,160.0,-51.0,a0:a3:b3:ed:ac:1c,,,,,0.0,Normal,0.0
1744307814636195,10.42.0.139,10.42.0.1,50141,1883,4,1,0,1,0,0,1,0,29,0,0,0,0,0.0,0,,0,0,,0,0,0,0,0,0,0,0,0.0,0,0,0,0,0,64.0,5760.0,0,0,0,83,eth:ethertype:ip:tcp,38.1,94.9,52.2,160.0,-51.0,a0:a3:b3:ed:ac:1c,,,,,0.0,Normal,0.0
1744307814639241,10.42.0.139,10.42.0.1,50141,1883,33,1,0,1,0,0,1,0,12,0,0,0,0,0.0,0,,0,1,,0,0,0,1,42,4,MQTT,4,0.0,0,0,0,0,0,64.0,5760.0,0,0,esp32_a0a3b3edac1c,66,eth:ethertype:ip:tcp:mqtt,38.1,94.9,52.2,160.0,-51.0,a0:a3:b3:ed:ac:1c,,,,,0.0,Normal,0.0
1744307814674904,10.42.0.139,10.42.0.1,50141,1883,45,5,0,1,0,0,1,0,3,0,0,0,0,0.0,0,,0,0,,0,0,0,0,0,0,0,0,0.0,0,0,0,0,0,64.0,5756.0,0,0,0,57,eth:ethertype:ip:tcp,38.1,94.9,52.2,160.0,-51.0,a0:a3:b3:ed:ac:1c,,,,,0.0,Normal,0.0
1744307814686954,10.42.0.139,10.42.0.1,50141,1883,48,5,0,1,1,0,1,0,185,0,0,0,0,0.0,0,,0,3,"Wakeup: 0, Mode: 0, Reset: 1, Temperature: 31.9, Uptime: 632089, Memory: 94.9, In_Temperature: 52.2°C, CPU: 160, RSSI: -50, MAC: a0:a3:b3:ed:ac:1c, F_Storage: 99.2",test/temperatura,16,0,0,182,0,0,0,0.0,0,0,0,0,0,64.0,5756.0,0,0,0,239,eth:ethertype:ip:tcp:mqtt,31.9,94.9,52.2,160.0,-50.0,a0:a3:b3:ed:ac:1c,,,,,0.0,Normal,0.0
1744307814692434,10.42.0.139,10.42.0.1,50141,1883,234,6,0,1,0,0,0,0,0,0,0,0,0,0.0,0,,0,0,,0,0,0,0,0,0,0,0,0.0,0,0,0,0,0,64.0,5755.0,0,0,0,54,eth:ethertype:ip:tcp,31.9,94.9,52.2,160.0,-50.0,a0:a3:b3:ed:ac:1c,,,,,0.0,Normal,0.0
1744307844695949,10.42.0.139,10.42.0.1,50142,1883,0,0,1,0,0,0,0,0,0,0,0,0,0,0.0,0,,0,0,,0,0,0,0,0,0,0,0,0.0,0,0,0,0,0,64.0,5760.0,0,0,0,58,eth:ethertype:ip:tcp,31.9,94.9,52.2,160.0,-50.0,a0:a3:b3:ed:ac:1c,,,,,0.0,Normal,0.0
1744307844699896,10.42.0.139,10.42.0.1,50142,1883,1,1,0,1,0,0,0,0,0,0,0,0,0,0.0,0,,0,0,,0,0,0,0,0,0,0,0,0.0,0,0,0,0,0,64.0,5760.0,0,0,0,54,eth:ethertype:ip:tcp,31.9,94.9,52.2,160.0,-50.0,a0:a3:b3:ed:ac:1c,,,,,0.0,Normal,0.0
1744307844702097,10.42.0.139,10.42.0.1,50142,1883,1,1,0,1,0,0,1,0,3,0,0,0,0,0.0,0,,0,0,,0,0,0,0,0,0,0,0,0.0,0,0,0,0,0,64.0,5760.0,0,0,0,57,eth:ethertype:ip:tcp,31.9,94.9,52.2,160.0,-50.0,a0:a3:b3:ed:ac:1c,,,,,0.0,Normal,0.0
1744307844705537,10.42.0.139,10.42.0.1,50142,1883,4,1,0,1,0,0,1,0,29,0,0,0,0,0.0,0,,0,0,,0,0,0,0,0,0,0,0,0.0,0,0,0,0,0,64.0,5760.0,0,0,0,83,eth:ethertype:ip:tcp,31.9,94.9,52.2,160.0,-50.0,a0:a3:b3:ed:ac:1c,,,,,0.0,Normal,0.0
1744307844708734,10.42.0.139,10.42.0.1,50142,1883,33,1,0,1,0,0,1,0,12,0,0,0,0,0.0,0,,0,1,,0,0,0,1,42,4,MQTT,4,0.0,0,0,0,0,0,64.0,5760.0,0,0,esp32_a0a3b3edac1c,66,eth:ethertype:ip:tcp:mqtt,31.9,94.9,52.2,160.0,-50.0,a0:a3:b3:ed:ac:1c,,,,,0.0,Normal,0.0
1744307844744086,10.42.0.139,10.42.0.1,50142,1883,45,5,0,1,0,0,1,0,3,0,0,0,0,0.0,0,,0,0,,0,0,0,0,0,0,0,0,0.0,0,0,0,0,0,64.0,5756.0,0,0,0,57,eth:ethertype:ip:tcp,31.9,94.9,52.2,160.0,-50.0,a0:a3:b3:ed:ac:1c,,,,,0.0,Normal,0.0
1744307844756828,10.42.0.139,10.42.0.1,50142,1883,48,5,0,1,1,0,1,0,185,0,0,0,0,0.0,0,,0,3,"Wakeup: 0, Mode: 0, Reset: 1, Temperature: 34.6, Uptime: 632119, Memory: 94.9, In_Temperature: 52.2°C, CPU: 160, RSSI: -50, MAC: a0:a3:b3:ed:ac:1c, F_Storage: 99.2",test/temperatura,16,0,0,182,0,0,0,0.0,0,0,0,0,0,64.0,5756.0,0,0,0,239,eth:ethertype:ip:tcp:mqtt,34.6,94.9,52.2,160.0,-50.0,a0:a3:b3:ed:ac:1c,,,,,0.0,Normal,0.0
1744307844760411,10.42.0.139,10.42.0.1,50142,1883,234,6,0,1,0,0,0,0,0,0,0,0,0,0.0,0,,0,0,,0,0,0,0,0,0,0,0,0.0,0,0,0,0,0,64.0,5755.0,0,0,0,54,eth:ethertype:ip:tcp,34.6,94.9,52.2,160.0,-50.0,a0:a3:b3:ed:ac:1c,,,,,0.0,Normal,0.0
1744307874765459,10.42.0.139,10.42.0.1,50143,1883,0,0,1,0,0,0,0,0,0,0,0,0,0,0.0,0,,0,0,,0,0,0,0,0,0,0,0,0.0,0,0,0,0,0,64.0,5760.0,0,0,0,58,eth:ethertype:ip:tcp,34.6,94.9,52.2,160.0,-50.0,a0:a3:b3:ed:ac:1c,,,,,0.0,Normal,0.0
1744307874769444,10.42.0.139,10.42.0.1,50143,1883,1,1,0,1,0,0,0,0,0,0,0,0,0,0.0,0,,0,0,,0,0,0,0,0,0,0,0,0.0,0,0,0,0,0,64.0,5760.0,0,0,0,54,eth:ethertype:ip:tcp,34.6,94.9,52.2,160.0,-50.0,a0:a3:b3:ed:ac:1c,,,,,0.0,Normal,0.0
1744307874771517,10.42.0.139,10.42.0.1,50143,1883,1,1,0,1,0,0,1,0,3,0,0,0,0,0.0,0,,0,0,,0,0,0,0,0,0,0,0,0.0,0,0,0,0,0,64.0,5760.0,0,0,0,57,eth:ethertype:ip:tcp,34.6,94.9,52.2,160.0,-50.0,a0:a3:b3:ed:ac:1c,,,,,0.0,Normal,0.0
1744307874774942,10.42.0.139,10.42.0.1,50143,1883,4,1,0,1,0,0,1,0,29,0,0,0,0,0.0,0,,0,0,,0,0,0,0,0,0,0,0,0.0,0,0,0,0,0,64.0,5760.0,0,0,0,83,eth:ethertype:ip:tcp,34.6,94.9,52.2,160.0,-50.0,a0:a3:b3:ed:ac:1c,,,,,0.0,Normal,0.0
1744307874778326,10.42.0.139,10.42.0.1,50143,1883,33,1,0,1,0,0,1,0,6,0,0,0,0,0.0,0,,0,0,,0,0,0,0,0,0,0,0,0.0,0,0,0,0,0,64.0,5760.0,0,0,0,60,eth:ethertype:ip:tcp,34.6,94.9,52.2,160.0,-50.0,a0:a3:b3:ed:ac:1c,,,,,0.0,Normal,0.0
1744307874781461,10.42.0.139,10.42.0.1,50143,1883,39,1,0,1,0,0,1,0,6,0,0,0,0,0.0,0,,0,1,,0,0,0,1,42,4,MQTT,4,0.0,0,0,0,0,0,64.0,5760.0,0,0,esp32_a0a3b3edac1c,60,eth:ethertype:ip:tcp:mqtt,34.6,94.9,52.2,160.0,-50.0,a0:a3:b3:ed:ac:1c,,,,,0.0,Normal,0.0
1744307874817578,10.42.0.139,10.42.0.1,50143,1883,45,5,0,1,0,0,1,0,3,0,0,0,0,0.0,0,,0,0,,0,0,0,0,0,0,0,0,0.0,0,0,0,0,0,64.0,5756.0,0,0,0,57,eth:ethertype:ip:tcp,34.6,94.9,52.2,160.0,-50.0,a0:a3:b3:ed:ac:1c,,,,,0.0,Normal,0.0
1744307874835689,10.42.0.139,10.42.0.1,50143,1883,48,5,0,1,1,0,1,0,185,0,0,0,0,0.0,0,,0,3,"Wakeup: 0, Mode: 0, Reset: 1, Temperature: 34.8, Uptime: 632149, Memory: 94.9, In_Temperature: 52.2°C, CPU: 160, RSSI: -51, MAC: a0:a3:b3:ed:ac:1c, F_Storage: 99.2",test/temperatura,16,0,0,182,0,0,0,0.0,0,0,0,0,0,64.0,5756.0,0,0,0,239,eth:ethertype:ip:tcp:mqtt,34.8,94.9,52.2,160.0,-51.0,a0:a3:b3:ed:ac:1c,,,,,0.0,Normal,0.0
1744307874839187,10.42.0.139,10.42.0.1,50143,1883,234,6,0,1,0,0,0,0,0,0,0,0,0,0.0,0,,0,0,,0,0,0,0,0,0,0,0,0.0,0,0,0,0,0,64.0,5755.0,0,0,0,54,eth:ethertype:ip:tcp,34.8,94.9,52.2,160.0,-51.0,a0:a3:b3:ed:ac:1c,,,,,0.0,Normal,0.0
1744307885776673,10.42.0.139,10.42.0.1,0,0,0,0,0,0,0,0,0,0,0,0,0,0,0,0.0,0,,0,0,,0,0,0,0,0,0,0,0,0.0,0,0,0,0,0,64.0,0.0,0,0,0,350,eth:ethertype:ip:udp:dhcp,34.8,94.9,52.2,160.0,-51.0,a0:a3:b3:ed:ac:1c,,,,,0.0,Normal,0.0
1744307904844789,10.42.0.139,10.42.0.1,50144,1883,0,0,1,0,0,0,0,0,0,0,0,0,0,0.0,0,,0,0,,0,0,0,0,0,0,0,0,0.0,0,0,0,0,0,64.0,5760.0,0,0,0,58,eth:ethertype:ip:tcp,34.8,94.9,52.2,160.0,-51.0,a0:a3:b3:ed:ac:1c,,,,,0.0,Normal,0.0
1744307904848745,10.42.0.139,10.42.0.1,50144,1883,1,1,0,1,0,0,0,0,0,0,0,0,0,0.0,0,,0,0,,0,0,0,0,0,0,0,0,0.0,0,0,0,0,0,64.0,5760.0,0,0,0,54,eth:ethertype:ip:tcp,34.8,94.9,52.2,160.0,-51.0,a0:a3:b3:ed:ac:1c,,,,,0.0,Normal,0.0
1744307904851017,10.42.0.139,10.42.0.1,50144,1883,1,1,0,1,0,0,1,0,3,0,0,0,0,0.0,0,,0,0,,0,0,0,0,0,0,0,0,0.0,0,0,0,0,0,64.0,5760.0,0,0,0,57,eth:ethertype:ip:tcp,34.8,94.9,52.2,160.0,-51.0,a0:a3:b3:ed:ac:1c,,,,,0.0,Normal,0.0
1744307904854434,10.42.0.139,10.42.0.1,50144,1883,4,1,0,1,0,0,1,0,29,0,0,0,0,0.0,0,,0,0,,0,0,0,0,0,0,0,0,0.0,0,0,0,0,0,64.0,5760.0,0,0,0,83,eth:ethertype:ip:tcp,34.8,94.9,52.2,160.0,-51.0,a0:a3:b3:ed:ac:1c,,,,,0.0,Normal,0.0
1744307904857660,10.42.0.139,10.42.0.1,50144,1883,33,1,0,1,0,0,1,0,12,0,0,0,0,0.0,0,,0,1,,0,0,0,1,42,4,MQTT,4,0.0,0,0,0,0,0,64.0,5760.0,0,0,esp32_a0a3b3edac1c,66,eth:ethertype:ip:tcp:mqtt,34.8,94.9,52.2,160.0,-51.0,a0:a3:b3:ed:ac:1c,,,,,0.0,Normal,0.0
1744307904893019,10.42.0.139,10.42.0.1,50144,1883,45,5,0,1,0,0,1,0,3,0,0,0,0,0.0,0,,0,0,,0,0,0,0,0,0,0,0,0.0,0,0,0,0,0,64.0,5756.0,0,0,0,57,eth:ethertype:ip:tcp,34.8,94.9,52.2,160.0,-51.0,a0:a3:b3:ed:ac:1c,,,,,0.0,Normal,0.0
1744307904906830,10.42.0.139,10.42.0.1,50144,1883,48,5,0,1,1,0,1,0,185,0,0,0,0,0.0,0,,0,3,"Wakeup: 0, Mode: 0, Reset: 1, Temperature: 25.2, Uptime: 632179, Memory: 94.9, In_Temperature: 52.2°C, CPU: 160, RSSI: -51, MAC: a0:a3:b3:ed:ac:1c, F_Storage: 99.2",test/temperatura,16,0,0,182,0,0,0,0.0,0,0,0,0,0,64.0,5756.0,0,0,0,239,eth:ethertype:ip:tcp:mqtt,25.2,94.9,52.2,160.0,-51.0,a0:a3:b3:ed:ac:1c,,,,,0.0,Normal,0.0
1744307904911635,10.42.0.139,10.42.0.1,50144,1883,234,6,0,1,0,0,0,0,0,0,0,0,0,0.0,0,,0,0,,0,0,0,0,0,0,0,0,0.0,0,0,0,0,0,64.0,5755.0,0,0,0,54,eth:ethertype:ip:tcp,25.2,94.9,52.2,160.0,-51.0,a0:a3:b3:ed:ac:1c,,,,,0.0,Normal,0.0
1744307934914795,10.42.0.139,10.42.0.1,50145,1883,0,0,1,0,0,0,0,0,0,0,0,0,0,0.0,0,,0,0,,0,0,0,0,0,0,0,0,0.0,0,0,0,0,0,64.0,5760.0,0,0,0,58,eth:ethertype:ip:tcp,25.2,94.9,52.2,160.0,-51.0,a0:a3:b3:ed:ac:1c,,,,,0.0,Normal,0.0
1744307934918671,10.42.0.139,10.42.0.1,50145,1883,1,1,0,1,0,0,0,0,0,0,0,0,0,0.0,0,,0,0,,0,0,0,0,0,0,0,0,0.0,0,0,0,0,0,64.0,5760.0,0,0,0,54,eth:ethertype:ip:tcp,25.2,94.9,52.2,160.0,-51.0,a0:a3:b3:ed:ac:1c,,,,,0.0,Normal,0.0
1744307934920766,10.42.0.139,10.42.0.1,50145,1883,1,1,0,1,0,0,1,0,3,0,0,0,0,0.0,0,,0,0,,0,0,0,0,0,0,0,0,0.0,0,0,0,0,0,64.0,5760.0,0,0,0,57,eth:ethertype:ip:tcp,25.2,94.9,52.2,160.0,-51.0,a0:a3:b3:ed:ac:1c,,,,,0.0,Normal,0.0
1744307934924268,10.42.0.139,10.42.0.1,50145,1883,4,1,0,1,0,0,1,0,29,0,0,0,0,0.0,0,,0,0,,0,0,0,0,0,0,0,0,0.0,0,0,0,0,0,64.0,5760.0,0,0,0,83,eth:ethertype:ip:tcp,25.2,94.9,52.2,160.0,-51.0,a0:a3:b3:ed:ac:1c,,,,,0.0,Normal,0.0
1744307934927520,10.42.0.139,10.42.0.1,50145,1883,33,1,0,1,0,0,1,0,12,0,0,0,0,0.0,0,,0,1,,0,0,0,1,42,4,MQTT,4,0.0,0,0,0,0,0,64.0,5760.0,0,0,esp32_a0a3b3edac1c,66,eth:ethertype:ip:tcp:mqtt,25.2,94.9,52.2,160.0,-51.0,a0:a3:b3:ed:ac:1c,,,,,0.0,Normal,0.0
1744307934962771,10.42.0.139,10.42.0.1,50145,1883,45,5,0,1,0,0,1,0,3,0,0,0,0,0.0,0,,0,0,,0,0,0,0,0,0,0,0,0.0,0,0,0,0,0,64.0,5756.0,0,0,0,57,eth:ethertype:ip:tcp,25.2,94.9,52.2,160.0,-51.0,a0:a3:b3:ed:ac:1c,,,,,0.0,Normal,0.0
1744307934974349,10.42.0.139,10.42.0.1,50145,1883,48,5,0,1,1,0,1,0,185,0,0,0,0,0.0,0,,0,3,"Wakeup: 0, Mode: 0, Reset: 1, Temperature: 31.4, Uptime: 632209, Memory: 94.9, In_Temperature: 52.2°C, CPU: 160, RSSI: -51, MAC: a0:a3:b3:ed:ac:1c, F_Storage: 99.2",test/temperatura,16,0,0,182,0,0,0,0.0,0,0,0,0,0,64.0,5756.0,0,0,0,239,eth:ethertype:ip:tcp:mqtt,31.4,94.9,52.2,160.0,-51.0,a0:a3:b3:ed:ac:1c,,,,,0.0,Normal,0.0
1744307934977738,10.42.0.139,10.42.0.1,50145,1883,234,6,0,1,0,0,0,0,0,0,0,0,0,0.0,0,,0,0,,0,0,0,0,0,0,0,0,0.0,0,0,0,0,0,64.0,5755.0,0,0,0,54,eth:ethertype:ip:tcp,31.4,94.9,52.2,160.0,-51.0,a0:a3:b3:ed:ac:1c,,,,,0.0,Normal,0.0
1744307964982368,10.42.0.139,10.42.0.1,50146,1883,0,0,1,0,0,0,0,0,0,0,0,0,0,0.0,0,,0,0,,0,0,0,0,0,0,0,0,0.0,0,0,0,0,0,64.0,5760.0,0,0,0,58,eth:ethertype:ip:tcp,31.4,94.9,52.2,160.0,-51.0,a0:a3:b3:ed:ac:1c,,,,,0.0,Normal,0.0
1744307964985958,10.42.0.139,10.42.0.1,50146,1883,1,1,0,1,0,0,0,0,0,0,0,0,0,0.0,0,,0,0,,0,0,0,0,0,0,0,0,0.0,0,0,0,0,0,64.0,5760.0,0,0,0,54,eth:ethertype:ip:tcp,31.4,94.9,52.2,160.0,-51.0,a0:a3:b3:ed:ac:1c,,,,,0.0,Normal,0.0
1744307964988355,10.42.0.139,10.42.0.1,50146,1883,1,1,0,1,0,0,1,0,3,0,0,0,0,0.0,0,,0,0,,0,0,0,0,0,0,0,0,0.0,0,0,0,0,0,64.0,5760.0,0,0,0,57,eth:ethertype:ip:tcp,31.4,94.9,52.2,160.0,-51.0,a0:a3:b3:ed:ac:1c,,,,,0.0,Normal,0.0
1744307964991754,10.42.0.139,10.42.0.1,50146,1883,4,1,0,1,0,0,1,0,29,0,0,0,0,0.0,0,,0,0,,0,0,0,0,0,0,0,0,0.0,0,0,0,0,0,64.0,5760.0,0,0,0,83,eth:ethertype:ip:tcp,31.4,94.9,52.2,160.0,-51.0,a0:a3:b3:ed:ac:1c,,,,,0.0,Normal,0.0
1744307964994898,10.42.0.139,10.42.0.1,50146,1883,33,1,0,1,0,0,1,0,12,0,0,0,0,0.0,0,,0,1,,0,0,0,1,42,4,MQTT,4,0.0,0,0,0,0,0,64.0,5760.0,0,0,esp32_a0a3b3edac1c,66,eth:ethertype:ip:tcp:mqtt,31.4,94.9,52.2,160.0,-51.0,a0:a3:b3:ed:ac:1c,,,,,0.0,Normal,0.0
1744307965024397,10.42.0.139,10.42.0.1,50146,1883,45,5,0,1,0,0,0,0,0,0,0,0,0,0.0,0,,0,0,,0,0,0,0,0,0,0,0,0.0,0,0,0,0,0,64.0,5756.0,0,0,0,54,eth:ethertype:ip:tcp,31.4,94.9,52.2,160.0,-51.0,a0:a3:b3:ed:ac:1c,,,,,0.0,Normal,0.0
1744307965032517,10.42.0.139,10.42.0.1,50146,1883,45,5,0,1,0,0,1,0,3,0,0,0,0,0.0,0,,0,0,,0,0,0,0,0,0,0,0,0.0,0,0,0,0,0,64.0,5756.0,0,0,0,57,eth:ethertype:ip:tcp,31.4,94.9,52.2,160.0,-51.0,a0:a3:b3:ed:ac:1c,,,,,0.0,Normal,0.0
1744307965043651,10.42.0.139,10.42.0.1,50146,1883,48,5,0,1,1,0,1,0,185,0,0,0,0,0.0,0,,0,3,"Wakeup: 0, Mode: 0, Reset: 1, Temperature: 30.2, Uptime: 632239, Memory: 94.9, In_Temperature: 52.2°C, CPU: 160, RSSI: -50, MAC: a0:a3:b3:ed:ac:1c, F_Storage: 99.2",test/temperatura,16,0,0,182,0,0,0,0.0,0,0,0,0,0,64.0,5756.0,0,0,0,239,eth:ethertype:ip:tcp:mqtt,30.2,94.9,52.2,160.0,-50.0,a0:a3:b3:ed:ac:1c,,,,,0.0,Normal,0.0
1744307965049053,10.42.0.139,10.42.0.1,50146,1883,234,6,0,1,0,0,0,0,0,0,0,0,0,0.0,0,,0,0,,0,0,0,0,0,0,0,0,0.0,0,0,0,0,0,64.0,5755.0,0,0,0,54,eth:ethertype:ip:tcp,30.2,94.9,52.2,160.0,-50.0,a0:a3:b3:ed:ac:1c,,,,,0.0,Normal,0.0
1744307995052615,10.42.0.139,10.42.0.1,50147,1883,0,0,1,0,0,0,0,0,0,0,0,0,0,0.0,0,,0,0,,0,0,0,0,0,0,0,0,0.0,0,0,0,0,0,64.0,5760.0,0,0,0,58,eth:ethertype:ip:tcp,30.2,94.9,52.2,160.0,-50.0,a0:a3:b3:ed:ac:1c,,,,,0.0,Normal,0.0
1744307995056917,10.42.0.139,10.42.0.1,50147,1883,1,1,0,1,0,0,0,0,0,0,0,0,0,0.0,0,,0,0,,0,0,0,0,0,0,0,0,0.0,0,0,0,0,0,64.0,5760.0,0,0,0,54,eth:ethertype:ip:tcp,30.2,94.9,52.2,160.0,-50.0,a0:a3:b3:ed:ac:1c,,,,,0.0,Normal,0.0
1744307995058985,10.42.0.139,10.42.0.1,50147,1883,1,1,0,1,0,0,1,0,3,0,0,0,0,0.0,0,,0,0,,0,0,0,0,0,0,0,0,0.0,0,0,0,0,0,64.0,5760.0,0,0,0,57,eth:ethertype:ip:tcp,30.2,94.9,52.2,160.0,-50.0,a0:a3:b3:ed:ac:1c,,,,,0.0,Normal,0.0
1744307995062352,10.42.0.139,10.42.0.1,50147,1883,4,1,0,1,0,0,1,0,29,0,0,0,0,0.0,0,,0,0,,0,0,0,0,0,0,0,0,0.0,0,0,0,0,0,64.0,5760.0,0,0,0,83,eth:ethertype:ip:tcp,30.2,94.9,52.2,160.0,-50.0,a0:a3:b3:ed:ac:1c,,,,,0.0,Normal,0.0
1744307995069968,10.42.0.139,10.42.0.1,50147,1883,33,1,0,1,0,0,1,0,12,0,0,0,0,0.0,0,,0,1,,0,0,0,1,42,4,MQTT,4,0.0,0,0,0,0,0,64.0,5760.0,0,0,esp32_a0a3b3edac1c,66,eth:ethertype:ip:tcp:mqtt,30.2,94.9,52.2,160.0,-50.0,a0:a3:b3:ed:ac:1c,,,,,0.0,Normal,0.0
1744307995105358,10.42.0.139,10.42.0.1,50147,1883,45,5,0,1,0,0,1,0,3,0,0,0,0,0.0,0,,0,0,,0,0,0,0,0,0,0,0,0.0,0,0,0,0,0,64.0,5756.0,0,0,0,57,eth:ethertype:ip:tcp,30.2,94.9,52.2,160.0,-50.0,a0:a3:b3:ed:ac:1c,,,,,0.0,Normal,0.0
1744307995124922,10.42.0.139,10.42.0.1,50147,1883,48,5,0,1,1,0,1,0,185,0,0,0,0,0.0,0,,0,3,"Wakeup: 0, Mode: 0, Reset: 1, Temperature: 36.2, Uptime: 632269, Memory: 94.9, In_Temperature: 52.2°C, CPU: 160, RSSI: -52, MAC: a0:a3:b3:ed:ac:1c, F_Storage: 99.2",test/temperatura,16,0,0,182,0,0,0,0.0,0,0,0,0,0,64.0,5756.0,0,0,0,239,eth:ethertype:ip:tcp:mqtt,36.2,94.9,52.2,160.0,-52.0,a0:a3:b3:ed:ac:1c,,,,,0.0,Normal,0.0
1744307995128597,10.42.0.139,10.42.0.1,50147,1883,234,6,0,1,0,0,0,0,0,0,0,0,0,0.0,0,,0,0,,0,0,0,0,0,0,0,0,0.0,0,0,0,0,0,64.0,5755.0,0,0,0,54,eth:ethertype:ip:tcp,36.2,94.9,52.2,160.0,-52.0,a0:a3:b3:ed:ac:1c,,,,,0.0,Normal,0.0
1744308025132865,10.42.0.139,10.42.0.1,50148,1883,0,0,1,0,0,0,0,0,0,0,0,0,0,0.0,0,,0,0,,0,0,0,0,0,0,0,0,0.0,0,0,0,0,0,64.0,5760.0,0,0,0,58,eth:ethertype:ip:tcp,36.2,94.9,52.2,160.0,-52.0,a0:a3:b3:ed:ac:1c,,,,,0.0,Normal,0.0
1744308025136799,10.42.0.139,10.42.0.1,50148,1883,1,1,0,1,0,0,0,0,0,0,0,0,0,0.0,0,,0,0,,0,0,0,0,0,0,0,0,0.0,0,0,0,0,0,64.0,5760.0,0,0,0,54,eth:ethertype:ip:tcp,36.2,94.9,52.2,160.0,-52.0,a0:a3:b3:ed:ac:1c,,,,,0.0,Normal,0.0
1744308025139024,10.42.0.139,10.42.0.1,50148,1883,1,1,0,1,0,0,1,0,3,0,0,0,0,0.0,0,,0,0,,0,0,0,0,0,0,0,0,0.0,0,0,0,0,0,64.0,5760.0,0,0,0,57,eth:ethertype:ip:tcp,36.2,94.9,52.2,160.0,-52.0,a0:a3:b3:ed:ac:1c,,,,,0.0,Normal,0.0
1744308025142482,10.42.0.139,10.42.0.1,50148,1883,4,1,0,1,0,0,1,0,29,0,0,0,0,0.0,0,,0,0,,0,0,0,0,0,0,0,0,0.0,0,0,0,0,0,64.0,5760.0,0,0,0,83,eth:ethertype:ip:tcp,36.2,94.9,52.2,160.0,-52.0,a0:a3:b3:ed:ac:1c,,,,,0.0,Normal,0.0
1744308025145562,10.42.0.139,10.42.0.1,50148,1883,33,1,0,1,0,0,1,0,12,0,0,0,0,0.0,0,,0,1,,0,0,0,1,42,4,MQTT,4,0.0,0,0,0,0,0,64.0,5760.0,0,0,esp32_a0a3b3edac1c,66,eth:ethertype:ip:tcp:mqtt,36.2,94.9,52.2,160.0,-52.0,a0:a3:b3:ed:ac:1c,,,,,0.0,Normal,0.0
1744308025180738,10.42.0.139,10.42.0.1,50148,1883,45,5,0,1,0,0,1,0,3,0,0,0,0,0.0,0,,0,0,,0,0,0,0,0,0,0,0,0.0,0,0,0,0,0,64.0,5756.0,0,0,0,57,eth:ethertype:ip:tcp,36.2,94.9,52.2,160.0,-52.0,a0:a3:b3:ed:ac:1c,,,,,0.0,Normal,0.0
1744308025192617,10.42.0.139,10.42.0.1,50148,1883,48,5,0,1,1,0,1,0,185,0,0,0,0,0.0,0,,0,3,"Wakeup: 0, Mode: 0, Reset: 1, Temperature: 34.7, Uptime: 632299, Memory: 94.9, In_Temperature: 52.2°C, CPU: 160, RSSI: -51, MAC: a0:a3:b3:ed:ac:1c, F_Storage: 99.2",test/temperatura,16,0,0,182,0,0,0,0.0,0,0,0,0,0,64.0,5756.0,0,0,0,239,eth:ethertype:ip:tcp:mqtt,34.7,94.9,52.2,160.0,-51.0,a0:a3:b3:ed:ac:1c,,,,,0.0,Normal,0.0
1744308025196083,10.42.0.139,10.42.0.1,50148,1883,234,6,0,1,0,0,0,0,0,0,0,0,0,0.0,0,,0,0,,0,0,0,0,0,0,0,0,0.0,0,0,0,0,0,64.0,5755.0,0,0,0,54,eth:ethertype:ip:tcp,34.7,94.9,52.2,160.0,-51.0,a0:a3:b3:ed:ac:1c,,,,,0.0,Normal,0.0
1744308055201391,10.42.0.139,10.42.0.1,50149,1883,0,0,1,0,0,0,0,0,0,0,0,0,0,0.0,0,,0,0,,0,0,0,0,0,0,0,0,0.0,0,0,0,0,0,64.0,5760.0,0,0,0,58,eth:ethertype:ip:tcp,34.7,94.9,52.2,160.0,-51.0,a0:a3:b3:ed:ac:1c,,,,,0.0,Normal,0.0
1744308055205486,10.42.0.139,10.42.0.1,50149,1883,1,1,0,1,0,0,0,0,0,0,0,0,0,0.0,0,,0,0,,0,0,0,0,0,0,0,0,0.0,0,0,0,0,0,64.0,5760.0,0,0,0,54,eth:ethertype:ip:tcp,34.7,94.9,52.2,160.0,-51.0,a0:a3:b3:ed:ac:1c,,,,,0.0,Normal,0.0
1744308055207526,10.42.0.139,10.42.0.1,50149,1883,1,1,0,1,0,0,1,0,3,0,0,0,0,0.0,0,,0,0,,0,0,0,0,0,0,0,0,0.0,0,0,0,0,0,64.0,5760.0,0,0,0,57,eth:ethertype:ip:tcp,34.7,94.9,52.2,160.0,-51.0,a0:a3:b3:ed:ac:1c,,,,,0.0,Normal,0.0
1744308055210970,10.42.0.139,10.42.0.1,50149,1883,4,1,0,1,0,0,1,0,29,0,0,0,0,0.0,0,,0,0,,0,0,0,0,0,0,0,0,0.0,0,0,0,0,0,64.0,5760.0,0,0,0,83,eth:ethertype:ip:tcp,34.7,94.9,52.2,160.0,-51.0,a0:a3:b3:ed:ac:1c,,,,,0.0,Normal,0.0
1744308055214686,10.42.0.139,10.42.0.1,50149,1883,33,1,0,1,0,0,1,0,2,0,0,0,0,0.0,0,,0,0,,0,0,0,0,0,0,0,0,0.0,0,0,0,0,0,64.0,5760.0,0,0,0,56,eth:ethertype:ip:tcp,34.7,94.9,52.2,160.0,-51.0,a0:a3:b3:ed:ac:1c,,,,,0.0,Normal,0.0
1744308055218781,10.42.0.139,10.42.0.1,50149,1883,35,1,0,1,0,0,1,0,4,0,0,0,0,0.0,0,,0,0,,0,0,0,0,0,0,0,0,0.0,0,0,0,0,0,64.0,5760.0,0,0,0,58,eth:ethertype:ip:tcp,34.7,94.9,52.2,160.0,-51.0,a0:a3:b3:ed:ac:1c,,,,,0.0,Normal,0.0
1744308055222055,10.42.0.139,10.42.0.1,50149,1883,39,1,0,1,0,0,1,0,2,0,0,0,0,0.0,0,,0,0,,0,0,0,0,0,0,0,0,0.0,0,0,0,0,0,64.0,5760.0,0,0,0,56,eth:ethertype:ip:tcp,34.7,94.9,52.2,160.0,-51.0,a0:a3:b3:ed:ac:1c,,,,,0.0,Normal,0.0
1744308055225039,10.42.0.139,10.42.0.1,50149,1883,41,1,0,1,0,0,1,0,4,0,0,0,0,0.0,0,,0,1,,0,0,0,1,42,4,MQTT,4,0.0,0,0,0,0,0,64.0,5760.0,0,0,esp32_a0a3b3edac1c,58,eth:ethertype:ip:tcp:mqtt,34.7,94.9,52.2,160.0,-51.0,a0:a3:b3:ed:ac:1c,,,,,0.0,Normal,0.0
1744308055261334,10.42.0.139,10.42.0.1,50149,1883,45,5,0,1,0,0,1,0,3,0,0,0,0,0.0,0,,0,0,,0,0,0,0,0,0,0,0,0.0,0,0,0,0,0,64.0,5756.0,0,0,0,57,eth:ethertype:ip:tcp,34.7,94.9,52.2,160.0,-51.0,a0:a3:b3:ed:ac:1c,,,,,0.0,Normal,0.0
1744308055271781,10.42.0.139,10.42.0.1,50149,1883,48,5,0,1,1,0,1,0,185,0,0,0,0,0.0,0,,0,3,"Wakeup: 0, Mode: 0, Reset: 1, Temperature: 39.2, Uptime: 632329, Memory: 94.9, In_Temperature: 52.2°C, CPU: 160, RSSI: -49, MAC: a0:a3:b3:ed:ac:1c, F_Storage: 99.2",test/temperatura,16,0,0,182,0,0,0,0.0,0,0,0,0,0,64.0,5756.0,0,0,0,239,eth:ethertype:ip:tcp:mqtt,39.2,94.9,52.2,160.0,-49.0,a0:a3:b3:ed:ac:1c,,,,,0.0,Normal,0.0
1744308055275771,10.42.0.139,10.42.0.1,50149,1883,234,6,0,1,0,0,0,0,0,0,0,0,0,0.0,0,,0,0,,0,0,0,0,0,0,0,0,0.0,0,0,0,0,0,64.0,5755.0,0,0,0,54,eth:ethertype:ip:tcp,39.2,94.9,52.2,160.0,-49.0,a0:a3:b3:ed:ac:1c,,,,,0.0,Normal,0.0
1744308085280805,10.42.0.139,10.42.0.1,50150,1883,0,0,1,0,0,0,0,0,0,0,0,0,0,0.0,0,,0,0,,0,0,0,0,0,0,0,0,0.0,0,0,0,0,0,64.0,5760.0,0,0,0,58,eth:ethertype:ip:tcp,39.2,94.9,52.2,160.0,-49.0,a0:a3:b3:ed:ac:1c,,,,,0.0,Normal,0.0
1744308085285808,10.42.0.139,10.42.0.1,50150,1883,1,1,0,1,0,0,0,0,0,0,0,0,0,0.0,0,,0,0,,0,0,0,0,0,0,0,0,0.0,0,0,0,0,0,64.0,5760.0,0,0,0,54,eth:ethertype:ip:tcp,39.2,94.9,52.2,160.0,-49.0,a0:a3:b3:ed:ac:1c,,,,,0.0,Normal,0.0
1744308085288080,10.42.0.139,10.42.0.1,50150,1883,1,1,0,1,0,0,1,0,3,0,0,0,0,0.0,0,,0,0,,0,0,0,0,0,0,0,0,0.0,0,0,0,0,0,64.0,5760.0,0,0,0,57,eth:ethertype:ip:tcp,39.2,94.9,52.2,160.0,-49.0,a0:a3:b3:ed:ac:1c,,,,,0.0,Normal,0.0
1744308085291504,10.42.0.139,10.42.0.1,50150,1883,4,1,0,1,0,0,1,0,29,0,0,0,0,0.0,0,,0,0,,0,0,0,0,0,0,0,0,0.0,0,0,0,0,0,64.0,5760.0,0,0,0,83,eth:ethertype:ip:tcp,39.2,94.9,52.2,160.0,-49.0,a0:a3:b3:ed:ac:1c,,,,,0.0,Normal,0.0
1744308085294654,10.42.0.139,10.42.0.1,50150,1883,33,1,0,1,0,0,1,0,12,0,0,0,0,0.0,0,,0,1,,0,0,0,1,42,4,MQTT,4,0.0,0,0,0,0,0,64.0,5760.0,0,0,esp32_a0a3b3edac1c,66,eth:ethertype:ip:tcp:mqtt,39.2,94.9,52.2,160.0,-49.0,a0:a3:b3:ed:ac:1c,,,,,0.0,Normal,0.0
1744308085330015,10.42.0.139,10.42.0.1,50150,1883,45,5,0,1,0,0,1,0,3,0,0,0,0,0.0,0,,0,0,,0,0,0,0,0,0,0,0,0.0,0,0,0,0,0,64.0,5756.0,0,0,0,57,eth:ethertype:ip:tcp,39.2,94.9,52.2,160.0,-49.0,a0:a3:b3:ed:ac:1c,,,,,0.0,Normal,0.0
1744308085341797,10.42.0.139,10.42.0.1,50150,1883,48,5,0,1,1,0,1,0,185,0,0,0,0,0.0,0,,0,3,"Wakeup: 0, Mode: 0, Reset: 1, Temperature: 28.4, Uptime: 632359, Memory: 94.9, In_Temperature: 52.2°C, CPU: 160, RSSI: -51, MAC: a0:a3:b3:ed:ac:1c, F_Storage: 99.2",test/temperatura,16,0,0,182,0,0,0,0.0,0,0,0,0,0,64.0,5756.0,0,0,0,239,eth:ethertype:ip:tcp:mqtt,28.4,94.9,52.2,160.0,-51.0,a0:a3:b3:ed:ac:1c,,,,,0.0,Normal,0.0
1744308085345359,10.42.0.139,10.42.0.1,50150,1883,234,6,0,1,0,0,0,0,0,0,0,0,0,0.0,0,,0,0,,0,0,0,0,0,0,0,0,0.0,0,0,0,0,0,64.0,5755.0,0,0,0,54,eth:ethertype:ip:tcp,28.4,94.9,52.2,160.0,-51.0,a0:a3:b3:ed:ac:1c,,,,,0.0,Normal,0.0
1744308115350084,10.42.0.139,10.42.0.1,50151,1883,0,0,1,0,0,0,0,0,0,0,0,0,0,0.0,0,,0,0,,0,0,0,0,0,0,0,0,0.0,0,0,0,0,0,64.0,5760.0,0,0,0,58,eth:ethertype:ip:tcp,28.4,94.9,52.2,160.0,-51.0,a0:a3:b3:ed:ac:1c,,,,,0.0,Normal,0.0
1744308115354008,10.42.0.139,10.42.0.1,50151,1883,1,1,0,1,0,0,0,0,0,0,0,0,0,0.0,0,,0,0,,0,0,0,0,0,0,0,0,0.0,0,0,0,0,0,64.0,5760.0,0,0,0,54,eth:ethertype:ip:tcp,28.4,94.9,52.2,160.0,-51.0,a0:a3:b3:ed:ac:1c,,,,,0.0,Normal,0.0
1744308115355984,10.42.0.139,10.42.0.1,50151,1883,1,1,0,1,0,0,1,0,3,0,0,0,0,0.0,0,,0,0,,0,0,0,0,0,0,0,0,0.0,0,0,0,0,0,64.0,5760.0,0,0,0,57,eth:ethertype:ip:tcp,28.4,94.9,52.2,160.0,-51.0,a0:a3:b3:ed:ac:1c,,,,,0.0,Normal,0.0
1744308115360513,10.42.0.139,10.42.0.1,50151,1883,4,1,0,1,0,0,1,0,29,0,0,0,0,0.0,0,,0,0,,0,0,0,0,0,0,0,0,0.0,0,0,0,0,0,64.0,5760.0,0,0,0,83,eth:ethertype:ip:tcp,28.4,94.9,52.2,160.0,-51.0,a0:a3:b3:ed:ac:1c,,,,,0.0,Normal,0.0
1744308115363393,10.42.0.139,10.42.0.1,50151,1883,33,1,0,1,0,0,1,0,12,0,0,0,0,0.0,0,,0,1,,0,0,0,1,42,4,MQTT,4,0.0,0,0,0,0,0,64.0,5760.0,0,0,esp32_a0a3b3edac1c,66,eth:ethertype:ip:tcp:mqtt,28.4,94.9,52.2,160.0,-51.0,a0:a3:b3:ed:ac:1c,,,,,0.0,Normal,0.0
1744308115398543,10.42.0.139,10.42.0.1,50151,1883,45,5,0,1,0,0,1,0,3,0,0,0,0,0.0,0,,0,0,,0,0,0,0,0,0,0,0,0.0,0,0,0,0,0,64.0,5756.0,0,0,0,57,eth:ethertype:ip:tcp,28.4,94.9,52.2,160.0,-51.0,a0:a3:b3:ed:ac:1c,,,,,0.0,Normal,0.0
1744308115410310,10.42.0.139,10.42.0.1,50151,1883,48,5,0,1,1,0,1,0,185,0,0,0,0,0.0,0,,0,3,"Wakeup: 0, Mode: 0, Reset: 1, Temperature: 37.3, Uptime: 632389, Memory: 94.9, In_Temperature: 52.2°C, CPU: 160, RSSI: -50, MAC: a0:a3:b3:ed:ac:1c, F_Storage: 99.2",test/temperatura,16,0,0,182,0,0,0,0.0,0,0,0,0,0,64.0,5756.0,0,0,0,239,eth:ethertype:ip:tcp:mqtt,37.3,94.9,52.2,160.0,-50.0,a0:a3:b3:ed:ac:1c,,,,,0.0,Normal,0.0
1744308115413799,10.42.0.139,10.42.0.1,50151,1883,234,6,0,1,0,0,0,0,0,0,0,0,0,0.0,0,,0,0,,0,0,0,0,0,0,0,0,0.0,0,0,0,0,0,64.0,5755.0,0,0,0,54,eth:ethertype:ip:tcp,37.3,94.9,52.2,160.0,-50.0,a0:a3:b3:ed:ac:1c,,,,,0.0,Normal,0.0
1744308145418336,10.42.0.139,10.42.0.1,50152,1883,0,0,1,0,0,0,0,0,0,0,0,0,0,0.0,0,,0,0,,0,0,0,0,0,0,0,0,0.0,0,0,0,0,0,64.0,5760.0,0,0,0,58,eth:ethertype:ip:tcp,37.3,94.9,52.2,160.0,-50.0,a0:a3:b3:ed:ac:1c,,,,,0.0,Normal,0.0
1744308145422121,10.42.0.139,10.42.0.1,50152,1883,1,1,0,1,0,0,0,0,0,0,0,0,0,0.0,0,,0,0,,0,0,0,0,0,0,0,0,0.0,0,0,0,0,0,64.0,5760.0,0,0,0,54,eth:ethertype:ip:tcp,37.3,94.9,52.2,160.0,-50.0,a0:a3:b3:ed:ac:1c,,,,,0.0,Normal,0.0
1744308145424460,10.42.0.139,10.42.0.1,50152,1883,1,1,0,1,0,0,1,0,3,0,0,0,0,0.0,0,,0,0,,0,0,0,0,0,0,0,0,0.0,0,0,0,0,0,64.0,5760.0,0,0,0,57,eth:ethertype:ip:tcp,37.3,94.9,52.2,160.0,-50.0,a0:a3:b3:ed:ac:1c,,,,,0.0,Normal,0.0
1744308145427978,10.42.0.139,10.42.0.1,50152,1883,4,1,0,1,0,0,1,0,29,0,0,0,0,0.0,0,,0,0,,0,0,0,0,0,0,0,0,0.0,0,0,0,0,0,64.0,5760.0,0,0,0,83,eth:ethertype:ip:tcp,37.3,94.9,52.2,160.0,-50.0,a0:a3:b3:ed:ac:1c,,,,,0.0,Normal,0.0
1744308145431033,10.42.0.139,10.42.0.1,50152,1883,33,1,0,1,0,0,1,0,12,0,0,0,0,0.0,0,,0,1,,0,0,0,1,42,4,MQTT,4,0.0,0,0,0,0,0,64.0,5760.0,0,0,esp32_a0a3b3edac1c,66,eth:ethertype:ip:tcp:mqtt,37.3,94.9,52.2,160.0,-50.0,a0:a3:b3:ed:ac:1c,,,,,0.0,Normal,0.0
1744308145467002,10.42.0.139,10.42.0.1,50152,1883,45,5,0,1,0,0,1,0,3,0,0,0,0,0.0,0,,0,0,,0,0,0,0,0,0,0,0,0.0,0,0,0,0,0,64.0,5756.0,0,0,0,57,eth:ethertype:ip:tcp,37.3,94.9,52.2,160.0,-50.0,a0:a3:b3:ed:ac:1c,,,,,0.0,Normal,0.0
1744308145479764,10.42.0.139,10.42.0.1,50152,1883,48,5,0,1,1,0,1,0,185,0,0,0,0,0.0,0,,0,3,"Wakeup: 0, Mode: 0, Reset: 1, Temperature: 30.0, Uptime: 632419, Memory: 94.9, In_Temperature: 52.2°C, CPU: 160, RSSI: -50, MAC: a0:a3:b3:ed:ac:1c, F_Storage: 99.2",test/temperatura,16,0,0,182,0,0,0,0.0,0,0,0,0,0,64.0,5756.0,0,0,0,239,eth:ethertype:ip:tcp:mqtt,30.0,94.9,52.2,160.0,-50.0,a0:a3:b3:ed:ac:1c,,,,,0.0,Normal,0.0
1744308145483317,10.42.0.139,10.42.0.1,50152,1883,234,6,0,1,0,0,0,0,0,0,0,0,0,0.0,0,,0,0,,0,0,0,0,0,0,0,0,0.0,0,0,0,0,0,64.0,5755.0,0,0,0,54,eth:ethertype:ip:tcp,30.0,94.9,52.2,160.0,-50.0,a0:a3:b3:ed:ac:1c,,,,,0.0,Normal,0.0
1744308175488473,10.42.0.139,10.42.0.1,50153,1883,0,0,1,0,0,0,0,0,0,0,0,0,0,0.0,0,,0,0,,0,0,0,0,0,0,0,0,0.0,0,0,0,0,0,64.0,5760.0,0,0,0,58,eth:ethertype:ip:tcp,30.0,94.9,52.2,160.0,-50.0,a0:a3:b3:ed:ac:1c,,,,,0.0,Normal,0.0
1744308175492653,10.42.0.139,10.42.0.1,50153,1883,1,1,0,1,0,0,0,0,0,0,0,0,0,0.0,0,,0,0,,0,0,0,0,0,0,0,0,0.0,0,0,0,0,0,64.0,5760.0,0,0,0,54,eth:ethertype:ip:tcp,30.0,94.9,52.2,160.0,-50.0,a0:a3:b3:ed:ac:1c,,,,,0.0,Normal,0.0
1744308175494696,10.42.0.139,10.42.0.1,50153,1883,1,1,0,1,0,0,1,0,3,0,0,0,0,0.0,0,,0,0,,0,0,0,0,0,0,0,0,0.0,0,0,0,0,0,64.0,5760.0,0,0,0,57,eth:ethertype:ip:tcp,30.0,94.9,52.2,160.0,-50.0,a0:a3:b3:ed:ac:1c,,,,,0.0,Normal,0.0
1744308175498151,10.42.0.139,10.42.0.1,50153,1883,4,1,0,1,0,0,1,0,29,0,0,0,0,0.0,0,,0,0,,0,0,0,0,0,0,0,0,0.0,0,0,0,0,0,64.0,5760.0,0,0,0,83,eth:ethertype:ip:tcp,30.0,94.9,52.2,160.0,-50.0,a0:a3:b3:ed:ac:1c,,,,,0.0,Normal,0.0
1744308175501174,10.42.0.139,10.42.0.1,50153,1883,33,1,0,1,0,0,1,0,12,0,0,0,0,0.0,0,,0,1,,0,0,0,1,42,4,MQTT,4,0.0,0,0,0,0,0,64.0,5760.0,0,0,esp32_a0a3b3edac1c,66,eth:ethertype:ip:tcp:mqtt,30.0,94.9,52.2,160.0,-50.0,a0:a3:b3:ed:ac:1c,,,,,0.0,Normal,0.0
1744308175520100,10.42.0.139,10.42.0.1,50153,1883,45,5,0,1,0,0,0,0,0,0,0,0,0,0.0,0,,0,0,,0,0,0,0,0,0,0,0,0.0,0,0,0,0,0,64.0,5756.0,0,0,0,54,eth:ethertype:ip:tcp,30.0,94.9,52.2,160.0,-50.0,a0:a3:b3:ed:ac:1c,,,,,0.0,Normal,0.0
1744308175537515,10.42.0.139,10.42.0.1,50153,1883,45,5,0,1,0,0,1,0,3,0,0,0,0,0.0,0,,0,0,,0,0,0,0,0,0,0,0,0.0,0,0,0,0,0,64.0,5756.0,0,0,0,57,eth:ethertype:ip:tcp,30.0,94.9,52.2,160.0,-50.0,a0:a3:b3:ed:ac:1c,,,,,0.0,Normal,0.0
1744308175550423,10.42.0.139,10.42.0.1,50153,1883,48,5,0,1,1,0,1,0,185,0,0,0,0,0.0,0,,0,3,"Wakeup: 0, Mode: 0, Reset: 1, Temperature: 27.2, Uptime: 632450, Memory: 94.9, In_Temperature: 52.2°C, CPU: 160, RSSI: -51, MAC: a0:a3:b3:ed:ac:1c, F_Storage: 99.2",test/temperatura,16,0,0,182,0,0,0,0.0,0,0,0,0,0,64.0,5756.0,0,0,0,239,eth:ethertype:ip:tcp:mqtt,27.2,94.9,52.2,160.0,-51.0,a0:a3:b3:ed:ac:1c,,,,,0.0,Normal,0.0
1744308175555226,10.42.0.139,10.42.0.1,50153,1883,234,6,0,1,0,0,0,0,0,0,0,0,0,0.0,0,,0,0,,0,0,0,0,0,0,0,0,0.0,0,0,0,0,0,64.0,5755.0,0,0,0,54,eth:ethertype:ip:tcp,27.2,94.9,52.2,160.0,-51.0,a0:a3:b3:ed:ac:1c,,,,,0.0,Normal,0.0
1744308205557764,10.42.0.139,10.42.0.1,50154,1883,0,0,1,0,0,0,0,0,0,0,0,0,0,0.0,0,,0,0,,0,0,0,0,0,0,0,0,0.0,0,0,0,0,0,64.0,5760.0,0,0,0,58,eth:ethertype:ip:tcp,27.2,94.9,52.2,160.0,-51.0,a0:a3:b3:ed:ac:1c,,,,,0.0,Normal,0.0
1744308205561945,10.42.0.139,10.42.0.1,50154,1883,1,1,0,1,0,0,0,0,0,0,0,0,0,0.0,0,,0,0,,0,0,0,0,0,0,0,0,0.0,0,0,0,0,0,64.0,5760.0,0,0,0,54,eth:ethertype:ip:tcp,27.2,94.9,52.2,160.0,-51.0,a0:a3:b3:ed:ac:1c,,,,,0.0,Normal,0.0
1744308205563991,10.42.0.139,10.42.0.1,50154,1883,1,1,0,1,0,0,1,0,3,0,0,0,0,0.0,0,,0,0,,0,0,0,0,0,0,0,0,0.0,0,0,0,0,0,64.0,5760.0,0,0,0,57,eth:ethertype:ip:tcp,27.2,94.9,52.2,160.0,-51.0,a0:a3:b3:ed:ac:1c,,,,,0.0,Normal,0.0
1744308205567490,10.42.0.139,10.42.0.1,50154,1883,4,1,0,1,0,0,1,0,29,0,0,0,0,0.0,0,,0,0,,0,0,0,0,0,0,0,0,0.0,0,0,0,0,0,64.0,5760.0,0,0,0,83,eth:ethertype:ip:tcp,27.2,94.9,52.2,160.0,-51.0,a0:a3:b3:ed:ac:1c,,,,,0.0,Normal,0.0
1744308205570491,10.42.0.139,10.42.0.1,50154,1883,33,1,0,1,0,0,1,0,12,0,0,0,0,0.0,0,,0,1,,0,0,0,1,42,4,MQTT,4,0.0,0,0,0,0,0,64.0,5760.0,0,0,esp32_a0a3b3edac1c,66,eth:ethertype:ip:tcp:mqtt,27.2,94.9,52.2,160.0,-51.0,a0:a3:b3:ed:ac:1c,,,,,0.0,Normal,0.0
1744308205605925,10.42.0.139,10.42.0.1,50154,1883,45,5,0,1,0,0,1,0,3,0,0,0,0,0.0,0,,0,0,,0,0,0,0,0,0,0,0,0.0,0,0,0,0,0,64.0,5756.0,0,0,0,57,eth:ethertype:ip:tcp,27.2,94.9,52.2,160.0,-51.0,a0:a3:b3:ed:ac:1c,,,,,0.0,Normal,0.0
1744308205618676,10.42.0.139,10.42.0.1,50154,1883,48,5,0,1,1,0,1,0,185,0,0,0,0,0.0,0,,0,3,"Wakeup: 0, Mode: 0, Reset: 1, Temperature: 33.3, Uptime: 632480, Memory: 94.9, In_Temperature: 52.2°C, CPU: 160, RSSI: -51, MAC: a0:a3:b3:ed:ac:1c, F_Storage: 99.2",test/temperatura,16,0,0,182,0,0,0,0.0,0,0,0,0,0,64.0,5756.0,0,0,0,239,eth:ethertype:ip:tcp:mqtt,33.3,94.9,52.2,160.0,-51.0,a0:a3:b3:ed:ac:1c,,,,,0.0,Normal,0.0
1744308205622195,10.42.0.139,10.42.0.1,50154,1883,234,6,0,1,0,0,0,0,0,0,0,0,0,0.0,0,,0,0,,0,0,0,0,0,0,0,0,0.0,0,0,0,0,0,64.0,5755.0,0,0,0,54,eth:ethertype:ip:tcp,33.3,94.9,52.2,160.0,-51.0,a0:a3:b3:ed:ac:1c,,,,,0.0,Normal,0.0
1744308235627406,10.42.0.139,10.42.0.1,50155,1883,0,0,1,0,0,0,0,0,0,0,0,0,0,0.0,0,,0,0,,0,0,0,0,0,0,0,0,0.0,0,0,0,0,0,64.0,5760.0,0,0,0,58,eth:ethertype:ip:tcp,33.3,94.9,52.2,160.0,-51.0,a0:a3:b3:ed:ac:1c,,,,,0.0,Normal,0.0
1744308235631337,10.42.0.139,10.42.0.1,50155,1883,1,1,0,1,0,0,0,0,0,0,0,0,0,0.0,0,,0,0,,0,0,0,0,0,0,0,0,0.0,0,0,0,0,0,64.0,5760.0,0,0,0,54,eth:ethertype:ip:tcp,33.3,94.9,52.2,160.0,-51.0,a0:a3:b3:ed:ac:1c,,,,,0.0,Normal,0.0
1744308235633505,10.42.0.139,10.42.0.1,50155,1883,1,1,0,1,0,0,1,0,3,0,0,0,0,0.0,0,,0,0,,0,0,0,0,0,0,0,0,0.0,0,0,0,0,0,64.0,5760.0,0,0,0,57,eth:ethertype:ip:tcp,33.3,94.9,52.2,160.0,-51.0,a0:a3:b3:ed:ac:1c,,,,,0.0,Normal,0.0
1744308235636946,10.42.0.139,10.42.0.1,50155,1883,4,1,0,1,0,0,1,0,29,0,0,0,0,0.0,0,,0,0,,0,0,0,0,0,0,0,0,0.0,0,0,0,0,0,64.0,5760.0,0,0,0,83,eth:ethertype:ip:tcp,33.3,94.9,52.2,160.0,-51.0,a0:a3:b3:ed:ac:1c,,,,,0.0,Normal,0.0
1744308235640430,10.42.0.139,10.42.0.1,50155,1883,33,1,0,1,0,0,1,0,12,0,0,0,0,0.0,0,,0,1,,0,0,0,1,42,4,MQTT,4,0.0,0,0,0,0,0,64.0,5760.0,0,0,esp32_a0a3b3edac1c,66,eth:ethertype:ip:tcp:mqtt,33.3,94.9,52.2,160.0,-51.0,a0:a3:b3:ed:ac:1c,,,,,0.0,Normal,0.0
1744308235676213,10.42.0.139,10.42.0.1,50155,1883,45,5,0,1,0,0,1,0,3,0,0,0,0,0.0,0,,0,0,,0,0,0,0,0,0,0,0,0.0,0,0,0,0,0,64.0,5756.0,0,0,0,57,eth:ethertype:ip:tcp,33.3,94.9,52.2,160.0,-51.0,a0:a3:b3:ed:ac:1c,,,,,0.0,Normal,0.0
1744308235687568,10.42.0.139,10.42.0.1,50155,1883,48,5,0,1,1,0,1,0,185,0,0,0,0,0.0,0,,0,3,"Wakeup: 0, Mode: 0, Reset: 1, Temperature: 32.6, Uptime: 632510, Memory: 94.9, In_Temperature: 52.2°C, CPU: 160, RSSI: -49, MAC: a0:a3:b3:ed:ac:1c, F_Storage: 99.2",test/temperatura,16,0,0,182,0,0,0,0.0,0,0,0,0,0,64.0,5756.0,0,0,0,239,eth:ethertype:ip:tcp:mqtt,32.6,94.9,52.2,160.0,-49.0,a0:a3:b3:ed:ac:1c,,,,,0.0,Normal,0.0
1744308235691611,10.42.0.139,10.42.0.1,50155,1883,234,6,0,1,0,0,0,0,0,0,0,0,0,0.0,0,,0,0,,0,0,0,0,0,0,0,0,0.0,0,0,0,0,0,64.0,5755.0,0,0,0,54,eth:ethertype:ip:tcp,32.6,94.9,52.2,160.0,-49.0,a0:a3:b3:ed:ac:1c,,,,,0.0,Normal,0.0
1744308265696704,10.42.0.139,10.42.0.1,50156,1883,0,0,1,0,0,0,0,0,0,0,0,0,0,0.0,0,,0,0,,0,0,0,0,0,0,0,0,0.0,0,0,0,0,0,64.0,5760.0,0,0,0,58,eth:ethertype:ip:tcp,32.6,94.9,52.2,160.0,-49.0,a0:a3:b3:ed:ac:1c,,,,,0.0,Normal,0.0
1744308265700693,10.42.0.139,10.42.0.1,50156,1883,1,1,0,1,0,0,0,0,0,0,0,0,0,0.0,0,,0,0,,0,0,0,0,0,0,0,0,0.0,0,0,0,0,0,64.0,5760.0,0,0,0,54,eth:ethertype:ip:tcp,32.6,94.9,52.2,160.0,-49.0,a0:a3:b3:ed:ac:1c,,,,,0.0,Normal,0.0
1744308265702745,10.42.0.139,10.42.0.1,50156,1883,1,1,0,1,0,0,1,0,3,0,0,0,0,0.0,0,,0,0,,0,0,0,0,0,0,0,0,0.0,0,0,0,0,0,64.0,5760.0,0,0,0,57,eth:ethertype:ip:tcp,32.6,94.9,52.2,160.0,-49.0,a0:a3:b3:ed:ac:1c,,,,,0.0,Normal,0.0
1744308265706137,10.42.0.139,10.42.0.1,50156,1883,4,1,0,1,0,0,1,0,29,0,0,0,0,0.0,0,,0,0,,0,0,0,0,0,0,0,0,0.0,0,0,0,0,0,64.0,5760.0,0,0,0,83,eth:ethertype:ip:tcp,32.6,94.9,52.2,160.0,-49.0,a0:a3:b3:ed:ac:1c,,,,,0.0,Normal,0.0
1744308265709185,10.42.0.139,10.42.0.1,50156,1883,33,1,0,1,0,0,1,0,12,0,0,0,0,0.0,0,,0,1,,0,0,0,1,42,4,MQTT,4,0.0,0,0,0,0,0,64.0,5760.0,0,0,esp32_a0a3b3edac1c,66,eth:ethertype:ip:tcp:mqtt,32.6,94.9,52.2,160.0,-49.0,a0:a3:b3:ed:ac:1c,,,,,0.0,Normal,0.0
1744308265744544,10.42.0.139,10.42.0.1,50156,1883,45,5,0,1,0,0,1,0,3,0,0,0,0,0.0,0,,0,0,,0,0,0,0,0,0,0,0,0.0,0,0,0,0,0,64.0,5756.0,0,0,0,57,eth:ethertype:ip:tcp,32.6,94.9,52.2,160.0,-49.0,a0:a3:b3:ed:ac:1c,,,,,0.0,Normal,0.0
1744308265756993,10.42.0.139,10.42.0.1,50156,1883,48,5,0,1,1,0,1,0,185,0,0,0,0,0.0,0,,0,3,"Wakeup: 0, Mode: 0, Reset: 1, Temperature: 36.8, Uptime: 632540, Memory: 94.9, In_Temperature: 52.2°C, CPU: 160, RSSI: -52, MAC: a0:a3:b3:ed:ac:1c, F_Storage: 99.2",test/temperatura,16,0,0,182,0,0,0,0.0,0,0,0,0,0,64.0,5756.0,0,0,0,239,eth:ethertype:ip:tcp:mqtt,36.8,94.9,52.2,160.0,-52.0,a0:a3:b3:ed:ac:1c,,,,,0.0,Normal,0.0
1744308265760527,10.42.0.139,10.42.0.1,50156,1883,234,6,0,1,0,0,0,0,0,0,0,0,0,0.0,0,,0,0,,0,0,0,0,0,0,0,0,0.0,0,0,0,0,0,64.0,5755.0,0,0,0,54,eth:ethertype:ip:tcp,36.8,94.9,52.2,160.0,-52.0,a0:a3:b3:ed:ac:1c,,,,,0.0,Normal,0.0
1744308295765475,10.42.0.139,10.42.0.1,50157,1883,0,0,1,0,0,0,0,0,0,0,0,0,0,0.0,0,,0,0,,0,0,0,0,0,0,0,0,0.0,0,0,0,0,0,64.0,5760.0,0,0,0,58,eth:ethertype:ip:tcp,36.8,94.9,52.2,160.0,-52.0,a0:a3:b3:ed:ac:1c,,,,,0.0,Normal,0.0
1744308295774450,10.42.0.139,10.42.0.1,50157,1883,1,1,0,1,0,0,0,0,0,0,0,0,0,0.0,0,,0,0,,0,0,0,0,0,0,0,0,0.0,0,0,0,0,0,64.0,5760.0,0,0,0,54,eth:ethertype:ip:tcp,36.8,94.9,52.2,160.0,-52.0,a0:a3:b3:ed:ac:1c,,,,,0.0,Normal,0.0
1744308295775308,10.42.0.139,10.42.0.1,50157,1883,1,1,0,1,0,0,1,0,3,0,0,0,0,0.0,0,,0,0,,0,0,0,0,0,0,0,0,0.0,0,0,0,0,0,64.0,5760.0,0,0,0,57,eth:ethertype:ip:tcp,36.8,94.9,52.2,160.0,-52.0,a0:a3:b3:ed:ac:1c,,,,,0.0,Normal,0.0
1744308295778972,10.42.0.139,10.42.0.1,50157,1883,4,1,0,1,0,0,1,0,35,0,0,0,0,0.0,0,,0,0,,0,0,0,0,0,0,0,0,0.0,0,0,0,0,0,64.0,5760.0,0,0,0,89,eth:ethertype:ip:tcp,36.8,94.9,52.2,160.0,-52.0,a0:a3:b3:ed:ac:1c,,,,,0.0,Normal,0.0
1744308295782010,10.42.0.139,10.42.0.1,50157,1883,39,1,0,1,0,0,1,0,6,0,0,0,0,0.0,0,,0,1,,0,0,0,1,42,4,MQTT,4,0.0,0,0,0,0,0,64.0,5760.0,0,0,esp32_a0a3b3edac1c,60,eth:ethertype:ip:tcp:mqtt,36.8,94.9,52.2,160.0,-52.0,a0:a3:b3:ed:ac:1c,,,,,0.0,Normal,0.0
1744308295817411,10.42.0.139,10.42.0.1,50157,1883,45,5,0,1,0,0,1,0,3,0,0,0,0,0.0,0,,0,0,,0,0,0,0,0,0,0,0,0.0,0,0,0,0,0,64.0,5756.0,0,0,0,57,eth:ethertype:ip:tcp,36.8,94.9,52.2,160.0,-52.0,a0:a3:b3:ed:ac:1c,,,,,0.0,Normal,0.0
1744308295826391,10.42.0.139,10.42.0.1,50157,1883,48,5,0,1,1,0,1,0,185,0,0,0,0,0.0,0,,0,3,"Wakeup: 0, Mode: 0, Reset: 1, Temperature: 29.9, Uptime: 632570, Memory: 94.9, In_Temperature: 52.8°C, CPU: 160, RSSI: -50, MAC: a0:a3:b3:ed:ac:1c, F_Storage: 99.2",test/temperatura,16,0,0,182,0,0,0,0.0,0,0,0,0,0,64.0,5756.0,0,0,0,239,eth:ethertype:ip:tcp:mqtt,29.9,94.9,52.8,160.0,-50.0,a0:a3:b3:ed:ac:1c,,,,,0.0,Normal,0.0
1744308295829599,10.42.0.139,10.42.0.1,50157,1883,234,6,0,1,0,0,0,0,0,0,0,0,0,0.0,0,,0,0,,0,0,0,0,0,0,0,0,0.0,0,0,0,0,0,64.0,5755.0,0,0,0,54,eth:ethertype:ip:tcp,29.9,94.9,52.8,160.0,-50.0,a0:a3:b3:ed:ac:1c,,,,,0.0,Normal,0.0
1744308325842880,10.42.0.139,10.42.0.1,50158,1883,0,0,1,0,0,0,0,0,0,0,0,0,0,0.0,0,,0,0,,0,0,0,0,0,0,0,0,0.0,0,0,0,0,0,64.0,5760.0,0,0,0,58,eth:ethertype:ip:tcp,29.9,94.9,52.8,160.0,-50.0,a0:a3:b3:ed:ac:1c,,,,,0.0,Normal,0.0
1744308325846815,10.42.0.139,10.42.0.1,50158,1883,1,1,0,1,0,0,0,0,0,0,0,0,0,0.0,0,,0,0,,0,0,0,0,0,0,0,0,0.0,0,0,0,0,0,64.0,5760.0,0,0,0,54,eth:ethertype:ip:tcp,29.9,94.9,52.8,160.0,-50.0,a0:a3:b3:ed:ac:1c,,,,,0.0,Normal,0.0
1744308325849147,10.42.0.139,10.42.0.1,50158,1883,1,1,0,1,0,0,1,0,3,0,0,0,0,0.0,0,,0,0,,0,0,0,0,0,0,0,0,0.0,0,0,0,0,0,64.0,5760.0,0,0,0,57,eth:ethertype:ip:tcp,29.9,94.9,52.8,160.0,-50.0,a0:a3:b3:ed:ac:1c,,,,,0.0,Normal,0.0
1744308325852368,10.42.0.139,10.42.0.1,50158,1883,4,1,0,1,0,0,1,0,29,0,0,0,0,0.0,0,,0,0,,0,0,0,0,0,0,0,0,0.0,0,0,0,0,0,64.0,5760.0,0,0,0,83,eth:ethertype:ip:tcp,29.9,94.9,52.8,160.0,-50.0,a0:a3:b3:ed:ac:1c,,,,,0.0,Normal,0.0
1744308325855664,10.42.0.139,10.42.0.1,50158,1883,33,1,0,1,0,0,1,0,12,0,0,0,0,0.0,0,,0,1,,0,0,0,1,42,4,MQTT,4,0.0,0,0,0,0,0,64.0,5760.0,0,0,esp32_a0a3b3edac1c,66,eth:ethertype:ip:tcp:mqtt,29.9,94.9,52.8,160.0,-50.0,a0:a3:b3:ed:ac:1c,,,,,0.0,Normal,0.0
1744308325891525,10.42.0.139,10.42.0.1,50158,1883,45,5,0,1,0,0,1,0,3,0,0,0,0,0.0,0,,0,0,,0,0,0,0,0,0,0,0,0.0,0,0,0,0,0,64.0,5756.0,0,0,0,57,eth:ethertype:ip:tcp,29.9,94.9,52.8,160.0,-50.0,a0:a3:b3:ed:ac:1c,,,,,0.0,Normal,0.0
1744308325906953,10.42.0.139,10.42.0.1,50158,1883,48,5,0,1,1,0,1,0,185,0,0,0,0,0.0,0,,0,3,"Wakeup: 0, Mode: 0, Reset: 1, Temperature: 40.8, Uptime: 632600, Memory: 94.9, In_Temperature: 52.2°C, CPU: 160, RSSI: -50, MAC: a0:a3:b3:ed:ac:1c, F_Storage: 99.2",test/temperatura,16,0,0,182,0,0,0,0.0,0,0,0,0,0,64.0,5756.0,0,0,0,239,eth:ethertype:ip:tcp:mqtt,40.8,94.9,52.2,160.0,-50.0,a0:a3:b3:ed:ac:1c,,,,,0.0,Normal,0.0
1744308325910480,10.42.0.139,10.42.0.1,50158,1883,234,6,0,1,0,0,0,0,0,0,0,0,0,0.0,0,,0,0,,0,0,0,0,0,0,0,0,0.0,0,0,0,0,0,64.0,5755.0,0,0,0,54,eth:ethertype:ip:tcp,40.8,94.9,52.2,160.0,-50.0,a0:a3:b3:ed:ac:1c,,,,,0.0,Normal,0.0
1744308355914593,10.42.0.139,10.42.0.1,50159,1883,0,0,1,0,0,0,0,0,0,0,0,0,0,0.0,0,,0,0,,0,0,0,0,0,0,0,0,0.0,0,0,0,0,0,64.0,5760.0,0,0,0,58,eth:ethertype:ip:tcp,40.8,94.9,52.2,160.0,-50.0,a0:a3:b3:ed:ac:1c,,,,,0.0,Normal,0.0
1744308355918592,10.42.0.139,10.42.0.1,50159,1883,1,1,0,1,0,0,0,0,0,0,0,0,0,0.0,0,,0,0,,0,0,0,0,0,0,0,0,0.0,0,0,0,0,0,64.0,5760.0,0,0,0,54,eth:ethertype:ip:tcp,40.8,94.9,52.2,160.0,-50.0,a0:a3:b3:ed:ac:1c,,,,,0.0,Normal,0.0
1744308355920820,10.42.0.139,10.42.0.1,50159,1883,1,1,0,1,0,0,1,0,3,0,0,0,0,0.0,0,,0,0,,0,0,0,0,0,0,0,0,0.0,0,0,0,0,0,64.0,5760.0,0,0,0,57,eth:ethertype:ip:tcp,40.8,94.9,52.2,160.0,-50.0,a0:a3:b3:ed:ac:1c,,,,,0.0,Normal,0.0
1744308355924256,10.42.0.139,10.42.0.1,50159,1883,4,1,0,1,0,0,1,0,29,0,0,0,0,0.0,0,,0,0,,0,0,0,0,0,0,0,0,0.0,0,0,0,0,0,64.0,5760.0,0,0,0,83,eth:ethertype:ip:tcp,40.8,94.9,52.2,160.0,-50.0,a0:a3:b3:ed:ac:1c,,,,,0.0,Normal,0.0
1744308355927353,10.42.0.139,10.42.0.1,50159,1883,33,1,0,1,0,0,1,0,12,0,0,0,0,0.0,0,,0,1,,0,0,0,1,42,4,MQTT,4,0.0,0,0,0,0,0,64.0,5760.0,0,0,esp32_a0a3b3edac1c,66,eth:ethertype:ip:tcp:mqtt,40.8,94.9,52.2,160.0,-50.0,a0:a3:b3:ed:ac:1c,,,,,0.0,Normal,0.0
1744308355963093,10.42.0.139,10.42.0.1,50159,1883,45,5,0,1,0,0,1,0,3,0,0,0,0,0.0,0,,0,0,,0,0,0,0,0,0,0,0,0.0,0,0,0,0,0,64.0,5756.0,0,0,0,57,eth:ethertype:ip:tcp,40.8,94.9,52.2,160.0,-50.0,a0:a3:b3:ed:ac:1c,,,,,0.0,Normal,0.0
1744308355974982,10.42.0.139,10.42.0.1,50159,1883,48,5,0,1,1,0,1,0,185,0,0,0,0,0.0,0,,0,3,"Wakeup: 0, Mode: 0, Reset: 1, Temperature: 25.4, Uptime: 632630, Memory: 94.9, In_Temperature: 52.8°C, CPU: 160, RSSI: -50, MAC: a0:a3:b3:ed:ac:1c, F_Storage: 99.2",test/temperatura,16,0,0,182,0,0,0,0.0,0,0,0,0,0,64.0,5756.0,0,0,0,239,eth:ethertype:ip:tcp:mqtt,25.4,94.9,52.8,160.0,-50.0,a0:a3:b3:ed:ac:1c,,,,,0.0,Normal,0.0
1744308355979495,10.42.0.139,10.42.0.1,50159,1883,234,6,0,1,0,0,0,0,0,0,0,0,0,0.0,0,,0,0,,0,0,0,0,0,0,0,0,0.0,0,0,0,0,0,64.0,5755.0,0,0,0,54,eth:ethertype:ip:tcp,25.4,94.9,52.8,160.0,-50.0,a0:a3:b3:ed:ac:1c,,,,,0.0,Normal,0.0
1744308385983235,10.42.0.139,10.42.0.1,50160,1883,0,0,1,0,0,0,0,0,0,0,0,0,0,0.0,0,,0,0,,0,0,0,0,0,0,0,0,0.0,0,0,0,0,0,64.0,5760.0,0,0,0,58,eth:ethertype:ip:tcp,25.4,94.9,52.8,160.0,-50.0,a0:a3:b3:ed:ac:1c,,,,,0.0,Normal,0.0
1744308385991006,10.42.0.139,10.42.0.1,50160,1883,1,1,0,1,0,0,0,0,0,0,0,0,0,0.0,0,,0,0,,0,0,0,0,0,0,0,0,0.0,0,0,0,0,0,64.0,5760.0,0,0,0,54,eth:ethertype:ip:tcp,25.4,94.9,52.8,160.0,-50.0,a0:a3:b3:ed:ac:1c,,,,,0.0,Normal,0.0
1744308385991067,10.42.0.139,10.42.0.1,50160,1883,1,1,0,1,0,0,1,0,3,0,0,0,0,0.0,0,,0,0,,0,0,0,0,0,0,0,0,0.0,0,0,0,0,0,64.0,5760.0,0,0,0,57,eth:ethertype:ip:tcp,25.4,94.9,52.8,160.0,-50.0,a0:a3:b3:ed:ac:1c,,,,,0.0,Normal,0.0
1744308385994441,10.42.0.139,10.42.0.1,50160,1883,4,1,0,1,0,0,1,0,31,0,0,0,0,0.0,0,,0,0,,0,0,0,0,0,0,0,0,0.0,0,0,0,0,0,64.0,5760.0,0,0,0,85,eth:ethertype:ip:tcp,25.4,94.9,52.8,160.0,-50.0,a0:a3:b3:ed:ac:1c,,,,,0.0,Normal,0.0
1744308385997499,10.42.0.139,10.42.0.1,50160,1883,35,1,0,1,0,0,1,0,10,0,0,0,0,0.0,0,,0,1,,0,0,0,1,42,4,MQTT,4,0.0,0,0,0,0,0,64.0,5760.0,0,0,esp32_a0a3b3edac1c,64,eth:ethertype:ip:tcp:mqtt,25.4,94.9,52.8,160.0,-50.0,a0:a3:b3:ed:ac:1c,,,,,0.0,Normal,0.0
1744308386016203,10.42.0.139,10.42.0.1,50160,1883,45,5,0,1,0,0,0,0,0,0,0,0,0,0.0,0,,0,0,,0,0,0,0,0,0,0,0,0.0,0,0,0,0,0,64.0,5756.0,0,0,0,54,eth:ethertype:ip:tcp,25.4,94.9,52.8,160.0,-50.0,a0:a3:b3:ed:ac:1c,,,,,0.0,Normal,0.0
1744308386033800,10.42.0.139,10.42.0.1,50160,1883,45,5,0,1,0,0,1,0,3,0,0,0,0,0.0,0,,0,0,,0,0,0,0,0,0,0,0,0.0,0,0,0,0,0,64.0,5756.0,0,0,0,57,eth:ethertype:ip:tcp,25.4,94.9,52.8,160.0,-50.0,a0:a3:b3:ed:ac:1c,,,,,0.0,Normal,0.0
1744308386044307,10.42.0.139,10.42.0.1,50160,1883,48,5,0,1,1,0,1,0,185,0,0,0,0,0.0,0,,0,3,"Wakeup: 0, Mode: 0, Reset: 1, Temperature: 37.3, Uptime: 632660, Memory: 94.9, In_Temperature: 52.8°C, CPU: 160, RSSI: -52, MAC: a0:a3:b3:ed:ac:1c, F_Storage: 99.2",test/temperatura,16,0,0,182,0,0,0,0.0,0,0,0,0,0,64.0,5756.0,0,0,0,239,eth:ethertype:ip:tcp:mqtt,37.3,94.9,52.8,160.0,-52.0,a0:a3:b3:ed:ac:1c,,,,,0.0,Normal,0.0
1744308386047823,10.42.0.139,10.42.0.1,50160,1883,234,6,0,1,0,0,0,0,0,0,0,0,0,0.0,0,,0,0,,0,0,0,0,0,0,0,0,0.0,0,0,0,0,0,64.0,5755.0,0,0,0,54,eth:ethertype:ip:tcp,37.3,94.9,52.8,160.0,-52.0,a0:a3:b3:ed:ac:1c,,,,,0.0,Normal,0.0
1744308416053223,10.42.0.139,10.42.0.1,50161,1883,0,0,1,0,0,0,0,0,0,0,0,0,0,0.0,0,,0,0,,0,0,0,0,0,0,0,0,0.0,0,0,0,0,0,64.0,5760.0,0,0,0,58,eth:ethertype:ip:tcp,37.3,94.9,52.8,160.0,-52.0,a0:a3:b3:ed:ac:1c,,,,,0.0,Normal,0.0
1744308416056934,10.42.0.139,10.42.0.1,50161,1883,1,1,0,1,0,0,0,0,0,0,0,0,0,0.0,0,,0,0,,0,0,0,0,0,0,0,0,0.0,0,0,0,0,0,64.0,5760.0,0,0,0,54,eth:ethertype:ip:tcp,37.3,94.9,52.8,160.0,-52.0,a0:a3:b3:ed:ac:1c,,,,,0.0,Normal,0.0
1744308416059238,10.42.0.139,10.42.0.1,50161,1883,1,1,0,1,0,0,1,0,3,0,0,0,0,0.0,0,,0,0,,0,0,0,0,0,0,0,0,0.0,0,0,0,0,0,64.0,5760.0,0,0,0,57,eth:ethertype:ip:tcp,37.3,94.9,52.8,160.0,-52.0,a0:a3:b3:ed:ac:1c,,,,,0.0,Normal,0.0
1744308416062713,10.42.0.139,10.42.0.1,50161,1883,4,1,0,1,0,0,1,0,29,0,0,0,0,0.0,0,,0,0,,0,0,0,0,0,0,0,0,0.0,0,0,0,0,0,64.0,5760.0,0,0,0,83,eth:ethertype:ip:tcp,37.3,94.9,52.8,160.0,-52.0,a0:a3:b3:ed:ac:1c,,,,,0.0,Normal,0.0
1744308416065801,10.42.0.139,10.42.0.1,50161,1883,33,1,0,1,0,0,1,0,12,0,0,0,0,0.0,0,,0,1,,0,0,0,1,42,4,MQTT,4,0.0,0,0,0,0,0,64.0,5760.0,0,0,esp32_a0a3b3edac1c,66,eth:ethertype:ip:tcp:mqtt,37.3,94.9,52.8,160.0,-52.0,a0:a3:b3:ed:ac:1c,,,,,0.0,Normal,0.0
1744308416102196,10.42.0.139,10.42.0.1,50161,1883,45,5,0,1,0,0,1,0,3,0,0,0,0,0.0,0,,0,0,,0,0,0,0,0,0,0,0,0.0,0,0,0,0,0,64.0,5756.0,0,0,0,57,eth:ethertype:ip:tcp,37.3,94.9,52.8,160.0,-52.0,a0:a3:b3:ed:ac:1c,,,,,0.0,Normal,0.0
1744308416115593,10.42.0.139,10.42.0.1,50161,1883,48,5,0,1,1,0,1,0,185,0,0,0,0,0.0,0,,0,3,"Wakeup: 0, Mode: 0, Reset: 1, Temperature: 29.5, Uptime: 632690, Memory: 94.9, In_Temperature: 52.8°C, CPU: 160, RSSI: -50, MAC: a0:a3:b3:ed:ac:1c, F_Storage: 99.2",test/temperatura,16,0,0,182,0,0,0,0.0,0,0,0,0,0,64.0,5756.0,0,0,0,239,eth:ethertype:ip:tcp:mqtt,29.5,94.9,52.8,160.0,-50.0,a0:a3:b3:ed:ac:1c,,,,,0.0,Normal,0.0
1744308416119630,10.42.0.139,10.42.0.1,50161,1883,234,6,0,1,0,0,0,0,0,0,0,0,0,0.0,0,,0,0,,0,0,0,0,0,0,0,0,0.0,0,0,0,0,0,64.0,5755.0,0,0,0,54,eth:ethertype:ip:tcp,29.5,94.9,52.8,160.0,-50.0,a0:a3:b3:ed:ac:1c,,,,,0.0,Normal,0.0
1744308446123398,10.42.0.139,10.42.0.1,50162,1883,0,0,1,0,0,0,0,0,0,0,0,0,0,0.0,0,,0,0,,0,0,0,0,0,0,0,0,0.0,0,0,0,0,0,64.0,5760.0,0,0,0,58,eth:ethertype:ip:tcp,29.5,94.9,52.8,160.0,-50.0,a0:a3:b3:ed:ac:1c,,,,,0.0,Normal,0.0
1744308446141839,10.42.0.139,10.42.0.1,50162,1883,1,1,0,1,0,0,0,0,0,0,0,0,0,0.0,0,,0,0,,0,0,0,0,0,0,0,0,0.0,0,0,0,0,0,64.0,5760.0,0,0,0,54,eth:ethertype:ip:tcp,29.5,94.9,52.8,160.0,-50.0,a0:a3:b3:ed:ac:1c,,,,,0.0,Normal,0.0
1744308446143905,10.42.0.139,10.42.0.1,50162,1883,1,1,0,1,0,0,1,0,3,0,0,0,0,0.0,0,,0,0,,0,0,0,0,0,0,0,0,0.0,0,0,0,0,0,64.0,5760.0,0,0,0,57,eth:ethertype:ip:tcp,29.5,94.9,52.8,160.0,-50.0,a0:a3:b3:ed:ac:1c,,,,,0.0,Normal,0.0
1744308446147379,10.42.0.139,10.42.0.1,50162,1883,4,1,0,1,0,0,1,0,29,0,0,0,0,0.0,0,,0,0,,0,0,0,0,0,0,0,0,0.0,0,0,0,0,0,64.0,5760.0,0,0,0,83,eth:ethertype:ip:tcp,29.5,94.9,52.8,160.0,-50.0,a0:a3:b3:ed:ac:1c,,,,,0.0,Normal,0.0
1744308446150467,10.42.0.139,10.42.0.1,50162,1883,33,1,0,1,0,0,1,0,12,0,0,0,0,0.0,0,,0,1,,0,0,0,1,42,4,MQTT,4,0.0,0,0,0,0,0,64.0,5760.0,0,0,esp32_a0a3b3edac1c,66,eth:ethertype:ip:tcp:mqtt,29.5,94.9,52.8,160.0,-50.0,a0:a3:b3:ed:ac:1c,,,,,0.0,Normal,0.0
1744308446186427,10.42.0.139,10.42.0.1,50162,1883,45,5,0,1,0,0,1,0,3,0,0,0,0,0.0,0,,0,0,,0,0,0,0,0,0,0,0,0.0,0,0,0,0,0,64.0,5756.0,0,0,0,57,eth:ethertype:ip:tcp,29.5,94.9,52.8,160.0,-50.0,a0:a3:b3:ed:ac:1c,,,,,0.0,Normal,0.0
1744308446220458,10.42.0.139,10.42.0.1,50162,1883,48,5,0,1,1,0,1,0,185,0,0,0,0,0.0,0,,0,3,"Wakeup: 0, Mode: 0, Reset: 1, Temperature: 32.0, Uptime: 632720, Memory: 94.9, In_Temperature: 52.2°C, CPU: 160, RSSI: -50, MAC: a0:a3:b3:ed:ac:1c, F_Storage: 99.2",test/temperatura,16,0,0,182,0,0,0,0.0,0,0,0,0,0,64.0,5756.0,0,0,0,239,eth:ethertype:ip:tcp:mqtt,32.0,94.9,52.2,160.0,-50.0,a0:a3:b3:ed:ac:1c,,,,,0.0,Normal,0.0
1744308446223734,10.42.0.139,10.42.0.1,50162,1883,234,6,0,1,0,0,0,0,0,0,0,0,0,0.0,0,,0,0,,0,0,0,0,0,0,0,0,0.0,0,0,0,0,0,64.0,5755.0,0,0,0,54,eth:ethertype:ip:tcp,32.0,94.9,52.2,160.0,-50.0,a0:a3:b3:ed:ac:1c,,,,,0.0,Normal,0.0
1744308476212170,10.42.0.139,10.42.0.1,50163,1883,0,0,1,0,0,0,0,0,0,0,0,0,0,0.0,0,,0,0,,0,0,0,0,0,0,0,0,0.0,0,0,0,0,0,64.0,5760.0,0,0,0,58,eth:ethertype:ip:tcp,32.0,94.9,52.2,160.0,-50.0,a0:a3:b3:ed:ac:1c,,,,,0.0,Normal,0.0
1744308476216161,10.42.0.139,10.42.0.1,50163,1883,1,1,0,1,0,0,0,0,0,0,0,0,0,0.0,0,,0,0,,0,0,0,0,0,0,0,0,0.0,0,0,0,0,0,64.0,5760.0,0,0,0,54,eth:ethertype:ip:tcp,32.0,94.9,52.2,160.0,-50.0,a0:a3:b3:ed:ac:1c,,,,,0.0,Normal,0.0
1744308476218361,10.42.0.139,10.42.0.1,50163,1883,1,1,0,1,0,0,1,0,3,0,0,0,0,0.0,0,,0,0,,0,0,0,0,0,0,0,0,0.0,0,0,0,0,0,64.0,5760.0,0,0,0,57,eth:ethertype:ip:tcp,32.0,94.9,52.2,160.0,-50.0,a0:a3:b3:ed:ac:1c,,,,,0.0,Normal,0.0
1744308476221789,10.42.0.139,10.42.0.1,50163,1883,4,1,0,1,0,0,1,0,29,0,0,0,0,0.0,0,,0,0,,0,0,0,0,0,0,0,0,0.0,0,0,0,0,0,64.0,5760.0,0,0,0,83,eth:ethertype:ip:tcp,32.0,94.9,52.2,160.0,-50.0,a0:a3:b3:ed:ac:1c,,,,,0.0,Normal,0.0
1744308476224839,10.42.0.139,10.42.0.1,50163,1883,33,1,0,1,0,0,1,0,12,0,0,0,0,0.0,0,,0,1,,0,0,0,1,42,4,MQTT,4,0.0,0,0,0,0,0,64.0,5760.0,0,0,esp32_a0a3b3edac1c,66,eth:ethertype:ip:tcp:mqtt,32.0,94.9,52.2,160.0,-50.0,a0:a3:b3:ed:ac:1c,,,,,0.0,Normal,0.0
1744308476280372,10.42.0.139,10.42.0.1,50163,1883,45,5,0,1,0,0,1,0,3,0,0,0,0,0.0,0,,0,0,,0,0,0,0,0,0,0,0,0.0,0,0,0,0,0,64.0,5756.0,0,0,0,57,eth:ethertype:ip:tcp,32.0,94.9,52.2,160.0,-50.0,a0:a3:b3:ed:ac:1c,,,,,0.0,Normal,0.0
1744308476281412,10.42.0.139,10.42.0.1,50163,1883,48,5,0,1,1,0,1,0,185,0,0,0,0,0.0,0,,0,3,"Wakeup: 0, Mode: 0, Reset: 1, Temperature: 37.0, Uptime: 632750, Memory: 94.9, In_Temperature: 52.8°C, CPU: 160, RSSI: -51, MAC: a0:a3:b3:ed:ac:1c, F_Storage: 99.2",test/temperatura,16,0,0,182,0,0,0,0.0,0,0,0,0,0,64.0,5756.0,0,0,0,239,eth:ethertype:ip:tcp:mqtt,37.0,94.9,52.8,160.0,-51.0,a0:a3:b3:ed:ac:1c,,,,,0.0,Normal,0.0
1744308476284866,10.42.0.139,10.42.0.1,50163,1883,234,6,0,1,0,0,0,0,0,0,0,0,0,0.0,0,,0,0,,0,0,0,0,0,0,0,0,0.0,0,0,0,0,0,64.0,5755.0,0,0,0,54,eth:ethertype:ip:tcp,37.0,94.9,52.8,160.0,-51.0,a0:a3:b3:ed:ac:1c,,,,,0.0,Normal,0.0
1744308506288960,10.42.0.139,10.42.0.1,50164,1883,0,0,1,0,0,0,0,0,0,0,0,0,0,0.0,0,,0,0,,0,0,0,0,0,0,0,0,0.0,0,0,0,0,0,64.0,5760.0,0,0,0,58,eth:ethertype:ip:tcp,37.0,94.9,52.8,160.0,-51.0,a0:a3:b3:ed:ac:1c,,,,,0.0,Normal,0.0
1744308506292587,10.42.0.139,10.42.0.1,50164,1883,1,1,0,1,0,0,0,0,0,0,0,0,0,0.0,0,,0,0,,0,0,0,0,0,0,0,0,0.0,0,0,0,0,0,64.0,5760.0,0,0,0,54,eth:ethertype:ip:tcp,37.0,94.9,52.8,160.0,-51.0,a0:a3:b3:ed:ac:1c,,,,,0.0,Normal,0.0
1744308506294978,10.42.0.139,10.42.0.1,50164,1883,1,1,0,1,0,0,1,0,3,0,0,0,0,0.0,0,,0,0,,0,0,0,0,0,0,0,0,0.0,0,0,0,0,0,64.0,5760.0,0,0,0,57,eth:ethertype:ip:tcp,37.0,94.9,52.8,160.0,-51.0,a0:a3:b3:ed:ac:1c,,,,,0.0,Normal,0.0
1744308506298388,10.42.0.139,10.42.0.1,50164,1883,4,1,0,1,0,0,1,0,29,0,0,0,0,0.0,0,,0,0,,0,0,0,0,0,0,0,0,0.0,0,0,0,0,0,64.0,5760.0,0,0,0,83,eth:ethertype:ip:tcp,37.0,94.9,52.8,160.0,-51.0,a0:a3:b3:ed:ac:1c,,,,,0.0,Normal,0.0
1744308506302981,10.42.0.139,10.42.0.1,50164,1883,33,1,0,1,0,0,1,0,12,0,0,0,0,0.0,0,,0,1,,0,0,0,1,42,4,MQTT,4,0.0,0,0,0,0,0,64.0,5760.0,0,0,esp32_a0a3b3edac1c,66,eth:ethertype:ip:tcp:mqtt,37.0,94.9,52.8,160.0,-51.0,a0:a3:b3:ed:ac:1c,,,,,0.0,Normal,0.0
1744308506340062,10.42.0.139,10.42.0.1,50164,1883,45,5,0,1,0,0,1,0,3,0,0,0,0,0.0,0,,0,0,,0,0,0,0,0,0,0,0,0.0,0,0,0,0,0,64.0,5756.0,0,0,0,57,eth:ethertype:ip:tcp,37.0,94.9,52.8,160.0,-51.0,a0:a3:b3:ed:ac:1c,,,,,0.0,Normal,0.0
1744308506353445,10.42.0.139,10.42.0.1,50164,1883,48,5,0,1,1,0,1,0,185,0,0,0,0,0.0,0,,0,3,"Wakeup: 0, Mode: 0, Reset: 1, Temperature: 28.6, Uptime: 632780, Memory: 94.9, In_Temperature: 52.2°C, CPU: 160, RSSI: -50, MAC: a0:a3:b3:ed:ac:1c, F_Storage: 99.2",test/temperatura,16,0,0,182,0,0,0,0.0,0,0,0,0,0,64.0,5756.0,0,0,0,239,eth:ethertype:ip:tcp:mqtt,28.6,94.9,52.2,160.0,-50.0,a0:a3:b3:ed:ac:1c,,,,,0.0,Normal,0.0
1744308506356906,10.42.0.139,10.42.0.1,50164,1883,234,6,0,1,0,0,0,0,0,0,0,0,0,0.0,0,,0,0,,0,0,0,0,0,0,0,0,0.0,0,0,0,0,0,64.0,5755.0,0,0,0,54,eth:ethertype:ip:tcp,28.6,94.9,52.2,160.0,-50.0,a0:a3:b3:ed:ac:1c,,,,,0.0,Normal,0.0
1744308536360662,10.42.0.139,10.42.0.1,50165,1883,0,0,1,0,0,0,0,0,0,0,0,0,0,0.0,0,,0,0,,0,0,0,0,0,0,0,0,0.0,0,0,0,0,0,64.0,5760.0,0,0,0,58,eth:ethertype:ip:tcp,28.6,94.9,52.2,160.0,-50.0,a0:a3:b3:ed:ac:1c,,,,,0.0,Normal,0.0
1744308536385435,10.42.0.139,10.42.0.1,50165,1883,1,1,0,1,0,0,0,0,0,0,0,0,0,0.0,0,,0,0,,0,0,0,0,0,0,0,0,0.0,0,0,0,0,0,64.0,5760.0,0,0,0,54,eth:ethertype:ip:tcp,28.6,94.9,52.2,160.0,-50.0,a0:a3:b3:ed:ac:1c,,,,,0.0,Normal,0.0
1744308536386220,10.42.0.139,10.42.0.1,50165,1883,1,1,0,1,0,0,1,0,3,0,0,0,0,0.0,0,,0,0,,0,0,0,0,0,0,0,0,0.0,0,0,0,0,0,64.0,5760.0,0,0,0,57,eth:ethertype:ip:tcp,28.6,94.9,52.2,160.0,-50.0,a0:a3:b3:ed:ac:1c,,,,,0.0,Normal,0.0
1744308536388974,10.42.0.139,10.42.0.1,50165,1883,4,1,0,1,0,0,1,0,41,0,0,0,0,0.0,0,,0,1,,0,0,0,1,42,4,MQTT,4,0.0,0,0,0,0,0,64.0,5760.0,0,0,esp32_a0a3b3edac1c,95,eth:ethertype:ip:tcp:mqtt,28.6,94.9,52.2,160.0,-50.0,a0:a3:b3:ed:ac:1c,,,,,0.0,Normal,0.0
1744308536425270,10.42.0.139,10.42.0.1,50165,1883,45,5,0,1,0,0,1,0,3,0,0,0,0,0.0,0,,0,0,,0,0,0,0,0,0,0,0,0.0,0,0,0,0,0,64.0,5756.0,0,0,0,57,eth:ethertype:ip:tcp,28.6,94.9,52.2,160.0,-50.0,a0:a3:b3:ed:ac:1c,,,,,0.0,Normal,0.0
1744308536443244,10.42.0.139,10.42.0.1,50165,1883,48,5,0,1,1,0,1,0,185,0,0,0,0,0.0,0,,0,3,"Wakeup: 0, Mode: 0, Reset: 1, Temperature: 27.2, Uptime: 632810, Memory: 94.9, In_Temperature: 52.2°C, CPU: 160, RSSI: -51, MAC: a0:a3:b3:ed:ac:1c, F_Storage: 99.2",test/temperatura,16,0,0,182,0,0,0,0.0,0,0,0,0,0,64.0,5756.0,0,0,0,239,eth:ethertype:ip:tcp:mqtt,27.2,94.9,52.2,160.0,-51.0,a0:a3:b3:ed:ac:1c,,,,,0.0,Normal,0.0
1744308536446711,10.42.0.139,10.42.0.1,50165,1883,234,6,0,1,0,0,0,0,0,0,0,0,0,0.0,0,,0,0,,0,0,0,0,0,0,0,0,0.0,0,0,0,0,0,64.0,5755.0,0,0,0,54,eth:ethertype:ip:tcp,27.2,94.9,52.2,160.0,-51.0,a0:a3:b3:ed:ac:1c,,,,,0.0,Normal,0.0
1744308566450365,10.42.0.139,10.42.0.1,50166,1883,0,0,1,0,0,0,0,0,0,0,0,0,0,0.0,0,,0,0,,0,0,0,0,0,0,0,0,0.0,0,0,0,0,0,64.0,5760.0,0,0,0,58,eth:ethertype:ip:tcp,27.2,94.9,52.2,160.0,-51.0,a0:a3:b3:ed:ac:1c,,,,,0.0,Normal,0.0
1744308566461154,10.42.0.139,10.42.0.1,50166,1883,1,1,0,1,0,0,0,0,0,0,0,0,0,0.0,0,,0,0,,0,0,0,0,0,0,0,0,0.0,0,0,0,0,0,64.0,5760.0,0,0,0,54,eth:ethertype:ip:tcp,27.2,94.9,52.2,160.0,-51.0,a0:a3:b3:ed:ac:1c,,,,,0.0,Normal,0.0
1744308566461609,10.42.0.139,10.42.0.1,50166,1883,1,1,0,1,0,0,1,0,3,0,0,0,0,0.0,0,,0,0,,0,0,0,0,0,0,0,0,0.0,0,0,0,0,0,64.0,5760.0,0,0,0,57,eth:ethertype:ip:tcp,27.2,94.9,52.2,160.0,-51.0,a0:a3:b3:ed:ac:1c,,,,,0.0,Normal,0.0
1744308566464373,10.42.0.139,10.42.0.1,50166,1883,4,1,0,1,0,0,1,0,41,0,0,0,0,0.0,0,,0,1,,0,0,0,1,42,4,MQTT,4,0.0,0,0,0,0,0,64.0,5760.0,0,0,esp32_a0a3b3edac1c,95,eth:ethertype:ip:tcp:mqtt,27.2,94.9,52.2,160.0,-51.0,a0:a3:b3:ed:ac:1c,,,,,0.0,Normal,0.0
1744308566499841,10.42.0.139,10.42.0.1,50166,1883,45,5,0,1,0,0,1,0,3,0,0,0,0,0.0,0,,0,0,,0,0,0,0,0,0,0,0,0.0,0,0,0,0,0,64.0,5756.0,0,0,0,57,eth:ethertype:ip:tcp,27.2,94.9,52.2,160.0,-51.0,a0:a3:b3:ed:ac:1c,,,,,0.0,Normal,0.0
1744308566524171,10.42.0.139,10.42.0.1,50166,1883,48,5,0,1,1,0,1,0,185,0,0,0,0,0.0,0,,0,3,"Wakeup: 0, Mode: 0, Reset: 1, Temperature: 40.7, Uptime: 632840, Memory: 94.9, In_Temperature: 52.2°C, CPU: 160, RSSI: -51, MAC: a0:a3:b3:ed:ac:1c, F_Storage: 99.2",test/temperatura,16,0,0,182,0,0,0,0.0,0,0,0,0,0,64.0,5756.0,0,0,0,239,eth:ethertype:ip:tcp:mqtt,40.7,94.9,52.2,160.0,-51.0,a0:a3:b3:ed:ac:1c,,,,,0.0,Normal,0.0
1744308566527685,10.42.0.139,10.42.0.1,50166,1883,234,6,0,1,0,0,0,0,0,0,0,0,0,0.0,0,,0,0,,0,0,0,0,0,0,0,0,0.0,0,0,0,0,0,64.0,5755.0,0,0,0,54,eth:ethertype:ip:tcp,40.7,94.9,52.2,160.0,-51.0,a0:a3:b3:ed:ac:1c,,,,,0.0,Normal,0.0
1744308596518779,10.42.0.139,10.42.0.1,50167,1883,0,0,1,0,0,0,0,0,0,0,0,0,0,0.0,0,,0,0,,0,0,0,0,0,0,0,0,0.0,0,0,0,0,0,64.0,5760.0,0,0,0,58,eth:ethertype:ip:tcp,40.7,94.9,52.2,160.0,-51.0,a0:a3:b3:ed:ac:1c,,,,,0.0,Normal,0.0
1744308596523831,10.42.0.139,10.42.0.1,50167,1883,1,1,0,1,0,0,0,0,0,0,0,0,0,0.0,0,,0,0,,0,0,0,0,0,0,0,0,0.0,0,0,0,0,0,64.0,5760.0,0,0,0,54,eth:ethertype:ip:tcp,40.7,94.9,52.2,160.0,-51.0,a0:a3:b3:ed:ac:1c,,,,,0.0,Normal,0.0
1744308596525771,10.42.0.139,10.42.0.1,50167,1883,1,1,0,1,0,0,1,0,3,0,0,0,0,0.0,0,,0,0,,0,0,0,0,0,0,0,0,0.0,0,0,0,0,0,64.0,5760.0,0,0,0,57,eth:ethertype:ip:tcp,40.7,94.9,52.2,160.0,-51.0,a0:a3:b3:ed:ac:1c,,,,,0.0,Normal,0.0
1744308596529229,10.42.0.139,10.42.0.1,50167,1883,4,1,0,1,0,0,1,0,29,0,0,0,0,0.0,0,,0,0,,0,0,0,0,0,0,0,0,0.0,0,0,0,0,0,64.0,5760.0,0,0,0,83,eth:ethertype:ip:tcp,40.7,94.9,52.2,160.0,-51.0,a0:a3:b3:ed:ac:1c,,,,,0.0,Normal,0.0
1744308596532263,10.42.0.139,10.42.0.1,50167,1883,33,1,0,1,0,0,1,0,12,0,0,0,0,0.0,0,,0,1,,0,0,0,1,42,4,MQTT,4,0.0,0,0,0,0,0,64.0,5760.0,0,0,esp32_a0a3b3edac1c,66,eth:ethertype:ip:tcp:mqtt,40.7,94.9,52.2,160.0,-51.0,a0:a3:b3:ed:ac:1c,,,,,0.0,Normal,0.0
1744308596567499,10.42.0.139,10.42.0.1,50167,1883,45,5,0,1,0,0,1,0,3,0,0,0,0,0.0,0,,0,0,,0,0,0,0,0,0,0,0,0.0,0,0,0,0,0,64.0,5756.0,0,0,0,57,eth:ethertype:ip:tcp,40.7,94.9,52.2,160.0,-51.0,a0:a3:b3:ed:ac:1c,,,,,0.0,Normal,0.0
1744308596580130,10.42.0.139,10.42.0.1,50167,1883,48,5,0,1,1,0,1,0,185,0,0,0,0,0.0,0,,0,3,"Wakeup: 0, Mode: 0, Reset: 1, Temperature: 29.3, Uptime: 632871, Memory: 94.9, In_Temperature: 52.2°C, CPU: 160, RSSI: -50, MAC: a0:a3:b3:ed:ac:1c, F_Storage: 99.2",test/temperatura,16,0,0,182,0,0,0,0.0,0,0,0,0,0,64.0,5756.0,0,0,0,239,eth:ethertype:ip:tcp:mqtt,29.3,94.9,52.2,160.0,-50.0,a0:a3:b3:ed:ac:1c,,,,,0.0,Normal,0.0
1744308596583523,10.42.0.139,10.42.0.1,50167,1883,234,6,0,1,0,0,0,0,0,0,0,0,0,0.0,0,,0,0,,0,0,0,0,0,0,0,0,0.0,0,0,0,0,0,64.0,5755.0,0,0,0,54,eth:ethertype:ip:tcp,29.3,94.9,52.2,160.0,-50.0,a0:a3:b3:ed:ac:1c,,,,,0.0,Normal,0.0
1744308626588886,10.42.0.139,10.42.0.1,50168,1883,0,0,1,0,0,0,0,0,0,0,0,0,0,0.0,0,,0,0,,0,0,0,0,0,0,0,0,0.0,0,0,0,0,0,64.0,5760.0,0,0,0,58,eth:ethertype:ip:tcp,29.3,94.9,52.2,160.0,-50.0,a0:a3:b3:ed:ac:1c,,,,,0.0,Normal,0.0
1744308626592895,10.42.0.139,10.42.0.1,50168,1883,1,1,0,1,0,0,0,0,0,0,0,0,0,0.0,0,,0,0,,0,0,0,0,0,0,0,0,0.0,0,0,0,0,0,64.0,5760.0,0,0,0,54,eth:ethertype:ip:tcp,29.3,94.9,52.2,160.0,-50.0,a0:a3:b3:ed:ac:1c,,,,,0.0,Normal,0.0
1744308626594945,10.42.0.139,10.42.0.1,50168,1883,1,1,0,1,0,0,1,0,3,0,0,0,0,0.0,0,,0,0,,0,0,0,0,0,0,0,0,0.0,0,0,0,0,0,64.0,5760.0,0,0,0,57,eth:ethertype:ip:tcp,29.3,94.9,52.2,160.0,-50.0,a0:a3:b3:ed:ac:1c,,,,,0.0,Normal,0.0
1744308626598320,10.42.0.139,10.42.0.1,50168,1883,4,1,0,1,0,0,1,0,29,0,0,0,0,0.0,0,,0,0,,0,0,0,0,0,0,0,0,0.0,0,0,0,0,0,64.0,5760.0,0,0,0,83,eth:ethertype:ip:tcp,29.3,94.9,52.2,160.0,-50.0,a0:a3:b3:ed:ac:1c,,,,,0.0,Normal,0.0
1744308626601542,10.42.0.139,10.42.0.1,50168,1883,33,1,0,1,0,0,1,0,12,0,0,0,0,0.0,0,,0,1,,0,0,0,1,42,4,MQTT,4,0.0,0,0,0,0,0,64.0,5760.0,0,0,esp32_a0a3b3edac1c,66,eth:ethertype:ip:tcp:mqtt,29.3,94.9,52.2,160.0,-50.0,a0:a3:b3:ed:ac:1c,,,,,0.0,Normal,0.0
1744308626638227,10.42.0.139,10.42.0.1,50168,1883,45,5,0,1,0,0,1,0,3,0,0,0,0,0.0,0,,0,0,,0,0,0,0,0,0,0,0,0.0,0,0,0,0,0,64.0,5756.0,0,0,0,57,eth:ethertype:ip:tcp,29.3,94.9,52.2,160.0,-50.0,a0:a3:b3:ed:ac:1c,,,,,0.0,Normal,0.0
1744308626649041,10.42.0.139,10.42.0.1,50168,1883,48,5,0,1,1,0,1,0,185,0,0,0,0,0.0,0,,0,3,"Wakeup: 0, Mode: 0, Reset: 1, Temperature: 30.6, Uptime: 632901, Memory: 94.9, In_Temperature: 52.2°C, CPU: 160, RSSI: -51, MAC: a0:a3:b3:ed:ac:1c, F_Storage: 99.2",test/temperatura,16,0,0,182,0,0,0,0.0,0,0,0,0,0,64.0,5756.0,0,0,0,239,eth:ethertype:ip:tcp:mqtt,30.6,94.9,52.2,160.0,-51.0,a0:a3:b3:ed:ac:1c,,,,,0.0,Normal,0.0
1744308626652431,10.42.0.139,10.42.0.1,50168,1883,234,6,0,1,0,0,0,0,0,0,0,0,0,0.0,0,,0,0,,0,0,0,0,0,0,0,0,0.0,0,0,0,0,0,64.0,5755.0,0,0,0,54,eth:ethertype:ip:tcp,30.6,94.9,52.2,160.0,-51.0,a0:a3:b3:ed:ac:1c,,,,,0.0,Normal,0.0
1744308656657994,10.42.0.139,10.42.0.1,50169,1883,0,0,1,0,0,0,0,0,0,0,0,0,0,0.0,0,,0,0,,0,0,0,0,0,0,0,0,0.0,0,0,0,0,0,64.0,5760.0,0,0,0,58,eth:ethertype:ip:tcp,30.6,94.9,52.2,160.0,-51.0,a0:a3:b3:ed:ac:1c,,,,,0.0,Normal,0.0
1744308656661694,10.42.0.139,10.42.0.1,50169,1883,1,1,0,1,0,0,0,0,0,0,0,0,0,0.0,0,,0,0,,0,0,0,0,0,0,0,0,0.0,0,0,0,0,0,64.0,5760.0,0,0,0,54,eth:ethertype:ip:tcp,30.6,94.9,52.2,160.0,-51.0,a0:a3:b3:ed:ac:1c,,,,,0.0,Normal,0.0
1744308656664155,10.42.0.139,10.42.0.1,50169,1883,1,1,0,1,0,0,1,0,3,0,0,0,0,0.0,0,,0,0,,0,0,0,0,0,0,0,0,0.0,0,0,0,0,0,64.0,5760.0,0,0,0,57,eth:ethertype:ip:tcp,30.6,94.9,52.2,160.0,-51.0,a0:a3:b3:ed:ac:1c,,,,,0.0,Normal,0.0
1744308656667470,10.42.0.139,10.42.0.1,50169,1883,4,1,0,1,0,0,1,0,29,0,0,0,0,0.0,0,,0,0,,0,0,0,0,0,0,0,0,0.0,0,0,0,0,0,64.0,5760.0,0,0,0,83,eth:ethertype:ip:tcp,30.6,94.9,52.2,160.0,-51.0,a0:a3:b3:ed:ac:1c,,,,,0.0,Normal,0.0
1744308656670685,10.42.0.139,10.42.0.1,50169,1883,33,1,0,1,0,0,1,0,12,0,0,0,0,0.0,0,,0,1,,0,0,0,1,42,4,MQTT,4,0.0,0,0,0,0,0,64.0,5760.0,0,0,esp32_a0a3b3edac1c,66,eth:ethertype:ip:tcp:mqtt,30.6,94.9,52.2,160.0,-51.0,a0:a3:b3:ed:ac:1c,,,,,0.0,Normal,0.0
1744308656705956,10.42.0.139,10.42.0.1,50169,1883,45,5,0,1,0,0,1,0,3,0,0,0,0,0.0,0,,0,0,,0,0,0,0,0,0,0,0,0.0,0,0,0,0,0,64.0,5756.0,0,0,0,57,eth:ethertype:ip:tcp,30.6,94.9,52.2,160.0,-51.0,a0:a3:b3:ed:ac:1c,,,,,0.0,Normal,0.0
1744308656718416,10.42.0.139,10.42.0.1,50169,1883,48,5,0,1,1,0,1,0,185,0,0,0,0,0.0,0,,0,3,"Wakeup: 0, Mode: 0, Reset: 1, Temperature: 29.3, Uptime: 632931, Memory: 94.9, In_Temperature: 52.2°C, CPU: 160, RSSI: -50, MAC: a0:a3:b3:ed:ac:1c, F_Storage: 99.2",test/temperatura,16,0,0,182,0,0,0,0.0,0,0,0,0,0,64.0,5756.0,0,0,0,239,eth:ethertype:ip:tcp:mqtt,29.3,94.9,52.2,160.0,-50.0,a0:a3:b3:ed:ac:1c,,,,,0.0,Normal,0.0
1744308656721809,10.42.0.139,10.42.0.1,50169,1883,234,6,0,1,0,0,0,0,0,0,0,0,0,0.0,0,,0,0,,0,0,0,0,0,0,0,0,0.0,0,0,0,0,0,64.0,5755.0,0,0,0,54,eth:ethertype:ip:tcp,29.3,94.9,52.2,160.0,-50.0,a0:a3:b3:ed:ac:1c,,,,,0.0,Normal,0.0
1744308686726581,10.42.0.139,10.42.0.1,50170,1883,0,0,1,0,0,0,0,0,0,0,0,0,0,0.0,0,,0,0,,0,0,0,0,0,0,0,0,0.0,0,0,0,0,0,64.0,5760.0,0,0,0,58,eth:ethertype:ip:tcp,29.3,94.9,52.2,160.0,-50.0,a0:a3:b3:ed:ac:1c,,,,,0.0,Normal,0.0
1744308686732237,10.42.0.139,10.42.0.1,50170,1883,1,1,0,1,0,0,0,0,0,0,0,0,0,0.0,0,,0,0,,0,0,0,0,0,0,0,0,0.0,0,0,0,0,0,64.0,5760.0,0,0,0,54,eth:ethertype:ip:tcp,29.3,94.9,52.2,160.0,-50.0,a0:a3:b3:ed:ac:1c,,,,,0.0,Normal,0.0
1744308686735750,10.42.0.139,10.42.0.1,50170,1883,1,1,0,1,0,0,1,0,3,0,0,0,0,0.0,0,,0,0,,0,0,0,0,0,0,0,0,0.0,0,0,0,0,0,64.0,5760.0,0,0,0,57,eth:ethertype:ip:tcp,29.3,94.9,52.2,160.0,-50.0,a0:a3:b3:ed:ac:1c,,,,,0.0,Normal,0.0
1744308686739037,10.42.0.139,10.42.0.1,50170,1883,4,1,0,1,0,0,1,0,41,0,0,0,0,0.0,0,,0,1,,0,0,0,1,42,4,MQTT,4,0.0,0,0,0,0,0,64.0,5760.0,0,0,esp32_a0a3b3edac1c,95,eth:ethertype:ip:tcp:mqtt,29.3,94.9,52.2,160.0,-50.0,a0:a3:b3:ed:ac:1c,,,,,0.0,Normal,0.0
1744308686758485,10.42.0.139,10.42.0.1,50170,1883,45,5,0,1,0,0,0,0,0,0,0,0,0,0.0,0,,0,0,,0,0,0,0,0,0,0,0,0.0,0,0,0,0,0,64.0,5756.0,0,0,0,54,eth:ethertype:ip:tcp,29.3,94.9,52.2,160.0,-50.0,a0:a3:b3:ed:ac:1c,,,,,0.0,Normal,0.0
1744308686775613,10.42.0.139,10.42.0.1,50170,1883,45,5,0,1,0,0,1,0,3,0,0,0,0,0.0,0,,0,0,,0,0,0,0,0,0,0,0,0.0,0,0,0,0,0,64.0,5756.0,0,0,0,57,eth:ethertype:ip:tcp,29.3,94.9,52.2,160.0,-50.0,a0:a3:b3:ed:ac:1c,,,,,0.0,Normal,0.0
1744308686787455,10.42.0.139,10.42.0.1,50170,1883,48,5,0,1,1,0,1,0,185,0,0,0,0,0.0,0,,0,3,"Wakeup: 0, Mode: 0, Reset: 1, Temperature: 26.3, Uptime: 632961, Memory: 94.9, In_Temperature: 52.2°C, CPU: 160, RSSI: -49, MAC: a0:a3:b3:ed:ac:1c, F_Storage: 99.2",test/temperatura,16,0,0,182,0,0,0,0.0,0,0,0,0,0,64.0,5756.0,0,0,0,239,eth:ethertype:ip:tcp:mqtt,26.3,94.9,52.2,160.0,-49.0,a0:a3:b3:ed:ac:1c,,,,,0.0,Normal,0.0
1744308686790810,10.42.0.139,10.42.0.1,50170,1883,234,6,0,1,0,0,0,0,0,0,0,0,0,0.0,0,,0,0,,0,0,0,0,0,0,0,0,0.0,0,0,0,0,0,64.0,5755.0,0,0,0,54,eth:ethertype:ip:tcp,26.3,94.9,52.2,160.0,-49.0,a0:a3:b3:ed:ac:1c,,,,,0.0,Normal,0.0
1744308716796951,10.42.0.139,10.42.0.1,50171,1883,0,0,1,0,0,0,0,0,0,0,0,0,0,0.0,0,,0,0,,0,0,0,0,0,0,0,0,0.0,0,0,0,0,0,64.0,5760.0,0,0,0,58,eth:ethertype:ip:tcp,26.3,94.9,52.2,160.0,-49.0,a0:a3:b3:ed:ac:1c,,,,,0.0,Normal,0.0
1744308716800772,10.42.0.139,10.42.0.1,50171,1883,1,1,0,1,0,0,0,0,0,0,0,0,0,0.0,0,,0,0,,0,0,0,0,0,0,0,0,0.0,0,0,0,0,0,64.0,5760.0,0,0,0,54,eth:ethertype:ip:tcp,26.3,94.9,52.2,160.0,-49.0,a0:a3:b3:ed:ac:1c,,,,,0.0,Normal,0.0
1744308716803070,10.42.0.139,10.42.0.1,50171,1883,1,1,0,1,0,0,1,0,3,0,0,0,0,0.0,0,,0,0,,0,0,0,0,0,0,0,0,0.0,0,0,0,0,0,64.0,5760.0,0,0,0,57,eth:ethertype:ip:tcp,26.3,94.9,52.2,160.0,-49.0,a0:a3:b3:ed:ac:1c,,,,,0.0,Normal,0.0
1744308716806526,10.42.0.139,10.42.0.1,50171,1883,4,1,0,1,0,0,1,0,29,0,0,0,0,0.0,0,,0,0,,0,0,0,0,0,0,0,0,0.0,0,0,0,0,0,64.0,5760.0,0,0,0,83,eth:ethertype:ip:tcp,26.3,94.9,52.2,160.0,-49.0,a0:a3:b3:ed:ac:1c,,,,,0.0,Normal,0.0
1744308716809551,10.42.0.139,10.42.0.1,50171,1883,33,1,0,1,0,0,1,0,12,0,0,0,0,0.0,0,,0,1,,0,0,0,1,42,4,MQTT,4,0.0,0,0,0,0,0,64.0,5760.0,0,0,esp32_a0a3b3edac1c,66,eth:ethertype:ip:tcp:mqtt,26.3,94.9,52.2,160.0,-49.0,a0:a3:b3:ed:ac:1c,,,,,0.0,Normal,0.0
1744308716846374,10.42.0.139,10.42.0.1,50171,1883,45,5,0,1,0,0,1,0,3,0,0,0,0,0.0,0,,0,0,,0,0,0,0,0,0,0,0,0.0,0,0,0,0,0,64.0,5756.0,0,0,0,57,eth:ethertype:ip:tcp,26.3,94.9,52.2,160.0,-49.0,a0:a3:b3:ed:ac:1c,,,,,0.0,Normal,0.0
1744308716857060,10.42.0.139,10.42.0.1,50171,1883,48,5,0,1,1,0,1,0,185,0,0,0,0,0.0,0,,0,3,"Wakeup: 0, Mode: 0, Reset: 1, Temperature: 31.5, Uptime: 632991, Memory: 94.9, In_Temperature: 52.2°C, CPU: 160, RSSI: -52, MAC: a0:a3:b3:ed:ac:1c, F_Storage: 99.2",test/temperatura,16,0,0,182,0,0,0,0.0,0,0,0,0,0,64.0,5756.0,0,0,0,239,eth:ethertype:ip:tcp:mqtt,31.5,94.9,52.2,160.0,-52.0,a0:a3:b3:ed:ac:1c,,,,,0.0,Normal,0.0
1744308716860671,10.42.0.139,10.42.0.1,50171,1883,234,6,0,1,0,0,0,0,0,0,0,0,0,0.0,0,,0,0,,0,0,0,0,0,0,0,0,0.0,0,0,0,0,0,64.0,5755.0,0,0,0,54,eth:ethertype:ip:tcp,31.5,94.9,52.2,160.0,-52.0,a0:a3:b3:ed:ac:1c,,,,,0.0,Normal,0.0
1744308746866051,10.42.0.139,10.42.0.1,50172,1883,0,0,1,0,0,0,0,0,0,0,0,0,0,0.0,0,,0,0,,0,0,0,0,0,0,0,0,0.0,0,0,0,0,0,64.0,5760.0,0,0,0,58,eth:ethertype:ip:tcp,31.5,94.9,52.2,160.0,-52.0,a0:a3:b3:ed:ac:1c,,,,,0.0,Normal,0.0
1744308746869962,10.42.0.139,10.42.0.1,50172,1883,1,1,0,1,0,0,0,0,0,0,0,0,0,0.0,0,,0,0,,0,0,0,0,0,0,0,0,0.0,0,0,0,0,0,64.0,5760.0,0,0,0,54,eth:ethertype:ip:tcp,31.5,94.9,52.2,160.0,-52.0,a0:a3:b3:ed:ac:1c,,,,,0.0,Normal,0.0
1744308746872093,10.42.0.139,10.42.0.1,50172,1883,1,1,0,1,0,0,1,0,3,0,0,0,0,0.0,0,,0,0,,0,0,0,0,0,0,0,0,0.0,0,0,0,0,0,64.0,5760.0,0,0,0,57,eth:ethertype:ip:tcp,31.5,94.9,52.2,160.0,-52.0,a0:a3:b3:ed:ac:1c,,,,,0.0,Normal,0.0
1744308746877140,10.42.0.139,10.42.0.1,50172,1883,4,1,0,1,0,0,1,0,31,0,0,0,0,0.0,0,,0,0,,0,0,0,0,0,0,0,0,0.0,0,0,0,0,0,64.0,5760.0,0,0,0,85,eth:ethertype:ip:tcp,31.5,94.9,52.2,160.0,-52.0,a0:a3:b3:ed:ac:1c,,,,,0.0,Normal,0.0
1744308746879872,10.42.0.139,10.42.0.1,50172,1883,35,1,0,1,0,0,1,0,10,0,0,0,0,0.0,0,,0,1,,0,0,0,1,42,4,MQTT,4,0.0,0,0,0,0,0,64.0,5760.0,0,0,esp32_a0a3b3edac1c,64,eth:ethertype:ip:tcp:mqtt,31.5,94.9,52.2,160.0,-52.0,a0:a3:b3:ed:ac:1c,,,,,0.0,Normal,0.0
1744308746915451,10.42.0.139,10.42.0.1,50172,1883,45,5,0,1,0,0,1,0,3,0,0,0,0,0.0,0,,0,0,,0,0,0,0,0,0,0,0,0.0,0,0,0,0,0,64.0,5756.0,0,0,0,57,eth:ethertype:ip:tcp,31.5,94.9,52.2,160.0,-52.0,a0:a3:b3:ed:ac:1c,,,,,0.0,Normal,0.0
1744308746926486,10.42.0.139,10.42.0.1,50172,1883,48,5,0,1,1,0,1,0,185,0,0,0,0,0.0,0,,0,3,"Wakeup: 0, Mode: 0, Reset: 1, Temperature: 34.8, Uptime: 633021, Memory: 94.9, In_Temperature: 52.2°C, CPU: 160, RSSI: -52, MAC: a0:a3:b3:ed:ac:1c, F_Storage: 99.2",test/temperatura,16,0,0,182,0,0,0,0.0,0,0,0,0,0,64.0,5756.0,0,0,0,239,eth:ethertype:ip:tcp:mqtt,34.8,94.9,52.2,160.0,-52.0,a0:a3:b3:ed:ac:1c,,,,,0.0,Normal,0.0
1744308746929842,10.42.0.139,10.42.0.1,50172,1883,234,6,0,1,0,0,0,0,0,0,0,0,0,0.0,0,,0,0,,0,0,0,0,0,0,0,0,0.0,0,0,0,0,0,64.0,5755.0,0,0,0,54,eth:ethertype:ip:tcp,34.8,94.9,52.2,160.0,-52.0,a0:a3:b3:ed:ac:1c,,,,,0.0,Normal,0.0
1744308776935397,10.42.0.139,10.42.0.1,50173,1883,0,0,1,0,0,0,0,0,0,0,0,0,0,0.0,0,,0,0,,0,0,0,0,0,0,0,0,0.0,0,0,0,0,0,64.0,5760.0,0,0,0,58,eth:ethertype:ip:tcp,34.8,94.9,52.2,160.0,-52.0,a0:a3:b3:ed:ac:1c,,,,,0.0,Normal,0.0
1744308776939459,10.42.0.139,10.42.0.1,50173,1883,1,1,0,1,0,0,0,0,0,0,0,0,0,0.0,0,,0,0,,0,0,0,0,0,0,0,0,0.0,0,0,0,0,0,64.0,5760.0,0,0,0,54,eth:ethertype:ip:tcp,34.8,94.9,52.2,160.0,-52.0,a0:a3:b3:ed:ac:1c,,,,,0.0,Normal,0.0
1744308776941494,10.42.0.139,10.42.0.1,50173,1883,1,1,0,1,0,0,1,0,3,0,0,0,0,0.0,0,,0,0,,0,0,0,0,0,0,0,0,0.0,0,0,0,0,0,64.0,5760.0,0,0,0,57,eth:ethertype:ip:tcp,34.8,94.9,52.2,160.0,-52.0,a0:a3:b3:ed:ac:1c,,,,,0.0,Normal,0.0
1744308776946787,10.42.0.139,10.42.0.1,50173,1883,4,1,0,1,0,0,1,0,29,0,0,0,0,0.0,0,,0,0,,0,0,0,0,0,0,0,0,0.0,0,0,0,0,0,64.0,5760.0,0,0,0,83,eth:ethertype:ip:tcp,34.8,94.9,52.2,160.0,-52.0,a0:a3:b3:ed:ac:1c,,,,,0.0,Normal,0.0
1744308776950796,10.42.0.139,10.42.0.1,50173,1883,33,1,0,1,0,0,1,0,12,0,0,0,0,0.0,0,,0,1,,0,0,0,1,42,4,MQTT,4,0.0,0,0,0,0,0,64.0,5760.0,0,0,esp32_a0a3b3edac1c,66,eth:ethertype:ip:tcp:mqtt,34.8,94.9,52.2,160.0,-52.0,a0:a3:b3:ed:ac:1c,,,,,0.0,Normal,0.0
1744308776986462,10.42.0.139,10.42.0.1,50173,1883,45,5,0,1,0,0,1,0,3,0,0,0,0,0.0,0,,0,0,,0,0,0,0,0,0,0,0,0.0,0,0,0,0,0,64.0,5756.0,0,0,0,57,eth:ethertype:ip:tcp,34.8,94.9,52.2,160.0,-52.0,a0:a3:b3:ed:ac:1c,,,,,0.0,Normal,0.0
1744308776995762,10.42.0.139,10.42.0.1,50173,1883,48,5,0,1,1,0,1,0,185,0,0,0,0,0.0,0,,0,3,"Wakeup: 0, Mode: 0, Reset: 1, Temperature: 38.5, Uptime: 633051, Memory: 94.8, In_Temperature: 52.2°C, CPU: 160, RSSI: -50, MAC: a0:a3:b3:ed:ac:1c, F_Storage: 99.2",test/temperatura,16,0,0,182,0,0,0,0.0,0,0,0,0,0,64.0,5756.0,0,0,0,239,eth:ethertype:ip:tcp:mqtt,38.5,94.8,52.2,160.0,-50.0,a0:a3:b3:ed:ac:1c,,,,,0.0,Normal,0.0
1744308776998977,10.42.0.139,10.42.0.1,50173,1883,234,6,0,1,0,0,0,0,0,0,0,0,0,0.0,0,,0,0,,0,0,0,0,0,0,0,0,0.0,0,0,0,0,0,64.0,5755.0,0,0,0,54,eth:ethertype:ip:tcp,38.5,94.8,52.2,160.0,-50.0,a0:a3:b3:ed:ac:1c,,,,,0.0,Normal,0.0
1744308807013136,10.42.0.139,10.42.0.1,50174,1883,0,0,1,0,0,0,0,0,0,0,0,0,0,0.0,0,,0,0,,0,0,0,0,0,0,0,0,0.0,0,0,0,0,0,64.0,5760.0,0,0,0,58,eth:ethertype:ip:tcp,38.5,94.8,52.2,160.0,-50.0,a0:a3:b3:ed:ac:1c,,,,,0.0,Normal,0.0
1744308807017204,10.42.0.139,10.42.0.1,50174,1883,1,1,0,1,0,0,0,0,0,0,0,0,0,0.0,0,,0,0,,0,0,0,0,0,0,0,0,0.0,0,0,0,0,0,64.0,5760.0,0,0,0,54,eth:ethertype:ip:tcp,38.5,94.8,52.2,160.0,-50.0,a0:a3:b3:ed:ac:1c,,,,,0.0,Normal,0.0
1744308807019357,10.42.0.139,10.42.0.1,50174,1883,1,1,0,1,0,0,1,0,3,0,0,0,0,0.0,0,,0,0,,0,0,0,0,0,0,0,0,0.0,0,0,0,0,0,64.0,5760.0,0,0,0,57,eth:ethertype:ip:tcp,38.5,94.8,52.2,160.0,-50.0,a0:a3:b3:ed:ac:1c,,,,,0.0,Normal,0.0
1744308807022767,10.42.0.139,10.42.0.1,50174,1883,4,1,0,1,0,0,1,0,29,0,0,0,0,0.0,0,,0,0,,0,0,0,0,0,0,0,0,0.0,0,0,0,0,0,64.0,5760.0,0,0,0,83,eth:ethertype:ip:tcp,38.5,94.8,52.2,160.0,-50.0,a0:a3:b3:ed:ac:1c,,,,,0.0,Normal,0.0
1744308807025880,10.42.0.139,10.42.0.1,50174,1883,33,1,0,1,0,0,1,0,12,0,0,0,0,0.0,0,,0,1,,0,0,0,1,42,4,MQTT,4,0.0,0,0,0,0,0,64.0,5760.0,0,0,esp32_a0a3b3edac1c,66,eth:ethertype:ip:tcp:mqtt,38.5,94.8,52.2,160.0,-50.0,a0:a3:b3:ed:ac:1c,,,,,0.0,Normal,0.0
1744308807062426,10.42.0.139,10.42.0.1,50174,1883,45,5,0,1,0,0,1,0,3,0,0,0,0,0.0,0,,0,0,,0,0,0,0,0,0,0,0,0.0,0,0,0,0,0,64.0,5756.0,0,0,0,57,eth:ethertype:ip:tcp,38.5,94.8,52.2,160.0,-50.0,a0:a3:b3:ed:ac:1c,,,,,0.0,Normal,0.0
1744308807075027,10.42.0.139,10.42.0.1,50174,1883,48,5,0,1,1,0,1,0,185,0,0,0,0,0.0,0,,0,3,"Wakeup: 0, Mode: 0, Reset: 1, Temperature: 27.1, Uptime: 633081, Memory: 94.9, In_Temperature: 52.2°C, CPU: 160, RSSI: -50, MAC: a0:a3:b3:ed:ac:1c, F_Storage: 99.2",test/temperatura,16,0,0,182,0,0,0,0.0,0,0,0,0,0,64.0,5756.0,0,0,0,239,eth:ethertype:ip:tcp:mqtt,27.1,94.9,52.2,160.0,-50.0,a0:a3:b3:ed:ac:1c,,,,,0.0,Normal,0.0
1744308807078886,10.42.0.139,10.42.0.1,50174,1883,234,6,0,1,0,0,0,0,0,0,0,0,0,0.0,0,,0,0,,0,0,0,0,0,0,0,0,0.0,0,0,0,0,0,64.0,5755.0,0,0,0,54,eth:ethertype:ip:tcp,27.1,94.9,52.2,160.0,-50.0,a0:a3:b3:ed:ac:1c,,,,,0.0,Normal,0.0
1744308837084013,10.42.0.139,10.42.0.1,50175,1883,0,0,1,0,0,0,0,0,0,0,0,0,0,0.0,0,,0,0,,0,0,0,0,0,0,0,0,0.0,0,0,0,0,0,64.0,5760.0,0,0,0,58,eth:ethertype:ip:tcp,27.1,94.9,52.2,160.0,-50.0,a0:a3:b3:ed:ac:1c,,,,,0.0,Normal,0.0
1744308837087934,10.42.0.139,10.42.0.1,50175,1883,1,1,0,1,0,0,0,0,0,0,0,0,0,0.0,0,,0,0,,0,0,0,0,0,0,0,0,0.0,0,0,0,0,0,64.0,5760.0,0,0,0,54,eth:ethertype:ip:tcp,27.1,94.9,52.2,160.0,-50.0,a0:a3:b3:ed:ac:1c,,,,,0.0,Normal,0.0
1744308837092308,10.42.0.139,10.42.0.1,50175,1883,1,1,0,1,0,0,1,0,3,0,0,0,0,0.0,0,,0,0,,0,0,0,0,0,0,0,0,0.0,0,0,0,0,0,64.0,5760.0,0,0,0,57,eth:ethertype:ip:tcp,27.1,94.9,52.2,160.0,-50.0,a0:a3:b3:ed:ac:1c,,,,,0.0,Normal,0.0
1744308837095192,10.42.0.139,10.42.0.1,50175,1883,4,1,0,1,0,0,1,0,41,0,0,0,0,0.0,0,,0,1,,0,0,0,1,42,4,MQTT,4,0.0,0,0,0,0,0,64.0,5760.0,0,0,esp32_a0a3b3edac1c,95,eth:ethertype:ip:tcp:mqtt,27.1,94.9,52.2,160.0,-50.0,a0:a3:b3:ed:ac:1c,,,,,0.0,Normal,0.0
1744308837130503,10.42.0.139,10.42.0.1,50175,1883,45,5,0,1,0,0,1,0,3,0,0,0,0,0.0,0,,0,0,,0,0,0,0,0,0,0,0,0.0,0,0,0,0,0,64.0,5756.0,0,0,0,57,eth:ethertype:ip:tcp,27.1,94.9,52.2,160.0,-50.0,a0:a3:b3:ed:ac:1c,,,,,0.0,Normal,0.0
1744308837144312,10.42.0.139,10.42.0.1,50175,1883,48,5,0,1,1,0,1,0,185,0,0,0,0,0.0,0,,0,3,"Wakeup: 0, Mode: 0, Reset: 1, Temperature: 34.1, Uptime: 633111, Memory: 94.9, In_Temperature: 52.2°C, CPU: 160, RSSI: -51, MAC: a0:a3:b3:ed:ac:1c, F_Storage: 99.2",test/temperatura,16,0,0,182,0,0,0,0.0,0,0,0,0,0,64.0,5756.0,0,0,0,239,eth:ethertype:ip:tcp:mqtt,34.1,94.9,52.2,160.0,-51.0,a0:a3:b3:ed:ac:1c,,,,,0.0,Normal,0.0
1744308837147684,10.42.0.139,10.42.0.1,50175,1883,234,6,0,1,0,0,0,0,0,0,0,0,0,0.0,0,,0,0,,0,0,0,0,0,0,0,0,0.0,0,0,0,0,0,64.0,5755.0,0,0,0,54,eth:ethertype:ip:tcp,34.1,94.9,52.2,160.0,-51.0,a0:a3:b3:ed:ac:1c,,,,,0.0,Normal,0.0
1744308867152584,10.42.0.139,10.42.0.1,50176,1883,0,0,1,0,0,0,0,0,0,0,0,0,0,0.0,0,,0,0,,0,0,0,0,0,0,0,0,0.0,0,0,0,0,0,64.0,5760.0,0,0,0,58,eth:ethertype:ip:tcp,34.1,94.9,52.2,160.0,-51.0,a0:a3:b3:ed:ac:1c,,,,,0.0,Normal,0.0
1744308867156290,10.42.0.139,10.42.0.1,50176,1883,1,1,0,1,0,0,0,0,0,0,0,0,0,0.0,0,,0,0,,0,0,0,0,0,0,0,0,0.0,0,0,0,0,0,64.0,5760.0,0,0,0,54,eth:ethertype:ip:tcp,34.1,94.9,52.2,160.0,-51.0,a0:a3:b3:ed:ac:1c,,,,,0.0,Normal,0.0
1744308867158482,10.42.0.139,10.42.0.1,50176,1883,1,1,0,1,0,0,1,0,3,0,0,0,0,0.0,0,,0,0,,0,0,0,0,0,0,0,0,0.0,0,0,0,0,0,64.0,5760.0,0,0,0,57,eth:ethertype:ip:tcp,34.1,94.9,52.2,160.0,-51.0,a0:a3:b3:ed:ac:1c,,,,,0.0,Normal,0.0
1744308867165333,10.42.0.139,10.42.0.1,50176,1883,4,1,0,1,0,0,1,0,41,0,0,0,0,0.0,0,,0,1,,0,0,0,1,42,4,MQTT,4,0.0,0,0,0,0,0,64.0,5760.0,0,0,esp32_a0a3b3edac1c,95,eth:ethertype:ip:tcp:mqtt,34.1,94.9,52.2,160.0,-51.0,a0:a3:b3:ed:ac:1c,,,,,0.0,Normal,0.0
1744308867200671,10.42.0.139,10.42.0.1,50176,1883,45,5,0,1,0,0,1,0,3,0,0,0,0,0.0,0,,0,0,,0,0,0,0,0,0,0,0,0.0,0,0,0,0,0,64.0,5756.0,0,0,0,57,eth:ethertype:ip:tcp,34.1,94.9,52.2,160.0,-51.0,a0:a3:b3:ed:ac:1c,,,,,0.0,Normal,0.0
1744308867213768,10.42.0.139,10.42.0.1,50176,1883,48,5,0,1,1,0,1,0,185,0,0,0,0,0.0,0,,0,3,"Wakeup: 0, Mode: 0, Reset: 1, Temperature: 31.7, Uptime: 633141, Memory: 94.9, In_Temperature: 52.2°C, CPU: 160, RSSI: -51, MAC: a0:a3:b3:ed:ac:1c, F_Storage: 99.2",test/temperatura,16,0,0,182,0,0,0,0.0,0,0,0,0,0,64.0,5756.0,0,0,0,239,eth:ethertype:ip:tcp:mqtt,31.7,94.9,52.2,160.0,-51.0,a0:a3:b3:ed:ac:1c,,,,,0.0,Normal,0.0
1744308867217140,10.42.0.139,10.42.0.1,50176,1883,234,6,0,1,0,0,0,0,0,0,0,0,0,0.0,0,,0,0,,0,0,0,0,0,0,0,0,0.0,0,0,0,0,0,64.0,5755.0,0,0,0,54,eth:ethertype:ip:tcp,31.7,94.9,52.2,160.0,-51.0,a0:a3:b3:ed:ac:1c,,,,,0.0,Normal,0.0
1744308897222754,10.42.0.139,10.42.0.1,50177,1883,0,0,1,0,0,0,0,0,0,0,0,0,0,0.0,0,,0,0,,0,0,0,0,0,0,0,0,0.0,0,0,0,0,0,64.0,5760.0,0,0,0,58,eth:ethertype:ip:tcp,31.7,94.9,52.2,160.0,-51.0,a0:a3:b3:ed:ac:1c,,,,,0.0,Normal,0.0
1744308897227153,10.42.0.139,10.42.0.1,50177,1883,1,1,0,1,0,0,0,0,0,0,0,0,0,0.0,0,,0,0,,0,0,0,0,0,0,0,0,0.0,0,0,0,0,0,64.0,5760.0,0,0,0,54,eth:ethertype:ip:tcp,31.7,94.9,52.2,160.0,-51.0,a0:a3:b3:ed:ac:1c,,,,,0.0,Normal,0.0
1744308897229092,10.42.0.139,10.42.0.1,50177,1883,1,1,0,1,0,0,1,0,3,0,0,0,0,0.0,0,,0,0,,0,0,0,0,0,0,0,0,0.0,0,0,0,0,0,64.0,5760.0,0,0,0,57,eth:ethertype:ip:tcp,31.7,94.9,52.2,160.0,-51.0,a0:a3:b3:ed:ac:1c,,,,,0.0,Normal,0.0
1744308897232604,10.42.0.139,10.42.0.1,50177,1883,4,1,0,1,0,0,1,0,29,0,0,0,0,0.0,0,,0,0,,0,0,0,0,0,0,0,0,0.0,0,0,0,0,0,64.0,5760.0,0,0,0,83,eth:ethertype:ip:tcp,31.7,94.9,52.2,160.0,-51.0,a0:a3:b3:ed:ac:1c,,,,,0.0,Normal,0.0
1744308897235697,10.42.0.139,10.42.0.1,50177,1883,33,1,0,1,0,0,1,0,12,0,0,0,0,0.0,0,,0,1,,0,0,0,1,42,4,MQTT,4,0.0,0,0,0,0,0,64.0,5760.0,0,0,esp32_a0a3b3edac1c,66,eth:ethertype:ip:tcp:mqtt,31.7,94.9,52.2,160.0,-51.0,a0:a3:b3:ed:ac:1c,,,,,0.0,Normal,0.0
1744308897253430,10.42.0.139,10.42.0.1,50177,1883,45,5,0,1,0,0,0,0,0,0,0,0,0,0.0,0,,0,0,,0,0,0,0,0,0,0,0,0.0,0,0,0,0,0,64.0,5756.0,0,0,0,54,eth:ethertype:ip:tcp,31.7,94.9,52.2,160.0,-51.0,a0:a3:b3:ed:ac:1c,,,,,0.0,Normal,0.0
1744308897273798,10.42.0.139,10.42.0.1,50177,1883,45,5,0,1,0,0,1,0,3,0,0,0,0,0.0,0,,0,0,,0,0,0,0,0,0,0,0,0.0,0,0,0,0,0,64.0,5756.0,0,0,0,57,eth:ethertype:ip:tcp,31.7,94.9,52.2,160.0,-51.0,a0:a3:b3:ed:ac:1c,,,,,0.0,Normal,0.0
1744308897283074,10.42.0.139,10.42.0.1,50177,1883,48,5,0,1,1,0,1,0,185,0,0,0,0,0.0,0,,0,3,"Wakeup: 0, Mode: 0, Reset: 1, Temperature: 29.9, Uptime: 633171, Memory: 94.9, In_Temperature: 52.2°C, CPU: 160, RSSI: -51, MAC: a0:a3:b3:ed:ac:1c, F_Storage: 99.2",test/temperatura,16,0,0,182,0,0,0,0.0,0,0,0,0,0,64.0,5756.0,0,0,0,239,eth:ethertype:ip:tcp:mqtt,29.9,94.9,52.2,160.0,-51.0,a0:a3:b3:ed:ac:1c,,,,,0.0,Normal,0.0
1744308897286502,10.42.0.139,10.42.0.1,50177,1883,234,6,0,1,0,0,0,0,0,0,0,0,0,0.0,0,,0,0,,0,0,0,0,0,0,0,0,0.0,0,0,0,0,0,64.0,5755.0,0,0,0,54,eth:ethertype:ip:tcp,29.9,94.9,52.2,160.0,-51.0,a0:a3:b3:ed:ac:1c,,,,,0.0,Normal,0.0
1744308927300379,10.42.0.139,10.42.0.1,50178,1883,0,0,1,0,0,0,0,0,0,0,0,0,0,0.0,0,,0,0,,0,0,0,0,0,0,0,0,0.0,0,0,0,0,0,64.0,5760.0,0,0,0,58,eth:ethertype:ip:tcp,29.9,94.9,52.2,160.0,-51.0,a0:a3:b3:ed:ac:1c,,,,,0.0,Normal,0.0
1744308927304479,10.42.0.139,10.42.0.1,50178,1883,1,1,0,1,0,0,0,0,0,0,0,0,0,0.0,0,,0,0,,0,0,0,0,0,0,0,0,0.0,0,0,0,0,0,64.0,5760.0,0,0,0,54,eth:ethertype:ip:tcp,29.9,94.9,52.2,160.0,-51.0,a0:a3:b3:ed:ac:1c,,,,,0.0,Normal,0.0
1744308927307488,10.42.0.139,10.42.0.1,50178,1883,1,1,0,1,0,0,1,0,3,0,0,0,0,0.0,0,,0,0,,0,0,0,0,0,0,0,0,0.0,0,0,0,0,0,64.0,5760.0,0,0,0,57,eth:ethertype:ip:tcp,29.9,94.9,52.2,160.0,-51.0,a0:a3:b3:ed:ac:1c,,,,,0.0,Normal,0.0
1744308927310892,10.42.0.139,10.42.0.1,50178,1883,4,1,0,1,0,0,1,0,37,0,0,0,0,0.0,0,,0,0,,0,0,0,0,0,0,0,0,0.0,0,0,0,0,0,64.0,5760.0,0,0,0,91,eth:ethertype:ip:tcp,29.9,94.9,52.2,160.0,-51.0,a0:a3:b3:ed:ac:1c,,,,,0.0,Normal,0.0
1744308927313590,10.42.0.139,10.42.0.1,50178,1883,41,1,0,1,0,0,1,0,4,0,0,0,0,0.0,0,,0,1,,0,0,0,1,42,4,MQTT,4,0.0,0,0,0,0,0,64.0,5760.0,0,0,esp32_a0a3b3edac1c,58,eth:ethertype:ip:tcp:mqtt,29.9,94.9,52.2,160.0,-51.0,a0:a3:b3:ed:ac:1c,,,,,0.0,Normal,0.0
1744308927349125,10.42.0.139,10.42.0.1,50178,1883,45,5,0,1,0,0,1,0,3,0,0,0,0,0.0,0,,0,0,,0,0,0,0,0,0,0,0,0.0,0,0,0,0,0,64.0,5756.0,0,0,0,57,eth:ethertype:ip:tcp,29.9,94.9,52.2,160.0,-51.0,a0:a3:b3:ed:ac:1c,,,,,0.0,Normal,0.0
1744308927362547,10.42.0.139,10.42.0.1,50178,1883,48,5,0,1,1,0,1,0,185,0,0,0,0,0.0,0,,0,3,"Wakeup: 0, Mode: 0, Reset: 1, Temperature: 28.4, Uptime: 633201, Memory: 94.9, In_Temperature: 52.2°C, CPU: 160, RSSI: -50, MAC: a0:a3:b3:ed:ac:1c, F_Storage: 99.2",test/temperatura,16,0,0,182,0,0,0,0.0,0,0,0,0,0,64.0,5756.0,0,0,0,239,eth:ethertype:ip:tcp:mqtt,28.4,94.9,52.2,160.0,-50.0,a0:a3:b3:ed:ac:1c,,,,,0.0,Normal,0.0
1744308927365940,10.42.0.139,10.42.0.1,50178,1883,234,6,0,1,0,0,0,0,0,0,0,0,0,0.0,0,,0,0,,0,0,0,0,0,0,0,0,0.0,0,0,0,0,0,64.0,5755.0,0,0,0,54,eth:ethertype:ip:tcp,28.4,94.9,52.2,160.0,-50.0,a0:a3:b3:ed:ac:1c,,,,,0.0,Normal,0.0
1744308957371508,10.42.0.139,10.42.0.1,50179,1883,0,0,1,0,0,0,0,0,0,0,0,0,0,0.0,0,,0,0,,0,0,0,0,0,0,0,0,0.0,0,0,0,0,0,64.0,5760.0,0,0,0,58,eth:ethertype:ip:tcp,28.4,94.9,52.2,160.0,-50.0,a0:a3:b3:ed:ac:1c,,,,,0.0,Normal,0.0
1744308957375833,10.42.0.139,10.42.0.1,50179,1883,1,1,0,1,0,0,0,0,0,0,0,0,0,0.0,0,,0,0,,0,0,0,0,0,0,0,0,0.0,0,0,0,0,0,64.0,5760.0,0,0,0,54,eth:ethertype:ip:tcp,28.4,94.9,52.2,160.0,-50.0,a0:a3:b3:ed:ac:1c,,,,,0.0,Normal,0.0
1744308957379946,10.42.0.139,10.42.0.1,50179,1883,1,1,0,1,0,0,1,0,3,0,0,0,0,0.0,0,,0,0,,0,0,0,0,0,0,0,0,0.0,0,0,0,0,0,64.0,5760.0,0,0,0,57,eth:ethertype:ip:tcp,28.4,94.9,52.2,160.0,-50.0,a0:a3:b3:ed:ac:1c,,,,,0.0,Normal,0.0
1744308957383913,10.42.0.139,10.42.0.1,50179,1883,4,1,0,1,0,0,1,0,41,0,0,0,0,0.0,0,,0,1,,0,0,0,1,42,4,MQTT,4,0.0,0,0,0,0,0,64.0,5760.0,0,0,esp32_a0a3b3edac1c,95,eth:ethertype:ip:tcp:mqtt,28.4,94.9,52.2,160.0,-50.0,a0:a3:b3:ed:ac:1c,,,,,0.0,Normal,0.0
1744308957419231,10.42.0.139,10.42.0.1,50179,1883,45,5,0,1,0,0,1,0,3,0,0,0,0,0.0,0,,0,0,,0,0,0,0,0,0,0,0,0.0,0,0,0,0,0,64.0,5756.0,0,0,0,57,eth:ethertype:ip:tcp,28.4,94.9,52.2,160.0,-50.0,a0:a3:b3:ed:ac:1c,,,,,0.0,Normal,0.0
1744308957431787,10.42.0.139,10.42.0.1,50179,1883,48,5,0,1,1,0,1,0,185,0,0,0,0,0.0,0,,0,3,"Wakeup: 0, Mode: 0, Reset: 1, Temperature: 38.6, Uptime: 633231, Memory: 94.9, In_Temperature: 52.2°C, CPU: 160, RSSI: -50, MAC: a0:a3:b3:ed:ac:1c, F_Storage: 99.2",test/temperatura,16,0,0,182,0,0,0,0.0,0,0,0,0,0,64.0,5756.0,0,0,0,239,eth:ethertype:ip:tcp:mqtt,38.6,94.9,52.2,160.0,-50.0,a0:a3:b3:ed:ac:1c,,,,,0.0,Normal,0.0
1744308957435153,10.42.0.139,10.42.0.1,50179,1883,234,6,0,1,0,0,0,0,0,0,0,0,0,0.0,0,,0,0,,0,0,0,0,0,0,0,0,0.0,0,0,0,0,0,64.0,5755.0,0,0,0,54,eth:ethertype:ip:tcp,38.6,94.9,52.2,160.0,-50.0,a0:a3:b3:ed:ac:1c,,,,,0.0,Normal,0.0
1744308987440717,10.42.0.139,10.42.0.1,50180,1883,0,0,1,0,0,0,0,0,0,0,0,0,0,0.0,0,,0,0,,0,0,0,0,0,0,0,0,0.0,0,0,0,0,0,64.0,5760.0,0,0,0,58,eth:ethertype:ip:tcp,38.6,94.9,52.2,160.0,-50.0,a0:a3:b3:ed:ac:1c,,,,,0.0,Normal,0.0
1744308987444659,10.42.0.139,10.42.0.1,50180,1883,1,1,0,1,0,0,0,0,0,0,0,0,0,0.0,0,,0,0,,0,0,0,0,0,0,0,0,0.0,0,0,0,0,0,64.0,5760.0,0,0,0,54,eth:ethertype:ip:tcp,38.6,94.9,52.2,160.0,-50.0,a0:a3:b3:ed:ac:1c,,,,,0.0,Normal,0.0
1744308987446772,10.42.0.139,10.42.0.1,50180,1883,1,1,0,1,0,0,1,0,3,0,0,0,0,0.0,0,,0,0,,0,0,0,0,0,0,0,0,0.0,0,0,0,0,0,64.0,5760.0,0,0,0,57,eth:ethertype:ip:tcp,38.6,94.9,52.2,160.0,-50.0,a0:a3:b3:ed:ac:1c,,,,,0.0,Normal,0.0
1744308987450191,10.42.0.139,10.42.0.1,50180,1883,4,1,0,1,0,0,1,0,29,0,0,0,0,0.0,0,,0,0,,0,0,0,0,0,0,0,0,0.0,0,0,0,0,0,64.0,5760.0,0,0,0,83,eth:ethertype:ip:tcp,38.6,94.9,52.2,160.0,-50.0,a0:a3:b3:ed:ac:1c,,,,,0.0,Normal,0.0
1744308987453316,10.42.0.139,10.42.0.1,50180,1883,33,1,0,1,0,0,1,0,12,0,0,0,0,0.0,0,,0,1,,0,0,0,1,42,4,MQTT,4,0.0,0,0,0,0,0,64.0,5760.0,0,0,esp32_a0a3b3edac1c,66,eth:ethertype:ip:tcp:mqtt,38.6,94.9,52.2,160.0,-50.0,a0:a3:b3:ed:ac:1c,,,,,0.0,Normal,0.0
1744308987489914,10.42.0.139,10.42.0.1,50180,1883,45,5,0,1,0,0,1,0,3,0,0,0,0,0.0,0,,0,0,,0,0,0,0,0,0,0,0,0.0,0,0,0,0,0,64.0,5756.0,0,0,0,57,eth:ethertype:ip:tcp,38.6,94.9,52.2,160.0,-50.0,a0:a3:b3:ed:ac:1c,,,,,0.0,Normal,0.0
1744308987501217,10.42.0.139,10.42.0.1,50180,1883,48,5,0,1,1,0,1,0,185,0,0,0,0,0.0,0,,0,3,"Wakeup: 0, Mode: 0, Reset: 1, Temperature: 32.9, Uptime: 633261, Memory: 94.9, In_Temperature: 52.2°C, CPU: 160, RSSI: -51, MAC: a0:a3:b3:ed:ac:1c, F_Storage: 99.2",test/temperatura,16,0,0,182,0,0,0,0.0,0,0,0,0,0,64.0,5756.0,0,0,0,239,eth:ethertype:ip:tcp:mqtt,32.9,94.9,52.2,160.0,-51.0,a0:a3:b3:ed:ac:1c,,,,,0.0,Normal,0.0
1744308987504891,10.42.0.139,10.42.0.1,50180,1883,234,6,0,1,0,0,0,0,0,0,0,0,0,0.0,0,,0,0,,0,0,0,0,0,0,0,0,0.0,0,0,0,0,0,64.0,5755.0,0,0,0,54,eth:ethertype:ip:tcp,32.9,94.9,52.2,160.0,-51.0,a0:a3:b3:ed:ac:1c,,,,,0.0,Normal,0.0
1744309017510287,10.42.0.139,10.42.0.1,50181,1883,0,0,1,0,0,0,0,0,0,0,0,0,0,0.0,0,,0,0,,0,0,0,0,0,0,0,0,0.0,0,0,0,0,0,64.0,5760.0,0,0,0,58,eth:ethertype:ip:tcp,32.9,94.9,52.2,160.0,-51.0,a0:a3:b3:ed:ac:1c,,,,,0.0,Normal,0.0
1744309017516472,10.42.0.139,10.42.0.1,50181,1883,1,1,0,1,0,0,0,0,0,0,0,0,0,0.0,0,,0,0,,0,0,0,0,0,0,0,0,0.0,0,0,0,0,0,64.0,5760.0,0,0,0,54,eth:ethertype:ip:tcp,32.9,94.9,52.2,160.0,-51.0,a0:a3:b3:ed:ac:1c,,,,,0.0,Normal,0.0
1744309017517231,10.42.0.139,10.42.0.1,50181,1883,1,1,0,1,0,0,1,0,3,0,0,0,0,0.0,0,,0,0,,0,0,0,0,0,0,0,0,0.0,0,0,0,0,0,64.0,5760.0,0,0,0,57,eth:ethertype:ip:tcp,32.9,94.9,52.2,160.0,-51.0,a0:a3:b3:ed:ac:1c,,,,,0.0,Normal,0.0
1744309017522815,10.42.0.139,10.42.0.1,50181,1883,4,1,0,1,0,0,1,0,35,0,0,0,0,0.0,0,,0,0,,0,0,0,0,0,0,0,0,0.0,0,0,0,0,0,64.0,5760.0,0,0,0,89,eth:ethertype:ip:tcp,32.9,94.9,52.2,160.0,-51.0,a0:a3:b3:ed:ac:1c,,,,,0.0,Normal,0.0
1744309017525478,10.42.0.139,10.42.0.1,50181,1883,39,1,0,1,0,0,1,0,6,0,0,0,0,0.0,0,,0,1,,0,0,0,1,42,4,MQTT,4,0.0,0,0,0,0,0,64.0,5760.0,0,0,esp32_a0a3b3edac1c,60,eth:ethertype:ip:tcp:mqtt,32.9,94.9,52.2,160.0,-51.0,a0:a3:b3:ed:ac:1c,,,,,0.0,Normal,0.0
1744309017560606,10.42.0.139,10.42.0.1,50181,1883,45,5,0,1,0,0,1,0,3,0,0,0,0,0.0,0,,0,0,,0,0,0,0,0,0,0,0,0.0,0,0,0,0,0,64.0,5756.0,0,0,0,57,eth:ethertype:ip:tcp,32.9,94.9,52.2,160.0,-51.0,a0:a3:b3:ed:ac:1c,,,,,0.0,Normal,0.0
1744309017570406,10.42.0.139,10.42.0.1,50181,1883,48,5,0,1,1,0,1,0,185,0,0,0,0,0.0,0,,0,3,"Wakeup: 0, Mode: 0, Reset: 1, Temperature: 36.9, Uptime: 633292, Memory: 94.9, In_Temperature: 52.2°C, CPU: 160, RSSI: -51, MAC: a0:a3:b3:ed:ac:1c, F_Storage: 99.2",test/temperatura,16,0,0,182,0,0,0,0.0,0,0,0,0,0,64.0,5756.0,0,0,0,239,eth:ethertype:ip:tcp:mqtt,36.9,94.9,52.2,160.0,-51.0,a0:a3:b3:ed:ac:1c,,,,,0.0,Normal,0.0
1744309017573796,10.42.0.139,10.42.0.1,50181,1883,234,6,0,1,0,0,0,0,0,0,0,0,0,0.0,0,,0,0,,0,0,0,0,0,0,0,0,0.0,0,0,0,0,0,64.0,5755.0,0,0,0,54,eth:ethertype:ip:tcp,36.9,94.9,52.2,160.0,-51.0,a0:a3:b3:ed:ac:1c,,,,,0.0,Normal,0.0
1744309047578893,10.42.0.139,10.42.0.1,50182,1883,0,0,1,0,0,0,0,0,0,0,0,0,0,0.0,0,,0,0,,0,0,0,0,0,0,0,0,0.0,0,0,0,0,0,64.0,5760.0,0,0,0,58,eth:ethertype:ip:tcp,36.9,94.9,52.2,160.0,-51.0,a0:a3:b3:ed:ac:1c,,,,,0.0,Normal,0.0
1744309047583316,10.42.0.139,10.42.0.1,50182,1883,1,1,0,1,0,0,0,0,0,0,0,0,0,0.0,0,,0,0,,0,0,0,0,0,0,0,0,0.0,0,0,0,0,0,64.0,5760.0,0,0,0,54,eth:ethertype:ip:tcp,36.9,94.9,52.2,160.0,-51.0,a0:a3:b3:ed:ac:1c,,,,,0.0,Normal,0.0
1744309047585643,10.42.0.139,10.42.0.1,50182,1883,1,1,0,1,0,0,1,0,3,0,0,0,0,0.0,0,,0,0,,0,0,0,0,0,0,0,0,0.0,0,0,0,0,0,64.0,5760.0,0,0,0,57,eth:ethertype:ip:tcp,36.9,94.9,52.2,160.0,-51.0,a0:a3:b3:ed:ac:1c,,,,,0.0,Normal,0.0
1744309047590370,10.42.0.139,10.42.0.1,50182,1883,4,1,0,1,0,0,1,0,29,0,0,0,0,0.0,0,,0,0,,0,0,0,0,0,0,0,0,0.0,0,0,0,0,0,64.0,5760.0,0,0,0,83,eth:ethertype:ip:tcp,36.9,94.9,52.2,160.0,-51.0,a0:a3:b3:ed:ac:1c,,,,,0.0,Normal,0.0
1744309047594527,10.42.0.139,10.42.0.1,50182,1883,33,1,0,1,0,0,1,0,12,0,0,0,0,0.0,0,,0,1,,0,0,0,1,42,4,MQTT,4,0.0,0,0,0,0,0,64.0,5760.0,0,0,esp32_a0a3b3edac1c,66,eth:ethertype:ip:tcp:mqtt,36.9,94.9,52.2,160.0,-51.0,a0:a3:b3:ed:ac:1c,,,,,0.0,Normal,0.0
1744309047630152,10.42.0.139,10.42.0.1,50182,1883,45,5,0,1,0,0,1,0,3,0,0,0,0,0.0,0,,0,0,,0,0,0,0,0,0,0,0,0.0,0,0,0,0,0,64.0,5756.0,0,0,0,57,eth:ethertype:ip:tcp,36.9,94.9,52.2,160.0,-51.0,a0:a3:b3:ed:ac:1c,,,,,0.0,Normal,0.0
1744309047639821,10.42.0.139,10.42.0.1,50182,1883,48,5,0,1,1,0,1,0,185,0,0,0,0,0.0,0,,0,3,"Wakeup: 0, Mode: 0, Reset: 1, Temperature: 32.8, Uptime: 633322, Memory: 94.9, In_Temperature: 52.2°C, CPU: 160, RSSI: -50, MAC: a0:a3:b3:ed:ac:1c, F_Storage: 99.2",test/temperatura,16,0,0,182,0,0,0,0.0,0,0,0,0,0,64.0,5756.0,0,0,0,239,eth:ethertype:ip:tcp:mqtt,32.8,94.9,52.2,160.0,-50.0,a0:a3:b3:ed:ac:1c,,,,,0.0,Normal,0.0
1744309047643180,10.42.0.139,10.42.0.1,50182,1883,234,6,0,1,0,0,0,0,0,0,0,0,0,0.0,0,,0,0,,0,0,0,0,0,0,0,0,0.0,0,0,0,0,0,64.0,5755.0,0,0,0,54,eth:ethertype:ip:tcp,32.8,94.9,52.2,160.0,-50.0,a0:a3:b3:ed:ac:1c,,,,,0.0,Normal,0.0
1744309077656774,10.42.0.139,10.42.0.1,50183,1883,0,0,1,0,0,0,0,0,0,0,0,0,0,0.0,0,,0,0,,0,0,0,0,0,0,0,0,0.0,0,0,0,0,0,64.0,5760.0,0,0,0,58,eth:ethertype:ip:tcp,32.8,94.9,52.2,160.0,-50.0,a0:a3:b3:ed:ac:1c,,,,,0.0,Normal,0.0
1744309077660551,10.42.0.139,10.42.0.1,50183,1883,1,1,0,1,0,0,0,0,0,0,0,0,0,0.0,0,,0,0,,0,0,0,0,0,0,0,0,0.0,0,0,0,0,0,64.0,5760.0,0,0,0,54,eth:ethertype:ip:tcp,32.8,94.9,52.2,160.0,-50.0,a0:a3:b3:ed:ac:1c,,,,,0.0,Normal,0.0
1744309077662745,10.42.0.139,10.42.0.1,50183,1883,1,1,0,1,0,0,1,0,3,0,0,0,0,0.0,0,,0,0,,0,0,0,0,0,0,0,0,0.0,0,0,0,0,0,64.0,5760.0,0,0,0,57,eth:ethertype:ip:tcp,32.8,94.9,52.2,160.0,-50.0,a0:a3:b3:ed:ac:1c,,,,,0.0,Normal,0.0
1744309077666143,10.42.0.139,10.42.0.1,50183,1883,4,1,0,1,0,0,1,0,29,0,0,0,0,0.0,0,,0,0,,0,0,0,0,0,0,0,0,0.0,0,0,0,0,0,64.0,5760.0,0,0,0,83,eth:ethertype:ip:tcp,32.8,94.9,52.2,160.0,-50.0,a0:a3:b3:ed:ac:1c,,,,,0.0,Normal,0.0
1744309077669209,10.42.0.139,10.42.0.1,50183,1883,33,1,0,1,0,0,1,0,12,0,0,0,0,0.0,0,,0,1,,0,0,0,1,42,4,MQTT,4,0.0,0,0,0,0,0,64.0,5760.0,0,0,esp32_a0a3b3edac1c,66,eth:ethertype:ip:tcp:mqtt,32.8,94.9,52.2,160.0,-50.0,a0:a3:b3:ed:ac:1c,,,,,0.0,Normal,0.0
1744309077705989,10.42.0.139,10.42.0.1,50183,1883,45,5,0,1,0,0,1,0,3,0,0,0,0,0.0,0,,0,0,,0,0,0,0,0,0,0,0,0.0,0,0,0,0,0,64.0,5756.0,0,0,0,57,eth:ethertype:ip:tcp,32.8,94.9,52.2,160.0,-50.0,a0:a3:b3:ed:ac:1c,,,,,0.0,Normal,0.0
1744309077719072,10.42.0.139,10.42.0.1,50183,1883,48,5,0,1,1,0,1,0,185,0,0,0,0,0.0,0,,0,3,"Wakeup: 0, Mode: 0, Reset: 1, Temperature: 32.4, Uptime: 633352, Memory: 94.9, In_Temperature: 52.2°C, CPU: 160, RSSI: -50, MAC: a0:a3:b3:ed:ac:1c, F_Storage: 99.2",test/temperatura,16,0,0,182,0,0,0,0.0,0,0,0,0,0,64.0,5756.0,0,0,0,239,eth:ethertype:ip:tcp:mqtt,32.4,94.9,52.2,160.0,-50.0,a0:a3:b3:ed:ac:1c,,,,,0.0,Normal,0.0
1744309077722728,10.42.0.139,10.42.0.1,50183,1883,234,6,0,1,0,0,0,0,0,0,0,0,0,0.0,0,,0,0,,0,0,0,0,0,0,0,0,0.0,0,0,0,0,0,64.0,5755.0,0,0,0,54,eth:ethertype:ip:tcp,32.4,94.9,52.2,160.0,-50.0,a0:a3:b3:ed:ac:1c,,,,,0.0,Normal,0.0
1744309107728100,10.42.0.139,10.42.0.1,50184,1883,0,0,1,0,0,0,0,0,0,0,0,0,0,0.0,0,,0,0,,0,0,0,0,0,0,0,0,0.0,0,0,0,0,0,64.0,5760.0,0,0,0,58,eth:ethertype:ip:tcp,32.4,94.9,52.2,160.0,-50.0,a0:a3:b3:ed:ac:1c,,,,,0.0,Normal,0.0
1744309107732042,10.42.0.139,10.42.0.1,50184,1883,1,1,0,1,0,0,0,0,0,0,0,0,0,0.0,0,,0,0,,0,0,0,0,0,0,0,0,0.0,0,0,0,0,0,64.0,5760.0,0,0,0,54,eth:ethertype:ip:tcp,32.4,94.9,52.2,160.0,-50.0,a0:a3:b3:ed:ac:1c,,,,,0.0,Normal,0.0
1744309107734141,10.42.0.139,10.42.0.1,50184,1883,1,1,0,1,0,0,1,0,3,0,0,0,0,0.0,0,,0,0,,0,0,0,0,0,0,0,0,0.0,0,0,0,0,0,64.0,5760.0,0,0,0,57,eth:ethertype:ip:tcp,32.4,94.9,52.2,160.0,-50.0,a0:a3:b3:ed:ac:1c,,,,,0.0,Normal,0.0
1744309107738036,10.42.0.139,10.42.0.1,50184,1883,4,1,0,1,0,0,1,0,29,0,0,0,0,0.0,0,,0,0,,0,0,0,0,0,0,0,0,0.0,0,0,0,0,0,64.0,5760.0,0,0,0,83,eth:ethertype:ip:tcp,32.4,94.9,52.2,160.0,-50.0,a0:a3:b3:ed:ac:1c,,,,,0.0,Normal,0.0
1744309107741131,10.42.0.139,10.42.0.1,50184,1883,33,1,0,1,0,0,1,0,12,0,0,0,0,0.0,0,,0,1,,0,0,0,1,42,4,MQTT,4,0.0,0,0,0,0,0,64.0,5760.0,0,0,esp32_a0a3b3edac1c,66,eth:ethertype:ip:tcp:mqtt,32.4,94.9,52.2,160.0,-50.0,a0:a3:b3:ed:ac:1c,,,,,0.0,Normal,0.0
1744309107748172,10.42.0.139,10.42.0.1,50184,1883,45,5,0,1,0,0,0,0,0,0,0,0,0,0.0,0,,0,0,,0,0,0,0,0,0,0,0,0.0,0,0,0,0,0,64.0,5756.0,0,0,0,54,eth:ethertype:ip:tcp,32.4,94.9,52.2,160.0,-50.0,a0:a3:b3:ed:ac:1c,,,,,0.0,Normal,0.0
1744309107776600,10.42.0.139,10.42.0.1,50184,1883,45,5,0,1,0,0,1,0,3,0,0,0,0,0.0,0,,0,0,,0,0,0,0,0,0,0,0,0.0,0,0,0,0,0,64.0,5756.0,0,0,0,57,eth:ethertype:ip:tcp,32.4,94.9,52.2,160.0,-50.0,a0:a3:b3:ed:ac:1c,,,,,0.0,Normal,0.0
1744309107788473,10.42.0.139,10.42.0.1,50184,1883,48,5,0,1,1,0,1,0,185,0,0,0,0,0.0,0,,0,3,"Wakeup: 0, Mode: 0, Reset: 1, Temperature: 37.7, Uptime: 633382, Memory: 94.9, In_Temperature: 52.2°C, CPU: 160, RSSI: -51, MAC: a0:a3:b3:ed:ac:1c, F_Storage: 99.2",test/temperatura,16,0,0,182,0,0,0,0.0,0,0,0,0,0,64.0,5756.0,0,0,0,239,eth:ethertype:ip:tcp:mqtt,37.7,94.9,52.2,160.0,-51.0,a0:a3:b3:ed:ac:1c,,,,,0.0,Normal,0.0
1744309107791924,10.42.0.139,10.42.0.1,50184,1883,234,6,0,1,0,0,0,0,0,0,0,0,0,0.0,0,,0,0,,0,0,0,0,0,0,0,0,0.0,0,0,0,0,0,64.0,5755.0,0,0,0,54,eth:ethertype:ip:tcp,37.7,94.9,52.2,160.0,-51.0,a0:a3:b3:ed:ac:1c,,,,,0.0,Normal,0.0
1744309137797394,10.42.0.139,10.42.0.1,50185,1883,0,0,1,0,0,0,0,0,0,0,0,0,0,0.0,0,,0,0,,0,0,0,0,0,0,0,0,0.0,0,0,0,0,0,64.0,5760.0,0,0,0,58,eth:ethertype:ip:tcp,37.7,94.9,52.2,160.0,-51.0,a0:a3:b3:ed:ac:1c,,,,,0.0,Normal,0.0
1744309137801515,10.42.0.139,10.42.0.1,50185,1883,1,1,0,1,0,0,0,0,0,0,0,0,0,0.0,0,,0,0,,0,0,0,0,0,0,0,0,0.0,0,0,0,0,0,64.0,5760.0,0,0,0,54,eth:ethertype:ip:tcp,37.7,94.9,52.2,160.0,-51.0,a0:a3:b3:ed:ac:1c,,,,,0.0,Normal,0.0
1744309137804948,10.42.0.139,10.42.0.1,50185,1883,1,1,0,1,0,0,1,0,3,0,0,0,0,0.0,0,,0,0,,0,0,0,0,0,0,0,0,0.0,0,0,0,0,0,64.0,5760.0,0,0,0,57,eth:ethertype:ip:tcp,37.7,94.9,52.2,160.0,-51.0,a0:a3:b3:ed:ac:1c,,,,,0.0,Normal,0.0
1744309137810458,10.42.0.139,10.42.0.1,50185,1883,4,1,0,1,0,0,1,0,41,0,0,0,0,0.0,0,,0,1,,0,0,0,1,42,4,MQTT,4,0.0,0,0,0,0,0,64.0,5760.0,0,0,esp32_a0a3b3edac1c,95,eth:ethertype:ip:tcp:mqtt,37.7,94.9,52.2,160.0,-51.0,a0:a3:b3:ed:ac:1c,,,,,0.0,Normal,0.0
1744309137845912,10.42.0.139,10.42.0.1,50185,1883,45,5,0,1,0,0,1,0,3,0,0,0,0,0.0,0,,0,0,,0,0,0,0,0,0,0,0,0.0,0,0,0,0,0,64.0,5756.0,0,0,0,57,eth:ethertype:ip:tcp,37.7,94.9,52.2,160.0,-51.0,a0:a3:b3:ed:ac:1c,,,,,0.0,Normal,0.0
1744309137857802,10.42.0.139,10.42.0.1,50185,1883,48,5,0,1,1,0,1,0,185,0,0,0,0,0.0,0,,0,3,"Wakeup: 0, Mode: 0, Reset: 1, Temperature: 32.9, Uptime: 633412, Memory: 94.9, In_Temperature: 52.2°C, CPU: 160, RSSI: -50, MAC: a0:a3:b3:ed:ac:1c, F_Storage: 99.2",test/temperatura,16,0,0,182,0,0,0,0.0,0,0,0,0,0,64.0,5756.0,0,0,0,239,eth:ethertype:ip:tcp:mqtt,32.9,94.9,52.2,160.0,-50.0,a0:a3:b3:ed:ac:1c,,,,,0.0,Normal,0.0
1744309137861283,10.42.0.139,10.42.0.1,50185,1883,234,6,0,1,0,0,0,0,0,0,0,0,0,0.0,0,,0,0,,0,0,0,0,0,0,0,0,0.0,0,0,0,0,0,64.0,5755.0,0,0,0,54,eth:ethertype:ip:tcp,32.9,94.9,52.2,160.0,-50.0,a0:a3:b3:ed:ac:1c,,,,,0.0,Normal,0.0
1744309167866658,10.42.0.139,10.42.0.1,50186,1883,0,0,1,0,0,0,0,0,0,0,0,0,0,0.0,0,,0,0,,0,0,0,0,0,0,0,0,0.0,0,0,0,0,0,64.0,5760.0,0,0,0,58,eth:ethertype:ip:tcp,32.9,94.9,52.2,160.0,-50.0,a0:a3:b3:ed:ac:1c,,,,,0.0,Normal,0.0
1744309167870549,10.42.0.139,10.42.0.1,50186,1883,1,1,0,1,0,0,0,0,0,0,0,0,0,0.0,0,,0,0,,0,0,0,0,0,0,0,0,0.0,0,0,0,0,0,64.0,5760.0,0,0,0,54,eth:ethertype:ip:tcp,32.9,94.9,52.2,160.0,-50.0,a0:a3:b3:ed:ac:1c,,,,,0.0,Normal,0.0
1744309167872725,10.42.0.139,10.42.0.1,50186,1883,1,1,0,1,0,0,1,0,3,0,0,0,0,0.0,0,,0,0,,0,0,0,0,0,0,0,0,0.0,0,0,0,0,0,64.0,5760.0,0,0,0,57,eth:ethertype:ip:tcp,32.9,94.9,52.2,160.0,-50.0,a0:a3:b3:ed:ac:1c,,,,,0.0,Normal,0.0
1744309167876159,10.42.0.139,10.42.0.1,50186,1883,4,1,0,1,0,0,1,0,29,0,0,0,0,0.0,0,,0,0,,0,0,0,0,0,0,0,0,0.0,0,0,0,0,0,64.0,5760.0,0,0,0,83,eth:ethertype:ip:tcp,32.9,94.9,52.2,160.0,-50.0,a0:a3:b3:ed:ac:1c,,,,,0.0,Normal,0.0
1744309167879997,10.42.0.139,10.42.0.1,50186,1883,33,1,0,1,0,0,1,0,2,0,0,0,0,0.0,0,,0,0,,0,0,0,0,0,0,0,0,0.0,0,0,0,0,0,64.0,5760.0,0,0,0,56,eth:ethertype:ip:tcp,32.9,94.9,52.2,160.0,-50.0,a0:a3:b3:ed:ac:1c,,,,,0.0,Normal,0.0
1744309167883962,10.42.0.139,10.42.0.1,50186,1883,35,1,0,1,0,0,1,0,4,0,0,0,0,0.0,0,,0,0,,0,0,0,0,0,0,0,0,0.0,0,0,0,0,0,64.0,5760.0,0,0,0,58,eth:ethertype:ip:tcp,32.9,94.9,52.2,160.0,-50.0,a0:a3:b3:ed:ac:1c,,,,,0.0,Normal,0.0
1744309167887747,10.42.0.139,10.42.0.1,50186,1883,39,1,0,1,0,0,1,0,2,0,0,0,0,0.0,0,,0,0,,0,0,0,0,0,0,0,0,0.0,0,0,0,0,0,64.0,5760.0,0,0,0,56,eth:ethertype:ip:tcp,32.9,94.9,52.2,160.0,-50.0,a0:a3:b3:ed:ac:1c,,,,,0.0,Normal,0.0
1744309167891769,10.42.0.139,10.42.0.1,50186,1883,41,1,0,1,0,0,1,0,4,0,0,0,0,0.0,0,,0,1,,0,0,0,1,42,4,MQTT,4,0.0,0,0,0,0,0,64.0,5760.0,0,0,esp32_a0a3b3edac1c,58,eth:ethertype:ip:tcp:mqtt,32.9,94.9,52.2,160.0,-50.0,a0:a3:b3:ed:ac:1c,,,,,0.0,Normal,0.0
1744309167928924,10.42.0.139,10.42.0.1,50186,1883,45,5,0,1,0,0,1,0,3,0,0,0,0,0.0,0,,0,0,,0,0,0,0,0,0,0,0,0.0,0,0,0,0,0,64.0,5756.0,0,0,0,57,eth:ethertype:ip:tcp,32.9,94.9,52.2,160.0,-50.0,a0:a3:b3:ed:ac:1c,,,,,0.0,Normal,0.0
1744309167937507,10.42.0.139,10.42.0.1,50186,1883,48,5,0,1,1,0,1,0,185,0,0,0,0,0.0,0,,0,3,"Wakeup: 0, Mode: 0, Reset: 1, Temperature: 25.4, Uptime: 633442, Memory: 94.9, In_Temperature: 52.2°C, CPU: 160, RSSI: -51, MAC: a0:a3:b3:ed:ac:1c, F_Storage: 99.2",test/temperatura,16,0,0,182,0,0,0,0.0,0,0,0,0,0,64.0,5756.0,0,0,0,239,eth:ethertype:ip:tcp:mqtt,25.4,94.9,52.2,160.0,-51.0,a0:a3:b3:ed:ac:1c,,,,,0.0,Normal,0.0
1744309167940933,10.42.0.139,10.42.0.1,50186,1883,234,6,0,1,0,0,0,0,0,0,0,0,0,0.0,0,,0,0,,0,0,0,0,0,0,0,0,0.0,0,0,0,0,0,64.0,5755.0,0,0,0,54,eth:ethertype:ip:tcp,25.4,94.9,52.2,160.0,-51.0,a0:a3:b3:ed:ac:1c,,,,,0.0,Normal,0.0
1744309197954421,10.42.0.139,10.42.0.1,50187,1883,0,0,1,0,0,0,0,0,0,0,0,0,0,0.0,0,,0,0,,0,0,0,0,0,0,0,0,0.0,0,0,0,0,0,64.0,5760.0,0,0,0,58,eth:ethertype:ip:tcp,25.4,94.9,52.2,160.0,-51.0,a0:a3:b3:ed:ac:1c,,,,,0.0,Normal,0.0
1744309197960575,10.42.0.139,10.42.0.1,50187,1883,1,1,0,1,0,0,0,0,0,0,0,0,0,0.0,0,,0,0,,0,0,0,0,0,0,0,0,0.0,0,0,0,0,0,64.0,5760.0,0,0,0,54,eth:ethertype:ip:tcp,25.4,94.9,52.2,160.0,-51.0,a0:a3:b3:ed:ac:1c,,,,,0.0,Normal,0.0
1744309197961230,10.42.0.139,10.42.0.1,50187,1883,1,1,0,1,0,0,1,0,3,0,0,0,0,0.0,0,,0,0,,0,0,0,0,0,0,0,0,0.0,0,0,0,0,0,64.0,5760.0,0,0,0,57,eth:ethertype:ip:tcp,25.4,94.9,52.2,160.0,-51.0,a0:a3:b3:ed:ac:1c,,,,,0.0,Normal,0.0
1744309197964467,10.42.0.139,10.42.0.1,50187,1883,4,1,0,1,0,0,1,0,37,0,0,0,0,0.0,0,,0,0,,0,0,0,0,0,0,0,0,0.0,0,0,0,0,0,64.0,5760.0,0,0,0,91,eth:ethertype:ip:tcp,25.4,94.9,52.2,160.0,-51.0,a0:a3:b3:ed:ac:1c,,,,,0.0,Normal,0.0
1744309197967160,10.42.0.139,10.42.0.1,50187,1883,41,1,0,1,0,0,1,0,4,0,0,0,0,0.0,0,,0,1,,0,0,0,1,42,4,MQTT,4,0.0,0,0,0,0,0,64.0,5760.0,0,0,esp32_a0a3b3edac1c,58,eth:ethertype:ip:tcp:mqtt,25.4,94.9,52.2,160.0,-51.0,a0:a3:b3:ed:ac:1c,,,,,0.0,Normal,0.0
1744309197997169,10.42.0.139,10.42.0.1,50187,1883,45,5,0,1,0,0,0,0,0,0,0,0,0,0.0,0,,0,0,,0,0,0,0,0,0,0,0,0.0,0,0,0,0,0,64.0,5756.0,0,0,0,54,eth:ethertype:ip:tcp,25.4,94.9,52.2,160.0,-51.0,a0:a3:b3:ed:ac:1c,,,,,0.0,Normal,0.0
1744309198003632,10.42.0.139,10.42.0.1,50187,1883,45,5,0,1,0,0,1,0,3,0,0,0,0,0.0,0,,0,0,,0,0,0,0,0,0,0,0,0.0,0,0,0,0,0,64.0,5756.0,0,0,0,57,eth:ethertype:ip:tcp,25.4,94.9,52.2,160.0,-51.0,a0:a3:b3:ed:ac:1c,,,,,0.0,Normal,0.0
1744309198016368,10.42.0.139,10.42.0.1,50187,1883,48,5,0,1,1,0,1,0,185,0,0,0,0,0.0,0,,0,3,"Wakeup: 0, Mode: 0, Reset: 1, Temperature: 27.6, Uptime: 633472, Memory: 94.9, In_Temperature: 52.2°C, CPU: 160, RSSI: -50, MAC: a0:a3:b3:ed:ac:1c, F_Storage: 99.2",test/temperatura,16,0,0,182,0,0,0,0.0,0,0,0,0,0,64.0,5756.0,0,0,0,239,eth:ethertype:ip:tcp:mqtt,27.6,94.9,52.2,160.0,-50.0,a0:a3:b3:ed:ac:1c,,,,,0.0,Normal,0.0
1744309198021468,10.42.0.139,10.42.0.1,50187,1883,234,6,0,1,0,0,0,0,0,0,0,0,0,0.0,0,,0,0,,0,0,0,0,0,0,0,0,0.0,0,0,0,0,0,64.0,5755.0,0,0,0,54,eth:ethertype:ip:tcp,27.6,94.9,52.2,160.0,-50.0,a0:a3:b3:ed:ac:1c,,,,,0.0,Normal,0.0
1744309228026412,10.42.0.139,10.42.0.1,50188,1883,0,0,1,0,0,0,0,0,0,0,0,0,0,0.0,0,,0,0,,0,0,0,0,0,0,0,0,0.0,0,0,0,0,0,64.0,5760.0,0,0,0,58,eth:ethertype:ip:tcp,27.6,94.9,52.2,160.0,-50.0,a0:a3:b3:ed:ac:1c,,,,,0.0,Normal,0.0
1744309228030463,10.42.0.139,10.42.0.1,50188,1883,1,1,0,1,0,0,0,0,0,0,0,0,0,0.0,0,,0,0,,0,0,0,0,0,0,0,0,0.0,0,0,0,0,0,64.0,5760.0,0,0,0,54,eth:ethertype:ip:tcp,27.6,94.9,52.2,160.0,-50.0,a0:a3:b3:ed:ac:1c,,,,,0.0,Normal,0.0
1744309228032539,10.42.0.139,10.42.0.1,50188,1883,1,1,0,1,0,0,1,0,3,0,0,0,0,0.0,0,,0,0,,0,0,0,0,0,0,0,0,0.0,0,0,0,0,0,64.0,5760.0,0,0,0,57,eth:ethertype:ip:tcp,27.6,94.9,52.2,160.0,-50.0,a0:a3:b3:ed:ac:1c,,,,,0.0,Normal,0.0
1744309228035858,10.42.0.139,10.42.0.1,50188,1883,4,1,0,1,0,0,1,0,29,0,0,0,0,0.0,0,,0,0,,0,0,0,0,0,0,0,0,0.0,0,0,0,0,0,64.0,5760.0,0,0,0,83,eth:ethertype:ip:tcp,27.6,94.9,52.2,160.0,-50.0,a0:a3:b3:ed:ac:1c,,,,,0.0,Normal,0.0
1744309228039062,10.42.0.139,10.42.0.1,50188,1883,33,1,0,1,0,0,1,0,12,0,0,0,0,0.0,0,,0,1,,0,0,0,1,42,4,MQTT,4,0.0,0,0,0,0,0,64.0,5760.0,0,0,esp32_a0a3b3edac1c,66,eth:ethertype:ip:tcp:mqtt,27.6,94.9,52.2,160.0,-50.0,a0:a3:b3:ed:ac:1c,,,,,0.0,Normal,0.0
1744309228074366,10.42.0.139,10.42.0.1,50188,1883,45,5,0,1,0,0,1,0,3,0,0,0,0,0.0,0,,0,0,,0,0,0,0,0,0,0,0,0.0,0,0,0,0,0,64.0,5756.0,0,0,0,57,eth:ethertype:ip:tcp,27.6,94.9,52.2,160.0,-50.0,a0:a3:b3:ed:ac:1c,,,,,0.0,Normal,0.0
1744309228085865,10.42.0.139,10.42.0.1,50188,1883,48,5,0,1,1,0,1,0,185,0,0,0,0,0.0,0,,0,3,"Wakeup: 0, Mode: 0, Reset: 1, Temperature: 28.0, Uptime: 633502, Memory: 94.9, In_Temperature: 52.2°C, CPU: 160, RSSI: -50, MAC: a0:a3:b3:ed:ac:1c, F_Storage: 99.2",test/temperatura,16,0,0,182,0,0,0,0.0,0,0,0,0,0,64.0,5756.0,0,0,0,239,eth:ethertype:ip:tcp:mqtt,28.0,94.9,52.2,160.0,-50.0,a0:a3:b3:ed:ac:1c,,,,,0.0,Normal,0.0
1744309228089224,10.42.0.139,10.42.0.1,50188,1883,234,6,0,1,0,0,0,0,0,0,0,0,0,0.0,0,,0,0,,0,0,0,0,0,0,0,0,0.0,0,0,0,0,0,64.0,5755.0,0,0,0,54,eth:ethertype:ip:tcp,28.0,94.9,52.2,160.0,-50.0,a0:a3:b3:ed:ac:1c,,,,,0.0,Normal,0.0
1744309258093845,10.42.0.139,10.42.0.1,50189,1883,0,0,1,0,0,0,0,0,0,0,0,0,0,0.0,0,,0,0,,0,0,0,0,0,0,0,0,0.0,0,0,0,0,0,64.0,5760.0,0,0,0,58,eth:ethertype:ip:tcp,28.0,94.9,52.2,160.0,-50.0,a0:a3:b3:ed:ac:1c,,,,,0.0,Normal,0.0
1744309258098534,10.42.0.139,10.42.0.1,50189,1883,1,1,0,1,0,0,0,0,0,0,0,0,0,0.0,0,,0,0,,0,0,0,0,0,0,0,0,0.0,0,0,0,0,0,64.0,5760.0,0,0,0,54,eth:ethertype:ip:tcp,28.0,94.9,52.2,160.0,-50.0,a0:a3:b3:ed:ac:1c,,,,,0.0,Normal,0.0
1744309258100022,10.42.0.139,10.42.0.1,50189,1883,1,1,0,1,0,0,1,0,3,0,0,0,0,0.0,0,,0,0,,0,0,0,0,0,0,0,0,0.0,0,0,0,0,0,64.0,5760.0,0,0,0,57,eth:ethertype:ip:tcp,28.0,94.9,52.2,160.0,-50.0,a0:a3:b3:ed:ac:1c,,,,,0.0,Normal,0.0
1744309258104051,10.42.0.139,10.42.0.1,50189,1883,4,1,0,1,0,0,1,0,41,0,0,0,0,0.0,0,,0,1,,0,0,0,1,42,4,MQTT,4,0.0,0,0,0,0,0,64.0,5760.0,0,0,esp32_a0a3b3edac1c,95,eth:ethertype:ip:tcp:mqtt,28.0,94.9,52.2,160.0,-50.0,a0:a3:b3:ed:ac:1c,,,,,0.0,Normal,0.0
1744309258140355,10.42.0.139,10.42.0.1,50189,1883,45,5,0,1,0,0,1,0,3,0,0,0,0,0.0,0,,0,0,,0,0,0,0,0,0,0,0,0.0,0,0,0,0,0,64.0,5756.0,0,0,0,57,eth:ethertype:ip:tcp,28.0,94.9,52.2,160.0,-50.0,a0:a3:b3:ed:ac:1c,,,,,0.0,Normal,0.0
1744309258154879,10.42.0.139,10.42.0.1,50189,1883,48,5,0,1,1,0,1,0,185,0,0,0,0,0.0,0,,0,3,"Wakeup: 0, Mode: 0, Reset: 1, Temperature: 30.4, Uptime: 633532, Memory: 94.9, In_Temperature: 52.2°C, CPU: 160, RSSI: -49, MAC: a0:a3:b3:ed:ac:1c, F_Storage: 99.2",test/temperatura,16,0,0,182,0,0,0,0.0,0,0,0,0,0,64.0,5756.0,0,0,0,239,eth:ethertype:ip:tcp:mqtt,30.4,94.9,52.2,160.0,-49.0,a0:a3:b3:ed:ac:1c,,,,,0.0,Normal,0.0
1744309258158456,10.42.0.139,10.42.0.1,50189,1883,234,6,0,1,0,0,0,0,0,0,0,0,0,0.0,0,,0,0,,0,0,0,0,0,0,0,0,0.0,0,0,0,0,0,64.0,5755.0,0,0,0,54,eth:ethertype:ip:tcp,30.4,94.9,52.2,160.0,-49.0,a0:a3:b3:ed:ac:1c,,,,,0.0,Normal,0.0
1744309288164061,10.42.0.139,10.42.0.1,50190,1883,0,0,1,0,0,0,0,0,0,0,0,0,0,0.0,0,,0,0,,0,0,0,0,0,0,0,0,0.0,0,0,0,0,0,64.0,5760.0,0,0,0,58,eth:ethertype:ip:tcp,30.4,94.9,52.2,160.0,-49.0,a0:a3:b3:ed:ac:1c,,,,,0.0,Normal,0.0
1744309288168353,10.42.0.139,10.42.0.1,50190,1883,1,1,0,1,0,0,0,0,0,0,0,0,0,0.0,0,,0,0,,0,0,0,0,0,0,0,0,0.0,0,0,0,0,0,64.0,5760.0,0,0,0,54,eth:ethertype:ip:tcp,30.4,94.9,52.2,160.0,-49.0,a0:a3:b3:ed:ac:1c,,,,,0.0,Normal,0.0
1744309288170120,10.42.0.139,10.42.0.1,50190,1883,1,1,0,1,0,0,1,0,3,0,0,0,0,0.0,0,,0,0,,0,0,0,0,0,0,0,0,0.0,0,0,0,0,0,64.0,5760.0,0,0,0,57,eth:ethertype:ip:tcp,30.4,94.9,52.2,160.0,-49.0,a0:a3:b3:ed:ac:1c,,,,,0.0,Normal,0.0
1744309288173548,10.42.0.139,10.42.0.1,50190,1883,4,1,0,1,0,0,1,0,29,0,0,0,0,0.0,0,,0,0,,0,0,0,0,0,0,0,0,0.0,0,0,0,0,0,64.0,5760.0,0,0,0,83,eth:ethertype:ip:tcp,30.4,94.9,52.2,160.0,-49.0,a0:a3:b3:ed:ac:1c,,,,,0.0,Normal,0.0
1744309288176602,10.42.0.139,10.42.0.1,50190,1883,33,1,0,1,0,0,1,0,12,0,0,0,0,0.0,0,,0,1,,0,0,0,1,42,4,MQTT,4,0.0,0,0,0,0,0,64.0,5760.0,0,0,esp32_a0a3b3edac1c,66,eth:ethertype:ip:tcp:mqtt,30.4,94.9,52.2,160.0,-49.0,a0:a3:b3:ed:ac:1c,,,,,0.0,Normal,0.0
1744309288212178,10.42.0.139,10.42.0.1,50190,1883,45,5,0,1,0,0,1,0,3,0,0,0,0,0.0,0,,0,0,,0,0,0,0,0,0,0,0,0.0,0,0,0,0,0,64.0,5756.0,0,0,0,57,eth:ethertype:ip:tcp,30.4,94.9,52.2,160.0,-49.0,a0:a3:b3:ed:ac:1c,,,,,0.0,Normal,0.0
1744309288224581,10.42.0.139,10.42.0.1,50190,1883,48,5,0,1,1,0,1,0,185,0,0,0,0,0.0,0,,0,3,"Wakeup: 0, Mode: 0, Reset: 1, Temperature: 33.2, Uptime: 633562, Memory: 94.9, In_Temperature: 52.2°C, CPU: 160, RSSI: -50, MAC: a0:a3:b3:ed:ac:1c, F_Storage: 99.2",test/temperatura,16,0,0,182,0,0,0,0.0,0,0,0,0,0,64.0,5756.0,0,0,0,239,eth:ethertype:ip:tcp:mqtt,33.2,94.9,52.2,160.0,-50.0,a0:a3:b3:ed:ac:1c,,,,,0.0,Normal,0.0
1744309288228091,10.42.0.139,10.42.0.1,50190,1883,234,6,0,1,0,0,0,0,0,0,0,0,0,0.0,0,,0,0,,0,0,0,0,0,0,0,0,0.0,0,0,0,0,0,64.0,5755.0,0,0,0,54,eth:ethertype:ip:tcp,33.2,94.9,52.2,160.0,-50.0,a0:a3:b3:ed:ac:1c,,,,,0.0,Normal,0.0
1744309318234457,10.42.0.139,10.42.0.1,50191,1883,0,0,1,0,0,0,0,0,0,0,0,0,0,0.0,0,,0,0,,0,0,0,0,0,0,0,0,0.0,0,0,0,0,0,64.0,5760.0,0,0,0,58,eth:ethertype:ip:tcp,33.2,94.9,52.2,160.0,-50.0,a0:a3:b3:ed:ac:1c,,,,,0.0,Normal,0.0
1744309318239336,10.42.0.139,10.42.0.1,50191,1883,1,1,0,1,0,0,0,0,0,0,0,0,0,0.0,0,,0,0,,0,0,0,0,0,0,0,0,0.0,0,0,0,0,0,64.0,5760.0,0,0,0,54,eth:ethertype:ip:tcp,33.2,94.9,52.2,160.0,-50.0,a0:a3:b3:ed:ac:1c,,,,,0.0,Normal,0.0
1744309318240536,10.42.0.139,10.42.0.1,50191,1883,1,1,0,1,0,0,1,0,3,0,0,0,0,0.0,0,,0,0,,0,0,0,0,0,0,0,0,0.0,0,0,0,0,0,64.0,5760.0,0,0,0,57,eth:ethertype:ip:tcp,33.2,94.9,52.2,160.0,-50.0,a0:a3:b3:ed:ac:1c,,,,,0.0,Normal,0.0
1744309318243946,10.42.0.139,10.42.0.1,50191,1883,4,1,0,1,0,0,1,0,11,0,0,0,0,0.0,0,,0,0,,0,0,0,0,0,0,0,0,0.0,0,0,0,0,0,64.0,5760.0,0,0,0,65,eth:ethertype:ip:tcp,33.2,94.9,52.2,160.0,-50.0,a0:a3:b3:ed:ac:1c,,,,,0.0,Normal,0.0
1744309318247102,10.42.0.139,10.42.0.1,50191,1883,15,1,0,1,0,0,1,0,30,0,0,0,0,0.0,0,,0,1,,0,0,0,1,42,4,MQTT,4,0.0,0,0,0,0,0,64.0,5760.0,0,0,esp32_a0a3b3edac1c,84,eth:ethertype:ip:tcp:mqtt,33.2,94.9,52.2,160.0,-50.0,a0:a3:b3:ed:ac:1c,,,,,0.0,Normal,0.0
1744309318282442,10.42.0.139,10.42.0.1,50191,1883,45,5,0,1,0,0,1,0,3,0,0,0,0,0.0,0,,0,0,,0,0,0,0,0,0,0,0,0.0,0,0,0,0,0,64.0,5756.0,0,0,0,57,eth:ethertype:ip:tcp,33.2,94.9,52.2,160.0,-50.0,a0:a3:b3:ed:ac:1c,,,,,0.0,Normal,0.0
1744309318294443,10.42.0.139,10.42.0.1,50191,1883,48,5,0,1,1,0,1,0,185,0,0,0,0,0.0,0,,0,3,"Wakeup: 0, Mode: 0, Reset: 1, Temperature: 28.0, Uptime: 633592, Memory: 94.9, In_Temperature: 52.2°C, CPU: 160, RSSI: -50, MAC: a0:a3:b3:ed:ac:1c, F_Storage: 99.2",test/temperatura,16,0,0,182,0,0,0,0.0,0,0,0,0,0,64.0,5756.0,0,0,0,239,eth:ethertype:ip:tcp:mqtt,28.0,94.9,52.2,160.0,-50.0,a0:a3:b3:ed:ac:1c,,,,,0.0,Normal,0.0
1744309318297940,10.42.0.139,10.42.0.1,50191,1883,234,6,0,1,0,0,0,0,0,0,0,0,0,0.0,0,,0,0,,0,0,0,0,0,0,0,0,0.0,0,0,0,0,0,64.0,5755.0,0,0,0,54,eth:ethertype:ip:tcp,28.0,94.9,52.2,160.0,-50.0,a0:a3:b3:ed:ac:1c,,,,,0.0,Normal,0.0
1744309348303203,10.42.0.139,10.42.0.1,50192,1883,0,0,1,0,0,0,0,0,0,0,0,0,0,0.0,0,,0,0,,0,0,0,0,0,0,0,0,0.0,0,0,0,0,0,64.0,5760.0,0,0,0,58,eth:ethertype:ip:tcp,28.0,94.9,52.2,160.0,-50.0,a0:a3:b3:ed:ac:1c,,,,,0.0,Normal,0.0
1744309348307179,10.42.0.139,10.42.0.1,50192,1883,1,1,0,1,0,0,0,0,0,0,0,0,0,0.0,0,,0,0,,0,0,0,0,0,0,0,0,0.0,0,0,0,0,0,64.0,5760.0,0,0,0,54,eth:ethertype:ip:tcp,28.0,94.9,52.2,160.0,-50.0,a0:a3:b3:ed:ac:1c,,,,,0.0,Normal,0.0
1744309348309379,10.42.0.139,10.42.0.1,50192,1883,1,1,0,1,0,0,1,0,3,0,0,0,0,0.0,0,,0,0,,0,0,0,0,0,0,0,0,0.0,0,0,0,0,0,64.0,5760.0,0,0,0,57,eth:ethertype:ip:tcp,28.0,94.9,52.2,160.0,-50.0,a0:a3:b3:ed:ac:1c,,,,,0.0,Normal,0.0
1744309348312792,10.42.0.139,10.42.0.1,50192,1883,4,1,0,1,0,0,1,0,29,0,0,0,0,0.0,0,,0,0,,0,0,0,0,0,0,0,0,0.0,0,0,0,0,0,64.0,5760.0,0,0,0,83,eth:ethertype:ip:tcp,28.0,94.9,52.2,160.0,-50.0,a0:a3:b3:ed:ac:1c,,,,,0.0,Normal,0.0
1744309348315965,10.42.0.139,10.42.0.1,50192,1883,33,1,0,1,0,0,1,0,12,0,0,0,0,0.0,0,,0,1,,0,0,0,1,42,4,MQTT,4,0.0,0,0,0,0,0,64.0,5760.0,0,0,esp32_a0a3b3edac1c,66,eth:ethertype:ip:tcp:mqtt,28.0,94.9,52.2,160.0,-50.0,a0:a3:b3:ed:ac:1c,,,,,0.0,Normal,0.0
1744309348352662,10.42.0.139,10.42.0.1,50192,1883,45,5,0,1,0,0,1,0,3,0,0,0,0,0.0,0,,0,0,,0,0,0,0,0,0,0,0,0.0,0,0,0,0,0,64.0,5756.0,0,0,0,57,eth:ethertype:ip:tcp,28.0,94.9,52.2,160.0,-50.0,a0:a3:b3:ed:ac:1c,,,,,0.0,Normal,0.0
1744309348363177,10.42.0.139,10.42.0.1,50192,1883,48,5,0,1,1,0,1,0,185,0,0,0,0,0.0,0,,0,3,"Wakeup: 0, Mode: 0, Reset: 1, Temperature: 35.7, Uptime: 633622, Memory: 94.9, In_Temperature: 52.2°C, CPU: 160, RSSI: -51, MAC: a0:a3:b3:ed:ac:1c, F_Storage: 99.2",test/temperatura,16,0,0,182,0,0,0,0.0,0,0,0,0,0,64.0,5756.0,0,0,0,239,eth:ethertype:ip:tcp:mqtt,35.7,94.9,52.2,160.0,-51.0,a0:a3:b3:ed:ac:1c,,,,,0.0,Normal,0.0
1744309348366627,10.42.0.139,10.42.0.1,50192,1883,234,6,0,1,0,0,0,0,0,0,0,0,0,0.0,0,,0,0,,0,0,0,0,0,0,0,0,0.0,0,0,0,0,0,64.0,5755.0,0,0,0,54,eth:ethertype:ip:tcp,35.7,94.9,52.2,160.0,-51.0,a0:a3:b3:ed:ac:1c,,,,,0.0,Normal,0.0
1744309378372005,10.42.0.139,10.42.0.1,50193,1883,0,0,1,0,0,0,0,0,0,0,0,0,0,0.0,0,,0,0,,0,0,0,0,0,0,0,0,0.0,0,0,0,0,0,64.0,5760.0,0,0,0,58,eth:ethertype:ip:tcp,35.7,94.9,52.2,160.0,-51.0,a0:a3:b3:ed:ac:1c,,,,,0.0,Normal,0.0
1744309378375895,10.42.0.139,10.42.0.1,50193,1883,1,1,0,1,0,0,0,0,0,0,0,0,0,0.0,0,,0,0,,0,0,0,0,0,0,0,0,0.0,0,0,0,0,0,64.0,5760.0,0,0,0,54,eth:ethertype:ip:tcp,35.7,94.9,52.2,160.0,-51.0,a0:a3:b3:ed:ac:1c,,,,,0.0,Normal,0.0
1744309378378063,10.42.0.139,10.42.0.1,50193,1883,1,1,0,1,0,0,1,0,3,0,0,0,0,0.0,0,,0,0,,0,0,0,0,0,0,0,0,0.0,0,0,0,0,0,64.0,5760.0,0,0,0,57,eth:ethertype:ip:tcp,35.7,94.9,52.2,160.0,-51.0,a0:a3:b3:ed:ac:1c,,,,,0.0,Normal,0.0
1744309378383650,10.42.0.139,10.42.0.1,50193,1883,4,1,0,1,0,0,1,0,29,0,0,0,0,0.0,0,,0,0,,0,0,0,0,0,0,0,0,0.0,0,0,0,0,0,64.0,5760.0,0,0,0,83,eth:ethertype:ip:tcp,35.7,94.9,52.2,160.0,-51.0,a0:a3:b3:ed:ac:1c,,,,,0.0,Normal,0.0
1744309378386582,10.42.0.139,10.42.0.1,50193,1883,33,1,0,1,0,0,1,0,12,0,0,0,0,0.0,0,,0,1,,0,0,0,1,42,4,MQTT,4,0.0,0,0,0,0,0,64.0,5760.0,0,0,esp32_a0a3b3edac1c,66,eth:ethertype:ip:tcp:mqtt,35.7,94.9,52.2,160.0,-51.0,a0:a3:b3:ed:ac:1c,,,,,0.0,Normal,0.0
1744309378421849,10.42.0.139,10.42.0.1,50193,1883,45,5,0,1,0,0,1,0,3,0,0,0,0,0.0,0,,0,0,,0,0,0,0,0,0,0,0,0.0,0,0,0,0,0,64.0,5756.0,0,0,0,57,eth:ethertype:ip:tcp,35.7,94.9,52.2,160.0,-51.0,a0:a3:b3:ed:ac:1c,,,,,0.0,Normal,0.0
1744309378432522,10.42.0.139,10.42.0.1,50193,1883,48,5,0,1,1,0,1,0,185,0,0,0,0,0.0,0,,0,3,"Wakeup: 0, Mode: 0, Reset: 1, Temperature: 32.9, Uptime: 633652, Memory: 94.9, In_Temperature: 52.2°C, CPU: 160, RSSI: -50, MAC: a0:a3:b3:ed:ac:1c, F_Storage: 99.2",test/temperatura,16,0,0,182,0,0,0,0.0,0,0,0,0,0,64.0,5756.0,0,0,0,239,eth:ethertype:ip:tcp:mqtt,32.9,94.9,52.2,160.0,-50.0,a0:a3:b3:ed:ac:1c,,,,,0.0,Normal,0.0
1744309378435794,10.42.0.139,10.42.0.1,50193,1883,234,6,0,1,0,0,0,0,0,0,0,0,0,0.0,0,,0,0,,0,0,0,0,0,0,0,0,0.0,0,0,0,0,0,64.0,5755.0,0,0,0,54,eth:ethertype:ip:tcp,32.9,94.9,52.2,160.0,-50.0,a0:a3:b3:ed:ac:1c,,,,,0.0,Normal,0.0
1744309408440621,10.42.0.139,10.42.0.1,50194,1883,0,0,1,0,0,0,0,0,0,0,0,0,0,0.0,0,,0,0,,0,0,0,0,0,0,0,0,0.0,0,0,0,0,0,64.0,5760.0,0,0,0,58,eth:ethertype:ip:tcp,32.9,94.9,52.2,160.0,-50.0,a0:a3:b3:ed:ac:1c,,,,,0.0,Normal,0.0
1744309408444281,10.42.0.139,10.42.0.1,50194,1883,1,1,0,1,0,0,0,0,0,0,0,0,0,0.0,0,,0,0,,0,0,0,0,0,0,0,0,0.0,0,0,0,0,0,64.0,5760.0,0,0,0,54,eth:ethertype:ip:tcp,32.9,94.9,52.2,160.0,-50.0,a0:a3:b3:ed:ac:1c,,,,,0.0,Normal,0.0
1744309408448764,10.42.0.139,10.42.0.1,50194,1883,1,1,0,1,0,0,1,0,3,0,0,0,0,0.0,0,,0,0,,0,0,0,0,0,0,0,0,0.0,0,0,0,0,0,64.0,5760.0,0,0,0,57,eth:ethertype:ip:tcp,32.9,94.9,52.2,160.0,-50.0,a0:a3:b3:ed:ac:1c,,,,,0.0,Normal,0.0
1744309408453245,10.42.0.139,10.42.0.1,50194,1883,4,1,0,1,0,0,1,0,41,0,0,0,0,0.0,0,,0,1,,0,0,0,1,42,4,MQTT,4,0.0,0,0,0,0,0,64.0,5760.0,0,0,esp32_a0a3b3edac1c,95,eth:ethertype:ip:tcp:mqtt,32.9,94.9,52.2,160.0,-50.0,a0:a3:b3:ed:ac:1c,,,,,0.0,Normal,0.0
1744309408489499,10.42.0.139,10.42.0.1,50194,1883,45,5,0,1,0,0,1,0,3,0,0,0,0,0.0,0,,0,0,,0,0,0,0,0,0,0,0,0.0,0,0,0,0,0,64.0,5756.0,0,0,0,57,eth:ethertype:ip:tcp,32.9,94.9,52.2,160.0,-50.0,a0:a3:b3:ed:ac:1c,,,,,0.0,Normal,0.0
1744309408501974,10.42.0.139,10.42.0.1,50194,1883,48,5,0,1,1,0,1,0,185,0,0,0,0,0.0,0,,0,3,"Wakeup: 0, Mode: 0, Reset: 1, Temperature: 28.2, Uptime: 633682, Memory: 94.9, In_Temperature: 52.2°C, CPU: 160, RSSI: -51, MAC: a0:a3:b3:ed:ac:1c, F_Storage: 99.2",test/temperatura,16,0,0,182,0,0,0,0.0,0,0,0,0,0,64.0,5756.0,0,0,0,239,eth:ethertype:ip:tcp:mqtt,28.2,94.9,52.2,160.0,-51.0,a0:a3:b3:ed:ac:1c,,,,,0.0,Normal,0.0
1744309408505439,10.42.0.139,10.42.0.1,50194,1883,234,6,0,1,0,0,0,0,0,0,0,0,0,0.0,0,,0,0,,0,0,0,0,0,0,0,0,0.0,0,0,0,0,0,64.0,5755.0,0,0,0,54,eth:ethertype:ip:tcp,28.2,94.9,52.2,160.0,-51.0,a0:a3:b3:ed:ac:1c,,,,,0.0,Normal,0.0
1744309438510609,10.42.0.139,10.42.0.1,50195,1883,0,0,1,0,0,0,0,0,0,0,0,0,0,0.0,0,,0,0,,0,0,0,0,0,0,0,0,0.0,0,0,0,0,0,64.0,5760.0,0,0,0,58,eth:ethertype:ip:tcp,28.2,94.9,52.2,160.0,-51.0,a0:a3:b3:ed:ac:1c,,,,,0.0,Normal,0.0
1744309438515062,10.42.0.139,10.42.0.1,50195,1883,1,1,0,1,0,0,0,0,0,0,0,0,0,0.0,0,,0,0,,0,0,0,0,0,0,0,0,0.0,0,0,0,0,0,64.0,5760.0,0,0,0,54,eth:ethertype:ip:tcp,28.2,94.9,52.2,160.0,-51.0,a0:a3:b3:ed:ac:1c,,,,,0.0,Normal,0.0
1744309438517146,10.42.0.139,10.42.0.1,50195,1883,1,1,0,1,0,0,1,0,3,0,0,0,0,0.0,0,,0,0,,0,0,0,0,0,0,0,0,0.0,0,0,0,0,0,64.0,5760.0,0,0,0,57,eth:ethertype:ip:tcp,28.2,94.9,52.2,160.0,-51.0,a0:a3:b3:ed:ac:1c,,,,,0.0,Normal,0.0
1744309438520534,10.42.0.139,10.42.0.1,50195,1883,4,1,0,1,0,0,1,0,29,0,0,0,0,0.0,0,,0,0,,0,0,0,0,0,0,0,0,0.0,0,0,0,0,0,64.0,5760.0,0,0,0,83,eth:ethertype:ip:tcp,28.2,94.9,52.2,160.0,-51.0,a0:a3:b3:ed:ac:1c,,,,,0.0,Normal,0.0
1744309438523803,10.42.0.139,10.42.0.1,50195,1883,33,1,0,1,0,0,1,0,12,0,0,0,0,0.0,0,,0,1,,0,0,0,1,42,4,MQTT,4,0.0,0,0,0,0,0,64.0,5760.0,0,0,esp32_a0a3b3edac1c,66,eth:ethertype:ip:tcp:mqtt,28.2,94.9,52.2,160.0,-51.0,a0:a3:b3:ed:ac:1c,,,,,0.0,Normal,0.0
1744309438560108,10.42.0.139,10.42.0.1,50195,1883,45,5,0,1,0,0,1,0,3,0,0,0,0,0.0,0,,0,0,,0,0,0,0,0,0,0,0,0.0,0,0,0,0,0,64.0,5756.0,0,0,0,57,eth:ethertype:ip:tcp,28.2,94.9,52.2,160.0,-51.0,a0:a3:b3:ed:ac:1c,,,,,0.0,Normal,0.0
1744309438571152,10.42.0.139,10.42.0.1,50195,1883,48,5,0,1,1,0,1,0,185,0,0,0,0,0.0,0,,0,3,"Wakeup: 0, Mode: 0, Reset: 1, Temperature: 29.7, Uptime: 633713, Memory: 94.9, In_Temperature: 52.2°C, CPU: 160, RSSI: -50, MAC: a0:a3:b3:ed:ac:1c, F_Storage: 99.2",test/temperatura,16,0,0,182,0,0,0,0.0,0,0,0,0,0,64.0,5756.0,0,0,0,239,eth:ethertype:ip:tcp:mqtt,29.7,94.9,52.2,160.0,-50.0,a0:a3:b3:ed:ac:1c,,,,,0.0,Normal,0.0
1744309438574641,10.42.0.139,10.42.0.1,50195,1883,234,6,0,1,0,0,0,0,0,0,0,0,0,0.0,0,,0,0,,0,0,0,0,0,0,0,0,0.0,0,0,0,0,0,64.0,5755.0,0,0,0,54,eth:ethertype:ip:tcp,29.7,94.9,52.2,160.0,-50.0,a0:a3:b3:ed:ac:1c,,,,,0.0,Normal,0.0
1744309468580098,10.42.0.139,10.42.0.1,50196,1883,0,0,1,0,0,0,0,0,0,0,0,0,0,0.0,0,,0,0,,0,0,0,0,0,0,0,0,0.0,0,0,0,0,0,64.0,5760.0,0,0,0,58,eth:ethertype:ip:tcp,29.7,94.9,52.2,160.0,-50.0,a0:a3:b3:ed:ac:1c,,,,,0.0,Normal,0.0
1744309468584357,10.42.0.139,10.42.0.1,50196,1883,1,1,0,1,0,0,0,0,0,0,0,0,0,0.0,0,,0,0,,0,0,0,0,0,0,0,0,0.0,0,0,0,0,0,64.0,5760.0,0,0,0,54,eth:ethertype:ip:tcp,29.7,94.9,52.2,160.0,-50.0,a0:a3:b3:ed:ac:1c,,,,,0.0,Normal,0.0
1744309468586887,10.42.0.139,10.42.0.1,50196,1883,1,1,0,1,0,0,1,0,3,0,0,0,0,0.0,0,,0,0,,0,0,0,0,0,0,0,0,0.0,0,0,0,0,0,64.0,5760.0,0,0,0,57,eth:ethertype:ip:tcp,29.7,94.9,52.2,160.0,-50.0,a0:a3:b3:ed:ac:1c,,,,,0.0,Normal,0.0
1744309468590476,10.42.0.139,10.42.0.1,50196,1883,4,1,0,1,0,0,1,0,35,0,0,0,0,0.0,0,,0,0,,0,0,0,0,0,0,0,0,0.0,0,0,0,0,0,64.0,5760.0,0,0,0,89,eth:ethertype:ip:tcp,29.7,94.9,52.2,160.0,-50.0,a0:a3:b3:ed:ac:1c,,,,,0.0,Normal,0.0
1744309468593529,10.42.0.139,10.42.0.1,50196,1883,39,1,0,1,0,0,1,0,6,0,0,0,0,0.0,0,,0,1,,0,0,0,1,42,4,MQTT,4,0.0,0,0,0,0,0,64.0,5760.0,0,0,esp32_a0a3b3edac1c,60,eth:ethertype:ip:tcp:mqtt,29.7,94.9,52.2,160.0,-50.0,a0:a3:b3:ed:ac:1c,,,,,0.0,Normal,0.0
1744309468629168,10.42.0.139,10.42.0.1,50196,1883,45,5,0,1,0,0,1,0,3,0,0,0,0,0.0,0,,0,0,,0,0,0,0,0,0,0,0,0.0,0,0,0,0,0,64.0,5756.0,0,0,0,57,eth:ethertype:ip:tcp,29.7,94.9,52.2,160.0,-50.0,a0:a3:b3:ed:ac:1c,,,,,0.0,Normal,0.0
1744309468640862,10.42.0.139,10.42.0.1,50196,1883,48,5,0,1,1,0,1,0,185,0,0,0,0,0.0,0,,0,3,"Wakeup: 0, Mode: 0, Reset: 1, Temperature: 31.3, Uptime: 633743, Memory: 94.9, In_Temperature: 52.2°C, CPU: 160, RSSI: -50, MAC: a0:a3:b3:ed:ac:1c, F_Storage: 99.2",test/temperatura,16,0,0,182,0,0,0,0.0,0,0,0,0,0,64.0,5756.0,0,0,0,239,eth:ethertype:ip:tcp:mqtt,31.3,94.9,52.2,160.0,-50.0,a0:a3:b3:ed:ac:1c,,,,,0.0,Normal,0.0
1744309468644429,10.42.0.139,10.42.0.1,50196,1883,234,6,0,1,0,0,0,0,0,0,0,0,0,0.0,0,,0,0,,0,0,0,0,0,0,0,0,0.0,0,0,0,0,0,64.0,5755.0,0,0,0,54,eth:ethertype:ip:tcp,31.3,94.9,52.2,160.0,-50.0,a0:a3:b3:ed:ac:1c,,,,,0.0,Normal,0.0
1744309498649545,10.42.0.139,10.42.0.1,50197,1883,0,0,1,0,0,0,0,0,0,0,0,0,0,0.0,0,,0,0,,0,0,0,0,0,0,0,0,0.0,0,0,0,0,0,64.0,5760.0,0,0,0,58,eth:ethertype:ip:tcp,31.3,94.9,52.2,160.0,-50.0,a0:a3:b3:ed:ac:1c,,,,,0.0,Normal,0.0
1744309498653482,10.42.0.139,10.42.0.1,50197,1883,1,1,0,1,0,0,0,0,0,0,0,0,0,0.0,0,,0,0,,0,0,0,0,0,0,0,0,0.0,0,0,0,0,0,64.0,5760.0,0,0,0,54,eth:ethertype:ip:tcp,31.3,94.9,52.2,160.0,-50.0,a0:a3:b3:ed:ac:1c,,,,,0.0,Normal,0.0
1744309498655526,10.42.0.139,10.42.0.1,50197,1883,1,1,0,1,0,0,1,0,3,0,0,0,0,0.0,0,,0,0,,0,0,0,0,0,0,0,0,0.0,0,0,0,0,0,64.0,5760.0,0,0,0,57,eth:ethertype:ip:tcp,31.3,94.9,52.2,160.0,-50.0,a0:a3:b3:ed:ac:1c,,,,,0.0,Normal,0.0
1744309498659084,10.42.0.139,10.42.0.1,50197,1883,4,1,0,1,0,0,1,0,29,0,0,0,0,0.0,0,,0,0,,0,0,0,0,0,0,0,0,0.0,0,0,0,0,0,64.0,5760.0,0,0,0,83,eth:ethertype:ip:tcp,31.3,94.9,52.2,160.0,-50.0,a0:a3:b3:ed:ac:1c,,,,,0.0,Normal,0.0
1744309498663204,10.42.0.139,10.42.0.1,50197,1883,33,1,0,1,0,0,1,0,12,0,0,0,0,0.0,0,,0,1,,0,0,0,1,42,4,MQTT,4,0.0,0,0,0,0,0,64.0,5760.0,0,0,esp32_a0a3b3edac1c,66,eth:ethertype:ip:tcp:mqtt,31.3,94.9,52.2,160.0,-50.0,a0:a3:b3:ed:ac:1c,,,,,0.0,Normal,0.0
1744309498700283,10.42.0.139,10.42.0.1,50197,1883,45,5,0,1,0,0,1,0,3,0,0,0,0,0.0,0,,0,0,,0,0,0,0,0,0,0,0,0.0,0,0,0,0,0,64.0,5756.0,0,0,0,57,eth:ethertype:ip:tcp,31.3,94.9,52.2,160.0,-50.0,a0:a3:b3:ed:ac:1c,,,,,0.0,Normal,0.0
1744309498709786,10.42.0.139,10.42.0.1,50197,1883,48,5,0,1,1,0,1,0,185,0,0,0,0,0.0,0,,0,3,"Wakeup: 0, Mode: 0, Reset: 1, Temperature: 32.8, Uptime: 633773, Memory: 94.9, In_Temperature: 52.2°C, CPU: 160, RSSI: -51, MAC: a0:a3:b3:ed:ac:1c, F_Storage: 99.2",test/temperatura,16,0,0,182,0,0,0,0.0,0,0,0,0,0,64.0,5756.0,0,0,0,239,eth:ethertype:ip:tcp:mqtt,32.8,94.9,52.2,160.0,-51.0,a0:a3:b3:ed:ac:1c,,,,,0.0,Normal,0.0
1744309498713282,10.42.0.139,10.42.0.1,50197,1883,234,6,0,1,0,0,0,0,0,0,0,0,0,0.0,0,,0,0,,0,0,0,0,0,0,0,0,0.0,0,0,0,0,0,64.0,5755.0,0,0,0,54,eth:ethertype:ip:tcp,32.8,94.9,52.2,160.0,-51.0,a0:a3:b3:ed:ac:1c,,,,,0.0,Normal,0.0
1744309520740763,10.42.0.139,10.42.0.1,0,0,0,0,0,0,0,0,0,0,0,0,0,0,0,0.0,0,,0,0,,0,0,0,0,0,0,0,0,0.0,0,0,0,0,0,64.0,0.0,0,0,0,350,eth:ethertype:ip:udp:dhcp,32.8,94.9,52.2,160.0,-51.0,a0:a3:b3:ed:ac:1c,,,,,0.0,Normal,0.0
1744309528719026,10.42.0.139,10.42.0.1,50198,1883,0,0,1,0,0,0,0,0,0,0,0,0,0,0.0,0,,0,0,,0,0,0,0,0,0,0,0,0.0,0,0,0,0,0,64.0,5760.0,0,0,0,58,eth:ethertype:ip:tcp,32.8,94.9,52.2,160.0,-51.0,a0:a3:b3:ed:ac:1c,,,,,0.0,Normal,0.0
1744309528723179,10.42.0.139,10.42.0.1,50198,1883,1,1,0,1,0,0,0,0,0,0,0,0,0,0.0,0,,0,0,,0,0,0,0,0,0,0,0,0.0,0,0,0,0,0,64.0,5760.0,0,0,0,54,eth:ethertype:ip:tcp,32.8,94.9,52.2,160.0,-51.0,a0:a3:b3:ed:ac:1c,,,,,0.0,Normal,0.0
1744309528725229,10.42.0.139,10.42.0.1,50198,1883,1,1,0,1,0,0,1,0,3,0,0,0,0,0.0,0,,0,0,,0,0,0,0,0,0,0,0,0.0,0,0,0,0,0,64.0,5760.0,0,0,0,57,eth:ethertype:ip:tcp,32.8,94.9,52.2,160.0,-51.0,a0:a3:b3:ed:ac:1c,,,,,0.0,Normal,0.0
1744309528728720,10.42.0.139,10.42.0.1,50198,1883,4,1,0,1,0,0,1,0,29,0,0,0,0,0.0,0,,0,0,,0,0,0,0,0,0,0,0,0.0,0,0,0,0,0,64.0,5760.0,0,0,0,83,eth:ethertype:ip:tcp,32.8,94.9,52.2,160.0,-51.0,a0:a3:b3:ed:ac:1c,,,,,0.0,Normal,0.0
1744309528731849,10.42.0.139,10.42.0.1,50198,1883,33,1,0,1,0,0,1,0,12,0,0,0,0,0.0,0,,0,1,,0,0,0,1,42,4,MQTT,4,0.0,0,0,0,0,0,64.0,5760.0,0,0,esp32_a0a3b3edac1c,66,eth:ethertype:ip:tcp:mqtt,32.8,94.9,52.2,160.0,-51.0,a0:a3:b3:ed:ac:1c,,,,,0.0,Normal,0.0
1744309528739151,10.42.0.139,10.42.0.1,50198,1883,45,5,0,1,0,0,0,0,0,0,0,0,0,0.0,0,,0,0,,0,0,0,0,0,0,0,0,0.0,0,0,0,0,0,64.0,5756.0,0,0,0,54,eth:ethertype:ip:tcp,32.8,94.9,52.2,160.0,-51.0,a0:a3:b3:ed:ac:1c,,,,,0.0,Normal,0.0
1744309528768916,10.42.0.139,10.42.0.1,50198,1883,45,5,0,1,0,0,1,0,3,0,0,0,0,0.0,0,,0,0,,0,0,0,0,0,0,0,0,0.0,0,0,0,0,0,64.0,5756.0,0,0,0,57,eth:ethertype:ip:tcp,32.8,94.9,52.2,160.0,-51.0,a0:a3:b3:ed:ac:1c,,,,,0.0,Normal,0.0
1744309528779957,10.42.0.139,10.42.0.1,50198,1883,48,5,0,1,1,0,1,0,185,0,0,0,0,0.0,0,,0,3,"Wakeup: 0, Mode: 0, Reset: 1, Temperature: 36.7, Uptime: 633803, Memory: 94.9, In_Temperature: 52.2°C, CPU: 160, RSSI: -51, MAC: a0:a3:b3:ed:ac:1c, F_Storage: 99.2",test/temperatura,16,0,0,182,0,0,0,0.0,0,0,0,0,0,64.0,5756.0,0,0,0,239,eth:ethertype:ip:tcp:mqtt,36.7,94.9,52.2,160.0,-51.0,a0:a3:b3:ed:ac:1c,,,,,0.0,Normal,0.0
1744309528783332,10.42.0.139,10.42.0.1,50198,1883,234,6,0,1,0,0,0,0,0,0,0,0,0,0.0,0,,0,0,,0,0,0,0,0,0,0,0,0.0,0,0,0,0,0,64.0,5755.0,0,0,0,54,eth:ethertype:ip:tcp,36.7,94.9,52.2,160.0,-51.0,a0:a3:b3:ed:ac:1c,,,,,0.0,Normal,0.0
1744309558788405,10.42.0.139,10.42.0.1,50199,1883,0,0,1,0,0,0,0,0,0,0,0,0,0,0.0,0,,0,0,,0,0,0,0,0,0,0,0,0.0,0,0,0,0,0,64.0,5760.0,0,0,0,58,eth:ethertype:ip:tcp,36.7,94.9,52.2,160.0,-51.0,a0:a3:b3:ed:ac:1c,,,,,0.0,Normal,0.0
1744309558792389,10.42.0.139,10.42.0.1,50199,1883,1,1,0,1,0,0,0,0,0,0,0,0,0,0.0,0,,0,0,,0,0,0,0,0,0,0,0,0.0,0,0,0,0,0,64.0,5760.0,0,0,0,54,eth:ethertype:ip:tcp,36.7,94.9,52.2,160.0,-51.0,a0:a3:b3:ed:ac:1c,,,,,0.0,Normal,0.0
1744309558794530,10.42.0.139,10.42.0.1,50199,1883,1,1,0,1,0,0,1,0,3,0,0,0,0,0.0,0,,0,0,,0,0,0,0,0,0,0,0,0.0,0,0,0,0,0,64.0,5760.0,0,0,0,57,eth:ethertype:ip:tcp,36.7,94.9,52.2,160.0,-51.0,a0:a3:b3:ed:ac:1c,,,,,0.0,Normal,0.0
1744309558798031,10.42.0.139,10.42.0.1,50199,1883,4,1,0,1,0,0,1,0,29,0,0,0,0,0.0,0,,0,0,,0,0,0,0,0,0,0,0,0.0,0,0,0,0,0,64.0,5760.0,0,0,0,83,eth:ethertype:ip:tcp,36.7,94.9,52.2,160.0,-51.0,a0:a3:b3:ed:ac:1c,,,,,0.0,Normal,0.0
1744309558801258,10.42.0.139,10.42.0.1,50199,1883,33,1,0,1,0,0,1,0,12,0,0,0,0,0.0,0,,0,1,,0,0,0,1,42,4,MQTT,4,0.0,0,0,0,0,0,64.0,5760.0,0,0,esp32_a0a3b3edac1c,66,eth:ethertype:ip:tcp:mqtt,36.7,94.9,52.2,160.0,-51.0,a0:a3:b3:ed:ac:1c,,,,,0.0,Normal,0.0
1744309558836510,10.42.0.139,10.42.0.1,50199,1883,45,5,0,1,0,0,1,0,3,0,0,0,0,0.0,0,,0,0,,0,0,0,0,0,0,0,0,0.0,0,0,0,0,0,64.0,5756.0,0,0,0,57,eth:ethertype:ip:tcp,36.7,94.9,52.2,160.0,-51.0,a0:a3:b3:ed:ac:1c,,,,,0.0,Normal,0.0
1744309558848492,10.42.0.139,10.42.0.1,50199,1883,48,5,0,1,1,0,1,0,185,0,0,0,0,0.0,0,,0,3,"Wakeup: 0, Mode: 0, Reset: 1, Temperature: 35.7, Uptime: 633833, Memory: 94.9, In_Temperature: 52.2°C, CPU: 160, RSSI: -51, MAC: a0:a3:b3:ed:ac:1c, F_Storage: 99.2",test/temperatura,16,0,0,182,0,0,0,0.0,0,0,0,0,0,64.0,5756.0,0,0,0,239,eth:ethertype:ip:tcp:mqtt,35.7,94.9,52.2,160.0,-51.0,a0:a3:b3:ed:ac:1c,,,,,0.0,Normal,0.0
1744309558851908,10.42.0.139,10.42.0.1,50199,1883,234,6,0,1,0,0,0,0,0,0,0,0,0,0.0,0,,0,0,,0,0,0,0,0,0,0,0,0.0,0,0,0,0,0,64.0,5755.0,0,0,0,54,eth:ethertype:ip:tcp,35.7,94.9,52.2,160.0,-51.0,a0:a3:b3:ed:ac:1c,,,,,0.0,Normal,0.0
1744309588856944,10.42.0.139,10.42.0.1,50200,1883,0,0,1,0,0,0,0,0,0,0,0,0,0,0.0,0,,0,0,,0,0,0,0,0,0,0,0,0.0,0,0,0,0,0,64.0,5760.0,0,0,0,58,eth:ethertype:ip:tcp,35.7,94.9,52.2,160.0,-51.0,a0:a3:b3:ed:ac:1c,,,,,0.0,Normal,0.0
1744309588863143,10.42.0.139,10.42.0.1,50200,1883,1,1,0,1,0,0,0,0,0,0,0,0,0,0.0,0,,0,0,,0,0,0,0,0,0,0,0,0.0,0,0,0,0,0,64.0,5760.0,0,0,0,54,eth:ethertype:ip:tcp,35.7,94.9,52.2,160.0,-51.0,a0:a3:b3:ed:ac:1c,,,,,0.0,Normal,0.0
1744309588863208,10.42.0.139,10.42.0.1,50200,1883,1,1,0,1,0,0,1,0,3,0,0,0,0,0.0,0,,0,0,,0,0,0,0,0,0,0,0,0.0,0,0,0,0,0,64.0,5760.0,0,0,0,57,eth:ethertype:ip:tcp,35.7,94.9,52.2,160.0,-51.0,a0:a3:b3:ed:ac:1c,,,,,0.0,Normal,0.0
1744309588866645,10.42.0.139,10.42.0.1,50200,1883,4,1,0,1,0,0,1,0,29,0,0,0,0,0.0,0,,0,0,,0,0,0,0,0,0,0,0,0.0,0,0,0,0,0,64.0,5760.0,0,0,0,83,eth:ethertype:ip:tcp,35.7,94.9,52.2,160.0,-51.0,a0:a3:b3:ed:ac:1c,,,,,0.0,Normal,0.0
1744309588869868,10.42.0.139,10.42.0.1,50200,1883,33,1,0,1,0,0,1,0,12,0,0,0,0,0.0,0,,0,1,,0,0,0,1,42,4,MQTT,4,0.0,0,0,0,0,0,64.0,5760.0,0,0,esp32_a0a3b3edac1c,66,eth:ethertype:ip:tcp:mqtt,35.7,94.9,52.2,160.0,-51.0,a0:a3:b3:ed:ac:1c,,,,,0.0,Normal,0.0
1744309588906533,10.42.0.139,10.42.0.1,50200,1883,45,5,0,1,0,0,1,0,3,0,0,0,0,0.0,0,,0,0,,0,0,0,0,0,0,0,0,0.0,0,0,0,0,0,64.0,5756.0,0,0,0,57,eth:ethertype:ip:tcp,35.7,94.9,52.2,160.0,-51.0,a0:a3:b3:ed:ac:1c,,,,,0.0,Normal,0.0
1744309588919986,10.42.0.139,10.42.0.1,50200,1883,48,5,0,1,1,0,1,0,185,0,0,0,0,0.0,0,,0,3,"Wakeup: 0, Mode: 0, Reset: 1, Temperature: 30.0, Uptime: 633863, Memory: 94.9, In_Temperature: 52.2°C, CPU: 160, RSSI: -49, MAC: a0:a3:b3:ed:ac:1c, F_Storage: 99.2",test/temperatura,16,0,0,182,0,0,0,0.0,0,0,0,0,0,64.0,5756.0,0,0,0,239,eth:ethertype:ip:tcp:mqtt,30.0,94.9,52.2,160.0,-49.0,a0:a3:b3:ed:ac:1c,,,,,0.0,Normal,0.0
1744309588923637,10.42.0.139,10.42.0.1,50200,1883,234,6,0,1,0,0,0,0,0,0,0,0,0,0.0,0,,0,0,,0,0,0,0,0,0,0,0,0.0,0,0,0,0,0,64.0,5755.0,0,0,0,54,eth:ethertype:ip:tcp,30.0,94.9,52.2,160.0,-49.0,a0:a3:b3:ed:ac:1c,,,,,0.0,Normal,0.0
1744309618926917,10.42.0.139,10.42.0.1,50201,1883,0,0,1,0,0,0,0,0,0,0,0,0,0,0.0,0,,0,0,,0,0,0,0,0,0,0,0,0.0,0,0,0,0,0,64.0,5760.0,0,0,0,58,eth:ethertype:ip:tcp,30.0,94.9,52.2,160.0,-49.0,a0:a3:b3:ed:ac:1c,,,,,0.0,Normal,0.0
1744309618932214,10.42.0.139,10.42.0.1,50201,1883,1,1,0,1,0,0,0,0,0,0,0,0,0,0.0,0,,0,0,,0,0,0,0,0,0,0,0,0.0,0,0,0,0,0,64.0,5760.0,0,0,0,54,eth:ethertype:ip:tcp,30.0,94.9,52.2,160.0,-49.0,a0:a3:b3:ed:ac:1c,,,,,0.0,Normal,0.0
1744309618932891,10.42.0.139,10.42.0.1,50201,1883,1,1,0,1,0,0,1,0,3,0,0,0,0,0.0,0,,0,0,,0,0,0,0,0,0,0,0,0.0,0,0,0,0,0,64.0,5760.0,0,0,0,57,eth:ethertype:ip:tcp,30.0,94.9,52.2,160.0,-49.0,a0:a3:b3:ed:ac:1c,,,,,0.0,Normal,0.0
1744309618936283,10.42.0.139,10.42.0.1,50201,1883,4,1,0,1,0,0,1,0,29,0,0,0,0,0.0,0,,0,0,,0,0,0,0,0,0,0,0,0.0,0,0,0,0,0,64.0,5760.0,0,0,0,83,eth:ethertype:ip:tcp,30.0,94.9,52.2,160.0,-49.0,a0:a3:b3:ed:ac:1c,,,,,0.0,Normal,0.0
1744309618939431,10.42.0.139,10.42.0.1,50201,1883,33,1,0,1,0,0,1,0,12,0,0,0,0,0.0,0,,0,1,,0,0,0,1,42,4,MQTT,4,0.0,0,0,0,0,0,64.0,5760.0,0,0,esp32_a0a3b3edac1c,66,eth:ethertype:ip:tcp:mqtt,30.0,94.9,52.2,160.0,-49.0,a0:a3:b3:ed:ac:1c,,,,,0.0,Normal,0.0
1744309618975065,10.42.0.139,10.42.0.1,50201,1883,45,5,0,1,0,0,1,0,3,0,0,0,0,0.0,0,,0,0,,0,0,0,0,0,0,0,0,0.0,0,0,0,0,0,64.0,5756.0,0,0,0,57,eth:ethertype:ip:tcp,30.0,94.9,52.2,160.0,-49.0,a0:a3:b3:ed:ac:1c,,,,,0.0,Normal,0.0
1744309618988173,10.42.0.139,10.42.0.1,50201,1883,48,5,0,1,1,0,1,0,185,0,0,0,0,0.0,0,,0,3,"Wakeup: 0, Mode: 0, Reset: 1, Temperature: 29.0, Uptime: 633893, Memory: 94.9, In_Temperature: 52.2°C, CPU: 160, RSSI: -49, MAC: a0:a3:b3:ed:ac:1c, F_Storage: 99.2",test/temperatura,16,0,0,182,0,0,0,0.0,0,0,0,0,0,64.0,5756.0,0,0,0,239,eth:ethertype:ip:tcp:mqtt,29.0,94.9,52.2,160.0,-49.0,a0:a3:b3:ed:ac:1c,,,,,0.0,Normal,0.0
1744309618991886,10.42.0.139,10.42.0.1,50201,1883,234,6,0,1,0,0,0,0,0,0,0,0,0,0.0,0,,0,0,,0,0,0,0,0,0,0,0,0.0,0,0,0,0,0,64.0,5755.0,0,0,0,54,eth:ethertype:ip:tcp,29.0,94.9,52.2,160.0,-49.0,a0:a3:b3:ed:ac:1c,,,,,0.0,Normal,0.0
1744309648996824,10.42.0.139,10.42.0.1,50202,1883,0,0,1,0,0,0,0,0,0,0,0,0,0,0.0,0,,0,0,,0,0,0,0,0,0,0,0,0.0,0,0,0,0,0,64.0,5760.0,0,0,0,58,eth:ethertype:ip:tcp,29.0,94.9,52.2,160.0,-49.0,a0:a3:b3:ed:ac:1c,,,,,0.0,Normal,0.0
1744309649000910,10.42.0.139,10.42.0.1,50202,1883,1,1,0,1,0,0,0,0,0,0,0,0,0,0.0,0,,0,0,,0,0,0,0,0,0,0,0,0.0,0,0,0,0,0,64.0,5760.0,0,0,0,54,eth:ethertype:ip:tcp,29.0,94.9,52.2,160.0,-49.0,a0:a3:b3:ed:ac:1c,,,,,0.0,Normal,0.0
1744309649002924,10.42.0.139,10.42.0.1,50202,1883,1,1,0,1,0,0,1,0,3,0,0,0,0,0.0,0,,0,0,,0,0,0,0,0,0,0,0,0.0,0,0,0,0,0,64.0,5760.0,0,0,0,57,eth:ethertype:ip:tcp,29.0,94.9,52.2,160.0,-49.0,a0:a3:b3:ed:ac:1c,,,,,0.0,Normal,0.0
1744309649006335,10.42.0.139,10.42.0.1,50202,1883,4,1,0,1,0,0,1,0,29,0,0,0,0,0.0,0,,0,0,,0,0,0,0,0,0,0,0,0.0,0,0,0,0,0,64.0,5760.0,0,0,0,83,eth:ethertype:ip:tcp,29.0,94.9,52.2,160.0,-49.0,a0:a3:b3:ed:ac:1c,,,,,0.0,Normal,0.0
1744309649009500,10.42.0.139,10.42.0.1,50202,1883,33,1,0,1,0,0,1,0,12,0,0,0,0,0.0,0,,0,1,,0,0,0,1,42,4,MQTT,4,0.0,0,0,0,0,0,64.0,5760.0,0,0,esp32_a0a3b3edac1c,66,eth:ethertype:ip:tcp:mqtt,29.0,94.9,52.2,160.0,-49.0,a0:a3:b3:ed:ac:1c,,,,,0.0,Normal,0.0
1744309649044929,10.42.0.139,10.42.0.1,50202,1883,45,5,0,1,0,0,1,0,3,0,0,0,0,0.0,0,,0,0,,0,0,0,0,0,0,0,0,0.0,0,0,0,0,0,64.0,5756.0,0,0,0,57,eth:ethertype:ip:tcp,29.0,94.9,52.2,160.0,-49.0,a0:a3:b3:ed:ac:1c,,,,,0.0,Normal,0.0
1744309649056921,10.42.0.139,10.42.0.1,50202,1883,48,5,0,1,1,0,1,0,185,0,0,0,0,0.0,0,,0,3,"Wakeup: 0, Mode: 0, Reset: 1, Temperature: 25.5, Uptime: 633923, Memory: 94.9, In_Temperature: 52.2°C, CPU: 160, RSSI: -50, MAC: a0:a3:b3:ed:ac:1c, F_Storage: 99.2",test/temperatura,16,0,0,182,0,0,0,0.0,0,0,0,0,0,64.0,5756.0,0,0,0,239,eth:ethertype:ip:tcp:mqtt,25.5,94.9,52.2,160.0,-50.0,a0:a3:b3:ed:ac:1c,,,,,0.0,Normal,0.0
1744309649060459,10.42.0.139,10.42.0.1,50202,1883,234,6,0,1,0,0,0,0,0,0,0,0,0,0.0,0,,0,0,,0,0,0,0,0,0,0,0,0.0,0,0,0,0,0,64.0,5755.0,0,0,0,54,eth:ethertype:ip:tcp,25.5,94.9,52.2,160.0,-50.0,a0:a3:b3:ed:ac:1c,,,,,0.0,Normal,0.0
1744309679065557,10.42.0.139,10.42.0.1,50203,1883,0,0,1,0,0,0,0,0,0,0,0,0,0,0.0,0,,0,0,,0,0,0,0,0,0,0,0,0.0,0,0,0,0,0,64.0,5760.0,0,0,0,58,eth:ethertype:ip:tcp,25.5,94.9,52.2,160.0,-50.0,a0:a3:b3:ed:ac:1c,,,,,0.0,Normal,0.0
1744309679069536,10.42.0.139,10.42.0.1,50203,1883,1,1,0,1,0,0,0,0,0,0,0,0,0,0.0,0,,0,0,,0,0,0,0,0,0,0,0,0.0,0,0,0,0,0,64.0,5760.0,0,0,0,54,eth:ethertype:ip:tcp,25.5,94.9,52.2,160.0,-50.0,a0:a3:b3:ed:ac:1c,,,,,0.0,Normal,0.0
1744309679071687,10.42.0.139,10.42.0.1,50203,1883,1,1,0,1,0,0,1,0,3,0,0,0,0,0.0,0,,0,0,,0,0,0,0,0,0,0,0,0.0,0,0,0,0,0,64.0,5760.0,0,0,0,57,eth:ethertype:ip:tcp,25.5,94.9,52.2,160.0,-50.0,a0:a3:b3:ed:ac:1c,,,,,0.0,Normal,0.0
1744309679075089,10.42.0.139,10.42.0.1,50203,1883,4,1,0,1,0,0,1,0,29,0,0,0,0,0.0,0,,0,0,,0,0,0,0,0,0,0,0,0.0,0,0,0,0,0,64.0,5760.0,0,0,0,83,eth:ethertype:ip:tcp,25.5,94.9,52.2,160.0,-50.0,a0:a3:b3:ed:ac:1c,,,,,0.0,Normal,0.0
1744309679078272,10.42.0.139,10.42.0.1,50203,1883,33,1,0,1,0,0,1,0,12,0,0,0,0,0.0,0,,0,1,,0,0,0,1,42,4,MQTT,4,0.0,0,0,0,0,0,64.0,5760.0,0,0,esp32_a0a3b3edac1c,66,eth:ethertype:ip:tcp:mqtt,25.5,94.9,52.2,160.0,-50.0,a0:a3:b3:ed:ac:1c,,,,,0.0,Normal,0.0
1744309679114122,10.42.0.139,10.42.0.1,50203,1883,45,5,0,1,0,0,1,0,3,0,0,0,0,0.0,0,,0,0,,0,0,0,0,0,0,0,0,0.0,0,0,0,0,0,64.0,5756.0,0,0,0,57,eth:ethertype:ip:tcp,25.5,94.9,52.2,160.0,-50.0,a0:a3:b3:ed:ac:1c,,,,,0.0,Normal,0.0
1744309679125839,10.42.0.139,10.42.0.1,50203,1883,48,5,0,1,1,0,1,0,185,0,0,0,0,0.0,0,,0,3,"Wakeup: 0, Mode: 0, Reset: 1, Temperature: 37.4, Uptime: 633953, Memory: 94.9, In_Temperature: 52.2°C, CPU: 160, RSSI: -49, MAC: a0:a3:b3:ed:ac:1c, F_Storage: 99.2",test/temperatura,16,0,0,182,0,0,0,0.0,0,0,0,0,0,64.0,5756.0,0,0,0,239,eth:ethertype:ip:tcp:mqtt,37.4,94.9,52.2,160.0,-49.0,a0:a3:b3:ed:ac:1c,,,,,0.0,Normal,0.0
1744309679129275,10.42.0.139,10.42.0.1,50203,1883,234,6,0,1,0,0,0,0,0,0,0,0,0,0.0,0,,0,0,,0,0,0,0,0,0,0,0,0.0,0,0,0,0,0,64.0,5755.0,0,0,0,54,eth:ethertype:ip:tcp,37.4,94.9,52.2,160.0,-49.0,a0:a3:b3:ed:ac:1c,,,,,0.0,Normal,0.0
1744309709134891,10.42.0.139,10.42.0.1,50204,1883,0,0,1,0,0,0,0,0,0,0,0,0,0,0.0,0,,0,0,,0,0,0,0,0,0,0,0,0.0,0,0,0,0,0,64.0,5760.0,0,0,0,58,eth:ethertype:ip:tcp,37.4,94.9,52.2,160.0,-49.0,a0:a3:b3:ed:ac:1c,,,,,0.0,Normal,0.0
1744309709138840,10.42.0.139,10.42.0.1,50204,1883,1,1,0,1,0,0,0,0,0,0,0,0,0,0.0,0,,0,0,,0,0,0,0,0,0,0,0,0.0,0,0,0,0,0,64.0,5760.0,0,0,0,54,eth:ethertype:ip:tcp,37.4,94.9,52.2,160.0,-49.0,a0:a3:b3:ed:ac:1c,,,,,0.0,Normal,0.0
1744309709140909,10.42.0.139,10.42.0.1,50204,1883,1,1,0,1,0,0,1,0,3,0,0,0,0,0.0,0,,0,0,,0,0,0,0,0,0,0,0,0.0,0,0,0,0,0,64.0,5760.0,0,0,0,57,eth:ethertype:ip:tcp,37.4,94.9,52.2,160.0,-49.0,a0:a3:b3:ed:ac:1c,,,,,0.0,Normal,0.0
1744309709144321,10.42.0.139,10.42.0.1,50204,1883,4,1,0,1,0,0,1,0,29,0,0,0,0,0.0,0,,0,0,,0,0,0,0,0,0,0,0,0.0,0,0,0,0,0,64.0,5760.0,0,0,0,83,eth:ethertype:ip:tcp,37.4,94.9,52.2,160.0,-49.0,a0:a3:b3:ed:ac:1c,,,,,0.0,Normal,0.0
1744309709147434,10.42.0.139,10.42.0.1,50204,1883,33,1,0,1,0,0,1,0,12,0,0,0,0,0.0,0,,0,1,,0,0,0,1,42,4,MQTT,4,0.0,0,0,0,0,0,64.0,5760.0,0,0,esp32_a0a3b3edac1c,66,eth:ethertype:ip:tcp:mqtt,37.4,94.9,52.2,160.0,-49.0,a0:a3:b3:ed:ac:1c,,,,,0.0,Normal,0.0
1744309709182758,10.42.0.139,10.42.0.1,50204,1883,45,5,0,1,0,0,1,0,3,0,0,0,0,0.0,0,,0,0,,0,0,0,0,0,0,0,0,0.0,0,0,0,0,0,64.0,5756.0,0,0,0,57,eth:ethertype:ip:tcp,37.4,94.9,52.2,160.0,-49.0,a0:a3:b3:ed:ac:1c,,,,,0.0,Normal,0.0
1744309709195271,10.42.0.139,10.42.0.1,50204,1883,48,5,0,1,1,0,1,0,185,0,0,0,0,0.0,0,,0,3,"Wakeup: 0, Mode: 0, Reset: 1, Temperature: 26.6, Uptime: 633983, Memory: 94.9, In_Temperature: 52.8°C, CPU: 160, RSSI: -51, MAC: a0:a3:b3:ed:ac:1c, F_Storage: 99.2",test/temperatura,16,0,0,182,0,0,0,0.0,0,0,0,0,0,64.0,5756.0,0,0,0,239,eth:ethertype:ip:tcp:mqtt,26.6,94.9,52.8,160.0,-51.0,a0:a3:b3:ed:ac:1c,,,,,0.0,Normal,0.0
1744309709204905,10.42.0.139,10.42.0.1,50204,1883,234,6,0,1,0,0,0,0,0,0,0,0,0,0.0,0,,0,0,,0,0,0,0,0,0,0,0,0.0,0,0,0,0,0,64.0,5755.0,0,0,0,54,eth:ethertype:ip:tcp,26.6,94.9,52.8,160.0,-51.0,a0:a3:b3:ed:ac:1c,,,,,0.0,Normal,0.0
1744309739204660,10.42.0.139,10.42.0.1,50205,1883,0,0,1,0,0,0,0,0,0,0,0,0,0,0.0,0,,0,0,,0,0,0,0,0,0,0,0,0.0,0,0,0,0,0,64.0,5760.0,0,0,0,58,eth:ethertype:ip:tcp,26.6,94.9,52.8,160.0,-51.0,a0:a3:b3:ed:ac:1c,,,,,0.0,Normal,0.0
1744309739208412,10.42.0.139,10.42.0.1,50205,1883,1,1,0,1,0,0,0,0,0,0,0,0,0,0.0,0,,0,0,,0,0,0,0,0,0,0,0,0.0,0,0,0,0,0,64.0,5760.0,0,0,0,54,eth:ethertype:ip:tcp,26.6,94.9,52.8,160.0,-51.0,a0:a3:b3:ed:ac:1c,,,,,0.0,Normal,0.0
1744309739210752,10.42.0.139,10.42.0.1,50205,1883,1,1,0,1,0,0,1,0,3,0,0,0,0,0.0,0,,0,0,,0,0,0,0,0,0,0,0,0.0,0,0,0,0,0,64.0,5760.0,0,0,0,57,eth:ethertype:ip:tcp,26.6,94.9,52.8,160.0,-51.0,a0:a3:b3:ed:ac:1c,,,,,0.0,Normal,0.0
1744309739214019,10.42.0.139,10.42.0.1,50205,1883,4,1,0,1,0,0,1,0,29,0,0,0,0,0.0,0,,0,0,,0,0,0,0,0,0,0,0,0.0,0,0,0,0,0,64.0,5760.0,0,0,0,83,eth:ethertype:ip:tcp,26.6,94.9,52.8,160.0,-51.0,a0:a3:b3:ed:ac:1c,,,,,0.0,Normal,0.0
1744309739217074,10.42.0.139,10.42.0.1,50205,1883,33,1,0,1,0,0,1,0,12,0,0,0,0,0.0,0,,0,1,,0,0,0,1,42,4,MQTT,4,0.0,0,0,0,0,0,64.0,5760.0,0,0,esp32_a0a3b3edac1c,66,eth:ethertype:ip:tcp:mqtt,26.6,94.9,52.8,160.0,-51.0,a0:a3:b3:ed:ac:1c,,,,,0.0,Normal,0.0
1744309739234919,10.42.0.139,10.42.0.1,50205,1883,45,5,0,1,0,0,0,0,0,0,0,0,0,0.0,0,,0,0,,0,0,0,0,0,0,0,0,0.0,0,0,0,0,0,64.0,5756.0,0,0,0,54,eth:ethertype:ip:tcp,26.6,94.9,52.8,160.0,-51.0,a0:a3:b3:ed:ac:1c,,,,,0.0,Normal,0.0
1744309739253796,10.42.0.139,10.42.0.1,50205,1883,45,5,0,1,0,0,1,0,3,0,0,0,0,0.0,0,,0,0,,0,0,0,0,0,0,0,0,0.0,0,0,0,0,0,64.0,5756.0,0,0,0,57,eth:ethertype:ip:tcp,26.6,94.9,52.8,160.0,-51.0,a0:a3:b3:ed:ac:1c,,,,,0.0,Normal,0.0
1744309739264439,10.42.0.139,10.42.0.1,50205,1883,48,5,0,1,1,0,1,0,185,0,0,0,0,0.0,0,,0,3,"Wakeup: 0, Mode: 0, Reset: 1, Temperature: 40.9, Uptime: 634013, Memory: 94.9, In_Temperature: 52.2°C, CPU: 160, RSSI: -51, MAC: a0:a3:b3:ed:ac:1c, F_Storage: 99.2",test/temperatura,16,0,0,182,0,0,0,0.0,0,0,0,0,0,64.0,5756.0,0,0,0,239,eth:ethertype:ip:tcp:mqtt,40.9,94.9,52.2,160.0,-51.0,a0:a3:b3:ed:ac:1c,,,,,0.0,Normal,0.0
1744309739267790,10.42.0.139,10.42.0.1,50205,1883,234,6,0,1,0,0,0,0,0,0,0,0,0,0.0,0,,0,0,,0,0,0,0,0,0,0,0,0.0,0,0,0,0,0,64.0,5755.0,0,0,0,54,eth:ethertype:ip:tcp,40.9,94.9,52.2,160.0,-51.0,a0:a3:b3:ed:ac:1c,,,,,0.0,Normal,0.0
1744309769272674,10.42.0.139,10.42.0.1,50206,1883,0,0,1,0,0,0,0,0,0,0,0,0,0,0.0,0,,0,0,,0,0,0,0,0,0,0,0,0.0,0,0,0,0,0,64.0,5760.0,0,0,0,58,eth:ethertype:ip:tcp,40.9,94.9,52.2,160.0,-51.0,a0:a3:b3:ed:ac:1c,,,,,0.0,Normal,0.0
1744309769276501,10.42.0.139,10.42.0.1,50206,1883,1,1,0,1,0,0,0,0,0,0,0,0,0,0.0,0,,0,0,,0,0,0,0,0,0,0,0,0.0,0,0,0,0,0,64.0,5760.0,0,0,0,54,eth:ethertype:ip:tcp,40.9,94.9,52.2,160.0,-51.0,a0:a3:b3:ed:ac:1c,,,,,0.0,Normal,0.0
1744309769278802,10.42.0.139,10.42.0.1,50206,1883,1,1,0,1,0,0,1,0,3,0,0,0,0,0.0,0,,0,0,,0,0,0,0,0,0,0,0,0.0,0,0,0,0,0,64.0,5760.0,0,0,0,57,eth:ethertype:ip:tcp,40.9,94.9,52.2,160.0,-51.0,a0:a3:b3:ed:ac:1c,,,,,0.0,Normal,0.0
1744309769282316,10.42.0.139,10.42.0.1,50206,1883,4,1,0,1,0,0,1,0,29,0,0,0,0,0.0,0,,0,0,,0,0,0,0,0,0,0,0,0.0,0,0,0,0,0,64.0,5760.0,0,0,0,83,eth:ethertype:ip:tcp,40.9,94.9,52.2,160.0,-51.0,a0:a3:b3:ed:ac:1c,,,,,0.0,Normal,0.0
1744309769286012,10.42.0.139,10.42.0.1,50206,1883,33,1,0,1,0,0,1,0,12,0,0,0,0,0.0,0,,0,1,,0,0,0,1,42,4,MQTT,4,0.0,0,0,0,0,0,64.0,5760.0,0,0,esp32_a0a3b3edac1c,66,eth:ethertype:ip:tcp:mqtt,40.9,94.9,52.2,160.0,-51.0,a0:a3:b3:ed:ac:1c,,,,,0.0,Normal,0.0
1744309769322533,10.42.0.139,10.42.0.1,50206,1883,45,5,0,1,0,0,1,0,3,0,0,0,0,0.0,0,,0,0,,0,0,0,0,0,0,0,0,0.0,0,0,0,0,0,64.0,5756.0,0,0,0,57,eth:ethertype:ip:tcp,40.9,94.9,52.2,160.0,-51.0,a0:a3:b3:ed:ac:1c,,,,,0.0,Normal,0.0
1744309769333963,10.42.0.139,10.42.0.1,50206,1883,48,5,0,1,1,0,1,0,185,0,0,0,0,0.0,0,,0,3,"Wakeup: 0, Mode: 0, Reset: 1, Temperature: 35.6, Uptime: 634043, Memory: 94.9, In_Temperature: 52.2°C, CPU: 160, RSSI: -50, MAC: a0:a3:b3:ed:ac:1c, F_Storage: 99.2",test/temperatura,16,0,0,182,0,0,0,0.0,0,0,0,0,0,64.0,5756.0,0,0,0,239,eth:ethertype:ip:tcp:mqtt,35.6,94.9,52.2,160.0,-50.0,a0:a3:b3:ed:ac:1c,,,,,0.0,Normal,0.0
1744309769337463,10.42.0.139,10.42.0.1,50206,1883,234,6,0,1,0,0,0,0,0,0,0,0,0,0.0,0,,0,0,,0,0,0,0,0,0,0,0,0.0,0,0,0,0,0,64.0,5755.0,0,0,0,54,eth:ethertype:ip:tcp,35.6,94.9,52.2,160.0,-50.0,a0:a3:b3:ed:ac:1c,,,,,0.0,Normal,0.0
1744309799342876,10.42.0.139,10.42.0.1,50207,1883,0,0,1,0,0,0,0,0,0,0,0,0,0,0.0,0,,0,0,,0,0,0,0,0,0,0,0,0.0,0,0,0,0,0,64.0,5760.0,0,0,0,58,eth:ethertype:ip:tcp,35.6,94.9,52.2,160.0,-50.0,a0:a3:b3:ed:ac:1c,,,,,0.0,Normal,0.0
1744309799346808,10.42.0.139,10.42.0.1,50207,1883,1,1,0,1,0,0,0,0,0,0,0,0,0,0.0,0,,0,0,,0,0,0,0,0,0,0,0,0.0,0,0,0,0,0,64.0,5760.0,0,0,0,54,eth:ethertype:ip:tcp,35.6,94.9,52.2,160.0,-50.0,a0:a3:b3:ed:ac:1c,,,,,0.0,Normal,0.0
1744309799348970,10.42.0.139,10.42.0.1,50207,1883,1,1,0,1,0,0,1,0,3,0,0,0,0,0.0,0,,0,0,,0,0,0,0,0,0,0,0,0.0,0,0,0,0,0,64.0,5760.0,0,0,0,57,eth:ethertype:ip:tcp,35.6,94.9,52.2,160.0,-50.0,a0:a3:b3:ed:ac:1c,,,,,0.0,Normal,0.0
1744309799353823,10.42.0.139,10.42.0.1,50207,1883,4,1,0,1,0,0,1,0,31,0,0,0,0,0.0,0,,0,0,,0,0,0,0,0,0,0,0,0.0,0,0,0,0,0,64.0,5760.0,0,0,0,85,eth:ethertype:ip:tcp,35.6,94.9,52.2,160.0,-50.0,a0:a3:b3:ed:ac:1c,,,,,0.0,Normal,0.0
1744309799356498,10.42.0.139,10.42.0.1,50207,1883,35,1,0,1,0,0,1,0,10,0,0,0,0,0.0,0,,0,1,,0,0,0,1,42,4,MQTT,4,0.0,0,0,0,0,0,64.0,5760.0,0,0,esp32_a0a3b3edac1c,64,eth:ethertype:ip:tcp:mqtt,35.6,94.9,52.2,160.0,-50.0,a0:a3:b3:ed:ac:1c,,,,,0.0,Normal,0.0
1744309799392071,10.42.0.139,10.42.0.1,50207,1883,45,5,0,1,0,0,1,0,3,0,0,0,0,0.0,0,,0,0,,0,0,0,0,0,0,0,0,0.0,0,0,0,0,0,64.0,5756.0,0,0,0,57,eth:ethertype:ip:tcp,35.6,94.9,52.2,160.0,-50.0,a0:a3:b3:ed:ac:1c,,,,,0.0,Normal,0.0
1744309799403267,10.42.0.139,10.42.0.1,50207,1883,48,5,0,1,1,0,1,0,185,0,0,0,0,0.0,0,,0,3,"Wakeup: 0, Mode: 0, Reset: 1, Temperature: 38.8, Uptime: 634073, Memory: 94.9, In_Temperature: 52.2°C, CPU: 160, RSSI: -50, MAC: a0:a3:b3:ed:ac:1c, F_Storage: 99.2",test/temperatura,16,0,0,182,0,0,0,0.0,0,0,0,0,0,64.0,5756.0,0,0,0,239,eth:ethertype:ip:tcp:mqtt,38.8,94.9,52.2,160.0,-50.0,a0:a3:b3:ed:ac:1c,,,,,0.0,Normal,0.0
1744309799407100,10.42.0.139,10.42.0.1,50207,1883,234,6,0,1,0,0,0,0,0,0,0,0,0,0.0,0,,0,0,,0,0,0,0,0,0,0,0,0.0,0,0,0,0,0,64.0,5755.0,0,0,0,54,eth:ethertype:ip:tcp,38.8,94.9,52.2,160.0,-50.0,a0:a3:b3:ed:ac:1c,,,,,0.0,Normal,0.0
1744309829412178,10.42.0.139,10.42.0.1,50208,1883,0,0,1,0,0,0,0,0,0,0,0,0,0,0.0,0,,0,0,,0,0,0,0,0,0,0,0,0.0,0,0,0,0,0,64.0,5760.0,0,0,0,58,eth:ethertype:ip:tcp,38.8,94.9,52.2,160.0,-50.0,a0:a3:b3:ed:ac:1c,,,,,0.0,Normal,0.0
1744309829422334,10.42.0.139,10.42.0.1,50208,1883,1,1,0,1,0,0,0,0,0,0,0,0,0,0.0,0,,0,0,,0,0,0,0,0,0,0,0,0.0,0,0,0,0,0,64.0,5760.0,0,0,0,54,eth:ethertype:ip:tcp,38.8,94.9,52.2,160.0,-50.0,a0:a3:b3:ed:ac:1c,,,,,0.0,Normal,0.0
1744309829423324,10.42.0.139,10.42.0.1,50208,1883,1,1,0,1,0,0,1,0,3,0,0,0,0,0.0,0,,0,0,,0,0,0,0,0,0,0,0,0.0,0,0,0,0,0,64.0,5760.0,0,0,0,57,eth:ethertype:ip:tcp,38.8,94.9,52.2,160.0,-50.0,a0:a3:b3:ed:ac:1c,,,,,0.0,Normal,0.0
1744309829426892,10.42.0.139,10.42.0.1,50208,1883,4,1,0,1,0,0,1,0,35,0,0,0,0,0.0,0,,0,0,,0,0,0,0,0,0,0,0,0.0,0,0,0,0,0,64.0,5760.0,0,0,0,89,eth:ethertype:ip:tcp,38.8,94.9,52.2,160.0,-50.0,a0:a3:b3:ed:ac:1c,,,,,0.0,Normal,0.0
1744309829429611,10.42.0.139,10.42.0.1,50208,1883,39,1,0,1,0,0,1,0,6,0,0,0,0,0.0,0,,0,1,,0,0,0,1,42,4,MQTT,4,0.0,0,0,0,0,0,64.0,5760.0,0,0,esp32_a0a3b3edac1c,60,eth:ethertype:ip:tcp:mqtt,38.8,94.9,52.2,160.0,-50.0,a0:a3:b3:ed:ac:1c,,,,,0.0,Normal,0.0
1744309829465430,10.42.0.139,10.42.0.1,50208,1883,45,5,0,1,0,0,1,0,3,0,0,0,0,0.0,0,,0,0,,0,0,0,0,0,0,0,0,0.0,0,0,0,0,0,64.0,5756.0,0,0,0,57,eth:ethertype:ip:tcp,38.8,94.9,52.2,160.0,-50.0,a0:a3:b3:ed:ac:1c,,,,,0.0,Normal,0.0
1744309829483028,10.42.0.139,10.42.0.1,50208,1883,48,5,0,1,1,0,1,0,185,0,0,0,0,0.0,0,,0,3,"Wakeup: 0, Mode: 0, Reset: 1, Temperature: 30.1, Uptime: 634103, Memory: 94.9, In_Temperature: 52.2°C, CPU: 160, RSSI: -51, MAC: a0:a3:b3:ed:ac:1c, F_Storage: 99.2",test/temperatura,16,0,0,182,0,0,0,0.0,0,0,0,0,0,64.0,5756.0,0,0,0,239,eth:ethertype:ip:tcp:mqtt,30.1,94.9,52.2,160.0,-51.0,a0:a3:b3:ed:ac:1c,,,,,0.0,Normal,0.0
1744309829486505,10.42.0.139,10.42.0.1,50208,1883,234,6,0,1,0,0,0,0,0,0,0,0,0,0.0,0,,0,0,,0,0,0,0,0,0,0,0,0.0,0,0,0,0,0,64.0,5755.0,0,0,0,54,eth:ethertype:ip:tcp,30.1,94.9,52.2,160.0,-51.0,a0:a3:b3:ed:ac:1c,,,,,0.0,Normal,0.0
1744309859491799,10.42.0.139,10.42.0.1,50209,1883,0,0,1,0,0,0,0,0,0,0,0,0,0,0.0,0,,0,0,,0,0,0,0,0,0,0,0,0.0,0,0,0,0,0,64.0,5760.0,0,0,0,58,eth:ethertype:ip:tcp,30.1,94.9,52.2,160.0,-51.0,a0:a3:b3:ed:ac:1c,,,,,0.0,Normal,0.0
1744309859495804,10.42.0.139,10.42.0.1,50209,1883,1,1,0,1,0,0,0,0,0,0,0,0,0,0.0,0,,0,0,,0,0,0,0,0,0,0,0,0.0,0,0,0,0,0,64.0,5760.0,0,0,0,54,eth:ethertype:ip:tcp,30.1,94.9,52.2,160.0,-51.0,a0:a3:b3:ed:ac:1c,,,,,0.0,Normal,0.0
1744309859497929,10.42.0.139,10.42.0.1,50209,1883,1,1,0,1,0,0,1,0,3,0,0,0,0,0.0,0,,0,0,,0,0,0,0,0,0,0,0,0.0,0,0,0,0,0,64.0,5760.0,0,0,0,57,eth:ethertype:ip:tcp,30.1,94.9,52.2,160.0,-51.0,a0:a3:b3:ed:ac:1c,,,,,0.0,Normal,0.0
1744309859501361,10.42.0.139,10.42.0.1,50209,1883,4,1,0,1,0,0,1,0,29,0,0,0,0,0.0,0,,0,0,,0,0,0,0,0,0,0,0,0.0,0,0,0,0,0,64.0,5760.0,0,0,0,83,eth:ethertype:ip:tcp,30.1,94.9,52.2,160.0,-51.0,a0:a3:b3:ed:ac:1c,,,,,0.0,Normal,0.0
1744309859504467,10.42.0.139,10.42.0.1,50209,1883,33,1,0,1,0,0,1,0,12,0,0,0,0,0.0,0,,0,1,,0,0,0,1,42,4,MQTT,4,0.0,0,0,0,0,0,64.0,5760.0,0,0,esp32_a0a3b3edac1c,66,eth:ethertype:ip:tcp:mqtt,30.1,94.9,52.2,160.0,-51.0,a0:a3:b3:ed:ac:1c,,,,,0.0,Normal,0.0
1744309859540282,10.42.0.139,10.42.0.1,50209,1883,45,5,0,1,0,0,1,0,3,0,0,0,0,0.0,0,,0,0,,0,0,0,0,0,0,0,0,0.0,0,0,0,0,0,64.0,5756.0,0,0,0,57,eth:ethertype:ip:tcp,30.1,94.9,52.2,160.0,-51.0,a0:a3:b3:ed:ac:1c,,,,,0.0,Normal,0.0
1744309859551796,10.42.0.139,10.42.0.1,50209,1883,48,5,0,1,1,0,1,0,185,0,0,0,0,0.0,0,,0,3,"Wakeup: 0, Mode: 0, Reset: 1, Temperature: 33.1, Uptime: 634134, Memory: 94.9, In_Temperature: 52.2°C, CPU: 160, RSSI: -51, MAC: a0:a3:b3:ed:ac:1c, F_Storage: 99.2",test/temperatura,16,0,0,182,0,0,0,0.0,0,0,0,0,0,64.0,5756.0,0,0,0,239,eth:ethertype:ip:tcp:mqtt,33.1,94.9,52.2,160.0,-51.0,a0:a3:b3:ed:ac:1c,,,,,0.0,Normal,0.0
1744309859555323,10.42.0.139,10.42.0.1,50209,1883,234,6,0,1,0,0,0,0,0,0,0,0,0,0.0,0,,0,0,,0,0,0,0,0,0,0,0,0.0,0,0,0,0,0,64.0,5755.0,0,0,0,54,eth:ethertype:ip:tcp,33.1,94.9,52.2,160.0,-51.0,a0:a3:b3:ed:ac:1c,,,,,0.0,Normal,0.0
1744309889560837,10.42.0.139,10.42.0.1,50210,1883,0,0,1,0,0,0,0,0,0,0,0,0,0,0.0,0,,0,0,,0,0,0,0,0,0,0,0,0.0,0,0,0,0,0,64.0,5760.0,0,0,0,58,eth:ethertype:ip:tcp,33.1,94.9,52.2,160.0,-51.0,a0:a3:b3:ed:ac:1c,,,,,0.0,Normal,0.0
1744309889564822,10.42.0.139,10.42.0.1,50210,1883,1,1,0,1,0,0,0,0,0,0,0,0,0,0.0,0,,0,0,,0,0,0,0,0,0,0,0,0.0,0,0,0,0,0,64.0,5760.0,0,0,0,54,eth:ethertype:ip:tcp,33.1,94.9,52.2,160.0,-51.0,a0:a3:b3:ed:ac:1c,,,,,0.0,Normal,0.0
1744309889569032,10.42.0.139,10.42.0.1,50210,1883,1,1,0,1,0,0,1,0,3,0,0,0,0,0.0,0,,0,0,,0,0,0,0,0,0,0,0,0.0,0,0,0,0,0,64.0,5760.0,0,0,0,57,eth:ethertype:ip:tcp,33.1,94.9,52.2,160.0,-51.0,a0:a3:b3:ed:ac:1c,,,,,0.0,Normal,0.0
1744309889571984,10.42.0.139,10.42.0.1,50210,1883,4,1,0,1,0,0,1,0,41,0,0,0,0,0.0,0,,0,1,,0,0,0,1,42,4,MQTT,4,0.0,0,0,0,0,0,64.0,5760.0,0,0,esp32_a0a3b3edac1c,95,eth:ethertype:ip:tcp:mqtt,33.1,94.9,52.2,160.0,-51.0,a0:a3:b3:ed:ac:1c,,,,,0.0,Normal,0.0
1744309889607328,10.42.0.139,10.42.0.1,50210,1883,45,5,0,1,0,0,1,0,3,0,0,0,0,0.0,0,,0,0,,0,0,0,0,0,0,0,0,0.0,0,0,0,0,0,64.0,5756.0,0,0,0,57,eth:ethertype:ip:tcp,33.1,94.9,52.2,160.0,-51.0,a0:a3:b3:ed:ac:1c,,,,,0.0,Normal,0.0
1744309889621274,10.42.0.139,10.42.0.1,50210,1883,48,5,0,1,1,0,1,0,185,0,0,0,0,0.0,0,,0,3,"Wakeup: 0, Mode: 0, Reset: 1, Temperature: 31.2, Uptime: 634164, Memory: 94.9, In_Temperature: 52.2°C, CPU: 160, RSSI: -50, MAC: a0:a3:b3:ed:ac:1c, F_Storage: 99.2",test/temperatura,16,0,0,182,0,0,0,0.0,0,0,0,0,0,64.0,5756.0,0,0,0,239,eth:ethertype:ip:tcp:mqtt,31.2,94.9,52.2,160.0,-50.0,a0:a3:b3:ed:ac:1c,,,,,0.0,Normal,0.0
1744309889624633,10.42.0.139,10.42.0.1,50210,1883,234,6,0,1,0,0,0,0,0,0,0,0,0,0.0,0,,0,0,,0,0,0,0,0,0,0,0,0.0,0,0,0,0,0,64.0,5755.0,0,0,0,54,eth:ethertype:ip:tcp,31.2,94.9,52.2,160.0,-50.0,a0:a3:b3:ed:ac:1c,,,,,0.0,Normal,0.0
1744309919630547,10.42.0.139,10.42.0.1,50211,1883,0,0,1,0,0,0,0,0,0,0,0,0,0,0.0,0,,0,0,,0,0,0,0,0,0,0,0,0.0,0,0,0,0,0,64.0,5760.0,0,0,0,58,eth:ethertype:ip:tcp,31.2,94.9,52.2,160.0,-50.0,a0:a3:b3:ed:ac:1c,,,,,0.0,Normal,0.0
1744309919635872,10.42.0.139,10.42.0.1,50211,1883,1,1,0,1,0,0,0,0,0,0,0,0,0,0.0,0,,0,0,,0,0,0,0,0,0,0,0,0.0,0,0,0,0,0,64.0,5760.0,0,0,0,54,eth:ethertype:ip:tcp,31.2,94.9,52.2,160.0,-50.0,a0:a3:b3:ed:ac:1c,,,,,0.0,Normal,0.0
1744309919637905,10.42.0.139,10.42.0.1,50211,1883,1,1,0,1,0,0,1,0,3,0,0,0,0,0.0,0,,0,0,,0,0,0,0,0,0,0,0,0.0,0,0,0,0,0,64.0,5760.0,0,0,0,57,eth:ethertype:ip:tcp,31.2,94.9,52.2,160.0,-50.0,a0:a3:b3:ed:ac:1c,,,,,0.0,Normal,0.0
1744309919641466,10.42.0.139,10.42.0.1,50211,1883,4,1,0,1,0,0,1,0,29,0,0,0,0,0.0,0,,0,0,,0,0,0,0,0,0,0,0,0.0,0,0,0,0,0,64.0,5760.0,0,0,0,83,eth:ethertype:ip:tcp,31.2,94.9,52.2,160.0,-50.0,a0:a3:b3:ed:ac:1c,,,,,0.0,Normal,0.0
1744309919644540,10.42.0.139,10.42.0.1,50211,1883,33,1,0,1,0,0,1,0,12,0,0,0,0,0.0,0,,0,1,,0,0,0,1,42,4,MQTT,4,0.0,0,0,0,0,0,64.0,5760.0,0,0,esp32_a0a3b3edac1c,66,eth:ethertype:ip:tcp:mqtt,31.2,94.9,52.2,160.0,-50.0,a0:a3:b3:ed:ac:1c,,,,,0.0,Normal,0.0
1744309919679863,10.42.0.139,10.42.0.1,50211,1883,45,5,0,1,0,0,1,0,3,0,0,0,0,0.0,0,,0,0,,0,0,0,0,0,0,0,0,0.0,0,0,0,0,0,64.0,5756.0,0,0,0,57,eth:ethertype:ip:tcp,31.2,94.9,52.2,160.0,-50.0,a0:a3:b3:ed:ac:1c,,,,,0.0,Normal,0.0
1744309919691022,10.42.0.139,10.42.0.1,50211,1883,48,5,0,1,1,0,1,0,185,0,0,0,0,0.0,0,,0,3,"Wakeup: 0, Mode: 0, Reset: 1, Temperature: 32.5, Uptime: 634194, Memory: 94.9, In_Temperature: 52.2°C, CPU: 160, RSSI: -51, MAC: a0:a3:b3:ed:ac:1c, F_Storage: 99.2",test/temperatura,16,0,0,182,0,0,0,0.0,0,0,0,0,0,64.0,5756.0,0,0,0,239,eth:ethertype:ip:tcp:mqtt,32.5,94.9,52.2,160.0,-51.0,a0:a3:b3:ed:ac:1c,,,,,0.0,Normal,0.0
1744309919694460,10.42.0.139,10.42.0.1,50211,1883,234,6,0,1,0,0,0,0,0,0,0,0,0,0.0,0,,0,0,,0,0,0,0,0,0,0,0,0.0,0,0,0,0,0,64.0,5755.0,0,0,0,54,eth:ethertype:ip:tcp,32.5,94.9,52.2,160.0,-51.0,a0:a3:b3:ed:ac:1c,,,,,0.0,Normal,0.0
1744309949699786,10.42.0.139,10.42.0.1,50212,1883,0,0,1,0,0,0,0,0,0,0,0,0,0,0.0,0,,0,0,,0,0,0,0,0,0,0,0,0.0,0,0,0,0,0,64.0,5760.0,0,0,0,58,eth:ethertype:ip:tcp,32.5,94.9,52.2,160.0,-51.0,a0:a3:b3:ed:ac:1c,,,,,0.0,Normal,0.0
1744309949703594,10.42.0.139,10.42.0.1,50212,1883,1,1,0,1,0,0,0,0,0,0,0,0,0,0.0,0,,0,0,,0,0,0,0,0,0,0,0,0.0,0,0,0,0,0,64.0,5760.0,0,0,0,54,eth:ethertype:ip:tcp,32.5,94.9,52.2,160.0,-51.0,a0:a3:b3:ed:ac:1c,,,,,0.0,Normal,0.0
1744309949705744,10.42.0.139,10.42.0.1,50212,1883,1,1,0,1,0,0,1,0,3,0,0,0,0,0.0,0,,0,0,,0,0,0,0,0,0,0,0,0.0,0,0,0,0,0,64.0,5760.0,0,0,0,57,eth:ethertype:ip:tcp,32.5,94.9,52.2,160.0,-51.0,a0:a3:b3:ed:ac:1c,,,,,0.0,Normal,0.0
1744309949709291,10.42.0.139,10.42.0.1,50212,1883,4,1,0,1,0,0,1,0,29,0,0,0,0,0.0,0,,0,0,,0,0,0,0,0,0,0,0,0.0,0,0,0,0,0,64.0,5760.0,0,0,0,83,eth:ethertype:ip:tcp,32.5,94.9,52.2,160.0,-51.0,a0:a3:b3:ed:ac:1c,,,,,0.0,Normal,0.0
1744309949712381,10.42.0.139,10.42.0.1,50212,1883,33,1,0,1,0,0,1,0,12,0,0,0,0,0.0,0,,0,1,,0,0,0,1,42,4,MQTT,4,0.0,0,0,0,0,0,64.0,5760.0,0,0,esp32_a0a3b3edac1c,66,eth:ethertype:ip:tcp:mqtt,32.5,94.9,52.2,160.0,-51.0,a0:a3:b3:ed:ac:1c,,,,,0.0,Normal,0.0
1744309949730676,10.42.0.139,10.42.0.1,50212,1883,45,5,0,1,0,0,0,0,0,0,0,0,0,0.0,0,,0,0,,0,0,0,0,0,0,0,0,0.0,0,0,0,0,0,64.0,5756.0,0,0,0,54,eth:ethertype:ip:tcp,32.5,94.9,52.2,160.0,-51.0,a0:a3:b3:ed:ac:1c,,,,,0.0,Normal,0.0
1744309949751110,10.42.0.139,10.42.0.1,50212,1883,45,5,0,1,0,0,1,0,3,0,0,0,0,0.0,0,,0,0,,0,0,0,0,0,0,0,0,0.0,0,0,0,0,0,64.0,5756.0,0,0,0,57,eth:ethertype:ip:tcp,32.5,94.9,52.2,160.0,-51.0,a0:a3:b3:ed:ac:1c,,,,,0.0,Normal,0.0
1744309949759982,10.42.0.139,10.42.0.1,50212,1883,48,5,0,1,1,0,1,0,185,0,0,0,0,0.0,0,,0,3,"Wakeup: 0, Mode: 0, Reset: 1, Temperature: 38.7, Uptime: 634224, Memory: 94.9, In_Temperature: 52.2°C, CPU: 160, RSSI: -50, MAC: a0:a3:b3:ed:ac:1c, F_Storage: 99.2",test/temperatura,16,0,0,182,0,0,0,0.0,0,0,0,0,0,64.0,5756.0,0,0,0,239,eth:ethertype:ip:tcp:mqtt,38.7,94.9,52.2,160.0,-50.0,a0:a3:b3:ed:ac:1c,,,,,0.0,Normal,0.0
1744309949763427,10.42.0.139,10.42.0.1,50212,1883,234,6,0,1,0,0,0,0,0,0,0,0,0,0.0,0,,0,0,,0,0,0,0,0,0,0,0,0.0,0,0,0,0,0,64.0,5755.0,0,0,0,54,eth:ethertype:ip:tcp,38.7,94.9,52.2,160.0,-50.0,a0:a3:b3:ed:ac:1c,,,,,0.0,Normal,0.0
1744309979777378,10.42.0.139,10.42.0.1,50213,1883,0,0,1,0,0,0,0,0,0,0,0,0,0,0.0,0,,0,0,,0,0,0,0,0,0,0,0,0.0,0,0,0,0,0,64.0,5760.0,0,0,0,58,eth:ethertype:ip:tcp,38.7,94.9,52.2,160.0,-50.0,a0:a3:b3:ed:ac:1c,,,,,0.0,Normal,0.0
1744309979781686,10.42.0.139,10.42.0.1,50213,1883,1,1,0,1,0,0,0,0,0,0,0,0,0,0.0,0,,0,0,,0,0,0,0,0,0,0,0,0.0,0,0,0,0,0,64.0,5760.0,0,0,0,54,eth:ethertype:ip:tcp,38.7,94.9,52.2,160.0,-50.0,a0:a3:b3:ed:ac:1c,,,,,0.0,Normal,0.0
1744309979784269,10.42.0.139,10.42.0.1,50213,1883,1,1,0,1,0,0,1,0,3,0,0,0,0,0.0,0,,0,0,,0,0,0,0,0,0,0,0,0.0,0,0,0,0,0,64.0,5760.0,0,0,0,57,eth:ethertype:ip:tcp,38.7,94.9,52.2,160.0,-50.0,a0:a3:b3:ed:ac:1c,,,,,0.0,Normal,0.0
1744309979787609,10.42.0.139,10.42.0.1,50213,1883,4,1,0,1,0,0,1,0,31,0,0,0,0,0.0,0,,0,0,,0,0,0,0,0,0,0,0,0.0,0,0,0,0,0,64.0,5760.0,0,0,0,85,eth:ethertype:ip:tcp,38.7,94.9,52.2,160.0,-50.0,a0:a3:b3:ed:ac:1c,,,,,0.0,Normal,0.0
1744309979790733,10.42.0.139,10.42.0.1,50213,1883,35,1,0,1,0,0,1,0,10,0,0,0,0,0.0,0,,0,1,,0,0,0,1,42,4,MQTT,4,0.0,0,0,0,0,0,64.0,5760.0,0,0,esp32_a0a3b3edac1c,64,eth:ethertype:ip:tcp:mqtt,38.7,94.9,52.2,160.0,-50.0,a0:a3:b3:ed:ac:1c,,,,,0.0,Normal,0.0
1744309979826245,10.42.0.139,10.42.0.1,50213,1883,45,5,0,1,0,0,1,0,3,0,0,0,0,0.0,0,,0,0,,0,0,0,0,0,0,0,0,0.0,0,0,0,0,0,64.0,5756.0,0,0,0,57,eth:ethertype:ip:tcp,38.7,94.9,52.2,160.0,-50.0,a0:a3:b3:ed:ac:1c,,,,,0.0,Normal,0.0
1744309979839241,10.42.0.139,10.42.0.1,50213,1883,48,5,0,1,1,0,1,0,185,0,0,0,0,0.0,0,,0,3,"Wakeup: 0, Mode: 0, Reset: 1, Temperature: 29.3, Uptime: 634254, Memory: 94.9, In_Temperature: 52.2°C, CPU: 160, RSSI: -50, MAC: a0:a3:b3:ed:ac:1c, F_Storage: 99.2",test/temperatura,16,0,0,182,0,0,0,0.0,0,0,0,0,0,64.0,5756.0,0,0,0,239,eth:ethertype:ip:tcp:mqtt,29.3,94.9,52.2,160.0,-50.0,a0:a3:b3:ed:ac:1c,,,,,0.0,Normal,0.0
1744309979846177,10.42.0.139,10.42.0.1,50213,1883,234,6,0,1,0,0,0,0,0,0,0,0,0,0.0,0,,0,0,,0,0,0,0,0,0,0,0,0.0,0,0,0,0,0,64.0,5755.0,0,0,0,54,eth:ethertype:ip:tcp,29.3,94.9,52.2,160.0,-50.0,a0:a3:b3:ed:ac:1c,,,,,0.0,Normal,0.0
1744310009848310,10.42.0.139,10.42.0.1,50214,1883,0,0,1,0,0,0,0,0,0,0,0,0,0,0.0,0,,0,0,,0,0,0,0,0,0,0,0,0.0,0,0,0,0,0,64.0,5760.0,0,0,0,58,eth:ethertype:ip:tcp,29.3,94.9,52.2,160.0,-50.0,a0:a3:b3:ed:ac:1c,,,,,0.0,Normal,0.0
1744310009852254,10.42.0.139,10.42.0.1,50214,1883,1,1,0,1,0,0,0,0,0,0,0,0,0,0.0,0,,0,0,,0,0,0,0,0,0,0,0,0.0,0,0,0,0,0,64.0,5760.0,0,0,0,54,eth:ethertype:ip:tcp,29.3,94.9,52.2,160.0,-50.0,a0:a3:b3:ed:ac:1c,,,,,0.0,Normal,0.0
1744310009854404,10.42.0.139,10.42.0.1,50214,1883,1,1,0,1,0,0,1,0,3,0,0,0,0,0.0,0,,0,0,,0,0,0,0,0,0,0,0,0.0,0,0,0,0,0,64.0,5760.0,0,0,0,57,eth:ethertype:ip:tcp,29.3,94.9,52.2,160.0,-50.0,a0:a3:b3:ed:ac:1c,,,,,0.0,Normal,0.0
1744310009858025,10.42.0.139,10.42.0.1,50214,1883,4,1,0,1,0,0,1,0,29,0,0,0,0,0.0,0,,0,0,,0,0,0,0,0,0,0,0,0.0,0,0,0,0,0,64.0,5760.0,0,0,0,83,eth:ethertype:ip:tcp,29.3,94.9,52.2,160.0,-50.0,a0:a3:b3:ed:ac:1c,,,,,0.0,Normal,0.0
1744310009861180,10.42.0.139,10.42.0.1,50214,1883,33,1,0,1,0,0,1,0,12,0,0,0,0,0.0,0,,0,1,,0,0,0,1,42,4,MQTT,4,0.0,0,0,0,0,0,64.0,5760.0,0,0,esp32_a0a3b3edac1c,66,eth:ethertype:ip:tcp:mqtt,29.3,94.9,52.2,160.0,-50.0,a0:a3:b3:ed:ac:1c,,,,,0.0,Normal,0.0
1744310009896591,10.42.0.139,10.42.0.1,50214,1883,45,5,0,1,0,0,1,0,3,0,0,0,0,0.0,0,,0,0,,0,0,0,0,0,0,0,0,0.0,0,0,0,0,0,64.0,5756.0,0,0,0,57,eth:ethertype:ip:tcp,29.3,94.9,52.2,160.0,-50.0,a0:a3:b3:ed:ac:1c,,,,,0.0,Normal,0.0
1744310009908985,10.42.0.139,10.42.0.1,50214,1883,48,5,0,1,1,0,1,0,185,0,0,0,0,0.0,0,,0,3,"Wakeup: 0, Mode: 0, Reset: 1, Temperature: 40.6, Uptime: 634284, Memory: 94.9, In_Temperature: 52.2°C, CPU: 160, RSSI: -52, MAC: a0:a3:b3:ed:ac:1c, F_Storage: 99.2",test/temperatura,16,0,0,182,0,0,0,0.0,0,0,0,0,0,64.0,5756.0,0,0,0,239,eth:ethertype:ip:tcp:mqtt,40.6,94.9,52.2,160.0,-52.0,a0:a3:b3:ed:ac:1c,,,,,0.0,Normal,0.0
1744310009912481,10.42.0.139,10.42.0.1,50214,1883,234,6,0,1,0,0,0,0,0,0,0,0,0,0.0,0,,0,0,,0,0,0,0,0,0,0,0,0.0,0,0,0,0,0,64.0,5755.0,0,0,0,54,eth:ethertype:ip:tcp,40.6,94.9,52.2,160.0,-52.0,a0:a3:b3:ed:ac:1c,,,,,0.0,Normal,0.0
1744310039917724,10.42.0.139,10.42.0.1,50215,1883,0,0,1,0,0,0,0,0,0,0,0,0,0,0.0,0,,0,0,,0,0,0,0,0,0,0,0,0.0,0,0,0,0,0,64.0,5760.0,0,0,0,58,eth:ethertype:ip:tcp,40.6,94.9,52.2,160.0,-52.0,a0:a3:b3:ed:ac:1c,,,,,0.0,Normal,0.0
1744310039921779,10.42.0.139,10.42.0.1,50215,1883,1,1,0,1,0,0,0,0,0,0,0,0,0,0.0,0,,0,0,,0,0,0,0,0,0,0,0,0.0,0,0,0,0,0,64.0,5760.0,0,0,0,54,eth:ethertype:ip:tcp,40.6,94.9,52.2,160.0,-52.0,a0:a3:b3:ed:ac:1c,,,,,0.0,Normal,0.0
1744310039923857,10.42.0.139,10.42.0.1,50215,1883,1,1,0,1,0,0,1,0,3,0,0,0,0,0.0,0,,0,0,,0,0,0,0,0,0,0,0,0.0,0,0,0,0,0,64.0,5760.0,0,0,0,57,eth:ethertype:ip:tcp,40.6,94.9,52.2,160.0,-52.0,a0:a3:b3:ed:ac:1c,,,,,0.0,Normal,0.0
1744310039927220,10.42.0.139,10.42.0.1,50215,1883,4,1,0,1,0,0,1,0,29,0,0,0,0,0.0,0,,0,0,,0,0,0,0,0,0,0,0,0.0,0,0,0,0,0,64.0,5760.0,0,0,0,83,eth:ethertype:ip:tcp,40.6,94.9,52.2,160.0,-52.0,a0:a3:b3:ed:ac:1c,,,,,0.0,Normal,0.0
1744310039930357,10.42.0.139,10.42.0.1,50215,1883,33,1,0,1,0,0,1,0,12,0,0,0,0,0.0,0,,0,1,,0,0,0,1,42,4,MQTT,4,0.0,0,0,0,0,0,64.0,5760.0,0,0,esp32_a0a3b3edac1c,66,eth:ethertype:ip:tcp:mqtt,40.6,94.9,52.2,160.0,-52.0,a0:a3:b3:ed:ac:1c,,,,,0.0,Normal,0.0
1744310039966575,10.42.0.139,10.42.0.1,50215,1883,45,5,0,1,0,0,1,0,3,0,0,0,0,0.0,0,,0,0,,0,0,0,0,0,0,0,0,0.0,0,0,0,0,0,64.0,5756.0,0,0,0,57,eth:ethertype:ip:tcp,40.6,94.9,52.2,160.0,-52.0,a0:a3:b3:ed:ac:1c,,,,,0.0,Normal,0.0
1744310039978088,10.42.0.139,10.42.0.1,50215,1883,48,5,0,1,1,0,1,0,185,0,0,0,0,0.0,0,,0,3,"Wakeup: 0, Mode: 0, Reset: 1, Temperature: 26.5, Uptime: 634314, Memory: 94.9, In_Temperature: 52.2°C, CPU: 160, RSSI: -52, MAC: a0:a3:b3:ed:ac:1c, F_Storage: 99.2",test/temperatura,16,0,0,182,0,0,0,0.0,0,0,0,0,0,64.0,5756.0,0,0,0,239,eth:ethertype:ip:tcp:mqtt,26.5,94.9,52.2,160.0,-52.0,a0:a3:b3:ed:ac:1c,,,,,0.0,Normal,0.0
1744310039981747,10.42.0.139,10.42.0.1,50215,1883,234,6,0,1,0,0,0,0,0,0,0,0,0,0.0,0,,0,0,,0,0,0,0,0,0,0,0,0.0,0,0,0,0,0,64.0,5755.0,0,0,0,54,eth:ethertype:ip:tcp,26.5,94.9,52.2,160.0,-52.0,a0:a3:b3:ed:ac:1c,,,,,0.0,Normal,0.0
1744310069986945,10.42.0.139,10.42.0.1,50216,1883,0,0,1,0,0,0,0,0,0,0,0,0,0,0.0,0,,0,0,,0,0,0,0,0,0,0,0,0.0,0,0,0,0,0,64.0,5760.0,0,0,0,58,eth:ethertype:ip:tcp,26.5,94.9,52.2,160.0,-52.0,a0:a3:b3:ed:ac:1c,,,,,0.0,Normal,0.0
1744310069991130,10.42.0.139,10.42.0.1,50216,1883,1,1,0,1,0,0,0,0,0,0,0,0,0,0.0,0,,0,0,,0,0,0,0,0,0,0,0,0.0,0,0,0,0,0,64.0,5760.0,0,0,0,54,eth:ethertype:ip:tcp,26.5,94.9,52.2,160.0,-52.0,a0:a3:b3:ed:ac:1c,,,,,0.0,Normal,0.0
1744310069993414,10.42.0.139,10.42.0.1,50216,1883,1,1,0,1,0,0,1,0,3,0,0,0,0,0.0,0,,0,0,,0,0,0,0,0,0,0,0,0.0,0,0,0,0,0,64.0,5760.0,0,0,0,57,eth:ethertype:ip:tcp,26.5,94.9,52.2,160.0,-52.0,a0:a3:b3:ed:ac:1c,,,,,0.0,Normal,0.0
1744310069996854,10.42.0.139,10.42.0.1,50216,1883,4,1,0,1,0,0,1,0,31,0,0,0,0,0.0,0,,0,0,,0,0,0,0,0,0,0,0,0.0,0,0,0,0,0,64.0,5760.0,0,0,0,85,eth:ethertype:ip:tcp,26.5,94.9,52.2,160.0,-52.0,a0:a3:b3:ed:ac:1c,,,,,0.0,Normal,0.0
1744310070002126,10.42.0.139,10.42.0.1,50216,1883,35,1,0,1,0,0,1,0,10,0,0,0,0,0.0,0,,0,1,,0,0,0,1,42,4,MQTT,4,0.0,0,0,0,0,0,64.0,5760.0,0,0,esp32_a0a3b3edac1c,64,eth:ethertype:ip:tcp:mqtt,26.5,94.9,52.2,160.0,-52.0,a0:a3:b3:ed:ac:1c,,,,,0.0,Normal,0.0
1744310070037425,10.42.0.139,10.42.0.1,50216,1883,45,5,0,1,0,0,1,0,3,0,0,0,0,0.0,0,,0,0,,0,0,0,0,0,0,0,0,0.0,0,0,0,0,0,64.0,5756.0,0,0,0,57,eth:ethertype:ip:tcp,26.5,94.9,52.2,160.0,-52.0,a0:a3:b3:ed:ac:1c,,,,,0.0,Normal,0.0
1744310070047241,10.42.0.139,10.42.0.1,50216,1883,48,5,0,1,1,0,1,0,185,0,0,0,0,0.0,0,,0,3,"Wakeup: 0, Mode: 0, Reset: 1, Temperature: 32.1, Uptime: 634344, Memory: 94.9, In_Temperature: 52.2°C, CPU: 160, RSSI: -50, MAC: a0:a3:b3:ed:ac:1c, F_Storage: 99.2",test/temperatura,16,0,0,182,0,0,0,0.0,0,0,0,0,0,64.0,5756.0,0,0,0,239,eth:ethertype:ip:tcp:mqtt,32.1,94.9,52.2,160.0,-50.0,a0:a3:b3:ed:ac:1c,,,,,0.0,Normal,0.0
1744310070050851,10.42.0.139,10.42.0.1,50216,1883,234,6,0,1,0,0,0,0,0,0,0,0,0,0.0,0,,0,0,,0,0,0,0,0,0,0,0,0.0,0,0,0,0,0,64.0,5755.0,0,0,0,54,eth:ethertype:ip:tcp,32.1,94.9,52.2,160.0,-50.0,a0:a3:b3:ed:ac:1c,,,,,0.0,Normal,0.0
1744310100055503,10.42.0.139,10.42.0.1,50217,1883,0,0,1,0,0,0,0,0,0,0,0,0,0,0.0,0,,0,0,,0,0,0,0,0,0,0,0,0.0,0,0,0,0,0,64.0,5760.0,0,0,0,58,eth:ethertype:ip:tcp,32.1,94.9,52.2,160.0,-50.0,a0:a3:b3:ed:ac:1c,,,,,0.0,Normal,0.0
1744310100059591,10.42.0.139,10.42.0.1,50217,1883,1,1,0,1,0,0,0,0,0,0,0,0,0,0.0,0,,0,0,,0,0,0,0,0,0,0,0,0.0,0,0,0,0,0,64.0,5760.0,0,0,0,54,eth:ethertype:ip:tcp,32.1,94.9,52.2,160.0,-50.0,a0:a3:b3:ed:ac:1c,,,,,0.0,Normal,0.0
1744310100064071,10.42.0.139,10.42.0.1,50217,1883,1,1,0,1,0,0,1,0,3,0,0,0,0,0.0,0,,0,0,,0,0,0,0,0,0,0,0,0.0,0,0,0,0,0,64.0,5760.0,0,0,0,57,eth:ethertype:ip:tcp,32.1,94.9,52.2,160.0,-50.0,a0:a3:b3:ed:ac:1c,,,,,0.0,Normal,0.0
1744310100067728,10.42.0.139,10.42.0.1,50217,1883,4,1,0,1,0,0,1,0,41,0,0,0,0,0.0,0,,0,1,,0,0,0,1,42,4,MQTT,4,0.0,0,0,0,0,0,64.0,5760.0,0,0,esp32_a0a3b3edac1c,95,eth:ethertype:ip:tcp:mqtt,32.1,94.9,52.2,160.0,-50.0,a0:a3:b3:ed:ac:1c,,,,,0.0,Normal,0.0
1744310100107060,10.42.0.139,10.42.0.1,50217,1883,45,5,0,1,0,0,1,0,3,0,0,0,0,0.0,0,,0,0,,0,0,0,0,0,0,0,0,0.0,0,0,0,0,0,64.0,5756.0,0,0,0,57,eth:ethertype:ip:tcp,32.1,94.9,52.2,160.0,-50.0,a0:a3:b3:ed:ac:1c,,,,,0.0,Normal,0.0
1744310100116632,10.42.0.139,10.42.0.1,50217,1883,48,5,0,1,1,0,1,0,185,0,0,0,0,0.0,0,,0,3,"Wakeup: 0, Mode: 0, Reset: 1, Temperature: 37.4, Uptime: 634374, Memory: 94.9, In_Temperature: 52.2°C, CPU: 160, RSSI: -50, MAC: a0:a3:b3:ed:ac:1c, F_Storage: 99.2",test/temperatura,16,0,0,182,0,0,0,0.0,0,0,0,0,0,64.0,5756.0,0,0,0,239,eth:ethertype:ip:tcp:mqtt,37.4,94.9,52.2,160.0,-50.0,a0:a3:b3:ed:ac:1c,,,,,0.0,Normal,0.0
1744310100120004,10.42.0.139,10.42.0.1,50217,1883,234,6,0,1,0,0,0,0,0,0,0,0,0,0.0,0,,0,0,,0,0,0,0,0,0,0,0,0.0,0,0,0,0,0,64.0,5755.0,0,0,0,54,eth:ethertype:ip:tcp,37.4,94.9,52.2,160.0,-50.0,a0:a3:b3:ed:ac:1c,,,,,0.0,Normal,0.0
1744310130125258,10.42.0.139,10.42.0.1,50218,1883,0,0,1,0,0,0,0,0,0,0,0,0,0,0.0,0,,0,0,,0,0,0,0,0,0,0,0,0.0,0,0,0,0,0,64.0,5760.0,0,0,0,58,eth:ethertype:ip:tcp,37.4,94.9,52.2,160.0,-50.0,a0:a3:b3:ed:ac:1c,,,,,0.0,Normal,0.0
1744310130128910,10.42.0.139,10.42.0.1,50218,1883,1,1,0,1,0,0,0,0,0,0,0,0,0,0.0,0,,0,0,,0,0,0,0,0,0,0,0,0.0,0,0,0,0,0,64.0,5760.0,0,0,0,54,eth:ethertype:ip:tcp,37.4,94.9,52.2,160.0,-50.0,a0:a3:b3:ed:ac:1c,,,,,0.0,Normal,0.0
1744310130130958,10.42.0.139,10.42.0.1,50218,1883,1,1,0,1,0,0,1,0,3,0,0,0,0,0.0,0,,0,0,,0,0,0,0,0,0,0,0,0.0,0,0,0,0,0,64.0,5760.0,0,0,0,57,eth:ethertype:ip:tcp,37.4,94.9,52.2,160.0,-50.0,a0:a3:b3:ed:ac:1c,,,,,0.0,Normal,0.0
1744310130134578,10.42.0.139,10.42.0.1,50218,1883,4,1,0,1,0,0,1,0,29,0,0,0,0,0.0,0,,0,0,,0,0,0,0,0,0,0,0,0.0,0,0,0,0,0,64.0,5760.0,0,0,0,83,eth:ethertype:ip:tcp,37.4,94.9,52.2,160.0,-50.0,a0:a3:b3:ed:ac:1c,,,,,0.0,Normal,0.0
1744310130137547,10.42.0.139,10.42.0.1,50218,1883,33,1,0,1,0,0,1,0,12,0,0,0,0,0.0,0,,0,1,,0,0,0,1,42,4,MQTT,4,0.0,0,0,0,0,0,64.0,5760.0,0,0,esp32_a0a3b3edac1c,66,eth:ethertype:ip:tcp:mqtt,37.4,94.9,52.2,160.0,-50.0,a0:a3:b3:ed:ac:1c,,,,,0.0,Normal,0.0
1744310130174400,10.42.0.139,10.42.0.1,50218,1883,45,5,0,1,0,0,1,0,3,0,0,0,0,0.0,0,,0,0,,0,0,0,0,0,0,0,0,0.0,0,0,0,0,0,64.0,5756.0,0,0,0,57,eth:ethertype:ip:tcp,37.4,94.9,52.2,160.0,-50.0,a0:a3:b3:ed:ac:1c,,,,,0.0,Normal,0.0
1744310130186066,10.42.0.139,10.42.0.1,50218,1883,48,5,0,1,1,0,1,0,185,0,0,0,0,0.0,0,,0,3,"Wakeup: 0, Mode: 0, Reset: 1, Temperature: 38.8, Uptime: 634404, Memory: 94.9, In_Temperature: 52.2°C, CPU: 160, RSSI: -52, MAC: a0:a3:b3:ed:ac:1c, F_Storage: 99.2",test/temperatura,16,0,0,182,0,0,0,0.0,0,0,0,0,0,64.0,5756.0,0,0,0,239,eth:ethertype:ip:tcp:mqtt,38.8,94.9,52.2,160.0,-52.0,a0:a3:b3:ed:ac:1c,,,,,0.0,Normal,0.0
1744310130189645,10.42.0.139,10.42.0.1,50218,1883,234,6,0,1,0,0,0,0,0,0,0,0,0,0.0,0,,0,0,,0,0,0,0,0,0,0,0,0.0,0,0,0,0,0,64.0,5755.0,0,0,0,54,eth:ethertype:ip:tcp,38.8,94.9,52.2,160.0,-52.0,a0:a3:b3:ed:ac:1c,,,,,0.0,Normal,0.0
1744310160194983,10.42.0.139,10.42.0.1,50219,1883,0,0,1,0,0,0,0,0,0,0,0,0,0,0.0,0,,0,0,,0,0,0,0,0,0,0,0,0.0,0,0,0,0,0,64.0,5760.0,0,0,0,58,eth:ethertype:ip:tcp,38.8,94.9,52.2,160.0,-52.0,a0:a3:b3:ed:ac:1c,,,,,0.0,Normal,0.0
1744310160198987,10.42.0.139,10.42.0.1,50219,1883,1,1,0,1,0,0,0,0,0,0,0,0,0,0.0,0,,0,0,,0,0,0,0,0,0,0,0,0.0,0,0,0,0,0,64.0,5760.0,0,0,0,54,eth:ethertype:ip:tcp,38.8,94.9,52.2,160.0,-52.0,a0:a3:b3:ed:ac:1c,,,,,0.0,Normal,0.0
1744310160201092,10.42.0.139,10.42.0.1,50219,1883,1,1,0,1,0,0,1,0,3,0,0,0,0,0.0,0,,0,0,,0,0,0,0,0,0,0,0,0.0,0,0,0,0,0,64.0,5760.0,0,0,0,57,eth:ethertype:ip:tcp,38.8,94.9,52.2,160.0,-52.0,a0:a3:b3:ed:ac:1c,,,,,0.0,Normal,0.0
1744310160205886,10.42.0.139,10.42.0.1,50219,1883,4,1,0,1,0,0,1,0,41,0,0,0,0,0.0,0,,0,1,,0,0,0,1,42,4,MQTT,4,0.0,0,0,0,0,0,64.0,5760.0,0,0,esp32_a0a3b3edac1c,95,eth:ethertype:ip:tcp:mqtt,38.8,94.9,52.2,160.0,-52.0,a0:a3:b3:ed:ac:1c,,,,,0.0,Normal,0.0
1744310160225720,10.42.0.139,10.42.0.1,50219,1883,45,5,0,1,0,0,0,0,0,0,0,0,0,0.0,0,,0,0,,0,0,0,0,0,0,0,0,0.0,0,0,0,0,0,64.0,5756.0,0,0,0,54,eth:ethertype:ip:tcp,38.8,94.9,52.2,160.0,-52.0,a0:a3:b3:ed:ac:1c,,,,,0.0,Normal,0.0
1744310160242755,10.42.0.139,10.42.0.1,50219,1883,45,5,0,1,0,0,1,0,3,0,0,0,0,0.0,0,,0,0,,0,0,0,0,0,0,0,0,0.0,0,0,0,0,0,64.0,5756.0,0,0,0,57,eth:ethertype:ip:tcp,38.8,94.9,52.2,160.0,-52.0,a0:a3:b3:ed:ac:1c,,,,,0.0,Normal,0.0
1744310160255331,10.42.0.139,10.42.0.1,50219,1883,48,5,0,1,1,0,1,0,185,0,0,0,0,0.0,0,,0,3,"Wakeup: 0, Mode: 0, Reset: 1, Temperature: 34.8, Uptime: 634434, Memory: 94.9, In_Temperature: 52.2°C, CPU: 160, RSSI: -50, MAC: a0:a3:b3:ed:ac:1c, F_Storage: 99.2",test/temperatura,16,0,0,182,0,0,0,0.0,0,0,0,0,0,64.0,5756.0,0,0,0,239,eth:ethertype:ip:tcp:mqtt,34.8,94.9,52.2,160.0,-50.0,a0:a3:b3:ed:ac:1c,,,,,0.0,Normal,0.0
1744310160258692,10.42.0.139,10.42.0.1,50219,1883,234,6,0,1,0,0,0,0,0,0,0,0,0,0.0,0,,0,0,,0,0,0,0,0,0,0,0,0.0,0,0,0,0,0,64.0,5755.0,0,0,0,54,eth:ethertype:ip:tcp,34.8,94.9,52.2,160.0,-50.0,a0:a3:b3:ed:ac:1c,,,,,0.0,Normal,0.0
1744310190264191,10.42.0.139,10.42.0.1,50220,1883,0,0,1,0,0,0,0,0,0,0,0,0,0,0.0,0,,0,0,,0,0,0,0,0,0,0,0,0.0,0,0,0,0,0,64.0,5760.0,0,0,0,58,eth:ethertype:ip:tcp,34.8,94.9,52.2,160.0,-50.0,a0:a3:b3:ed:ac:1c,,,,,0.0,Normal,0.0
1744310190270672,10.42.0.139,10.42.0.1,50220,1883,1,1,0,1,0,0,0,0,0,0,0,0,0,0.0,0,,0,0,,0,0,0,0,0,0,0,0,0.0,0,0,0,0,0,64.0,5760.0,0,0,0,54,eth:ethertype:ip:tcp,34.8,94.9,52.2,160.0,-50.0,a0:a3:b3:ed:ac:1c,,,,,0.0,Normal,0.0
1744310190270736,10.42.0.139,10.42.0.1,50220,1883,1,1,0,1,0,0,1,0,3,0,0,0,0,0.0,0,,0,0,,0,0,0,0,0,0,0,0,0.0,0,0,0,0,0,64.0,5760.0,0,0,0,57,eth:ethertype:ip:tcp,34.8,94.9,52.2,160.0,-50.0,a0:a3:b3:ed:ac:1c,,,,,0.0,Normal,0.0
1744310190278293,10.42.0.139,10.42.0.1,50220,1883,4,1,0,1,0,0,1,0,41,0,0,0,0,0.0,0,,0,1,,0,0,0,1,42,4,MQTT,4,0.0,0,0,0,0,0,64.0,5760.0,0,0,esp32_a0a3b3edac1c,95,eth:ethertype:ip:tcp:mqtt,34.8,94.9,52.2,160.0,-50.0,a0:a3:b3:ed:ac:1c,,,,,0.0,Normal,0.0
1744310190314036,10.42.0.139,10.42.0.1,50220,1883,45,5,0,1,0,0,1,0,3,0,0,0,0,0.0,0,,0,0,,0,0,0,0,0,0,0,0,0.0,0,0,0,0,0,64.0,5756.0,0,0,0,57,eth:ethertype:ip:tcp,34.8,94.9,52.2,160.0,-50.0,a0:a3:b3:ed:ac:1c,,,,,0.0,Normal,0.0
1744310190324574,10.42.0.139,10.42.0.1,50220,1883,48,5,0,1,1,0,1,0,185,0,0,0,0,0.0,0,,0,3,"Wakeup: 0, Mode: 0, Reset: 1, Temperature: 28.5, Uptime: 634464, Memory: 94.9, In_Temperature: 52.2°C, CPU: 160, RSSI: -51, MAC: a0:a3:b3:ed:ac:1c, F_Storage: 99.2",test/temperatura,16,0,0,182,0,0,0,0.0,0,0,0,0,0,64.0,5756.0,0,0,0,239,eth:ethertype:ip:tcp:mqtt,28.5,94.9,52.2,160.0,-51.0,a0:a3:b3:ed:ac:1c,,,,,0.0,Normal,0.0
1744310190327999,10.42.0.139,10.42.0.1,50220,1883,234,6,0,1,0,0,0,0,0,0,0,0,0,0.0,0,,0,0,,0,0,0,0,0,0,0,0,0.0,0,0,0,0,0,64.0,5755.0,0,0,0,54,eth:ethertype:ip:tcp,28.5,94.9,52.2,160.0,-51.0,a0:a3:b3:ed:ac:1c,,,,,0.0,Normal,0.0
1744310220333661,10.42.0.139,10.42.0.1,50221,1883,0,0,1,0,0,0,0,0,0,0,0,0,0,0.0,0,,0,0,,0,0,0,0,0,0,0,0,0.0,0,0,0,0,0,64.0,5760.0,0,0,0,58,eth:ethertype:ip:tcp,28.5,94.9,52.2,160.0,-51.0,a0:a3:b3:ed:ac:1c,,,,,0.0,Normal,0.0
1744310220337699,10.42.0.139,10.42.0.1,50221,1883,1,1,0,1,0,0,0,0,0,0,0,0,0,0.0,0,,0,0,,0,0,0,0,0,0,0,0,0.0,0,0,0,0,0,64.0,5760.0,0,0,0,54,eth:ethertype:ip:tcp,28.5,94.9,52.2,160.0,-51.0,a0:a3:b3:ed:ac:1c,,,,,0.0,Normal,0.0
1744310220339904,10.42.0.139,10.42.0.1,50221,1883,1,1,0,1,0,0,1,0,3,0,0,0,0,0.0,0,,0,0,,0,0,0,0,0,0,0,0,0.0,0,0,0,0,0,64.0,5760.0,0,0,0,57,eth:ethertype:ip:tcp,28.5,94.9,52.2,160.0,-51.0,a0:a3:b3:ed:ac:1c,,,,,0.0,Normal,0.0
1744310220346178,10.42.0.139,10.42.0.1,50221,1883,4,1,0,1,0,0,1,0,29,0,0,0,0,0.0,0,,0,0,,0,0,0,0,0,0,0,0,0.0,0,0,0,0,0,64.0,5760.0,0,0,0,83,eth:ethertype:ip:tcp,28.5,94.9,52.2,160.0,-51.0,a0:a3:b3:ed:ac:1c,,,,,0.0,Normal,0.0
1744310220348912,10.42.0.139,10.42.0.1,50221,1883,33,1,0,1,0,0,1,0,12,0,0,0,0,0.0,0,,0,1,,0,0,0,1,42,4,MQTT,4,0.0,0,0,0,0,0,64.0,5760.0,0,0,esp32_a0a3b3edac1c,66,eth:ethertype:ip:tcp:mqtt,28.5,94.9,52.2,160.0,-51.0,a0:a3:b3:ed:ac:1c,,,,,0.0,Normal,0.0
1744310220386877,10.42.0.139,10.42.0.1,50221,1883,45,5,0,1,0,0,1,0,3,0,0,0,0,0.0,0,,0,0,,0,0,0,0,0,0,0,0,0.0,0,0,0,0,0,64.0,5756.0,0,0,0,57,eth:ethertype:ip:tcp,28.5,94.9,52.2,160.0,-51.0,a0:a3:b3:ed:ac:1c,,,,,0.0,Normal,0.0
1744310220393980,10.42.0.139,10.42.0.1,50221,1883,48,5,0,1,1,0,1,0,185,0,0,0,0,0.0,0,,0,3,"Wakeup: 0, Mode: 0, Reset: 1, Temperature: 35.1, Uptime: 634494, Memory: 94.9, In_Temperature: 52.2°C, CPU: 160, RSSI: -51, MAC: a0:a3:b3:ed:ac:1c, F_Storage: 99.2",test/temperatura,16,0,0,182,0,0,0,0.0,0,0,0,0,0,64.0,5756.0,0,0,0,239,eth:ethertype:ip:tcp:mqtt,35.1,94.9,52.2,160.0,-51.0,a0:a3:b3:ed:ac:1c,,,,,0.0,Normal,0.0
1744310220397368,10.42.0.139,10.42.0.1,50221,1883,234,6,0,1,0,0,0,0,0,0,0,0,0,0.0,0,,0,0,,0,0,0,0,0,0,0,0,0.0,0,0,0,0,0,64.0,5755.0,0,0,0,54,eth:ethertype:ip:tcp,35.1,94.9,52.2,160.0,-51.0,a0:a3:b3:ed:ac:1c,,,,,0.0,Normal,0.0
1744310250411347,10.42.0.139,10.42.0.1,50222,1883,0,0,1,0,0,0,0,0,0,0,0,0,0,0.0,0,,0,0,,0,0,0,0,0,0,0,0,0.0,0,0,0,0,0,64.0,5760.0,0,0,0,58,eth:ethertype:ip:tcp,35.1,94.9,52.2,160.0,-51.0,a0:a3:b3:ed:ac:1c,,,,,0.0,Normal,0.0
1744310250415289,10.42.0.139,10.42.0.1,50222,1883,1,1,0,1,0,0,0,0,0,0,0,0,0,0.0,0,,0,0,,0,0,0,0,0,0,0,0,0.0,0,0,0,0,0,64.0,5760.0,0,0,0,54,eth:ethertype:ip:tcp,35.1,94.9,52.2,160.0,-51.0,a0:a3:b3:ed:ac:1c,,,,,0.0,Normal,0.0
1744310250417460,10.42.0.139,10.42.0.1,50222,1883,1,1,0,1,0,0,1,0,3,0,0,0,0,0.0,0,,0,0,,0,0,0,0,0,0,0,0,0.0,0,0,0,0,0,64.0,5760.0,0,0,0,57,eth:ethertype:ip:tcp,35.1,94.9,52.2,160.0,-51.0,a0:a3:b3:ed:ac:1c,,,,,0.0,Normal,0.0
1744310250421153,10.42.0.139,10.42.0.1,50222,1883,4,1,0,1,0,0,1,0,31,0,0,0,0,0.0,0,,0,0,,0,0,0,0,0,0,0,0,0.0,0,0,0,0,0,64.0,5760.0,0,0,0,85,eth:ethertype:ip:tcp,35.1,94.9,52.2,160.0,-51.0,a0:a3:b3:ed:ac:1c,,,,,0.0,Normal,0.0
1744310250424186,10.42.0.139,10.42.0.1,50222,1883,35,1,0,1,0,0,1,0,10,0,0,0,0,0.0,0,,0,1,,0,0,0,1,42,4,MQTT,4,0.0,0,0,0,0,0,64.0,5760.0,0,0,esp32_a0a3b3edac1c,64,eth:ethertype:ip:tcp:mqtt,35.1,94.9,52.2,160.0,-51.0,a0:a3:b3:ed:ac:1c,,,,,0.0,Normal,0.0
1744310250459399,10.42.0.139,10.42.0.1,50222,1883,45,5,0,1,0,0,1,0,3,0,0,0,0,0.0,0,,0,0,,0,0,0,0,0,0,0,0,0.0,0,0,0,0,0,64.0,5756.0,0,0,0,57,eth:ethertype:ip:tcp,35.1,94.9,52.2,160.0,-51.0,a0:a3:b3:ed:ac:1c,,,,,0.0,Normal,0.0
1744310250476794,10.42.0.139,10.42.0.1,50222,1883,48,5,0,1,1,0,1,0,185,0,0,0,0,0.0,0,,0,3,"Wakeup: 0, Mode: 0, Reset: 1, Temperature: 37.1, Uptime: 634524, Memory: 94.9, In_Temperature: 52.2°C, CPU: 160, RSSI: -50, MAC: a0:a3:b3:ed:ac:1c, F_Storage: 99.2",test/temperatura,16,0,0,182,0,0,0,0.0,0,0,0,0,0,64.0,5756.0,0,0,0,239,eth:ethertype:ip:tcp:mqtt,37.1,94.9,52.2,160.0,-50.0,a0:a3:b3:ed:ac:1c,,,,,0.0,Normal,0.0
1744310250480099,10.42.0.139,10.42.0.1,50222,1883,234,6,0,1,0,0,0,0,0,0,0,0,0,0.0,0,,0,0,,0,0,0,0,0,0,0,0,0.0,0,0,0,0,0,64.0,5755.0,0,0,0,54,eth:ethertype:ip:tcp,37.1,94.9,52.2,160.0,-50.0,a0:a3:b3:ed:ac:1c,,,,,0.0,Normal,0.0
1744310280481312,10.42.0.139,10.42.0.1,50223,1883,0,0,1,0,0,0,0,0,0,0,0,0,0,0.0,0,,0,0,,0,0,0,0,0,0,0,0,0.0,0,0,0,0,0,64.0,5760.0,0,0,0,58,eth:ethertype:ip:tcp,37.1,94.9,52.2,160.0,-50.0,a0:a3:b3:ed:ac:1c,,,,,0.0,Normal,0.0
1744310280485175,10.42.0.139,10.42.0.1,50223,1883,1,1,0,1,0,0,0,0,0,0,0,0,0,0.0,0,,0,0,,0,0,0,0,0,0,0,0,0.0,0,0,0,0,0,64.0,5760.0,0,0,0,54,eth:ethertype:ip:tcp,37.1,94.9,52.2,160.0,-50.0,a0:a3:b3:ed:ac:1c,,,,,0.0,Normal,0.0
1744310280488793,10.42.0.139,10.42.0.1,50223,1883,1,1,0,1,0,0,1,0,3,0,0,0,0,0.0,0,,0,0,,0,0,0,0,0,0,0,0,0.0,0,0,0,0,0,64.0,5760.0,0,0,0,57,eth:ethertype:ip:tcp,37.1,94.9,52.2,160.0,-50.0,a0:a3:b3:ed:ac:1c,,,,,0.0,Normal,0.0
1744310280493918,10.42.0.139,10.42.0.1,50223,1883,4,1,0,1,0,0,1,0,41,0,0,0,0,0.0,0,,0,1,,0,0,0,1,42,4,MQTT,4,0.0,0,0,0,0,0,64.0,5760.0,0,0,esp32_a0a3b3edac1c,95,eth:ethertype:ip:tcp:mqtt,37.1,94.9,52.2,160.0,-50.0,a0:a3:b3:ed:ac:1c,,,,,0.0,Normal,0.0
1744310280529184,10.42.0.139,10.42.0.1,50223,1883,45,5,0,1,0,0,1,0,3,0,0,0,0,0.0,0,,0,0,,0,0,0,0,0,0,0,0,0.0,0,0,0,0,0,64.0,5756.0,0,0,0,57,eth:ethertype:ip:tcp,37.1,94.9,52.2,160.0,-50.0,a0:a3:b3:ed:ac:1c,,,,,0.0,Normal,0.0
1744310280544600,10.42.0.139,10.42.0.1,50223,1883,48,5,0,1,1,0,1,0,185,0,0,0,0,0.0,0,,0,3,"Wakeup: 0, Mode: 0, Reset: 1, Temperature: 37.8, Uptime: 634555, Memory: 94.9, In_Temperature: 52.2°C, CPU: 160, RSSI: -50, MAC: a0:a3:b3:ed:ac:1c, F_Storage: 99.2",test/temperatura,16,0,0,182,0,0,0,0.0,0,0,0,0,0,64.0,5756.0,0,0,0,239,eth:ethertype:ip:tcp:mqtt,37.8,94.9,52.2,160.0,-50.0,a0:a3:b3:ed:ac:1c,,,,,0.0,Normal,0.0
1744310280547958,10.42.0.139,10.42.0.1,50223,1883,234,6,0,1,0,0,0,0,0,0,0,0,0,0.0,0,,0,0,,0,0,0,0,0,0,0,0,0.0,0,0,0,0,0,64.0,5755.0,0,0,0,54,eth:ethertype:ip:tcp,37.8,94.9,52.2,160.0,-50.0,a0:a3:b3:ed:ac:1c,,,,,0.0,Normal,0.0
1744310310551636,10.42.0.139,10.42.0.1,50224,1883,0,0,1,0,0,0,0,0,0,0,0,0,0,0.0,0,,0,0,,0,0,0,0,0,0,0,0,0.0,0,0,0,0,0,64.0,5760.0,0,0,0,58,eth:ethertype:ip:tcp,37.8,94.9,52.2,160.0,-50.0,a0:a3:b3:ed:ac:1c,,,,,0.0,Normal,0.0
1744310310556163,10.42.0.139,10.42.0.1,50224,1883,1,1,0,1,0,0,0,0,0,0,0,0,0,0.0,0,,0,0,,0,0,0,0,0,0,0,0,0.0,0,0,0,0,0,64.0,5760.0,0,0,0,54,eth:ethertype:ip:tcp,37.8,94.9,52.2,160.0,-50.0,a0:a3:b3:ed:ac:1c,,,,,0.0,Normal,0.0
1744310310558148,10.42.0.139,10.42.0.1,50224,1883,1,1,0,1,0,0,1,0,3,0,0,0,0,0.0,0,,0,0,,0,0,0,0,0,0,0,0,0.0,0,0,0,0,0,64.0,5760.0,0,0,0,57,eth:ethertype:ip:tcp,37.8,94.9,52.2,160.0,-50.0,a0:a3:b3:ed:ac:1c,,,,,0.0,Normal,0.0
1744310310561705,10.42.0.139,10.42.0.1,50224,1883,4,1,0,1,0,0,1,0,29,0,0,0,0,0.0,0,,0,0,,0,0,0,0,0,0,0,0,0.0,0,0,0,0,0,64.0,5760.0,0,0,0,83,eth:ethertype:ip:tcp,37.8,94.9,52.2,160.0,-50.0,a0:a3:b3:ed:ac:1c,,,,,0.0,Normal,0.0
1744310310564694,10.42.0.139,10.42.0.1,50224,1883,33,1,0,1,0,0,1,0,12,0,0,0,0,0.0,0,,0,1,,0,0,0,1,42,4,MQTT,4,0.0,0,0,0,0,0,64.0,5760.0,0,0,esp32_a0a3b3edac1c,66,eth:ethertype:ip:tcp:mqtt,37.8,94.9,52.2,160.0,-50.0,a0:a3:b3:ed:ac:1c,,,,,0.0,Normal,0.0
1744310310601162,10.42.0.139,10.42.0.1,50224,1883,45,5,0,1,0,0,1,0,3,0,0,0,0,0.0,0,,0,0,,0,0,0,0,0,0,0,0,0.0,0,0,0,0,0,64.0,5756.0,0,0,0,57,eth:ethertype:ip:tcp,37.8,94.9,52.2,160.0,-50.0,a0:a3:b3:ed:ac:1c,,,,,0.0,Normal,0.0
1744310310612022,10.42.0.139,10.42.0.1,50224,1883,48,5,0,1,1,0,1,0,185,0,0,0,0,0.0,0,,0,3,"Wakeup: 0, Mode: 0, Reset: 1, Temperature: 35.3, Uptime: 634585, Memory: 94.9, In_Temperature: 52.2°C, CPU: 160, RSSI: -50, MAC: a0:a3:b3:ed:ac:1c, F_Storage: 99.2",test/temperatura,16,0,0,182,0,0,0,0.0,0,0,0,0,0,64.0,5756.0,0,0,0,239,eth:ethertype:ip:tcp:mqtt,35.3,94.9,52.2,160.0,-50.0,a0:a3:b3:ed:ac:1c,,,,,0.0,Normal,0.0
1744310310615461,10.42.0.139,10.42.0.1,50224,1883,234,6,0,1,0,0,0,0,0,0,0,0,0,0.0,0,,0,0,,0,0,0,0,0,0,0,0,0.0,0,0,0,0,0,64.0,5755.0,0,0,0,54,eth:ethertype:ip:tcp,35.3,94.9,52.2,160.0,-50.0,a0:a3:b3:ed:ac:1c,,,,,0.0,Normal,0.0
1744310340620868,10.42.0.139,10.42.0.1,50225,1883,0,0,1,0,0,0,0,0,0,0,0,0,0,0.0,0,,0,0,,0,0,0,0,0,0,0,0,0.0,0,0,0,0,0,64.0,5760.0,0,0,0,58,eth:ethertype:ip:tcp,35.3,94.9,52.2,160.0,-50.0,a0:a3:b3:ed:ac:1c,,,,,0.0,Normal,0.0
1744310340628284,10.42.0.139,10.42.0.1,50225,1883,1,1,0,1,0,0,0,0,0,0,0,0,0,0.0,0,,0,0,,0,0,0,0,0,0,0,0,0.0,0,0,0,0,0,64.0,5760.0,0,0,0,54,eth:ethertype:ip:tcp,35.3,94.9,52.2,160.0,-50.0,a0:a3:b3:ed:ac:1c,,,,,0.0,Normal,0.0
1744310340628353,10.42.0.139,10.42.0.1,50225,1883,1,1,0,1,0,0,1,0,3,0,0,0,0,0.0,0,,0,0,,0,0,0,0,0,0,0,0,0.0,0,0,0,0,0,64.0,5760.0,0,0,0,57,eth:ethertype:ip:tcp,35.3,94.9,52.2,160.0,-50.0,a0:a3:b3:ed:ac:1c,,,,,0.0,Normal,0.0
1744310340631910,10.42.0.139,10.42.0.1,50225,1883,4,1,0,1,0,0,1,0,35,0,0,0,0,0.0,0,,0,0,,0,0,0,0,0,0,0,0,0.0,0,0,0,0,0,64.0,5760.0,0,0,0,89,eth:ethertype:ip:tcp,35.3,94.9,52.2,160.0,-50.0,a0:a3:b3:ed:ac:1c,,,,,0.0,Normal,0.0
1744310340634725,10.42.0.139,10.42.0.1,50225,1883,39,1,0,1,0,0,1,0,6,0,0,0,0,0.0,0,,0,1,,0,0,0,1,42,4,MQTT,4,0.0,0,0,0,0,0,64.0,5760.0,0,0,esp32_a0a3b3edac1c,60,eth:ethertype:ip:tcp:mqtt,35.3,94.9,52.2,160.0,-50.0,a0:a3:b3:ed:ac:1c,,,,,0.0,Normal,0.0
1744310340670241,10.42.0.139,10.42.0.1,50225,1883,45,5,0,1,0,0,1,0,3,0,0,0,0,0.0,0,,0,0,,0,0,0,0,0,0,0,0,0.0,0,0,0,0,0,64.0,5756.0,0,0,0,57,eth:ethertype:ip:tcp,35.3,94.9,52.2,160.0,-50.0,a0:a3:b3:ed:ac:1c,,,,,0.0,Normal,0.0
1744310340681695,10.42.0.139,10.42.0.1,50225,1883,48,5,0,1,1,0,1,0,185,0,0,0,0,0.0,0,,0,3,"Wakeup: 0, Mode: 0, Reset: 1, Temperature: 28.1, Uptime: 634615, Memory: 94.9, In_Temperature: 52.2°C, CPU: 160, RSSI: -52, MAC: a0:a3:b3:ed:ac:1c, F_Storage: 99.2",test/temperatura,16,0,0,182,0,0,0,0.0,0,0,0,0,0,64.0,5756.0,0,0,0,239,eth:ethertype:ip:tcp:mqtt,28.1,94.9,52.2,160.0,-52.0,a0:a3:b3:ed:ac:1c,,,,,0.0,Normal,0.0
1744310340685099,10.42.0.139,10.42.0.1,50225,1883,234,6,0,1,0,0,0,0,0,0,0,0,0,0.0,0,,0,0,,0,0,0,0,0,0,0,0,0.0,0,0,0,0,0,64.0,5755.0,0,0,0,54,eth:ethertype:ip:tcp,28.1,94.9,52.2,160.0,-52.0,a0:a3:b3:ed:ac:1c,,,,,0.0,Normal,0.0
1744310370690245,10.42.0.139,10.42.0.1,50226,1883,0,0,1,0,0,0,0,0,0,0,0,0,0,0.0,0,,0,0,,0,0,0,0,0,0,0,0,0.0,0,0,0,0,0,64.0,5760.0,0,0,0,58,eth:ethertype:ip:tcp,28.1,94.9,52.2,160.0,-52.0,a0:a3:b3:ed:ac:1c,,,,,0.0,Normal,0.0
1744310370694607,10.42.0.139,10.42.0.1,50226,1883,1,1,0,1,0,0,0,0,0,0,0,0,0,0.0,0,,0,0,,0,0,0,0,0,0,0,0,0.0,0,0,0,0,0,64.0,5760.0,0,0,0,54,eth:ethertype:ip:tcp,28.1,94.9,52.2,160.0,-52.0,a0:a3:b3:ed:ac:1c,,,,,0.0,Normal,0.0
1744310370696636,10.42.0.139,10.42.0.1,50226,1883,1,1,0,1,0,0,1,0,3,0,0,0,0,0.0,0,,0,0,,0,0,0,0,0,0,0,0,0.0,0,0,0,0,0,64.0,5760.0,0,0,0,57,eth:ethertype:ip:tcp,28.1,94.9,52.2,160.0,-52.0,a0:a3:b3:ed:ac:1c,,,,,0.0,Normal,0.0
1744310370700057,10.42.0.139,10.42.0.1,50226,1883,4,1,0,1,0,0,1,0,29,0,0,0,0,0.0,0,,0,0,,0,0,0,0,0,0,0,0,0.0,0,0,0,0,0,64.0,5760.0,0,0,0,83,eth:ethertype:ip:tcp,28.1,94.9,52.2,160.0,-52.0,a0:a3:b3:ed:ac:1c,,,,,0.0,Normal,0.0
1744310370706989,10.42.0.139,10.42.0.1,50226,1883,33,1,0,1,0,0,1,0,12,0,0,0,0,0.0,0,,0,1,,0,0,0,1,42,4,MQTT,4,0.0,0,0,0,0,0,64.0,5760.0,0,0,esp32_a0a3b3edac1c,66,eth:ethertype:ip:tcp:mqtt,28.1,94.9,52.2,160.0,-52.0,a0:a3:b3:ed:ac:1c,,,,,0.0,Normal,0.0
1744310370721059,10.42.0.139,10.42.0.1,50226,1883,45,5,0,1,0,0,0,0,0,0,0,0,0,0.0,0,,0,0,,0,0,0,0,0,0,0,0,0.0,0,0,0,0,0,64.0,5756.0,0,0,0,54,eth:ethertype:ip:tcp,28.1,94.9,52.2,160.0,-52.0,a0:a3:b3:ed:ac:1c,,,,,0.0,Normal,0.0
1744310370743980,10.42.0.139,10.42.0.1,50226,1883,45,5,0,1,0,0,1,0,3,0,0,0,0,0.0,0,,0,0,,0,0,0,0,0,0,0,0,0.0,0,0,0,0,0,64.0,5756.0,0,0,0,57,eth:ethertype:ip:tcp,28.1,94.9,52.2,160.0,-52.0,a0:a3:b3:ed:ac:1c,,,,,0.0,Normal,0.0
1744310370760663,10.42.0.139,10.42.0.1,50226,1883,48,5,0,1,1,0,1,0,185,0,0,0,0,0.0,0,,0,3,"Wakeup: 0, Mode: 0, Reset: 1, Temperature: 38.0, Uptime: 634645, Memory: 94.9, In_Temperature: 52.2°C, CPU: 160, RSSI: -52, MAC: a0:a3:b3:ed:ac:1c, F_Storage: 99.2",test/temperatura,16,0,0,182,0,0,0,0.0,0,0,0,0,0,64.0,5756.0,0,0,0,239,eth:ethertype:ip:tcp:mqtt,38.0,94.9,52.2,160.0,-52.0,a0:a3:b3:ed:ac:1c,,,,,0.0,Normal,0.0
1744310370764468,10.42.0.139,10.42.0.1,50226,1883,234,6,0,1,0,0,0,0,0,0,0,0,0,0.0,0,,0,0,,0,0,0,0,0,0,0,0,0.0,0,0,0,0,0,64.0,5755.0,0,0,0,54,eth:ethertype:ip:tcp,38.0,94.9,52.2,160.0,-52.0,a0:a3:b3:ed:ac:1c,,,,,0.0,Normal,0.0
1744310400769598,10.42.0.139,10.42.0.1,50227,1883,0,0,1,0,0,0,0,0,0,0,0,0,0,0.0,0,,0,0,,0,0,0,0,0,0,0,0,0.0,0,0,0,0,0,64.0,5760.0,0,0,0,58,eth:ethertype:ip:tcp,38.0,94.9,52.2,160.0,-52.0,a0:a3:b3:ed:ac:1c,,,,,0.0,Normal,0.0
1744310400773828,10.42.0.139,10.42.0.1,50227,1883,1,1,0,1,0,0,0,0,0,0,0,0,0,0.0,0,,0,0,,0,0,0,0,0,0,0,0,0.0,0,0,0,0,0,64.0,5760.0,0,0,0,54,eth:ethertype:ip:tcp,38.0,94.9,52.2,160.0,-52.0,a0:a3:b3:ed:ac:1c,,,,,0.0,Normal,0.0
1744310400775876,10.42.0.139,10.42.0.1,50227,1883,1,1,0,1,0,0,1,0,3,0,0,0,0,0.0,0,,0,0,,0,0,0,0,0,0,0,0,0.0,0,0,0,0,0,64.0,5760.0,0,0,0,57,eth:ethertype:ip:tcp,38.0,94.9,52.2,160.0,-52.0,a0:a3:b3:ed:ac:1c,,,,,0.0,Normal,0.0
1744310400779375,10.42.0.139,10.42.0.1,50227,1883,4,1,0,1,0,0,1,0,29,0,0,0,0,0.0,0,,0,0,,0,0,0,0,0,0,0,0,0.0,0,0,0,0,0,64.0,5760.0,0,0,0,83,eth:ethertype:ip:tcp,38.0,94.9,52.2,160.0,-52.0,a0:a3:b3:ed:ac:1c,,,,,0.0,Normal,0.0
1744310400782478,10.42.0.139,10.42.0.1,50227,1883,33,1,0,1,0,0,1,0,12,0,0,0,0,0.0,0,,0,1,,0,0,0,1,42,4,MQTT,4,0.0,0,0,0,0,0,64.0,5760.0,0,0,esp32_a0a3b3edac1c,66,eth:ethertype:ip:tcp:mqtt,38.0,94.9,52.2,160.0,-52.0,a0:a3:b3:ed:ac:1c,,,,,0.0,Normal,0.0
1744310400830631,10.42.0.139,10.42.0.1,50227,1883,45,5,0,1,0,0,1,0,3,0,0,0,0,0.0,0,,0,0,,0,0,0,0,0,0,0,0,0.0,0,0,0,0,0,64.0,5756.0,0,0,0,57,eth:ethertype:ip:tcp,38.0,94.9,52.2,160.0,-52.0,a0:a3:b3:ed:ac:1c,,,,,0.0,Normal,0.0
1744310400831342,10.42.0.139,10.42.0.1,50227,1883,48,5,0,1,1,0,1,0,185,0,0,0,0,0.0,0,,0,3,"Wakeup: 0, Mode: 0, Reset: 1, Temperature: 38.0, Uptime: 634675, Memory: 94.9, In_Temperature: 52.2°C, CPU: 160, RSSI: -50, MAC: a0:a3:b3:ed:ac:1c, F_Storage: 99.2",test/temperatura,16,0,0,182,0,0,0,0.0,0,0,0,0,0,64.0,5756.0,0,0,0,239,eth:ethertype:ip:tcp:mqtt,38.0,94.9,52.2,160.0,-50.0,a0:a3:b3:ed:ac:1c,,,,,0.0,Normal,0.0
1744310400834841,10.42.0.139,10.42.0.1,50227,1883,234,6,0,1,0,0,0,0,0,0,0,0,0,0.0,0,,0,0,,0,0,0,0,0,0,0,0,0.0,0,0,0,0,0,64.0,5755.0,0,0,0,54,eth:ethertype:ip:tcp,38.0,94.9,52.2,160.0,-50.0,a0:a3:b3:ed:ac:1c,,,,,0.0,Normal,0.0
1744310430838775,10.42.0.139,10.42.0.1,50228,1883,0,0,1,0,0,0,0,0,0,0,0,0,0,0.0,0,,0,0,,0,0,0,0,0,0,0,0,0.0,0,0,0,0,0,64.0,5760.0,0,0,0,58,eth:ethertype:ip:tcp,38.0,94.9,52.2,160.0,-50.0,a0:a3:b3:ed:ac:1c,,,,,0.0,Normal,0.0
1744310430844830,10.42.0.139,10.42.0.1,50228,1883,1,1,0,1,0,0,0,0,0,0,0,0,0,0.0,0,,0,0,,0,0,0,0,0,0,0,0,0.0,0,0,0,0,0,64.0,5760.0,0,0,0,54,eth:ethertype:ip:tcp,38.0,94.9,52.2,160.0,-50.0,a0:a3:b3:ed:ac:1c,,,,,0.0,Normal,0.0
1744310430845556,10.42.0.139,10.42.0.1,50228,1883,1,1,0,1,0,0,1,0,3,0,0,0,0,0.0,0,,0,0,,0,0,0,0,0,0,0,0,0.0,0,0,0,0,0,64.0,5760.0,0,0,0,57,eth:ethertype:ip:tcp,38.0,94.9,52.2,160.0,-50.0,a0:a3:b3:ed:ac:1c,,,,,0.0,Normal,0.0
1744310430849478,10.42.0.139,10.42.0.1,50228,1883,4,1,0,1,0,0,1,0,41,0,0,0,0,0.0,0,,0,1,,0,0,0,1,42,4,MQTT,4,0.0,0,0,0,0,0,64.0,5760.0,0,0,esp32_a0a3b3edac1c,95,eth:ethertype:ip:tcp:mqtt,38.0,94.9,52.2,160.0,-50.0,a0:a3:b3:ed:ac:1c,,,,,0.0,Normal,0.0
1744310430884795,10.42.0.139,10.42.0.1,50228,1883,45,5,0,1,0,0,1,0,3,0,0,0,0,0.0,0,,0,0,,0,0,0,0,0,0,0,0,0.0,0,0,0,0,0,64.0,5756.0,0,0,0,57,eth:ethertype:ip:tcp,38.0,94.9,52.2,160.0,-50.0,a0:a3:b3:ed:ac:1c,,,,,0.0,Normal,0.0
1744310430899515,10.42.0.139,10.42.0.1,50228,1883,48,5,0,1,1,0,1,0,185,0,0,0,0,0.0,0,,0,3,"Wakeup: 0, Mode: 0, Reset: 1, Temperature: 33.4, Uptime: 634705, Memory: 94.9, In_Temperature: 52.2°C, CPU: 160, RSSI: -53, MAC: a0:a3:b3:ed:ac:1c, F_Storage: 99.2",test/temperatura,16,0,0,182,0,0,0,0.0,0,0,0,0,0,64.0,5756.0,0,0,0,239,eth:ethertype:ip:tcp:mqtt,33.4,94.9,52.2,160.0,-53.0,a0:a3:b3:ed:ac:1c,,,,,0.0,Normal,0.0
1744310430902918,10.42.0.139,10.42.0.1,50228,1883,234,6,0,1,0,0,0,0,0,0,0,0,0,0.0,0,,0,0,,0,0,0,0,0,0,0,0,0.0,0,0,0,0,0,64.0,5755.0,0,0,0,54,eth:ethertype:ip:tcp,33.4,94.9,52.2,160.0,-53.0,a0:a3:b3:ed:ac:1c,,,,,0.0,Normal,0.0
1744310460907604,10.42.0.139,10.42.0.1,50229,1883,0,0,1,0,0,0,0,0,0,0,0,0,0,0.0,0,,0,0,,0,0,0,0,0,0,0,0,0.0,0,0,0,0,0,64.0,5760.0,0,0,0,58,eth:ethertype:ip:tcp,33.4,94.9,52.2,160.0,-53.0,a0:a3:b3:ed:ac:1c,,,,,0.0,Normal,0.0
1744310460911400,10.42.0.139,10.42.0.1,50229,1883,1,1,0,1,0,0,0,0,0,0,0,0,0,0.0,0,,0,0,,0,0,0,0,0,0,0,0,0.0,0,0,0,0,0,64.0,5760.0,0,0,0,54,eth:ethertype:ip:tcp,33.4,94.9,52.2,160.0,-53.0,a0:a3:b3:ed:ac:1c,,,,,0.0,Normal,0.0
1744310460913591,10.42.0.139,10.42.0.1,50229,1883,1,1,0,1,0,0,1,0,3,0,0,0,0,0.0,0,,0,0,,0,0,0,0,0,0,0,0,0.0,0,0,0,0,0,64.0,5760.0,0,0,0,57,eth:ethertype:ip:tcp,33.4,94.9,52.2,160.0,-53.0,a0:a3:b3:ed:ac:1c,,,,,0.0,Normal,0.0
1744310460917897,10.42.0.139,10.42.0.1,50229,1883,4,1,0,1,0,0,1,0,37,0,0,0,0,0.0,0,,0,0,,0,0,0,0,0,0,0,0,0.0,0,0,0,0,0,64.0,5760.0,0,0,0,91,eth:ethertype:ip:tcp,33.4,94.9,52.2,160.0,-53.0,a0:a3:b3:ed:ac:1c,,,,,0.0,Normal,0.0
1744310460921995,10.42.0.139,10.42.0.1,50229,1883,41,1,0,1,0,0,1,0,4,0,0,0,0,0.0,0,,0,1,,0,0,0,1,42,4,MQTT,4,0.0,0,0,0,0,0,64.0,5760.0,0,0,esp32_a0a3b3edac1c,58,eth:ethertype:ip:tcp:mqtt,33.4,94.9,52.2,160.0,-53.0,a0:a3:b3:ed:ac:1c,,,,,0.0,Normal,0.0
1744310460957498,10.42.0.139,10.42.0.1,50229,1883,45,5,0,1,0,0,1,0,3,0,0,0,0,0.0,0,,0,0,,0,0,0,0,0,0,0,0,0.0,0,0,0,0,0,64.0,5756.0,0,0,0,57,eth:ethertype:ip:tcp,33.4,94.9,52.2,160.0,-53.0,a0:a3:b3:ed:ac:1c,,,,,0.0,Normal,0.0
1744310460968755,10.42.0.139,10.42.0.1,50229,1883,48,5,0,1,1,0,1,0,185,0,0,0,0,0.0,0,,0,3,"Wakeup: 0, Mode: 0, Reset: 1, Temperature: 30.7, Uptime: 634735, Memory: 94.9, In_Temperature: 52.2°C, CPU: 160, RSSI: -49, MAC: a0:a3:b3:ed:ac:1c, F_Storage: 99.2",test/temperatura,16,0,0,182,0,0,0,0.0,0,0,0,0,0,64.0,5756.0,0,0,0,239,eth:ethertype:ip:tcp:mqtt,30.7,94.9,52.2,160.0,-49.0,a0:a3:b3:ed:ac:1c,,,,,0.0,Normal,0.0
1744310460972202,10.42.0.139,10.42.0.1,50229,1883,234,6,0,1,0,0,0,0,0,0,0,0,0,0.0,0,,0,0,,0,0,0,0,0,0,0,0,0.0,0,0,0,0,0,64.0,5755.0,0,0,0,54,eth:ethertype:ip:tcp,30.7,94.9,52.2,160.0,-49.0,a0:a3:b3:ed:ac:1c,,,,,0.0,Normal,0.0
1744310490977767,10.42.0.139,10.42.0.1,50230,1883,0,0,1,0,0,0,0,0,0,0,0,0,0,0.0,0,,0,0,,0,0,0,0,0,0,0,0,0.0,0,0,0,0,0,64.0,5760.0,0,0,0,58,eth:ethertype:ip:tcp,30.7,94.9,52.2,160.0,-49.0,a0:a3:b3:ed:ac:1c,,,,,0.0,Normal,0.0
1744310490996174,10.42.0.139,10.42.0.1,50230,1883,1,1,0,1,0,0,0,0,0,0,0,0,0,0.0,0,,0,0,,0,0,0,0,0,0,0,0,0.0,0,0,0,0,0,64.0,5760.0,0,0,0,54,eth:ethertype:ip:tcp,30.7,94.9,52.2,160.0,-49.0,a0:a3:b3:ed:ac:1c,,,,,0.0,Normal,0.0
1744310490998163,10.42.0.139,10.42.0.1,50230,1883,1,1,0,1,0,0,1,0,3,0,0,0,0,0.0,0,,0,0,,0,0,0,0,0,0,0,0,0.0,0,0,0,0,0,64.0,5760.0,0,0,0,57,eth:ethertype:ip:tcp,30.7,94.9,52.2,160.0,-49.0,a0:a3:b3:ed:ac:1c,,,,,0.0,Normal,0.0
1744310491001710,10.42.0.139,10.42.0.1,50230,1883,4,1,0,1,0,0,1,0,29,0,0,0,0,0.0,0,,0,0,,0,0,0,0,0,0,0,0,0.0,0,0,0,0,0,64.0,5760.0,0,0,0,83,eth:ethertype:ip:tcp,30.7,94.9,52.2,160.0,-49.0,a0:a3:b3:ed:ac:1c,,,,,0.0,Normal,0.0
1744310491004837,10.42.0.139,10.42.0.1,50230,1883,33,1,0,1,0,0,1,0,12,0,0,0,0,0.0,0,,0,1,,0,0,0,1,42,4,MQTT,4,0.0,0,0,0,0,0,64.0,5760.0,0,0,esp32_a0a3b3edac1c,66,eth:ethertype:ip:tcp:mqtt,30.7,94.9,52.2,160.0,-49.0,a0:a3:b3:ed:ac:1c,,,,,0.0,Normal,0.0
1744310491040769,10.42.0.139,10.42.0.1,50230,1883,45,5,0,1,0,0,1,0,3,0,0,0,0,0.0,0,,0,0,,0,0,0,0,0,0,0,0,0.0,0,0,0,0,0,64.0,5756.0,0,0,0,57,eth:ethertype:ip:tcp,30.7,94.9,52.2,160.0,-49.0,a0:a3:b3:ed:ac:1c,,,,,0.0,Normal,0.0
1744310491058007,10.42.0.139,10.42.0.1,50230,1883,48,5,0,1,1,0,1,0,185,0,0,0,0,0.0,0,,0,3,"Wakeup: 0, Mode: 0, Reset: 1, Temperature: 36.0, Uptime: 634765, Memory: 94.9, In_Temperature: 52.2°C, CPU: 160, RSSI: -51, MAC: a0:a3:b3:ed:ac:1c, F_Storage: 99.2",test/temperatura,16,0,0,182,0,0,0,0.0,0,0,0,0,0,64.0,5756.0,0,0,0,239,eth:ethertype:ip:tcp:mqtt,36.0,94.9,52.2,160.0,-51.0,a0:a3:b3:ed:ac:1c,,,,,0.0,Normal,0.0
1744310491061441,10.42.0.139,10.42.0.1,50230,1883,234,6,0,1,0,0,0,0,0,0,0,0,0,0.0,0,,0,0,,0,0,0,0,0,0,0,0,0.0,0,0,0,0,0,64.0,5755.0,0,0,0,54,eth:ethertype:ip:tcp,36.0,94.9,52.2,160.0,-51.0,a0:a3:b3:ed:ac:1c,,,,,0.0,Normal,0.0
1744310521069841,10.42.0.139,10.42.0.1,50231,1883,0,0,1,0,0,0,0,0,0,0,0,0,0,0.0,0,,0,0,,0,0,0,0,0,0,0,0,0.0,0,0,0,0,0,64.0,5760.0,0,0,0,58,eth:ethertype:ip:tcp,36.0,94.9,52.2,160.0,-51.0,a0:a3:b3:ed:ac:1c,,,,,0.0,Normal,0.0
1744310521075676,10.42.0.139,10.42.0.1,50231,1883,1,1,0,1,0,0,0,0,0,0,0,0,0,0.0,0,,0,0,,0,0,0,0,0,0,0,0,0.0,0,0,0,0,0,64.0,5760.0,0,0,0,54,eth:ethertype:ip:tcp,36.0,94.9,52.2,160.0,-51.0,a0:a3:b3:ed:ac:1c,,,,,0.0,Normal,0.0
1744310521076447,10.42.0.139,10.42.0.1,50231,1883,1,1,0,1,0,0,1,0,3,0,0,0,0,0.0,0,,0,0,,0,0,0,0,0,0,0,0,0.0,0,0,0,0,0,64.0,5760.0,0,0,0,57,eth:ethertype:ip:tcp,36.0,94.9,52.2,160.0,-51.0,a0:a3:b3:ed:ac:1c,,,,,0.0,Normal,0.0
1744310521079916,10.42.0.139,10.42.0.1,50231,1883,4,1,0,1,0,0,1,0,35,0,0,0,0,0.0,0,,0,0,,0,0,0,0,0,0,0,0,0.0,0,0,0,0,0,64.0,5760.0,0,0,0,89,eth:ethertype:ip:tcp,36.0,94.9,52.2,160.0,-51.0,a0:a3:b3:ed:ac:1c,,,,,0.0,Normal,0.0
1744310521082638,10.42.0.139,10.42.0.1,50231,1883,39,1,0,1,0,0,1,0,6,0,0,0,0,0.0,0,,0,1,,0,0,0,1,42,4,MQTT,4,0.0,0,0,0,0,0,64.0,5760.0,0,0,esp32_a0a3b3edac1c,60,eth:ethertype:ip:tcp:mqtt,36.0,94.9,52.2,160.0,-51.0,a0:a3:b3:ed:ac:1c,,,,,0.0,Normal,0.0
1744310521150972,10.42.0.139,10.42.0.1,50231,1883,45,5,0,1,0,0,1,0,3,0,0,0,0,0.0,0,,0,0,,0,0,0,0,0,0,0,0,0.0,0,0,0,0,0,64.0,5756.0,0,0,0,57,eth:ethertype:ip:tcp,36.0,94.9,52.2,160.0,-51.0,a0:a3:b3:ed:ac:1c,,,,,0.0,Normal,0.0
1744310521151555,10.42.0.139,10.42.0.1,50231,1883,48,5,0,1,1,0,1,0,185,0,0,0,0,0.0,0,,0,3,"Wakeup: 0, Mode: 0, Reset: 1, Temperature: 31.0, Uptime: 634795, Memory: 94.9, In_Temperature: 52.2°C, CPU: 160, RSSI: -50, MAC: a0:a3:b3:ed:ac:1c, F_Storage: 99.2",test/temperatura,16,0,0,182,0,0,0,0.0,0,0,0,0,0,64.0,5756.0,0,0,0,239,eth:ethertype:ip:tcp:mqtt,31.0,94.9,52.2,160.0,-50.0,a0:a3:b3:ed:ac:1c,,,,,0.0,Normal,0.0
1744310521156352,10.42.0.139,10.42.0.1,50231,1883,234,6,0,1,0,0,0,0,0,0,0,0,0,0.0,0,,0,0,,0,0,0,0,0,0,0,0,0.0,0,0,0,0,0,64.0,5755.0,0,0,0,54,eth:ethertype:ip:tcp,31.0,94.9,52.2,160.0,-50.0,a0:a3:b3:ed:ac:1c,,,,,0.0,Normal,0.0
1744310551144882,10.42.0.139,10.42.0.1,50232,1883,0,0,1,0,0,0,0,0,0,0,0,0,0,0.0,0,,0,0,,0,0,0,0,0,0,0,0,0.0,0,0,0,0,0,64.0,5760.0,0,0,0,58,eth:ethertype:ip:tcp,31.0,94.9,52.2,160.0,-50.0,a0:a3:b3:ed:ac:1c,,,,,0.0,Normal,0.0
1744310551156778,10.42.0.139,10.42.0.1,50232,1883,1,1,0,1,0,0,0,0,0,0,0,0,0,0.0,0,,0,0,,0,0,0,0,0,0,0,0,0.0,0,0,0,0,0,64.0,5760.0,0,0,0,54,eth:ethertype:ip:tcp,31.0,94.9,52.2,160.0,-50.0,a0:a3:b3:ed:ac:1c,,,,,0.0,Normal,0.0
1744310551159248,10.42.0.139,10.42.0.1,50232,1883,1,1,0,1,0,0,1,0,3,0,0,0,0,0.0,0,,0,0,,0,0,0,0,0,0,0,0,0.0,0,0,0,0,0,64.0,5760.0,0,0,0,57,eth:ethertype:ip:tcp,31.0,94.9,52.2,160.0,-50.0,a0:a3:b3:ed:ac:1c,,,,,0.0,Normal,0.0
1744310551162643,10.42.0.139,10.42.0.1,50232,1883,4,1,0,1,0,0,1,0,29,0,0,0,0,0.0,0,,0,0,,0,0,0,0,0,0,0,0,0.0,0,0,0,0,0,64.0,5760.0,0,0,0,83,eth:ethertype:ip:tcp,31.0,94.9,52.2,160.0,-50.0,a0:a3:b3:ed:ac:1c,,,,,0.0,Normal,0.0
1744310551167613,10.42.0.139,10.42.0.1,50232,1883,33,1,0,1,0,0,1,0,12,0,0,0,0,0.0,0,,0,1,,0,0,0,1,42,4,MQTT,4,0.0,0,0,0,0,0,64.0,5760.0,0,0,esp32_a0a3b3edac1c,66,eth:ethertype:ip:tcp:mqtt,31.0,94.9,52.2,160.0,-50.0,a0:a3:b3:ed:ac:1c,,,,,0.0,Normal,0.0
1744310551215900,10.42.0.139,10.42.0.1,50232,1883,45,5,0,1,0,0,1,0,3,0,0,0,0,0.0,0,,0,0,,0,0,0,0,0,0,0,0,0.0,0,0,0,0,0,64.0,5756.0,0,0,0,57,eth:ethertype:ip:tcp,31.0,94.9,52.2,160.0,-50.0,a0:a3:b3:ed:ac:1c,,,,,0.0,Normal,0.0
1744310551217362,10.42.0.139,10.42.0.1,50232,1883,48,5,0,1,1,0,1,0,185,0,0,0,0,0.0,0,,0,3,"Wakeup: 0, Mode: 0, Reset: 1, Temperature: 25.1, Uptime: 634825, Memory: 94.9, In_Temperature: 52.2°C, CPU: 160, RSSI: -52, MAC: a0:a3:b3:ed:ac:1c, F_Storage: 99.2",test/temperatura,16,0,0,182,0,0,0,0.0,0,0,0,0,0,64.0,5756.0,0,0,0,239,eth:ethertype:ip:tcp:mqtt,25.1,94.9,52.2,160.0,-52.0,a0:a3:b3:ed:ac:1c,,,,,0.0,Normal,0.0
1744310551220885,10.42.0.139,10.42.0.1,50232,1883,234,6,0,1,0,0,0,0,0,0,0,0,0,0.0,0,,0,0,,0,0,0,0,0,0,0,0,0.0,0,0,0,0,0,64.0,5755.0,0,0,0,54,eth:ethertype:ip:tcp,25.1,94.9,52.2,160.0,-52.0,a0:a3:b3:ed:ac:1c,,,,,0.0,Normal,0.0
1744310581225860,10.42.0.139,10.42.0.1,50233,1883,0,0,1,0,0,0,0,0,0,0,0,0,0,0.0,0,,0,0,,0,0,0,0,0,0,0,0,0.0,0,0,0,0,0,64.0,5760.0,0,0,0,58,eth:ethertype:ip:tcp,25.1,94.9,52.2,160.0,-52.0,a0:a3:b3:ed:ac:1c,,,,,0.0,Normal,0.0
1744310581229921,10.42.0.139,10.42.0.1,50233,1883,1,1,0,1,0,0,0,0,0,0,0,0,0,0.0,0,,0,0,,0,0,0,0,0,0,0,0,0.0,0,0,0,0,0,64.0,5760.0,0,0,0,54,eth:ethertype:ip:tcp,25.1,94.9,52.2,160.0,-52.0,a0:a3:b3:ed:ac:1c,,,,,0.0,Normal,0.0
1744310581231972,10.42.0.139,10.42.0.1,50233,1883,1,1,0,1,0,0,1,0,3,0,0,0,0,0.0,0,,0,0,,0,0,0,0,0,0,0,0,0.0,0,0,0,0,0,64.0,5760.0,0,0,0,57,eth:ethertype:ip:tcp,25.1,94.9,52.2,160.0,-52.0,a0:a3:b3:ed:ac:1c,,,,,0.0,Normal,0.0
1744310581238176,10.42.0.139,10.42.0.1,50233,1883,4,1,0,1,0,0,1,0,41,0,0,0,0,0.0,0,,0,1,,0,0,0,1,42,4,MQTT,4,0.0,0,0,0,0,0,64.0,5760.0,0,0,esp32_a0a3b3edac1c,95,eth:ethertype:ip:tcp:mqtt,25.1,94.9,52.2,160.0,-52.0,a0:a3:b3:ed:ac:1c,,,,,0.0,Normal,0.0
1744310581275347,10.42.0.139,10.42.0.1,50233,1883,45,5,0,1,0,0,1,0,3,0,0,0,0,0.0,0,,0,0,,0,0,0,0,0,0,0,0,0.0,0,0,0,0,0,64.0,5756.0,0,0,0,57,eth:ethertype:ip:tcp,25.1,94.9,52.2,160.0,-52.0,a0:a3:b3:ed:ac:1c,,,,,0.0,Normal,0.0
1744310581287475,10.42.0.139,10.42.0.1,50233,1883,48,5,0,1,1,0,1,0,185,0,0,0,0,0.0,0,,0,3,"Wakeup: 0, Mode: 0, Reset: 1, Temperature: 36.1, Uptime: 634855, Memory: 94.9, In_Temperature: 52.2°C, CPU: 160, RSSI: -50, MAC: a0:a3:b3:ed:ac:1c, F_Storage: 99.2",test/temperatura,16,0,0,182,0,0,0,0.0,0,0,0,0,0,64.0,5756.0,0,0,0,239,eth:ethertype:ip:tcp:mqtt,36.1,94.9,52.2,160.0,-50.0,a0:a3:b3:ed:ac:1c,,,,,0.0,Normal,0.0
1744310581291224,10.42.0.139,10.42.0.1,50233,1883,234,6,0,1,0,0,0,0,0,0,0,0,0,0.0,0,,0,0,,0,0,0,0,0,0,0,0,0.0,0,0,0,0,0,64.0,5755.0,0,0,0,54,eth:ethertype:ip:tcp,36.1,94.9,52.2,160.0,-50.0,a0:a3:b3:ed:ac:1c,,,,,0.0,Normal,0.0
1744310611294989,10.42.0.139,10.42.0.1,50234,1883,0,0,1,0,0,0,0,0,0,0,0,0,0,0.0,0,,0,0,,0,0,0,0,0,0,0,0,0.0,0,0,0,0,0,64.0,5760.0,0,0,0,58,eth:ethertype:ip:tcp,36.1,94.9,52.2,160.0,-50.0,a0:a3:b3:ed:ac:1c,,,,,0.0,Normal,0.0
1744310611318921,10.42.0.139,10.42.0.1,50234,1883,1,1,0,1,0,0,0,0,0,0,0,0,0,0.0,0,,0,0,,0,0,0,0,0,0,0,0,0.0,0,0,0,0,0,64.0,5760.0,0,0,0,54,eth:ethertype:ip:tcp,36.1,94.9,52.2,160.0,-50.0,a0:a3:b3:ed:ac:1c,,,,,0.0,Normal,0.0
1744310611321012,10.42.0.139,10.42.0.1,50234,1883,1,1,0,1,0,0,1,0,3,0,0,0,0,0.0,0,,0,0,,0,0,0,0,0,0,0,0,0.0,0,0,0,0,0,64.0,5760.0,0,0,0,57,eth:ethertype:ip:tcp,36.1,94.9,52.2,160.0,-50.0,a0:a3:b3:ed:ac:1c,,,,,0.0,Normal,0.0
1744310611324707,10.42.0.139,10.42.0.1,50234,1883,4,1,0,1,0,0,1,0,31,0,0,0,0,0.0,0,,0,0,,0,0,0,0,0,0,0,0,0.0,0,0,0,0,0,64.0,5760.0,0,0,0,85,eth:ethertype:ip:tcp,36.1,94.9,52.2,160.0,-50.0,a0:a3:b3:ed:ac:1c,,,,,0.0,Normal,0.0
1744310611327738,10.42.0.139,10.42.0.1,50234,1883,35,1,0,1,0,0,1,0,10,0,0,0,0,0.0,0,,0,1,,0,0,0,1,42,4,MQTT,4,0.0,0,0,0,0,0,64.0,5760.0,0,0,esp32_a0a3b3edac1c,64,eth:ethertype:ip:tcp:mqtt,36.1,94.9,52.2,160.0,-50.0,a0:a3:b3:ed:ac:1c,,,,,0.0,Normal,0.0
1744310611365796,10.42.0.139,10.42.0.1,50234,1883,45,5,0,1,0,0,1,0,3,0,0,0,0,0.0,0,,0,0,,0,0,0,0,0,0,0,0,0.0,0,0,0,0,0,64.0,5756.0,0,0,0,57,eth:ethertype:ip:tcp,36.1,94.9,52.2,160.0,-50.0,a0:a3:b3:ed:ac:1c,,,,,0.0,Normal,0.0
1744310611376796,10.42.0.139,10.42.0.1,50234,1883,48,5,0,1,1,0,1,0,185,0,0,0,0,0.0,0,,0,3,"Wakeup: 0, Mode: 0, Reset: 1, Temperature: 34.7, Uptime: 634885, Memory: 94.9, In_Temperature: 52.2°C, CPU: 160, RSSI: -52, MAC: a0:a3:b3:ed:ac:1c, F_Storage: 99.2",test/temperatura,16,0,0,182,0,0,0,0.0,0,0,0,0,0,64.0,5756.0,0,0,0,239,eth:ethertype:ip:tcp:mqtt,34.7,94.9,52.2,160.0,-52.0,a0:a3:b3:ed:ac:1c,,,,,0.0,Normal,0.0
1744310611380283,10.42.0.139,10.42.0.1,50234,1883,234,6,0,1,0,0,0,0,0,0,0,0,0,0.0,0,,0,0,,0,0,0,0,0,0,0,0,0.0,0,0,0,0,0,64.0,5755.0,0,0,0,54,eth:ethertype:ip:tcp,34.7,94.9,52.2,160.0,-52.0,a0:a3:b3:ed:ac:1c,,,,,0.0,Normal,0.0
1744310641384520,10.42.0.139,10.42.0.1,50235,1883,0,0,1,0,0,0,0,0,0,0,0,0,0,0.0,0,,0,0,,0,0,0,0,0,0,0,0,0.0,0,0,0,0,0,64.0,5760.0,0,0,0,58,eth:ethertype:ip:tcp,34.7,94.9,52.2,160.0,-52.0,a0:a3:b3:ed:ac:1c,,,,,0.0,Normal,0.0
1744310641401534,10.42.0.139,10.42.0.1,50235,1883,1,1,0,1,0,0,0,0,0,0,0,0,0,0.0,0,,0,0,,0,0,0,0,0,0,0,0,0.0,0,0,0,0,0,64.0,5760.0,0,0,0,54,eth:ethertype:ip:tcp,34.7,94.9,52.2,160.0,-52.0,a0:a3:b3:ed:ac:1c,,,,,0.0,Normal,0.0
1744310641402271,10.42.0.139,10.42.0.1,50235,1883,1,1,0,1,0,0,1,0,3,0,0,0,0,0.0,0,,0,0,,0,0,0,0,0,0,0,0,0.0,0,0,0,0,0,64.0,5760.0,0,0,0,57,eth:ethertype:ip:tcp,34.7,94.9,52.2,160.0,-52.0,a0:a3:b3:ed:ac:1c,,,,,0.0,Normal,0.0
1744310641422494,10.42.0.139,10.42.0.1,50235,1883,4,1,0,1,0,0,1,0,41,0,0,0,0,0.0,0,,0,1,,0,0,0,1,42,4,MQTT,4,0.0,0,0,0,0,0,64.0,5760.0,0,0,esp32_a0a3b3edac1c,95,eth:ethertype:ip:tcp:mqtt,34.7,94.9,52.2,160.0,-52.0,a0:a3:b3:ed:ac:1c,,,,,0.0,Normal,0.0
1744310641471146,10.42.0.139,10.42.0.1,50235,1883,45,5,0,1,0,0,1,0,3,0,0,0,0,0.0,0,,0,0,,0,0,0,0,0,0,0,0,0.0,0,0,0,0,0,64.0,5756.0,0,0,0,57,eth:ethertype:ip:tcp,34.7,94.9,52.2,160.0,-52.0,a0:a3:b3:ed:ac:1c,,,,,0.0,Normal,0.0
1744310641475464,10.42.0.139,10.42.0.1,50235,1883,48,5,0,1,1,0,1,0,185,0,0,0,0,0.0,0,,0,3,"Wakeup: 0, Mode: 0, Reset: 1, Temperature: 28.4, Uptime: 634915, Memory: 94.9, In_Temperature: 52.2°C, CPU: 160, RSSI: -51, MAC: a0:a3:b3:ed:ac:1c, F_Storage: 99.2",test/temperatura,16,0,0,182,0,0,0,0.0,0,0,0,0,0,64.0,5756.0,0,0,0,239,eth:ethertype:ip:tcp:mqtt,28.4,94.9,52.2,160.0,-51.0,a0:a3:b3:ed:ac:1c,,,,,0.0,Normal,0.0
1744310641478968,10.42.0.139,10.42.0.1,50235,1883,234,6,0,1,0,0,0,0,0,0,0,0,0,0.0,0,,0,0,,0,0,0,0,0,0,0,0,0.0,0,0,0,0,0,64.0,5755.0,0,0,0,54,eth:ethertype:ip:tcp,28.4,94.9,52.2,160.0,-51.0,a0:a3:b3:ed:ac:1c,,,,,0.0,Normal,0.0
1744310671485841,10.42.0.139,10.42.0.1,50236,1883,0,0,1,0,0,0,0,0,0,0,0,0,0,0.0,0,,0,0,,0,0,0,0,0,0,0,0,0.0,0,0,0,0,0,64.0,5760.0,0,0,0,58,eth:ethertype:ip:tcp,28.4,94.9,52.2,160.0,-51.0,a0:a3:b3:ed:ac:1c,,,,,0.0,Normal,0.0
1744310671489795,10.42.0.139,10.42.0.1,50236,1883,1,1,0,1,0,0,0,0,0,0,0,0,0,0.0,0,,0,0,,0,0,0,0,0,0,0,0,0.0,0,0,0,0,0,64.0,5760.0,0,0,0,54,eth:ethertype:ip:tcp,28.4,94.9,52.2,160.0,-51.0,a0:a3:b3:ed:ac:1c,,,,,0.0,Normal,0.0
1744310671491863,10.42.0.139,10.42.0.1,50236,1883,1,1,0,1,0,0,1,0,3,0,0,0,0,0.0,0,,0,0,,0,0,0,0,0,0,0,0,0.0,0,0,0,0,0,64.0,5760.0,0,0,0,57,eth:ethertype:ip:tcp,28.4,94.9,52.2,160.0,-51.0,a0:a3:b3:ed:ac:1c,,,,,0.0,Normal,0.0
1744310671495186,10.42.0.139,10.42.0.1,50236,1883,4,1,0,1,0,0,1,0,29,0,0,0,0,0.0,0,,0,0,,0,0,0,0,0,0,0,0,0.0,0,0,0,0,0,64.0,5760.0,0,0,0,83,eth:ethertype:ip:tcp,28.4,94.9,52.2,160.0,-51.0,a0:a3:b3:ed:ac:1c,,,,,0.0,Normal,0.0
1744310671498532,10.42.0.139,10.42.0.1,50236,1883,33,1,0,1,0,0,1,0,12,0,0,0,0,0.0,0,,0,1,,0,0,0,1,42,4,MQTT,4,0.0,0,0,0,0,0,64.0,5760.0,0,0,esp32_a0a3b3edac1c,66,eth:ethertype:ip:tcp:mqtt,28.4,94.9,52.2,160.0,-51.0,a0:a3:b3:ed:ac:1c,,,,,0.0,Normal,0.0
1744310671541083,10.42.0.139,10.42.0.1,50236,1883,45,5,0,1,0,0,1,0,3,0,0,0,0,0.0,0,,0,0,,0,0,0,0,0,0,0,0,0.0,0,0,0,0,0,64.0,5756.0,0,0,0,57,eth:ethertype:ip:tcp,28.4,94.9,52.2,160.0,-51.0,a0:a3:b3:ed:ac:1c,,,,,0.0,Normal,0.0
1744310671545898,10.42.0.139,10.42.0.1,50236,1883,48,5,0,1,1,0,1,0,185,0,0,0,0,0.0,0,,0,3,"Wakeup: 0, Mode: 0, Reset: 1, Temperature: 39.0, Uptime: 634946, Memory: 94.8, In_Temperature: 52.2°C, CPU: 160, RSSI: -51, MAC: a0:a3:b3:ed:ac:1c, F_Storage: 99.2",test/temperatura,16,0,0,182,0,0,0,0.0,0,0,0,0,0,64.0,5756.0,0,0,0,239,eth:ethertype:ip:tcp:mqtt,39.0,94.8,52.2,160.0,-51.0,a0:a3:b3:ed:ac:1c,,,,,0.0,Normal,0.0
1744310671549285,10.42.0.139,10.42.0.1,50236,1883,234,6,0,1,0,0,0,0,0,0,0,0,0,0.0,0,,0,0,,0,0,0,0,0,0,0,0,0.0,0,0,0,0,0,64.0,5755.0,0,0,0,54,eth:ethertype:ip:tcp,39.0,94.8,52.2,160.0,-51.0,a0:a3:b3:ed:ac:1c,,,,,0.0,Normal,0.0
1744310701552144,10.42.0.139,10.42.0.1,50237,1883,0,0,1,0,0,0,0,0,0,0,0,0,0,0.0,0,,0,0,,0,0,0,0,0,0,0,0,0.0,0,0,0,0,0,64.0,5760.0,0,0,0,58,eth:ethertype:ip:tcp,39.0,94.8,52.2,160.0,-51.0,a0:a3:b3:ed:ac:1c,,,,,0.0,Normal,0.0
1744310701555761,10.42.0.139,10.42.0.1,50237,1883,1,1,0,1,0,0,0,0,0,0,0,0,0,0.0,0,,0,0,,0,0,0,0,0,0,0,0,0.0,0,0,0,0,0,64.0,5760.0,0,0,0,54,eth:ethertype:ip:tcp,39.0,94.8,52.2,160.0,-51.0,a0:a3:b3:ed:ac:1c,,,,,0.0,Normal,0.0
1744310701558356,10.42.0.139,10.42.0.1,50237,1883,1,1,0,1,0,0,1,0,3,0,0,0,0,0.0,0,,0,0,,0,0,0,0,0,0,0,0,0.0,0,0,0,0,0,64.0,5760.0,0,0,0,57,eth:ethertype:ip:tcp,39.0,94.8,52.2,160.0,-51.0,a0:a3:b3:ed:ac:1c,,,,,0.0,Normal,0.0
1744310701564053,10.42.0.139,10.42.0.1,50237,1883,4,1,0,1,0,0,1,0,41,0,0,0,0,0.0,0,,0,1,,0,0,0,1,42,4,MQTT,4,0.0,0,0,0,0,0,64.0,5760.0,0,0,esp32_a0a3b3edac1c,95,eth:ethertype:ip:tcp:mqtt,39.0,94.8,52.2,160.0,-51.0,a0:a3:b3:ed:ac:1c,,,,,0.0,Normal,0.0
1744310701599541,10.42.0.139,10.42.0.1,50237,1883,45,5,0,1,0,0,1,0,3,0,0,0,0,0.0,0,,0,0,,0,0,0,0,0,0,0,0,0.0,0,0,0,0,0,64.0,5756.0,0,0,0,57,eth:ethertype:ip:tcp,39.0,94.8,52.2,160.0,-51.0,a0:a3:b3:ed:ac:1c,,,,,0.0,Normal,0.0
1744310701613356,10.42.0.139,10.42.0.1,50237,1883,48,5,0,1,1,0,1,0,185,0,0,0,0,0.0,0,,0,3,"Wakeup: 0, Mode: 0, Reset: 1, Temperature: 40.8, Uptime: 634976, Memory: 94.9, In_Temperature: 52.2°C, CPU: 160, RSSI: -50, MAC: a0:a3:b3:ed:ac:1c, F_Storage: 99.2",test/temperatura,16,0,0,182,0,0,0,0.0,0,0,0,0,0,64.0,5756.0,0,0,0,239,eth:ethertype:ip:tcp:mqtt,40.8,94.9,52.2,160.0,-50.0,a0:a3:b3:ed:ac:1c,,,,,0.0,Normal,0.0
1744310701616810,10.42.0.139,10.42.0.1,50237,1883,234,6,0,1,0,0,0,0,0,0,0,0,0,0.0,0,,0,0,,0,0,0,0,0,0,0,0,0.0,0,0,0,0,0,64.0,5755.0,0,0,0,54,eth:ethertype:ip:tcp,40.8,94.9,52.2,160.0,-50.0,a0:a3:b3:ed:ac:1c,,,,,0.0,Normal,0.0
1744310731622363,10.42.0.139,10.42.0.1,50238,1883,0,0,1,0,0,0,0,0,0,0,0,0,0,0.0,0,,0,0,,0,0,0,0,0,0,0,0,0.0,0,0,0,0,0,64.0,5760.0,0,0,0,58,eth:ethertype:ip:tcp,40.8,94.9,52.2,160.0,-50.0,a0:a3:b3:ed:ac:1c,,,,,0.0,Normal,0.0
1744310731626863,10.42.0.139,10.42.0.1,50238,1883,1,1,0,1,0,0,0,0,0,0,0,0,0,0.0,0,,0,0,,0,0,0,0,0,0,0,0,0.0,0,0,0,0,0,64.0,5760.0,0,0,0,54,eth:ethertype:ip:tcp,40.8,94.9,52.2,160.0,-50.0,a0:a3:b3:ed:ac:1c,,,,,0.0,Normal,0.0
1744310731628922,10.42.0.139,10.42.0.1,50238,1883,1,1,0,1,0,0,1,0,3,0,0,0,0,0.0,0,,0,0,,0,0,0,0,0,0,0,0,0.0,0,0,0,0,0,64.0,5760.0,0,0,0,57,eth:ethertype:ip:tcp,40.8,94.9,52.2,160.0,-50.0,a0:a3:b3:ed:ac:1c,,,,,0.0,Normal,0.0
1744310731632501,10.42.0.139,10.42.0.1,50238,1883,4,1,0,1,0,0,1,0,31,0,0,0,0,0.0,0,,0,0,,0,0,0,0,0,0,0,0,0.0,0,0,0,0,0,64.0,5760.0,0,0,0,85,eth:ethertype:ip:tcp,40.8,94.9,52.2,160.0,-50.0,a0:a3:b3:ed:ac:1c,,,,,0.0,Normal,0.0
1744310731635763,10.42.0.139,10.42.0.1,50238,1883,35,1,0,1,0,0,1,0,10,0,0,0,0,0.0,0,,0,1,,0,0,0,1,42,4,MQTT,4,0.0,0,0,0,0,0,64.0,5760.0,0,0,esp32_a0a3b3edac1c,64,eth:ethertype:ip:tcp:mqtt,40.8,94.9,52.2,160.0,-50.0,a0:a3:b3:ed:ac:1c,,,,,0.0,Normal,0.0
1744310731697443,10.42.0.139,10.42.0.1,50238,1883,45,5,0,1,0,0,1,0,3,0,0,0,0,0.0,0,,0,0,,0,0,0,0,0,0,0,0,0.0,0,0,0,0,0,64.0,5756.0,0,0,0,57,eth:ethertype:ip:tcp,40.8,94.9,52.2,160.0,-50.0,a0:a3:b3:ed:ac:1c,,,,,0.0,Normal,0.0
1744310731698139,10.42.0.139,10.42.0.1,50238,1883,48,5,0,1,1,0,1,0,185,0,0,0,0,0.0,0,,0,3,"Wakeup: 0, Mode: 0, Reset: 1, Temperature: 30.4, Uptime: 635006, Memory: 94.9, In_Temperature: 52.2°C, CPU: 160, RSSI: -51, MAC: a0:a3:b3:ed:ac:1c, F_Storage: 99.2",test/temperatura,16,0,0,182,0,0,0,0.0,0,0,0,0,0,64.0,5756.0,0,0,0,239,eth:ethertype:ip:tcp:mqtt,30.4,94.9,52.2,160.0,-51.0,a0:a3:b3:ed:ac:1c,,,,,0.0,Normal,0.0
1744310731701668,10.42.0.139,10.42.0.1,50238,1883,234,6,0,1,0,0,0,0,0,0,0,0,0,0.0,0,,0,0,,0,0,0,0,0,0,0,0,0.0,0,0,0,0,0,64.0,5755.0,0,0,0,54,eth:ethertype:ip:tcp,30.4,94.9,52.2,160.0,-51.0,a0:a3:b3:ed:ac:1c,,,,,0.0,Normal,0.0
1744310761691677,10.42.0.139,10.42.0.1,50239,1883,0,0,1,0,0,0,0,0,0,0,0,0,0,0.0,0,,0,0,,0,0,0,0,0,0,0,0,0.0,0,0,0,0,0,64.0,5760.0,0,0,0,58,eth:ethertype:ip:tcp,30.4,94.9,52.2,160.0,-51.0,a0:a3:b3:ed:ac:1c,,,,,0.0,Normal,0.0
1744310761696476,10.42.0.139,10.42.0.1,50239,1883,1,1,0,1,0,0,0,0,0,0,0,0,0,0.0,0,,0,0,,0,0,0,0,0,0,0,0,0.0,0,0,0,0,0,64.0,5760.0,0,0,0,54,eth:ethertype:ip:tcp,30.4,94.9,52.2,160.0,-51.0,a0:a3:b3:ed:ac:1c,,,,,0.0,Normal,0.0
1744310761698575,10.42.0.139,10.42.0.1,50239,1883,1,1,0,1,0,0,1,0,3,0,0,0,0,0.0,0,,0,0,,0,0,0,0,0,0,0,0,0.0,0,0,0,0,0,64.0,5760.0,0,0,0,57,eth:ethertype:ip:tcp,30.4,94.9,52.2,160.0,-51.0,a0:a3:b3:ed:ac:1c,,,,,0.0,Normal,0.0
1744310761702699,10.42.0.139,10.42.0.1,50239,1883,4,1,0,1,0,0,1,0,29,0,0,0,0,0.0,0,,0,0,,0,0,0,0,0,0,0,0,0.0,0,0,0,0,0,64.0,5760.0,0,0,0,83,eth:ethertype:ip:tcp,30.4,94.9,52.2,160.0,-51.0,a0:a3:b3:ed:ac:1c,,,,,0.0,Normal,0.0
1744310761706701,10.42.0.139,10.42.0.1,50239,1883,33,1,0,1,0,0,1,0,2,0,0,0,0,0.0,0,,0,0,,0,0,0,0,0,0,0,0,0.0,0,0,0,0,0,64.0,5760.0,0,0,0,56,eth:ethertype:ip:tcp,30.4,94.9,52.2,160.0,-51.0,a0:a3:b3:ed:ac:1c,,,,,0.0,Normal,0.0
1744310761710561,10.42.0.139,10.42.0.1,50239,1883,35,1,0,1,0,0,1,0,4,0,0,0,0,0.0,0,,0,0,,0,0,0,0,0,0,0,0,0.0,0,0,0,0,0,64.0,5760.0,0,0,0,58,eth:ethertype:ip:tcp,30.4,94.9,52.2,160.0,-51.0,a0:a3:b3:ed:ac:1c,,,,,0.0,Normal,0.0
1744310761714257,10.42.0.139,10.42.0.1,50239,1883,39,1,0,1,0,0,1,0,6,0,0,0,0,0.0,0,,0,1,,0,0,0,1,42,4,MQTT,4,0.0,0,0,0,0,0,64.0,5760.0,0,0,esp32_a0a3b3edac1c,60,eth:ethertype:ip:tcp:mqtt,30.4,94.9,52.2,160.0,-51.0,a0:a3:b3:ed:ac:1c,,,,,0.0,Normal,0.0
1744310761749867,10.42.0.139,10.42.0.1,50239,1883,45,5,0,1,0,0,1,0,3,0,0,0,0,0.0,0,,0,0,,0,0,0,0,0,0,0,0,0.0,0,0,0,0,0,64.0,5756.0,0,0,0,57,eth:ethertype:ip:tcp,30.4,94.9,52.2,160.0,-51.0,a0:a3:b3:ed:ac:1c,,,,,0.0,Normal,0.0
1744310761762486,10.42.0.139,10.42.0.1,50239,1883,48,5,0,1,1,0,1,0,185,0,0,0,0,0.0,0,,0,3,"Wakeup: 0, Mode: 0, Reset: 1, Temperature: 29.0, Uptime: 635036, Memory: 94.9, In_Temperature: 52.2°C, CPU: 160, RSSI: -51, MAC: a0:a3:b3:ed:ac:1c, F_Storage: 99.2",test/temperatura,16,0,0,182,0,0,0,0.0,0,0,0,0,0,64.0,5756.0,0,0,0,239,eth:ethertype:ip:tcp:mqtt,29.0,94.9,52.2,160.0,-51.0,a0:a3:b3:ed:ac:1c,,,,,0.0,Normal,0.0
1744310761766217,10.42.0.139,10.42.0.1,50239,1883,234,6,0,1,0,0,0,0,0,0,0,0,0,0.0,0,,0,0,,0,0,0,0,0,0,0,0,0.0,0,0,0,0,0,64.0,5755.0,0,0,0,54,eth:ethertype:ip:tcp,29.0,94.9,52.2,160.0,-51.0,a0:a3:b3:ed:ac:1c,,,,,0.0,Normal,0.0
1744310791772980,10.42.0.139,10.42.0.1,50240,1883,0,0,1,0,0,0,0,0,0,0,0,0,0,0.0,0,,0,0,,0,0,0,0,0,0,0,0,0.0,0,0,0,0,0,64.0,5760.0,0,0,0,58,eth:ethertype:ip:tcp,29.0,94.9,52.2,160.0,-51.0,a0:a3:b3:ed:ac:1c,,,,,0.0,Normal,0.0
1744310791778587,10.42.0.139,10.42.0.1,50240,1883,1,1,0,1,0,0,0,0,0,0,0,0,0,0.0,0,,0,0,,0,0,0,0,0,0,0,0,0.0,0,0,0,0,0,64.0,5760.0,0,0,0,54,eth:ethertype:ip:tcp,29.0,94.9,52.2,160.0,-51.0,a0:a3:b3:ed:ac:1c,,,,,0.0,Normal,0.0
1744310791780941,10.42.0.139,10.42.0.1,50240,1883,1,1,0,1,0,0,1,0,3,0,0,0,0,0.0,0,,0,0,,0,0,0,0,0,0,0,0,0.0,0,0,0,0,0,64.0,5760.0,0,0,0,57,eth:ethertype:ip:tcp,29.0,94.9,52.2,160.0,-51.0,a0:a3:b3:ed:ac:1c,,,,,0.0,Normal,0.0
1744310791784502,10.42.0.139,10.42.0.1,50240,1883,4,1,0,1,0,0,1,0,35,0,0,0,0,0.0,0,,0,0,,0,0,0,0,0,0,0,0,0.0,0,0,0,0,0,64.0,5760.0,0,0,0,89,eth:ethertype:ip:tcp,29.0,94.9,52.2,160.0,-51.0,a0:a3:b3:ed:ac:1c,,,,,0.0,Normal,0.0
1744310791787484,10.42.0.139,10.42.0.1,50240,1883,39,1,0,1,0,0,1,0,6,0,0,0,0,0.0,0,,0,1,,0,0,0,1,42,4,MQTT,4,0.0,0,0,0,0,0,64.0,5760.0,0,0,esp32_a0a3b3edac1c,60,eth:ethertype:ip:tcp:mqtt,29.0,94.9,52.2,160.0,-51.0,a0:a3:b3:ed:ac:1c,,,,,0.0,Normal,0.0
1744310791822675,10.42.0.139,10.42.0.1,50240,1883,45,5,0,1,0,0,1,0,3,0,0,0,0,0.0,0,,0,0,,0,0,0,0,0,0,0,0,0.0,0,0,0,0,0,64.0,5756.0,0,0,0,57,eth:ethertype:ip:tcp,29.0,94.9,52.2,160.0,-51.0,a0:a3:b3:ed:ac:1c,,,,,0.0,Normal,0.0
1744310791831385,10.42.0.139,10.42.0.1,50240,1883,48,5,0,1,1,0,1,0,185,0,0,0,0,0.0,0,,0,3,"Wakeup: 0, Mode: 0, Reset: 1, Temperature: 33.1, Uptime: 635066, Memory: 94.9, In_Temperature: 52.2°C, CPU: 160, RSSI: -51, MAC: a0:a3:b3:ed:ac:1c, F_Storage: 99.2",test/temperatura,16,0,0,182,0,0,0,0.0,0,0,0,0,0,64.0,5756.0,0,0,0,239,eth:ethertype:ip:tcp:mqtt,33.1,94.9,52.2,160.0,-51.0,a0:a3:b3:ed:ac:1c,,,,,0.0,Normal,0.0
1744310791836175,10.42.0.139,10.42.0.1,50240,1883,234,6,0,1,0,0,0,0,0,0,0,0,0,0.0,0,,0,0,,0,0,0,0,0,0,0,0,0.0,0,0,0,0,0,64.0,5755.0,0,0,0,54,eth:ethertype:ip:tcp,33.1,94.9,52.2,160.0,-51.0,a0:a3:b3:ed:ac:1c,,,,,0.0,Normal,0.0
1744310821849181,10.42.0.139,10.42.0.1,50241,1883,0,0,1,0,0,0,0,0,0,0,0,0,0,0.0,0,,0,0,,0,0,0,0,0,0,0,0,0.0,0,0,0,0,0,64.0,5760.0,0,0,0,58,eth:ethertype:ip:tcp,33.1,94.9,52.2,160.0,-51.0,a0:a3:b3:ed:ac:1c,,,,,0.0,Normal,0.0
1744310821852909,10.42.0.139,10.42.0.1,50241,1883,1,1,0,1,0,0,0,0,0,0,0,0,0,0.0,0,,0,0,,0,0,0,0,0,0,0,0,0.0,0,0,0,0,0,64.0,5760.0,0,0,0,54,eth:ethertype:ip:tcp,33.1,94.9,52.2,160.0,-51.0,a0:a3:b3:ed:ac:1c,,,,,0.0,Normal,0.0
1744310821855248,10.42.0.139,10.42.0.1,50241,1883,1,1,0,1,0,0,1,0,3,0,0,0,0,0.0,0,,0,0,,0,0,0,0,0,0,0,0,0.0,0,0,0,0,0,64.0,5760.0,0,0,0,57,eth:ethertype:ip:tcp,33.1,94.9,52.2,160.0,-51.0,a0:a3:b3:ed:ac:1c,,,,,0.0,Normal,0.0
1744310821858681,10.42.0.139,10.42.0.1,50241,1883,4,1,0,1,0,0,1,0,29,0,0,0,0,0.0,0,,0,0,,0,0,0,0,0,0,0,0,0.0,0,0,0,0,0,64.0,5760.0,0,0,0,83,eth:ethertype:ip:tcp,33.1,94.9,52.2,160.0,-51.0,a0:a3:b3:ed:ac:1c,,,,,0.0,Normal,0.0
1744310821863620,10.42.0.139,10.42.0.1,50241,1883,33,1,0,1,0,0,1,0,12,0,0,0,0,0.0,0,,0,1,,0,0,0,1,42,4,MQTT,4,0.0,0,0,0,0,0,64.0,5760.0,0,0,esp32_a0a3b3edac1c,66,eth:ethertype:ip:tcp:mqtt,33.1,94.9,52.2,160.0,-51.0,a0:a3:b3:ed:ac:1c,,,,,0.0,Normal,0.0
1744310821899624,10.42.0.139,10.42.0.1,50241,1883,45,5,0,1,0,0,1,0,3,0,0,0,0,0.0,0,,0,0,,0,0,0,0,0,0,0,0,0.0,0,0,0,0,0,64.0,5756.0,0,0,0,57,eth:ethertype:ip:tcp,33.1,94.9,52.2,160.0,-51.0,a0:a3:b3:ed:ac:1c,,,,,0.0,Normal,0.0
1744310821911971,10.42.0.139,10.42.0.1,50241,1883,48,5,0,1,1,0,1,0,185,0,0,0,0,0.0,0,,0,3,"Wakeup: 0, Mode: 0, Reset: 1, Temperature: 39.0, Uptime: 635096, Memory: 94.9, In_Temperature: 52.2°C, CPU: 160, RSSI: -50, MAC: a0:a3:b3:ed:ac:1c, F_Storage: 99.2",test/temperatura,16,0,0,182,0,0,0,0.0,0,0,0,0,0,64.0,5756.0,0,0,0,239,eth:ethertype:ip:tcp:mqtt,39.0,94.9,52.2,160.0,-50.0,a0:a3:b3:ed:ac:1c,,,,,0.0,Normal,0.0
1744310821916425,10.42.0.139,10.42.0.1,50241,1883,234,6,0,1,0,0,0,0,0,0,0,0,0,0.0,0,,0,0,,0,0,0,0,0,0,0,0,0.0,0,0,0,0,0,64.0,5755.0,0,0,0,54,eth:ethertype:ip:tcp,39.0,94.9,52.2,160.0,-50.0,a0:a3:b3:ed:ac:1c,,,,,0.0,Normal,0.0
1744310851919692,10.42.0.139,10.42.0.1,50242,1883,0,0,1,0,0,0,0,0,0,0,0,0,0,0.0,0,,0,0,,0,0,0,0,0,0,0,0,0.0,0,0,0,0,0,64.0,5760.0,0,0,0,58,eth:ethertype:ip:tcp,39.0,94.9,52.2,160.0,-50.0,a0:a3:b3:ed:ac:1c,,,,,0.0,Normal,0.0
1744310851923736,10.42.0.139,10.42.0.1,50242,1883,1,1,0,1,0,0,0,0,0,0,0,0,0,0.0,0,,0,0,,0,0,0,0,0,0,0,0,0.0,0,0,0,0,0,64.0,5760.0,0,0,0,54,eth:ethertype:ip:tcp,39.0,94.9,52.2,160.0,-50.0,a0:a3:b3:ed:ac:1c,,,,,0.0,Normal,0.0
1744310851925751,10.42.0.139,10.42.0.1,50242,1883,1,1,0,1,0,0,1,0,3,0,0,0,0,0.0,0,,0,0,,0,0,0,0,0,0,0,0,0.0,0,0,0,0,0,64.0,5760.0,0,0,0,57,eth:ethertype:ip:tcp,39.0,94.9,52.2,160.0,-50.0,a0:a3:b3:ed:ac:1c,,,,,0.0,Normal,0.0
1744310851929195,10.42.0.139,10.42.0.1,50242,1883,4,1,0,1,0,0,1,0,29,0,0,0,0,0.0,0,,0,0,,0,0,0,0,0,0,0,0,0.0,0,0,0,0,0,64.0,5760.0,0,0,0,83,eth:ethertype:ip:tcp,39.0,94.9,52.2,160.0,-50.0,a0:a3:b3:ed:ac:1c,,,,,0.0,Normal,0.0
1744310851933150,10.42.0.139,10.42.0.1,50242,1883,33,1,0,1,0,0,1,0,12,0,0,0,0,0.0,0,,0,1,,0,0,0,1,42,4,MQTT,4,0.0,0,0,0,0,0,64.0,5760.0,0,0,esp32_a0a3b3edac1c,66,eth:ethertype:ip:tcp:mqtt,39.0,94.9,52.2,160.0,-50.0,a0:a3:b3:ed:ac:1c,,,,,0.0,Normal,0.0
1744310851960439,10.42.0.139,10.42.0.1,50242,1883,45,5,0,1,0,0,0,0,0,0,0,0,0,0.0,0,,0,0,,0,0,0,0,0,0,0,0,0.0,0,0,0,0,0,64.0,5756.0,0,0,0,54,eth:ethertype:ip:tcp,39.0,94.9,52.2,160.0,-50.0,a0:a3:b3:ed:ac:1c,,,,,0.0,Normal,0.0
1744310851969431,10.42.0.139,10.42.0.1,50242,1883,45,5,0,1,0,0,1,0,3,0,0,0,0,0.0,0,,0,0,,0,0,0,0,0,0,0,0,0.0,0,0,0,0,0,64.0,5756.0,0,0,0,57,eth:ethertype:ip:tcp,39.0,94.9,52.2,160.0,-50.0,a0:a3:b3:ed:ac:1c,,,,,0.0,Normal,0.0
1744310851980026,10.42.0.139,10.42.0.1,50242,1883,48,5,0,1,1,0,1,0,185,0,0,0,0,0.0,0,,0,3,"Wakeup: 0, Mode: 0, Reset: 1, Temperature: 32.6, Uptime: 635126, Memory: 94.9, In_Temperature: 52.2°C, CPU: 160, RSSI: -50, MAC: a0:a3:b3:ed:ac:1c, F_Storage: 99.2",test/temperatura,16,0,0,182,0,0,0,0.0,0,0,0,0,0,64.0,5756.0,0,0,0,239,eth:ethertype:ip:tcp:mqtt,32.6,94.9,52.2,160.0,-50.0,a0:a3:b3:ed:ac:1c,,,,,0.0,Normal,0.0
1744310851984188,10.42.0.139,10.42.0.1,50242,1883,234,6,0,1,0,0,0,0,0,0,0,0,0,0.0,0,,0,0,,0,0,0,0,0,0,0,0,0.0,0,0,0,0,0,64.0,5755.0,0,0,0,54,eth:ethertype:ip:tcp,32.6,94.9,52.2,160.0,-50.0,a0:a3:b3:ed:ac:1c,,,,,0.0,Normal,0.0
1744310881988440,10.42.0.139,10.42.0.1,50243,1883,0,0,1,0,0,0,0,0,0,0,0,0,0,0.0,0,,0,0,,0,0,0,0,0,0,0,0,0.0,0,0,0,0,0,64.0,5760.0,0,0,0,58,eth:ethertype:ip:tcp,32.6,94.9,52.2,160.0,-50.0,a0:a3:b3:ed:ac:1c,,,,,0.0,Normal,0.0
1744310881993457,10.42.0.139,10.42.0.1,50243,1883,1,1,0,1,0,0,0,0,0,0,0,0,0,0.0,0,,0,0,,0,0,0,0,0,0,0,0,0.0,0,0,0,0,0,64.0,5760.0,0,0,0,54,eth:ethertype:ip:tcp,32.6,94.9,52.2,160.0,-50.0,a0:a3:b3:ed:ac:1c,,,,,0.0,Normal,0.0
1744310881995462,10.42.0.139,10.42.0.1,50243,1883,1,1,0,1,0,0,1,0,3,0,0,0,0,0.0,0,,0,0,,0,0,0,0,0,0,0,0,0.0,0,0,0,0,0,64.0,5760.0,0,0,0,57,eth:ethertype:ip:tcp,32.6,94.9,52.2,160.0,-50.0,a0:a3:b3:ed:ac:1c,,,,,0.0,Normal,0.0
1744310881998873,10.42.0.139,10.42.0.1,50243,1883,4,1,0,1,0,0,1,0,29,0,0,0,0,0.0,0,,0,0,,0,0,0,0,0,0,0,0,0.0,0,0,0,0,0,64.0,5760.0,0,0,0,83,eth:ethertype:ip:tcp,32.6,94.9,52.2,160.0,-50.0,a0:a3:b3:ed:ac:1c,,,,,0.0,Normal,0.0
1744310882002119,10.42.0.139,10.42.0.1,50243,1883,33,1,0,1,0,0,1,0,12,0,0,0,0,0.0,0,,0,1,,0,0,0,1,42,4,MQTT,4,0.0,0,0,0,0,0,64.0,5760.0,0,0,esp32_a0a3b3edac1c,66,eth:ethertype:ip:tcp:mqtt,32.6,94.9,52.2,160.0,-50.0,a0:a3:b3:ed:ac:1c,,,,,0.0,Normal,0.0
1744310882038963,10.42.0.139,10.42.0.1,50243,1883,45,5,0,1,0,0,1,0,3,0,0,0,0,0.0,0,,0,0,,0,0,0,0,0,0,0,0,0.0,0,0,0,0,0,64.0,5756.0,0,0,0,57,eth:ethertype:ip:tcp,32.6,94.9,52.2,160.0,-50.0,a0:a3:b3:ed:ac:1c,,,,,0.0,Normal,0.0
1744310882049384,10.42.0.139,10.42.0.1,50243,1883,48,5,0,1,1,0,1,0,185,0,0,0,0,0.0,0,,0,3,"Wakeup: 0, Mode: 0, Reset: 1, Temperature: 28.9, Uptime: 635156, Memory: 94.9, In_Temperature: 52.2°C, CPU: 160, RSSI: -50, MAC: a0:a3:b3:ed:ac:1c, F_Storage: 99.2",test/temperatura,16,0,0,182,0,0,0,0.0,0,0,0,0,0,64.0,5756.0,0,0,0,239,eth:ethertype:ip:tcp:mqtt,28.9,94.9,52.2,160.0,-50.0,a0:a3:b3:ed:ac:1c,,,,,0.0,Normal,0.0
1744310882053744,10.42.0.139,10.42.0.1,50243,1883,234,6,0,1,0,0,0,0,0,0,0,0,0,0.0,0,,0,0,,0,0,0,0,0,0,0,0,0.0,0,0,0,0,0,64.0,5755.0,0,0,0,54,eth:ethertype:ip:tcp,28.9,94.9,52.2,160.0,-50.0,a0:a3:b3:ed:ac:1c,,,,,0.0,Normal,0.0
1744310912058762,10.42.0.139,10.42.0.1,50244,1883,0,0,1,0,0,0,0,0,0,0,0,0,0,0.0,0,,0,0,,0,0,0,0,0,0,0,0,0.0,0,0,0,0,0,64.0,5760.0,0,0,0,58,eth:ethertype:ip:tcp,28.9,94.9,52.2,160.0,-50.0,a0:a3:b3:ed:ac:1c,,,,,0.0,Normal,0.0
1744310912063013,10.42.0.139,10.42.0.1,50244,1883,1,1,0,1,0,0,0,0,0,0,0,0,0,0.0,0,,0,0,,0,0,0,0,0,0,0,0,0.0,0,0,0,0,0,64.0,5760.0,0,0,0,54,eth:ethertype:ip:tcp,28.9,94.9,52.2,160.0,-50.0,a0:a3:b3:ed:ac:1c,,,,,0.0,Normal,0.0
1744310912065089,10.42.0.139,10.42.0.1,50244,1883,1,1,0,1,0,0,1,0,3,0,0,0,0,0.0,0,,0,0,,0,0,0,0,0,0,0,0,0.0,0,0,0,0,0,64.0,5760.0,0,0,0,57,eth:ethertype:ip:tcp,28.9,94.9,52.2,160.0,-50.0,a0:a3:b3:ed:ac:1c,,,,,0.0,Normal,0.0
1744310912068542,10.42.0.139,10.42.0.1,50244,1883,4,1,0,1,0,0,1,0,29,0,0,0,0,0.0,0,,0,0,,0,0,0,0,0,0,0,0,0.0,0,0,0,0,0,64.0,5760.0,0,0,0,83,eth:ethertype:ip:tcp,28.9,94.9,52.2,160.0,-50.0,a0:a3:b3:ed:ac:1c,,,,,0.0,Normal,0.0
1744310912071524,10.42.0.139,10.42.0.1,50244,1883,33,1,0,1,0,0,1,0,12,0,0,0,0,0.0,0,,0,1,,0,0,0,1,42,4,MQTT,4,0.0,0,0,0,0,0,64.0,5760.0,0,0,esp32_a0a3b3edac1c,66,eth:ethertype:ip:tcp:mqtt,28.9,94.9,52.2,160.0,-50.0,a0:a3:b3:ed:ac:1c,,,,,0.0,Normal,0.0
1744310912108109,10.42.0.139,10.42.0.1,50244,1883,45,5,0,1,0,0,1,0,3,0,0,0,0,0.0,0,,0,0,,0,0,0,0,0,0,0,0,0.0,0,0,0,0,0,64.0,5756.0,0,0,0,57,eth:ethertype:ip:tcp,28.9,94.9,52.2,160.0,-50.0,a0:a3:b3:ed:ac:1c,,,,,0.0,Normal,0.0
1744310912118740,10.42.0.139,10.42.0.1,50244,1883,48,5,0,1,1,0,1,0,185,0,0,0,0,0.0,0,,0,3,"Wakeup: 0, Mode: 0, Reset: 1, Temperature: 32.2, Uptime: 635186, Memory: 94.9, In_Temperature: 52.2°C, CPU: 160, RSSI: -50, MAC: a0:a3:b3:ed:ac:1c, F_Storage: 99.2",test/temperatura,16,0,0,182,0,0,0,0.0,0,0,0,0,0,64.0,5756.0,0,0,0,239,eth:ethertype:ip:tcp:mqtt,32.2,94.9,52.2,160.0,-50.0,a0:a3:b3:ed:ac:1c,,,,,0.0,Normal,0.0
1744310912122176,10.42.0.139,10.42.0.1,50244,1883,234,6,0,1,0,0,0,0,0,0,0,0,0,0.0,0,,0,0,,0,0,0,0,0,0,0,0,0.0,0,0,0,0,0,64.0,5755.0,0,0,0,54,eth:ethertype:ip:tcp,32.2,94.9,52.2,160.0,-50.0,a0:a3:b3:ed:ac:1c,,,,,0.0,Normal,0.0
1744310942129780,10.42.0.139,10.42.0.1,50245,1883,0,0,1,0,0,0,0,0,0,0,0,0,0,0.0,0,,0,0,,0,0,0,0,0,0,0,0,0.0,0,0,0,0,0,64.0,5760.0,0,0,0,58,eth:ethertype:ip:tcp,32.2,94.9,52.2,160.0,-50.0,a0:a3:b3:ed:ac:1c,,,,,0.0,Normal,0.0
1744310942133751,10.42.0.139,10.42.0.1,50245,1883,1,1,0,1,0,0,0,0,0,0,0,0,0,0.0,0,,0,0,,0,0,0,0,0,0,0,0,0.0,0,0,0,0,0,64.0,5760.0,0,0,0,54,eth:ethertype:ip:tcp,32.2,94.9,52.2,160.0,-50.0,a0:a3:b3:ed:ac:1c,,,,,0.0,Normal,0.0
1744310942135834,10.42.0.139,10.42.0.1,50245,1883,1,1,0,1,0,0,1,0,3,0,0,0,0,0.0,0,,0,0,,0,0,0,0,0,0,0,0,0.0,0,0,0,0,0,64.0,5760.0,0,0,0,57,eth:ethertype:ip:tcp,32.2,94.9,52.2,160.0,-50.0,a0:a3:b3:ed:ac:1c,,,,,0.0,Normal,0.0
1744310942138897,10.42.0.139,10.42.0.1,50245,1883,4,1,0,1,0,0,1,0,29,0,0,0,0,0.0,0,,0,0,,0,0,0,0,0,0,0,0,0.0,0,0,0,0,0,64.0,5760.0,0,0,0,83,eth:ethertype:ip:tcp,32.2,94.9,52.2,160.0,-50.0,a0:a3:b3:ed:ac:1c,,,,,0.0,Normal,0.0
1744310942142238,10.42.0.139,10.42.0.1,50245,1883,33,1,0,1,0,0,1,0,12,0,0,0,0,0.0,0,,0,1,,0,0,0,1,42,4,MQTT,4,0.0,0,0,0,0,0,64.0,5760.0,0,0,esp32_a0a3b3edac1c,66,eth:ethertype:ip:tcp:mqtt,32.2,94.9,52.2,160.0,-50.0,a0:a3:b3:ed:ac:1c,,,,,0.0,Normal,0.0
1744310942177904,10.42.0.139,10.42.0.1,50245,1883,45,5,0,1,0,0,1,0,3,0,0,0,0,0.0,0,,0,0,,0,0,0,0,0,0,0,0,0.0,0,0,0,0,0,64.0,5756.0,0,0,0,57,eth:ethertype:ip:tcp,32.2,94.9,52.2,160.0,-50.0,a0:a3:b3:ed:ac:1c,,,,,0.0,Normal,0.0
1744310942188084,10.42.0.139,10.42.0.1,50245,1883,48,5,0,1,1,0,1,0,185,0,0,0,0,0.0,0,,0,3,"Wakeup: 0, Mode: 0, Reset: 1, Temperature: 33.4, Uptime: 635216, Memory: 94.9, In_Temperature: 52.2°C, CPU: 160, RSSI: -51, MAC: a0:a3:b3:ed:ac:1c, F_Storage: 99.2",test/temperatura,16,0,0,182,0,0,0,0.0,0,0,0,0,0,64.0,5756.0,0,0,0,239,eth:ethertype:ip:tcp:mqtt,33.4,94.9,52.2,160.0,-51.0,a0:a3:b3:ed:ac:1c,,,,,0.0,Normal,0.0
1744310942191468,10.42.0.139,10.42.0.1,50245,1883,234,6,0,1,0,0,0,0,0,0,0,0,0,0.0,0,,0,0,,0,0,0,0,0,0,0,0,0.0,0,0,0,0,0,64.0,5755.0,0,0,0,54,eth:ethertype:ip:tcp,33.4,94.9,52.2,160.0,-51.0,a0:a3:b3:ed:ac:1c,,,,,0.0,Normal,0.0
1744310972197609,10.42.0.139,10.42.0.1,50246,1883,0,0,1,0,0,0,0,0,0,0,0,0,0,0.0,0,,0,0,,0,0,0,0,0,0,0,0,0.0,0,0,0,0,0,64.0,5760.0,0,0,0,58,eth:ethertype:ip:tcp,33.4,94.9,52.2,160.0,-51.0,a0:a3:b3:ed:ac:1c,,,,,0.0,Normal,0.0
1744310972202188,10.42.0.139,10.42.0.1,50246,1883,1,1,0,1,0,0,0,0,0,0,0,0,0,0.0,0,,0,0,,0,0,0,0,0,0,0,0,0.0,0,0,0,0,0,64.0,5760.0,0,0,0,54,eth:ethertype:ip:tcp,33.4,94.9,52.2,160.0,-51.0,a0:a3:b3:ed:ac:1c,,,,,0.0,Normal,0.0
1744310972206200,10.42.0.139,10.42.0.1,50246,1883,1,1,0,1,0,0,1,0,3,0,0,0,0,0.0,0,,0,0,,0,0,0,0,0,0,0,0,0.0,0,0,0,0,0,64.0,5760.0,0,0,0,57,eth:ethertype:ip:tcp,33.4,94.9,52.2,160.0,-51.0,a0:a3:b3:ed:ac:1c,,,,,0.0,Normal,0.0
1744310972210116,10.42.0.139,10.42.0.1,50246,1883,4,1,0,1,0,0,1,0,41,0,0,0,0,0.0,0,,0,1,,0,0,0,1,42,4,MQTT,4,0.0,0,0,0,0,0,64.0,5760.0,0,0,esp32_a0a3b3edac1c,95,eth:ethertype:ip:tcp:mqtt,33.4,94.9,52.2,160.0,-51.0,a0:a3:b3:ed:ac:1c,,,,,0.0,Normal,0.0
1744310972245434,10.42.0.139,10.42.0.1,50246,1883,45,5,0,1,0,0,1,0,3,0,0,0,0,0.0,0,,0,0,,0,0,0,0,0,0,0,0,0.0,0,0,0,0,0,64.0,5756.0,0,0,0,57,eth:ethertype:ip:tcp,33.4,94.9,52.2,160.0,-51.0,a0:a3:b3:ed:ac:1c,,,,,0.0,Normal,0.0
1744310972257397,10.42.0.139,10.42.0.1,50246,1883,48,5,0,1,1,0,1,0,185,0,0,0,0,0.0,0,,0,3,"Wakeup: 0, Mode: 0, Reset: 1, Temperature: 40.6, Uptime: 635246, Memory: 94.9, In_Temperature: 52.2°C, CPU: 160, RSSI: -50, MAC: a0:a3:b3:ed:ac:1c, F_Storage: 99.2",test/temperatura,16,0,0,182,0,0,0,0.0,0,0,0,0,0,64.0,5756.0,0,0,0,239,eth:ethertype:ip:tcp:mqtt,40.6,94.9,52.2,160.0,-50.0,a0:a3:b3:ed:ac:1c,,,,,0.0,Normal,0.0
1744310972260876,10.42.0.139,10.42.0.1,50246,1883,234,6,0,1,0,0,0,0,0,0,0,0,0,0.0,0,,0,0,,0,0,0,0,0,0,0,0,0.0,0,0,0,0,0,64.0,5755.0,0,0,0,54,eth:ethertype:ip:tcp,40.6,94.9,52.2,160.0,-50.0,a0:a3:b3:ed:ac:1c,,,,,0.0,Normal,0.0
1744311002266385,10.42.0.139,10.42.0.1,50247,1883,0,0,1,0,0,0,0,0,0,0,0,0,0,0.0,0,,0,0,,0,0,0,0,0,0,0,0,0.0,0,0,0,0,0,64.0,5760.0,0,0,0,58,eth:ethertype:ip:tcp,40.6,94.9,52.2,160.0,-50.0,a0:a3:b3:ed:ac:1c,,,,,0.0,Normal,0.0
1744311002270297,10.42.0.139,10.42.0.1,50247,1883,1,1,0,1,0,0,0,0,0,0,0,0,0,0.0,0,,0,0,,0,0,0,0,0,0,0,0,0.0,0,0,0,0,0,64.0,5760.0,0,0,0,54,eth:ethertype:ip:tcp,40.6,94.9,52.2,160.0,-50.0,a0:a3:b3:ed:ac:1c,,,,,0.0,Normal,0.0
1744311002272457,10.42.0.139,10.42.0.1,50247,1883,1,1,0,1,0,0,1,0,3,0,0,0,0,0.0,0,,0,0,,0,0,0,0,0,0,0,0,0.0,0,0,0,0,0,64.0,5760.0,0,0,0,57,eth:ethertype:ip:tcp,40.6,94.9,52.2,160.0,-50.0,a0:a3:b3:ed:ac:1c,,,,,0.0,Normal,0.0
1744311002275879,10.42.0.139,10.42.0.1,50247,1883,4,1,0,1,0,0,1,0,29,0,0,0,0,0.0,0,,0,0,,0,0,0,0,0,0,0,0,0.0,0,0,0,0,0,64.0,5760.0,0,0,0,83,eth:ethertype:ip:tcp,40.6,94.9,52.2,160.0,-50.0,a0:a3:b3:ed:ac:1c,,,,,0.0,Normal,0.0
1744311002279640,10.42.0.139,10.42.0.1,50247,1883,33,1,0,1,0,0,1,0,2,0,0,0,0,0.0,0,,0,0,,0,0,0,0,0,0,0,0,0.0,0,0,0,0,0,64.0,5760.0,0,0,0,56,eth:ethertype:ip:tcp,40.6,94.9,52.2,160.0,-50.0,a0:a3:b3:ed:ac:1c,,,,,0.0,Normal,0.0
1744311002283892,10.42.0.139,10.42.0.1,50247,1883,35,1,0,1,0,0,1,0,4,0,0,0,0,0.0,0,,0,0,,0,0,0,0,0,0,0,0,0.0,0,0,0,0,0,64.0,5760.0,0,0,0,58,eth:ethertype:ip:tcp,40.6,94.9,52.2,160.0,-50.0,a0:a3:b3:ed:ac:1c,,,,,0.0,Normal,0.0
1744311002287591,10.42.0.139,10.42.0.1,50247,1883,39,1,0,1,0,0,1,0,2,0,0,0,0,0.0,0,,0,0,,0,0,0,0,0,0,0,0,0.0,0,0,0,0,0,64.0,5760.0,0,0,0,56,eth:ethertype:ip:tcp,40.6,94.9,52.2,160.0,-50.0,a0:a3:b3:ed:ac:1c,,,,,0.0,Normal,0.0
1744311002290194,10.42.0.139,10.42.0.1,50247,1883,41,1,0,1,0,0,1,0,4,0,0,0,0,0.0,0,,0,1,,0,0,0,1,42,4,MQTT,4,0.0,0,0,0,0,0,64.0,5760.0,0,0,esp32_a0a3b3edac1c,58,eth:ethertype:ip:tcp:mqtt,40.6,94.9,52.2,160.0,-50.0,a0:a3:b3:ed:ac:1c,,,,,0.0,Normal,0.0
1744311002325968,10.42.0.139,10.42.0.1,50247,1883,45,5,0,1,0,0,1,0,3,0,0,0,0,0.0,0,,0,0,,0,0,0,0,0,0,0,0,0.0,0,0,0,0,0,64.0,5756.0,0,0,0,57,eth:ethertype:ip:tcp,40.6,94.9,52.2,160.0,-50.0,a0:a3:b3:ed:ac:1c,,,,,0.0,Normal,0.0
1744311002336741,10.42.0.139,10.42.0.1,50247,1883,48,5,0,1,1,0,1,0,185,0,0,0,0,0.0,0,,0,3,"Wakeup: 0, Mode: 0, Reset: 1, Temperature: 40.9, Uptime: 635276, Memory: 94.9, In_Temperature: 52.2°C, CPU: 160, RSSI: -51, MAC: a0:a3:b3:ed:ac:1c, F_Storage: 99.2",test/temperatura,16,0,0,182,0,0,0,0.0,0,0,0,0,0,64.0,5756.0,0,0,0,239,eth:ethertype:ip:tcp:mqtt,40.9,94.9,52.2,160.0,-51.0,a0:a3:b3:ed:ac:1c,,,,,0.0,Normal,0.0
1744311002341021,10.42.0.139,10.42.0.1,50247,1883,234,6,0,1,0,0,0,0,0,0,0,0,0,0.0,0,,0,0,,0,0,0,0,0,0,0,0,0.0,0,0,0,0,0,64.0,5755.0,0,0,0,54,eth:ethertype:ip:tcp,40.9,94.9,52.2,160.0,-51.0,a0:a3:b3:ed:ac:1c,,,,,0.0,Normal,0.0
1744311032345731,10.42.0.139,10.42.0.1,50248,1883,0,0,1,0,0,0,0,0,0,0,0,0,0,0.0,0,,0,0,,0,0,0,0,0,0,0,0,0.0,0,0,0,0,0,64.0,5760.0,0,0,0,58,eth:ethertype:ip:tcp,40.9,94.9,52.2,160.0,-51.0,a0:a3:b3:ed:ac:1c,,,,,0.0,Normal,0.0
1744311032349692,10.42.0.139,10.42.0.1,50248,1883,1,1,0,1,0,0,0,0,0,0,0,0,0,0.0,0,,0,0,,0,0,0,0,0,0,0,0,0.0,0,0,0,0,0,64.0,5760.0,0,0,0,54,eth:ethertype:ip:tcp,40.9,94.9,52.2,160.0,-51.0,a0:a3:b3:ed:ac:1c,,,,,0.0,Normal,0.0
1744311032351862,10.42.0.139,10.42.0.1,50248,1883,1,1,0,1,0,0,1,0,3,0,0,0,0,0.0,0,,0,0,,0,0,0,0,0,0,0,0,0.0,0,0,0,0,0,64.0,5760.0,0,0,0,57,eth:ethertype:ip:tcp,40.9,94.9,52.2,160.0,-51.0,a0:a3:b3:ed:ac:1c,,,,,0.0,Normal,0.0
1744311032355311,10.42.0.139,10.42.0.1,50248,1883,4,1,0,1,0,0,1,0,29,0,0,0,0,0.0,0,,0,0,,0,0,0,0,0,0,0,0,0.0,0,0,0,0,0,64.0,5760.0,0,0,0,83,eth:ethertype:ip:tcp,40.9,94.9,52.2,160.0,-51.0,a0:a3:b3:ed:ac:1c,,,,,0.0,Normal,0.0
1744311032358345,10.42.0.139,10.42.0.1,50248,1883,33,1,0,1,0,0,1,0,12,0,0,0,0,0.0,0,,0,1,,0,0,0,1,42,4,MQTT,4,0.0,0,0,0,0,0,64.0,5760.0,0,0,esp32_a0a3b3edac1c,66,eth:ethertype:ip:tcp:mqtt,40.9,94.9,52.2,160.0,-51.0,a0:a3:b3:ed:ac:1c,,,,,0.0,Normal,0.0
1744311032393725,10.42.0.139,10.42.0.1,50248,1883,45,5,0,1,0,0,1,0,3,0,0,0,0,0.0,0,,0,0,,0,0,0,0,0,0,0,0,0.0,0,0,0,0,0,64.0,5756.0,0,0,0,57,eth:ethertype:ip:tcp,40.9,94.9,52.2,160.0,-51.0,a0:a3:b3:ed:ac:1c,,,,,0.0,Normal,0.0
1744311032406045,10.42.0.139,10.42.0.1,50248,1883,48,5,0,1,1,0,1,0,185,0,0,0,0,0.0,0,,0,3,"Wakeup: 0, Mode: 0, Reset: 1, Temperature: 39.0, Uptime: 635306, Memory: 94.9, In_Temperature: 52.2°C, CPU: 160, RSSI: -51, MAC: a0:a3:b3:ed:ac:1c, F_Storage: 99.2",test/temperatura,16,0,0,182,0,0,0,0.0,0,0,0,0,0,64.0,5756.0,0,0,0,239,eth:ethertype:ip:tcp:mqtt,39.0,94.9,52.2,160.0,-51.0,a0:a3:b3:ed:ac:1c,,,,,0.0,Normal,0.0
1744311032409257,10.42.0.139,10.42.0.1,50248,1883,234,6,0,1,0,0,0,0,0,0,0,0,0,0.0,0,,0,0,,0,0,0,0,0,0,0,0,0.0,0,0,0,0,0,64.0,5755.0,0,0,0,54,eth:ethertype:ip:tcp,39.0,94.9,52.2,160.0,-51.0,a0:a3:b3:ed:ac:1c,,,,,0.0,Normal,0.0
1744311062414081,10.42.0.139,10.42.0.1,50249,1883,0,0,1,0,0,0,0,0,0,0,0,0,0,0.0,0,,0,0,,0,0,0,0,0,0,0,0,0.0,0,0,0,0,0,64.0,5760.0,0,0,0,58,eth:ethertype:ip:tcp,39.0,94.9,52.2,160.0,-51.0,a0:a3:b3:ed:ac:1c,,,,,0.0,Normal,0.0
1744311062421556,10.42.0.139,10.42.0.1,50249,1883,1,1,0,1,0,0,0,0,0,0,0,0,0,0.0,0,,0,0,,0,0,0,0,0,0,0,0,0.0,0,0,0,0,0,64.0,5760.0,0,0,0,54,eth:ethertype:ip:tcp,39.0,94.9,52.2,160.0,-51.0,a0:a3:b3:ed:ac:1c,,,,,0.0,Normal,0.0
1744311062423652,10.42.0.139,10.42.0.1,50249,1883,1,1,0,1,0,0,1,0,3,0,0,0,0,0.0,0,,0,0,,0,0,0,0,0,0,0,0,0.0,0,0,0,0,0,64.0,5760.0,0,0,0,57,eth:ethertype:ip:tcp,39.0,94.9,52.2,160.0,-51.0,a0:a3:b3:ed:ac:1c,,,,,0.0,Normal,0.0
1744311062427236,10.42.0.139,10.42.0.1,50249,1883,4,1,0,1,0,0,1,0,29,0,0,0,0,0.0,0,,0,0,,0,0,0,0,0,0,0,0,0.0,0,0,0,0,0,64.0,5760.0,0,0,0,83,eth:ethertype:ip:tcp,39.0,94.9,52.2,160.0,-51.0,a0:a3:b3:ed:ac:1c,,,,,0.0,Normal,0.0
1744311062430456,10.42.0.139,10.42.0.1,50249,1883,33,1,0,1,0,0,1,0,12,0,0,0,0,0.0,0,,0,1,,0,0,0,1,42,4,MQTT,4,0.0,0,0,0,0,0,64.0,5760.0,0,0,esp32_a0a3b3edac1c,66,eth:ethertype:ip:tcp:mqtt,39.0,94.9,52.2,160.0,-51.0,a0:a3:b3:ed:ac:1c,,,,,0.0,Normal,0.0
1744311062455504,10.42.0.139,10.42.0.1,50249,1883,45,5,0,1,0,0,0,0,0,0,0,0,0,0.0,0,,0,0,,0,0,0,0,0,0,0,0,0.0,0,0,0,0,0,64.0,5756.0,0,0,0,54,eth:ethertype:ip:tcp,39.0,94.9,52.2,160.0,-51.0,a0:a3:b3:ed:ac:1c,,,,,0.0,Normal,0.0
1744311062469374,10.42.0.139,10.42.0.1,50249,1883,45,5,0,1,0,0,1,0,3,0,0,0,0,0.0,0,,0,0,,0,0,0,0,0,0,0,0,0.0,0,0,0,0,0,64.0,5756.0,0,0,0,57,eth:ethertype:ip:tcp,39.0,94.9,52.2,160.0,-51.0,a0:a3:b3:ed:ac:1c,,,,,0.0,Normal,0.0
1744311062485455,10.42.0.139,10.42.0.1,50249,1883,48,5,0,1,1,0,1,0,185,0,0,0,0,0.0,0,,0,3,"Wakeup: 0, Mode: 0, Reset: 1, Temperature: 33.5, Uptime: 635336, Memory: 94.9, In_Temperature: 52.2°C, CPU: 160, RSSI: -50, MAC: a0:a3:b3:ed:ac:1c, F_Storage: 99.2",test/temperatura,16,0,0,182,0,0,0,0.0,0,0,0,0,0,64.0,5756.0,0,0,0,239,eth:ethertype:ip:tcp:mqtt,33.5,94.9,52.2,160.0,-50.0,a0:a3:b3:ed:ac:1c,,,,,0.0,Normal,0.0
1744311062488864,10.42.0.139,10.42.0.1,50249,1883,234,6,0,1,0,0,0,0,0,0,0,0,0,0.0,0,,0,0,,0,0,0,0,0,0,0,0,0.0,0,0,0,0,0,64.0,5755.0,0,0,0,54,eth:ethertype:ip:tcp,33.5,94.9,52.2,160.0,-50.0,a0:a3:b3:ed:ac:1c,,,,,0.0,Normal,0.0
1744311092493749,10.42.0.139,10.42.0.1,50250,1883,0,0,1,0,0,0,0,0,0,0,0,0,0,0.0,0,,0,0,,0,0,0,0,0,0,0,0,0.0,0,0,0,0,0,64.0,5760.0,0,0,0,58,eth:ethertype:ip:tcp,33.5,94.9,52.2,160.0,-50.0,a0:a3:b3:ed:ac:1c,,,,,0.0,Normal,0.0
1744311092497676,10.42.0.139,10.42.0.1,50250,1883,1,1,0,1,0,0,0,0,0,0,0,0,0,0.0,0,,0,0,,0,0,0,0,0,0,0,0,0.0,0,0,0,0,0,64.0,5760.0,0,0,0,54,eth:ethertype:ip:tcp,33.5,94.9,52.2,160.0,-50.0,a0:a3:b3:ed:ac:1c,,,,,0.0,Normal,0.0
1744311092499990,10.42.0.139,10.42.0.1,50250,1883,1,1,0,1,0,0,1,0,3,0,0,0,0,0.0,0,,0,0,,0,0,0,0,0,0,0,0,0.0,0,0,0,0,0,64.0,5760.0,0,0,0,57,eth:ethertype:ip:tcp,33.5,94.9,52.2,160.0,-50.0,a0:a3:b3:ed:ac:1c,,,,,0.0,Normal,0.0
1744311092503459,10.42.0.139,10.42.0.1,50250,1883,4,1,0,1,0,0,1,0,29,0,0,0,0,0.0,0,,0,0,,0,0,0,0,0,0,0,0,0.0,0,0,0,0,0,64.0,5760.0,0,0,0,83,eth:ethertype:ip:tcp,33.5,94.9,52.2,160.0,-50.0,a0:a3:b3:ed:ac:1c,,,,,0.0,Normal,0.0
1744311092507616,10.42.0.139,10.42.0.1,50250,1883,33,1,0,1,0,0,1,0,12,0,0,0,0,0.0,0,,0,1,,0,0,0,1,42,4,MQTT,4,0.0,0,0,0,0,0,64.0,5760.0,0,0,esp32_a0a3b3edac1c,66,eth:ethertype:ip:tcp:mqtt,33.5,94.9,52.2,160.0,-50.0,a0:a3:b3:ed:ac:1c,,,,,0.0,Normal,0.0
1744311092543385,10.42.0.139,10.42.0.1,50250,1883,45,5,0,1,0,0,1,0,3,0,0,0,0,0.0,0,,0,0,,0,0,0,0,0,0,0,0,0.0,0,0,0,0,0,64.0,5756.0,0,0,0,57,eth:ethertype:ip:tcp,33.5,94.9,52.2,160.0,-50.0,a0:a3:b3:ed:ac:1c,,,,,0.0,Normal,0.0
1744311092555778,10.42.0.139,10.42.0.1,50250,1883,48,5,0,1,1,0,1,0,185,0,0,0,0,0.0,0,,0,3,"Wakeup: 0, Mode: 0, Reset: 1, Temperature: 29.8, Uptime: 635367, Memory: 94.9, In_Temperature: 52.2°C, CPU: 160, RSSI: -50, MAC: a0:a3:b3:ed:ac:1c, F_Storage: 99.2",test/temperatura,16,0,0,182,0,0,0,0.0,0,0,0,0,0,64.0,5756.0,0,0,0,239,eth:ethertype:ip:tcp:mqtt,29.8,94.9,52.2,160.0,-50.0,a0:a3:b3:ed:ac:1c,,,,,0.0,Normal,0.0
1744311092559600,10.42.0.139,10.42.0.1,50250,1883,234,6,0,1,0,0,0,0,0,0,0,0,0,0.0,0,,0,0,,0,0,0,0,0,0,0,0,0.0,0,0,0,0,0,64.0,5755.0,0,0,0,54,eth:ethertype:ip:tcp,29.8,94.9,52.2,160.0,-50.0,a0:a3:b3:ed:ac:1c,,,,,0.0,Normal,0.0
1744311111705788,10.42.0.139,10.42.0.1,0,0,0,0,0,0,0,0,0,0,0,0,0,0,0,0.0,0,,0,0,,0,0,0,0,0,0,0,0,0.0,0,0,0,0,0,64.0,0.0,0,0,0,350,eth:ethertype:ip:udp:dhcp,29.8,94.9,52.2,160.0,-50.0,a0:a3:b3:ed:ac:1c,,,,,0.0,Normal,0.0
1744311122563981,10.42.0.139,10.42.0.1,50251,1883,0,0,1,0,0,0,0,0,0,0,0,0,0,0.0,0,,0,0,,0,0,0,0,0,0,0,0,0.0,0,0,0,0,0,64.0,5760.0,0,0,0,58,eth:ethertype:ip:tcp,29.8,94.9,52.2,160.0,-50.0,a0:a3:b3:ed:ac:1c,,,,,0.0,Normal,0.0
1744311122568084,10.42.0.139,10.42.0.1,50251,1883,1,1,0,1,0,0,0,0,0,0,0,0,0,0.0,0,,0,0,,0,0,0,0,0,0,0,0,0.0,0,0,0,0,0,64.0,5760.0,0,0,0,54,eth:ethertype:ip:tcp,29.8,94.9,52.2,160.0,-50.0,a0:a3:b3:ed:ac:1c,,,,,0.0,Normal,0.0
1744311122570284,10.42.0.139,10.42.0.1,50251,1883,1,1,0,1,0,0,1,0,3,0,0,0,0,0.0,0,,0,0,,0,0,0,0,0,0,0,0,0.0,0,0,0,0,0,64.0,5760.0,0,0,0,57,eth:ethertype:ip:tcp,29.8,94.9,52.2,160.0,-50.0,a0:a3:b3:ed:ac:1c,,,,,0.0,Normal,0.0
1744311122573767,10.42.0.139,10.42.0.1,50251,1883,4,1,0,1,0,0,1,0,29,0,0,0,0,0.0,0,,0,0,,0,0,0,0,0,0,0,0,0.0,0,0,0,0,0,64.0,5760.0,0,0,0,83,eth:ethertype:ip:tcp,29.8,94.9,52.2,160.0,-50.0,a0:a3:b3:ed:ac:1c,,,,,0.0,Normal,0.0
1744311122578760,10.42.0.139,10.42.0.1,50251,1883,33,1,0,1,0,0,1,0,12,0,0,0,0,0.0,0,,0,1,,0,0,0,1,42,4,MQTT,4,0.0,0,0,0,0,0,64.0,5760.0,0,0,esp32_a0a3b3edac1c,66,eth:ethertype:ip:tcp:mqtt,29.8,94.9,52.2,160.0,-50.0,a0:a3:b3:ed:ac:1c,,,,,0.0,Normal,0.0
1744311122614242,10.42.0.139,10.42.0.1,50251,1883,45,5,0,1,0,0,1,0,3,0,0,0,0,0.0,0,,0,0,,0,0,0,0,0,0,0,0,0.0,0,0,0,0,0,64.0,5756.0,0,0,0,57,eth:ethertype:ip:tcp,29.8,94.9,52.2,160.0,-50.0,a0:a3:b3:ed:ac:1c,,,,,0.0,Normal,0.0
1744311122624475,10.42.0.139,10.42.0.1,50251,1883,48,5,0,1,1,0,1,0,185,0,0,0,0,0.0,0,,0,3,"Wakeup: 0, Mode: 0, Reset: 1, Temperature: 36.5, Uptime: 635397, Memory: 94.9, In_Temperature: 52.2°C, CPU: 160, RSSI: -50, MAC: a0:a3:b3:ed:ac:1c, F_Storage: 99.2",test/temperatura,16,0,0,182,0,0,0,0.0,0,0,0,0,0,64.0,5756.0,0,0,0,239,eth:ethertype:ip:tcp:mqtt,36.5,94.9,52.2,160.0,-50.0,a0:a3:b3:ed:ac:1c,,,,,0.0,Normal,0.0
1744311122632377,10.42.0.139,10.42.0.1,50251,1883,234,6,0,1,0,0,0,0,0,0,0,0,0,0.0,0,,0,0,,0,0,0,0,0,0,0,0,0.0,0,0,0,0,0,64.0,5755.0,0,0,0,54,eth:ethertype:ip:tcp,36.5,94.9,52.2,160.0,-50.0,a0:a3:b3:ed:ac:1c,,,,,0.0,Normal,0.0
1744311152633263,10.42.0.139,10.42.0.1,50252,1883,0,0,1,0,0,0,0,0,0,0,0,0,0,0.0,0,,0,0,,0,0,0,0,0,0,0,0,0.0,0,0,0,0,0,64.0,5760.0,0,0,0,58,eth:ethertype:ip:tcp,36.5,94.9,52.2,160.0,-50.0,a0:a3:b3:ed:ac:1c,,,,,0.0,Normal,0.0
1744311152637220,10.42.0.139,10.42.0.1,50252,1883,1,1,0,1,0,0,0,0,0,0,0,0,0,0.0,0,,0,0,,0,0,0,0,0,0,0,0,0.0,0,0,0,0,0,64.0,5760.0,0,0,0,54,eth:ethertype:ip:tcp,36.5,94.9,52.2,160.0,-50.0,a0:a3:b3:ed:ac:1c,,,,,0.0,Normal,0.0
1744311152639444,10.42.0.139,10.42.0.1,50252,1883,1,1,0,1,0,0,1,0,3,0,0,0,0,0.0,0,,0,0,,0,0,0,0,0,0,0,0,0.0,0,0,0,0,0,64.0,5760.0,0,0,0,57,eth:ethertype:ip:tcp,36.5,94.9,52.2,160.0,-50.0,a0:a3:b3:ed:ac:1c,,,,,0.0,Normal,0.0
1744311152642788,10.42.0.139,10.42.0.1,50252,1883,4,1,0,1,0,0,1,0,29,0,0,0,0,0.0,0,,0,0,,0,0,0,0,0,0,0,0,0.0,0,0,0,0,0,64.0,5760.0,0,0,0,83,eth:ethertype:ip:tcp,36.5,94.9,52.2,160.0,-50.0,a0:a3:b3:ed:ac:1c,,,,,0.0,Normal,0.0
1744311152645854,10.42.0.139,10.42.0.1,50252,1883,33,1,0,1,0,0,1,0,12,0,0,0,0,0.0,0,,0,1,,0,0,0,1,42,4,MQTT,4,0.0,0,0,0,0,0,64.0,5760.0,0,0,esp32_a0a3b3edac1c,66,eth:ethertype:ip:tcp:mqtt,36.5,94.9,52.2,160.0,-50.0,a0:a3:b3:ed:ac:1c,,,,,0.0,Normal,0.0
1744311152681277,10.42.0.139,10.42.0.1,50252,1883,45,5,0,1,0,0,1,0,3,0,0,0,0,0.0,0,,0,0,,0,0,0,0,0,0,0,0,0.0,0,0,0,0,0,64.0,5756.0,0,0,0,57,eth:ethertype:ip:tcp,36.5,94.9,52.2,160.0,-50.0,a0:a3:b3:ed:ac:1c,,,,,0.0,Normal,0.0
1744311152694103,10.42.0.139,10.42.0.1,50252,1883,48,5,0,1,1,0,1,0,185,0,0,0,0,0.0,0,,0,3,"Wakeup: 0, Mode: 0, Reset: 1, Temperature: 27.8, Uptime: 635427, Memory: 94.9, In_Temperature: 52.2°C, CPU: 160, RSSI: -51, MAC: a0:a3:b3:ed:ac:1c, F_Storage: 99.2",test/temperatura,16,0,0,182,0,0,0,0.0,0,0,0,0,0,64.0,5756.0,0,0,0,239,eth:ethertype:ip:tcp:mqtt,27.8,94.9,52.2,160.0,-51.0,a0:a3:b3:ed:ac:1c,,,,,0.0,Normal,0.0
1744311152697554,10.42.0.139,10.42.0.1,50252,1883,234,6,0,1,0,0,0,0,0,0,0,0,0,0.0,0,,0,0,,0,0,0,0,0,0,0,0,0.0,0,0,0,0,0,64.0,5755.0,0,0,0,54,eth:ethertype:ip:tcp,27.8,94.9,52.2,160.0,-51.0,a0:a3:b3:ed:ac:1c,,,,,0.0,Normal,0.0
1744311182702598,10.42.0.139,10.42.0.1,50253,1883,0,0,1,0,0,0,0,0,0,0,0,0,0,0.0,0,,0,0,,0,0,0,0,0,0,0,0,0.0,0,0,0,0,0,64.0,5760.0,0,0,0,58,eth:ethertype:ip:tcp,27.8,94.9,52.2,160.0,-51.0,a0:a3:b3:ed:ac:1c,,,,,0.0,Normal,0.0
1744311182706808,10.42.0.139,10.42.0.1,50253,1883,1,1,0,1,0,0,0,0,0,0,0,0,0,0.0,0,,0,0,,0,0,0,0,0,0,0,0,0.0,0,0,0,0,0,64.0,5760.0,0,0,0,54,eth:ethertype:ip:tcp,27.8,94.9,52.2,160.0,-51.0,a0:a3:b3:ed:ac:1c,,,,,0.0,Normal,0.0
1744311182708989,10.42.0.139,10.42.0.1,50253,1883,1,1,0,1,0,0,1,0,3,0,0,0,0,0.0,0,,0,0,,0,0,0,0,0,0,0,0,0.0,0,0,0,0,0,64.0,5760.0,0,0,0,57,eth:ethertype:ip:tcp,27.8,94.9,52.2,160.0,-51.0,a0:a3:b3:ed:ac:1c,,,,,0.0,Normal,0.0
1744311182712444,10.42.0.139,10.42.0.1,50253,1883,4,1,0,1,0,0,1,0,29,0,0,0,0,0.0,0,,0,0,,0,0,0,0,0,0,0,0,0.0,0,0,0,0,0,64.0,5760.0,0,0,0,83,eth:ethertype:ip:tcp,27.8,94.9,52.2,160.0,-51.0,a0:a3:b3:ed:ac:1c,,,,,0.0,Normal,0.0
1744311182715408,10.42.0.139,10.42.0.1,50253,1883,33,1,0,1,0,0,1,0,12,0,0,0,0,0.0,0,,0,1,,0,0,0,1,42,4,MQTT,4,0.0,0,0,0,0,0,64.0,5760.0,0,0,esp32_a0a3b3edac1c,66,eth:ethertype:ip:tcp:mqtt,27.8,94.9,52.2,160.0,-51.0,a0:a3:b3:ed:ac:1c,,,,,0.0,Normal,0.0
1744311182751962,10.42.0.139,10.42.0.1,50253,1883,45,5,0,1,0,0,1,0,3,0,0,0,0,0.0,0,,0,0,,0,0,0,0,0,0,0,0,0.0,0,0,0,0,0,64.0,5756.0,0,0,0,57,eth:ethertype:ip:tcp,27.8,94.9,52.2,160.0,-51.0,a0:a3:b3:ed:ac:1c,,,,,0.0,Normal,0.0
1744311182762933,10.42.0.139,10.42.0.1,50253,1883,48,5,0,1,1,0,1,0,185,0,0,0,0,0.0,0,,0,3,"Wakeup: 0, Mode: 0, Reset: 1, Temperature: 39.5, Uptime: 635457, Memory: 94.9, In_Temperature: 52.2°C, CPU: 160, RSSI: -49, MAC: a0:a3:b3:ed:ac:1c, F_Storage: 99.2",test/temperatura,16,0,0,182,0,0,0,0.0,0,0,0,0,0,64.0,5756.0,0,0,0,239,eth:ethertype:ip:tcp:mqtt,39.5,94.9,52.2,160.0,-49.0,a0:a3:b3:ed:ac:1c,,,,,0.0,Normal,0.0
1744311182766497,10.42.0.139,10.42.0.1,50253,1883,234,6,0,1,0,0,0,0,0,0,0,0,0,0.0,0,,0,0,,0,0,0,0,0,0,0,0,0.0,0,0,0,0,0,64.0,5755.0,0,0,0,54,eth:ethertype:ip:tcp,39.5,94.9,52.2,160.0,-49.0,a0:a3:b3:ed:ac:1c,,,,,0.0,Normal,0.0
1744311212771906,10.42.0.139,10.42.0.1,50254,1883,0,0,1,0,0,0,0,0,0,0,0,0,0,0.0,0,,0,0,,0,0,0,0,0,0,0,0,0.0,0,0,0,0,0,64.0,5760.0,0,0,0,58,eth:ethertype:ip:tcp,39.5,94.9,52.2,160.0,-49.0,a0:a3:b3:ed:ac:1c,,,,,0.0,Normal,0.0
1744311212775911,10.42.0.139,10.42.0.1,50254,1883,1,1,0,1,0,0,0,0,0,0,0,0,0,0.0,0,,0,0,,0,0,0,0,0,0,0,0,0.0,0,0,0,0,0,64.0,5760.0,0,0,0,54,eth:ethertype:ip:tcp,39.5,94.9,52.2,160.0,-49.0,a0:a3:b3:ed:ac:1c,,,,,0.0,Normal,0.0
1744311212778100,10.42.0.139,10.42.0.1,50254,1883,1,1,0,1,0,0,1,0,3,0,0,0,0,0.0,0,,0,0,,0,0,0,0,0,0,0,0,0.0,0,0,0,0,0,64.0,5760.0,0,0,0,57,eth:ethertype:ip:tcp,39.5,94.9,52.2,160.0,-49.0,a0:a3:b3:ed:ac:1c,,,,,0.0,Normal,0.0
1744311212781476,10.42.0.139,10.42.0.1,50254,1883,4,1,0,1,0,0,1,0,29,0,0,0,0,0.0,0,,0,0,,0,0,0,0,0,0,0,0,0.0,0,0,0,0,0,64.0,5760.0,0,0,0,83,eth:ethertype:ip:tcp,39.5,94.9,52.2,160.0,-49.0,a0:a3:b3:ed:ac:1c,,,,,0.0,Normal,0.0
1744311212784792,10.42.0.139,10.42.0.1,50254,1883,33,1,0,1,0,0,1,0,12,0,0,0,0,0.0,0,,0,1,,0,0,0,1,42,4,MQTT,4,0.0,0,0,0,0,0,64.0,5760.0,0,0,esp32_a0a3b3edac1c,66,eth:ethertype:ip:tcp:mqtt,39.5,94.9,52.2,160.0,-49.0,a0:a3:b3:ed:ac:1c,,,,,0.0,Normal,0.0
1744311212820101,10.42.0.139,10.42.0.1,50254,1883,45,5,0,1,0,0,1,0,3,0,0,0,0,0.0,0,,0,0,,0,0,0,0,0,0,0,0,0.0,0,0,0,0,0,64.0,5756.0,0,0,0,57,eth:ethertype:ip:tcp,39.5,94.9,52.2,160.0,-49.0,a0:a3:b3:ed:ac:1c,,,,,0.0,Normal,0.0
1744311212832174,10.42.0.139,10.42.0.1,50254,1883,48,5,0,1,1,0,1,0,185,0,0,0,0,0.0,0,,0,3,"Wakeup: 0, Mode: 0, Reset: 1, Temperature: 37.0, Uptime: 635487, Memory: 94.9, In_Temperature: 52.2°C, CPU: 160, RSSI: -51, MAC: a0:a3:b3:ed:ac:1c, F_Storage: 99.2",test/temperatura,16,0,0,182,0,0,0,0.0,0,0,0,0,0,64.0,5756.0,0,0,0,239,eth:ethertype:ip:tcp:mqtt,37.0,94.9,52.2,160.0,-51.0,a0:a3:b3:ed:ac:1c,,,,,0.0,Normal,0.0
1744311212835424,10.42.0.139,10.42.0.1,50254,1883,234,6,0,1,0,0,0,0,0,0,0,0,0,0.0,0,,0,0,,0,0,0,0,0,0,0,0,0.0,0,0,0,0,0,64.0,5755.0,0,0,0,54,eth:ethertype:ip:tcp,37.0,94.9,52.2,160.0,-51.0,a0:a3:b3:ed:ac:1c,,,,,0.0,Normal,0.0
1744311242840272,10.42.0.139,10.42.0.1,50255,1883,0,0,1,0,0,0,0,0,0,0,0,0,0,0.0,0,,0,0,,0,0,0,0,0,0,0,0,0.0,0,0,0,0,0,64.0,5760.0,0,0,0,58,eth:ethertype:ip:tcp,37.0,94.9,52.2,160.0,-51.0,a0:a3:b3:ed:ac:1c,,,,,0.0,Normal,0.0
1744311242845820,10.42.0.139,10.42.0.1,50255,1883,1,1,0,1,0,0,0,0,0,0,0,0,0,0.0,0,,0,0,,0,0,0,0,0,0,0,0,0.0,0,0,0,0,0,64.0,5760.0,0,0,0,54,eth:ethertype:ip:tcp,37.0,94.9,52.2,160.0,-51.0,a0:a3:b3:ed:ac:1c,,,,,0.0,Normal,0.0
1744311242846694,10.42.0.139,10.42.0.1,50255,1883,1,1,0,1,0,0,1,0,3,0,0,0,0,0.0,0,,0,0,,0,0,0,0,0,0,0,0,0.0,0,0,0,0,0,64.0,5760.0,0,0,0,57,eth:ethertype:ip:tcp,37.0,94.9,52.2,160.0,-51.0,a0:a3:b3:ed:ac:1c,,,,,0.0,Normal,0.0
1744311242852302,10.42.0.139,10.42.0.1,50255,1883,4,1,0,1,0,0,1,0,41,0,0,0,0,0.0,0,,0,1,,0,0,0,1,42,4,MQTT,4,0.0,0,0,0,0,0,64.0,5760.0,0,0,esp32_a0a3b3edac1c,95,eth:ethertype:ip:tcp:mqtt,37.0,94.9,52.2,160.0,-51.0,a0:a3:b3:ed:ac:1c,,,,,0.0,Normal,0.0
1744311242887593,10.42.0.139,10.42.0.1,50255,1883,45,5,0,1,0,0,1,0,3,0,0,0,0,0.0,0,,0,0,,0,0,0,0,0,0,0,0,0.0,0,0,0,0,0,64.0,5756.0,0,0,0,57,eth:ethertype:ip:tcp,37.0,94.9,52.2,160.0,-51.0,a0:a3:b3:ed:ac:1c,,,,,0.0,Normal,0.0
1744311242901732,10.42.0.139,10.42.0.1,50255,1883,48,5,0,1,1,0,1,0,185,0,0,0,0,0.0,0,,0,3,"Wakeup: 0, Mode: 0, Reset: 1, Temperature: 38.1, Uptime: 635517, Memory: 94.9, In_Temperature: 52.2°C, CPU: 160, RSSI: -50, MAC: a0:a3:b3:ed:ac:1c, F_Storage: 99.2",test/temperatura,16,0,0,182,0,0,0,0.0,0,0,0,0,0,64.0,5756.0,0,0,0,239,eth:ethertype:ip:tcp:mqtt,38.1,94.9,52.2,160.0,-50.0,a0:a3:b3:ed:ac:1c,,,,,0.0,Normal,0.0
1744311242905224,10.42.0.139,10.42.0.1,50255,1883,234,6,0,1,0,0,0,0,0,0,0,0,0,0.0,0,,0,0,,0,0,0,0,0,0,0,0,0.0,0,0,0,0,0,64.0,5755.0,0,0,0,54,eth:ethertype:ip:tcp,38.1,94.9,52.2,160.0,-50.0,a0:a3:b3:ed:ac:1c,,,,,0.0,Normal,0.0
1744311272910623,10.42.0.139,10.42.0.1,50256,1883,0,0,1,0,0,0,0,0,0,0,0,0,0,0.0,0,,0,0,,0,0,0,0,0,0,0,0,0.0,0,0,0,0,0,64.0,5760.0,0,0,0,58,eth:ethertype:ip:tcp,38.1,94.9,52.2,160.0,-50.0,a0:a3:b3:ed:ac:1c,,,,,0.0,Normal,0.0
1744311272914301,10.42.0.139,10.42.0.1,50256,1883,1,1,0,1,0,0,0,0,0,0,0,0,0,0.0,0,,0,0,,0,0,0,0,0,0,0,0,0.0,0,0,0,0,0,64.0,5760.0,0,0,0,54,eth:ethertype:ip:tcp,38.1,94.9,52.2,160.0,-50.0,a0:a3:b3:ed:ac:1c,,,,,0.0,Normal,0.0
1744311272916644,10.42.0.139,10.42.0.1,50256,1883,1,1,0,1,0,0,1,0,3,0,0,0,0,0.0,0,,0,0,,0,0,0,0,0,0,0,0,0.0,0,0,0,0,0,64.0,5760.0,0,0,0,57,eth:ethertype:ip:tcp,38.1,94.9,52.2,160.0,-50.0,a0:a3:b3:ed:ac:1c,,,,,0.0,Normal,0.0
1744311272920013,10.42.0.139,10.42.0.1,50256,1883,4,1,0,1,0,0,1,0,29,0,0,0,0,0.0,0,,0,0,,0,0,0,0,0,0,0,0,0.0,0,0,0,0,0,64.0,5760.0,0,0,0,83,eth:ethertype:ip:tcp,38.1,94.9,52.2,160.0,-50.0,a0:a3:b3:ed:ac:1c,,,,,0.0,Normal,0.0
1744311272923247,10.42.0.139,10.42.0.1,50256,1883,33,1,0,1,0,0,1,0,12,0,0,0,0,0.0,0,,0,1,,0,0,0,1,42,4,MQTT,4,0.0,0,0,0,0,0,64.0,5760.0,0,0,esp32_a0a3b3edac1c,66,eth:ethertype:ip:tcp:mqtt,38.1,94.9,52.2,160.0,-50.0,a0:a3:b3:ed:ac:1c,,,,,0.0,Normal,0.0
1744311272951615,10.42.0.139,10.42.0.1,50256,1883,45,5,0,1,0,0,0,0,0,0,0,0,0,0.0,0,,0,0,,0,0,0,0,0,0,0,0,0.0,0,0,0,0,0,64.0,5756.0,0,0,0,54,eth:ethertype:ip:tcp,38.1,94.9,52.2,160.0,-50.0,a0:a3:b3:ed:ac:1c,,,,,0.0,Normal,0.0
1744311272961955,10.42.0.139,10.42.0.1,50256,1883,45,5,0,1,0,0,1,0,3,0,0,0,0,0.0,0,,0,0,,0,0,0,0,0,0,0,0,0.0,0,0,0,0,0,64.0,5756.0,0,0,0,57,eth:ethertype:ip:tcp,38.1,94.9,52.2,160.0,-50.0,a0:a3:b3:ed:ac:1c,,,,,0.0,Normal,0.0
1744311272970786,10.42.0.139,10.42.0.1,50256,1883,48,5,0,1,1,0,1,0,185,0,0,0,0,0.0,0,,0,3,"Wakeup: 0, Mode: 0, Reset: 1, Temperature: 28.9, Uptime: 635547, Memory: 94.9, In_Temperature: 52.2°C, CPU: 160, RSSI: -51, MAC: a0:a3:b3:ed:ac:1c, F_Storage: 99.2",test/temperatura,16,0,0,182,0,0,0,0.0,0,0,0,0,0,64.0,5756.0,0,0,0,239,eth:ethertype:ip:tcp:mqtt,28.9,94.9,52.2,160.0,-51.0,a0:a3:b3:ed:ac:1c,,,,,0.0,Normal,0.0
1744311272974155,10.42.0.139,10.42.0.1,50256,1883,234,6,0,1,0,0,0,0,0,0,0,0,0,0.0,0,,0,0,,0,0,0,0,0,0,0,0,0.0,0,0,0,0,0,64.0,5755.0,0,0,0,54,eth:ethertype:ip:tcp,28.9,94.9,52.2,160.0,-51.0,a0:a3:b3:ed:ac:1c,,,,,0.0,Normal,0.0
1744311302988148,10.42.0.139,10.42.0.1,50257,1883,0,0,1,0,0,0,0,0,0,0,0,0,0,0.0,0,,0,0,,0,0,0,0,0,0,0,0,0.0,0,0,0,0,0,64.0,5760.0,0,0,0,58,eth:ethertype:ip:tcp,28.9,94.9,52.2,160.0,-51.0,a0:a3:b3:ed:ac:1c,,,,,0.0,Normal,0.0
1744311302992116,10.42.0.139,10.42.0.1,50257,1883,1,1,0,1,0,0,0,0,0,0,0,0,0,0.0,0,,0,0,,0,0,0,0,0,0,0,0,0.0,0,0,0,0,0,64.0,5760.0,0,0,0,54,eth:ethertype:ip:tcp,28.9,94.9,52.2,160.0,-51.0,a0:a3:b3:ed:ac:1c,,,,,0.0,Normal,0.0
1744311302994176,10.42.0.139,10.42.0.1,50257,1883,1,1,0,1,0,0,1,0,3,0,0,0,0,0.0,0,,0,0,,0,0,0,0,0,0,0,0,0.0,0,0,0,0,0,64.0,5760.0,0,0,0,57,eth:ethertype:ip:tcp,28.9,94.9,52.2,160.0,-51.0,a0:a3:b3:ed:ac:1c,,,,,0.0,Normal,0.0
1744311302997654,10.42.0.139,10.42.0.1,50257,1883,4,1,0,1,0,0,1,0,29,0,0,0,0,0.0,0,,0,0,,0,0,0,0,0,0,0,0,0.0,0,0,0,0,0,64.0,5760.0,0,0,0,83,eth:ethertype:ip:tcp,28.9,94.9,52.2,160.0,-51.0,a0:a3:b3:ed:ac:1c,,,,,0.0,Normal,0.0
1744311303000747,10.42.0.139,10.42.0.1,50257,1883,33,1,0,1,0,0,1,0,12,0,0,0,0,0.0,0,,0,1,,0,0,0,1,42,4,MQTT,4,0.0,0,0,0,0,0,64.0,5760.0,0,0,esp32_a0a3b3edac1c,66,eth:ethertype:ip:tcp:mqtt,28.9,94.9,52.2,160.0,-51.0,a0:a3:b3:ed:ac:1c,,,,,0.0,Normal,0.0
1744311303037235,10.42.0.139,10.42.0.1,50257,1883,45,5,0,1,0,0,1,0,3,0,0,0,0,0.0,0,,0,0,,0,0,0,0,0,0,0,0,0.0,0,0,0,0,0,64.0,5756.0,0,0,0,57,eth:ethertype:ip:tcp,28.9,94.9,52.2,160.0,-51.0,a0:a3:b3:ed:ac:1c,,,,,0.0,Normal,0.0
1744311303050110,10.42.0.139,10.42.0.1,50257,1883,48,5,0,1,1,0,1,0,185,0,0,0,0,0.0,0,,0,3,"Wakeup: 0, Mode: 0, Reset: 1, Temperature: 35.3, Uptime: 635577, Memory: 94.9, In_Temperature: 52.2°C, CPU: 160, RSSI: -51, MAC: a0:a3:b3:ed:ac:1c, F_Storage: 99.2",test/temperatura,16,0,0,182,0,0,0,0.0,0,0,0,0,0,64.0,5756.0,0,0,0,239,eth:ethertype:ip:tcp:mqtt,35.3,94.9,52.2,160.0,-51.0,a0:a3:b3:ed:ac:1c,,,,,0.0,Normal,0.0
1744311303053526,10.42.0.139,10.42.0.1,50257,1883,234,6,0,1,0,0,0,0,0,0,0,0,0,0.0,0,,0,0,,0,0,0,0,0,0,0,0,0.0,0,0,0,0,0,64.0,5755.0,0,0,0,54,eth:ethertype:ip:tcp,35.3,94.9,52.2,160.0,-51.0,a0:a3:b3:ed:ac:1c,,,,,0.0,Normal,0.0
1744311333060496,10.42.0.139,10.42.0.1,50258,1883,0,0,1,0,0,0,0,0,0,0,0,0,0,0.0,0,,0,0,,0,0,0,0,0,0,0,0,0.0,0,0,0,0,0,64.0,5760.0,0,0,0,58,eth:ethertype:ip:tcp,35.3,94.9,52.2,160.0,-51.0,a0:a3:b3:ed:ac:1c,,,,,0.0,Normal,0.0
1744311333064498,10.42.0.139,10.42.0.1,50258,1883,1,1,0,1,0,0,0,0,0,0,0,0,0,0.0,0,,0,0,,0,0,0,0,0,0,0,0,0.0,0,0,0,0,0,64.0,5760.0,0,0,0,54,eth:ethertype:ip:tcp,35.3,94.9,52.2,160.0,-51.0,a0:a3:b3:ed:ac:1c,,,,,0.0,Normal,0.0
1744311333066647,10.42.0.139,10.42.0.1,50258,1883,1,1,0,1,0,0,1,0,3,0,0,0,0,0.0,0,,0,0,,0,0,0,0,0,0,0,0,0.0,0,0,0,0,0,64.0,5760.0,0,0,0,57,eth:ethertype:ip:tcp,35.3,94.9,52.2,160.0,-51.0,a0:a3:b3:ed:ac:1c,,,,,0.0,Normal,0.0
1744311333069998,10.42.0.139,10.42.0.1,50258,1883,4,1,0,1,0,0,1,0,29,0,0,0,0,0.0,0,,0,0,,0,0,0,0,0,0,0,0,0.0,0,0,0,0,0,64.0,5760.0,0,0,0,83,eth:ethertype:ip:tcp,35.3,94.9,52.2,160.0,-51.0,a0:a3:b3:ed:ac:1c,,,,,0.0,Normal,0.0
1744311333073091,10.42.0.139,10.42.0.1,50258,1883,33,1,0,1,0,0,1,0,12,0,0,0,0,0.0,0,,0,1,,0,0,0,1,42,4,MQTT,4,0.0,0,0,0,0,0,64.0,5760.0,0,0,esp32_a0a3b3edac1c,66,eth:ethertype:ip:tcp:mqtt,35.3,94.9,52.2,160.0,-51.0,a0:a3:b3:ed:ac:1c,,,,,0.0,Normal,0.0
1744311333108787,10.42.0.139,10.42.0.1,50258,1883,45,5,0,1,0,0,1,0,3,0,0,0,0,0.0,0,,0,0,,0,0,0,0,0,0,0,0,0.0,0,0,0,0,0,64.0,5756.0,0,0,0,57,eth:ethertype:ip:tcp,35.3,94.9,52.2,160.0,-51.0,a0:a3:b3:ed:ac:1c,,,,,0.0,Normal,0.0
1744311333119530,10.42.0.139,10.42.0.1,50258,1883,48,5,0,1,1,0,1,0,185,0,0,0,0,0.0,0,,0,3,"Wakeup: 0, Mode: 0, Reset: 1, Temperature: 34.6, Uptime: 635607, Memory: 94.9, In_Temperature: 52.2°C, CPU: 160, RSSI: -50, MAC: a0:a3:b3:ed:ac:1c, F_Storage: 99.2",test/temperatura,16,0,0,182,0,0,0,0.0,0,0,0,0,0,64.0,5756.0,0,0,0,239,eth:ethertype:ip:tcp:mqtt,34.6,94.9,52.2,160.0,-50.0,a0:a3:b3:ed:ac:1c,,,,,0.0,Normal,0.0
1744311333123193,10.42.0.139,10.42.0.1,50258,1883,234,6,0,1,0,0,0,0,0,0,0,0,0,0.0,0,,0,0,,0,0,0,0,0,0,0,0,0.0,0,0,0,0,0,64.0,5755.0,0,0,0,54,eth:ethertype:ip:tcp,34.6,94.9,52.2,160.0,-50.0,a0:a3:b3:ed:ac:1c,,,,,0.0,Normal,0.0
1744311363128975,10.42.0.139,10.42.0.1,50259,1883,0,0,1,0,0,0,0,0,0,0,0,0,0,0.0,0,,0,0,,0,0,0,0,0,0,0,0,0.0,0,0,0,0,0,64.0,5760.0,0,0,0,58,eth:ethertype:ip:tcp,34.6,94.9,52.2,160.0,-50.0,a0:a3:b3:ed:ac:1c,,,,,0.0,Normal,0.0
1744311363132601,10.42.0.139,10.42.0.1,50259,1883,1,1,0,1,0,0,0,0,0,0,0,0,0,0.0,0,,0,0,,0,0,0,0,0,0,0,0,0.0,0,0,0,0,0,64.0,5760.0,0,0,0,54,eth:ethertype:ip:tcp,34.6,94.9,52.2,160.0,-50.0,a0:a3:b3:ed:ac:1c,,,,,0.0,Normal,0.0
1744311363134899,10.42.0.139,10.42.0.1,50259,1883,1,1,0,1,0,0,1,0,3,0,0,0,0,0.0,0,,0,0,,0,0,0,0,0,0,0,0,0.0,0,0,0,0,0,64.0,5760.0,0,0,0,57,eth:ethertype:ip:tcp,34.6,94.9,52.2,160.0,-50.0,a0:a3:b3:ed:ac:1c,,,,,0.0,Normal,0.0
1744311363138385,10.42.0.139,10.42.0.1,50259,1883,4,1,0,1,0,0,1,0,29,0,0,0,0,0.0,0,,0,0,,0,0,0,0,0,0,0,0,0.0,0,0,0,0,0,64.0,5760.0,0,0,0,83,eth:ethertype:ip:tcp,34.6,94.9,52.2,160.0,-50.0,a0:a3:b3:ed:ac:1c,,,,,0.0,Normal,0.0
1744311363141425,10.42.0.139,10.42.0.1,50259,1883,33,1,0,1,0,0,1,0,12,0,0,0,0,0.0,0,,0,1,,0,0,0,1,42,4,MQTT,4,0.0,0,0,0,0,0,64.0,5760.0,0,0,esp32_a0a3b3edac1c,66,eth:ethertype:ip:tcp:mqtt,34.6,94.9,52.2,160.0,-50.0,a0:a3:b3:ed:ac:1c,,,,,0.0,Normal,0.0
1744311363178189,10.42.0.139,10.42.0.1,50259,1883,45,5,0,1,0,0,1,0,3,0,0,0,0,0.0,0,,0,0,,0,0,0,0,0,0,0,0,0.0,0,0,0,0,0,64.0,5756.0,0,0,0,57,eth:ethertype:ip:tcp,34.6,94.9,52.2,160.0,-50.0,a0:a3:b3:ed:ac:1c,,,,,0.0,Normal,0.0
1744311363188908,10.42.0.139,10.42.0.1,50259,1883,48,5,0,1,1,0,1,0,185,0,0,0,0,0.0,0,,0,3,"Wakeup: 0, Mode: 0, Reset: 1, Temperature: 26.0, Uptime: 635637, Memory: 94.9, In_Temperature: 52.2°C, CPU: 160, RSSI: -49, MAC: a0:a3:b3:ed:ac:1c, F_Storage: 99.2",test/temperatura,16,0,0,182,0,0,0,0.0,0,0,0,0,0,64.0,5756.0,0,0,0,239,eth:ethertype:ip:tcp:mqtt,26.0,94.9,52.2,160.0,-49.0,a0:a3:b3:ed:ac:1c,,,,,0.0,Normal,0.0
1744311363192381,10.42.0.139,10.42.0.1,50259,1883,234,6,0,1,0,0,0,0,0,0,0,0,0,0.0,0,,0,0,,0,0,0,0,0,0,0,0,0.0,0,0,0,0,0,64.0,5755.0,0,0,0,54,eth:ethertype:ip:tcp,26.0,94.9,52.2,160.0,-49.0,a0:a3:b3:ed:ac:1c,,,,,0.0,Normal,0.0
1744311393197963,10.42.0.139,10.42.0.1,50260,1883,0,0,1,0,0,0,0,0,0,0,0,0,0,0.0,0,,0,0,,0,0,0,0,0,0,0,0,0.0,0,0,0,0,0,64.0,5760.0,0,0,0,58,eth:ethertype:ip:tcp,26.0,94.9,52.2,160.0,-49.0,a0:a3:b3:ed:ac:1c,,,,,0.0,Normal,0.0
1744311393202009,10.42.0.139,10.42.0.1,50260,1883,1,1,0,1,0,0,0,0,0,0,0,0,0,0.0,0,,0,0,,0,0,0,0,0,0,0,0,0.0,0,0,0,0,0,64.0,5760.0,0,0,0,54,eth:ethertype:ip:tcp,26.0,94.9,52.2,160.0,-49.0,a0:a3:b3:ed:ac:1c,,,,,0.0,Normal,0.0
1744311393204155,10.42.0.139,10.42.0.1,50260,1883,1,1,0,1,0,0,1,0,3,0,0,0,0,0.0,0,,0,0,,0,0,0,0,0,0,0,0,0.0,0,0,0,0,0,64.0,5760.0,0,0,0,57,eth:ethertype:ip:tcp,26.0,94.9,52.2,160.0,-49.0,a0:a3:b3:ed:ac:1c,,,,,0.0,Normal,0.0
1744311393208015,10.42.0.139,10.42.0.1,50260,1883,4,1,0,1,0,0,1,0,35,0,0,0,0,0.0,0,,0,0,,0,0,0,0,0,0,0,0,0.0,0,0,0,0,0,64.0,5760.0,0,0,0,89,eth:ethertype:ip:tcp,26.0,94.9,52.2,160.0,-49.0,a0:a3:b3:ed:ac:1c,,,,,0.0,Normal,0.0
1744311393210900,10.42.0.139,10.42.0.1,50260,1883,39,1,0,1,0,0,1,0,6,0,0,0,0,0.0,0,,0,1,,0,0,0,1,42,4,MQTT,4,0.0,0,0,0,0,0,64.0,5760.0,0,0,esp32_a0a3b3edac1c,60,eth:ethertype:ip:tcp:mqtt,26.0,94.9,52.2,160.0,-49.0,a0:a3:b3:ed:ac:1c,,,,,0.0,Normal,0.0
1744311393246156,10.42.0.139,10.42.0.1,50260,1883,45,5,0,1,0,0,1,0,3,0,0,0,0,0.0,0,,0,0,,0,0,0,0,0,0,0,0,0.0,0,0,0,0,0,64.0,5756.0,0,0,0,57,eth:ethertype:ip:tcp,26.0,94.9,52.2,160.0,-49.0,a0:a3:b3:ed:ac:1c,,,,,0.0,Normal,0.0
1744311393260550,10.42.0.139,10.42.0.1,50260,1883,48,5,0,1,1,0,1,0,185,0,0,0,0,0.0,0,,0,3,"Wakeup: 0, Mode: 0, Reset: 1, Temperature: 32.2, Uptime: 635667, Memory: 94.9, In_Temperature: 52.2°C, CPU: 160, RSSI: -51, MAC: a0:a3:b3:ed:ac:1c, F_Storage: 99.2",test/temperatura,16,0,0,182,0,0,0,0.0,0,0,0,0,0,64.0,5756.0,0,0,0,239,eth:ethertype:ip:tcp:mqtt,32.2,94.9,52.2,160.0,-51.0,a0:a3:b3:ed:ac:1c,,,,,0.0,Normal,0.0
1744311393263997,10.42.0.139,10.42.0.1,50260,1883,234,6,0,1,0,0,0,0,0,0,0,0,0,0.0,0,,0,0,,0,0,0,0,0,0,0,0,0.0,0,0,0,0,0,64.0,5755.0,0,0,0,54,eth:ethertype:ip:tcp,32.2,94.9,52.2,160.0,-51.0,a0:a3:b3:ed:ac:1c,,,,,0.0,Normal,0.0
1744311423266314,10.42.0.139,10.42.0.1,50261,1883,0,0,1,0,0,0,0,0,0,0,0,0,0,0.0,0,,0,0,,0,0,0,0,0,0,0,0,0.0,0,0,0,0,0,64.0,5760.0,0,0,0,58,eth:ethertype:ip:tcp,32.2,94.9,52.2,160.0,-51.0,a0:a3:b3:ed:ac:1c,,,,,0.0,Normal,0.0
1744311423270206,10.42.0.139,10.42.0.1,50261,1883,1,1,0,1,0,0,0,0,0,0,0,0,0,0.0,0,,0,0,,0,0,0,0,0,0,0,0,0.0,0,0,0,0,0,64.0,5760.0,0,0,0,54,eth:ethertype:ip:tcp,32.2,94.9,52.2,160.0,-51.0,a0:a3:b3:ed:ac:1c,,,,,0.0,Normal,0.0
1744311423272487,10.42.0.139,10.42.0.1,50261,1883,1,1,0,1,0,0,1,0,3,0,0,0,0,0.0,0,,0,0,,0,0,0,0,0,0,0,0,0.0,0,0,0,0,0,64.0,5760.0,0,0,0,57,eth:ethertype:ip:tcp,32.2,94.9,52.2,160.0,-51.0,a0:a3:b3:ed:ac:1c,,,,,0.0,Normal,0.0
1744311423279087,10.42.0.139,10.42.0.1,50261,1883,4,1,0,1,0,0,1,0,41,0,0,0,0,0.0,0,,0,1,,0,0,0,1,42,4,MQTT,4,0.0,0,0,0,0,0,64.0,5760.0,0,0,esp32_a0a3b3edac1c,95,eth:ethertype:ip:tcp:mqtt,32.2,94.9,52.2,160.0,-51.0,a0:a3:b3:ed:ac:1c,,,,,0.0,Normal,0.0
1744311423314492,10.42.0.139,10.42.0.1,50261,1883,45,5,0,1,0,0,1,0,3,0,0,0,0,0.0,0,,0,0,,0,0,0,0,0,0,0,0,0.0,0,0,0,0,0,64.0,5756.0,0,0,0,57,eth:ethertype:ip:tcp,32.2,94.9,52.2,160.0,-51.0,a0:a3:b3:ed:ac:1c,,,,,0.0,Normal,0.0
1744311423327491,10.42.0.139,10.42.0.1,50261,1883,48,5,0,1,1,0,1,0,185,0,0,0,0,0.0,0,,0,3,"Wakeup: 0, Mode: 0, Reset: 1, Temperature: 35.5, Uptime: 635697, Memory: 94.9, In_Temperature: 52.2°C, CPU: 160, RSSI: -50, MAC: a0:a3:b3:ed:ac:1c, F_Storage: 99.2",test/temperatura,16,0,0,182,0,0,0,0.0,0,0,0,0,0,64.0,5756.0,0,0,0,239,eth:ethertype:ip:tcp:mqtt,35.5,94.9,52.2,160.0,-50.0,a0:a3:b3:ed:ac:1c,,,,,0.0,Normal,0.0
1744311423333081,10.42.0.139,10.42.0.1,50261,1883,234,6,0,1,0,0,0,0,0,0,0,0,0,0.0,0,,0,0,,0,0,0,0,0,0,0,0,0.0,0,0,0,0,0,64.0,5755.0,0,0,0,54,eth:ethertype:ip:tcp,35.5,94.9,52.2,160.0,-50.0,a0:a3:b3:ed:ac:1c,,,,,0.0,Normal,0.0
1744311453336554,10.42.0.139,10.42.0.1,50262,1883,0,0,1,0,0,0,0,0,0,0,0,0,0,0.0,0,,0,0,,0,0,0,0,0,0,0,0,0.0,0,0,0,0,0,64.0,5760.0,0,0,0,58,eth:ethertype:ip:tcp,35.5,94.9,52.2,160.0,-50.0,a0:a3:b3:ed:ac:1c,,,,,0.0,Normal,0.0
1744311453341097,10.42.0.139,10.42.0.1,50262,1883,1,1,0,1,0,0,0,0,0,0,0,0,0,0.0,0,,0,0,,0,0,0,0,0,0,0,0,0.0,0,0,0,0,0,64.0,5760.0,0,0,0,54,eth:ethertype:ip:tcp,35.5,94.9,52.2,160.0,-50.0,a0:a3:b3:ed:ac:1c,,,,,0.0,Normal,0.0
1744311453343169,10.42.0.139,10.42.0.1,50262,1883,1,1,0,1,0,0,1,0,3,0,0,0,0,0.0,0,,0,0,,0,0,0,0,0,0,0,0,0.0,0,0,0,0,0,64.0,5760.0,0,0,0,57,eth:ethertype:ip:tcp,35.5,94.9,52.2,160.0,-50.0,a0:a3:b3:ed:ac:1c,,,,,0.0,Normal,0.0
1744311453346351,10.42.0.139,10.42.0.1,50262,1883,4,1,0,1,0,0,1,0,29,0,0,0,0,0.0,0,,0,0,,0,0,0,0,0,0,0,0,0.0,0,0,0,0,0,64.0,5760.0,0,0,0,83,eth:ethertype:ip:tcp,35.5,94.9,52.2,160.0,-50.0,a0:a3:b3:ed:ac:1c,,,,,0.0,Normal,0.0
1744311453349939,10.42.0.139,10.42.0.1,50262,1883,33,1,0,1,0,0,1,0,12,0,0,0,0,0.0,0,,0,1,,0,0,0,1,42,4,MQTT,4,0.0,0,0,0,0,0,64.0,5760.0,0,0,esp32_a0a3b3edac1c,66,eth:ethertype:ip:tcp:mqtt,35.5,94.9,52.2,160.0,-50.0,a0:a3:b3:ed:ac:1c,,,,,0.0,Normal,0.0
1744311453386336,10.42.0.139,10.42.0.1,50262,1883,45,5,0,1,0,0,1,0,3,0,0,0,0,0.0,0,,0,0,,0,0,0,0,0,0,0,0,0.0,0,0,0,0,0,64.0,5756.0,0,0,0,57,eth:ethertype:ip:tcp,35.5,94.9,52.2,160.0,-50.0,a0:a3:b3:ed:ac:1c,,,,,0.0,Normal,0.0
1744311453396880,10.42.0.139,10.42.0.1,50262,1883,48,5,0,1,1,0,1,0,185,0,0,0,0,0.0,0,,0,3,"Wakeup: 0, Mode: 0, Reset: 1, Temperature: 38.5, Uptime: 635727, Memory: 94.9, In_Temperature: 52.2°C, CPU: 160, RSSI: -52, MAC: a0:a3:b3:ed:ac:1c, F_Storage: 99.2",test/temperatura,16,0,0,182,0,0,0,0.0,0,0,0,0,0,64.0,5756.0,0,0,0,239,eth:ethertype:ip:tcp:mqtt,38.5,94.9,52.2,160.0,-52.0,a0:a3:b3:ed:ac:1c,,,,,0.0,Normal,0.0
1744311453400464,10.42.0.139,10.42.0.1,50262,1883,234,6,0,1,0,0,0,0,0,0,0,0,0,0.0,0,,0,0,,0,0,0,0,0,0,0,0,0.0,0,0,0,0,0,64.0,5755.0,0,0,0,54,eth:ethertype:ip:tcp,38.5,94.9,52.2,160.0,-52.0,a0:a3:b3:ed:ac:1c,,,,,0.0,Normal,0.0
1744311483405863,10.42.0.139,10.42.0.1,50263,1883,0,0,1,0,0,0,0,0,0,0,0,0,0,0.0,0,,0,0,,0,0,0,0,0,0,0,0,0.0,0,0,0,0,0,64.0,5760.0,0,0,0,58,eth:ethertype:ip:tcp,38.5,94.9,52.2,160.0,-52.0,a0:a3:b3:ed:ac:1c,,,,,0.0,Normal,0.0
1744311483409816,10.42.0.139,10.42.0.1,50263,1883,1,1,0,1,0,0,0,0,0,0,0,0,0,0.0,0,,0,0,,0,0,0,0,0,0,0,0,0.0,0,0,0,0,0,64.0,5760.0,0,0,0,54,eth:ethertype:ip:tcp,38.5,94.9,52.2,160.0,-52.0,a0:a3:b3:ed:ac:1c,,,,,0.0,Normal,0.0
1744311483412016,10.42.0.139,10.42.0.1,50263,1883,1,1,0,1,0,0,1,0,3,0,0,0,0,0.0,0,,0,0,,0,0,0,0,0,0,0,0,0.0,0,0,0,0,0,64.0,5760.0,0,0,0,57,eth:ethertype:ip:tcp,38.5,94.9,52.2,160.0,-52.0,a0:a3:b3:ed:ac:1c,,,,,0.0,Normal,0.0
1744311483415422,10.42.0.139,10.42.0.1,50263,1883,4,1,0,1,0,0,1,0,29,0,0,0,0,0.0,0,,0,0,,0,0,0,0,0,0,0,0,0.0,0,0,0,0,0,64.0,5760.0,0,0,0,83,eth:ethertype:ip:tcp,38.5,94.9,52.2,160.0,-52.0,a0:a3:b3:ed:ac:1c,,,,,0.0,Normal,0.0
1744311483418408,10.42.0.139,10.42.0.1,50263,1883,33,1,0,1,0,0,1,0,12,0,0,0,0,0.0,0,,0,1,,0,0,0,1,42,4,MQTT,4,0.0,0,0,0,0,0,64.0,5760.0,0,0,esp32_a0a3b3edac1c,66,eth:ethertype:ip:tcp:mqtt,38.5,94.9,52.2,160.0,-52.0,a0:a3:b3:ed:ac:1c,,,,,0.0,Normal,0.0
1744311483446983,10.42.0.139,10.42.0.1,50263,1883,45,5,0,1,0,0,0,0,0,0,0,0,0,0.0,0,,0,0,,0,0,0,0,0,0,0,0,0.0,0,0,0,0,0,64.0,5756.0,0,0,0,54,eth:ethertype:ip:tcp,38.5,94.9,52.2,160.0,-52.0,a0:a3:b3:ed:ac:1c,,,,,0.0,Normal,0.0
1744311483455230,10.42.0.139,10.42.0.1,50263,1883,45,5,0,1,0,0,1,0,3,0,0,0,0,0.0,0,,0,0,,0,0,0,0,0,0,0,0,0.0,0,0,0,0,0,64.0,5756.0,0,0,0,57,eth:ethertype:ip:tcp,38.5,94.9,52.2,160.0,-52.0,a0:a3:b3:ed:ac:1c,,,,,0.0,Normal,0.0
1744311483466202,10.42.0.139,10.42.0.1,50263,1883,48,5,0,1,1,0,1,0,185,0,0,0,0,0.0,0,,0,3,"Wakeup: 0, Mode: 0, Reset: 1, Temperature: 39.2, Uptime: 635757, Memory: 94.9, In_Temperature: 52.2°C, CPU: 160, RSSI: -50, MAC: a0:a3:b3:ed:ac:1c, F_Storage: 99.2",test/temperatura,16,0,0,182,0,0,0,0.0,0,0,0,0,0,64.0,5756.0,0,0,0,239,eth:ethertype:ip:tcp:mqtt,39.2,94.9,52.2,160.0,-50.0,a0:a3:b3:ed:ac:1c,,,,,0.0,Normal,0.0
1744311483469812,10.42.0.139,10.42.0.1,50263,1883,234,6,0,1,0,0,0,0,0,0,0,0,0,0.0,0,,0,0,,0,0,0,0,0,0,0,0,0.0,0,0,0,0,0,64.0,5755.0,0,0,0,54,eth:ethertype:ip:tcp,39.2,94.9,52.2,160.0,-50.0,a0:a3:b3:ed:ac:1c,,,,,0.0,Normal,0.0
1744311513475195,10.42.0.139,10.42.0.1,50264,1883,0,0,1,0,0,0,0,0,0,0,0,0,0,0.0,0,,0,0,,0,0,0,0,0,0,0,0,0.0,0,0,0,0,0,64.0,5760.0,0,0,0,58,eth:ethertype:ip:tcp,39.2,94.9,52.2,160.0,-50.0,a0:a3:b3:ed:ac:1c,,,,,0.0,Normal,0.0
1744311513479325,10.42.0.139,10.42.0.1,50264,1883,1,1,0,1,0,0,0,0,0,0,0,0,0,0.0,0,,0,0,,0,0,0,0,0,0,0,0,0.0,0,0,0,0,0,64.0,5760.0,0,0,0,54,eth:ethertype:ip:tcp,39.2,94.9,52.2,160.0,-50.0,a0:a3:b3:ed:ac:1c,,,,,0.0,Normal,0.0
1744311513481473,10.42.0.139,10.42.0.1,50264,1883,1,1,0,1,0,0,1,0,3,0,0,0,0,0.0,0,,0,0,,0,0,0,0,0,0,0,0,0.0,0,0,0,0,0,64.0,5760.0,0,0,0,57,eth:ethertype:ip:tcp,39.2,94.9,52.2,160.0,-50.0,a0:a3:b3:ed:ac:1c,,,,,0.0,Normal,0.0
1744311513485143,10.42.0.139,10.42.0.1,50264,1883,4,1,0,1,0,0,1,0,31,0,0,0,0,0.0,0,,0,0,,0,0,0,0,0,0,0,0,0.0,0,0,0,0,0,64.0,5760.0,0,0,0,85,eth:ethertype:ip:tcp,39.2,94.9,52.2,160.0,-50.0,a0:a3:b3:ed:ac:1c,,,,,0.0,Normal,0.0
1744311513489638,10.42.0.139,10.42.0.1,50264,1883,35,1,0,1,0,0,1,0,10,0,0,0,0,0.0,0,,0,1,,0,0,0,1,42,4,MQTT,4,0.0,0,0,0,0,0,64.0,5760.0,0,0,esp32_a0a3b3edac1c,64,eth:ethertype:ip:tcp:mqtt,39.2,94.9,52.2,160.0,-50.0,a0:a3:b3:ed:ac:1c,,,,,0.0,Normal,0.0
1744311513526628,10.42.0.139,10.42.0.1,50264,1883,45,5,0,1,0,0,1,0,3,0,0,0,0,0.0,0,,0,0,,0,0,0,0,0,0,0,0,0.0,0,0,0,0,0,64.0,5756.0,0,0,0,57,eth:ethertype:ip:tcp,39.2,94.9,52.2,160.0,-50.0,a0:a3:b3:ed:ac:1c,,,,,0.0,Normal,0.0
1744311513535482,10.42.0.139,10.42.0.1,50264,1883,48,5,0,1,1,0,1,0,185,0,0,0,0,0.0,0,,0,3,"Wakeup: 0, Mode: 0, Reset: 1, Temperature: 31.4, Uptime: 635788, Memory: 94.9, In_Temperature: 52.2°C, CPU: 160, RSSI: -50, MAC: a0:a3:b3:ed:ac:1c, F_Storage: 99.2",test/temperatura,16,0,0,182,0,0,0,0.0,0,0,0,0,0,64.0,5756.0,0,0,0,239,eth:ethertype:ip:tcp:mqtt,31.4,94.9,52.2,160.0,-50.0,a0:a3:b3:ed:ac:1c,,,,,0.0,Normal,0.0
1744311513538762,10.42.0.139,10.42.0.1,50264,1883,234,6,0,1,0,0,0,0,0,0,0,0,0,0.0,0,,0,0,,0,0,0,0,0,0,0,0,0.0,0,0,0,0,0,64.0,5755.0,0,0,0,54,eth:ethertype:ip:tcp,31.4,94.9,52.2,160.0,-50.0,a0:a3:b3:ed:ac:1c,,,,,0.0,Normal,0.0
1744311543552844,10.42.0.139,10.42.0.1,50265,1883,0,0,1,0,0,0,0,0,0,0,0,0,0,0.0,0,,0,0,,0,0,0,0,0,0,0,0,0.0,0,0,0,0,0,64.0,5760.0,0,0,0,58,eth:ethertype:ip:tcp,31.4,94.9,52.2,160.0,-50.0,a0:a3:b3:ed:ac:1c,,,,,0.0,Normal,0.0
1744311543556765,10.42.0.139,10.42.0.1,50265,1883,1,1,0,1,0,0,0,0,0,0,0,0,0,0.0,0,,0,0,,0,0,0,0,0,0,0,0,0.0,0,0,0,0,0,64.0,5760.0,0,0,0,54,eth:ethertype:ip:tcp,31.4,94.9,52.2,160.0,-50.0,a0:a3:b3:ed:ac:1c,,,,,0.0,Normal,0.0
1744311543558955,10.42.0.139,10.42.0.1,50265,1883,1,1,0,1,0,0,1,0,3,0,0,0,0,0.0,0,,0,0,,0,0,0,0,0,0,0,0,0.0,0,0,0,0,0,64.0,5760.0,0,0,0,57,eth:ethertype:ip:tcp,31.4,94.9,52.2,160.0,-50.0,a0:a3:b3:ed:ac:1c,,,,,0.0,Normal,0.0
1744311543562775,10.42.0.139,10.42.0.1,50265,1883,4,1,0,1,0,0,1,0,31,0,0,0,0,0.0,0,,0,0,,0,0,0,0,0,0,0,0,0.0,0,0,0,0,0,64.0,5760.0,0,0,0,85,eth:ethertype:ip:tcp,31.4,94.9,52.2,160.0,-50.0,a0:a3:b3:ed:ac:1c,,,,,0.0,Normal,0.0
1744311543565970,10.42.0.139,10.42.0.1,50265,1883,35,1,0,1,0,0,1,0,10,0,0,0,0,0.0,0,,0,1,,0,0,0,1,42,4,MQTT,4,0.0,0,0,0,0,0,64.0,5760.0,0,0,esp32_a0a3b3edac1c,64,eth:ethertype:ip:tcp:mqtt,31.4,94.9,52.2,160.0,-50.0,a0:a3:b3:ed:ac:1c,,,,,0.0,Normal,0.0
1744311543602332,10.42.0.139,10.42.0.1,50265,1883,45,5,0,1,0,0,1,0,3,0,0,0,0,0.0,0,,0,0,,0,0,0,0,0,0,0,0,0.0,0,0,0,0,0,64.0,5756.0,0,0,0,57,eth:ethertype:ip:tcp,31.4,94.9,52.2,160.0,-50.0,a0:a3:b3:ed:ac:1c,,,,,0.0,Normal,0.0
1744311543614926,10.42.0.139,10.42.0.1,50265,1883,48,5,0,1,1,0,1,0,185,0,0,0,0,0.0,0,,0,3,"Wakeup: 0, Mode: 0, Reset: 1, Temperature: 36.9, Uptime: 635818, Memory: 94.9, In_Temperature: 52.2°C, CPU: 160, RSSI: -50, MAC: a0:a3:b3:ed:ac:1c, F_Storage: 99.2",test/temperatura,16,0,0,182,0,0,0,0.0,0,0,0,0,0,64.0,5756.0,0,0,0,239,eth:ethertype:ip:tcp:mqtt,36.9,94.9,52.2,160.0,-50.0,a0:a3:b3:ed:ac:1c,,,,,0.0,Normal,0.0
1744311543618625,10.42.0.139,10.42.0.1,50265,1883,234,6,0,1,0,0,0,0,0,0,0,0,0,0.0,0,,0,0,,0,0,0,0,0,0,0,0,0.0,0,0,0,0,0,64.0,5755.0,0,0,0,54,eth:ethertype:ip:tcp,36.9,94.9,52.2,160.0,-50.0,a0:a3:b3:ed:ac:1c,,,,,0.0,Normal,0.0
1744311573623866,10.42.0.139,10.42.0.1,50266,1883,0,0,1,0,0,0,0,0,0,0,0,0,0,0.0,0,,0,0,,0,0,0,0,0,0,0,0,0.0,0,0,0,0,0,64.0,5760.0,0,0,0,58,eth:ethertype:ip:tcp,36.9,94.9,52.2,160.0,-50.0,a0:a3:b3:ed:ac:1c,,,,,0.0,Normal,0.0
1744311573627961,10.42.0.139,10.42.0.1,50266,1883,1,1,0,1,0,0,0,0,0,0,0,0,0,0.0,0,,0,0,,0,0,0,0,0,0,0,0,0.0,0,0,0,0,0,64.0,5760.0,0,0,0,54,eth:ethertype:ip:tcp,36.9,94.9,52.2,160.0,-50.0,a0:a3:b3:ed:ac:1c,,,,,0.0,Normal,0.0
1744311573630096,10.42.0.139,10.42.0.1,50266,1883,1,1,0,1,0,0,1,0,3,0,0,0,0,0.0,0,,0,0,,0,0,0,0,0,0,0,0,0.0,0,0,0,0,0,64.0,5760.0,0,0,0,57,eth:ethertype:ip:tcp,36.9,94.9,52.2,160.0,-50.0,a0:a3:b3:ed:ac:1c,,,,,0.0,Normal,0.0
1744311573633512,10.42.0.139,10.42.0.1,50266,1883,4,1,0,1,0,0,1,0,29,0,0,0,0,0.0,0,,0,0,,0,0,0,0,0,0,0,0,0.0,0,0,0,0,0,64.0,5760.0,0,0,0,83,eth:ethertype:ip:tcp,36.9,94.9,52.2,160.0,-50.0,a0:a3:b3:ed:ac:1c,,,,,0.0,Normal,0.0
1744311573636473,10.42.0.139,10.42.0.1,50266,1883,33,1,0,1,0,0,1,0,12,0,0,0,0,0.0,0,,0,1,,0,0,0,1,42,4,MQTT,4,0.0,0,0,0,0,0,64.0,5760.0,0,0,esp32_a0a3b3edac1c,66,eth:ethertype:ip:tcp:mqtt,36.9,94.9,52.2,160.0,-50.0,a0:a3:b3:ed:ac:1c,,,,,0.0,Normal,0.0
1744311573671836,10.42.0.139,10.42.0.1,50266,1883,45,5,0,1,0,0,1,0,3,0,0,0,0,0.0,0,,0,0,,0,0,0,0,0,0,0,0,0.0,0,0,0,0,0,64.0,5756.0,0,0,0,57,eth:ethertype:ip:tcp,36.9,94.9,52.2,160.0,-50.0,a0:a3:b3:ed:ac:1c,,,,,0.0,Normal,0.0
1744311573684269,10.42.0.139,10.42.0.1,50266,1883,48,5,0,1,1,0,1,0,185,0,0,0,0,0.0,0,,0,3,"Wakeup: 0, Mode: 0, Reset: 1, Temperature: 37.9, Uptime: 635848, Memory: 94.9, In_Temperature: 52.2°C, CPU: 160, RSSI: -50, MAC: a0:a3:b3:ed:ac:1c, F_Storage: 99.2",test/temperatura,16,0,0,182,0,0,0,0.0,0,0,0,0,0,64.0,5756.0,0,0,0,239,eth:ethertype:ip:tcp:mqtt,37.9,94.9,52.2,160.0,-50.0,a0:a3:b3:ed:ac:1c,,,,,0.0,Normal,0.0
1744311573687656,10.42.0.139,10.42.0.1,50266,1883,234,6,0,1,0,0,0,0,0,0,0,0,0,0.0,0,,0,0,,0,0,0,0,0,0,0,0,0.0,0,0,0,0,0,64.0,5755.0,0,0,0,54,eth:ethertype:ip:tcp,37.9,94.9,52.2,160.0,-50.0,a0:a3:b3:ed:ac:1c,,,,,0.0,Normal,0.0
1744311603693458,10.42.0.139,10.42.0.1,50267,1883,0,0,1,0,0,0,0,0,0,0,0,0,0,0.0,0,,0,0,,0,0,0,0,0,0,0,0,0.0,0,0,0,0,0,64.0,5760.0,0,0,0,58,eth:ethertype:ip:tcp,37.9,94.9,52.2,160.0,-50.0,a0:a3:b3:ed:ac:1c,,,,,0.0,Normal,0.0
1744311603697493,10.42.0.139,10.42.0.1,50267,1883,1,1,0,1,0,0,0,0,0,0,0,0,0,0.0,0,,0,0,,0,0,0,0,0,0,0,0,0.0,0,0,0,0,0,64.0,5760.0,0,0,0,54,eth:ethertype:ip:tcp,37.9,94.9,52.2,160.0,-50.0,a0:a3:b3:ed:ac:1c,,,,,0.0,Normal,0.0
1744311603699668,10.42.0.139,10.42.0.1,50267,1883,1,1,0,1,0,0,1,0,3,0,0,0,0,0.0,0,,0,0,,0,0,0,0,0,0,0,0,0.0,0,0,0,0,0,64.0,5760.0,0,0,0,57,eth:ethertype:ip:tcp,37.9,94.9,52.2,160.0,-50.0,a0:a3:b3:ed:ac:1c,,,,,0.0,Normal,0.0
1744311603704141,10.42.0.139,10.42.0.1,50267,1883,4,1,0,1,0,0,1,0,29,0,0,0,0,0.0,0,,0,0,,0,0,0,0,0,0,0,0,0.0,0,0,0,0,0,64.0,5760.0,0,0,0,83,eth:ethertype:ip:tcp,37.9,94.9,52.2,160.0,-50.0,a0:a3:b3:ed:ac:1c,,,,,0.0,Normal,0.0
1744311603708718,10.42.0.139,10.42.0.1,50267,1883,33,1,0,1,0,0,1,0,12,0,0,0,0,0.0,0,,0,1,,0,0,0,1,42,4,MQTT,4,0.0,0,0,0,0,0,64.0,5760.0,0,0,esp32_a0a3b3edac1c,66,eth:ethertype:ip:tcp:mqtt,37.9,94.9,52.2,160.0,-50.0,a0:a3:b3:ed:ac:1c,,,,,0.0,Normal,0.0
1744311603743841,10.42.0.139,10.42.0.1,50267,1883,45,5,0,1,0,0,1,0,3,0,0,0,0,0.0,0,,0,0,,0,0,0,0,0,0,0,0,0.0,0,0,0,0,0,64.0,5756.0,0,0,0,57,eth:ethertype:ip:tcp,37.9,94.9,52.2,160.0,-50.0,a0:a3:b3:ed:ac:1c,,,,,0.0,Normal,0.0
1744311603753630,10.42.0.139,10.42.0.1,50267,1883,48,5,0,1,1,0,1,0,185,0,0,0,0,0.0,0,,0,3,"Wakeup: 0, Mode: 0, Reset: 1, Temperature: 38.5, Uptime: 635878, Memory: 94.9, In_Temperature: 52.2°C, CPU: 160, RSSI: -51, MAC: a0:a3:b3:ed:ac:1c, F_Storage: 99.2",test/temperatura,16,0,0,182,0,0,0,0.0,0,0,0,0,0,64.0,5756.0,0,0,0,239,eth:ethertype:ip:tcp:mqtt,38.5,94.9,52.2,160.0,-51.0,a0:a3:b3:ed:ac:1c,,,,,0.0,Normal,0.0
1744311603757681,10.42.0.139,10.42.0.1,50267,1883,234,6,0,1,0,0,0,0,0,0,0,0,0,0.0,0,,0,0,,0,0,0,0,0,0,0,0,0.0,0,0,0,0,0,64.0,5755.0,0,0,0,54,eth:ethertype:ip:tcp,38.5,94.9,52.2,160.0,-51.0,a0:a3:b3:ed:ac:1c,,,,,0.0,Normal,0.0
1744311633764609,10.42.0.139,10.42.0.1,50268,1883,0,0,1,0,0,0,0,0,0,0,0,0,0,0.0,0,,0,0,,0,0,0,0,0,0,0,0,0.0,0,0,0,0,0,64.0,5760.0,0,0,0,58,eth:ethertype:ip:tcp,38.5,94.9,52.2,160.0,-51.0,a0:a3:b3:ed:ac:1c,,,,,0.0,Normal,0.0
1744311633768308,10.42.0.139,10.42.0.1,50268,1883,1,1,0,1,0,0,0,0,0,0,0,0,0,0.0,0,,0,0,,0,0,0,0,0,0,0,0,0.0,0,0,0,0,0,64.0,5760.0,0,0,0,54,eth:ethertype:ip:tcp,38.5,94.9,52.2,160.0,-51.0,a0:a3:b3:ed:ac:1c,,,,,0.0,Normal,0.0
1744311633770663,10.42.0.139,10.42.0.1,50268,1883,1,1,0,1,0,0,1,0,3,0,0,0,0,0.0,0,,0,0,,0,0,0,0,0,0,0,0,0.0,0,0,0,0,0,64.0,5760.0,0,0,0,57,eth:ethertype:ip:tcp,38.5,94.9,52.2,160.0,-51.0,a0:a3:b3:ed:ac:1c,,,,,0.0,Normal,0.0
1744311633774211,10.42.0.139,10.42.0.1,50268,1883,4,1,0,1,0,0,1,0,29,0,0,0,0,0.0,0,,0,0,,0,0,0,0,0,0,0,0,0.0,0,0,0,0,0,64.0,5760.0,0,0,0,83,eth:ethertype:ip:tcp,38.5,94.9,52.2,160.0,-51.0,a0:a3:b3:ed:ac:1c,,,,,0.0,Normal,0.0
1744311633777885,10.42.0.139,10.42.0.1,50268,1883,33,1,0,1,0,0,1,0,2,0,0,0,0,0.0,0,,0,0,,0,0,0,0,0,0,0,0,0.0,0,0,0,0,0,64.0,5760.0,0,0,0,56,eth:ethertype:ip:tcp,38.5,94.9,52.2,160.0,-51.0,a0:a3:b3:ed:ac:1c,,,,,0.0,Normal,0.0
1744311633782151,10.42.0.139,10.42.0.1,50268,1883,35,1,0,1,0,0,1,0,4,0,0,0,0,0.0,0,,0,0,,0,0,0,0,0,0,0,0,0.0,0,0,0,0,0,64.0,5760.0,0,0,0,58,eth:ethertype:ip:tcp,38.5,94.9,52.2,160.0,-51.0,a0:a3:b3:ed:ac:1c,,,,,0.0,Normal,0.0
1744311633785279,10.42.0.139,10.42.0.1,50268,1883,39,1,0,1,0,0,1,0,6,0,0,0,0,0.0,0,,0,1,,0,0,0,1,42,4,MQTT,4,0.0,0,0,0,0,0,64.0,5760.0,0,0,esp32_a0a3b3edac1c,60,eth:ethertype:ip:tcp:mqtt,38.5,94.9,52.2,160.0,-51.0,a0:a3:b3:ed:ac:1c,,,,,0.0,Normal,0.0
1744311633821921,10.42.0.139,10.42.0.1,50268,1883,45,5,0,1,0,0,1,0,3,0,0,0,0,0.0,0,,0,0,,0,0,0,0,0,0,0,0,0.0,0,0,0,0,0,64.0,5756.0,0,0,0,57,eth:ethertype:ip:tcp,38.5,94.9,52.2,160.0,-51.0,a0:a3:b3:ed:ac:1c,,,,,0.0,Normal,0.0
1744311633832998,10.42.0.139,10.42.0.1,50268,1883,48,5,0,1,1,0,1,0,185,0,0,0,0,0.0,0,,0,3,"Wakeup: 0, Mode: 0, Reset: 1, Temperature: 29.7, Uptime: 635908, Memory: 94.9, In_Temperature: 52.2°C, CPU: 160, RSSI: -49, MAC: a0:a3:b3:ed:ac:1c, F_Storage: 99.2",test/temperatura,16,0,0,182,0,0,0,0.0,0,0,0,0,0,64.0,5756.0,0,0,0,239,eth:ethertype:ip:tcp:mqtt,29.7,94.9,52.2,160.0,-49.0,a0:a3:b3:ed:ac:1c,,,,,0.0,Normal,0.0
1744311633836605,10.42.0.139,10.42.0.1,50268,1883,234,6,0,1,0,0,0,0,0,0,0,0,0,0.0,0,,0,0,,0,0,0,0,0,0,0,0,0.0,0,0,0,0,0,64.0,5755.0,0,0,0,54,eth:ethertype:ip:tcp,29.7,94.9,52.2,160.0,-49.0,a0:a3:b3:ed:ac:1c,,,,,0.0,Normal,0.0
1744311663841860,10.42.0.139,10.42.0.1,50269,1883,0,0,1,0,0,0,0,0,0,0,0,0,0,0.0,0,,0,0,,0,0,0,0,0,0,0,0,0.0,0,0,0,0,0,64.0,5760.0,0,0,0,58,eth:ethertype:ip:tcp,29.7,94.9,52.2,160.0,-49.0,a0:a3:b3:ed:ac:1c,,,,,0.0,Normal,0.0
1744311663846025,10.42.0.139,10.42.0.1,50269,1883,1,1,0,1,0,0,0,0,0,0,0,0,0,0.0,0,,0,0,,0,0,0,0,0,0,0,0,0.0,0,0,0,0,0,64.0,5760.0,0,0,0,54,eth:ethertype:ip:tcp,29.7,94.9,52.2,160.0,-49.0,a0:a3:b3:ed:ac:1c,,,,,0.0,Normal,0.0
1744311663848112,10.42.0.139,10.42.0.1,50269,1883,1,1,0,1,0,0,1,0,3,0,0,0,0,0.0,0,,0,0,,0,0,0,0,0,0,0,0,0.0,0,0,0,0,0,64.0,5760.0,0,0,0,57,eth:ethertype:ip:tcp,29.7,94.9,52.2,160.0,-49.0,a0:a3:b3:ed:ac:1c,,,,,0.0,Normal,0.0
1744311663851582,10.42.0.139,10.42.0.1,50269,1883,4,1,0,1,0,0,1,0,29,0,0,0,0,0.0,0,,0,0,,0,0,0,0,0,0,0,0,0.0,0,0,0,0,0,64.0,5760.0,0,0,0,83,eth:ethertype:ip:tcp,29.7,94.9,52.2,160.0,-49.0,a0:a3:b3:ed:ac:1c,,,,,0.0,Normal,0.0
1744311663854801,10.42.0.139,10.42.0.1,50269,1883,33,1,0,1,0,0,1,0,12,0,0,0,0,0.0,0,,0,1,,0,0,0,1,42,4,MQTT,4,0.0,0,0,0,0,0,64.0,5760.0,0,0,esp32_a0a3b3edac1c,66,eth:ethertype:ip:tcp:mqtt,29.7,94.9,52.2,160.0,-49.0,a0:a3:b3:ed:ac:1c,,,,,0.0,Normal,0.0
1744311663890361,10.42.0.139,10.42.0.1,50269,1883,45,5,0,1,0,0,1,0,3,0,0,0,0,0.0,0,,0,0,,0,0,0,0,0,0,0,0,0.0,0,0,0,0,0,64.0,5756.0,0,0,0,57,eth:ethertype:ip:tcp,29.7,94.9,52.2,160.0,-49.0,a0:a3:b3:ed:ac:1c,,,,,0.0,Normal,0.0
1744311663902567,10.42.0.139,10.42.0.1,50269,1883,48,5,0,1,1,0,1,0,185,0,0,0,0,0.0,0,,0,3,"Wakeup: 0, Mode: 0, Reset: 1, Temperature: 26.6, Uptime: 635938, Memory: 94.9, In_Temperature: 52.2°C, CPU: 160, RSSI: -51, MAC: a0:a3:b3:ed:ac:1c, F_Storage: 99.2",test/temperatura,16,0,0,182,0,0,0,0.0,0,0,0,0,0,64.0,5756.0,0,0,0,239,eth:ethertype:ip:tcp:mqtt,26.6,94.9,52.2,160.0,-51.0,a0:a3:b3:ed:ac:1c,,,,,0.0,Normal,0.0
1744311663905979,10.42.0.139,10.42.0.1,50269,1883,234,6,0,1,0,0,0,0,0,0,0,0,0,0.0,0,,0,0,,0,0,0,0,0,0,0,0,0.0,0,0,0,0,0,64.0,5755.0,0,0,0,54,eth:ethertype:ip:tcp,26.6,94.9,52.2,160.0,-51.0,a0:a3:b3:ed:ac:1c,,,,,0.0,Normal,0.0
1744311693910049,10.42.0.139,10.42.0.1,50270,1883,0,0,1,0,0,0,0,0,0,0,0,0,0,0.0,0,,0,0,,0,0,0,0,0,0,0,0,0.0,0,0,0,0,0,64.0,5760.0,0,0,0,58,eth:ethertype:ip:tcp,26.6,94.9,52.2,160.0,-51.0,a0:a3:b3:ed:ac:1c,,,,,0.0,Normal,0.0
1744311693913950,10.42.0.139,10.42.0.1,50270,1883,1,1,0,1,0,0,0,0,0,0,0,0,0,0.0,0,,0,0,,0,0,0,0,0,0,0,0,0.0,0,0,0,0,0,64.0,5760.0,0,0,0,54,eth:ethertype:ip:tcp,26.6,94.9,52.2,160.0,-51.0,a0:a3:b3:ed:ac:1c,,,,,0.0,Normal,0.0
1744311693916359,10.42.0.139,10.42.0.1,50270,1883,1,1,0,1,0,0,1,0,3,0,0,0,0,0.0,0,,0,0,,0,0,0,0,0,0,0,0,0.0,0,0,0,0,0,64.0,5760.0,0,0,0,57,eth:ethertype:ip:tcp,26.6,94.9,52.2,160.0,-51.0,a0:a3:b3:ed:ac:1c,,,,,0.0,Normal,0.0
1744311693922775,10.42.0.139,10.42.0.1,50270,1883,4,1,0,1,0,0,1,0,41,0,0,0,0,0.0,0,,0,1,,0,0,0,1,42,4,MQTT,4,0.0,0,0,0,0,0,64.0,5760.0,0,0,esp32_a0a3b3edac1c,95,eth:ethertype:ip:tcp:mqtt,26.6,94.9,52.2,160.0,-51.0,a0:a3:b3:ed:ac:1c,,,,,0.0,Normal,0.0
1744311693942317,10.42.0.139,10.42.0.1,50270,1883,45,5,0,1,0,0,0,0,0,0,0,0,0,0.0,0,,0,0,,0,0,0,0,0,0,0,0,0.0,0,0,0,0,0,64.0,5756.0,0,0,0,54,eth:ethertype:ip:tcp,26.6,94.9,52.2,160.0,-51.0,a0:a3:b3:ed:ac:1c,,,,,0.0,Normal,0.0
1744311693959088,10.42.0.139,10.42.0.1,50270,1883,45,5,0,1,0,0,1,0,3,0,0,0,0,0.0,0,,0,0,,0,0,0,0,0,0,0,0,0.0,0,0,0,0,0,64.0,5756.0,0,0,0,57,eth:ethertype:ip:tcp,26.6,94.9,52.2,160.0,-51.0,a0:a3:b3:ed:ac:1c,,,,,0.0,Normal,0.0
1744311693971581,10.42.0.139,10.42.0.1,50270,1883,48,5,0,1,1,0,1,0,185,0,0,0,0,0.0,0,,0,3,"Wakeup: 0, Mode: 0, Reset: 1, Temperature: 40.2, Uptime: 635968, Memory: 94.9, In_Temperature: 52.2°C, CPU: 160, RSSI: -50, MAC: a0:a3:b3:ed:ac:1c, F_Storage: 99.2",test/temperatura,16,0,0,182,0,0,0,0.0,0,0,0,0,0,64.0,5756.0,0,0,0,239,eth:ethertype:ip:tcp:mqtt,40.2,94.9,52.2,160.0,-50.0,a0:a3:b3:ed:ac:1c,,,,,0.0,Normal,0.0
1744311693976093,10.42.0.139,10.42.0.1,50270,1883,234,6,0,1,0,0,0,0,0,0,0,0,0,0.0,0,,0,0,,0,0,0,0,0,0,0,0,0.0,0,0,0,0,0,64.0,5755.0,0,0,0,54,eth:ethertype:ip:tcp,40.2,94.9,52.2,160.0,-50.0,a0:a3:b3:ed:ac:1c,,,,,0.0,Normal,0.0
1744311723980510,10.42.0.139,10.42.0.1,50271,1883,0,0,1,0,0,0,0,0,0,0,0,0,0,0.0,0,,0,0,,0,0,0,0,0,0,0,0,0.0,0,0,0,0,0,64.0,5760.0,0,0,0,58,eth:ethertype:ip:tcp,40.2,94.9,52.2,160.0,-50.0,a0:a3:b3:ed:ac:1c,,,,,0.0,Normal,0.0
1744311723984966,10.42.0.139,10.42.0.1,50271,1883,1,1,0,1,0,0,0,0,0,0,0,0,0,0.0,0,,0,0,,0,0,0,0,0,0,0,0,0.0,0,0,0,0,0,64.0,5760.0,0,0,0,54,eth:ethertype:ip:tcp,40.2,94.9,52.2,160.0,-50.0,a0:a3:b3:ed:ac:1c,,,,,0.0,Normal,0.0
1744311723987472,10.42.0.139,10.42.0.1,50271,1883,1,1,0,1,0,0,1,0,3,0,0,0,0,0.0,0,,0,0,,0,0,0,0,0,0,0,0,0.0,0,0,0,0,0,64.0,5760.0,0,0,0,57,eth:ethertype:ip:tcp,40.2,94.9,52.2,160.0,-50.0,a0:a3:b3:ed:ac:1c,,,,,0.0,Normal,0.0
1744311723991484,10.42.0.139,10.42.0.1,50271,1883,4,1,0,1,0,0,1,0,11,0,0,0,0,0.0,0,,0,0,,0,0,0,0,0,0,0,0,0.0,0,0,0,0,0,64.0,5760.0,0,0,0,65,eth:ethertype:ip:tcp,40.2,94.9,52.2,160.0,-50.0,a0:a3:b3:ed:ac:1c,,,,,0.0,Normal,0.0
1744311723994650,10.42.0.139,10.42.0.1,50271,1883,15,1,0,1,0,0,1,0,30,0,0,0,0,0.0,0,,0,1,,0,0,0,1,42,4,MQTT,4,0.0,0,0,0,0,0,64.0,5760.0,0,0,esp32_a0a3b3edac1c,84,eth:ethertype:ip:tcp:mqtt,40.2,94.9,52.2,160.0,-50.0,a0:a3:b3:ed:ac:1c,,,,,0.0,Normal,0.0
1744311724031013,10.42.0.139,10.42.0.1,50271,1883,45,5,0,1,0,0,1,0,3,0,0,0,0,0.0,0,,0,0,,0,0,0,0,0,0,0,0,0.0,0,0,0,0,0,64.0,5756.0,0,0,0,57,eth:ethertype:ip:tcp,40.2,94.9,52.2,160.0,-50.0,a0:a3:b3:ed:ac:1c,,,,,0.0,Normal,0.0
1744311724041987,10.42.0.139,10.42.0.1,50271,1883,48,5,0,1,1,0,1,0,185,0,0,0,0,0.0,0,,0,3,"Wakeup: 0, Mode: 0, Reset: 1, Temperature: 40.5, Uptime: 635998, Memory: 94.9, In_Temperature: 52.2°C, CPU: 160, RSSI: -51, MAC: a0:a3:b3:ed:ac:1c, F_Storage: 99.2",test/temperatura,16,0,0,182,0,0,0,0.0,0,0,0,0,0,64.0,5756.0,0,0,0,239,eth:ethertype:ip:tcp:mqtt,40.5,94.9,52.2,160.0,-51.0,a0:a3:b3:ed:ac:1c,,,,,0.0,Normal,0.0
1744311724045551,10.42.0.139,10.42.0.1,50271,1883,234,6,0,1,0,0,0,0,0,0,0,0,0,0.0,0,,0,0,,0,0,0,0,0,0,0,0,0.0,0,0,0,0,0,64.0,5755.0,0,0,0,54,eth:ethertype:ip:tcp,40.5,94.9,52.2,160.0,-51.0,a0:a3:b3:ed:ac:1c,,,,,0.0,Normal,0.0
1744311754049974,10.42.0.139,10.42.0.1,50272,1883,0,0,1,0,0,0,0,0,0,0,0,0,0,0.0,0,,0,0,,0,0,0,0,0,0,0,0,0.0,0,0,0,0,0,64.0,5760.0,0,0,0,58,eth:ethertype:ip:tcp,40.5,94.9,52.2,160.0,-51.0,a0:a3:b3:ed:ac:1c,,,,,0.0,Normal,0.0
1744311754053846,10.42.0.139,10.42.0.1,50272,1883,1,1,0,1,0,0,0,0,0,0,0,0,0,0.0,0,,0,0,,0,0,0,0,0,0,0,0,0.0,0,0,0,0,0,64.0,5760.0,0,0,0,54,eth:ethertype:ip:tcp,40.5,94.9,52.2,160.0,-51.0,a0:a3:b3:ed:ac:1c,,,,,0.0,Normal,0.0
1744311754055979,10.42.0.139,10.42.0.1,50272,1883,1,1,0,1,0,0,1,0,3,0,0,0,0,0.0,0,,0,0,,0,0,0,0,0,0,0,0,0.0,0,0,0,0,0,64.0,5760.0,0,0,0,57,eth:ethertype:ip:tcp,40.5,94.9,52.2,160.0,-51.0,a0:a3:b3:ed:ac:1c,,,,,0.0,Normal,0.0
1744311754059499,10.42.0.139,10.42.0.1,50272,1883,4,1,0,1,0,0,1,0,29,0,0,0,0,0.0,0,,0,0,,0,0,0,0,0,0,0,0,0.0,0,0,0,0,0,64.0,5760.0,0,0,0,83,eth:ethertype:ip:tcp,40.5,94.9,52.2,160.0,-51.0,a0:a3:b3:ed:ac:1c,,,,,0.0,Normal,0.0
1744311754062557,10.42.0.139,10.42.0.1,50272,1883,33,1,0,1,0,0,1,0,12,0,0,0,0,0.0,0,,0,1,,0,0,0,1,42,4,MQTT,4,0.0,0,0,0,0,0,64.0,5760.0,0,0,esp32_a0a3b3edac1c,66,eth:ethertype:ip:tcp:mqtt,40.5,94.9,52.2,160.0,-51.0,a0:a3:b3:ed:ac:1c,,,,,0.0,Normal,0.0
1744311754098774,10.42.0.139,10.42.0.1,50272,1883,45,5,0,1,0,0,1,0,3,0,0,0,0,0.0,0,,0,0,,0,0,0,0,0,0,0,0,0.0,0,0,0,0,0,64.0,5756.0,0,0,0,57,eth:ethertype:ip:tcp,40.5,94.9,52.2,160.0,-51.0,a0:a3:b3:ed:ac:1c,,,,,0.0,Normal,0.0
1744311754110350,10.42.0.139,10.42.0.1,50272,1883,48,5,0,1,1,0,1,0,185,0,0,0,0,0.0,0,,0,3,"Wakeup: 0, Mode: 0, Reset: 1, Temperature: 33.5, Uptime: 636028, Memory: 94.9, In_Temperature: 52.2°C, CPU: 160, RSSI: -52, MAC: a0:a3:b3:ed:ac:1c, F_Storage: 99.2",test/temperatura,16,0,0,182,0,0,0,0.0,0,0,0,0,0,64.0,5756.0,0,0,0,239,eth:ethertype:ip:tcp:mqtt,33.5,94.9,52.2,160.0,-52.0,a0:a3:b3:ed:ac:1c,,,,,0.0,Normal,0.0
1744311754113767,10.42.0.139,10.42.0.1,50272,1883,234,6,0,1,0,0,0,0,0,0,0,0,0,0.0,0,,0,0,,0,0,0,0,0,0,0,0,0.0,0,0,0,0,0,64.0,5755.0,0,0,0,54,eth:ethertype:ip:tcp,33.5,94.9,52.2,160.0,-52.0,a0:a3:b3:ed:ac:1c,,,,,0.0,Normal,0.0
1744311784119249,10.42.0.139,10.42.0.1,50273,1883,0,0,1,0,0,0,0,0,0,0,0,0,0,0.0,0,,0,0,,0,0,0,0,0,0,0,0,0.0,0,0,0,0,0,64.0,5760.0,0,0,0,58,eth:ethertype:ip:tcp,33.5,94.9,52.2,160.0,-52.0,a0:a3:b3:ed:ac:1c,,,,,0.0,Normal,0.0
1744311784123242,10.42.0.139,10.42.0.1,50273,1883,1,1,0,1,0,0,0,0,0,0,0,0,0,0.0,0,,0,0,,0,0,0,0,0,0,0,0,0.0,0,0,0,0,0,64.0,5760.0,0,0,0,54,eth:ethertype:ip:tcp,33.5,94.9,52.2,160.0,-52.0,a0:a3:b3:ed:ac:1c,,,,,0.0,Normal,0.0
1744311784125310,10.42.0.139,10.42.0.1,50273,1883,1,1,0,1,0,0,1,0,3,0,0,0,0,0.0,0,,0,0,,0,0,0,0,0,0,0,0,0.0,0,0,0,0,0,64.0,5760.0,0,0,0,57,eth:ethertype:ip:tcp,33.5,94.9,52.2,160.0,-52.0,a0:a3:b3:ed:ac:1c,,,,,0.0,Normal,0.0
1744311784128657,10.42.0.139,10.42.0.1,50273,1883,4,1,0,1,0,0,1,0,29,0,0,0,0,0.0,0,,0,0,,0,0,0,0,0,0,0,0,0.0,0,0,0,0,0,64.0,5760.0,0,0,0,83,eth:ethertype:ip:tcp,33.5,94.9,52.2,160.0,-52.0,a0:a3:b3:ed:ac:1c,,,,,0.0,Normal,0.0
1744311784133385,10.42.0.139,10.42.0.1,50273,1883,33,1,0,1,0,0,1,0,12,0,0,0,0,0.0,0,,0,1,,0,0,0,1,42,4,MQTT,4,0.0,0,0,0,0,0,64.0,5760.0,0,0,esp32_a0a3b3edac1c,66,eth:ethertype:ip:tcp:mqtt,33.5,94.9,52.2,160.0,-52.0,a0:a3:b3:ed:ac:1c,,,,,0.0,Normal,0.0
1744311784170441,10.42.0.139,10.42.0.1,50273,1883,45,5,0,1,0,0,1,0,3,0,0,0,0,0.0,0,,0,0,,0,0,0,0,0,0,0,0,0.0,0,0,0,0,0,64.0,5756.0,0,0,0,57,eth:ethertype:ip:tcp,33.5,94.9,52.2,160.0,-52.0,a0:a3:b3:ed:ac:1c,,,,,0.0,Normal,0.0
1744311784179643,10.42.0.139,10.42.0.1,50273,1883,48,5,0,1,1,0,1,0,185,0,0,0,0,0.0,0,,0,3,"Wakeup: 0, Mode: 0, Reset: 1, Temperature: 33.2, Uptime: 636058, Memory: 94.9, In_Temperature: 52.2°C, CPU: 160, RSSI: -51, MAC: a0:a3:b3:ed:ac:1c, F_Storage: 99.2",test/temperatura,16,0,0,182,0,0,0,0.0,0,0,0,0,0,64.0,5756.0,0,0,0,239,eth:ethertype:ip:tcp:mqtt,33.2,94.9,52.2,160.0,-51.0,a0:a3:b3:ed:ac:1c,,,,,0.0,Normal,0.0
1744311784183644,10.42.0.139,10.42.0.1,50273,1883,234,6,0,1,0,0,0,0,0,0,0,0,0,0.0,0,,0,0,,0,0,0,0,0,0,0,0,0.0,0,0,0,0,0,64.0,5755.0,0,0,0,54,eth:ethertype:ip:tcp,33.2,94.9,52.2,160.0,-51.0,a0:a3:b3:ed:ac:1c,,,,,0.0,Normal,0.0
1744311814196901,10.42.0.139,10.42.0.1,50274,1883,0,0,1,0,0,0,0,0,0,0,0,0,0,0.0,0,,0,0,,0,0,0,0,0,0,0,0,0.0,0,0,0,0,0,64.0,5760.0,0,0,0,58,eth:ethertype:ip:tcp,33.2,94.9,52.2,160.0,-51.0,a0:a3:b3:ed:ac:1c,,,,,0.0,Normal,0.0
1744311814200922,10.42.0.139,10.42.0.1,50274,1883,1,1,0,1,0,0,0,0,0,0,0,0,0,0.0,0,,0,0,,0,0,0,0,0,0,0,0,0.0,0,0,0,0,0,64.0,5760.0,0,0,0,54,eth:ethertype:ip:tcp,33.2,94.9,52.2,160.0,-51.0,a0:a3:b3:ed:ac:1c,,,,,0.0,Normal,0.0
1744311814202970,10.42.0.139,10.42.0.1,50274,1883,1,1,0,1,0,0,1,0,3,0,0,0,0,0.0,0,,0,0,,0,0,0,0,0,0,0,0,0.0,0,0,0,0,0,64.0,5760.0,0,0,0,57,eth:ethertype:ip:tcp,33.2,94.9,52.2,160.0,-51.0,a0:a3:b3:ed:ac:1c,,,,,0.0,Normal,0.0
1744311814206470,10.42.0.139,10.42.0.1,50274,1883,4,1,0,1,0,0,1,0,29,0,0,0,0,0.0,0,,0,0,,0,0,0,0,0,0,0,0,0.0,0,0,0,0,0,64.0,5760.0,0,0,0,83,eth:ethertype:ip:tcp,33.2,94.9,52.2,160.0,-51.0,a0:a3:b3:ed:ac:1c,,,,,0.0,Normal,0.0
1744311814209478,10.42.0.139,10.42.0.1,50274,1883,33,1,0,1,0,0,1,0,12,0,0,0,0,0.0,0,,0,1,,0,0,0,1,42,4,MQTT,4,0.0,0,0,0,0,0,64.0,5760.0,0,0,esp32_a0a3b3edac1c,66,eth:ethertype:ip:tcp:mqtt,33.2,94.9,52.2,160.0,-51.0,a0:a3:b3:ed:ac:1c,,,,,0.0,Normal,0.0
1744311814245931,10.42.0.139,10.42.0.1,50274,1883,45,5,0,1,0,0,1,0,3,0,0,0,0,0.0,0,,0,0,,0,0,0,0,0,0,0,0,0.0,0,0,0,0,0,64.0,5756.0,0,0,0,57,eth:ethertype:ip:tcp,33.2,94.9,52.2,160.0,-51.0,a0:a3:b3:ed:ac:1c,,,,,0.0,Normal,0.0
1744311814259004,10.42.0.139,10.42.0.1,50274,1883,48,5,0,1,1,0,1,0,185,0,0,0,0,0.0,0,,0,3,"Wakeup: 0, Mode: 0, Reset: 1, Temperature: 38.2, Uptime: 636088, Memory: 94.9, In_Temperature: 52.2°C, CPU: 160, RSSI: -52, MAC: a0:a3:b3:ed:ac:1c, F_Storage: 99.2",test/temperatura,16,0,0,182,0,0,0,0.0,0,0,0,0,0,64.0,5756.0,0,0,0,239,eth:ethertype:ip:tcp:mqtt,38.2,94.9,52.2,160.0,-52.0,a0:a3:b3:ed:ac:1c,,,,,0.0,Normal,0.0
1744311814262652,10.42.0.139,10.42.0.1,50274,1883,234,6,0,1,0,0,0,0,0,0,0,0,0,0.0,0,,0,0,,0,0,0,0,0,0,0,0,0.0,0,0,0,0,0,64.0,5755.0,0,0,0,54,eth:ethertype:ip:tcp,38.2,94.9,52.2,160.0,-52.0,a0:a3:b3:ed:ac:1c,,,,,0.0,Normal,0.0
1744311844267814,10.42.0.139,10.42.0.1,50275,1883,0,0,1,0,0,0,0,0,0,0,0,0,0,0.0,0,,0,0,,0,0,0,0,0,0,0,0,0.0,0,0,0,0,0,64.0,5760.0,0,0,0,58,eth:ethertype:ip:tcp,38.2,94.9,52.2,160.0,-52.0,a0:a3:b3:ed:ac:1c,,,,,0.0,Normal,0.0
1744311844271801,10.42.0.139,10.42.0.1,50275,1883,1,1,0,1,0,0,0,0,0,0,0,0,0,0.0,0,,0,0,,0,0,0,0,0,0,0,0,0.0,0,0,0,0,0,64.0,5760.0,0,0,0,54,eth:ethertype:ip:tcp,38.2,94.9,52.2,160.0,-52.0,a0:a3:b3:ed:ac:1c,,,,,0.0,Normal,0.0
1744311844273883,10.42.0.139,10.42.0.1,50275,1883,1,1,0,1,0,0,1,0,3,0,0,0,0,0.0,0,,0,0,,0,0,0,0,0,0,0,0,0.0,0,0,0,0,0,64.0,5760.0,0,0,0,57,eth:ethertype:ip:tcp,38.2,94.9,52.2,160.0,-52.0,a0:a3:b3:ed:ac:1c,,,,,0.0,Normal,0.0
1744311844277360,10.42.0.139,10.42.0.1,50275,1883,4,1,0,1,0,0,1,0,29,0,0,0,0,0.0,0,,0,0,,0,0,0,0,0,0,0,0,0.0,0,0,0,0,0,64.0,5760.0,0,0,0,83,eth:ethertype:ip:tcp,38.2,94.9,52.2,160.0,-52.0,a0:a3:b3:ed:ac:1c,,,,,0.0,Normal,0.0
1744311844280434,10.42.0.139,10.42.0.1,50275,1883,33,1,0,1,0,0,1,0,12,0,0,0,0,0.0,0,,0,1,,0,0,0,1,42,4,MQTT,4,0.0,0,0,0,0,0,64.0,5760.0,0,0,esp32_a0a3b3edac1c,66,eth:ethertype:ip:tcp:mqtt,38.2,94.9,52.2,160.0,-52.0,a0:a3:b3:ed:ac:1c,,,,,0.0,Normal,0.0
1744311844315717,10.42.0.139,10.42.0.1,50275,1883,45,5,0,1,0,0,1,0,3,0,0,0,0,0.0,0,,0,0,,0,0,0,0,0,0,0,0,0.0,0,0,0,0,0,64.0,5756.0,0,0,0,57,eth:ethertype:ip:tcp,38.2,94.9,52.2,160.0,-52.0,a0:a3:b3:ed:ac:1c,,,,,0.0,Normal,0.0
1744311844328268,10.42.0.139,10.42.0.1,50275,1883,48,5,0,1,1,0,1,0,185,0,0,0,0,0.0,0,,0,3,"Wakeup: 0, Mode: 0, Reset: 1, Temperature: 33.6, Uptime: 636118, Memory: 94.9, In_Temperature: 52.2°C, CPU: 160, RSSI: -51, MAC: a0:a3:b3:ed:ac:1c, F_Storage: 99.2",test/temperatura,16,0,0,182,0,0,0,0.0,0,0,0,0,0,64.0,5756.0,0,0,0,239,eth:ethertype:ip:tcp:mqtt,33.6,94.9,52.2,160.0,-51.0,a0:a3:b3:ed:ac:1c,,,,,0.0,Normal,0.0
1744311844331559,10.42.0.139,10.42.0.1,50275,1883,234,6,0,1,0,0,0,0,0,0,0,0,0,0.0,0,,0,0,,0,0,0,0,0,0,0,0,0.0,0,0,0,0,0,64.0,5755.0,0,0,0,54,eth:ethertype:ip:tcp,33.6,94.9,52.2,160.0,-51.0,a0:a3:b3:ed:ac:1c,,,,,0.0,Normal,0.0
1744311874336448,10.42.0.139,10.42.0.1,50276,1883,0,0,1,0,0,0,0,0,0,0,0,0,0,0.0,0,,0,0,,0,0,0,0,0,0,0,0,0.0,0,0,0,0,0,64.0,5760.0,0,0,0,58,eth:ethertype:ip:tcp,33.6,94.9,52.2,160.0,-51.0,a0:a3:b3:ed:ac:1c,,,,,0.0,Normal,0.0
1744311874340168,10.42.0.139,10.42.0.1,50276,1883,1,1,0,1,0,0,0,0,0,0,0,0,0,0.0,0,,0,0,,0,0,0,0,0,0,0,0,0.0,0,0,0,0,0,64.0,5760.0,0,0,0,54,eth:ethertype:ip:tcp,33.6,94.9,52.2,160.0,-51.0,a0:a3:b3:ed:ac:1c,,,,,0.0,Normal,0.0
1744311874342594,10.42.0.139,10.42.0.1,50276,1883,1,1,0,1,0,0,1,0,3,0,0,0,0,0.0,0,,0,0,,0,0,0,0,0,0,0,0,0.0,0,0,0,0,0,64.0,5760.0,0,0,0,57,eth:ethertype:ip:tcp,33.6,94.9,52.2,160.0,-51.0,a0:a3:b3:ed:ac:1c,,,,,0.0,Normal,0.0
1744311874347919,10.42.0.139,10.42.0.1,50276,1883,4,1,0,1,0,0,1,0,29,0,0,0,0,0.0,0,,0,0,,0,0,0,0,0,0,0,0,0.0,0,0,0,0,0,64.0,5760.0,0,0,0,83,eth:ethertype:ip:tcp,33.6,94.9,52.2,160.0,-51.0,a0:a3:b3:ed:ac:1c,,,,,0.0,Normal,0.0
1744311874351971,10.42.0.139,10.42.0.1,50276,1883,33,1,0,1,0,0,1,0,12,0,0,0,0,0.0,0,,0,1,,0,0,0,1,42,4,MQTT,4,0.0,0,0,0,0,0,64.0,5760.0,0,0,esp32_a0a3b3edac1c,66,eth:ethertype:ip:tcp:mqtt,33.6,94.9,52.2,160.0,-51.0,a0:a3:b3:ed:ac:1c,,,,,0.0,Normal,0.0
1744311874387467,10.42.0.139,10.42.0.1,50276,1883,45,5,0,1,0,0,1,0,3,0,0,0,0,0.0,0,,0,0,,0,0,0,0,0,0,0,0,0.0,0,0,0,0,0,64.0,5756.0,0,0,0,57,eth:ethertype:ip:tcp,33.6,94.9,52.2,160.0,-51.0,a0:a3:b3:ed:ac:1c,,,,,0.0,Normal,0.0
1744311874397663,10.42.0.139,10.42.0.1,50276,1883,48,5,0,1,1,0,1,0,185,0,0,0,0,0.0,0,,0,3,"Wakeup: 0, Mode: 0, Reset: 1, Temperature: 40.0, Uptime: 636148, Memory: 94.9, In_Temperature: 52.2°C, CPU: 160, RSSI: -50, MAC: a0:a3:b3:ed:ac:1c, F_Storage: 99.2",test/temperatura,16,0,0,182,0,0,0,0.0,0,0,0,0,0,64.0,5756.0,0,0,0,239,eth:ethertype:ip:tcp:mqtt,40.0,94.9,52.2,160.0,-50.0,a0:a3:b3:ed:ac:1c,,,,,0.0,Normal,0.0
1744311874401065,10.42.0.139,10.42.0.1,50276,1883,234,6,0,1,0,0,0,0,0,0,0,0,0,0.0,0,,0,0,,0,0,0,0,0,0,0,0,0.0,0,0,0,0,0,64.0,5755.0,0,0,0,54,eth:ethertype:ip:tcp,40.0,94.9,52.2,160.0,-50.0,a0:a3:b3:ed:ac:1c,,,,,0.0,Normal,0.0
1744311904406448,10.42.0.139,10.42.0.1,50277,1883,0,0,1,0,0,0,0,0,0,0,0,0,0,0.0,0,,0,0,,0,0,0,0,0,0,0,0,0.0,0,0,0,0,0,64.0,5760.0,0,0,0,58,eth:ethertype:ip:tcp,40.0,94.9,52.2,160.0,-50.0,a0:a3:b3:ed:ac:1c,,,,,0.0,Normal,0.0
1744311904410976,10.42.0.139,10.42.0.1,50277,1883,1,1,0,1,0,0,0,0,0,0,0,0,0,0.0,0,,0,0,,0,0,0,0,0,0,0,0,0.0,0,0,0,0,0,64.0,5760.0,0,0,0,54,eth:ethertype:ip:tcp,40.0,94.9,52.2,160.0,-50.0,a0:a3:b3:ed:ac:1c,,,,,0.0,Normal,0.0
1744311904413378,10.42.0.139,10.42.0.1,50277,1883,1,1,0,1,0,0,1,0,3,0,0,0,0,0.0,0,,0,0,,0,0,0,0,0,0,0,0,0.0,0,0,0,0,0,64.0,5760.0,0,0,0,57,eth:ethertype:ip:tcp,40.0,94.9,52.2,160.0,-50.0,a0:a3:b3:ed:ac:1c,,,,,0.0,Normal,0.0
1744311904417046,10.42.0.139,10.42.0.1,50277,1883,4,1,0,1,0,0,1,0,31,0,0,0,0,0.0,0,,0,0,,0,0,0,0,0,0,0,0,0.0,0,0,0,0,0,64.0,5760.0,0,0,0,85,eth:ethertype:ip:tcp,40.0,94.9,52.2,160.0,-50.0,a0:a3:b3:ed:ac:1c,,,,,0.0,Normal,0.0
1744311904420193,10.42.0.139,10.42.0.1,50277,1883,35,1,0,1,0,0,1,0,10,0,0,0,0,0.0,0,,0,1,,0,0,0,1,42,4,MQTT,4,0.0,0,0,0,0,0,64.0,5760.0,0,0,esp32_a0a3b3edac1c,64,eth:ethertype:ip:tcp:mqtt,40.0,94.9,52.2,160.0,-50.0,a0:a3:b3:ed:ac:1c,,,,,0.0,Normal,0.0
1744311904437586,10.42.0.139,10.42.0.1,50277,1883,45,5,0,1,0,0,0,0,0,0,0,0,0,0.0,0,,0,0,,0,0,0,0,0,0,0,0,0.0,0,0,0,0,0,64.0,5756.0,0,0,0,54,eth:ethertype:ip:tcp,40.0,94.9,52.2,160.0,-50.0,a0:a3:b3:ed:ac:1c,,,,,0.0,Normal,0.0
1744311904458381,10.42.0.139,10.42.0.1,50277,1883,45,5,0,1,0,0,1,0,3,0,0,0,0,0.0,0,,0,0,,0,0,0,0,0,0,0,0,0.0,0,0,0,0,0,64.0,5756.0,0,0,0,57,eth:ethertype:ip:tcp,40.0,94.9,52.2,160.0,-50.0,a0:a3:b3:ed:ac:1c,,,,,0.0,Normal,0.0
1744311904466939,10.42.0.139,10.42.0.1,50277,1883,48,5,0,1,1,0,1,0,185,0,0,0,0,0.0,0,,0,3,"Wakeup: 0, Mode: 0, Reset: 1, Temperature: 28.2, Uptime: 636179, Memory: 94.9, In_Temperature: 52.2°C, CPU: 160, RSSI: -51, MAC: a0:a3:b3:ed:ac:1c, F_Storage: 99.2",test/temperatura,16,0,0,182,0,0,0,0.0,0,0,0,0,0,64.0,5756.0,0,0,0,239,eth:ethertype:ip:tcp:mqtt,28.2,94.9,52.2,160.0,-51.0,a0:a3:b3:ed:ac:1c,,,,,0.0,Normal,0.0
1744311904470828,10.42.0.139,10.42.0.1,50277,1883,234,6,0,1,0,0,0,0,0,0,0,0,0,0.0,0,,0,0,,0,0,0,0,0,0,0,0,0.0,0,0,0,0,0,64.0,5755.0,0,0,0,54,eth:ethertype:ip:tcp,28.2,94.9,52.2,160.0,-51.0,a0:a3:b3:ed:ac:1c,,,,,0.0,Normal,0.0
1744311934488391,10.42.0.139,10.42.0.1,50278,1883,0,0,1,0,0,0,0,0,0,0,0,0,0,0.0,0,,0,0,,0,0,0,0,0,0,0,0,0.0,0,0,0,0,0,64.0,5760.0,0,0,0,58,eth:ethertype:ip:tcp,28.2,94.9,52.2,160.0,-51.0,a0:a3:b3:ed:ac:1c,,,,,0.0,Normal,0.0
1744311934492386,10.42.0.139,10.42.0.1,50278,1883,1,1,0,1,0,0,0,0,0,0,0,0,0,0.0,0,,0,0,,0,0,0,0,0,0,0,0,0.0,0,0,0,0,0,64.0,5760.0,0,0,0,54,eth:ethertype:ip:tcp,28.2,94.9,52.2,160.0,-51.0,a0:a3:b3:ed:ac:1c,,,,,0.0,Normal,0.0
1744311934494489,10.42.0.139,10.42.0.1,50278,1883,1,1,0,1,0,0,1,0,3,0,0,0,0,0.0,0,,0,0,,0,0,0,0,0,0,0,0,0.0,0,0,0,0,0,64.0,5760.0,0,0,0,57,eth:ethertype:ip:tcp,28.2,94.9,52.2,160.0,-51.0,a0:a3:b3:ed:ac:1c,,,,,0.0,Normal,0.0
1744311934497919,10.42.0.139,10.42.0.1,50278,1883,4,1,0,1,0,0,1,0,29,0,0,0,0,0.0,0,,0,0,,0,0,0,0,0,0,0,0,0.0,0,0,0,0,0,64.0,5760.0,0,0,0,83,eth:ethertype:ip:tcp,28.2,94.9,52.2,160.0,-51.0,a0:a3:b3:ed:ac:1c,,,,,0.0,Normal,0.0
1744311934500894,10.42.0.139,10.42.0.1,50278,1883,33,1,0,1,0,0,1,0,12,0,0,0,0,0.0,0,,0,1,,0,0,0,1,42,4,MQTT,4,0.0,0,0,0,0,0,64.0,5760.0,0,0,esp32_a0a3b3edac1c,66,eth:ethertype:ip:tcp:mqtt,28.2,94.9,52.2,160.0,-51.0,a0:a3:b3:ed:ac:1c,,,,,0.0,Normal,0.0
1744311934536898,10.42.0.139,10.42.0.1,50278,1883,45,5,0,1,0,0,1,0,3,0,0,0,0,0.0,0,,0,0,,0,0,0,0,0,0,0,0,0.0,0,0,0,0,0,64.0,5756.0,0,0,0,57,eth:ethertype:ip:tcp,28.2,94.9,52.2,160.0,-51.0,a0:a3:b3:ed:ac:1c,,,,,0.0,Normal,0.0
1744311934546336,10.42.0.139,10.42.0.1,50278,1883,48,5,0,1,1,0,1,0,185,0,0,0,0,0.0,0,,0,3,"Wakeup: 0, Mode: 0, Reset: 1, Temperature: 33.6, Uptime: 636209, Memory: 94.9, In_Temperature: 52.2°C, CPU: 160, RSSI: -51, MAC: a0:a3:b3:ed:ac:1c, F_Storage: 99.2",test/temperatura,16,0,0,182,0,0,0,0.0,0,0,0,0,0,64.0,5756.0,0,0,0,239,eth:ethertype:ip:tcp:mqtt,33.6,94.9,52.2,160.0,-51.0,a0:a3:b3:ed:ac:1c,,,,,0.0,Normal,0.0
1744311934549788,10.42.0.139,10.42.0.1,50278,1883,234,6,0,1,0,0,0,0,0,0,0,0,0,0.0,0,,0,0,,0,0,0,0,0,0,0,0,0.0,0,0,0,0,0,64.0,5755.0,0,0,0,54,eth:ethertype:ip:tcp,33.6,94.9,52.2,160.0,-51.0,a0:a3:b3:ed:ac:1c,,,,,0.0,Normal,0.0
1744311964555402,10.42.0.139,10.42.0.1,50279,1883,0,0,1,0,0,0,0,0,0,0,0,0,0,0.0,0,,0,0,,0,0,0,0,0,0,0,0,0.0,0,0,0,0,0,64.0,5760.0,0,0,0,58,eth:ethertype:ip:tcp,33.6,94.9,52.2,160.0,-51.0,a0:a3:b3:ed:ac:1c,,,,,0.0,Normal,0.0
1744311964559477,10.42.0.139,10.42.0.1,50279,1883,1,1,0,1,0,0,0,0,0,0,0,0,0,0.0,0,,0,0,,0,0,0,0,0,0,0,0,0.0,0,0,0,0,0,64.0,5760.0,0,0,0,54,eth:ethertype:ip:tcp,33.6,94.9,52.2,160.0,-51.0,a0:a3:b3:ed:ac:1c,,,,,0.0,Normal,0.0
1744311964562474,10.42.0.139,10.42.0.1,50279,1883,1,1,0,1,0,0,1,0,3,0,0,0,0,0.0,0,,0,0,,0,0,0,0,0,0,0,0,0.0,0,0,0,0,0,64.0,5760.0,0,0,0,57,eth:ethertype:ip:tcp,33.6,94.9,52.2,160.0,-51.0,a0:a3:b3:ed:ac:1c,,,,,0.0,Normal,0.0
1744311964567778,10.42.0.139,10.42.0.1,50279,1883,4,1,0,1,0,0,1,0,41,0,0,0,0,0.0,0,,0,1,,0,0,0,1,42,4,MQTT,4,0.0,0,0,0,0,0,64.0,5760.0,0,0,esp32_a0a3b3edac1c,95,eth:ethertype:ip:tcp:mqtt,33.6,94.9,52.2,160.0,-51.0,a0:a3:b3:ed:ac:1c,,,,,0.0,Normal,0.0
1744311964603109,10.42.0.139,10.42.0.1,50279,1883,45,5,0,1,0,0,1,0,3,0,0,0,0,0.0,0,,0,0,,0,0,0,0,0,0,0,0,0.0,0,0,0,0,0,64.0,5756.0,0,0,0,57,eth:ethertype:ip:tcp,33.6,94.9,52.2,160.0,-51.0,a0:a3:b3:ed:ac:1c,,,,,0.0,Normal,0.0
1744311964615589,10.42.0.139,10.42.0.1,50279,1883,48,5,0,1,1,0,1,0,185,0,0,0,0,0.0,0,,0,3,"Wakeup: 0, Mode: 0, Reset: 1, Temperature: 37.0, Uptime: 636239, Memory: 94.9, In_Temperature: 52.2°C, CPU: 160, RSSI: -49, MAC: a0:a3:b3:ed:ac:1c, F_Storage: 99.2",test/temperatura,16,0,0,182,0,0,0,0.0,0,0,0,0,0,64.0,5756.0,0,0,0,239,eth:ethertype:ip:tcp:mqtt,37.0,94.9,52.2,160.0,-49.0,a0:a3:b3:ed:ac:1c,,,,,0.0,Normal,0.0
1744311964618798,10.42.0.139,10.42.0.1,50279,1883,234,6,0,1,0,0,0,0,0,0,0,0,0,0.0,0,,0,0,,0,0,0,0,0,0,0,0,0.0,0,0,0,0,0,64.0,5755.0,0,0,0,54,eth:ethertype:ip:tcp,37.0,94.9,52.2,160.0,-49.0,a0:a3:b3:ed:ac:1c,,,,,0.0,Normal,0.0
1744311994625291,10.42.0.139,10.42.0.1,50280,1883,0,0,1,0,0,0,0,0,0,0,0,0,0,0.0,0,,0,0,,0,0,0,0,0,0,0,0,0.0,0,0,0,0,0,64.0,5760.0,0,0,0,58,eth:ethertype:ip:tcp,37.0,94.9,52.2,160.0,-49.0,a0:a3:b3:ed:ac:1c,,,,,0.0,Normal,0.0
1744311994629144,10.42.0.139,10.42.0.1,50280,1883,1,1,0,1,0,0,0,0,0,0,0,0,0,0.0,0,,0,0,,0,0,0,0,0,0,0,0,0.0,0,0,0,0,0,64.0,5760.0,0,0,0,54,eth:ethertype:ip:tcp,37.0,94.9,52.2,160.0,-49.0,a0:a3:b3:ed:ac:1c,,,,,0.0,Normal,0.0
1744311994631289,10.42.0.139,10.42.0.1,50280,1883,1,1,0,1,0,0,1,0,3,0,0,0,0,0.0,0,,0,0,,0,0,0,0,0,0,0,0,0.0,0,0,0,0,0,64.0,5760.0,0,0,0,57,eth:ethertype:ip:tcp,37.0,94.9,52.2,160.0,-49.0,a0:a3:b3:ed:ac:1c,,,,,0.0,Normal,0.0
1744311994634755,10.42.0.139,10.42.0.1,50280,1883,4,1,0,1,0,0,1,0,29,0,0,0,0,0.0,0,,0,0,,0,0,0,0,0,0,0,0,0.0,0,0,0,0,0,64.0,5760.0,0,0,0,83,eth:ethertype:ip:tcp,37.0,94.9,52.2,160.0,-49.0,a0:a3:b3:ed:ac:1c,,,,,0.0,Normal,0.0
1744311994637894,10.42.0.139,10.42.0.1,50280,1883,33,1,0,1,0,0,1,0,12,0,0,0,0,0.0,0,,0,1,,0,0,0,1,42,4,MQTT,4,0.0,0,0,0,0,0,64.0,5760.0,0,0,esp32_a0a3b3edac1c,66,eth:ethertype:ip:tcp:mqtt,37.0,94.9,52.2,160.0,-49.0,a0:a3:b3:ed:ac:1c,,,,,0.0,Normal,0.0
1744311994674299,10.42.0.139,10.42.0.1,50280,1883,45,5,0,1,0,0,1,0,3,0,0,0,0,0.0,0,,0,0,,0,0,0,0,0,0,0,0,0.0,0,0,0,0,0,64.0,5756.0,0,0,0,57,eth:ethertype:ip:tcp,37.0,94.9,52.2,160.0,-49.0,a0:a3:b3:ed:ac:1c,,,,,0.0,Normal,0.0
1744311994685005,10.42.0.139,10.42.0.1,50280,1883,48,5,0,1,1,0,1,0,185,0,0,0,0,0.0,0,,0,3,"Wakeup: 0, Mode: 0, Reset: 1, Temperature: 40.1, Uptime: 636269, Memory: 94.9, In_Temperature: 52.2°C, CPU: 160, RSSI: -51, MAC: a0:a3:b3:ed:ac:1c, F_Storage: 99.2",test/temperatura,16,0,0,182,0,0,0,0.0,0,0,0,0,0,64.0,5756.0,0,0,0,239,eth:ethertype:ip:tcp:mqtt,40.1,94.9,52.2,160.0,-51.0,a0:a3:b3:ed:ac:1c,,,,,0.0,Normal,0.0
1744311994688592,10.42.0.139,10.42.0.1,50280,1883,234,6,0,1,0,0,0,0,0,0,0,0,0,0.0,0,,0,0,,0,0,0,0,0,0,0,0,0.0,0,0,0,0,0,64.0,5755.0,0,0,0,54,eth:ethertype:ip:tcp,40.1,94.9,52.2,160.0,-51.0,a0:a3:b3:ed:ac:1c,,,,,0.0,Normal,0.0
1744312024694067,10.42.0.139,10.42.0.1,50281,1883,0,0,1,0,0,0,0,0,0,0,0,0,0,0.0,0,,0,0,,0,0,0,0,0,0,0,0,0.0,0,0,0,0,0,64.0,5760.0,0,0,0,58,eth:ethertype:ip:tcp,40.1,94.9,52.2,160.0,-51.0,a0:a3:b3:ed:ac:1c,,,,,0.0,Normal,0.0
1744312024698105,10.42.0.139,10.42.0.1,50281,1883,1,1,0,1,0,0,0,0,0,0,0,0,0,0.0,0,,0,0,,0,0,0,0,0,0,0,0,0.0,0,0,0,0,0,64.0,5760.0,0,0,0,54,eth:ethertype:ip:tcp,40.1,94.9,52.2,160.0,-51.0,a0:a3:b3:ed:ac:1c,,,,,0.0,Normal,0.0
1744312024700190,10.42.0.139,10.42.0.1,50281,1883,1,1,0,1,0,0,1,0,3,0,0,0,0,0.0,0,,0,0,,0,0,0,0,0,0,0,0,0.0,0,0,0,0,0,64.0,5760.0,0,0,0,57,eth:ethertype:ip:tcp,40.1,94.9,52.2,160.0,-51.0,a0:a3:b3:ed:ac:1c,,,,,0.0,Normal,0.0
1744312024703531,10.42.0.139,10.42.0.1,50281,1883,4,1,0,1,0,0,1,0,29,0,0,0,0,0.0,0,,0,0,,0,0,0,0,0,0,0,0,0.0,0,0,0,0,0,64.0,5760.0,0,0,0,83,eth:ethertype:ip:tcp,40.1,94.9,52.2,160.0,-51.0,a0:a3:b3:ed:ac:1c,,,,,0.0,Normal,0.0
1744312024706590,10.42.0.139,10.42.0.1,50281,1883,33,1,0,1,0,0,1,0,12,0,0,0,0,0.0,0,,0,1,,0,0,0,1,42,4,MQTT,4,0.0,0,0,0,0,0,64.0,5760.0,0,0,esp32_a0a3b3edac1c,66,eth:ethertype:ip:tcp:mqtt,40.1,94.9,52.2,160.0,-51.0,a0:a3:b3:ed:ac:1c,,,,,0.0,Normal,0.0
1744312024742032,10.42.0.139,10.42.0.1,50281,1883,45,5,0,1,0,0,1,0,3,0,0,0,0,0.0,0,,0,0,,0,0,0,0,0,0,0,0,0.0,0,0,0,0,0,64.0,5756.0,0,0,0,57,eth:ethertype:ip:tcp,40.1,94.9,52.2,160.0,-51.0,a0:a3:b3:ed:ac:1c,,,,,0.0,Normal,0.0
1744312024754273,10.42.0.139,10.42.0.1,50281,1883,48,5,0,1,1,0,1,0,185,0,0,0,0,0.0,0,,0,3,"Wakeup: 0, Mode: 0, Reset: 1, Temperature: 29.6, Uptime: 636299, Memory: 94.9, In_Temperature: 52.2°C, CPU: 160, RSSI: -51, MAC: a0:a3:b3:ed:ac:1c, F_Storage: 99.2",test/temperatura,16,0,0,182,0,0,0,0.0,0,0,0,0,0,64.0,5756.0,0,0,0,239,eth:ethertype:ip:tcp:mqtt,29.6,94.9,52.2,160.0,-51.0,a0:a3:b3:ed:ac:1c,,,,,0.0,Normal,0.0
1744312024757673,10.42.0.139,10.42.0.1,50281,1883,234,6,0,1,0,0,0,0,0,0,0,0,0,0.0,0,,0,0,,0,0,0,0,0,0,0,0,0.0,0,0,0,0,0,64.0,5755.0,0,0,0,54,eth:ethertype:ip:tcp,29.6,94.9,52.2,160.0,-51.0,a0:a3:b3:ed:ac:1c,,,,,0.0,Normal,0.0
1744312054762549,10.42.0.139,10.42.0.1,50282,1883,0,0,1,0,0,0,0,0,0,0,0,0,0,0.0,0,,0,0,,0,0,0,0,0,0,0,0,0.0,0,0,0,0,0,64.0,5760.0,0,0,0,58,eth:ethertype:ip:tcp,29.6,94.9,52.2,160.0,-51.0,a0:a3:b3:ed:ac:1c,,,,,0.0,Normal,0.0
1744312054766175,10.42.0.139,10.42.0.1,50282,1883,1,1,0,1,0,0,0,0,0,0,0,0,0,0.0,0,,0,0,,0,0,0,0,0,0,0,0,0.0,0,0,0,0,0,64.0,5760.0,0,0,0,54,eth:ethertype:ip:tcp,29.6,94.9,52.2,160.0,-51.0,a0:a3:b3:ed:ac:1c,,,,,0.0,Normal,0.0
1744312054768332,10.42.0.139,10.42.0.1,50282,1883,1,1,0,1,0,0,1,0,3,0,0,0,0,0.0,0,,0,0,,0,0,0,0,0,0,0,0,0.0,0,0,0,0,0,64.0,5760.0,0,0,0,57,eth:ethertype:ip:tcp,29.6,94.9,52.2,160.0,-51.0,a0:a3:b3:ed:ac:1c,,,,,0.0,Normal,0.0
1744312054772028,10.42.0.139,10.42.0.1,50282,1883,4,1,0,1,0,0,1,0,29,0,0,0,0,0.0,0,,0,0,,0,0,0,0,0,0,0,0,0.0,0,0,0,0,0,64.0,5760.0,0,0,0,83,eth:ethertype:ip:tcp,29.6,94.9,52.2,160.0,-51.0,a0:a3:b3:ed:ac:1c,,,,,0.0,Normal,0.0
1744312054777021,10.42.0.139,10.42.0.1,50282,1883,33,1,0,1,0,0,1,0,12,0,0,0,0,0.0,0,,0,1,,0,0,0,1,42,4,MQTT,4,0.0,0,0,0,0,0,64.0,5760.0,0,0,esp32_a0a3b3edac1c,66,eth:ethertype:ip:tcp:mqtt,29.6,94.9,52.2,160.0,-51.0,a0:a3:b3:ed:ac:1c,,,,,0.0,Normal,0.0
1744312054814060,10.42.0.139,10.42.0.1,50282,1883,45,5,0,1,0,0,1,0,3,0,0,0,0,0.0,0,,0,0,,0,0,0,0,0,0,0,0,0.0,0,0,0,0,0,64.0,5756.0,0,0,0,57,eth:ethertype:ip:tcp,29.6,94.9,52.2,160.0,-51.0,a0:a3:b3:ed:ac:1c,,,,,0.0,Normal,0.0
1744312054823720,10.42.0.139,10.42.0.1,50282,1883,48,5,0,1,1,0,1,0,185,0,0,0,0,0.0,0,,0,3,"Wakeup: 0, Mode: 0, Reset: 1, Temperature: 26.9, Uptime: 636329, Memory: 94.9, In_Temperature: 52.2°C, CPU: 160, RSSI: -51, MAC: a0:a3:b3:ed:ac:1c, F_Storage: 99.2",test/temperatura,16,0,0,182,0,0,0,0.0,0,0,0,0,0,64.0,5756.0,0,0,0,239,eth:ethertype:ip:tcp:mqtt,26.9,94.9,52.2,160.0,-51.0,a0:a3:b3:ed:ac:1c,,,,,0.0,Normal,0.0
1744312054827028,10.42.0.139,10.42.0.1,50282,1883,234,6,0,1,0,0,0,0,0,0,0,0,0,0.0,0,,0,0,,0,0,0,0,0,0,0,0,0.0,0,0,0,0,0,64.0,5755.0,0,0,0,54,eth:ethertype:ip:tcp,26.9,94.9,52.2,160.0,-51.0,a0:a3:b3:ed:ac:1c,,,,,0.0,Normal,0.0
1744312084832673,10.42.0.139,10.42.0.1,50283,1883,0,0,1,0,0,0,0,0,0,0,0,0,0,0.0,0,,0,0,,0,0,0,0,0,0,0,0,0.0,0,0,0,0,0,64.0,5760.0,0,0,0,58,eth:ethertype:ip:tcp,26.9,94.9,52.2,160.0,-51.0,a0:a3:b3:ed:ac:1c,,,,,0.0,Normal,0.0
1744312084836753,10.42.0.139,10.42.0.1,50283,1883,1,1,0,1,0,0,0,0,0,0,0,0,0,0.0,0,,0,0,,0,0,0,0,0,0,0,0,0.0,0,0,0,0,0,64.0,5760.0,0,0,0,54,eth:ethertype:ip:tcp,26.9,94.9,52.2,160.0,-51.0,a0:a3:b3:ed:ac:1c,,,,,0.0,Normal,0.0
1744312084840518,10.42.0.139,10.42.0.1,50283,1883,1,1,0,1,0,0,1,0,3,0,0,0,0,0.0,0,,0,0,,0,0,0,0,0,0,0,0,0.0,0,0,0,0,0,64.0,5760.0,0,0,0,57,eth:ethertype:ip:tcp,26.9,94.9,52.2,160.0,-51.0,a0:a3:b3:ed:ac:1c,,,,,0.0,Normal,0.0
1744312084843864,10.42.0.139,10.42.0.1,50283,1883,4,1,0,1,0,0,1,0,41,0,0,0,0,0.0,0,,0,1,,0,0,0,1,42,4,MQTT,4,0.0,0,0,0,0,0,64.0,5760.0,0,0,esp32_a0a3b3edac1c,95,eth:ethertype:ip:tcp:mqtt,26.9,94.9,52.2,160.0,-51.0,a0:a3:b3:ed:ac:1c,,,,,0.0,Normal,0.0
1744312084879324,10.42.0.139,10.42.0.1,50283,1883,45,5,0,1,0,0,1,0,3,0,0,0,0,0.0,0,,0,0,,0,0,0,0,0,0,0,0,0.0,0,0,0,0,0,64.0,5756.0,0,0,0,57,eth:ethertype:ip:tcp,26.9,94.9,52.2,160.0,-51.0,a0:a3:b3:ed:ac:1c,,,,,0.0,Normal,0.0
1744312084893793,10.42.0.139,10.42.0.1,50283,1883,48,5,0,1,1,0,1,0,185,0,0,0,0,0.0,0,,0,3,"Wakeup: 0, Mode: 0, Reset: 1, Temperature: 35.7, Uptime: 636359, Memory: 94.9, In_Temperature: 52.2°C, CPU: 160, RSSI: -50, MAC: a0:a3:b3:ed:ac:1c, F_Storage: 99.2",test/temperatura,16,0,0,182,0,0,0,0.0,0,0,0,0,0,64.0,5756.0,0,0,0,239,eth:ethertype:ip:tcp:mqtt,35.7,94.9,52.2,160.0,-50.0,a0:a3:b3:ed:ac:1c,,,,,0.0,Normal,0.0
1744312084897237,10.42.0.139,10.42.0.1,50283,1883,234,6,0,1,0,0,0,0,0,0,0,0,0,0.0,0,,0,0,,0,0,0,0,0,0,0,0,0.0,0,0,0,0,0,64.0,5755.0,0,0,0,54,eth:ethertype:ip:tcp,35.7,94.9,52.2,160.0,-50.0,a0:a3:b3:ed:ac:1c,,,,,0.0,Normal,0.0
1744312114902291,10.42.0.139,10.42.0.1,50284,1883,0,0,1,0,0,0,0,0,0,0,0,0,0,0.0,0,,0,0,,0,0,0,0,0,0,0,0,0.0,0,0,0,0,0,64.0,5760.0,0,0,0,58,eth:ethertype:ip:tcp,35.7,94.9,52.2,160.0,-50.0,a0:a3:b3:ed:ac:1c,,,,,0.0,Normal,0.0
1744312114906191,10.42.0.139,10.42.0.1,50284,1883,1,1,0,1,0,0,0,0,0,0,0,0,0,0.0,0,,0,0,,0,0,0,0,0,0,0,0,0.0,0,0,0,0,0,64.0,5760.0,0,0,0,54,eth:ethertype:ip:tcp,35.7,94.9,52.2,160.0,-50.0,a0:a3:b3:ed:ac:1c,,,,,0.0,Normal,0.0
1744312114908343,10.42.0.139,10.42.0.1,50284,1883,1,1,0,1,0,0,1,0,3,0,0,0,0,0.0,0,,0,0,,0,0,0,0,0,0,0,0,0.0,0,0,0,0,0,64.0,5760.0,0,0,0,57,eth:ethertype:ip:tcp,35.7,94.9,52.2,160.0,-50.0,a0:a3:b3:ed:ac:1c,,,,,0.0,Normal,0.0
1744312114911741,10.42.0.139,10.42.0.1,50284,1883,4,1,0,1,0,0,1,0,29,0,0,0,0,0.0,0,,0,0,,0,0,0,0,0,0,0,0,0.0,0,0,0,0,0,64.0,5760.0,0,0,0,83,eth:ethertype:ip:tcp,35.7,94.9,52.2,160.0,-50.0,a0:a3:b3:ed:ac:1c,,,,,0.0,Normal,0.0
1744312114914888,10.42.0.139,10.42.0.1,50284,1883,33,1,0,1,0,0,1,0,12,0,0,0,0,0.0,0,,0,1,,0,0,0,1,42,4,MQTT,4,0.0,0,0,0,0,0,64.0,5760.0,0,0,esp32_a0a3b3edac1c,66,eth:ethertype:ip:tcp:mqtt,35.7,94.9,52.2,160.0,-50.0,a0:a3:b3:ed:ac:1c,,,,,0.0,Normal,0.0
1744312114933048,10.42.0.139,10.42.0.1,50284,1883,45,5,0,1,0,0,0,0,0,0,0,0,0,0.0,0,,0,0,,0,0,0,0,0,0,0,0,0.0,0,0,0,0,0,64.0,5756.0,0,0,0,54,eth:ethertype:ip:tcp,35.7,94.9,52.2,160.0,-50.0,a0:a3:b3:ed:ac:1c,,,,,0.0,Normal,0.0
1744312114951838,10.42.0.139,10.42.0.1,50284,1883,45,5,0,1,0,0,1,0,3,0,0,0,0,0.0,0,,0,0,,0,0,0,0,0,0,0,0,0.0,0,0,0,0,0,64.0,5756.0,0,0,0,57,eth:ethertype:ip:tcp,35.7,94.9,52.2,160.0,-50.0,a0:a3:b3:ed:ac:1c,,,,,0.0,Normal,0.0
1744312114962370,10.42.0.139,10.42.0.1,50284,1883,48,5,0,1,1,0,1,0,185,0,0,0,0,0.0,0,,0,3,"Wakeup: 0, Mode: 0, Reset: 1, Temperature: 29.5, Uptime: 636389, Memory: 94.9, In_Temperature: 52.2°C, CPU: 160, RSSI: -51, MAC: a0:a3:b3:ed:ac:1c, F_Storage: 99.2",test/temperatura,16,0,0,182,0,0,0,0.0,0,0,0,0,0,64.0,5756.0,0,0,0,239,eth:ethertype:ip:tcp:mqtt,29.5,94.9,52.2,160.0,-51.0,a0:a3:b3:ed:ac:1c,,,,,0.0,Normal,0.0
1744312114965849,10.42.0.139,10.42.0.1,50284,1883,234,6,0,1,0,0,0,0,0,0,0,0,0,0.0,0,,0,0,,0,0,0,0,0,0,0,0,0.0,0,0,0,0,0,64.0,5755.0,0,0,0,54,eth:ethertype:ip:tcp,29.5,94.9,52.2,160.0,-51.0,a0:a3:b3:ed:ac:1c,,,,,0.0,Normal,0.0
1744312144970585,10.42.0.139,10.42.0.1,50285,1883,0,0,1,0,0,0,0,0,0,0,0,0,0,0.0,0,,0,0,,0,0,0,0,0,0,0,0,0.0,0,0,0,0,0,64.0,5760.0,0,0,0,58,eth:ethertype:ip:tcp,29.5,94.9,52.2,160.0,-51.0,a0:a3:b3:ed:ac:1c,,,,,0.0,Normal,0.0
1744312144974547,10.42.0.139,10.42.0.1,50285,1883,1,1,0,1,0,0,0,0,0,0,0,0,0,0.0,0,,0,0,,0,0,0,0,0,0,0,0,0.0,0,0,0,0,0,64.0,5760.0,0,0,0,54,eth:ethertype:ip:tcp,29.5,94.9,52.2,160.0,-51.0,a0:a3:b3:ed:ac:1c,,,,,0.0,Normal,0.0
1744312144976820,10.42.0.139,10.42.0.1,50285,1883,1,1,0,1,0,0,1,0,3,0,0,0,0,0.0,0,,0,0,,0,0,0,0,0,0,0,0,0.0,0,0,0,0,0,64.0,5760.0,0,0,0,57,eth:ethertype:ip:tcp,29.5,94.9,52.2,160.0,-51.0,a0:a3:b3:ed:ac:1c,,,,,0.0,Normal,0.0
1744312144980370,10.42.0.139,10.42.0.1,50285,1883,4,1,0,1,0,0,1,0,29,0,0,0,0,0.0,0,,0,0,,0,0,0,0,0,0,0,0,0.0,0,0,0,0,0,64.0,5760.0,0,0,0,83,eth:ethertype:ip:tcp,29.5,94.9,52.2,160.0,-51.0,a0:a3:b3:ed:ac:1c,,,,,0.0,Normal,0.0
1744312144983518,10.42.0.139,10.42.0.1,50285,1883,33,1,0,1,0,0,1,0,12,0,0,0,0,0.0,0,,0,1,,0,0,0,1,42,4,MQTT,4,0.0,0,0,0,0,0,64.0,5760.0,0,0,esp32_a0a3b3edac1c,66,eth:ethertype:ip:tcp:mqtt,29.5,94.9,52.2,160.0,-51.0,a0:a3:b3:ed:ac:1c,,,,,0.0,Normal,0.0
1744312145021141,10.42.0.139,10.42.0.1,50285,1883,45,5,0,1,0,0,1,0,3,0,0,0,0,0.0,0,,0,0,,0,0,0,0,0,0,0,0,0.0,0,0,0,0,0,64.0,5756.0,0,0,0,57,eth:ethertype:ip:tcp,29.5,94.9,52.2,160.0,-51.0,a0:a3:b3:ed:ac:1c,,,,,0.0,Normal,0.0
1744312145031648,10.42.0.139,10.42.0.1,50285,1883,48,5,0,1,1,0,1,0,185,0,0,0,0,0.0,0,,0,3,"Wakeup: 0, Mode: 0, Reset: 1, Temperature: 31.5, Uptime: 636419, Memory: 94.9, In_Temperature: 52.2°C, CPU: 160, RSSI: -51, MAC: a0:a3:b3:ed:ac:1c, F_Storage: 99.2",test/temperatura,16,0,0,182,0,0,0,0.0,0,0,0,0,0,64.0,5756.0,0,0,0,239,eth:ethertype:ip:tcp:mqtt,31.5,94.9,52.2,160.0,-51.0,a0:a3:b3:ed:ac:1c,,,,,0.0,Normal,0.0
1744312145035319,10.42.0.139,10.42.0.1,50285,1883,234,6,0,1,0,0,0,0,0,0,0,0,0,0.0,0,,0,0,,0,0,0,0,0,0,0,0,0.0,0,0,0,0,0,64.0,5755.0,0,0,0,54,eth:ethertype:ip:tcp,31.5,94.9,52.2,160.0,-51.0,a0:a3:b3:ed:ac:1c,,,,,0.0,Normal,0.0
1744312175040734,10.42.0.139,10.42.0.1,50286,1883,0,0,1,0,0,0,0,0,0,0,0,0,0,0.0,0,,0,0,,0,0,0,0,0,0,0,0,0.0,0,0,0,0,0,64.0,5760.0,0,0,0,58,eth:ethertype:ip:tcp,31.5,94.9,52.2,160.0,-51.0,a0:a3:b3:ed:ac:1c,,,,,0.0,Normal,0.0
1744312175044745,10.42.0.139,10.42.0.1,50286,1883,1,1,0,1,0,0,0,0,0,0,0,0,0,0.0,0,,0,0,,0,0,0,0,0,0,0,0,0.0,0,0,0,0,0,64.0,5760.0,0,0,0,54,eth:ethertype:ip:tcp,31.5,94.9,52.2,160.0,-51.0,a0:a3:b3:ed:ac:1c,,,,,0.0,Normal,0.0
1744312175046755,10.42.0.139,10.42.0.1,50286,1883,1,1,0,1,0,0,1,0,3,0,0,0,0,0.0,0,,0,0,,0,0,0,0,0,0,0,0,0.0,0,0,0,0,0,64.0,5760.0,0,0,0,57,eth:ethertype:ip:tcp,31.5,94.9,52.2,160.0,-51.0,a0:a3:b3:ed:ac:1c,,,,,0.0,Normal,0.0
1744312175050175,10.42.0.139,10.42.0.1,50286,1883,4,1,0,1,0,0,1,0,29,0,0,0,0,0.0,0,,0,0,,0,0,0,0,0,0,0,0,0.0,0,0,0,0,0,64.0,5760.0,0,0,0,83,eth:ethertype:ip:tcp,31.5,94.9,52.2,160.0,-51.0,a0:a3:b3:ed:ac:1c,,,,,0.0,Normal,0.0
1744312175053195,10.42.0.139,10.42.0.1,50286,1883,33,1,0,1,0,0,1,0,12,0,0,0,0,0.0,0,,0,1,,0,0,0,1,42,4,MQTT,4,0.0,0,0,0,0,0,64.0,5760.0,0,0,esp32_a0a3b3edac1c,66,eth:ethertype:ip:tcp:mqtt,31.5,94.9,52.2,160.0,-51.0,a0:a3:b3:ed:ac:1c,,,,,0.0,Normal,0.0
1744312175090717,10.42.0.139,10.42.0.1,50286,1883,45,5,0,1,0,0,1,0,3,0,0,0,0,0.0,0,,0,0,,0,0,0,0,0,0,0,0,0.0,0,0,0,0,0,64.0,5756.0,0,0,0,57,eth:ethertype:ip:tcp,31.5,94.9,52.2,160.0,-51.0,a0:a3:b3:ed:ac:1c,,,,,0.0,Normal,0.0
1744312175101981,10.42.0.139,10.42.0.1,50286,1883,48,5,0,1,1,0,1,0,185,0,0,0,0,0.0,0,,0,3,"Wakeup: 0, Mode: 0, Reset: 1, Temperature: 31.4, Uptime: 636449, Memory: 94.9, In_Temperature: 52.2°C, CPU: 160, RSSI: -51, MAC: a0:a3:b3:ed:ac:1c, F_Storage: 99.2",test/temperatura,16,0,0,182,0,0,0,0.0,0,0,0,0,0,64.0,5756.0,0,0,0,239,eth:ethertype:ip:tcp:mqtt,31.4,94.9,52.2,160.0,-51.0,a0:a3:b3:ed:ac:1c,,,,,0.0,Normal,0.0
1744312175105596,10.42.0.139,10.42.0.1,50286,1883,234,6,0,1,0,0,0,0,0,0,0,0,0,0.0,0,,0,0,,0,0,0,0,0,0,0,0,0.0,0,0,0,0,0,64.0,5755.0,0,0,0,54,eth:ethertype:ip:tcp,31.4,94.9,52.2,160.0,-51.0,a0:a3:b3:ed:ac:1c,,,,,0.0,Normal,0.0
1744312205110217,10.42.0.139,10.42.0.1,50287,1883,0,0,1,0,0,0,0,0,0,0,0,0,0,0.0,0,,0,0,,0,0,0,0,0,0,0,0,0.0,0,0,0,0,0,64.0,5760.0,0,0,0,58,eth:ethertype:ip:tcp,31.4,94.9,52.2,160.0,-51.0,a0:a3:b3:ed:ac:1c,,,,,0.0,Normal,0.0
1744312205114203,10.42.0.139,10.42.0.1,50287,1883,1,1,0,1,0,0,0,0,0,0,0,0,0,0.0,0,,0,0,,0,0,0,0,0,0,0,0,0.0,0,0,0,0,0,64.0,5760.0,0,0,0,54,eth:ethertype:ip:tcp,31.4,94.9,52.2,160.0,-51.0,a0:a3:b3:ed:ac:1c,,,,,0.0,Normal,0.0
1744312205116306,10.42.0.139,10.42.0.1,50287,1883,1,1,0,1,0,0,1,0,3,0,0,0,0,0.0,0,,0,0,,0,0,0,0,0,0,0,0,0.0,0,0,0,0,0,64.0,5760.0,0,0,0,57,eth:ethertype:ip:tcp,31.4,94.9,52.2,160.0,-51.0,a0:a3:b3:ed:ac:1c,,,,,0.0,Normal,0.0
1744312205119642,10.42.0.139,10.42.0.1,50287,1883,4,1,0,1,0,0,1,0,29,0,0,0,0,0.0,0,,0,0,,0,0,0,0,0,0,0,0,0.0,0,0,0,0,0,64.0,5760.0,0,0,0,83,eth:ethertype:ip:tcp,31.4,94.9,52.2,160.0,-51.0,a0:a3:b3:ed:ac:1c,,,,,0.0,Normal,0.0
1744312205122886,10.42.0.139,10.42.0.1,50287,1883,33,1,0,1,0,0,1,0,12,0,0,0,0,0.0,0,,0,1,,0,0,0,1,42,4,MQTT,4,0.0,0,0,0,0,0,64.0,5760.0,0,0,esp32_a0a3b3edac1c,66,eth:ethertype:ip:tcp:mqtt,31.4,94.9,52.2,160.0,-51.0,a0:a3:b3:ed:ac:1c,,,,,0.0,Normal,0.0
1744312205158282,10.42.0.139,10.42.0.1,50287,1883,45,5,0,1,0,0,1,0,3,0,0,0,0,0.0,0,,0,0,,0,0,0,0,0,0,0,0,0.0,0,0,0,0,0,64.0,5756.0,0,0,0,57,eth:ethertype:ip:tcp,31.4,94.9,52.2,160.0,-51.0,a0:a3:b3:ed:ac:1c,,,,,0.0,Normal,0.0
1744312205170921,10.42.0.139,10.42.0.1,50287,1883,48,5,0,1,1,0,1,0,185,0,0,0,0,0.0,0,,0,3,"Wakeup: 0, Mode: 0, Reset: 1, Temperature: 27.4, Uptime: 636479, Memory: 94.9, In_Temperature: 52.2°C, CPU: 160, RSSI: -50, MAC: a0:a3:b3:ed:ac:1c, F_Storage: 99.2",test/temperatura,16,0,0,182,0,0,0,0.0,0,0,0,0,0,64.0,5756.0,0,0,0,239,eth:ethertype:ip:tcp:mqtt,27.4,94.9,52.2,160.0,-50.0,a0:a3:b3:ed:ac:1c,,,,,0.0,Normal,0.0
1744312205174419,10.42.0.139,10.42.0.1,50287,1883,234,6,0,1,0,0,0,0,0,0,0,0,0,0.0,0,,0,0,,0,0,0,0,0,0,0,0,0.0,0,0,0,0,0,64.0,5755.0,0,0,0,54,eth:ethertype:ip:tcp,27.4,94.9,52.2,160.0,-50.0,a0:a3:b3:ed:ac:1c,,,,,0.0,Normal,0.0
1744312235179592,10.42.0.139,10.42.0.1,50288,1883,0,0,1,0,0,0,0,0,0,0,0,0,0,0.0,0,,0,0,,0,0,0,0,0,0,0,0,0.0,0,0,0,0,0,64.0,5760.0,0,0,0,58,eth:ethertype:ip:tcp,27.4,94.9,52.2,160.0,-50.0,a0:a3:b3:ed:ac:1c,,,,,0.0,Normal,0.0
1744312235183645,10.42.0.139,10.42.0.1,50288,1883,1,1,0,1,0,0,0,0,0,0,0,0,0,0.0,0,,0,0,,0,0,0,0,0,0,0,0,0.0,0,0,0,0,0,64.0,5760.0,0,0,0,54,eth:ethertype:ip:tcp,27.4,94.9,52.2,160.0,-50.0,a0:a3:b3:ed:ac:1c,,,,,0.0,Normal,0.0
1744312235185744,10.42.0.139,10.42.0.1,50288,1883,1,1,0,1,0,0,1,0,3,0,0,0,0,0.0,0,,0,0,,0,0,0,0,0,0,0,0,0.0,0,0,0,0,0,64.0,5760.0,0,0,0,57,eth:ethertype:ip:tcp,27.4,94.9,52.2,160.0,-50.0,a0:a3:b3:ed:ac:1c,,,,,0.0,Normal,0.0
1744312235189149,10.42.0.139,10.42.0.1,50288,1883,4,1,0,1,0,0,1,0,29,0,0,0,0,0.0,0,,0,0,,0,0,0,0,0,0,0,0,0.0,0,0,0,0,0,64.0,5760.0,0,0,0,83,eth:ethertype:ip:tcp,27.4,94.9,52.2,160.0,-50.0,a0:a3:b3:ed:ac:1c,,,,,0.0,Normal,0.0
1744312235192775,10.42.0.139,10.42.0.1,50288,1883,33,1,0,1,0,0,1,0,12,0,0,0,0,0.0,0,,0,1,,0,0,0,1,42,4,MQTT,4,0.0,0,0,0,0,0,64.0,5760.0,0,0,esp32_a0a3b3edac1c,66,eth:ethertype:ip:tcp:mqtt,27.4,94.9,52.2,160.0,-50.0,a0:a3:b3:ed:ac:1c,,,,,0.0,Normal,0.0
1744312235228574,10.42.0.139,10.42.0.1,50288,1883,45,5,0,1,0,0,1,0,3,0,0,0,0,0.0,0,,0,0,,0,0,0,0,0,0,0,0,0.0,0,0,0,0,0,64.0,5756.0,0,0,0,57,eth:ethertype:ip:tcp,27.4,94.9,52.2,160.0,-50.0,a0:a3:b3:ed:ac:1c,,,,,0.0,Normal,0.0
1744312235239854,10.42.0.139,10.42.0.1,50288,1883,48,5,0,1,1,0,1,0,185,0,0,0,0,0.0,0,,0,3,"Wakeup: 0, Mode: 0, Reset: 1, Temperature: 25.6, Uptime: 636509, Memory: 94.9, In_Temperature: 52.2°C, CPU: 160, RSSI: -51, MAC: a0:a3:b3:ed:ac:1c, F_Storage: 99.2",test/temperatura,16,0,0,182,0,0,0,0.0,0,0,0,0,0,64.0,5756.0,0,0,0,239,eth:ethertype:ip:tcp:mqtt,25.6,94.9,52.2,160.0,-51.0,a0:a3:b3:ed:ac:1c,,,,,0.0,Normal,0.0
1744312235243363,10.42.0.139,10.42.0.1,50288,1883,234,6,0,1,0,0,0,0,0,0,0,0,0,0.0,0,,0,0,,0,0,0,0,0,0,0,0,0.0,0,0,0,0,0,64.0,5755.0,0,0,0,54,eth:ethertype:ip:tcp,25.6,94.9,52.2,160.0,-51.0,a0:a3:b3:ed:ac:1c,,,,,0.0,Normal,0.0
1744312265248637,10.42.0.139,10.42.0.1,50289,1883,0,0,1,0,0,0,0,0,0,0,0,0,0,0.0,0,,0,0,,0,0,0,0,0,0,0,0,0.0,0,0,0,0,0,64.0,5760.0,0,0,0,58,eth:ethertype:ip:tcp,25.6,94.9,52.2,160.0,-51.0,a0:a3:b3:ed:ac:1c,,,,,0.0,Normal,0.0
1744312265252612,10.42.0.139,10.42.0.1,50289,1883,1,1,0,1,0,0,0,0,0,0,0,0,0,0.0,0,,0,0,,0,0,0,0,0,0,0,0,0.0,0,0,0,0,0,64.0,5760.0,0,0,0,54,eth:ethertype:ip:tcp,25.6,94.9,52.2,160.0,-51.0,a0:a3:b3:ed:ac:1c,,,,,0.0,Normal,0.0
1744312265254727,10.42.0.139,10.42.0.1,50289,1883,1,1,0,1,0,0,1,0,3,0,0,0,0,0.0,0,,0,0,,0,0,0,0,0,0,0,0,0.0,0,0,0,0,0,64.0,5760.0,0,0,0,57,eth:ethertype:ip:tcp,25.6,94.9,52.2,160.0,-51.0,a0:a3:b3:ed:ac:1c,,,,,0.0,Normal,0.0
1744312265258277,10.42.0.139,10.42.0.1,50289,1883,4,1,0,1,0,0,1,0,29,0,0,0,0,0.0,0,,0,0,,0,0,0,0,0,0,0,0,0.0,0,0,0,0,0,64.0,5760.0,0,0,0,83,eth:ethertype:ip:tcp,25.6,94.9,52.2,160.0,-51.0,a0:a3:b3:ed:ac:1c,,,,,0.0,Normal,0.0
1744312265261426,10.42.0.139,10.42.0.1,50289,1883,33,1,0,1,0,0,1,0,12,0,0,0,0,0.0,0,,0,1,,0,0,0,1,42,4,MQTT,4,0.0,0,0,0,0,0,64.0,5760.0,0,0,esp32_a0a3b3edac1c,66,eth:ethertype:ip:tcp:mqtt,25.6,94.9,52.2,160.0,-51.0,a0:a3:b3:ed:ac:1c,,,,,0.0,Normal,0.0
1744312265296567,10.42.0.139,10.42.0.1,50289,1883,45,5,0,1,0,0,1,0,3,0,0,0,0,0.0,0,,0,0,,0,0,0,0,0,0,0,0,0.0,0,0,0,0,0,64.0,5756.0,0,0,0,57,eth:ethertype:ip:tcp,25.6,94.9,52.2,160.0,-51.0,a0:a3:b3:ed:ac:1c,,,,,0.0,Normal,0.0
1744312265308975,10.42.0.139,10.42.0.1,50289,1883,48,5,0,1,1,0,1,0,185,0,0,0,0,0.0,0,,0,3,"Wakeup: 0, Mode: 0, Reset: 1, Temperature: 27.9, Uptime: 636539, Memory: 94.9, In_Temperature: 52.2°C, CPU: 160, RSSI: -51, MAC: a0:a3:b3:ed:ac:1c, F_Storage: 99.2",test/temperatura,16,0,0,182,0,0,0,0.0,0,0,0,0,0,64.0,5756.0,0,0,0,239,eth:ethertype:ip:tcp:mqtt,27.9,94.9,52.2,160.0,-51.0,a0:a3:b3:ed:ac:1c,,,,,0.0,Normal,0.0
1744312265315918,10.42.0.139,10.42.0.1,50289,1883,234,6,0,1,0,0,0,0,0,0,0,0,0,0.0,0,,0,0,,0,0,0,0,0,0,0,0,0.0,0,0,0,0,0,64.0,5755.0,0,0,0,54,eth:ethertype:ip:tcp,27.9,94.9,52.2,160.0,-51.0,a0:a3:b3:ed:ac:1c,,,,,0.0,Normal,0.0
1744312295318613,10.42.0.139,10.42.0.1,50290,1883,0,0,1,0,0,0,0,0,0,0,0,0,0,0.0,0,,0,0,,0,0,0,0,0,0,0,0,0.0,0,0,0,0,0,64.0,5760.0,0,0,0,58,eth:ethertype:ip:tcp,27.9,94.9,52.2,160.0,-51.0,a0:a3:b3:ed:ac:1c,,,,,0.0,Normal,0.0
1744312295322329,10.42.0.139,10.42.0.1,50290,1883,1,1,0,1,0,0,0,0,0,0,0,0,0,0.0,0,,0,0,,0,0,0,0,0,0,0,0,0.0,0,0,0,0,0,64.0,5760.0,0,0,0,54,eth:ethertype:ip:tcp,27.9,94.9,52.2,160.0,-51.0,a0:a3:b3:ed:ac:1c,,,,,0.0,Normal,0.0
1744312295324680,10.42.0.139,10.42.0.1,50290,1883,1,1,0,1,0,0,1,0,3,0,0,0,0,0.0,0,,0,0,,0,0,0,0,0,0,0,0,0.0,0,0,0,0,0,64.0,5760.0,0,0,0,57,eth:ethertype:ip:tcp,27.9,94.9,52.2,160.0,-51.0,a0:a3:b3:ed:ac:1c,,,,,0.0,Normal,0.0
1744312295328012,10.42.0.139,10.42.0.1,50290,1883,4,1,0,1,0,0,1,0,29,0,0,0,0,0.0,0,,0,0,,0,0,0,0,0,0,0,0,0.0,0,0,0,0,0,64.0,5760.0,0,0,0,83,eth:ethertype:ip:tcp,27.9,94.9,52.2,160.0,-51.0,a0:a3:b3:ed:ac:1c,,,,,0.0,Normal,0.0
1744312295330959,10.42.0.139,10.42.0.1,50290,1883,33,1,0,1,0,0,1,0,12,0,0,0,0,0.0,0,,0,1,,0,0,0,1,42,4,MQTT,4,0.0,0,0,0,0,0,64.0,5760.0,0,0,esp32_a0a3b3edac1c,66,eth:ethertype:ip:tcp:mqtt,27.9,94.9,52.2,160.0,-51.0,a0:a3:b3:ed:ac:1c,,,,,0.0,Normal,0.0
1744312295366739,10.42.0.139,10.42.0.1,50290,1883,45,5,0,1,0,0,1,0,3,0,0,0,0,0.0,0,,0,0,,0,0,0,0,0,0,0,0,0.0,0,0,0,0,0,64.0,5756.0,0,0,0,57,eth:ethertype:ip:tcp,27.9,94.9,52.2,160.0,-51.0,a0:a3:b3:ed:ac:1c,,,,,0.0,Normal,0.0
1744312295378368,10.42.0.139,10.42.0.1,50290,1883,48,5,0,1,1,0,1,0,185,0,0,0,0,0.0,0,,0,3,"Wakeup: 0, Mode: 0, Reset: 1, Temperature: 27.6, Uptime: 636569, Memory: 94.9, In_Temperature: 52.2°C, CPU: 160, RSSI: -50, MAC: a0:a3:b3:ed:ac:1c, F_Storage: 99.2",test/temperatura,16,0,0,182,0,0,0,0.0,0,0,0,0,0,64.0,5756.0,0,0,0,239,eth:ethertype:ip:tcp:mqtt,27.6,94.9,52.2,160.0,-50.0,a0:a3:b3:ed:ac:1c,,,,,0.0,Normal,0.0
1744312295381901,10.42.0.139,10.42.0.1,50290,1883,234,6,0,1,0,0,0,0,0,0,0,0,0,0.0,0,,0,0,,0,0,0,0,0,0,0,0,0.0,0,0,0,0,0,64.0,5755.0,0,0,0,54,eth:ethertype:ip:tcp,27.6,94.9,52.2,160.0,-50.0,a0:a3:b3:ed:ac:1c,,,,,0.0,Normal,0.0
1744312325386473,10.42.0.139,10.42.0.1,50291,1883,0,0,1,0,0,0,0,0,0,0,0,0,0,0.0,0,,0,0,,0,0,0,0,0,0,0,0,0.0,0,0,0,0,0,64.0,5760.0,0,0,0,58,eth:ethertype:ip:tcp,27.6,94.9,52.2,160.0,-50.0,a0:a3:b3:ed:ac:1c,,,,,0.0,Normal,0.0
1744312325390337,10.42.0.139,10.42.0.1,50291,1883,1,1,0,1,0,0,0,0,0,0,0,0,0,0.0,0,,0,0,,0,0,0,0,0,0,0,0,0.0,0,0,0,0,0,64.0,5760.0,0,0,0,54,eth:ethertype:ip:tcp,27.6,94.9,52.2,160.0,-50.0,a0:a3:b3:ed:ac:1c,,,,,0.0,Normal,0.0
1744312325392642,10.42.0.139,10.42.0.1,50291,1883,1,1,0,1,0,0,1,0,3,0,0,0,0,0.0,0,,0,0,,0,0,0,0,0,0,0,0,0.0,0,0,0,0,0,64.0,5760.0,0,0,0,57,eth:ethertype:ip:tcp,27.6,94.9,52.2,160.0,-50.0,a0:a3:b3:ed:ac:1c,,,,,0.0,Normal,0.0
1744312325396110,10.42.0.139,10.42.0.1,50291,1883,4,1,0,1,0,0,1,0,29,0,0,0,0,0.0,0,,0,0,,0,0,0,0,0,0,0,0,0.0,0,0,0,0,0,64.0,5760.0,0,0,0,83,eth:ethertype:ip:tcp,27.6,94.9,52.2,160.0,-50.0,a0:a3:b3:ed:ac:1c,,,,,0.0,Normal,0.0
1744312325399096,10.42.0.139,10.42.0.1,50291,1883,33,1,0,1,0,0,1,0,12,0,0,0,0,0.0,0,,0,1,,0,0,0,1,42,4,MQTT,4,0.0,0,0,0,0,0,64.0,5760.0,0,0,esp32_a0a3b3edac1c,66,eth:ethertype:ip:tcp:mqtt,27.6,94.9,52.2,160.0,-50.0,a0:a3:b3:ed:ac:1c,,,,,0.0,Normal,0.0
1744312325428713,10.42.0.139,10.42.0.1,50291,1883,45,5,0,1,0,0,0,0,0,0,0,0,0,0.0,0,,0,0,,0,0,0,0,0,0,0,0,0.0,0,0,0,0,0,64.0,5756.0,0,0,0,54,eth:ethertype:ip:tcp,27.6,94.9,52.2,160.0,-50.0,a0:a3:b3:ed:ac:1c,,,,,0.0,Normal,0.0
1744312325436706,10.42.0.139,10.42.0.1,50291,1883,45,5,0,1,0,0,1,0,3,0,0,0,0,0.0,0,,0,0,,0,0,0,0,0,0,0,0,0.0,0,0,0,0,0,64.0,5756.0,0,0,0,57,eth:ethertype:ip:tcp,27.6,94.9,52.2,160.0,-50.0,a0:a3:b3:ed:ac:1c,,,,,0.0,Normal,0.0
1744312325447670,10.42.0.139,10.42.0.1,50291,1883,48,5,0,1,1,0,1,0,185,0,0,0,0,0.0,0,,0,3,"Wakeup: 0, Mode: 0, Reset: 1, Temperature: 26.3, Uptime: 636599, Memory: 94.9, In_Temperature: 52.2°C, CPU: 160, RSSI: -50, MAC: a0:a3:b3:ed:ac:1c, F_Storage: 99.2",test/temperatura,16,0,0,182,0,0,0,0.0,0,0,0,0,0,64.0,5756.0,0,0,0,239,eth:ethertype:ip:tcp:mqtt,26.3,94.9,52.2,160.0,-50.0,a0:a3:b3:ed:ac:1c,,,,,0.0,Normal,0.0
1744312325451126,10.42.0.139,10.42.0.1,50291,1883,234,6,0,1,0,0,0,0,0,0,0,0,0,0.0,0,,0,0,,0,0,0,0,0,0,0,0,0.0,0,0,0,0,0,64.0,5755.0,0,0,0,54,eth:ethertype:ip:tcp,26.3,94.9,52.2,160.0,-50.0,a0:a3:b3:ed:ac:1c,,,,,0.0,Normal,0.0
1744312355456735,10.42.0.139,10.42.0.1,50292,1883,0,0,1,0,0,0,0,0,0,0,0,0,0,0.0,0,,0,0,,0,0,0,0,0,0,0,0,0.0,0,0,0,0,0,64.0,5760.0,0,0,0,58,eth:ethertype:ip:tcp,26.3,94.9,52.2,160.0,-50.0,a0:a3:b3:ed:ac:1c,,,,,0.0,Normal,0.0
1744312355460617,10.42.0.139,10.42.0.1,50292,1883,1,1,0,1,0,0,0,0,0,0,0,0,0,0.0,0,,0,0,,0,0,0,0,0,0,0,0,0.0,0,0,0,0,0,64.0,5760.0,0,0,0,54,eth:ethertype:ip:tcp,26.3,94.9,52.2,160.0,-50.0,a0:a3:b3:ed:ac:1c,,,,,0.0,Normal,0.0
1744312355462847,10.42.0.139,10.42.0.1,50292,1883,1,1,0,1,0,0,1,0,3,0,0,0,0,0.0,0,,0,0,,0,0,0,0,0,0,0,0,0.0,0,0,0,0,0,64.0,5760.0,0,0,0,57,eth:ethertype:ip:tcp,26.3,94.9,52.2,160.0,-50.0,a0:a3:b3:ed:ac:1c,,,,,0.0,Normal,0.0
1744312355466187,10.42.0.139,10.42.0.1,50292,1883,4,1,0,1,0,0,1,0,29,0,0,0,0,0.0,0,,0,0,,0,0,0,0,0,0,0,0,0.0,0,0,0,0,0,64.0,5760.0,0,0,0,83,eth:ethertype:ip:tcp,26.3,94.9,52.2,160.0,-50.0,a0:a3:b3:ed:ac:1c,,,,,0.0,Normal,0.0
1744312355469163,10.42.0.139,10.42.0.1,50292,1883,33,1,0,1,0,0,1,0,12,0,0,0,0,0.0,0,,0,1,,0,0,0,1,42,4,MQTT,4,0.0,0,0,0,0,0,64.0,5760.0,0,0,esp32_a0a3b3edac1c,66,eth:ethertype:ip:tcp:mqtt,26.3,94.9,52.2,160.0,-50.0,a0:a3:b3:ed:ac:1c,,,,,0.0,Normal,0.0
1744312355504587,10.42.0.139,10.42.0.1,50292,1883,45,5,0,1,0,0,1,0,3,0,0,0,0,0.0,0,,0,0,,0,0,0,0,0,0,0,0,0.0,0,0,0,0,0,64.0,5756.0,0,0,0,57,eth:ethertype:ip:tcp,26.3,94.9,52.2,160.0,-50.0,a0:a3:b3:ed:ac:1c,,,,,0.0,Normal,0.0
1744312355517148,10.42.0.139,10.42.0.1,50292,1883,48,5,0,1,1,0,1,0,185,0,0,0,0,0.0,0,,0,3,"Wakeup: 0, Mode: 0, Reset: 1, Temperature: 38.1, Uptime: 636630, Memory: 94.9, In_Temperature: 52.2°C, CPU: 160, RSSI: -51, MAC: a0:a3:b3:ed:ac:1c, F_Storage: 99.2",test/temperatura,16,0,0,182,0,0,0,0.0,0,0,0,0,0,64.0,5756.0,0,0,0,239,eth:ethertype:ip:tcp:mqtt,38.1,94.9,52.2,160.0,-51.0,a0:a3:b3:ed:ac:1c,,,,,0.0,Normal,0.0
1744312355520591,10.42.0.139,10.42.0.1,50292,1883,234,6,0,1,0,0,0,0,0,0,0,0,0,0.0,0,,0,0,,0,0,0,0,0,0,0,0,0.0,0,0,0,0,0,64.0,5755.0,0,0,0,54,eth:ethertype:ip:tcp,38.1,94.9,52.2,160.0,-51.0,a0:a3:b3:ed:ac:1c,,,,,0.0,Normal,0.0
1744312385526109,10.42.0.139,10.42.0.1,50293,1883,0,0,1,0,0,0,0,0,0,0,0,0,0,0.0,0,,0,0,,0,0,0,0,0,0,0,0,0.0,0,0,0,0,0,64.0,5760.0,0,0,0,58,eth:ethertype:ip:tcp,38.1,94.9,52.2,160.0,-51.0,a0:a3:b3:ed:ac:1c,,,,,0.0,Normal,0.0
1744312385534685,10.42.0.139,10.42.0.1,50293,1883,1,1,0,1,0,0,0,0,0,0,0,0,0,0.0,0,,0,0,,0,0,0,0,0,0,0,0,0.0,0,0,0,0,0,64.0,5760.0,0,0,0,54,eth:ethertype:ip:tcp,38.1,94.9,52.2,160.0,-51.0,a0:a3:b3:ed:ac:1c,,,,,0.0,Normal,0.0
1744312385536610,10.42.0.139,10.42.0.1,50293,1883,1,1,0,1,0,0,1,0,3,0,0,0,0,0.0,0,,0,0,,0,0,0,0,0,0,0,0,0.0,0,0,0,0,0,64.0,5760.0,0,0,0,57,eth:ethertype:ip:tcp,38.1,94.9,52.2,160.0,-51.0,a0:a3:b3:ed:ac:1c,,,,,0.0,Normal,0.0
1744312385540222,10.42.0.139,10.42.0.1,50293,1883,4,1,0,1,0,0,1,0,29,0,0,0,0,0.0,0,,0,0,,0,0,0,0,0,0,0,0,0.0,0,0,0,0,0,64.0,5760.0,0,0,0,83,eth:ethertype:ip:tcp,38.1,94.9,52.2,160.0,-51.0,a0:a3:b3:ed:ac:1c,,,,,0.0,Normal,0.0
1744312385543475,10.42.0.139,10.42.0.1,50293,1883,33,1,0,1,0,0,1,0,12,0,0,0,0,0.0,0,,0,1,,0,0,0,1,42,4,MQTT,4,0.0,0,0,0,0,0,64.0,5760.0,0,0,esp32_a0a3b3edac1c,66,eth:ethertype:ip:tcp:mqtt,38.1,94.9,52.2,160.0,-51.0,a0:a3:b3:ed:ac:1c,,,,,0.0,Normal,0.0
1744312385578753,10.42.0.139,10.42.0.1,50293,1883,45,5,0,1,0,0,1,0,3,0,0,0,0,0.0,0,,0,0,,0,0,0,0,0,0,0,0,0.0,0,0,0,0,0,64.0,5756.0,0,0,0,57,eth:ethertype:ip:tcp,38.1,94.9,52.2,160.0,-51.0,a0:a3:b3:ed:ac:1c,,,,,0.0,Normal,0.0
1744312385596741,10.42.0.139,10.42.0.1,50293,1883,48,5,0,1,1,0,1,0,185,0,0,0,0,0.0,0,,0,3,"Wakeup: 0, Mode: 0, Reset: 1, Temperature: 26.4, Uptime: 636660, Memory: 94.9, In_Temperature: 52.2°C, CPU: 160, RSSI: -50, MAC: a0:a3:b3:ed:ac:1c, F_Storage: 99.2",test/temperatura,16,0,0,182,0,0,0,0.0,0,0,0,0,0,64.0,5756.0,0,0,0,239,eth:ethertype:ip:tcp:mqtt,26.4,94.9,52.2,160.0,-50.0,a0:a3:b3:ed:ac:1c,,,,,0.0,Normal,0.0
1744312385600219,10.42.0.139,10.42.0.1,50293,1883,234,6,0,1,0,0,0,0,0,0,0,0,0,0.0,0,,0,0,,0,0,0,0,0,0,0,0,0.0,0,0,0,0,0,64.0,5755.0,0,0,0,54,eth:ethertype:ip:tcp,26.4,94.9,52.2,160.0,-50.0,a0:a3:b3:ed:ac:1c,,,,,0.0,Normal,0.0
1744312415605510,10.42.0.139,10.42.0.1,50294,1883,0,0,1,0,0,0,0,0,0,0,0,0,0,0.0,0,,0,0,,0,0,0,0,0,0,0,0,0.0,0,0,0,0,0,64.0,5760.0,0,0,0,58,eth:ethertype:ip:tcp,26.4,94.9,52.2,160.0,-50.0,a0:a3:b3:ed:ac:1c,,,,,0.0,Normal,0.0
1744312415609489,10.42.0.139,10.42.0.1,50294,1883,1,1,0,1,0,0,0,0,0,0,0,0,0,0.0,0,,0,0,,0,0,0,0,0,0,0,0,0.0,0,0,0,0,0,64.0,5760.0,0,0,0,54,eth:ethertype:ip:tcp,26.4,94.9,52.2,160.0,-50.0,a0:a3:b3:ed:ac:1c,,,,,0.0,Normal,0.0
1744312415611695,10.42.0.139,10.42.0.1,50294,1883,1,1,0,1,0,0,1,0,3,0,0,0,0,0.0,0,,0,0,,0,0,0,0,0,0,0,0,0.0,0,0,0,0,0,64.0,5760.0,0,0,0,57,eth:ethertype:ip:tcp,26.4,94.9,52.2,160.0,-50.0,a0:a3:b3:ed:ac:1c,,,,,0.0,Normal,0.0
1744312415615531,10.42.0.139,10.42.0.1,50294,1883,4,1,0,1,0,0,1,0,35,0,0,0,0,0.0,0,,0,0,,0,0,0,0,0,0,0,0,0.0,0,0,0,0,0,64.0,5760.0,0,0,0,89,eth:ethertype:ip:tcp,26.4,94.9,52.2,160.0,-50.0,a0:a3:b3:ed:ac:1c,,,,,0.0,Normal,0.0
1744312415618410,10.42.0.139,10.42.0.1,50294,1883,39,1,0,1,0,0,1,0,6,0,0,0,0,0.0,0,,0,1,,0,0,0,1,42,4,MQTT,4,0.0,0,0,0,0,0,64.0,5760.0,0,0,esp32_a0a3b3edac1c,60,eth:ethertype:ip:tcp:mqtt,26.4,94.9,52.2,160.0,-50.0,a0:a3:b3:ed:ac:1c,,,,,0.0,Normal,0.0
1744312415654294,10.42.0.139,10.42.0.1,50294,1883,45,5,0,1,0,0,1,0,3,0,0,0,0,0.0,0,,0,0,,0,0,0,0,0,0,0,0,0.0,0,0,0,0,0,64.0,5756.0,0,0,0,57,eth:ethertype:ip:tcp,26.4,94.9,52.2,160.0,-50.0,a0:a3:b3:ed:ac:1c,,,,,0.0,Normal,0.0
1744312415665915,10.42.0.139,10.42.0.1,50294,1883,48,5,0,1,1,0,1,0,185,0,0,0,0,0.0,0,,0,3,"Wakeup: 0, Mode: 0, Reset: 1, Temperature: 26.6, Uptime: 636690, Memory: 94.9, In_Temperature: 52.2°C, CPU: 160, RSSI: -51, MAC: a0:a3:b3:ed:ac:1c, F_Storage: 99.2",test/temperatura,16,0,0,182,0,0,0,0.0,0,0,0,0,0,64.0,5756.0,0,0,0,239,eth:ethertype:ip:tcp:mqtt,26.6,94.9,52.2,160.0,-51.0,a0:a3:b3:ed:ac:1c,,,,,0.0,Normal,0.0
1744312415669404,10.42.0.139,10.42.0.1,50294,1883,234,6,0,1,0,0,0,0,0,0,0,0,0,0.0,0,,0,0,,0,0,0,0,0,0,0,0,0.0,0,0,0,0,0,64.0,5755.0,0,0,0,54,eth:ethertype:ip:tcp,26.6,94.9,52.2,160.0,-51.0,a0:a3:b3:ed:ac:1c,,,,,0.0,Normal,0.0
1744312445675007,10.42.0.139,10.42.0.1,50295,1883,0,0,1,0,0,0,0,0,0,0,0,0,0,0.0,0,,0,0,,0,0,0,0,0,0,0,0,0.0,0,0,0,0,0,64.0,5760.0,0,0,0,58,eth:ethertype:ip:tcp,26.6,94.9,52.2,160.0,-51.0,a0:a3:b3:ed:ac:1c,,,,,0.0,Normal,0.0
1744312445678956,10.42.0.139,10.42.0.1,50295,1883,1,1,0,1,0,0,0,0,0,0,0,0,0,0.0,0,,0,0,,0,0,0,0,0,0,0,0,0.0,0,0,0,0,0,64.0,5760.0,0,0,0,54,eth:ethertype:ip:tcp,26.6,94.9,52.2,160.0,-51.0,a0:a3:b3:ed:ac:1c,,,,,0.0,Normal,0.0
1744312445681067,10.42.0.139,10.42.0.1,50295,1883,1,1,0,1,0,0,1,0,3,0,0,0,0,0.0,0,,0,0,,0,0,0,0,0,0,0,0,0.0,0,0,0,0,0,64.0,5760.0,0,0,0,57,eth:ethertype:ip:tcp,26.6,94.9,52.2,160.0,-51.0,a0:a3:b3:ed:ac:1c,,,,,0.0,Normal,0.0
1744312445684473,10.42.0.139,10.42.0.1,50295,1883,4,1,0,1,0,0,1,0,29,0,0,0,0,0.0,0,,0,0,,0,0,0,0,0,0,0,0,0.0,0,0,0,0,0,64.0,5760.0,0,0,0,83,eth:ethertype:ip:tcp,26.6,94.9,52.2,160.0,-51.0,a0:a3:b3:ed:ac:1c,,,,,0.0,Normal,0.0
1744312445687527,10.42.0.139,10.42.0.1,50295,1883,33,1,0,1,0,0,1,0,12,0,0,0,0,0.0,0,,0,1,,0,0,0,1,42,4,MQTT,4,0.0,0,0,0,0,0,64.0,5760.0,0,0,esp32_a0a3b3edac1c,66,eth:ethertype:ip:tcp:mqtt,26.6,94.9,52.2,160.0,-51.0,a0:a3:b3:ed:ac:1c,,,,,0.0,Normal,0.0
1744312445722841,10.42.0.139,10.42.0.1,50295,1883,45,5,0,1,0,0,1,0,3,0,0,0,0,0.0,0,,0,0,,0,0,0,0,0,0,0,0,0.0,0,0,0,0,0,64.0,5756.0,0,0,0,57,eth:ethertype:ip:tcp,26.6,94.9,52.2,160.0,-51.0,a0:a3:b3:ed:ac:1c,,,,,0.0,Normal,0.0
1744312445735156,10.42.0.139,10.42.0.1,50295,1883,48,5,0,1,1,0,1,0,185,0,0,0,0,0.0,0,,0,3,"Wakeup: 0, Mode: 0, Reset: 1, Temperature: 30.9, Uptime: 636720, Memory: 94.9, In_Temperature: 52.2°C, CPU: 160, RSSI: -50, MAC: a0:a3:b3:ed:ac:1c, F_Storage: 99.2",test/temperatura,16,0,0,182,0,0,0,0.0,0,0,0,0,0,64.0,5756.0,0,0,0,239,eth:ethertype:ip:tcp:mqtt,30.9,94.9,52.2,160.0,-50.0,a0:a3:b3:ed:ac:1c,,,,,0.0,Normal,0.0
1744312445738559,10.42.0.139,10.42.0.1,50295,1883,234,6,0,1,0,0,0,0,0,0,0,0,0,0.0,0,,0,0,,0,0,0,0,0,0,0,0,0.0,0,0,0,0,0,64.0,5755.0,0,0,0,54,eth:ethertype:ip:tcp,30.9,94.9,52.2,160.0,-50.0,a0:a3:b3:ed:ac:1c,,,,,0.0,Normal,0.0
1744312475744311,10.42.0.139,10.42.0.1,50296,1883,0,0,1,0,0,0,0,0,0,0,0,0,0,0.0,0,,0,0,,0,0,0,0,0,0,0,0,0.0,0,0,0,0,0,64.0,5760.0,0,0,0,58,eth:ethertype:ip:tcp,30.9,94.9,52.2,160.0,-50.0,a0:a3:b3:ed:ac:1c,,,,,0.0,Normal,0.0
1744312475749659,10.42.0.139,10.42.0.1,50296,1883,1,1,0,1,0,0,0,0,0,0,0,0,0,0.0,0,,0,0,,0,0,0,0,0,0,0,0,0.0,0,0,0,0,0,64.0,5760.0,0,0,0,54,eth:ethertype:ip:tcp,30.9,94.9,52.2,160.0,-50.0,a0:a3:b3:ed:ac:1c,,,,,0.0,Normal,0.0
1744312475751745,10.42.0.139,10.42.0.1,50296,1883,1,1,0,1,0,0,1,0,3,0,0,0,0,0.0,0,,0,0,,0,0,0,0,0,0,0,0,0.0,0,0,0,0,0,64.0,5760.0,0,0,0,57,eth:ethertype:ip:tcp,30.9,94.9,52.2,160.0,-50.0,a0:a3:b3:ed:ac:1c,,,,,0.0,Normal,0.0
1744312475755195,10.42.0.139,10.42.0.1,50296,1883,4,1,0,1,0,0,1,0,29,0,0,0,0,0.0,0,,0,0,,0,0,0,0,0,0,0,0,0.0,0,0,0,0,0,64.0,5760.0,0,0,0,83,eth:ethertype:ip:tcp,30.9,94.9,52.2,160.0,-50.0,a0:a3:b3:ed:ac:1c,,,,,0.0,Normal,0.0
1744312475758761,10.42.0.139,10.42.0.1,50296,1883,33,1,0,1,0,0,1,0,12,0,0,0,0,0.0,0,,0,1,,0,0,0,1,42,4,MQTT,4,0.0,0,0,0,0,0,64.0,5760.0,0,0,esp32_a0a3b3edac1c,66,eth:ethertype:ip:tcp:mqtt,30.9,94.9,52.2,160.0,-50.0,a0:a3:b3:ed:ac:1c,,,,,0.0,Normal,0.0
1744312475794045,10.42.0.139,10.42.0.1,50296,1883,45,5,0,1,0,0,1,0,3,0,0,0,0,0.0,0,,0,0,,0,0,0,0,0,0,0,0,0.0,0,0,0,0,0,64.0,5756.0,0,0,0,57,eth:ethertype:ip:tcp,30.9,94.9,52.2,160.0,-50.0,a0:a3:b3:ed:ac:1c,,,,,0.0,Normal,0.0
1744312475804318,10.42.0.139,10.42.0.1,50296,1883,48,5,0,1,1,0,1,0,185,0,0,0,0,0.0,0,,0,3,"Wakeup: 0, Mode: 0, Reset: 1, Temperature: 26.8, Uptime: 636750, Memory: 94.9, In_Temperature: 52.2°C, CPU: 160, RSSI: -51, MAC: a0:a3:b3:ed:ac:1c, F_Storage: 99.2",test/temperatura,16,0,0,182,0,0,0,0.0,0,0,0,0,0,64.0,5756.0,0,0,0,239,eth:ethertype:ip:tcp:mqtt,26.8,94.9,52.2,160.0,-51.0,a0:a3:b3:ed:ac:1c,,,,,0.0,Normal,0.0
1744312475810180,10.42.0.139,10.42.0.1,50296,1883,234,6,0,1,0,0,0,0,0,0,0,0,0,0.0,0,,0,0,,0,0,0,0,0,0,0,0,0.0,0,0,0,0,0,64.0,5755.0,0,0,0,54,eth:ethertype:ip:tcp,26.8,94.9,52.2,160.0,-51.0,a0:a3:b3:ed:ac:1c,,,,,0.0,Normal,0.0
1744312505813212,10.42.0.139,10.42.0.1,50297,1883,0,0,1,0,0,0,0,0,0,0,0,0,0,0.0,0,,0,0,,0,0,0,0,0,0,0,0,0.0,0,0,0,0,0,64.0,5760.0,0,0,0,58,eth:ethertype:ip:tcp,26.8,94.9,52.2,160.0,-51.0,a0:a3:b3:ed:ac:1c,,,,,0.0,Normal,0.0
1744312505816847,10.42.0.139,10.42.0.1,50297,1883,1,1,0,1,0,0,0,0,0,0,0,0,0,0.0,0,,0,0,,0,0,0,0,0,0,0,0,0.0,0,0,0,0,0,64.0,5760.0,0,0,0,54,eth:ethertype:ip:tcp,26.8,94.9,52.2,160.0,-51.0,a0:a3:b3:ed:ac:1c,,,,,0.0,Normal,0.0
1744312505819188,10.42.0.139,10.42.0.1,50297,1883,1,1,0,1,0,0,1,0,3,0,0,0,0,0.0,0,,0,0,,0,0,0,0,0,0,0,0,0.0,0,0,0,0,0,64.0,5760.0,0,0,0,57,eth:ethertype:ip:tcp,26.8,94.9,52.2,160.0,-51.0,a0:a3:b3:ed:ac:1c,,,,,0.0,Normal,0.0
1744312505822623,10.42.0.139,10.42.0.1,50297,1883,4,1,0,1,0,0,1,0,29,0,0,0,0,0.0,0,,0,0,,0,0,0,0,0,0,0,0,0.0,0,0,0,0,0,64.0,5760.0,0,0,0,83,eth:ethertype:ip:tcp,26.8,94.9,52.2,160.0,-51.0,a0:a3:b3:ed:ac:1c,,,,,0.0,Normal,0.0
1744312505825720,10.42.0.139,10.42.0.1,50297,1883,33,1,0,1,0,0,1,0,12,0,0,0,0,0.0,0,,0,1,,0,0,0,1,42,4,MQTT,4,0.0,0,0,0,0,0,64.0,5760.0,0,0,esp32_a0a3b3edac1c,66,eth:ethertype:ip:tcp:mqtt,26.8,94.9,52.2,160.0,-51.0,a0:a3:b3:ed:ac:1c,,,,,0.0,Normal,0.0
1744312505862427,10.42.0.139,10.42.0.1,50297,1883,45,5,0,1,0,0,1,0,3,0,0,0,0,0.0,0,,0,0,,0,0,0,0,0,0,0,0,0.0,0,0,0,0,0,64.0,5756.0,0,0,0,57,eth:ethertype:ip:tcp,26.8,94.9,52.2,160.0,-51.0,a0:a3:b3:ed:ac:1c,,,,,0.0,Normal,0.0
1744312505873817,10.42.0.139,10.42.0.1,50297,1883,48,5,0,1,1,0,1,0,185,0,0,0,0,0.0,0,,0,3,"Wakeup: 0, Mode: 0, Reset: 1, Temperature: 33.6, Uptime: 636780, Memory: 94.9, In_Temperature: 52.2°C, CPU: 160, RSSI: -50, MAC: a0:a3:b3:ed:ac:1c, F_Storage: 99.2",test/temperatura,16,0,0,182,0,0,0,0.0,0,0,0,0,0,64.0,5756.0,0,0,0,239,eth:ethertype:ip:tcp:mqtt,33.6,94.9,52.2,160.0,-50.0,a0:a3:b3:ed:ac:1c,,,,,0.0,Normal,0.0
1744312505877434,10.42.0.139,10.42.0.1,50297,1883,234,6,0,1,0,0,0,0,0,0,0,0,0,0.0,0,,0,0,,0,0,0,0,0,0,0,0,0.0,0,0,0,0,0,64.0,5755.0,0,0,0,54,eth:ethertype:ip:tcp,33.6,94.9,52.2,160.0,-50.0,a0:a3:b3:ed:ac:1c,,,,,0.0,Normal,0.0
1744312535882654,10.42.0.139,10.42.0.1,50298,1883,0,0,1,0,0,0,0,0,0,0,0,0,0,0.0,0,,0,0,,0,0,0,0,0,0,0,0,0.0,0,0,0,0,0,64.0,5760.0,0,0,0,58,eth:ethertype:ip:tcp,33.6,94.9,52.2,160.0,-50.0,a0:a3:b3:ed:ac:1c,,,,,0.0,Normal,0.0
1744312535886781,10.42.0.139,10.42.0.1,50298,1883,1,1,0,1,0,0,0,0,0,0,0,0,0,0.0,0,,0,0,,0,0,0,0,0,0,0,0,0.0,0,0,0,0,0,64.0,5760.0,0,0,0,54,eth:ethertype:ip:tcp,33.6,94.9,52.2,160.0,-50.0,a0:a3:b3:ed:ac:1c,,,,,0.0,Normal,0.0
1744312535888876,10.42.0.139,10.42.0.1,50298,1883,1,1,0,1,0,0,1,0,3,0,0,0,0,0.0,0,,0,0,,0,0,0,0,0,0,0,0,0.0,0,0,0,0,0,64.0,5760.0,0,0,0,57,eth:ethertype:ip:tcp,33.6,94.9,52.2,160.0,-50.0,a0:a3:b3:ed:ac:1c,,,,,0.0,Normal,0.0
1744312535892382,10.42.0.139,10.42.0.1,50298,1883,4,1,0,1,0,0,1,0,29,0,0,0,0,0.0,0,,0,0,,0,0,0,0,0,0,0,0,0.0,0,0,0,0,0,64.0,5760.0,0,0,0,83,eth:ethertype:ip:tcp,33.6,94.9,52.2,160.0,-50.0,a0:a3:b3:ed:ac:1c,,,,,0.0,Normal,0.0
1744312535895422,10.42.0.139,10.42.0.1,50298,1883,33,1,0,1,0,0,1,0,12,0,0,0,0,0.0,0,,0,1,,0,0,0,1,42,4,MQTT,4,0.0,0,0,0,0,0,64.0,5760.0,0,0,esp32_a0a3b3edac1c,66,eth:ethertype:ip:tcp:mqtt,33.6,94.9,52.2,160.0,-50.0,a0:a3:b3:ed:ac:1c,,,,,0.0,Normal,0.0
1744312535924086,10.42.0.139,10.42.0.1,50298,1883,45,5,0,1,0,0,0,0,0,0,0,0,0,0.0,0,,0,0,,0,0,0,0,0,0,0,0,0.0,0,0,0,0,0,64.0,5756.0,0,0,0,54,eth:ethertype:ip:tcp,33.6,94.9,52.2,160.0,-50.0,a0:a3:b3:ed:ac:1c,,,,,0.0,Normal,0.0
1744312535932113,10.42.0.139,10.42.0.1,50298,1883,45,5,0,1,0,0,1,0,3,0,0,0,0,0.0,0,,0,0,,0,0,0,0,0,0,0,0,0.0,0,0,0,0,0,64.0,5756.0,0,0,0,57,eth:ethertype:ip:tcp,33.6,94.9,52.2,160.0,-50.0,a0:a3:b3:ed:ac:1c,,,,,0.0,Normal,0.0
1744312535943005,10.42.0.139,10.42.0.1,50298,1883,48,5,0,1,1,0,1,0,185,0,0,0,0,0.0,0,,0,3,"Wakeup: 0, Mode: 0, Reset: 1, Temperature: 40.2, Uptime: 636810, Memory: 94.9, In_Temperature: 52.2°C, CPU: 160, RSSI: -50, MAC: a0:a3:b3:ed:ac:1c, F_Storage: 99.2",test/temperatura,16,0,0,182,0,0,0,0.0,0,0,0,0,0,64.0,5756.0,0,0,0,239,eth:ethertype:ip:tcp:mqtt,40.2,94.9,52.2,160.0,-50.0,a0:a3:b3:ed:ac:1c,,,,,0.0,Normal,0.0
1744312535946700,10.42.0.139,10.42.0.1,50298,1883,234,6,0,1,0,0,0,0,0,0,0,0,0,0.0,0,,0,0,,0,0,0,0,0,0,0,0,0.0,0,0,0,0,0,64.0,5755.0,0,0,0,54,eth:ethertype:ip:tcp,40.2,94.9,52.2,160.0,-50.0,a0:a3:b3:ed:ac:1c,,,,,0.0,Normal,0.0
1744312565952231,10.42.0.139,10.42.0.1,50299,1883,0,0,1,0,0,0,0,0,0,0,0,0,0,0.0,0,,0,0,,0,0,0,0,0,0,0,0,0.0,0,0,0,0,0,64.0,5760.0,0,0,0,58,eth:ethertype:ip:tcp,40.2,94.9,52.2,160.0,-50.0,a0:a3:b3:ed:ac:1c,,,,,0.0,Normal,0.0
1744312565956185,10.42.0.139,10.42.0.1,50299,1883,1,1,0,1,0,0,0,0,0,0,0,0,0,0.0,0,,0,0,,0,0,0,0,0,0,0,0,0.0,0,0,0,0,0,64.0,5760.0,0,0,0,54,eth:ethertype:ip:tcp,40.2,94.9,52.2,160.0,-50.0,a0:a3:b3:ed:ac:1c,,,,,0.0,Normal,0.0
1744312565958904,10.42.0.139,10.42.0.1,50299,1883,1,1,0,1,0,0,1,0,3,0,0,0,0,0.0,0,,0,0,,0,0,0,0,0,0,0,0,0.0,0,0,0,0,0,64.0,5760.0,0,0,0,57,eth:ethertype:ip:tcp,40.2,94.9,52.2,160.0,-50.0,a0:a3:b3:ed:ac:1c,,,,,0.0,Normal,0.0
1744312565964314,10.42.0.139,10.42.0.1,50299,1883,4,1,0,1,0,0,1,0,41,0,0,0,0,0.0,0,,0,1,,0,0,0,1,42,4,MQTT,4,0.0,0,0,0,0,0,64.0,5760.0,0,0,esp32_a0a3b3edac1c,95,eth:ethertype:ip:tcp:mqtt,40.2,94.9,52.2,160.0,-50.0,a0:a3:b3:ed:ac:1c,,,,,0.0,Normal,0.0
1744312565999712,10.42.0.139,10.42.0.1,50299,1883,45,5,0,1,0,0,1,0,3,0,0,0,0,0.0,0,,0,0,,0,0,0,0,0,0,0,0,0.0,0,0,0,0,0,64.0,5756.0,0,0,0,57,eth:ethertype:ip:tcp,40.2,94.9,52.2,160.0,-50.0,a0:a3:b3:ed:ac:1c,,,,,0.0,Normal,0.0
1744312566012482,10.42.0.139,10.42.0.1,50299,1883,48,5,0,1,1,0,1,0,185,0,0,0,0,0.0,0,,0,3,"Wakeup: 0, Mode: 0, Reset: 1, Temperature: 36.9, Uptime: 636840, Memory: 94.9, In_Temperature: 52.2°C, CPU: 160, RSSI: -50, MAC: a0:a3:b3:ed:ac:1c, F_Storage: 99.2",test/temperatura,16,0,0,182,0,0,0,0.0,0,0,0,0,0,64.0,5756.0,0,0,0,239,eth:ethertype:ip:tcp:mqtt,36.9,94.9,52.2,160.0,-50.0,a0:a3:b3:ed:ac:1c,,,,,0.0,Normal,0.0
1744312566015805,10.42.0.139,10.42.0.1,50299,1883,234,6,0,1,0,0,0,0,0,0,0,0,0,0.0,0,,0,0,,0,0,0,0,0,0,0,0,0.0,0,0,0,0,0,64.0,5755.0,0,0,0,54,eth:ethertype:ip:tcp,36.9,94.9,52.2,160.0,-50.0,a0:a3:b3:ed:ac:1c,,,,,0.0,Normal,0.0
1744312596021473,10.42.0.139,10.42.0.1,50300,1883,0,0,1,0,0,0,0,0,0,0,0,0,0,0.0,0,,0,0,,0,0,0,0,0,0,0,0,0.0,0,0,0,0,0,64.0,5760.0,0,0,0,58,eth:ethertype:ip:tcp,36.9,94.9,52.2,160.0,-50.0,a0:a3:b3:ed:ac:1c,,,,,0.0,Normal,0.0
1744312596026078,10.42.0.139,10.42.0.1,50300,1883,1,1,0,1,0,0,0,0,0,0,0,0,0,0.0,0,,0,0,,0,0,0,0,0,0,0,0,0.0,0,0,0,0,0,64.0,5760.0,0,0,0,54,eth:ethertype:ip:tcp,36.9,94.9,52.2,160.0,-50.0,a0:a3:b3:ed:ac:1c,,,,,0.0,Normal,0.0
1744312596028033,10.42.0.139,10.42.0.1,50300,1883,1,1,0,1,0,0,1,0,3,0,0,0,0,0.0,0,,0,0,,0,0,0,0,0,0,0,0,0.0,0,0,0,0,0,64.0,5760.0,0,0,0,57,eth:ethertype:ip:tcp,36.9,94.9,52.2,160.0,-50.0,a0:a3:b3:ed:ac:1c,,,,,0.0,Normal,0.0
1744312596031499,10.42.0.139,10.42.0.1,50300,1883,4,1,0,1,0,0,1,0,29,0,0,0,0,0.0,0,,0,0,,0,0,0,0,0,0,0,0,0.0,0,0,0,0,0,64.0,5760.0,0,0,0,83,eth:ethertype:ip:tcp,36.9,94.9,52.2,160.0,-50.0,a0:a3:b3:ed:ac:1c,,,,,0.0,Normal,0.0
1744312596034732,10.42.0.139,10.42.0.1,50300,1883,33,1,0,1,0,0,1,0,12,0,0,0,0,0.0,0,,0,1,,0,0,0,1,42,4,MQTT,4,0.0,0,0,0,0,0,64.0,5760.0,0,0,esp32_a0a3b3edac1c,66,eth:ethertype:ip:tcp:mqtt,36.9,94.9,52.2,160.0,-50.0,a0:a3:b3:ed:ac:1c,,,,,0.0,Normal,0.0
1744312596071085,10.42.0.139,10.42.0.1,50300,1883,45,5,0,1,0,0,1,0,3,0,0,0,0,0.0,0,,0,0,,0,0,0,0,0,0,0,0,0.0,0,0,0,0,0,64.0,5756.0,0,0,0,57,eth:ethertype:ip:tcp,36.9,94.9,52.2,160.0,-50.0,a0:a3:b3:ed:ac:1c,,,,,0.0,Normal,0.0
1744312596081739,10.42.0.139,10.42.0.1,50300,1883,48,5,0,1,1,0,1,0,185,0,0,0,0,0.0,0,,0,3,"Wakeup: 0, Mode: 0, Reset: 1, Temperature: 32.7, Uptime: 636870, Memory: 94.9, In_Temperature: 52.2°C, CPU: 160, RSSI: -50, MAC: a0:a3:b3:ed:ac:1c, F_Storage: 99.2",test/temperatura,16,0,0,182,0,0,0,0.0,0,0,0,0,0,64.0,5756.0,0,0,0,239,eth:ethertype:ip:tcp:mqtt,32.7,94.9,52.2,160.0,-50.0,a0:a3:b3:ed:ac:1c,,,,,0.0,Normal,0.0
1744312596085345,10.42.0.139,10.42.0.1,50300,1883,234,6,0,1,0,0,0,0,0,0,0,0,0,0.0,0,,0,0,,0,0,0,0,0,0,0,0,0.0,0,0,0,0,0,64.0,5755.0,0,0,0,54,eth:ethertype:ip:tcp,32.7,94.9,52.2,160.0,-50.0,a0:a3:b3:ed:ac:1c,,,,,0.0,Normal,0.0
1744312626090788,10.42.0.139,10.42.0.1,50301,1883,0,0,1,0,0,0,0,0,0,0,0,0,0,0.0,0,,0,0,,0,0,0,0,0,0,0,0,0.0,0,0,0,0,0,64.0,5760.0,0,0,0,58,eth:ethertype:ip:tcp,32.7,94.9,52.2,160.0,-50.0,a0:a3:b3:ed:ac:1c,,,,,0.0,Normal,0.0
1744312626094795,10.42.0.139,10.42.0.1,50301,1883,1,1,0,1,0,0,0,0,0,0,0,0,0,0.0,0,,0,0,,0,0,0,0,0,0,0,0,0.0,0,0,0,0,0,64.0,5760.0,0,0,0,54,eth:ethertype:ip:tcp,32.7,94.9,52.2,160.0,-50.0,a0:a3:b3:ed:ac:1c,,,,,0.0,Normal,0.0
1744312626096969,10.42.0.139,10.42.0.1,50301,1883,1,1,0,1,0,0,1,0,3,0,0,0,0,0.0,0,,0,0,,0,0,0,0,0,0,0,0,0.0,0,0,0,0,0,64.0,5760.0,0,0,0,57,eth:ethertype:ip:tcp,32.7,94.9,52.2,160.0,-50.0,a0:a3:b3:ed:ac:1c,,,,,0.0,Normal,0.0
1744312626100254,10.42.0.139,10.42.0.1,50301,1883,4,1,0,1,0,0,1,0,29,0,0,0,0,0.0,0,,0,0,,0,0,0,0,0,0,0,0,0.0,0,0,0,0,0,64.0,5760.0,0,0,0,83,eth:ethertype:ip:tcp,32.7,94.9,52.2,160.0,-50.0,a0:a3:b3:ed:ac:1c,,,,,0.0,Normal,0.0
1744312626103297,10.42.0.139,10.42.0.1,50301,1883,33,1,0,1,0,0,1,0,12,0,0,0,0,0.0,0,,0,1,,0,0,0,1,42,4,MQTT,4,0.0,0,0,0,0,0,64.0,5760.0,0,0,esp32_a0a3b3edac1c,66,eth:ethertype:ip:tcp:mqtt,32.7,94.9,52.2,160.0,-50.0,a0:a3:b3:ed:ac:1c,,,,,0.0,Normal,0.0
1744312626138669,10.42.0.139,10.42.0.1,50301,1883,45,5,0,1,0,0,1,0,3,0,0,0,0,0.0,0,,0,0,,0,0,0,0,0,0,0,0,0.0,0,0,0,0,0,64.0,5756.0,0,0,0,57,eth:ethertype:ip:tcp,32.7,94.9,52.2,160.0,-50.0,a0:a3:b3:ed:ac:1c,,,,,0.0,Normal,0.0
1744312626151179,10.42.0.139,10.42.0.1,50301,1883,48,5,0,1,1,0,1,0,185,0,0,0,0,0.0,0,,0,3,"Wakeup: 0, Mode: 0, Reset: 1, Temperature: 25.1, Uptime: 636900, Memory: 94.9, In_Temperature: 52.2°C, CPU: 160, RSSI: -50, MAC: a0:a3:b3:ed:ac:1c, F_Storage: 99.2",test/temperatura,16,0,0,182,0,0,0,0.0,0,0,0,0,0,64.0,5756.0,0,0,0,239,eth:ethertype:ip:tcp:mqtt,25.1,94.9,52.2,160.0,-50.0,a0:a3:b3:ed:ac:1c,,,,,0.0,Normal,0.0
1744312626154572,10.42.0.139,10.42.0.1,50301,1883,234,6,0,1,0,0,0,0,0,0,0,0,0,0.0,0,,0,0,,0,0,0,0,0,0,0,0,0.0,0,0,0,0,0,64.0,5755.0,0,0,0,54,eth:ethertype:ip:tcp,25.1,94.9,52.2,160.0,-50.0,a0:a3:b3:ed:ac:1c,,,,,0.0,Normal,0.0
1744312656160083,10.42.0.139,10.42.0.1,50302,1883,0,0,1,0,0,0,0,0,0,0,0,0,0,0.0,0,,0,0,,0,0,0,0,0,0,0,0,0.0,0,0,0,0,0,64.0,5760.0,0,0,0,58,eth:ethertype:ip:tcp,25.1,94.9,52.2,160.0,-50.0,a0:a3:b3:ed:ac:1c,,,,,0.0,Normal,0.0
1744312656164093,10.42.0.139,10.42.0.1,50302,1883,1,1,0,1,0,0,0,0,0,0,0,0,0,0.0,0,,0,0,,0,0,0,0,0,0,0,0,0.0,0,0,0,0,0,64.0,5760.0,0,0,0,54,eth:ethertype:ip:tcp,25.1,94.9,52.2,160.0,-50.0,a0:a3:b3:ed:ac:1c,,,,,0.0,Normal,0.0
1744312656166285,10.42.0.139,10.42.0.1,50302,1883,1,1,0,1,0,0,1,0,3,0,0,0,0,0.0,0,,0,0,,0,0,0,0,0,0,0,0,0.0,0,0,0,0,0,64.0,5760.0,0,0,0,57,eth:ethertype:ip:tcp,25.1,94.9,52.2,160.0,-50.0,a0:a3:b3:ed:ac:1c,,,,,0.0,Normal,0.0
1744312656169654,10.42.0.139,10.42.0.1,50302,1883,4,1,0,1,0,0,1,0,29,0,0,0,0,0.0,0,,0,0,,0,0,0,0,0,0,0,0,0.0,0,0,0,0,0,64.0,5760.0,0,0,0,83,eth:ethertype:ip:tcp,25.1,94.9,52.2,160.0,-50.0,a0:a3:b3:ed:ac:1c,,,,,0.0,Normal,0.0
1744312656173446,10.42.0.139,10.42.0.1,50302,1883,33,1,0,1,0,0,1,0,12,0,0,0,0,0.0,0,,0,1,,0,0,0,1,42,4,MQTT,4,0.0,0,0,0,0,0,64.0,5760.0,0,0,esp32_a0a3b3edac1c,66,eth:ethertype:ip:tcp:mqtt,25.1,94.9,52.2,160.0,-50.0,a0:a3:b3:ed:ac:1c,,,,,0.0,Normal,0.0
1744312656210520,10.42.0.139,10.42.0.1,50302,1883,45,5,0,1,0,0,1,0,3,0,0,0,0,0.0,0,,0,0,,0,0,0,0,0,0,0,0,0.0,0,0,0,0,0,64.0,5756.0,0,0,0,57,eth:ethertype:ip:tcp,25.1,94.9,52.2,160.0,-50.0,a0:a3:b3:ed:ac:1c,,,,,0.0,Normal,0.0
1744312656220533,10.42.0.139,10.42.0.1,50302,1883,48,5,0,1,1,0,1,0,185,0,0,0,0,0.0,0,,0,3,"Wakeup: 0, Mode: 0, Reset: 1, Temperature: 30.0, Uptime: 636930, Memory: 94.8, In_Temperature: 52.2°C, CPU: 160, RSSI: -50, MAC: a0:a3:b3:ed:ac:1c, F_Storage: 99.2",test/temperatura,16,0,0,182,0,0,0,0.0,0,0,0,0,0,64.0,5756.0,0,0,0,239,eth:ethertype:ip:tcp:mqtt,30.0,94.8,52.2,160.0,-50.0,a0:a3:b3:ed:ac:1c,,,,,0.0,Normal,0.0
1744312656224117,10.42.0.139,10.42.0.1,50302,1883,234,6,0,1,0,0,0,0,0,0,0,0,0,0.0,0,,0,0,,0,0,0,0,0,0,0,0,0.0,0,0,0,0,0,64.0,5755.0,0,0,0,54,eth:ethertype:ip:tcp,30.0,94.8,52.2,160.0,-50.0,a0:a3:b3:ed:ac:1c,,,,,0.0,Normal,0.0
1744312686229509,10.42.0.139,10.42.0.1,50303,1883,0,0,1,0,0,0,0,0,0,0,0,0,0,0.0,0,,0,0,,0,0,0,0,0,0,0,0,0.0,0,0,0,0,0,64.0,5760.0,0,0,0,58,eth:ethertype:ip:tcp,30.0,94.8,52.2,160.0,-50.0,a0:a3:b3:ed:ac:1c,,,,,0.0,Normal,0.0
1744312686233442,10.42.0.139,10.42.0.1,50303,1883,1,1,0,1,0,0,0,0,0,0,0,0,0,0.0,0,,0,0,,0,0,0,0,0,0,0,0,0.0,0,0,0,0,0,64.0,5760.0,0,0,0,54,eth:ethertype:ip:tcp,30.0,94.8,52.2,160.0,-50.0,a0:a3:b3:ed:ac:1c,,,,,0.0,Normal,0.0
1744312686235662,10.42.0.139,10.42.0.1,50303,1883,1,1,0,1,0,0,1,0,3,0,0,0,0,0.0,0,,0,0,,0,0,0,0,0,0,0,0,0.0,0,0,0,0,0,64.0,5760.0,0,0,0,57,eth:ethertype:ip:tcp,30.0,94.8,52.2,160.0,-50.0,a0:a3:b3:ed:ac:1c,,,,,0.0,Normal,0.0
1744312686241325,10.42.0.139,10.42.0.1,50303,1883,4,1,0,1,0,0,1,0,29,0,0,0,0,0.0,0,,0,0,,0,0,0,0,0,0,0,0,0.0,0,0,0,0,0,64.0,5760.0,0,0,0,83,eth:ethertype:ip:tcp,30.0,94.8,52.2,160.0,-50.0,a0:a3:b3:ed:ac:1c,,,,,0.0,Normal,0.0
1744312686243987,10.42.0.139,10.42.0.1,50303,1883,33,1,0,1,0,0,1,0,12,0,0,0,0,0.0,0,,0,1,,0,0,0,1,42,4,MQTT,4,0.0,0,0,0,0,0,64.0,5760.0,0,0,esp32_a0a3b3edac1c,66,eth:ethertype:ip:tcp:mqtt,30.0,94.8,52.2,160.0,-50.0,a0:a3:b3:ed:ac:1c,,,,,0.0,Normal,0.0
1744312686279220,10.42.0.139,10.42.0.1,50303,1883,45,5,0,1,0,0,1,0,3,0,0,0,0,0.0,0,,0,0,,0,0,0,0,0,0,0,0,0.0,0,0,0,0,0,64.0,5756.0,0,0,0,57,eth:ethertype:ip:tcp,30.0,94.8,52.2,160.0,-50.0,a0:a3:b3:ed:ac:1c,,,,,0.0,Normal,0.0
1744312686290638,10.42.0.139,10.42.0.1,50303,1883,48,5,0,1,1,0,1,0,185,0,0,0,0,0.0,0,,0,3,"Wakeup: 0, Mode: 0, Reset: 1, Temperature: 39.4, Uptime: 636960, Memory: 94.9, In_Temperature: 52.2°C, CPU: 160, RSSI: -61, MAC: a0:a3:b3:ed:ac:1c, F_Storage: 99.2",test/temperatura,16,0,0,182,0,0,0,0.0,0,0,0,0,0,64.0,5756.0,0,0,0,239,eth:ethertype:ip:tcp:mqtt,39.4,94.9,52.2,160.0,-61.0,a0:a3:b3:ed:ac:1c,,,,,0.0,Normal,0.0
1744312686294102,10.42.0.139,10.42.0.1,50303,1883,234,6,0,1,0,0,0,0,0,0,0,0,0,0.0,0,,0,0,,0,0,0,0,0,0,0,0,0.0,0,0,0,0,0,64.0,5755.0,0,0,0,54,eth:ethertype:ip:tcp,39.4,94.9,52.2,160.0,-61.0,a0:a3:b3:ed:ac:1c,,,,,0.0,Normal,0.0
1744301378749708,10.42.0.149,10.42.0.1,54249,1883,0,0,1,0,0,0,0,0,0,0,0,0,0,0.0,0,,0,0,,0,0,0,0,0,0,0,0,0.0,0,0,0,0,0,64.0,5760.0,0,0,0,58,eth:ethertype:ip:tcp,32.4,94.8,51.7,160.0,-54.0,a8:42:e3:ab:ac:cc,,,,,0.0,Normal,0.0
1744301378753605,10.42.0.149,10.42.0.1,54249,1883,1,1,0,1,0,0,0,0,0,0,0,0,0,0.0,0,,0,0,,0,0,0,0,0,0,0,0,0.0,0,0,0,0,0,64.0,5760.0,0,0,0,54,eth:ethertype:ip:tcp,32.4,94.8,51.7,160.0,-54.0,a8:42:e3:ab:ac:cc,,,,,0.0,Normal,0.0
1744301378755781,10.42.0.149,10.42.0.1,54249,1883,1,1,0,1,0,0,1,0,3,0,0,0,0,0.0,0,,0,0,,0,0,0,0,0,0,0,0,0.0,0,0,0,0,0,64.0,5760.0,0,0,0,57,eth:ethertype:ip:tcp,32.4,94.8,51.7,160.0,-54.0,a8:42:e3:ab:ac:cc,,,,,0.0,Normal,0.0
1744301378759188,10.42.0.149,10.42.0.1,54249,1883,4,1,0,1,0,0,1,0,29,0,0,0,0,0.0,0,,0,0,,0,0,0,0,0,0,0,0,0.0,0,0,0,0,0,64.0,5760.0,0,0,0,83,eth:ethertype:ip:tcp,32.4,94.8,51.7,160.0,-54.0,a8:42:e3:ab:ac:cc,,,,,0.0,Normal,0.0
1744301378762955,10.42.0.149,10.42.0.1,54249,1883,33,1,0,1,0,0,1,0,2,0,0,0,0,0.0,0,,0,0,,0,0,0,0,0,0,0,0,0.0,0,0,0,0,0,64.0,5760.0,0,0,0,56,eth:ethertype:ip:tcp,32.4,94.8,51.7,160.0,-54.0,a8:42:e3:ab:ac:cc,,,,,0.0,Normal,0.0
1744301378766931,10.42.0.149,10.42.0.1,54249,1883,35,1,0,1,0,0,1,0,4,0,0,0,0,0.0,0,,0,0,,0,0,0,0,0,0,0,0,0.0,0,0,0,0,0,64.0,5760.0,0,0,0,58,eth:ethertype:ip:tcp,32.4,94.8,51.7,160.0,-54.0,a8:42:e3:ab:ac:cc,,,,,0.0,Normal,0.0
1744301378770614,10.42.0.149,10.42.0.1,54249,1883,39,1,0,1,0,0,1,0,6,0,0,0,0,0.0,0,,0,1,,0,0,0,1,42,4,MQTT,4,0.0,0,0,0,0,0,64.0,5760.0,0,0,esp32_a842e3abaccc,60,eth:ethertype:ip:tcp:mqtt,32.4,94.8,51.7,160.0,-54.0,a8:42:e3:ab:ac:cc,,,,,0.0,Normal,0.0
1744301378794761,10.42.0.149,10.42.0.1,54249,1883,45,5,0,1,0,0,1,0,3,0,0,0,0,0.0,0,,0,0,,0,0,0,0,0,0,0,0,0.0,0,0,0,0,0,64.0,5756.0,0,0,0,57,eth:ethertype:ip:tcp,32.4,94.8,51.7,160.0,-54.0,a8:42:e3:ab:ac:cc,,,,,0.0,Normal,0.0
1744301378810356,10.42.0.149,10.42.0.1,54249,1883,48,5,0,1,1,0,1,0,182,0,0,0,0,0.0,0,,0,3,"Wakeup: 0, Mode: 0, Reset: 1, Temperature: 33.6, Uptime: 187616, Memory: 94.8, In_Temperature: 51.7, CPU: 160, RSSI: -57, MAC: a8:42:e3:ab:ac:cc, F_Storage: 99.22",test/temperatura,16,0,0,180,0,0,0,0.0,0,0,0,0,0,64.0,5756.0,0,0,0,236,eth:ethertype:ip:tcp:mqtt:mqtt,33.6,94.8,51.7,160.0,-57.0,a8:42:e3:ab:ac:cc,,,,,0.0,Normal,0.0
1744301378813860,10.42.0.149,10.42.0.1,54249,1883,231,6,0,1,0,0,0,0,0,0,0,0,0,0.0,0,,0,0,,0,0,0,0,0,0,0,0,0.0,0,0,0,0,0,64.0,5755.0,0,0,0,54,eth:ethertype:ip:tcp,33.6,94.8,51.7,160.0,-57.0,a8:42:e3:ab:ac:cc,,,,,0.0,Normal,0.0
1744301408818960,10.42.0.149,10.42.0.1,54250,1883,0,0,1,0,0,0,0,0,0,0,0,0,0,0.0,0,,0,0,,0,0,0,0,0,0,0,0,0.0,0,0,0,0,0,64.0,5760.0,0,0,0,58,eth:ethertype:ip:tcp,33.6,94.8,51.7,160.0,-57.0,a8:42:e3:ab:ac:cc,,,,,0.0,Normal,0.0
1744301408823102,10.42.0.149,10.42.0.1,54250,1883,1,1,0,1,0,0,0,0,0,0,0,0,0,0.0,0,,0,0,,0,0,0,0,0,0,0,0,0.0,0,0,0,0,0,64.0,5760.0,0,0,0,54,eth:ethertype:ip:tcp,33.6,94.8,51.7,160.0,-57.0,a8:42:e3:ab:ac:cc,,,,,0.0,Normal,0.0
1744301408825296,10.42.0.149,10.42.0.1,54250,1883,1,1,0,1,0,0,1,0,3,0,0,0,0,0.0,0,,0,0,,0,0,0,0,0,0,0,0,0.0,0,0,0,0,0,64.0,5760.0,0,0,0,57,eth:ethertype:ip:tcp,33.6,94.8,51.7,160.0,-57.0,a8:42:e3:ab:ac:cc,,,,,0.0,Normal,0.0
1744301408830422,10.42.0.149,10.42.0.1,54250,1883,4,1,0,1,0,0,1,0,29,0,0,0,0,0.0,0,,0,0,,0,0,0,0,0,0,0,0,0.0,0,0,0,0,0,64.0,5760.0,0,0,0,83,eth:ethertype:ip:tcp,33.6,94.8,51.7,160.0,-57.0,a8:42:e3:ab:ac:cc,,,,,0.0,Normal,0.0
1744301408833102,10.42.0.149,10.42.0.1,54250,1883,33,1,0,1,0,0,1,0,12,0,0,0,0,0.0,0,,0,1,,0,0,0,1,42,4,MQTT,4,0.0,0,0,0,0,0,64.0,5760.0,0,0,esp32_a842e3abaccc,66,eth:ethertype:ip:tcp:mqtt,33.6,94.8,51.7,160.0,-57.0,a8:42:e3:ab:ac:cc,,,,,0.0,Normal,0.0
1744301408858431,10.42.0.149,10.42.0.1,54250,1883,45,5,0,1,0,0,1,0,3,0,0,0,0,0.0,0,,0,0,,0,0,0,0,0,0,0,0,0.0,0,0,0,0,0,64.0,5756.0,0,0,0,57,eth:ethertype:ip:tcp,33.6,94.8,51.7,160.0,-57.0,a8:42:e3:ab:ac:cc,,,,,0.0,Normal,0.0
1744301408869048,10.42.0.149,10.42.0.1,54250,1883,48,5,0,1,1,0,1,0,182,0,0,0,0,0.0,0,,0,3,"Wakeup: 0, Mode: 0, Reset: 1, Temperature: 32.6, Uptime: 187646, Memory: 94.8, In_Temperature: 51.7, CPU: 160, RSSI: -55, MAC: a8:42:e3:ab:ac:cc, F_Storage: 99.22",test/temperatura,16,0,0,180,0,0,0,0.0,0,0,0,0,0,64.0,5756.0,0,0,0,236,eth:ethertype:ip:tcp:mqtt:mqtt,32.6,94.8,51.7,160.0,-55.0,a8:42:e3:ab:ac:cc,,,,,0.0,Normal,0.0
1744301408872640,10.42.0.149,10.42.0.1,54250,1883,231,6,0,1,0,0,0,0,0,0,0,0,0,0.0,0,,0,0,,0,0,0,0,0,0,0,0,0.0,0,0,0,0,0,64.0,5755.0,0,0,0,54,eth:ethertype:ip:tcp,32.6,94.8,51.7,160.0,-55.0,a8:42:e3:ab:ac:cc,,,,,0.0,Normal,0.0
1744301438878365,10.42.0.149,10.42.0.1,54251,1883,0,0,1,0,0,0,0,0,0,0,0,0,0,0.0,0,,0,0,,0,0,0,0,0,0,0,0,0.0,0,0,0,0,0,64.0,5760.0,0,0,0,58,eth:ethertype:ip:tcp,32.6,94.8,51.7,160.0,-55.0,a8:42:e3:ab:ac:cc,,,,,0.0,Normal,0.0
1744301438882242,10.42.0.149,10.42.0.1,54251,1883,1,1,0,1,0,0,0,0,0,0,0,0,0,0.0,0,,0,0,,0,0,0,0,0,0,0,0,0.0,0,0,0,0,0,64.0,5760.0,0,0,0,54,eth:ethertype:ip:tcp,32.6,94.8,51.7,160.0,-55.0,a8:42:e3:ab:ac:cc,,,,,0.0,Normal,0.0
1744301438884438,10.42.0.149,10.42.0.1,54251,1883,1,1,0,1,0,0,1,0,3,0,0,0,0,0.0,0,,0,0,,0,0,0,0,0,0,0,0,0.0,0,0,0,0,0,64.0,5760.0,0,0,0,57,eth:ethertype:ip:tcp,32.6,94.8,51.7,160.0,-55.0,a8:42:e3:ab:ac:cc,,,,,0.0,Normal,0.0
1744301438887763,10.42.0.149,10.42.0.1,54251,1883,4,1,0,1,0,0,1,0,29,0,0,0,0,0.0,0,,0,0,,0,0,0,0,0,0,0,0,0.0,0,0,0,0,0,64.0,5760.0,0,0,0,83,eth:ethertype:ip:tcp,32.6,94.8,51.7,160.0,-55.0,a8:42:e3:ab:ac:cc,,,,,0.0,Normal,0.0
1744301438891059,10.42.0.149,10.42.0.1,54251,1883,33,1,0,1,0,0,1,0,8,0,0,0,0,0.0,0,,0,0,,0,0,0,0,0,0,0,0,0.0,0,0,0,0,0,64.0,5760.0,0,0,0,62,eth:ethertype:ip:tcp,32.6,94.8,51.7,160.0,-55.0,a8:42:e3:ab:ac:cc,,,,,0.0,Normal,0.0
1744301438893730,10.42.0.149,10.42.0.1,54251,1883,41,1,0,1,0,0,1,0,4,0,0,0,0,0.0,0,,0,1,,0,0,0,1,42,4,MQTT,4,0.0,0,0,0,0,0,64.0,5760.0,0,0,esp32_a842e3abaccc,58,eth:ethertype:ip:tcp:mqtt,32.6,94.8,51.7,160.0,-55.0,a8:42:e3:ab:ac:cc,,,,,0.0,Normal,0.0
1744301438917685,10.42.0.149,10.42.0.1,54251,1883,45,5,0,1,0,0,1,0,3,0,0,0,0,0.0,0,,0,0,,0,0,0,0,0,0,0,0,0.0,0,0,0,0,0,64.0,5756.0,0,0,0,57,eth:ethertype:ip:tcp,32.6,94.8,51.7,160.0,-55.0,a8:42:e3:ab:ac:cc,,,,,0.0,Normal,0.0
1744301438928538,10.42.0.149,10.42.0.1,54251,1883,48,5,0,1,1,0,1,0,182,0,0,0,0,0.0,0,,0,3,"Wakeup: 0, Mode: 0, Reset: 1, Temperature: 28.6, Uptime: 187676, Memory: 94.8, In_Temperature: 51.7, CPU: 160, RSSI: -57, MAC: a8:42:e3:ab:ac:cc, F_Storage: 99.22",test/temperatura,16,0,0,180,0,0,0,0.0,0,0,0,0,0,64.0,5756.0,0,0,0,236,eth:ethertype:ip:tcp:mqtt:mqtt,28.6,94.8,51.7,160.0,-57.0,a8:42:e3:ab:ac:cc,,,,,0.0,Normal,0.0
1744301438931892,10.42.0.149,10.42.0.1,54251,1883,231,6,0,1,0,0,0,0,0,0,0,0,0,0.0,0,,0,0,,0,0,0,0,0,0,0,0,0.0,0,0,0,0,0,64.0,5755.0,0,0,0,54,eth:ethertype:ip:tcp,28.6,94.8,51.7,160.0,-57.0,a8:42:e3:ab:ac:cc,,,,,0.0,Normal,0.0
1744301468936710,10.42.0.149,10.42.0.1,54252,1883,0,0,1,0,0,0,0,0,0,0,0,0,0,0.0,0,,0,0,,0,0,0,0,0,0,0,0,0.0,0,0,0,0,0,64.0,5760.0,0,0,0,58,eth:ethertype:ip:tcp,28.6,94.8,51.7,160.0,-57.0,a8:42:e3:ab:ac:cc,,,,,0.0,Normal,0.0
1744301468940277,10.42.0.149,10.42.0.1,54252,1883,1,1,0,1,0,0,0,0,0,0,0,0,0,0.0,0,,0,0,,0,0,0,0,0,0,0,0,0.0,0,0,0,0,0,64.0,5760.0,0,0,0,54,eth:ethertype:ip:tcp,28.6,94.8,51.7,160.0,-57.0,a8:42:e3:ab:ac:cc,,,,,0.0,Normal,0.0
1744301468942600,10.42.0.149,10.42.0.1,54252,1883,1,1,0,1,0,0,1,0,3,0,0,0,0,0.0,0,,0,0,,0,0,0,0,0,0,0,0,0.0,0,0,0,0,0,64.0,5760.0,0,0,0,57,eth:ethertype:ip:tcp,28.6,94.8,51.7,160.0,-57.0,a8:42:e3:ab:ac:cc,,,,,0.0,Normal,0.0
1744301468946538,10.42.0.149,10.42.0.1,54252,1883,4,1,0,1,0,0,1,0,35,0,0,0,0,0.0,0,,0,0,,0,0,0,0,0,0,0,0,0.0,0,0,0,0,0,64.0,5760.0,0,0,0,89,eth:ethertype:ip:tcp,28.6,94.8,51.7,160.0,-57.0,a8:42:e3:ab:ac:cc,,,,,0.0,Normal,0.0
1744301468949557,10.42.0.149,10.42.0.1,54252,1883,39,1,0,1,0,0,1,0,6,0,0,0,0,0.0,0,,0,1,,0,0,0,1,42,4,MQTT,4,0.0,0,0,0,0,0,64.0,5760.0,0,0,esp32_a842e3abaccc,60,eth:ethertype:ip:tcp:mqtt,28.6,94.8,51.7,160.0,-57.0,a8:42:e3:ab:ac:cc,,,,,0.0,Normal,0.0
1744301468974051,10.42.0.149,10.42.0.1,54252,1883,45,5,0,1,0,0,1,0,3,0,0,0,0,0.0,0,,0,0,,0,0,0,0,0,0,0,0,0.0,0,0,0,0,0,64.0,5756.0,0,0,0,57,eth:ethertype:ip:tcp,28.6,94.8,51.7,160.0,-57.0,a8:42:e3:ab:ac:cc,,,,,0.0,Normal,0.0
1744301468987894,10.42.0.149,10.42.0.1,54252,1883,48,5,0,1,1,0,1,0,182,0,0,0,0,0.0,0,,0,3,"Wakeup: 0, Mode: 0, Reset: 1, Temperature: 25.1, Uptime: 187706, Memory: 94.8, In_Temperature: 51.7, CPU: 160, RSSI: -55, MAC: a8:42:e3:ab:ac:cc, F_Storage: 99.22",test/temperatura,16,0,0,180,0,0,0,0.0,0,0,0,0,0,64.0,5756.0,0,0,0,236,eth:ethertype:ip:tcp:mqtt:mqtt,25.1,94.8,51.7,160.0,-55.0,a8:42:e3:ab:ac:cc,,,,,0.0,Normal,0.0
1744301468991555,10.42.0.149,10.42.0.1,54252,1883,231,6,0,1,0,0,0,0,0,0,0,0,0,0.0,0,,0,0,,0,0,0,0,0,0,0,0,0.0,0,0,0,0,0,64.0,5755.0,0,0,0,54,eth:ethertype:ip:tcp,25.1,94.8,51.7,160.0,-55.0,a8:42:e3:ab:ac:cc,,,,,0.0,Normal,0.0
1744301498997130,10.42.0.149,10.42.0.1,54253,1883,0,0,1,0,0,0,0,0,0,0,0,0,0,0.0,0,,0,0,,0,0,0,0,0,0,0,0,0.0,0,0,0,0,0,64.0,5760.0,0,0,0,58,eth:ethertype:ip:tcp,25.1,94.8,51.7,160.0,-55.0,a8:42:e3:ab:ac:cc,,,,,0.0,Normal,0.0
1744301499001533,10.42.0.149,10.42.0.1,54253,1883,1,1,0,1,0,0,0,0,0,0,0,0,0,0.0,0,,0,0,,0,0,0,0,0,0,0,0,0.0,0,0,0,0,0,64.0,5760.0,0,0,0,54,eth:ethertype:ip:tcp,25.1,94.8,51.7,160.0,-55.0,a8:42:e3:ab:ac:cc,,,,,0.0,Normal,0.0
1744301499003702,10.42.0.149,10.42.0.1,54253,1883,1,1,0,1,0,0,1,0,3,0,0,0,0,0.0,0,,0,0,,0,0,0,0,0,0,0,0,0.0,0,0,0,0,0,64.0,5760.0,0,0,0,57,eth:ethertype:ip:tcp,25.1,94.8,51.7,160.0,-55.0,a8:42:e3:ab:ac:cc,,,,,0.0,Normal,0.0
1744301499007237,10.42.0.149,10.42.0.1,54253,1883,4,1,0,1,0,0,1,0,29,0,0,0,0,0.0,0,,0,0,,0,0,0,0,0,0,0,0,0.0,0,0,0,0,0,64.0,5760.0,0,0,0,83,eth:ethertype:ip:tcp,25.1,94.8,51.7,160.0,-55.0,a8:42:e3:ab:ac:cc,,,,,0.0,Normal,0.0
1744301499010365,10.42.0.149,10.42.0.1,54253,1883,33,1,0,1,0,0,1,0,12,0,0,0,0,0.0,0,,0,1,,0,0,0,1,42,4,MQTT,4,0.0,0,0,0,0,0,64.0,5760.0,0,0,esp32_a842e3abaccc,66,eth:ethertype:ip:tcp:mqtt,25.1,94.8,51.7,160.0,-55.0,a8:42:e3:ab:ac:cc,,,,,0.0,Normal,0.0
1744301499034520,10.42.0.149,10.42.0.1,54253,1883,45,5,0,1,0,0,1,0,3,0,0,0,0,0.0,0,,0,0,,0,0,0,0,0,0,0,0,0.0,0,0,0,0,0,64.0,5756.0,0,0,0,57,eth:ethertype:ip:tcp,25.1,94.8,51.7,160.0,-55.0,a8:42:e3:ab:ac:cc,,,,,0.0,Normal,0.0
1744301499049037,10.42.0.149,10.42.0.1,54253,1883,48,5,0,1,1,0,1,0,182,0,0,0,0,0.0,0,,0,3,"Wakeup: 0, Mode: 0, Reset: 1, Temperature: 29.8, Uptime: 187736, Memory: 94.8, In_Temperature: 51.7, CPU: 160, RSSI: -56, MAC: a8:42:e3:ab:ac:cc, F_Storage: 99.22",test/temperatura,16,0,0,180,0,0,0,0.0,0,0,0,0,0,64.0,5756.0,0,0,0,236,eth:ethertype:ip:tcp:mqtt:mqtt,29.8,94.8,51.7,160.0,-56.0,a8:42:e3:ab:ac:cc,,,,,0.0,Normal,0.0
1744301499052543,10.42.0.149,10.42.0.1,54253,1883,231,6,0,1,0,0,0,0,0,0,0,0,0,0.0,0,,0,0,,0,0,0,0,0,0,0,0,0.0,0,0,0,0,0,64.0,5755.0,0,0,0,54,eth:ethertype:ip:tcp,29.8,94.8,51.7,160.0,-56.0,a8:42:e3:ab:ac:cc,,,,,0.0,Normal,0.0
1744301529056591,10.42.0.149,10.42.0.1,54254,1883,0,0,1,0,0,0,0,0,0,0,0,0,0,0.0,0,,0,0,,0,0,0,0,0,0,0,0,0.0,0,0,0,0,0,64.0,5760.0,0,0,0,58,eth:ethertype:ip:tcp,29.8,94.8,51.7,160.0,-56.0,a8:42:e3:ab:ac:cc,,,,,0.0,Normal,0.0
1744301529060698,10.42.0.149,10.42.0.1,54254,1883,1,1,0,1,0,0,0,0,0,0,0,0,0,0.0,0,,0,0,,0,0,0,0,0,0,0,0,0.0,0,0,0,0,0,64.0,5760.0,0,0,0,54,eth:ethertype:ip:tcp,29.8,94.8,51.7,160.0,-56.0,a8:42:e3:ab:ac:cc,,,,,0.0,Normal,0.0
1744301529063630,10.42.0.149,10.42.0.1,54254,1883,1,1,0,1,0,0,1,0,3,0,0,0,0,0.0,0,,0,0,,0,0,0,0,0,0,0,0,0.0,0,0,0,0,0,64.0,5760.0,0,0,0,57,eth:ethertype:ip:tcp,29.8,94.8,51.7,160.0,-56.0,a8:42:e3:ab:ac:cc,,,,,0.0,Normal,0.0
1744301529068994,10.42.0.149,10.42.0.1,54254,1883,4,1,0,1,0,0,1,0,41,0,0,0,0,0.0,0,,0,1,,0,0,0,1,42,4,MQTT,4,0.0,0,0,0,0,0,64.0,5760.0,0,0,esp32_a842e3abaccc,95,eth:ethertype:ip:tcp:mqtt,29.8,94.8,51.7,160.0,-56.0,a8:42:e3:ab:ac:cc,,,,,0.0,Normal,0.0
1744301529093300,10.42.0.149,10.42.0.1,54254,1883,45,5,0,1,0,0,1,0,3,0,0,0,0,0.0,0,,0,0,,0,0,0,0,0,0,0,0,0.0,0,0,0,0,0,64.0,5756.0,0,0,0,57,eth:ethertype:ip:tcp,29.8,94.8,51.7,160.0,-56.0,a8:42:e3:ab:ac:cc,,,,,0.0,Normal,0.0
1744301529107113,10.42.0.149,10.42.0.1,54254,1883,48,5,0,1,1,0,1,0,182,0,0,0,0,0.0,0,,0,3,"Wakeup: 0, Mode: 0, Reset: 1, Temperature: 38.3, Uptime: 187766, Memory: 94.8, In_Temperature: 51.7, CPU: 160, RSSI: -57, MAC: a8:42:e3:ab:ac:cc, F_Storage: 99.22",test/temperatura,16,0,0,180,0,0,0,0.0,0,0,0,0,0,64.0,5756.0,0,0,0,236,eth:ethertype:ip:tcp:mqtt:mqtt,38.3,94.8,51.7,160.0,-57.0,a8:42:e3:ab:ac:cc,,,,,0.0,Normal,0.0
1744301529110461,10.42.0.149,10.42.0.1,54254,1883,231,6,0,1,0,0,0,0,0,0,0,0,0,0.0,0,,0,0,,0,0,0,0,0,0,0,0,0.0,0,0,0,0,0,64.0,5755.0,0,0,0,54,eth:ethertype:ip:tcp,38.3,94.8,51.7,160.0,-57.0,a8:42:e3:ab:ac:cc,,,,,0.0,Normal,0.0
1744301559115701,10.42.0.149,10.42.0.1,54255,1883,0,0,1,0,0,0,0,0,0,0,0,0,0,0.0,0,,0,0,,0,0,0,0,0,0,0,0,0.0,0,0,0,0,0,64.0,5760.0,0,0,0,58,eth:ethertype:ip:tcp,38.3,94.8,51.7,160.0,-57.0,a8:42:e3:ab:ac:cc,,,,,0.0,Normal,0.0
1744301559119713,10.42.0.149,10.42.0.1,54255,1883,1,1,0,1,0,0,0,0,0,0,0,0,0,0.0,0,,0,0,,0,0,0,0,0,0,0,0,0.0,0,0,0,0,0,64.0,5760.0,0,0,0,54,eth:ethertype:ip:tcp,38.3,94.8,51.7,160.0,-57.0,a8:42:e3:ab:ac:cc,,,,,0.0,Normal,0.0
1744301559121757,10.42.0.149,10.42.0.1,54255,1883,1,1,0,1,0,0,1,0,3,0,0,0,0,0.0,0,,0,0,,0,0,0,0,0,0,0,0,0.0,0,0,0,0,0,64.0,5760.0,0,0,0,57,eth:ethertype:ip:tcp,38.3,94.8,51.7,160.0,-57.0,a8:42:e3:ab:ac:cc,,,,,0.0,Normal,0.0
1744301559127467,10.42.0.149,10.42.0.1,54255,1883,4,1,0,1,0,0,1,0,41,0,0,0,0,0.0,0,,0,1,,0,0,0,1,42,4,MQTT,4,0.0,0,0,0,0,0,64.0,5760.0,0,0,esp32_a842e3abaccc,95,eth:ethertype:ip:tcp:mqtt,38.3,94.8,51.7,160.0,-57.0,a8:42:e3:ab:ac:cc,,,,,0.0,Normal,0.0
1744301559152076,10.42.0.149,10.42.0.1,54255,1883,45,5,0,1,0,0,1,0,3,0,0,0,0,0.0,0,,0,0,,0,0,0,0,0,0,0,0,0.0,0,0,0,0,0,64.0,5756.0,0,0,0,57,eth:ethertype:ip:tcp,38.3,94.8,51.7,160.0,-57.0,a8:42:e3:ab:ac:cc,,,,,0.0,Normal,0.0
1744301559169930,10.42.0.149,10.42.0.1,54255,1883,48,5,0,1,1,0,1,0,182,0,0,0,0,0.0,0,,0,3,"Wakeup: 0, Mode: 0, Reset: 1, Temperature: 32.8, Uptime: 187796, Memory: 94.8, In_Temperature: 51.7, CPU: 160, RSSI: -58, MAC: a8:42:e3:ab:ac:cc, F_Storage: 99.22",test/temperatura,16,0,0,180,0,0,0,0.0,0,0,0,0,0,64.0,5756.0,0,0,0,236,eth:ethertype:ip:tcp:mqtt:mqtt,32.8,94.8,51.7,160.0,-58.0,a8:42:e3:ab:ac:cc,,,,,0.0,Normal,0.0
1744301559174647,10.42.0.149,10.42.0.1,54255,1883,231,6,0,1,0,0,0,0,0,0,0,0,0,0.0,0,,0,0,,0,0,0,0,0,0,0,0,0.0,0,0,0,0,0,64.0,5755.0,0,0,0,54,eth:ethertype:ip:tcp,32.8,94.8,51.7,160.0,-58.0,a8:42:e3:ab:ac:cc,,,,,0.0,Normal,0.0
1744301589175681,10.42.0.149,10.42.0.1,54256,1883,0,0,1,0,0,0,0,0,0,0,0,0,0,0.0,0,,0,0,,0,0,0,0,0,0,0,0,0.0,0,0,0,0,0,64.0,5760.0,0,0,0,58,eth:ethertype:ip:tcp,32.8,94.8,51.7,160.0,-58.0,a8:42:e3:ab:ac:cc,,,,,0.0,Normal,0.0
1744301589179349,10.42.0.149,10.42.0.1,54256,1883,1,1,0,1,0,0,0,0,0,0,0,0,0,0.0,0,,0,0,,0,0,0,0,0,0,0,0,0.0,0,0,0,0,0,64.0,5760.0,0,0,0,54,eth:ethertype:ip:tcp,32.8,94.8,51.7,160.0,-58.0,a8:42:e3:ab:ac:cc,,,,,0.0,Normal,0.0
1744301589181574,10.42.0.149,10.42.0.1,54256,1883,1,1,0,1,0,0,1,0,3,0,0,0,0,0.0,0,,0,0,,0,0,0,0,0,0,0,0,0.0,0,0,0,0,0,64.0,5760.0,0,0,0,57,eth:ethertype:ip:tcp,32.8,94.8,51.7,160.0,-58.0,a8:42:e3:ab:ac:cc,,,,,0.0,Normal,0.0
1744301589185101,10.42.0.149,10.42.0.1,54256,1883,4,1,0,1,0,0,1,0,29,0,0,0,0,0.0,0,,0,0,,0,0,0,0,0,0,0,0,0.0,0,0,0,0,0,64.0,5760.0,0,0,0,83,eth:ethertype:ip:tcp,32.8,94.8,51.7,160.0,-58.0,a8:42:e3:ab:ac:cc,,,,,0.0,Normal,0.0
1744301589188032,10.42.0.149,10.42.0.1,54256,1883,33,1,0,1,0,0,1,0,12,0,0,0,0,0.0,0,,0,1,,0,0,0,1,42,4,MQTT,4,0.0,0,0,0,0,0,64.0,5760.0,0,0,esp32_a842e3abaccc,66,eth:ethertype:ip:tcp:mqtt,32.8,94.8,51.7,160.0,-58.0,a8:42:e3:ab:ac:cc,,,,,0.0,Normal,0.0
1744301589212190,10.42.0.149,10.42.0.1,54256,1883,45,5,0,1,0,0,1,0,3,0,0,0,0,0.0,0,,0,0,,0,0,0,0,0,0,0,0,0.0,0,0,0,0,0,64.0,5756.0,0,0,0,57,eth:ethertype:ip:tcp,32.8,94.8,51.7,160.0,-58.0,a8:42:e3:ab:ac:cc,,,,,0.0,Normal,0.0
1744301589225481,10.42.0.149,10.42.0.1,54256,1883,48,5,0,1,1,0,1,0,182,0,0,0,0,0.0,0,,0,3,"Wakeup: 0, Mode: 0, Reset: 1, Temperature: 29.9, Uptime: 187826, Memory: 94.8, In_Temperature: 51.7, CPU: 160, RSSI: -58, MAC: a8:42:e3:ab:ac:cc, F_Storage: 99.22",test/temperatura,16,0,0,180,0,0,0,0.0,0,0,0,0,0,64.0,5756.0,0,0,0,236,eth:ethertype:ip:tcp:mqtt:mqtt,29.9,94.8,51.7,160.0,-58.0,a8:42:e3:ab:ac:cc,,,,,0.0,Normal,0.0
1744301589228826,10.42.0.149,10.42.0.1,54256,1883,231,6,0,1,0,0,0,0,0,0,0,0,0,0.0,0,,0,0,,0,0,0,0,0,0,0,0,0.0,0,0,0,0,0,64.0,5755.0,0,0,0,54,eth:ethertype:ip:tcp,29.9,94.8,51.7,160.0,-58.0,a8:42:e3:ab:ac:cc,,,,,0.0,Normal,0.0
1744301619234552,10.42.0.149,10.42.0.1,54257,1883,0,0,1,0,0,0,0,0,0,0,0,0,0,0.0,0,,0,0,,0,0,0,0,0,0,0,0,0.0,0,0,0,0,0,64.0,5760.0,0,0,0,58,eth:ethertype:ip:tcp,29.9,94.8,51.7,160.0,-58.0,a8:42:e3:ab:ac:cc,,,,,0.0,Normal,0.0
1744301619239051,10.42.0.149,10.42.0.1,54257,1883,1,1,0,1,0,0,0,0,0,0,0,0,0,0.0,0,,0,0,,0,0,0,0,0,0,0,0,0.0,0,0,0,0,0,64.0,5760.0,0,0,0,54,eth:ethertype:ip:tcp,29.9,94.8,51.7,160.0,-58.0,a8:42:e3:ab:ac:cc,,,,,0.0,Normal,0.0
1744301619241027,10.42.0.149,10.42.0.1,54257,1883,1,1,0,1,0,0,1,0,3,0,0,0,0,0.0,0,,0,0,,0,0,0,0,0,0,0,0,0.0,0,0,0,0,0,64.0,5760.0,0,0,0,57,eth:ethertype:ip:tcp,29.9,94.8,51.7,160.0,-58.0,a8:42:e3:ab:ac:cc,,,,,0.0,Normal,0.0
1744301619244464,10.42.0.149,10.42.0.1,54257,1883,4,1,0,1,0,0,1,0,29,0,0,0,0,0.0,0,,0,0,,0,0,0,0,0,0,0,0,0.0,0,0,0,0,0,64.0,5760.0,0,0,0,83,eth:ethertype:ip:tcp,29.9,94.8,51.7,160.0,-58.0,a8:42:e3:ab:ac:cc,,,,,0.0,Normal,0.0
1744301619247550,10.42.0.149,10.42.0.1,54257,1883,33,1,0,1,0,0,1,0,12,0,0,0,0,0.0,0,,0,1,,0,0,0,1,42,4,MQTT,4,0.0,0,0,0,0,0,64.0,5760.0,0,0,esp32_a842e3abaccc,66,eth:ethertype:ip:tcp:mqtt,29.9,94.8,51.7,160.0,-58.0,a8:42:e3:ab:ac:cc,,,,,0.0,Normal,0.0
1744301619284069,10.42.0.149,10.42.0.1,54257,1883,45,5,0,1,0,0,1,0,3,0,0,0,0,0.0,0,,0,0,,0,0,0,0,0,0,0,0,0.0,0,0,0,0,0,64.0,5756.0,0,0,0,57,eth:ethertype:ip:tcp,29.9,94.8,51.7,160.0,-58.0,a8:42:e3:ab:ac:cc,,,,,0.0,Normal,0.0
1744301619285303,10.42.0.149,10.42.0.1,54257,1883,48,5,0,1,1,0,1,0,182,0,0,0,0,0.0,0,,0,3,"Wakeup: 0, Mode: 0, Reset: 1, Temperature: 26.1, Uptime: 187856, Memory: 94.8, In_Temperature: 51.1, CPU: 160, RSSI: -56, MAC: a8:42:e3:ab:ac:cc, F_Storage: 99.22",test/temperatura,16,0,0,180,0,0,0,0.0,0,0,0,0,0,64.0,5756.0,0,0,0,236,eth:ethertype:ip:tcp:mqtt:mqtt,26.1,94.8,51.1,160.0,-56.0,a8:42:e3:ab:ac:cc,,,,,0.0,Normal,0.0
1744301619288515,10.42.0.149,10.42.0.1,54257,1883,231,6,0,1,0,0,0,0,0,0,0,0,0,0.0,0,,0,0,,0,0,0,0,0,0,0,0,0.0,0,0,0,0,0,64.0,5755.0,0,0,0,54,eth:ethertype:ip:tcp,26.1,94.8,51.1,160.0,-56.0,a8:42:e3:ab:ac:cc,,,,,0.0,Normal,0.0
1744301649294172,10.42.0.149,10.42.0.1,54258,1883,0,0,1,0,0,0,0,0,0,0,0,0,0,0.0,0,,0,0,,0,0,0,0,0,0,0,0,0.0,0,0,0,0,0,64.0,5760.0,0,0,0,58,eth:ethertype:ip:tcp,26.1,94.8,51.1,160.0,-56.0,a8:42:e3:ab:ac:cc,,,,,0.0,Normal,0.0
1744301649298280,10.42.0.149,10.42.0.1,54258,1883,1,1,0,1,0,0,0,0,0,0,0,0,0,0.0,0,,0,0,,0,0,0,0,0,0,0,0,0.0,0,0,0,0,0,64.0,5760.0,0,0,0,54,eth:ethertype:ip:tcp,26.1,94.8,51.1,160.0,-56.0,a8:42:e3:ab:ac:cc,,,,,0.0,Normal,0.0
1744301649300633,10.42.0.149,10.42.0.1,54258,1883,1,1,0,1,0,0,1,0,3,0,0,0,0,0.0,0,,0,0,,0,0,0,0,0,0,0,0,0.0,0,0,0,0,0,64.0,5760.0,0,0,0,57,eth:ethertype:ip:tcp,26.1,94.8,51.1,160.0,-56.0,a8:42:e3:ab:ac:cc,,,,,0.0,Normal,0.0
1744301649304625,10.42.0.149,10.42.0.1,54258,1883,4,1,0,1,0,0,1,0,29,0,0,0,0,0.0,0,,0,0,,0,0,0,0,0,0,0,0,0.0,0,0,0,0,0,64.0,5760.0,0,0,0,83,eth:ethertype:ip:tcp,26.1,94.8,51.1,160.0,-56.0,a8:42:e3:ab:ac:cc,,,,,0.0,Normal,0.0
1744301649308656,10.42.0.149,10.42.0.1,54258,1883,33,1,0,1,0,0,1,0,2,0,0,0,0,0.0,0,,0,0,,0,0,0,0,0,0,0,0,0.0,0,0,0,0,0,64.0,5760.0,0,0,0,56,eth:ethertype:ip:tcp,26.1,94.8,51.1,160.0,-56.0,a8:42:e3:ab:ac:cc,,,,,0.0,Normal,0.0
1744301649312933,10.42.0.149,10.42.0.1,54258,1883,35,1,0,1,0,0,1,0,10,0,0,0,0,0.0,0,,0,1,,0,0,0,1,42,4,MQTT,4,0.0,0,0,0,0,0,64.0,5760.0,0,0,esp32_a842e3abaccc,64,eth:ethertype:ip:tcp:mqtt,26.1,94.8,51.1,160.0,-56.0,a8:42:e3:ab:ac:cc,,,,,0.0,Normal,0.0
1744301649336679,10.42.0.149,10.42.0.1,54258,1883,45,5,0,1,0,0,1,0,3,0,0,0,0,0.0,0,,0,0,,0,0,0,0,0,0,0,0,0.0,0,0,0,0,0,64.0,5756.0,0,0,0,57,eth:ethertype:ip:tcp,26.1,94.8,51.1,160.0,-56.0,a8:42:e3:ab:ac:cc,,,,,0.0,Normal,0.0
1744301649354528,10.42.0.149,10.42.0.1,54258,1883,48,5,0,1,1,0,1,0,182,0,0,0,0,0.0,0,,0,3,"Wakeup: 0, Mode: 0, Reset: 1, Temperature: 40.6, Uptime: 187886, Memory: 94.8, In_Temperature: 51.7, CPU: 160, RSSI: -58, MAC: a8:42:e3:ab:ac:cc, F_Storage: 99.22",test/temperatura,16,0,0,180,0,0,0,0.0,0,0,0,0,0,64.0,5756.0,0,0,0,236,eth:ethertype:ip:tcp:mqtt:mqtt,40.6,94.8,51.7,160.0,-58.0,a8:42:e3:ab:ac:cc,,,,,0.0,Normal,0.0
1744301649359017,10.42.0.149,10.42.0.1,54258,1883,231,6,0,1,0,0,0,0,0,0,0,0,0,0.0,0,,0,0,,0,0,0,0,0,0,0,0,0.0,0,0,0,0,0,64.0,5755.0,0,0,0,54,eth:ethertype:ip:tcp,40.6,94.8,51.7,160.0,-58.0,a8:42:e3:ab:ac:cc,,,,,0.0,Normal,0.0
1744301679363428,10.42.0.149,10.42.0.1,54259,1883,0,0,1,0,0,0,0,0,0,0,0,0,0,0.0,0,,0,0,,0,0,0,0,0,0,0,0,0.0,0,0,0,0,0,64.0,5760.0,0,0,0,58,eth:ethertype:ip:tcp,40.6,94.8,51.7,160.0,-58.0,a8:42:e3:ab:ac:cc,,,,,0.0,Normal,0.0
1744301679367361,10.42.0.149,10.42.0.1,54259,1883,1,1,0,1,0,0,0,0,0,0,0,0,0,0.0,0,,0,0,,0,0,0,0,0,0,0,0,0.0,0,0,0,0,0,64.0,5760.0,0,0,0,54,eth:ethertype:ip:tcp,40.6,94.8,51.7,160.0,-58.0,a8:42:e3:ab:ac:cc,,,,,0.0,Normal,0.0
1744301679369532,10.42.0.149,10.42.0.1,54259,1883,1,1,0,1,0,0,1,0,3,0,0,0,0,0.0,0,,0,0,,0,0,0,0,0,0,0,0,0.0,0,0,0,0,0,64.0,5760.0,0,0,0,57,eth:ethertype:ip:tcp,40.6,94.8,51.7,160.0,-58.0,a8:42:e3:ab:ac:cc,,,,,0.0,Normal,0.0
1744301679373458,10.42.0.149,10.42.0.1,54259,1883,4,1,0,1,0,0,1,0,29,0,0,0,0,0.0,0,,0,0,,0,0,0,0,0,0,0,0,0.0,0,0,0,0,0,64.0,5760.0,0,0,0,83,eth:ethertype:ip:tcp,40.6,94.8,51.7,160.0,-58.0,a8:42:e3:ab:ac:cc,,,,,0.0,Normal,0.0
1744301679376468,10.42.0.149,10.42.0.1,54259,1883,33,1,0,1,0,0,1,0,12,0,0,0,0,0.0,0,,0,1,,0,0,0,1,42,4,MQTT,4,0.0,0,0,0,0,0,64.0,5760.0,0,0,esp32_a842e3abaccc,66,eth:ethertype:ip:tcp:mqtt,40.6,94.8,51.7,160.0,-58.0,a8:42:e3:ab:ac:cc,,,,,0.0,Normal,0.0
1744301679401926,10.42.0.149,10.42.0.1,54259,1883,45,5,0,1,0,0,1,0,3,0,0,0,0,0.0,0,,0,0,,0,0,0,0,0,0,0,0,0.0,0,0,0,0,0,64.0,5756.0,0,0,0,57,eth:ethertype:ip:tcp,40.6,94.8,51.7,160.0,-58.0,a8:42:e3:ab:ac:cc,,,,,0.0,Normal,0.0
1744301679413594,10.42.0.149,10.42.0.1,54259,1883,48,5,0,1,1,0,1,0,182,0,0,0,0,0.0,0,,0,3,"Wakeup: 0, Mode: 0, Reset: 1, Temperature: 26.6, Uptime: 187916, Memory: 94.8, In_Temperature: 51.7, CPU: 160, RSSI: -59, MAC: a8:42:e3:ab:ac:cc, F_Storage: 99.22",test/temperatura,16,0,0,180,0,0,0,0.0,0,0,0,0,0,64.0,5756.0,0,0,0,236,eth:ethertype:ip:tcp:mqtt:mqtt,26.6,94.8,51.7,160.0,-59.0,a8:42:e3:ab:ac:cc,,,,,0.0,Normal,0.0
1744301679417104,10.42.0.149,10.42.0.1,54259,1883,231,6,0,1,0,0,0,0,0,0,0,0,0,0.0,0,,0,0,,0,0,0,0,0,0,0,0,0.0,0,0,0,0,0,64.0,5755.0,0,0,0,54,eth:ethertype:ip:tcp,26.6,94.8,51.7,160.0,-59.0,a8:42:e3:ab:ac:cc,,,,,0.0,Normal,0.0
1744301709422719,10.42.0.149,10.42.0.1,54260,1883,0,0,1,0,0,0,0,0,0,0,0,0,0,0.0,0,,0,0,,0,0,0,0,0,0,0,0,0.0,0,0,0,0,0,64.0,5760.0,0,0,0,58,eth:ethertype:ip:tcp,26.6,94.8,51.7,160.0,-59.0,a8:42:e3:ab:ac:cc,,,,,0.0,Normal,0.0
1744301709426669,10.42.0.149,10.42.0.1,54260,1883,1,1,0,1,0,0,0,0,0,0,0,0,0,0.0,0,,0,0,,0,0,0,0,0,0,0,0,0.0,0,0,0,0,0,64.0,5760.0,0,0,0,54,eth:ethertype:ip:tcp,26.6,94.8,51.7,160.0,-59.0,a8:42:e3:ab:ac:cc,,,,,0.0,Normal,0.0
1744301709428923,10.42.0.149,10.42.0.1,54260,1883,1,1,0,1,0,0,1,0,3,0,0,0,0,0.0,0,,0,0,,0,0,0,0,0,0,0,0,0.0,0,0,0,0,0,64.0,5760.0,0,0,0,57,eth:ethertype:ip:tcp,26.6,94.8,51.7,160.0,-59.0,a8:42:e3:ab:ac:cc,,,,,0.0,Normal,0.0
1744301709432386,10.42.0.149,10.42.0.1,54260,1883,4,1,0,1,0,0,1,0,29,0,0,0,0,0.0,0,,0,0,,0,0,0,0,0,0,0,0,0.0,0,0,0,0,0,64.0,5760.0,0,0,0,83,eth:ethertype:ip:tcp,26.6,94.8,51.7,160.0,-59.0,a8:42:e3:ab:ac:cc,,,,,0.0,Normal,0.0
1744301709435334,10.42.0.149,10.42.0.1,54260,1883,33,1,0,1,0,0,1,0,12,0,0,0,0,0.0,0,,0,1,,0,0,0,1,42,4,MQTT,4,0.0,0,0,0,0,0,64.0,5760.0,0,0,esp32_a842e3abaccc,66,eth:ethertype:ip:tcp:mqtt,26.6,94.8,51.7,160.0,-59.0,a8:42:e3:ab:ac:cc,,,,,0.0,Normal,0.0
1744301709459282,10.42.0.149,10.42.0.1,54260,1883,45,5,0,1,0,0,1,0,3,0,0,0,0,0.0,0,,0,0,,0,0,0,0,0,0,0,0,0.0,0,0,0,0,0,64.0,5756.0,0,0,0,57,eth:ethertype:ip:tcp,26.6,94.8,51.7,160.0,-59.0,a8:42:e3:ab:ac:cc,,,,,0.0,Normal,0.0
1744301709472971,10.42.0.149,10.42.0.1,54260,1883,48,5,0,1,1,0,1,0,182,0,0,0,0,0.0,0,,0,3,"Wakeup: 0, Mode: 0, Reset: 1, Temperature: 34.5, Uptime: 187946, Memory: 94.8, In_Temperature: 51.7, CPU: 160, RSSI: -57, MAC: a8:42:e3:ab:ac:cc, F_Storage: 99.22",test/temperatura,16,0,0,180,0,0,0,0.0,0,0,0,0,0,64.0,5756.0,0,0,0,236,eth:ethertype:ip:tcp:mqtt:mqtt,34.5,94.8,51.7,160.0,-57.0,a8:42:e3:ab:ac:cc,,,,,0.0,Normal,0.0
1744301709476338,10.42.0.149,10.42.0.1,54260,1883,231,6,0,1,0,0,0,0,0,0,0,0,0,0.0,0,,0,0,,0,0,0,0,0,0,0,0,0.0,0,0,0,0,0,64.0,5755.0,0,0,0,54,eth:ethertype:ip:tcp,34.5,94.8,51.7,160.0,-57.0,a8:42:e3:ab:ac:cc,,,,,0.0,Normal,0.0
1744301739482746,10.42.0.149,10.42.0.1,54261,1883,0,0,1,0,0,0,0,0,0,0,0,0,0,0.0,0,,0,0,,0,0,0,0,0,0,0,0,0.0,0,0,0,0,0,64.0,5760.0,0,0,0,58,eth:ethertype:ip:tcp,34.5,94.8,51.7,160.0,-57.0,a8:42:e3:ab:ac:cc,,,,,0.0,Normal,0.0
1744301739486352,10.42.0.149,10.42.0.1,54261,1883,1,1,0,1,0,0,0,0,0,0,0,0,0,0.0,0,,0,0,,0,0,0,0,0,0,0,0,0.0,0,0,0,0,0,64.0,5760.0,0,0,0,54,eth:ethertype:ip:tcp,34.5,94.8,51.7,160.0,-57.0,a8:42:e3:ab:ac:cc,,,,,0.0,Normal,0.0
1744301739488717,10.42.0.149,10.42.0.1,54261,1883,1,1,0,1,0,0,1,0,3,0,0,0,0,0.0,0,,0,0,,0,0,0,0,0,0,0,0,0.0,0,0,0,0,0,64.0,5760.0,0,0,0,57,eth:ethertype:ip:tcp,34.5,94.8,51.7,160.0,-57.0,a8:42:e3:ab:ac:cc,,,,,0.0,Normal,0.0
1744301739492138,10.42.0.149,10.42.0.1,54261,1883,4,1,0,1,0,0,1,0,29,0,0,0,0,0.0,0,,0,0,,0,0,0,0,0,0,0,0,0.0,0,0,0,0,0,64.0,5760.0,0,0,0,83,eth:ethertype:ip:tcp,34.5,94.8,51.7,160.0,-57.0,a8:42:e3:ab:ac:cc,,,,,0.0,Normal,0.0
1744301739495889,10.42.0.149,10.42.0.1,54261,1883,33,1,0,1,0,0,1,0,12,0,0,0,0,0.0,0,,0,1,,0,0,0,1,42,4,MQTT,4,0.0,0,0,0,0,0,64.0,5760.0,0,0,esp32_a842e3abaccc,66,eth:ethertype:ip:tcp:mqtt,34.5,94.8,51.7,160.0,-57.0,a8:42:e3:ab:ac:cc,,,,,0.0,Normal,0.0
1744301739521598,10.42.0.149,10.42.0.1,54261,1883,45,5,0,1,0,0,1,0,3,0,0,0,0,0.0,0,,0,0,,0,0,0,0,0,0,0,0,0.0,0,0,0,0,0,64.0,5756.0,0,0,0,57,eth:ethertype:ip:tcp,34.5,94.8,51.7,160.0,-57.0,a8:42:e3:ab:ac:cc,,,,,0.0,Normal,0.0
1744301739532294,10.42.0.149,10.42.0.1,54261,1883,48,5,0,1,1,0,1,0,182,0,0,0,0,0.0,0,,0,3,"Wakeup: 0, Mode: 0, Reset: 1, Temperature: 25.3, Uptime: 187976, Memory: 94.8, In_Temperature: 51.7, CPU: 160, RSSI: -57, MAC: a8:42:e3:ab:ac:cc, F_Storage: 99.22",test/temperatura,16,0,0,180,0,0,0,0.0,0,0,0,0,0,64.0,5756.0,0,0,0,236,eth:ethertype:ip:tcp:mqtt:mqtt,25.3,94.8,51.7,160.0,-57.0,a8:42:e3:ab:ac:cc,,,,,0.0,Normal,0.0
1744301739535780,10.42.0.149,10.42.0.1,54261,1883,231,6,0,1,0,0,0,0,0,0,0,0,0,0.0,0,,0,0,,0,0,0,0,0,0,0,0,0.0,0,0,0,0,0,64.0,5755.0,0,0,0,54,eth:ethertype:ip:tcp,25.3,94.8,51.7,160.0,-57.0,a8:42:e3:ab:ac:cc,,,,,0.0,Normal,0.0
1744301769541473,10.42.0.149,10.42.0.1,54262,1883,0,0,1,0,0,0,0,0,0,0,0,0,0,0.0,0,,0,0,,0,0,0,0,0,0,0,0,0.0,0,0,0,0,0,64.0,5760.0,0,0,0,58,eth:ethertype:ip:tcp,25.3,94.8,51.7,160.0,-57.0,a8:42:e3:ab:ac:cc,,,,,0.0,Normal,0.0
1744301769545362,10.42.0.149,10.42.0.1,54262,1883,1,1,0,1,0,0,0,0,0,0,0,0,0,0.0,0,,0,0,,0,0,0,0,0,0,0,0,0.0,0,0,0,0,0,64.0,5760.0,0,0,0,54,eth:ethertype:ip:tcp,25.3,94.8,51.7,160.0,-57.0,a8:42:e3:ab:ac:cc,,,,,0.0,Normal,0.0
1744301769547504,10.42.0.149,10.42.0.1,54262,1883,1,1,0,1,0,0,1,0,3,0,0,0,0,0.0,0,,0,0,,0,0,0,0,0,0,0,0,0.0,0,0,0,0,0,64.0,5760.0,0,0,0,57,eth:ethertype:ip:tcp,25.3,94.8,51.7,160.0,-57.0,a8:42:e3:ab:ac:cc,,,,,0.0,Normal,0.0
1744301769550889,10.42.0.149,10.42.0.1,54262,1883,4,1,0,1,0,0,1,0,29,0,0,0,0,0.0,0,,0,0,,0,0,0,0,0,0,0,0,0.0,0,0,0,0,0,64.0,5760.0,0,0,0,83,eth:ethertype:ip:tcp,25.3,94.8,51.7,160.0,-57.0,a8:42:e3:ab:ac:cc,,,,,0.0,Normal,0.0
1744301769553995,10.42.0.149,10.42.0.1,54262,1883,33,1,0,1,0,0,1,0,12,0,0,0,0,0.0,0,,0,1,,0,0,0,1,42,4,MQTT,4,0.0,0,0,0,0,0,64.0,5760.0,0,0,esp32_a842e3abaccc,66,eth:ethertype:ip:tcp:mqtt,25.3,94.8,51.7,160.0,-57.0,a8:42:e3:ab:ac:cc,,,,,0.0,Normal,0.0
1744301769578568,10.42.0.149,10.42.0.1,54262,1883,45,5,0,1,0,0,1,0,3,0,0,0,0,0.0,0,,0,0,,0,0,0,0,0,0,0,0,0.0,0,0,0,0,0,64.0,5756.0,0,0,0,57,eth:ethertype:ip:tcp,25.3,94.8,51.7,160.0,-57.0,a8:42:e3:ab:ac:cc,,,,,0.0,Normal,0.0
1744301769591725,10.42.0.149,10.42.0.1,54262,1883,48,5,0,1,1,0,1,0,182,0,0,0,0,0.0,0,,0,3,"Wakeup: 0, Mode: 0, Reset: 1, Temperature: 34.8, Uptime: 188006, Memory: 94.8, In_Temperature: 51.7, CPU: 160, RSSI: -56, MAC: a8:42:e3:ab:ac:cc, F_Storage: 99.22",test/temperatura,16,0,0,180,0,0,0,0.0,0,0,0,0,0,64.0,5756.0,0,0,0,236,eth:ethertype:ip:tcp:mqtt:mqtt,34.8,94.8,51.7,160.0,-56.0,a8:42:e3:ab:ac:cc,,,,,0.0,Normal,0.0
1744301769595133,10.42.0.149,10.42.0.1,54262,1883,231,6,0,1,0,0,0,0,0,0,0,0,0,0.0,0,,0,0,,0,0,0,0,0,0,0,0,0.0,0,0,0,0,0,64.0,5755.0,0,0,0,54,eth:ethertype:ip:tcp,34.8,94.8,51.7,160.0,-56.0,a8:42:e3:ab:ac:cc,,,,,0.0,Normal,0.0
1744301799600954,10.42.0.149,10.42.0.1,54263,1883,0,0,1,0,0,0,0,0,0,0,0,0,0,0.0,0,,0,0,,0,0,0,0,0,0,0,0,0.0,0,0,0,0,0,64.0,5760.0,0,0,0,58,eth:ethertype:ip:tcp,34.8,94.8,51.7,160.0,-56.0,a8:42:e3:ab:ac:cc,,,,,0.0,Normal,0.0
1744301799609720,10.42.0.149,10.42.0.1,54263,1883,1,1,0,1,0,0,0,0,0,0,0,0,0,0.0,0,,0,0,,0,0,0,0,0,0,0,0,0.0,0,0,0,0,0,64.0,5760.0,0,0,0,54,eth:ethertype:ip:tcp,34.8,94.8,51.7,160.0,-56.0,a8:42:e3:ab:ac:cc,,,,,0.0,Normal,0.0
1744301799611765,10.42.0.149,10.42.0.1,54263,1883,1,1,0,1,0,0,1,0,3,0,0,0,0,0.0,0,,0,0,,0,0,0,0,0,0,0,0,0.0,0,0,0,0,0,64.0,5760.0,0,0,0,57,eth:ethertype:ip:tcp,34.8,94.8,51.7,160.0,-56.0,a8:42:e3:ab:ac:cc,,,,,0.0,Normal,0.0
1744301799615297,10.42.0.149,10.42.0.1,54263,1883,4,1,0,1,0,0,1,0,29,0,0,0,0,0.0,0,,0,0,,0,0,0,0,0,0,0,0,0.0,0,0,0,0,0,64.0,5760.0,0,0,0,83,eth:ethertype:ip:tcp,34.8,94.8,51.7,160.0,-56.0,a8:42:e3:ab:ac:cc,,,,,0.0,Normal,0.0
1744301799618614,10.42.0.149,10.42.0.1,54263,1883,33,1,0,1,0,0,1,0,12,0,0,0,0,0.0,0,,0,1,,0,0,0,1,42,4,MQTT,4,0.0,0,0,0,0,0,64.0,5760.0,0,0,esp32_a842e3abaccc,66,eth:ethertype:ip:tcp:mqtt,34.8,94.8,51.7,160.0,-56.0,a8:42:e3:ab:ac:cc,,,,,0.0,Normal,0.0
1744301799642609,10.42.0.149,10.42.0.1,54263,1883,45,5,0,1,0,0,1,0,3,0,0,0,0,0.0,0,,0,0,,0,0,0,0,0,0,0,0,0.0,0,0,0,0,0,64.0,5756.0,0,0,0,57,eth:ethertype:ip:tcp,34.8,94.8,51.7,160.0,-56.0,a8:42:e3:ab:ac:cc,,,,,0.0,Normal,0.0
1744301799651055,10.42.0.149,10.42.0.1,54263,1883,48,5,0,1,1,0,1,0,182,0,0,0,0,0.0,0,,0,3,"Wakeup: 0, Mode: 0, Reset: 1, Temperature: 38.4, Uptime: 188036, Memory: 94.8, In_Temperature: 51.7, CPU: 160, RSSI: -55, MAC: a8:42:e3:ab:ac:cc, F_Storage: 99.22",test/temperatura,16,0,0,180,0,0,0,0.0,0,0,0,0,0,64.0,5756.0,0,0,0,236,eth:ethertype:ip:tcp:mqtt:mqtt,38.4,94.8,51.7,160.0,-55.0,a8:42:e3:ab:ac:cc,,,,,0.0,Normal,0.0
1744301799654305,10.42.0.149,10.42.0.1,54263,1883,231,6,0,1,0,0,0,0,0,0,0,0,0,0.0,0,,0,0,,0,0,0,0,0,0,0,0,0.0,0,0,0,0,0,64.0,5755.0,0,0,0,54,eth:ethertype:ip:tcp,38.4,94.8,51.7,160.0,-55.0,a8:42:e3:ab:ac:cc,,,,,0.0,Normal,0.0
1744301829668597,10.42.0.149,10.42.0.1,54264,1883,0,0,1,0,0,0,0,0,0,0,0,0,0,0.0,0,,0,0,,0,0,0,0,0,0,0,0,0.0,0,0,0,0,0,64.0,5760.0,0,0,0,58,eth:ethertype:ip:tcp,38.4,94.8,51.7,160.0,-55.0,a8:42:e3:ab:ac:cc,,,,,0.0,Normal,0.0
1744301829672536,10.42.0.149,10.42.0.1,54264,1883,1,1,0,1,0,0,0,0,0,0,0,0,0,0.0,0,,0,0,,0,0,0,0,0,0,0,0,0.0,0,0,0,0,0,64.0,5760.0,0,0,0,54,eth:ethertype:ip:tcp,38.4,94.8,51.7,160.0,-55.0,a8:42:e3:ab:ac:cc,,,,,0.0,Normal,0.0
1744301829674752,10.42.0.149,10.42.0.1,54264,1883,1,1,0,1,0,0,1,0,3,0,0,0,0,0.0,0,,0,0,,0,0,0,0,0,0,0,0,0.0,0,0,0,0,0,64.0,5760.0,0,0,0,57,eth:ethertype:ip:tcp,38.4,94.8,51.7,160.0,-55.0,a8:42:e3:ab:ac:cc,,,,,0.0,Normal,0.0
1744301829678085,10.42.0.149,10.42.0.1,54264,1883,4,1,0,1,0,0,1,0,29,0,0,0,0,0.0,0,,0,0,,0,0,0,0,0,0,0,0,0.0,0,0,0,0,0,64.0,5760.0,0,0,0,83,eth:ethertype:ip:tcp,38.4,94.8,51.7,160.0,-55.0,a8:42:e3:ab:ac:cc,,,,,0.0,Normal,0.0
1744301829681326,10.42.0.149,10.42.0.1,54264,1883,33,1,0,1,0,0,1,0,12,0,0,0,0,0.0,0,,0,1,,0,0,0,1,42,4,MQTT,4,0.0,0,0,0,0,0,64.0,5760.0,0,0,esp32_a842e3abaccc,66,eth:ethertype:ip:tcp:mqtt,38.4,94.8,51.7,160.0,-55.0,a8:42:e3:ab:ac:cc,,,,,0.0,Normal,0.0
1744301829705807,10.42.0.149,10.42.0.1,54264,1883,45,5,0,1,0,0,1,0,3,0,0,0,0,0.0,0,,0,0,,0,0,0,0,0,0,0,0,0.0,0,0,0,0,0,64.0,5756.0,0,0,0,57,eth:ethertype:ip:tcp,38.4,94.8,51.7,160.0,-55.0,a8:42:e3:ab:ac:cc,,,,,0.0,Normal,0.0
1744301829721281,10.42.0.149,10.42.0.1,54264,1883,48,5,0,1,1,0,1,0,182,0,0,0,0,0.0,0,,0,3,"Wakeup: 0, Mode: 0, Reset: 1, Temperature: 40.2, Uptime: 188066, Memory: 94.8, In_Temperature: 51.7, CPU: 160, RSSI: -57, MAC: a8:42:e3:ab:ac:cc, F_Storage: 99.22",test/temperatura,16,0,0,180,0,0,0,0.0,0,0,0,0,0,64.0,5756.0,0,0,0,236,eth:ethertype:ip:tcp:mqtt:mqtt,40.2,94.8,51.7,160.0,-57.0,a8:42:e3:ab:ac:cc,,,,,0.0,Normal,0.0
1744301829724848,10.42.0.149,10.42.0.1,54264,1883,231,6,0,1,0,0,0,0,0,0,0,0,0,0.0,0,,0,0,,0,0,0,0,0,0,0,0,0.0,0,0,0,0,0,64.0,5755.0,0,0,0,54,eth:ethertype:ip:tcp,40.2,94.8,51.7,160.0,-57.0,a8:42:e3:ab:ac:cc,,,,,0.0,Normal,0.0
1744301859729913,10.42.0.149,10.42.0.1,54265,1883,0,0,1,0,0,0,0,0,0,0,0,0,0,0.0,0,,0,0,,0,0,0,0,0,0,0,0,0.0,0,0,0,0,0,64.0,5760.0,0,0,0,58,eth:ethertype:ip:tcp,40.2,94.8,51.7,160.0,-57.0,a8:42:e3:ab:ac:cc,,,,,0.0,Normal,0.0
1744301859735844,10.42.0.149,10.42.0.1,54265,1883,1,1,0,1,0,0,0,0,0,0,0,0,0,0.0,0,,0,0,,0,0,0,0,0,0,0,0,0.0,0,0,0,0,0,64.0,5760.0,0,0,0,54,eth:ethertype:ip:tcp,40.2,94.8,51.7,160.0,-57.0,a8:42:e3:ab:ac:cc,,,,,0.0,Normal,0.0
1744301859736590,10.42.0.149,10.42.0.1,54265,1883,1,1,0,1,0,0,1,0,3,0,0,0,0,0.0,0,,0,0,,0,0,0,0,0,0,0,0,0.0,0,0,0,0,0,64.0,5760.0,0,0,0,57,eth:ethertype:ip:tcp,40.2,94.8,51.7,160.0,-57.0,a8:42:e3:ab:ac:cc,,,,,0.0,Normal,0.0
1744301859739997,10.42.0.149,10.42.0.1,54265,1883,4,1,0,1,0,0,1,0,31,0,0,0,0,0.0,0,,0,0,,0,0,0,0,0,0,0,0,0.0,0,0,0,0,0,64.0,5760.0,0,0,0,85,eth:ethertype:ip:tcp,40.2,94.8,51.7,160.0,-57.0,a8:42:e3:ab:ac:cc,,,,,0.0,Normal,0.0
1744301859743161,10.42.0.149,10.42.0.1,54265,1883,35,1,0,1,0,0,1,0,10,0,0,0,0,0.0,0,,0,1,,0,0,0,1,42,4,MQTT,4,0.0,0,0,0,0,0,64.0,5760.0,0,0,esp32_a842e3abaccc,64,eth:ethertype:ip:tcp:mqtt,40.2,94.8,51.7,160.0,-57.0,a8:42:e3:ab:ac:cc,,,,,0.0,Normal,0.0
1744301859767281,10.42.0.149,10.42.0.1,54265,1883,45,5,0,1,0,0,1,0,3,0,0,0,0,0.0,0,,0,0,,0,0,0,0,0,0,0,0,0.0,0,0,0,0,0,64.0,5756.0,0,0,0,57,eth:ethertype:ip:tcp,40.2,94.8,51.7,160.0,-57.0,a8:42:e3:ab:ac:cc,,,,,0.0,Normal,0.0
1744301859779892,10.42.0.149,10.42.0.1,54265,1883,48,5,0,1,1,0,1,0,182,0,0,0,0,0.0,0,,0,3,"Wakeup: 0, Mode: 0, Reset: 1, Temperature: 35.6, Uptime: 188097, Memory: 94.8, In_Temperature: 51.7, CPU: 160, RSSI: -55, MAC: a8:42:e3:ab:ac:cc, F_Storage: 99.22",test/temperatura,16,0,0,180,0,0,0,0.0,0,0,0,0,0,64.0,5756.0,0,0,0,236,eth:ethertype:ip:tcp:mqtt:mqtt,35.6,94.8,51.7,160.0,-55.0,a8:42:e3:ab:ac:cc,,,,,0.0,Normal,0.0
1744301859783453,10.42.0.149,10.42.0.1,54265,1883,231,6,0,1,0,0,0,0,0,0,0,0,0,0.0,0,,0,0,,0,0,0,0,0,0,0,0,0.0,0,0,0,0,0,64.0,5755.0,0,0,0,54,eth:ethertype:ip:tcp,35.6,94.8,51.7,160.0,-55.0,a8:42:e3:ab:ac:cc,,,,,0.0,Normal,0.0
1744301889788403,10.42.0.149,10.42.0.1,54266,1883,0,0,1,0,0,0,0,0,0,0,0,0,0,0.0,0,,0,0,,0,0,0,0,0,0,0,0,0.0,0,0,0,0,0,64.0,5760.0,0,0,0,58,eth:ethertype:ip:tcp,35.6,94.8,51.7,160.0,-55.0,a8:42:e3:ab:ac:cc,,,,,0.0,Normal,0.0
1744301889792891,10.42.0.149,10.42.0.1,54266,1883,1,1,0,1,0,0,0,0,0,0,0,0,0,0.0,0,,0,0,,0,0,0,0,0,0,0,0,0.0,0,0,0,0,0,64.0,5760.0,0,0,0,54,eth:ethertype:ip:tcp,35.6,94.8,51.7,160.0,-55.0,a8:42:e3:ab:ac:cc,,,,,0.0,Normal,0.0
1744301889795317,10.42.0.149,10.42.0.1,54266,1883,1,1,0,1,0,0,1,0,3,0,0,0,0,0.0,0,,0,0,,0,0,0,0,0,0,0,0,0.0,0,0,0,0,0,64.0,5760.0,0,0,0,57,eth:ethertype:ip:tcp,35.6,94.8,51.7,160.0,-55.0,a8:42:e3:ab:ac:cc,,,,,0.0,Normal,0.0
1744301889798906,10.42.0.149,10.42.0.1,54266,1883,4,1,0,1,0,0,1,0,29,0,0,0,0,0.0,0,,0,0,,0,0,0,0,0,0,0,0,0.0,0,0,0,0,0,64.0,5760.0,0,0,0,83,eth:ethertype:ip:tcp,35.6,94.8,51.7,160.0,-55.0,a8:42:e3:ab:ac:cc,,,,,0.0,Normal,0.0
1744301889802034,10.42.0.149,10.42.0.1,54266,1883,33,1,0,1,0,0,1,0,12,0,0,0,0,0.0,0,,0,1,,0,0,0,1,42,4,MQTT,4,0.0,0,0,0,0,0,64.0,5760.0,0,0,esp32_a842e3abaccc,66,eth:ethertype:ip:tcp:mqtt,35.6,94.8,51.7,160.0,-55.0,a8:42:e3:ab:ac:cc,,,,,0.0,Normal,0.0
1744301889828416,10.42.0.149,10.42.0.1,54266,1883,45,5,0,1,0,0,1,0,3,0,0,0,0,0.0,0,,0,0,,0,0,0,0,0,0,0,0,0.0,0,0,0,0,0,64.0,5756.0,0,0,0,57,eth:ethertype:ip:tcp,35.6,94.8,51.7,160.0,-55.0,a8:42:e3:ab:ac:cc,,,,,0.0,Normal,0.0
1744301889839214,10.42.0.149,10.42.0.1,54266,1883,48,5,0,1,1,0,1,0,182,0,0,0,0,0.0,0,,0,3,"Wakeup: 0, Mode: 0, Reset: 1, Temperature: 29.1, Uptime: 188127, Memory: 94.9, In_Temperature: 51.7, CPU: 160, RSSI: -60, MAC: a8:42:e3:ab:ac:cc, F_Storage: 99.22",test/temperatura,16,0,0,180,0,0,0,0.0,0,0,0,0,0,64.0,5756.0,0,0,0,236,eth:ethertype:ip:tcp:mqtt:mqtt,29.1,94.9,51.7,160.0,-60.0,a8:42:e3:ab:ac:cc,,,,,0.0,Normal,0.0
1744301889846168,10.42.0.149,10.42.0.1,54266,1883,231,6,0,1,0,0,0,0,0,0,0,0,0,0.0,0,,0,0,,0,0,0,0,0,0,0,0,0.0,0,0,0,0,0,64.0,5755.0,0,0,0,54,eth:ethertype:ip:tcp,29.1,94.9,51.7,160.0,-60.0,a8:42:e3:ab:ac:cc,,,,,0.0,Normal,0.0
1744301919848293,10.42.0.149,10.42.0.1,54267,1883,0,0,1,0,0,0,0,0,0,0,0,0,0,0.0,0,,0,0,,0,0,0,0,0,0,0,0,0.0,0,0,0,0,0,64.0,5760.0,0,0,0,58,eth:ethertype:ip:tcp,29.1,94.9,51.7,160.0,-60.0,a8:42:e3:ab:ac:cc,,,,,0.0,Normal,0.0
1744301919852218,10.42.0.149,10.42.0.1,54267,1883,1,1,0,1,0,0,0,0,0,0,0,0,0,0.0,0,,0,0,,0,0,0,0,0,0,0,0,0.0,0,0,0,0,0,64.0,5760.0,0,0,0,54,eth:ethertype:ip:tcp,29.1,94.9,51.7,160.0,-60.0,a8:42:e3:ab:ac:cc,,,,,0.0,Normal,0.0
1744301919854458,10.42.0.149,10.42.0.1,54267,1883,1,1,0,1,0,0,1,0,3,0,0,0,0,0.0,0,,0,0,,0,0,0,0,0,0,0,0,0.0,0,0,0,0,0,64.0,5760.0,0,0,0,57,eth:ethertype:ip:tcp,29.1,94.9,51.7,160.0,-60.0,a8:42:e3:ab:ac:cc,,,,,0.0,Normal,0.0
1744301919857813,10.42.0.149,10.42.0.1,54267,1883,4,1,0,1,0,0,1,0,29,0,0,0,0,0.0,0,,0,0,,0,0,0,0,0,0,0,0,0.0,0,0,0,0,0,64.0,5760.0,0,0,0,83,eth:ethertype:ip:tcp,29.1,94.9,51.7,160.0,-60.0,a8:42:e3:ab:ac:cc,,,,,0.0,Normal,0.0
1744301919860942,10.42.0.149,10.42.0.1,54267,1883,33,1,0,1,0,0,1,0,12,0,0,0,0,0.0,0,,0,1,,0,0,0,1,42,4,MQTT,4,0.0,0,0,0,0,0,64.0,5760.0,0,0,esp32_a842e3abaccc,66,eth:ethertype:ip:tcp:mqtt,29.1,94.9,51.7,160.0,-60.0,a8:42:e3:ab:ac:cc,,,,,0.0,Normal,0.0
1744301919890081,10.42.0.149,10.42.0.1,54267,1883,45,5,0,1,0,0,1,0,3,0,0,0,0,0.0,0,,0,0,,0,0,0,0,0,0,0,0,0.0,0,0,0,0,0,64.0,5756.0,0,0,0,57,eth:ethertype:ip:tcp,29.1,94.9,51.7,160.0,-60.0,a8:42:e3:ab:ac:cc,,,,,0.0,Normal,0.0
1744301919898721,10.42.0.149,10.42.0.1,54267,1883,48,5,0,1,1,0,1,0,182,0,0,0,0,0.0,0,,0,3,"Wakeup: 0, Mode: 0, Reset: 1, Temperature: 35.6, Uptime: 188157, Memory: 94.8, In_Temperature: 51.7, CPU: 160, RSSI: -53, MAC: a8:42:e3:ab:ac:cc, F_Storage: 99.22",test/temperatura,16,0,0,180,0,0,0,0.0,0,0,0,0,0,64.0,5756.0,0,0,0,236,eth:ethertype:ip:tcp:mqtt:mqtt,35.6,94.8,51.7,160.0,-53.0,a8:42:e3:ab:ac:cc,,,,,0.0,Normal,0.0
1744301919902094,10.42.0.149,10.42.0.1,54267,1883,231,6,0,1,0,0,0,0,0,0,0,0,0,0.0,0,,0,0,,0,0,0,0,0,0,0,0,0.0,0,0,0,0,0,64.0,5755.0,0,0,0,54,eth:ethertype:ip:tcp,35.6,94.8,51.7,160.0,-53.0,a8:42:e3:ab:ac:cc,,,,,0.0,Normal,0.0
1744301949911229,10.42.0.149,10.42.0.1,54268,1883,0,0,1,0,0,0,0,0,0,0,0,0,0,0.0,0,,0,0,,0,0,0,0,0,0,0,0,0.0,0,0,0,0,0,64.0,5760.0,0,0,0,58,eth:ethertype:ip:tcp,35.6,94.8,51.7,160.0,-53.0,a8:42:e3:ab:ac:cc,,,,,0.0,Normal,0.0
1744301949916558,10.42.0.149,10.42.0.1,54268,1883,1,1,0,1,0,0,0,0,0,0,0,0,0,0.0,0,,0,0,,0,0,0,0,0,0,0,0,0.0,0,0,0,0,0,64.0,5760.0,0,0,0,54,eth:ethertype:ip:tcp,35.6,94.8,51.7,160.0,-53.0,a8:42:e3:ab:ac:cc,,,,,0.0,Normal,0.0
1744301949917201,10.42.0.149,10.42.0.1,54268,1883,1,1,0,1,0,0,1,0,3,0,0,0,0,0.0,0,,0,0,,0,0,0,0,0,0,0,0,0.0,0,0,0,0,0,64.0,5760.0,0,0,0,57,eth:ethertype:ip:tcp,35.6,94.8,51.7,160.0,-53.0,a8:42:e3:ab:ac:cc,,,,,0.0,Normal,0.0
1744301949920602,10.42.0.149,10.42.0.1,54268,1883,4,1,0,1,0,0,1,0,29,0,0,0,0,0.0,0,,0,0,,0,0,0,0,0,0,0,0,0.0,0,0,0,0,0,64.0,5760.0,0,0,0,83,eth:ethertype:ip:tcp,35.6,94.8,51.7,160.0,-53.0,a8:42:e3:ab:ac:cc,,,,,0.0,Normal,0.0
1744301949924707,10.42.0.149,10.42.0.1,54268,1883,33,1,0,1,0,0,1,0,12,0,0,0,0,0.0,0,,0,1,,0,0,0,1,42,4,MQTT,4,0.0,0,0,0,0,0,64.0,5760.0,0,0,esp32_a842e3abaccc,66,eth:ethertype:ip:tcp:mqtt,35.6,94.8,51.7,160.0,-53.0,a8:42:e3:ab:ac:cc,,,,,0.0,Normal,0.0
1744301949953533,10.42.0.149,10.42.0.1,54268,1883,45,5,0,1,0,0,1,0,3,0,0,0,0,0.0,0,,0,0,,0,0,0,0,0,0,0,0,0.0,0,0,0,0,0,64.0,5756.0,0,0,0,57,eth:ethertype:ip:tcp,35.6,94.8,51.7,160.0,-53.0,a8:42:e3:ab:ac:cc,,,,,0.0,Normal,0.0
1744301949967905,10.42.0.149,10.42.0.1,54268,1883,48,5,0,1,1,0,1,0,182,0,0,0,0,0.0,0,,0,3,"Wakeup: 0, Mode: 0, Reset: 1, Temperature: 25.2, Uptime: 188187, Memory: 94.8, In_Temperature: 51.7, CPU: 160, RSSI: -54, MAC: a8:42:e3:ab:ac:cc, F_Storage: 99.22",test/temperatura,16,0,0,180,0,0,0,0.0,0,0,0,0,0,64.0,5756.0,0,0,0,236,eth:ethertype:ip:tcp:mqtt:mqtt,25.2,94.8,51.7,160.0,-54.0,a8:42:e3:ab:ac:cc,,,,,0.0,Normal,0.0
1744301949971242,10.42.0.149,10.42.0.1,54268,1883,231,6,0,1,0,0,0,0,0,0,0,0,0,0.0,0,,0,0,,0,0,0,0,0,0,0,0,0.0,0,0,0,0,0,64.0,5755.0,0,0,0,54,eth:ethertype:ip:tcp,25.2,94.8,51.7,160.0,-54.0,a8:42:e3:ab:ac:cc,,,,,0.0,Normal,0.0
1744301979977095,10.42.0.149,10.42.0.1,54269,1883,0,0,1,0,0,0,0,0,0,0,0,0,0,0.0,0,,0,0,,0,0,0,0,0,0,0,0,0.0,0,0,0,0,0,64.0,5760.0,0,0,0,58,eth:ethertype:ip:tcp,25.2,94.8,51.7,160.0,-54.0,a8:42:e3:ab:ac:cc,,,,,0.0,Normal,0.0
1744301979981871,10.42.0.149,10.42.0.1,54269,1883,1,1,0,1,0,0,0,0,0,0,0,0,0,0.0,0,,0,0,,0,0,0,0,0,0,0,0,0.0,0,0,0,0,0,64.0,5760.0,0,0,0,54,eth:ethertype:ip:tcp,25.2,94.8,51.7,160.0,-54.0,a8:42:e3:ab:ac:cc,,,,,0.0,Normal,0.0
1744301979983920,10.42.0.149,10.42.0.1,54269,1883,1,1,0,1,0,0,1,0,3,0,0,0,0,0.0,0,,0,0,,0,0,0,0,0,0,0,0,0.0,0,0,0,0,0,64.0,5760.0,0,0,0,57,eth:ethertype:ip:tcp,25.2,94.8,51.7,160.0,-54.0,a8:42:e3:ab:ac:cc,,,,,0.0,Normal,0.0
1744301979987357,10.42.0.149,10.42.0.1,54269,1883,4,1,0,1,0,0,1,0,29,0,0,0,0,0.0,0,,0,0,,0,0,0,0,0,0,0,0,0.0,0,0,0,0,0,64.0,5760.0,0,0,0,83,eth:ethertype:ip:tcp,25.2,94.8,51.7,160.0,-54.0,a8:42:e3:ab:ac:cc,,,,,0.0,Normal,0.0
1744301979991471,10.42.0.149,10.42.0.1,54269,1883,33,1,0,1,0,0,1,0,12,0,0,0,0,0.0,0,,0,1,,0,0,0,1,42,4,MQTT,4,0.0,0,0,0,0,0,64.0,5760.0,0,0,esp32_a842e3abaccc,66,eth:ethertype:ip:tcp:mqtt,25.2,94.8,51.7,160.0,-54.0,a8:42:e3:ab:ac:cc,,,,,0.0,Normal,0.0
1744301980015533,10.42.0.149,10.42.0.1,54269,1883,45,5,0,1,0,0,1,0,3,0,0,0,0,0.0,0,,0,0,,0,0,0,0,0,0,0,0,0.0,0,0,0,0,0,64.0,5756.0,0,0,0,57,eth:ethertype:ip:tcp,25.2,94.8,51.7,160.0,-54.0,a8:42:e3:ab:ac:cc,,,,,0.0,Normal,0.0
1744301980027631,10.42.0.149,10.42.0.1,54269,1883,48,5,0,1,1,0,1,0,182,0,0,0,0,0.0,0,,0,3,"Wakeup: 0, Mode: 0, Reset: 1, Temperature: 27.4, Uptime: 188217, Memory: 94.9, In_Temperature: 51.7, CPU: 160, RSSI: -53, MAC: a8:42:e3:ab:ac:cc, F_Storage: 99.22",test/temperatura,16,0,0,180,0,0,0,0.0,0,0,0,0,0,64.0,5756.0,0,0,0,236,eth:ethertype:ip:tcp:mqtt:mqtt,27.4,94.9,51.7,160.0,-53.0,a8:42:e3:ab:ac:cc,,,,,0.0,Normal,0.0
1744301980031056,10.42.0.149,10.42.0.1,54269,1883,231,6,0,1,0,0,0,0,0,0,0,0,0,0.0,0,,0,0,,0,0,0,0,0,0,0,0,0.0,0,0,0,0,0,64.0,5755.0,0,0,0,54,eth:ethertype:ip:tcp,27.4,94.9,51.7,160.0,-53.0,a8:42:e3:ab:ac:cc,,,,,0.0,Normal,0.0
1744302010037133,10.42.0.149,10.42.0.1,54270,1883,0,0,1,0,0,0,0,0,0,0,0,0,0,0.0,0,,0,0,,0,0,0,0,0,0,0,0,0.0,0,0,0,0,0,64.0,5760.0,0,0,0,58,eth:ethertype:ip:tcp,27.4,94.9,51.7,160.0,-53.0,a8:42:e3:ab:ac:cc,,,,,0.0,Normal,0.0
1744302010042413,10.42.0.149,10.42.0.1,54270,1883,1,1,0,1,0,0,0,0,0,0,0,0,0,0.0,0,,0,0,,0,0,0,0,0,0,0,0,0.0,0,0,0,0,0,64.0,5760.0,0,0,0,54,eth:ethertype:ip:tcp,27.4,94.9,51.7,160.0,-53.0,a8:42:e3:ab:ac:cc,,,,,0.0,Normal,0.0
1744302010044500,10.42.0.149,10.42.0.1,54270,1883,1,1,0,1,0,0,1,0,3,0,0,0,0,0.0,0,,0,0,,0,0,0,0,0,0,0,0,0.0,0,0,0,0,0,64.0,5760.0,0,0,0,57,eth:ethertype:ip:tcp,27.4,94.9,51.7,160.0,-53.0,a8:42:e3:ab:ac:cc,,,,,0.0,Normal,0.0
1744302010048183,10.42.0.149,10.42.0.1,54270,1883,4,1,0,1,0,0,1,0,29,0,0,0,0,0.0,0,,0,0,,0,0,0,0,0,0,0,0,0.0,0,0,0,0,0,64.0,5760.0,0,0,0,83,eth:ethertype:ip:tcp,27.4,94.9,51.7,160.0,-53.0,a8:42:e3:ab:ac:cc,,,,,0.0,Normal,0.0
1744302010051208,10.42.0.149,10.42.0.1,54270,1883,33,1,0,1,0,0,1,0,12,0,0,0,0,0.0,0,,0,1,,0,0,0,1,42,4,MQTT,4,0.0,0,0,0,0,0,64.0,5760.0,0,0,esp32_a842e3abaccc,66,eth:ethertype:ip:tcp:mqtt,27.4,94.9,51.7,160.0,-53.0,a8:42:e3:ab:ac:cc,,,,,0.0,Normal,0.0
1744302010077691,10.42.0.149,10.42.0.1,54270,1883,45,5,0,1,0,0,1,0,3,0,0,0,0,0.0,0,,0,0,,0,0,0,0,0,0,0,0,0.0,0,0,0,0,0,64.0,5756.0,0,0,0,57,eth:ethertype:ip:tcp,27.4,94.9,51.7,160.0,-53.0,a8:42:e3:ab:ac:cc,,,,,0.0,Normal,0.0
1744302010086680,10.42.0.149,10.42.0.1,54270,1883,48,5,0,1,1,0,1,0,182,0,0,0,0,0.0,0,,0,3,"Wakeup: 0, Mode: 0, Reset: 1, Temperature: 31.6, Uptime: 188247, Memory: 94.8, In_Temperature: 51.7, CPU: 160, RSSI: -53, MAC: a8:42:e3:ab:ac:cc, F_Storage: 99.22",test/temperatura,16,0,0,180,0,0,0,0.0,0,0,0,0,0,64.0,5756.0,0,0,0,236,eth:ethertype:ip:tcp:mqtt:mqtt,31.6,94.8,51.7,160.0,-53.0,a8:42:e3:ab:ac:cc,,,,,0.0,Normal,0.0
1744302010090105,10.42.0.149,10.42.0.1,54270,1883,231,6,0,1,0,0,0,0,0,0,0,0,0,0.0,0,,0,0,,0,0,0,0,0,0,0,0,0.0,0,0,0,0,0,64.0,5755.0,0,0,0,54,eth:ethertype:ip:tcp,31.6,94.8,51.7,160.0,-53.0,a8:42:e3:ab:ac:cc,,,,,0.0,Normal,0.0
1744302040095614,10.42.0.149,10.42.0.1,54271,1883,0,0,1,0,0,0,0,0,0,0,0,0,0,0.0,0,,0,0,,0,0,0,0,0,0,0,0,0.0,0,0,0,0,0,64.0,5760.0,0,0,0,58,eth:ethertype:ip:tcp,31.6,94.8,51.7,160.0,-53.0,a8:42:e3:ab:ac:cc,,,,,0.0,Normal,0.0
1744302040099758,10.42.0.149,10.42.0.1,54271,1883,1,1,0,1,0,0,0,0,0,0,0,0,0,0.0,0,,0,0,,0,0,0,0,0,0,0,0,0.0,0,0,0,0,0,64.0,5760.0,0,0,0,54,eth:ethertype:ip:tcp,31.6,94.8,51.7,160.0,-53.0,a8:42:e3:ab:ac:cc,,,,,0.0,Normal,0.0
1744302040102387,10.42.0.149,10.42.0.1,54271,1883,1,1,0,1,0,0,1,0,3,0,0,0,0,0.0,0,,0,0,,0,0,0,0,0,0,0,0,0.0,0,0,0,0,0,64.0,5760.0,0,0,0,57,eth:ethertype:ip:tcp,31.6,94.8,51.7,160.0,-53.0,a8:42:e3:ab:ac:cc,,,,,0.0,Normal,0.0
1744302040107886,10.42.0.149,10.42.0.1,54271,1883,4,1,0,1,0,0,1,0,29,0,0,0,0,0.0,0,,0,0,,0,0,0,0,0,0,0,0,0.0,0,0,0,0,0,64.0,5760.0,0,0,0,83,eth:ethertype:ip:tcp,31.6,94.8,51.7,160.0,-53.0,a8:42:e3:ab:ac:cc,,,,,0.0,Normal,0.0
1744302040110715,10.42.0.149,10.42.0.1,54271,1883,33,1,0,1,0,0,1,0,12,0,0,0,0,0.0,0,,0,1,,0,0,0,1,42,4,MQTT,4,0.0,0,0,0,0,0,64.0,5760.0,0,0,esp32_a842e3abaccc,66,eth:ethertype:ip:tcp:mqtt,31.6,94.8,51.7,160.0,-53.0,a8:42:e3:ab:ac:cc,,,,,0.0,Normal,0.0
1744302040134559,10.42.0.149,10.42.0.1,54271,1883,45,5,0,1,0,0,1,0,3,0,0,0,0,0.0,0,,0,0,,0,0,0,0,0,0,0,0,0.0,0,0,0,0,0,64.0,5756.0,0,0,0,57,eth:ethertype:ip:tcp,31.6,94.8,51.7,160.0,-53.0,a8:42:e3:ab:ac:cc,,,,,0.0,Normal,0.0
1744302040146783,10.42.0.149,10.42.0.1,54271,1883,48,5,0,1,1,0,1,0,182,0,0,0,0,0.0,0,,0,3,"Wakeup: 0, Mode: 0, Reset: 1, Temperature: 35.8, Uptime: 188277, Memory: 94.8, In_Temperature: 51.7, CPU: 160, RSSI: -53, MAC: a8:42:e3:ab:ac:cc, F_Storage: 99.22",test/temperatura,16,0,0,180,0,0,0,0.0,0,0,0,0,0,64.0,5756.0,0,0,0,236,eth:ethertype:ip:tcp:mqtt:mqtt,35.8,94.8,51.7,160.0,-53.0,a8:42:e3:ab:ac:cc,,,,,0.0,Normal,0.0
1744302040150671,10.42.0.149,10.42.0.1,54271,1883,231,6,0,1,0,0,0,0,0,0,0,0,0,0.0,0,,0,0,,0,0,0,0,0,0,0,0,0.0,0,0,0,0,0,64.0,5755.0,0,0,0,54,eth:ethertype:ip:tcp,35.8,94.8,51.7,160.0,-53.0,a8:42:e3:ab:ac:cc,,,,,0.0,Normal,0.0
1744302070155489,10.42.0.149,10.42.0.1,54272,1883,0,0,1,0,0,0,0,0,0,0,0,0,0,0.0,0,,0,0,,0,0,0,0,0,0,0,0,0.0,0,0,0,0,0,64.0,5760.0,0,0,0,58,eth:ethertype:ip:tcp,35.8,94.8,51.7,160.0,-53.0,a8:42:e3:ab:ac:cc,,,,,0.0,Normal,0.0
1744302070159336,10.42.0.149,10.42.0.1,54272,1883,1,1,0,1,0,0,0,0,0,0,0,0,0,0.0,0,,0,0,,0,0,0,0,0,0,0,0,0.0,0,0,0,0,0,64.0,5760.0,0,0,0,54,eth:ethertype:ip:tcp,35.8,94.8,51.7,160.0,-53.0,a8:42:e3:ab:ac:cc,,,,,0.0,Normal,0.0
1744302070161522,10.42.0.149,10.42.0.1,54272,1883,1,1,0,1,0,0,1,0,3,0,0,0,0,0.0,0,,0,0,,0,0,0,0,0,0,0,0,0.0,0,0,0,0,0,64.0,5760.0,0,0,0,57,eth:ethertype:ip:tcp,35.8,94.8,51.7,160.0,-53.0,a8:42:e3:ab:ac:cc,,,,,0.0,Normal,0.0
1744302070164847,10.42.0.149,10.42.0.1,54272,1883,4,1,0,1,0,0,1,0,29,0,0,0,0,0.0,0,,0,0,,0,0,0,0,0,0,0,0,0.0,0,0,0,0,0,64.0,5760.0,0,0,0,83,eth:ethertype:ip:tcp,35.8,94.8,51.7,160.0,-53.0,a8:42:e3:ab:ac:cc,,,,,0.0,Normal,0.0
1744302070167814,10.42.0.149,10.42.0.1,54272,1883,33,1,0,1,0,0,1,0,12,0,0,0,0,0.0,0,,0,1,,0,0,0,1,42,4,MQTT,4,0.0,0,0,0,0,0,64.0,5760.0,0,0,esp32_a842e3abaccc,66,eth:ethertype:ip:tcp:mqtt,35.8,94.8,51.7,160.0,-53.0,a8:42:e3:ab:ac:cc,,,,,0.0,Normal,0.0
1744302070192058,10.42.0.149,10.42.0.1,54272,1883,45,5,0,1,0,0,1,0,3,0,0,0,0,0.0,0,,0,0,,0,0,0,0,0,0,0,0,0.0,0,0,0,0,0,64.0,5756.0,0,0,0,57,eth:ethertype:ip:tcp,35.8,94.8,51.7,160.0,-53.0,a8:42:e3:ab:ac:cc,,,,,0.0,Normal,0.0
1744302070206161,10.42.0.149,10.42.0.1,54272,1883,48,5,0,1,1,0,1,0,182,0,0,0,0,0.0,0,,0,3,"Wakeup: 0, Mode: 0, Reset: 1, Temperature: 36.4, Uptime: 188307, Memory: 94.8, In_Temperature: 51.7, CPU: 160, RSSI: -58, MAC: a8:42:e3:ab:ac:cc, F_Storage: 99.22",test/temperatura,16,0,0,180,0,0,0,0.0,0,0,0,0,0,64.0,5756.0,0,0,0,236,eth:ethertype:ip:tcp:mqtt:mqtt,36.4,94.8,51.7,160.0,-58.0,a8:42:e3:ab:ac:cc,,,,,0.0,Normal,0.0
1744302070209598,10.42.0.149,10.42.0.1,54272,1883,231,6,0,1,0,0,0,0,0,0,0,0,0,0.0,0,,0,0,,0,0,0,0,0,0,0,0,0.0,0,0,0,0,0,64.0,5755.0,0,0,0,54,eth:ethertype:ip:tcp,36.4,94.8,51.7,160.0,-58.0,a8:42:e3:ab:ac:cc,,,,,0.0,Normal,0.0
1744302100215022,10.42.0.149,10.42.0.1,54273,1883,0,0,1,0,0,0,0,0,0,0,0,0,0,0.0,0,,0,0,,0,0,0,0,0,0,0,0,0.0,0,0,0,0,0,64.0,5760.0,0,0,0,58,eth:ethertype:ip:tcp,36.4,94.8,51.7,160.0,-58.0,a8:42:e3:ab:ac:cc,,,,,0.0,Normal,0.0
1744302100218981,10.42.0.149,10.42.0.1,54273,1883,1,1,0,1,0,0,0,0,0,0,0,0,0,0.0,0,,0,0,,0,0,0,0,0,0,0,0,0.0,0,0,0,0,0,64.0,5760.0,0,0,0,54,eth:ethertype:ip:tcp,36.4,94.8,51.7,160.0,-58.0,a8:42:e3:ab:ac:cc,,,,,0.0,Normal,0.0
1744302100221003,10.42.0.149,10.42.0.1,54273,1883,1,1,0,1,0,0,1,0,3,0,0,0,0,0.0,0,,0,0,,0,0,0,0,0,0,0,0,0.0,0,0,0,0,0,64.0,5760.0,0,0,0,57,eth:ethertype:ip:tcp,36.4,94.8,51.7,160.0,-58.0,a8:42:e3:ab:ac:cc,,,,,0.0,Normal,0.0
1744302100224487,10.42.0.149,10.42.0.1,54273,1883,4,1,0,1,0,0,1,0,29,0,0,0,0,0.0,0,,0,0,,0,0,0,0,0,0,0,0,0.0,0,0,0,0,0,64.0,5760.0,0,0,0,83,eth:ethertype:ip:tcp,36.4,94.8,51.7,160.0,-58.0,a8:42:e3:ab:ac:cc,,,,,0.0,Normal,0.0
1744302100227492,10.42.0.149,10.42.0.1,54273,1883,33,1,0,1,0,0,1,0,12,0,0,0,0,0.0,0,,0,1,,0,0,0,1,42,4,MQTT,4,0.0,0,0,0,0,0,64.0,5760.0,0,0,esp32_a842e3abaccc,66,eth:ethertype:ip:tcp:mqtt,36.4,94.8,51.7,160.0,-58.0,a8:42:e3:ab:ac:cc,,,,,0.0,Normal,0.0
1744302100251653,10.42.0.149,10.42.0.1,54273,1883,45,5,0,1,0,0,1,0,3,0,0,0,0,0.0,0,,0,0,,0,0,0,0,0,0,0,0,0.0,0,0,0,0,0,64.0,5756.0,0,0,0,57,eth:ethertype:ip:tcp,36.4,94.8,51.7,160.0,-58.0,a8:42:e3:ab:ac:cc,,,,,0.0,Normal,0.0
1744302100265605,10.42.0.149,10.42.0.1,54273,1883,48,5,0,1,1,0,1,0,182,0,0,0,0,0.0,0,,0,3,"Wakeup: 0, Mode: 0, Reset: 1, Temperature: 34.6, Uptime: 188337, Memory: 94.8, In_Temperature: 51.7, CPU: 160, RSSI: -54, MAC: a8:42:e3:ab:ac:cc, F_Storage: 99.22",test/temperatura,16,0,0,180,0,0,0,0.0,0,0,0,0,0,64.0,5756.0,0,0,0,236,eth:ethertype:ip:tcp:mqtt:mqtt,34.6,94.8,51.7,160.0,-54.0,a8:42:e3:ab:ac:cc,,,,,0.0,Normal,0.0
1744302100269455,10.42.0.149,10.42.0.1,54273,1883,231,6,0,1,0,0,0,0,0,0,0,0,0,0.0,0,,0,0,,0,0,0,0,0,0,0,0,0.0,0,0,0,0,0,64.0,5755.0,0,0,0,54,eth:ethertype:ip:tcp,34.6,94.8,51.7,160.0,-54.0,a8:42:e3:ab:ac:cc,,,,,0.0,Normal,0.0
1744302130274166,10.42.0.149,10.42.0.1,54274,1883,0,0,1,0,0,0,0,0,0,0,0,0,0,0.0,0,,0,0,,0,0,0,0,0,0,0,0,0.0,0,0,0,0,0,64.0,5760.0,0,0,0,58,eth:ethertype:ip:tcp,34.6,94.8,51.7,160.0,-54.0,a8:42:e3:ab:ac:cc,,,,,0.0,Normal,0.0
1744302130278108,10.42.0.149,10.42.0.1,54274,1883,1,1,0,1,0,0,0,0,0,0,0,0,0,0.0,0,,0,0,,0,0,0,0,0,0,0,0,0.0,0,0,0,0,0,64.0,5760.0,0,0,0,54,eth:ethertype:ip:tcp,34.6,94.8,51.7,160.0,-54.0,a8:42:e3:ab:ac:cc,,,,,0.0,Normal,0.0
1744302130280279,10.42.0.149,10.42.0.1,54274,1883,1,1,0,1,0,0,1,0,3,0,0,0,0,0.0,0,,0,0,,0,0,0,0,0,0,0,0,0.0,0,0,0,0,0,64.0,5760.0,0,0,0,57,eth:ethertype:ip:tcp,34.6,94.8,51.7,160.0,-54.0,a8:42:e3:ab:ac:cc,,,,,0.0,Normal,0.0
1744302130283654,10.42.0.149,10.42.0.1,54274,1883,4,1,0,1,0,0,1,0,29,0,0,0,0,0.0,0,,0,0,,0,0,0,0,0,0,0,0,0.0,0,0,0,0,0,64.0,5760.0,0,0,0,83,eth:ethertype:ip:tcp,34.6,94.8,51.7,160.0,-54.0,a8:42:e3:ab:ac:cc,,,,,0.0,Normal,0.0
1744302130286766,10.42.0.149,10.42.0.1,54274,1883,33,1,0,1,0,0,1,0,12,0,0,0,0,0.0,0,,0,1,,0,0,0,1,42,4,MQTT,4,0.0,0,0,0,0,0,64.0,5760.0,0,0,esp32_a842e3abaccc,66,eth:ethertype:ip:tcp:mqtt,34.6,94.8,51.7,160.0,-54.0,a8:42:e3:ab:ac:cc,,,,,0.0,Normal,0.0
1744302130294059,10.42.0.149,10.42.0.1,54274,1883,45,5,0,1,0,0,0,0,0,0,0,0,0,0.0,0,,0,0,,0,0,0,0,0,0,0,0,0.0,0,0,0,0,0,64.0,5756.0,0,0,0,54,eth:ethertype:ip:tcp,34.6,94.8,51.7,160.0,-54.0,a8:42:e3:ab:ac:cc,,,,,0.0,Normal,0.0
1744302130310661,10.42.0.149,10.42.0.1,54274,1883,45,5,0,1,0,0,1,0,3,0,0,0,0,0.0,0,,0,0,,0,0,0,0,0,0,0,0,0.0,0,0,0,0,0,64.0,5756.0,0,0,0,57,eth:ethertype:ip:tcp,34.6,94.8,51.7,160.0,-54.0,a8:42:e3:ab:ac:cc,,,,,0.0,Normal,0.0
1744302130326215,10.42.0.149,10.42.0.1,54274,1883,48,5,0,1,1,0,1,0,182,0,0,0,0,0.0,0,,0,3,"Wakeup: 0, Mode: 0, Reset: 1, Temperature: 33.6, Uptime: 188367, Memory: 94.8, In_Temperature: 51.7, CPU: 160, RSSI: -53, MAC: a8:42:e3:ab:ac:cc, F_Storage: 99.22",test/temperatura,16,0,0,180,0,0,0,0.0,0,0,0,0,0,64.0,5756.0,0,0,0,236,eth:ethertype:ip:tcp:mqtt:mqtt,33.6,94.8,51.7,160.0,-53.0,a8:42:e3:ab:ac:cc,,,,,0.0,Normal,0.0
1744302130330997,10.42.0.149,10.42.0.1,54274,1883,231,6,0,1,0,0,0,0,0,0,0,0,0,0.0,0,,0,0,,0,0,0,0,0,0,0,0,0.0,0,0,0,0,0,64.0,5755.0,0,0,0,54,eth:ethertype:ip:tcp,33.6,94.8,51.7,160.0,-53.0,a8:42:e3:ab:ac:cc,,,,,0.0,Normal,0.0
1744302160332657,10.42.0.149,10.42.0.1,54275,1883,0,0,1,0,0,0,0,0,0,0,0,0,0,0.0,0,,0,0,,0,0,0,0,0,0,0,0,0.0,0,0,0,0,0,64.0,5760.0,0,0,0,58,eth:ethertype:ip:tcp,33.6,94.8,51.7,160.0,-53.0,a8:42:e3:ab:ac:cc,,,,,0.0,Normal,0.0
1744302160336314,10.42.0.149,10.42.0.1,54275,1883,1,1,0,1,0,0,0,0,0,0,0,0,0,0.0,0,,0,0,,0,0,0,0,0,0,0,0,0.0,0,0,0,0,0,64.0,5760.0,0,0,0,54,eth:ethertype:ip:tcp,33.6,94.8,51.7,160.0,-53.0,a8:42:e3:ab:ac:cc,,,,,0.0,Normal,0.0
1744302160338662,10.42.0.149,10.42.0.1,54275,1883,1,1,0,1,0,0,1,0,3,0,0,0,0,0.0,0,,0,0,,0,0,0,0,0,0,0,0,0.0,0,0,0,0,0,64.0,5760.0,0,0,0,57,eth:ethertype:ip:tcp,33.6,94.8,51.7,160.0,-53.0,a8:42:e3:ab:ac:cc,,,,,0.0,Normal,0.0
1744302160342056,10.42.0.149,10.42.0.1,54275,1883,4,1,0,1,0,0,1,0,29,0,0,0,0,0.0,0,,0,0,,0,0,0,0,0,0,0,0,0.0,0,0,0,0,0,64.0,5760.0,0,0,0,83,eth:ethertype:ip:tcp,33.6,94.8,51.7,160.0,-53.0,a8:42:e3:ab:ac:cc,,,,,0.0,Normal,0.0
1744302160347212,10.42.0.149,10.42.0.1,54275,1883,33,1,0,1,0,0,1,0,12,0,0,0,0,0.0,0,,0,1,,0,0,0,1,42,4,MQTT,4,0.0,0,0,0,0,0,64.0,5760.0,0,0,esp32_a842e3abaccc,66,eth:ethertype:ip:tcp:mqtt,33.6,94.8,51.7,160.0,-53.0,a8:42:e3:ab:ac:cc,,,,,0.0,Normal,0.0
1744302160375220,10.42.0.149,10.42.0.1,54275,1883,45,5,0,1,0,0,1,0,3,0,0,0,0,0.0,0,,0,0,,0,0,0,0,0,0,0,0,0.0,0,0,0,0,0,64.0,5756.0,0,0,0,57,eth:ethertype:ip:tcp,33.6,94.8,51.7,160.0,-53.0,a8:42:e3:ab:ac:cc,,,,,0.0,Normal,0.0
1744302160383698,10.42.0.149,10.42.0.1,54275,1883,48,5,0,1,1,0,1,0,182,0,0,0,0,0.0,0,,0,3,"Wakeup: 0, Mode: 0, Reset: 1, Temperature: 34.2, Uptime: 188397, Memory: 94.8, In_Temperature: 51.7, CPU: 160, RSSI: -52, MAC: a8:42:e3:ab:ac:cc, F_Storage: 99.22",test/temperatura,16,0,0,180,0,0,0,0.0,0,0,0,0,0,64.0,5756.0,0,0,0,236,eth:ethertype:ip:tcp:mqtt:mqtt,34.2,94.8,51.7,160.0,-52.0,a8:42:e3:ab:ac:cc,,,,,0.0,Normal,0.0
1744302160387337,10.42.0.149,10.42.0.1,54275,1883,231,6,0,1,0,0,0,0,0,0,0,0,0,0.0,0,,0,0,,0,0,0,0,0,0,0,0,0.0,0,0,0,0,0,64.0,5755.0,0,0,0,54,eth:ethertype:ip:tcp,34.2,94.8,51.7,160.0,-52.0,a8:42:e3:ab:ac:cc,,,,,0.0,Normal,0.0
1744302190401165,10.42.0.149,10.42.0.1,54276,1883,0,0,1,0,0,0,0,0,0,0,0,0,0,0.0,0,,0,0,,0,0,0,0,0,0,0,0,0.0,0,0,0,0,0,64.0,5760.0,0,0,0,58,eth:ethertype:ip:tcp,34.2,94.8,51.7,160.0,-52.0,a8:42:e3:ab:ac:cc,,,,,0.0,Normal,0.0
1744302190405727,10.42.0.149,10.42.0.1,54276,1883,1,1,0,1,0,0,0,0,0,0,0,0,0,0.0,0,,0,0,,0,0,0,0,0,0,0,0,0.0,0,0,0,0,0,64.0,5760.0,0,0,0,54,eth:ethertype:ip:tcp,34.2,94.8,51.7,160.0,-52.0,a8:42:e3:ab:ac:cc,,,,,0.0,Normal,0.0
1744302190407986,10.42.0.149,10.42.0.1,54276,1883,1,1,0,1,0,0,1,0,3,0,0,0,0,0.0,0,,0,0,,0,0,0,0,0,0,0,0,0.0,0,0,0,0,0,64.0,5760.0,0,0,0,57,eth:ethertype:ip:tcp,34.2,94.8,51.7,160.0,-52.0,a8:42:e3:ab:ac:cc,,,,,0.0,Normal,0.0
1744302190411418,10.42.0.149,10.42.0.1,54276,1883,4,1,0,1,0,0,1,0,29,0,0,0,0,0.0,0,,0,0,,0,0,0,0,0,0,0,0,0.0,0,0,0,0,0,64.0,5760.0,0,0,0,83,eth:ethertype:ip:tcp,34.2,94.8,51.7,160.0,-52.0,a8:42:e3:ab:ac:cc,,,,,0.0,Normal,0.0
1744302190414494,10.42.0.149,10.42.0.1,54276,1883,33,1,0,1,0,0,1,0,12,0,0,0,0,0.0,0,,0,1,,0,0,0,1,42,4,MQTT,4,0.0,0,0,0,0,0,64.0,5760.0,0,0,esp32_a842e3abaccc,66,eth:ethertype:ip:tcp:mqtt,34.2,94.8,51.7,160.0,-52.0,a8:42:e3:ab:ac:cc,,,,,0.0,Normal,0.0
1744302190440472,10.42.0.149,10.42.0.1,54276,1883,45,5,0,1,0,0,1,0,3,0,0,0,0,0.0,0,,0,0,,0,0,0,0,0,0,0,0,0.0,0,0,0,0,0,64.0,5756.0,0,0,0,57,eth:ethertype:ip:tcp,34.2,94.8,51.7,160.0,-52.0,a8:42:e3:ab:ac:cc,,,,,0.0,Normal,0.0
1744302190453018,10.42.0.149,10.42.0.1,54276,1883,48,5,0,1,1,0,1,0,182,0,0,0,0,0.0,0,,0,3,"Wakeup: 0, Mode: 0, Reset: 1, Temperature: 33.4, Uptime: 188427, Memory: 94.8, In_Temperature: 51.7, CPU: 160, RSSI: -56, MAC: a8:42:e3:ab:ac:cc, F_Storage: 99.22",test/temperatura,16,0,0,180,0,0,0,0.0,0,0,0,0,0,64.0,5756.0,0,0,0,236,eth:ethertype:ip:tcp:mqtt:mqtt,33.4,94.8,51.7,160.0,-56.0,a8:42:e3:ab:ac:cc,,,,,0.0,Normal,0.0
1744302190459363,10.42.0.149,10.42.0.1,54276,1883,231,6,0,1,0,0,0,0,0,0,0,0,0,0.0,0,,0,0,,0,0,0,0,0,0,0,0,0.0,0,0,0,0,0,64.0,5755.0,0,0,0,54,eth:ethertype:ip:tcp,33.4,94.8,51.7,160.0,-56.0,a8:42:e3:ab:ac:cc,,,,,0.0,Normal,0.0
1744302220462113,10.42.0.149,10.42.0.1,54277,1883,0,0,1,0,0,0,0,0,0,0,0,0,0,0.0,0,,0,0,,0,0,0,0,0,0,0,0,0.0,0,0,0,0,0,64.0,5760.0,0,0,0,58,eth:ethertype:ip:tcp,33.4,94.8,51.7,160.0,-56.0,a8:42:e3:ab:ac:cc,,,,,0.0,Normal,0.0
1744302220466978,10.42.0.149,10.42.0.1,54277,1883,1,1,0,1,0,0,0,0,0,0,0,0,0,0.0,0,,0,0,,0,0,0,0,0,0,0,0,0.0,0,0,0,0,0,64.0,5760.0,0,0,0,54,eth:ethertype:ip:tcp,33.4,94.8,51.7,160.0,-56.0,a8:42:e3:ab:ac:cc,,,,,0.0,Normal,0.0
1744302220469417,10.42.0.149,10.42.0.1,54277,1883,1,1,0,1,0,0,1,0,3,0,0,0,0,0.0,0,,0,0,,0,0,0,0,0,0,0,0,0.0,0,0,0,0,0,64.0,5760.0,0,0,0,57,eth:ethertype:ip:tcp,33.4,94.8,51.7,160.0,-56.0,a8:42:e3:ab:ac:cc,,,,,0.0,Normal,0.0
1744302220475054,10.42.0.149,10.42.0.1,54277,1883,4,1,0,1,0,0,1,0,41,0,0,0,0,0.0,0,,0,1,,0,0,0,1,42,4,MQTT,4,0.0,0,0,0,0,0,64.0,5760.0,0,0,esp32_a842e3abaccc,95,eth:ethertype:ip:tcp:mqtt,33.4,94.8,51.7,160.0,-56.0,a8:42:e3:ab:ac:cc,,,,,0.0,Normal,0.0
1744302220499832,10.42.0.149,10.42.0.1,54277,1883,45,5,0,1,0,0,1,0,3,0,0,0,0,0.0,0,,0,0,,0,0,0,0,0,0,0,0,0.0,0,0,0,0,0,64.0,5756.0,0,0,0,57,eth:ethertype:ip:tcp,33.4,94.8,51.7,160.0,-56.0,a8:42:e3:ab:ac:cc,,,,,0.0,Normal,0.0
1744302220514013,10.42.0.149,10.42.0.1,54277,1883,48,5,0,1,1,0,1,0,182,0,0,0,0,0.0,0,,0,3,"Wakeup: 0, Mode: 0, Reset: 1, Temperature: 40.8, Uptime: 188457, Memory: 94.8, In_Temperature: 51.7, CPU: 160, RSSI: -54, MAC: a8:42:e3:ab:ac:cc, F_Storage: 99.22",test/temperatura,16,0,0,180,0,0,0,0.0,0,0,0,0,0,64.0,5756.0,0,0,0,236,eth:ethertype:ip:tcp:mqtt:mqtt,40.8,94.8,51.7,160.0,-54.0,a8:42:e3:ab:ac:cc,,,,,0.0,Normal,0.0
1744302220517469,10.42.0.149,10.42.0.1,54277,1883,231,6,0,1,0,0,0,0,0,0,0,0,0,0.0,0,,0,0,,0,0,0,0,0,0,0,0,0.0,0,0,0,0,0,64.0,5755.0,0,0,0,54,eth:ethertype:ip:tcp,40.8,94.8,51.7,160.0,-54.0,a8:42:e3:ab:ac:cc,,,,,0.0,Normal,0.0
1744302250521500,10.42.0.149,10.42.0.1,54278,1883,0,0,1,0,0,0,0,0,0,0,0,0,0,0.0,0,,0,0,,0,0,0,0,0,0,0,0,0.0,0,0,0,0,0,64.0,5760.0,0,0,0,58,eth:ethertype:ip:tcp,40.8,94.8,51.7,160.0,-54.0,a8:42:e3:ab:ac:cc,,,,,0.0,Normal,0.0
1744302250525558,10.42.0.149,10.42.0.1,54278,1883,1,1,0,1,0,0,0,0,0,0,0,0,0,0.0,0,,0,0,,0,0,0,0,0,0,0,0,0.0,0,0,0,0,0,64.0,5760.0,0,0,0,54,eth:ethertype:ip:tcp,40.8,94.8,51.7,160.0,-54.0,a8:42:e3:ab:ac:cc,,,,,0.0,Normal,0.0
1744302250527690,10.42.0.149,10.42.0.1,54278,1883,1,1,0,1,0,0,1,0,3,0,0,0,0,0.0,0,,0,0,,0,0,0,0,0,0,0,0,0.0,0,0,0,0,0,64.0,5760.0,0,0,0,57,eth:ethertype:ip:tcp,40.8,94.8,51.7,160.0,-54.0,a8:42:e3:ab:ac:cc,,,,,0.0,Normal,0.0
1744302250531070,10.42.0.149,10.42.0.1,54278,1883,4,1,0,1,0,0,1,0,29,0,0,0,0,0.0,0,,0,0,,0,0,0,0,0,0,0,0,0.0,0,0,0,0,0,64.0,5760.0,0,0,0,83,eth:ethertype:ip:tcp,40.8,94.8,51.7,160.0,-54.0,a8:42:e3:ab:ac:cc,,,,,0.0,Normal,0.0
1744302250534235,10.42.0.149,10.42.0.1,54278,1883,33,1,0,1,0,0,1,0,12,0,0,0,0,0.0,0,,0,1,,0,0,0,1,42,4,MQTT,4,0.0,0,0,0,0,0,64.0,5760.0,0,0,esp32_a842e3abaccc,66,eth:ethertype:ip:tcp:mqtt,40.8,94.8,51.7,160.0,-54.0,a8:42:e3:ab:ac:cc,,,,,0.0,Normal,0.0
1744302250541568,10.42.0.149,10.42.0.1,54278,1883,45,5,0,1,0,0,0,0,0,0,0,0,0,0.0,0,,0,0,,0,0,0,0,0,0,0,0,0.0,0,0,0,0,0,64.0,5756.0,0,0,0,54,eth:ethertype:ip:tcp,40.8,94.8,51.7,160.0,-54.0,a8:42:e3:ab:ac:cc,,,,,0.0,Normal,0.0
1744302250557920,10.42.0.149,10.42.0.1,54278,1883,45,5,0,1,0,0,1,0,3,0,0,0,0,0.0,0,,0,0,,0,0,0,0,0,0,0,0,0.0,0,0,0,0,0,64.0,5756.0,0,0,0,57,eth:ethertype:ip:tcp,40.8,94.8,51.7,160.0,-54.0,a8:42:e3:ab:ac:cc,,,,,0.0,Normal,0.0
1744302250571663,10.42.0.149,10.42.0.1,54278,1883,48,5,0,1,1,0,1,0,182,0,0,0,0,0.0,0,,0,3,"Wakeup: 0, Mode: 0, Reset: 1, Temperature: 28.7, Uptime: 188487, Memory: 94.8, In_Temperature: 51.7, CPU: 160, RSSI: -56, MAC: a8:42:e3:ab:ac:cc, F_Storage: 99.22",test/temperatura,16,0,0,180,0,0,0,0.0,0,0,0,0,0,64.0,5756.0,0,0,0,236,eth:ethertype:ip:tcp:mqtt:mqtt,28.7,94.8,51.7,160.0,-56.0,a8:42:e3:ab:ac:cc,,,,,0.0,Normal,0.0
1744302250579412,10.42.0.149,10.42.0.1,54278,1883,231,6,0,1,0,0,0,0,0,0,0,0,0,0.0,0,,0,0,,0,0,0,0,0,0,0,0,0.0,0,0,0,0,0,64.0,5755.0,0,0,0,54,eth:ethertype:ip:tcp,28.7,94.8,51.7,160.0,-56.0,a8:42:e3:ab:ac:cc,,,,,0.0,Normal,0.0
1744302280581654,10.42.0.149,10.42.0.1,54279,1883,0,0,1,0,0,0,0,0,0,0,0,0,0,0.0,0,,0,0,,0,0,0,0,0,0,0,0,0.0,0,0,0,0,0,64.0,5760.0,0,0,0,58,eth:ethertype:ip:tcp,28.7,94.8,51.7,160.0,-56.0,a8:42:e3:ab:ac:cc,,,,,0.0,Normal,0.0
1744302280585578,10.42.0.149,10.42.0.1,54279,1883,1,1,0,1,0,0,0,0,0,0,0,0,0,0.0,0,,0,0,,0,0,0,0,0,0,0,0,0.0,0,0,0,0,0,64.0,5760.0,0,0,0,54,eth:ethertype:ip:tcp,28.7,94.8,51.7,160.0,-56.0,a8:42:e3:ab:ac:cc,,,,,0.0,Normal,0.0
1744302280587732,10.42.0.149,10.42.0.1,54279,1883,1,1,0,1,0,0,1,0,3,0,0,0,0,0.0,0,,0,0,,0,0,0,0,0,0,0,0,0.0,0,0,0,0,0,64.0,5760.0,0,0,0,57,eth:ethertype:ip:tcp,28.7,94.8,51.7,160.0,-56.0,a8:42:e3:ab:ac:cc,,,,,0.0,Normal,0.0
1744302280591273,10.42.0.149,10.42.0.1,54279,1883,4,1,0,1,0,0,1,0,29,0,0,0,0,0.0,0,,0,0,,0,0,0,0,0,0,0,0,0.0,0,0,0,0,0,64.0,5760.0,0,0,0,83,eth:ethertype:ip:tcp,28.7,94.8,51.7,160.0,-56.0,a8:42:e3:ab:ac:cc,,,,,0.0,Normal,0.0
1744302280594357,10.42.0.149,10.42.0.1,54279,1883,33,1,0,1,0,0,1,0,12,0,0,0,0,0.0,0,,0,1,,0,0,0,1,42,4,MQTT,4,0.0,0,0,0,0,0,64.0,5760.0,0,0,esp32_a842e3abaccc,66,eth:ethertype:ip:tcp:mqtt,28.7,94.8,51.7,160.0,-56.0,a8:42:e3:ab:ac:cc,,,,,0.0,Normal,0.0
1744302280618734,10.42.0.149,10.42.0.1,54279,1883,45,5,0,1,0,0,1,0,3,0,0,0,0,0.0,0,,0,0,,0,0,0,0,0,0,0,0,0.0,0,0,0,0,0,64.0,5756.0,0,0,0,57,eth:ethertype:ip:tcp,28.7,94.8,51.7,160.0,-56.0,a8:42:e3:ab:ac:cc,,,,,0.0,Normal,0.0
1744302280633088,10.42.0.149,10.42.0.1,54279,1883,48,5,0,1,1,0,1,0,182,0,0,0,0,0.0,0,,0,3,"Wakeup: 0, Mode: 0, Reset: 1, Temperature: 36.2, Uptime: 188517, Memory: 94.9, In_Temperature: 51.7, CPU: 160, RSSI: -53, MAC: a8:42:e3:ab:ac:cc, F_Storage: 99.22",test/temperatura,16,0,0,180,0,0,0,0.0,0,0,0,0,0,64.0,5756.0,0,0,0,236,eth:ethertype:ip:tcp:mqtt:mqtt,36.2,94.9,51.7,160.0,-53.0,a8:42:e3:ab:ac:cc,,,,,0.0,Normal,0.0
1744302280636573,10.42.0.149,10.42.0.1,54279,1883,231,6,0,1,0,0,0,0,0,0,0,0,0,0.0,0,,0,0,,0,0,0,0,0,0,0,0,0.0,0,0,0,0,0,64.0,5755.0,0,0,0,54,eth:ethertype:ip:tcp,36.2,94.9,51.7,160.0,-53.0,a8:42:e3:ab:ac:cc,,,,,0.0,Normal,0.0
1744302310656687,10.42.0.149,10.42.0.1,54280,1883,0,0,1,0,0,0,0,0,0,0,0,0,0,0.0,0,,0,0,,0,0,0,0,0,0,0,0,0.0,0,0,0,0,0,64.0,5760.0,0,0,0,58,eth:ethertype:ip:tcp,36.2,94.9,51.7,160.0,-53.0,a8:42:e3:ab:ac:cc,,,,,0.0,Normal,0.0
1744302310665690,10.42.0.149,10.42.0.1,54280,1883,1,1,0,1,0,0,0,0,0,0,0,0,0,0.0,0,,0,0,,0,0,0,0,0,0,0,0,0.0,0,0,0,0,0,64.0,5760.0,0,0,0,54,eth:ethertype:ip:tcp,36.2,94.9,51.7,160.0,-53.0,a8:42:e3:ab:ac:cc,,,,,0.0,Normal,0.0
1744302310666138,10.42.0.149,10.42.0.1,54280,1883,1,1,0,1,0,0,1,0,3,0,0,0,0,0.0,0,,0,0,,0,0,0,0,0,0,0,0,0.0,0,0,0,0,0,64.0,5760.0,0,0,0,57,eth:ethertype:ip:tcp,36.2,94.9,51.7,160.0,-53.0,a8:42:e3:ab:ac:cc,,,,,0.0,Normal,0.0
1744302310669002,10.42.0.149,10.42.0.1,54280,1883,4,1,0,1,0,0,1,0,41,0,0,0,0,0.0,0,,0,1,,0,0,0,1,42,4,MQTT,4,0.0,0,0,0,0,0,64.0,5760.0,0,0,esp32_a842e3abaccc,95,eth:ethertype:ip:tcp:mqtt,36.2,94.9,51.7,160.0,-53.0,a8:42:e3:ab:ac:cc,,,,,0.0,Normal,0.0
1744302310694557,10.42.0.149,10.42.0.1,54280,1883,45,5,0,1,0,0,1,0,3,0,0,0,0,0.0,0,,0,0,,0,0,0,0,0,0,0,0,0.0,0,0,0,0,0,64.0,5756.0,0,0,0,57,eth:ethertype:ip:tcp,36.2,94.9,51.7,160.0,-53.0,a8:42:e3:ab:ac:cc,,,,,0.0,Normal,0.0
1744302310724488,10.42.0.149,10.42.0.1,54280,1883,48,5,0,1,1,0,1,0,182,0,0,0,0,0.0,0,,0,3,"Wakeup: 0, Mode: 0, Reset: 1, Temperature: 38.1, Uptime: 188547, Memory: 94.8, In_Temperature: 51.7, CPU: 160, RSSI: -55, MAC: a8:42:e3:ab:ac:cc, F_Storage: 99.22",test/temperatura,16,0,0,180,0,0,0,0.0,0,0,0,0,0,64.0,5756.0,0,0,0,236,eth:ethertype:ip:tcp:mqtt:mqtt,38.1,94.8,51.7,160.0,-55.0,a8:42:e3:ab:ac:cc,,,,,0.0,Normal,0.0
1744302310729379,10.42.0.149,10.42.0.1,54280,1883,231,6,0,1,0,0,0,0,0,0,0,0,0,0.0,0,,0,0,,0,0,0,0,0,0,0,0,0.0,0,0,0,0,0,64.0,5755.0,0,0,0,54,eth:ethertype:ip:tcp,38.1,94.8,51.7,160.0,-55.0,a8:42:e3:ab:ac:cc,,,,,0.0,Normal,0.0
1744302340722623,10.42.0.149,10.42.0.1,54281,1883,0,0,1,0,0,0,0,0,0,0,0,0,0,0.0,0,,0,0,,0,0,0,0,0,0,0,0,0.0,0,0,0,0,0,64.0,5760.0,0,0,0,58,eth:ethertype:ip:tcp,38.1,94.8,51.7,160.0,-55.0,a8:42:e3:ab:ac:cc,,,,,0.0,Normal,0.0
1744302340726709,10.42.0.149,10.42.0.1,54281,1883,1,1,0,1,0,0,0,0,0,0,0,0,0,0.0,0,,0,0,,0,0,0,0,0,0,0,0,0.0,0,0,0,0,0,64.0,5760.0,0,0,0,54,eth:ethertype:ip:tcp,38.1,94.8,51.7,160.0,-55.0,a8:42:e3:ab:ac:cc,,,,,0.0,Normal,0.0
1744302340728754,10.42.0.149,10.42.0.1,54281,1883,1,1,0,1,0,0,1,0,3,0,0,0,0,0.0,0,,0,0,,0,0,0,0,0,0,0,0,0.0,0,0,0,0,0,64.0,5760.0,0,0,0,57,eth:ethertype:ip:tcp,38.1,94.8,51.7,160.0,-55.0,a8:42:e3:ab:ac:cc,,,,,0.0,Normal,0.0
1744302340732395,10.42.0.149,10.42.0.1,54281,1883,4,1,0,1,0,0,1,0,31,0,0,0,0,0.0,0,,0,0,,0,0,0,0,0,0,0,0,0.0,0,0,0,0,0,64.0,5760.0,0,0,0,85,eth:ethertype:ip:tcp,38.1,94.8,51.7,160.0,-55.0,a8:42:e3:ab:ac:cc,,,,,0.0,Normal,0.0
1744302340735429,10.42.0.149,10.42.0.1,54281,1883,35,1,0,1,0,0,1,0,10,0,0,0,0,0.0,0,,0,1,,0,0,0,1,42,4,MQTT,4,0.0,0,0,0,0,0,64.0,5760.0,0,0,esp32_a842e3abaccc,64,eth:ethertype:ip:tcp:mqtt,38.1,94.8,51.7,160.0,-55.0,a8:42:e3:ab:ac:cc,,,,,0.0,Normal,0.0
1744302340759706,10.42.0.149,10.42.0.1,54281,1883,45,5,0,1,0,0,1,0,3,0,0,0,0,0.0,0,,0,0,,0,0,0,0,0,0,0,0,0.0,0,0,0,0,0,64.0,5756.0,0,0,0,57,eth:ethertype:ip:tcp,38.1,94.8,51.7,160.0,-55.0,a8:42:e3:ab:ac:cc,,,,,0.0,Normal,0.0
1744302340769915,10.42.0.149,10.42.0.1,54281,1883,48,5,0,1,1,0,1,0,182,0,0,0,0,0.0,0,,0,3,"Wakeup: 0, Mode: 0, Reset: 1, Temperature: 26.6, Uptime: 188578, Memory: 94.8, In_Temperature: 51.7, CPU: 160, RSSI: -55, MAC: a8:42:e3:ab:ac:cc, F_Storage: 99.22",test/temperatura,16,0,0,180,0,0,0,0.0,0,0,0,0,0,64.0,5756.0,0,0,0,236,eth:ethertype:ip:tcp:mqtt:mqtt,26.6,94.8,51.7,160.0,-55.0,a8:42:e3:ab:ac:cc,,,,,0.0,Normal,0.0
1744302340773169,10.42.0.149,10.42.0.1,54281,1883,231,6,0,1,0,0,0,0,0,0,0,0,0,0.0,0,,0,0,,0,0,0,0,0,0,0,0,0.0,0,0,0,0,0,64.0,5755.0,0,0,0,54,eth:ethertype:ip:tcp,26.6,94.8,51.7,160.0,-55.0,a8:42:e3:ab:ac:cc,,,,,0.0,Normal,0.0
1744302370779000,10.42.0.149,10.42.0.1,54282,1883,0,0,1,0,0,0,0,0,0,0,0,0,0,0.0,0,,0,0,,0,0,0,0,0,0,0,0,0.0,0,0,0,0,0,64.0,5760.0,0,0,0,58,eth:ethertype:ip:tcp,26.6,94.8,51.7,160.0,-55.0,a8:42:e3:ab:ac:cc,,,,,0.0,Normal,0.0
1744302370783979,10.42.0.149,10.42.0.1,54282,1883,1,1,0,1,0,0,0,0,0,0,0,0,0,0.0,0,,0,0,,0,0,0,0,0,0,0,0,0.0,0,0,0,0,0,64.0,5760.0,0,0,0,54,eth:ethertype:ip:tcp,26.6,94.8,51.7,160.0,-55.0,a8:42:e3:ab:ac:cc,,,,,0.0,Normal,0.0
1744302370785258,10.42.0.149,10.42.0.1,54282,1883,1,1,0,1,0,0,1,0,3,0,0,0,0,0.0,0,,0,0,,0,0,0,0,0,0,0,0,0.0,0,0,0,0,0,64.0,5760.0,0,0,0,57,eth:ethertype:ip:tcp,26.6,94.8,51.7,160.0,-55.0,a8:42:e3:ab:ac:cc,,,,,0.0,Normal,0.0
1744302370788765,10.42.0.149,10.42.0.1,54282,1883,4,1,0,1,0,0,1,0,29,0,0,0,0,0.0,0,,0,0,,0,0,0,0,0,0,0,0,0.0,0,0,0,0,0,64.0,5760.0,0,0,0,83,eth:ethertype:ip:tcp,26.6,94.8,51.7,160.0,-55.0,a8:42:e3:ab:ac:cc,,,,,0.0,Normal,0.0
1744302370792763,10.42.0.149,10.42.0.1,54282,1883,33,1,0,1,0,0,1,0,12,0,0,0,0,0.0,0,,0,1,,0,0,0,1,42,4,MQTT,4,0.0,0,0,0,0,0,64.0,5760.0,0,0,esp32_a842e3abaccc,66,eth:ethertype:ip:tcp:mqtt,26.6,94.8,51.7,160.0,-55.0,a8:42:e3:ab:ac:cc,,,,,0.0,Normal,0.0
1744302370818554,10.42.0.149,10.42.0.1,54282,1883,45,5,0,1,0,0,1,0,3,0,0,0,0,0.0,0,,0,0,,0,0,0,0,0,0,0,0,0.0,0,0,0,0,0,64.0,5756.0,0,0,0,57,eth:ethertype:ip:tcp,26.6,94.8,51.7,160.0,-55.0,a8:42:e3:ab:ac:cc,,,,,0.0,Normal,0.0
1744302370829248,10.42.0.149,10.42.0.1,54282,1883,48,5,0,1,1,0,1,0,182,0,0,0,0,0.0,0,,0,3,"Wakeup: 0, Mode: 0, Reset: 1, Temperature: 38.9, Uptime: 188608, Memory: 94.8, In_Temperature: 51.7, CPU: 160, RSSI: -57, MAC: a8:42:e3:ab:ac:cc, F_Storage: 99.22",test/temperatura,16,0,0,180,0,0,0,0.0,0,0,0,0,0,64.0,5756.0,0,0,0,236,eth:ethertype:ip:tcp:mqtt:mqtt,38.9,94.8,51.7,160.0,-57.0,a8:42:e3:ab:ac:cc,,,,,0.0,Normal,0.0
1744302370832528,10.42.0.149,10.42.0.1,54282,1883,231,6,0,1,0,0,0,0,0,0,0,0,0,0.0,0,,0,0,,0,0,0,0,0,0,0,0,0.0,0,0,0,0,0,64.0,5755.0,0,0,0,54,eth:ethertype:ip:tcp,38.9,94.8,51.7,160.0,-57.0,a8:42:e3:ab:ac:cc,,,,,0.0,Normal,0.0
1744302400838257,10.42.0.149,10.42.0.1,54283,1883,0,0,1,0,0,0,0,0,0,0,0,0,0,0.0,0,,0,0,,0,0,0,0,0,0,0,0,0.0,0,0,0,0,0,64.0,5760.0,0,0,0,58,eth:ethertype:ip:tcp,38.9,94.8,51.7,160.0,-57.0,a8:42:e3:ab:ac:cc,,,,,0.0,Normal,0.0
1744302400842484,10.42.0.149,10.42.0.1,54283,1883,1,1,0,1,0,0,0,0,0,0,0,0,0,0.0,0,,0,0,,0,0,0,0,0,0,0,0,0.0,0,0,0,0,0,64.0,5760.0,0,0,0,54,eth:ethertype:ip:tcp,38.9,94.8,51.7,160.0,-57.0,a8:42:e3:ab:ac:cc,,,,,0.0,Normal,0.0
1744302400844420,10.42.0.149,10.42.0.1,54283,1883,1,1,0,1,0,0,1,0,3,0,0,0,0,0.0,0,,0,0,,0,0,0,0,0,0,0,0,0.0,0,0,0,0,0,64.0,5760.0,0,0,0,57,eth:ethertype:ip:tcp,38.9,94.8,51.7,160.0,-57.0,a8:42:e3:ab:ac:cc,,,,,0.0,Normal,0.0
1744302400847892,10.42.0.149,10.42.0.1,54283,1883,4,1,0,1,0,0,1,0,29,0,0,0,0,0.0,0,,0,0,,0,0,0,0,0,0,0,0,0.0,0,0,0,0,0,64.0,5760.0,0,0,0,83,eth:ethertype:ip:tcp,38.9,94.8,51.7,160.0,-57.0,a8:42:e3:ab:ac:cc,,,,,0.0,Normal,0.0
1744302400850936,10.42.0.149,10.42.0.1,54283,1883,33,1,0,1,0,0,1,0,12,0,0,0,0,0.0,0,,0,1,,0,0,0,1,42,4,MQTT,4,0.0,0,0,0,0,0,64.0,5760.0,0,0,esp32_a842e3abaccc,66,eth:ethertype:ip:tcp:mqtt,38.9,94.8,51.7,160.0,-57.0,a8:42:e3:ab:ac:cc,,,,,0.0,Normal,0.0
1744302400875208,10.42.0.149,10.42.0.1,54283,1883,45,5,0,1,0,0,1,0,3,0,0,0,0,0.0,0,,0,0,,0,0,0,0,0,0,0,0,0.0,0,0,0,0,0,64.0,5756.0,0,0,0,57,eth:ethertype:ip:tcp,38.9,94.8,51.7,160.0,-57.0,a8:42:e3:ab:ac:cc,,,,,0.0,Normal,0.0
1744302400889626,10.42.0.149,10.42.0.1,54283,1883,48,5,0,1,1,0,1,0,182,0,0,0,0,0.0,0,,0,3,"Wakeup: 0, Mode: 0, Reset: 1, Temperature: 30.4, Uptime: 188638, Memory: 94.8, In_Temperature: 51.7, CPU: 160, RSSI: -53, MAC: a8:42:e3:ab:ac:cc, F_Storage: 99.22",test/temperatura,16,0,0,180,0,0,0,0.0,0,0,0,0,0,64.0,5756.0,0,0,0,236,eth:ethertype:ip:tcp:mqtt:mqtt,30.4,94.8,51.7,160.0,-53.0,a8:42:e3:ab:ac:cc,,,,,0.0,Normal,0.0
1744302400892959,10.42.0.149,10.42.0.1,54283,1883,231,6,0,1,0,0,0,0,0,0,0,0,0,0.0,0,,0,0,,0,0,0,0,0,0,0,0,0.0,0,0,0,0,0,64.0,5755.0,0,0,0,54,eth:ethertype:ip:tcp,30.4,94.8,51.7,160.0,-53.0,a8:42:e3:ab:ac:cc,,,,,0.0,Normal,0.0
1744302430897029,10.42.0.149,10.42.0.1,54284,1883,0,0,1,0,0,0,0,0,0,0,0,0,0,0.0,0,,0,0,,0,0,0,0,0,0,0,0,0.0,0,0,0,0,0,64.0,5760.0,0,0,0,58,eth:ethertype:ip:tcp,30.4,94.8,51.7,160.0,-53.0,a8:42:e3:ab:ac:cc,,,,,0.0,Normal,0.0
1744302430901496,10.42.0.149,10.42.0.1,54284,1883,1,1,0,1,0,0,0,0,0,0,0,0,0,0.0,0,,0,0,,0,0,0,0,0,0,0,0,0.0,0,0,0,0,0,64.0,5760.0,0,0,0,54,eth:ethertype:ip:tcp,30.4,94.8,51.7,160.0,-53.0,a8:42:e3:ab:ac:cc,,,,,0.0,Normal,0.0
1744302430905643,10.42.0.149,10.42.0.1,54284,1883,1,1,0,1,0,0,1,0,3,0,0,0,0,0.0,0,,0,0,,0,0,0,0,0,0,0,0,0.0,0,0,0,0,0,64.0,5760.0,0,0,0,57,eth:ethertype:ip:tcp,30.4,94.8,51.7,160.0,-53.0,a8:42:e3:ab:ac:cc,,,,,0.0,Normal,0.0
1744302430909509,10.42.0.149,10.42.0.1,54284,1883,4,1,0,1,0,0,1,0,41,0,0,0,0,0.0,0,,0,1,,0,0,0,1,42,4,MQTT,4,0.0,0,0,0,0,0,64.0,5760.0,0,0,esp32_a842e3abaccc,95,eth:ethertype:ip:tcp:mqtt,30.4,94.8,51.7,160.0,-53.0,a8:42:e3:ab:ac:cc,,,,,0.0,Normal,0.0
1744302430933485,10.42.0.149,10.42.0.1,54284,1883,45,5,0,1,0,0,1,0,3,0,0,0,0,0.0,0,,0,0,,0,0,0,0,0,0,0,0,0.0,0,0,0,0,0,64.0,5756.0,0,0,0,57,eth:ethertype:ip:tcp,30.4,94.8,51.7,160.0,-53.0,a8:42:e3:ab:ac:cc,,,,,0.0,Normal,0.0
1744302430947952,10.42.0.149,10.42.0.1,54284,1883,48,5,0,1,1,0,1,0,182,0,0,0,0,0.0,0,,0,3,"Wakeup: 0, Mode: 0, Reset: 1, Temperature: 30.5, Uptime: 188668, Memory: 94.8, In_Temperature: 51.7, CPU: 160, RSSI: -53, MAC: a8:42:e3:ab:ac:cc, F_Storage: 99.22",test/temperatura,16,0,0,180,0,0,0,0.0,0,0,0,0,0,64.0,5756.0,0,0,0,236,eth:ethertype:ip:tcp:mqtt:mqtt,30.5,94.8,51.7,160.0,-53.0,a8:42:e3:ab:ac:cc,,,,,0.0,Normal,0.0
1744302430951237,10.42.0.149,10.42.0.1,54284,1883,231,6,0,1,0,0,0,0,0,0,0,0,0,0.0,0,,0,0,,0,0,0,0,0,0,0,0,0.0,0,0,0,0,0,64.0,5755.0,0,0,0,54,eth:ethertype:ip:tcp,30.5,94.8,51.7,160.0,-53.0,a8:42:e3:ab:ac:cc,,,,,0.0,Normal,0.0
1744302460957327,10.42.0.149,10.42.0.1,54285,1883,0,0,1,0,0,0,0,0,0,0,0,0,0,0.0,0,,0,0,,0,0,0,0,0,0,0,0,0.0,0,0,0,0,0,64.0,5760.0,0,0,0,58,eth:ethertype:ip:tcp,30.5,94.8,51.7,160.0,-53.0,a8:42:e3:ab:ac:cc,,,,,0.0,Normal,0.0
1744302460961367,10.42.0.149,10.42.0.1,54285,1883,1,1,0,1,0,0,0,0,0,0,0,0,0,0.0,0,,0,0,,0,0,0,0,0,0,0,0,0.0,0,0,0,0,0,64.0,5760.0,0,0,0,54,eth:ethertype:ip:tcp,30.5,94.8,51.7,160.0,-53.0,a8:42:e3:ab:ac:cc,,,,,0.0,Normal,0.0
1744302460963511,10.42.0.149,10.42.0.1,54285,1883,1,1,0,1,0,0,1,0,3,0,0,0,0,0.0,0,,0,0,,0,0,0,0,0,0,0,0,0.0,0,0,0,0,0,64.0,5760.0,0,0,0,57,eth:ethertype:ip:tcp,30.5,94.8,51.7,160.0,-53.0,a8:42:e3:ab:ac:cc,,,,,0.0,Normal,0.0
1744302460967749,10.42.0.149,10.42.0.1,54285,1883,4,1,0,1,0,0,1,0,31,0,0,0,0,0.0,0,,0,0,,0,0,0,0,0,0,0,0,0.0,0,0,0,0,0,64.0,5760.0,0,0,0,85,eth:ethertype:ip:tcp,30.5,94.8,51.7,160.0,-53.0,a8:42:e3:ab:ac:cc,,,,,0.0,Normal,0.0
1744302460970782,10.42.0.149,10.42.0.1,54285,1883,35,1,0,1,0,0,1,0,10,0,0,0,0,0.0,0,,0,1,,0,0,0,1,42,4,MQTT,4,0.0,0,0,0,0,0,64.0,5760.0,0,0,esp32_a842e3abaccc,64,eth:ethertype:ip:tcp:mqtt,30.5,94.8,51.7,160.0,-53.0,a8:42:e3:ab:ac:cc,,,,,0.0,Normal,0.0
1744302460994871,10.42.0.149,10.42.0.1,54285,1883,45,5,0,1,0,0,1,0,3,0,0,0,0,0.0,0,,0,0,,0,0,0,0,0,0,0,0,0.0,0,0,0,0,0,64.0,5756.0,0,0,0,57,eth:ethertype:ip:tcp,30.5,94.8,51.7,160.0,-53.0,a8:42:e3:ab:ac:cc,,,,,0.0,Normal,0.0
1744302461008175,10.42.0.149,10.42.0.1,54285,1883,48,5,0,1,1,0,1,0,182,0,0,0,0,0.0,0,,0,3,"Wakeup: 0, Mode: 0, Reset: 1, Temperature: 31.3, Uptime: 188698, Memory: 94.8, In_Temperature: 51.7, CPU: 160, RSSI: -54, MAC: a8:42:e3:ab:ac:cc, F_Storage: 99.22",test/temperatura,16,0,0,180,0,0,0,0.0,0,0,0,0,0,64.0,5756.0,0,0,0,236,eth:ethertype:ip:tcp:mqtt:mqtt,31.3,94.8,51.7,160.0,-54.0,a8:42:e3:ab:ac:cc,,,,,0.0,Normal,0.0
1744302461012894,10.42.0.149,10.42.0.1,54285,1883,231,6,0,1,0,0,0,0,0,0,0,0,0,0.0,0,,0,0,,0,0,0,0,0,0,0,0,0.0,0,0,0,0,0,64.0,5755.0,0,0,0,54,eth:ethertype:ip:tcp,31.3,94.8,51.7,160.0,-54.0,a8:42:e3:ab:ac:cc,,,,,0.0,Normal,0.0
1744302491016794,10.42.0.149,10.42.0.1,54286,1883,0,0,1,0,0,0,0,0,0,0,0,0,0,0.0,0,,0,0,,0,0,0,0,0,0,0,0,0.0,0,0,0,0,0,64.0,5760.0,0,0,0,58,eth:ethertype:ip:tcp,31.3,94.8,51.7,160.0,-54.0,a8:42:e3:ab:ac:cc,,,,,0.0,Normal,0.0
1744302491020874,10.42.0.149,10.42.0.1,54286,1883,1,1,0,1,0,0,0,0,0,0,0,0,0,0.0,0,,0,0,,0,0,0,0,0,0,0,0,0.0,0,0,0,0,0,64.0,5760.0,0,0,0,54,eth:ethertype:ip:tcp,31.3,94.8,51.7,160.0,-54.0,a8:42:e3:ab:ac:cc,,,,,0.0,Normal,0.0
1744302491023071,10.42.0.149,10.42.0.1,54286,1883,1,1,0,1,0,0,1,0,3,0,0,0,0,0.0,0,,0,0,,0,0,0,0,0,0,0,0,0.0,0,0,0,0,0,64.0,5760.0,0,0,0,57,eth:ethertype:ip:tcp,31.3,94.8,51.7,160.0,-54.0,a8:42:e3:ab:ac:cc,,,,,0.0,Normal,0.0
1744302491026506,10.42.0.149,10.42.0.1,54286,1883,4,1,0,1,0,0,1,0,29,0,0,0,0,0.0,0,,0,0,,0,0,0,0,0,0,0,0,0.0,0,0,0,0,0,64.0,5760.0,0,0,0,83,eth:ethertype:ip:tcp,31.3,94.8,51.7,160.0,-54.0,a8:42:e3:ab:ac:cc,,,,,0.0,Normal,0.0
1744302491029633,10.42.0.149,10.42.0.1,54286,1883,33,1,0,1,0,0,1,0,12,0,0,0,0,0.0,0,,0,1,,0,0,0,1,42,4,MQTT,4,0.0,0,0,0,0,0,64.0,5760.0,0,0,esp32_a842e3abaccc,66,eth:ethertype:ip:tcp:mqtt,31.3,94.8,51.7,160.0,-54.0,a8:42:e3:ab:ac:cc,,,,,0.0,Normal,0.0
1744302491036921,10.42.0.149,10.42.0.1,54286,1883,45,5,0,1,0,0,0,0,0,0,0,0,0,0.0,0,,0,0,,0,0,0,0,0,0,0,0,0.0,0,0,0,0,0,64.0,5756.0,0,0,0,54,eth:ethertype:ip:tcp,31.3,94.8,51.7,160.0,-54.0,a8:42:e3:ab:ac:cc,,,,,0.0,Normal,0.0
1744302491053506,10.42.0.149,10.42.0.1,54286,1883,45,5,0,1,0,0,1,0,3,0,0,0,0,0.0,0,,0,0,,0,0,0,0,0,0,0,0,0.0,0,0,0,0,0,64.0,5756.0,0,0,0,57,eth:ethertype:ip:tcp,31.3,94.8,51.7,160.0,-54.0,a8:42:e3:ab:ac:cc,,,,,0.0,Normal,0.0
1744302491066980,10.42.0.149,10.42.0.1,54286,1883,48,5,0,1,1,0,1,0,182,0,0,0,0,0.0,0,,0,3,"Wakeup: 0, Mode: 0, Reset: 1, Temperature: 25.2, Uptime: 188728, Memory: 94.8, In_Temperature: 51.7, CPU: 160, RSSI: -54, MAC: a8:42:e3:ab:ac:cc, F_Storage: 99.22",test/temperatura,16,0,0,180,0,0,0,0.0,0,0,0,0,0,64.0,5756.0,0,0,0,236,eth:ethertype:ip:tcp:mqtt:mqtt,25.2,94.8,51.7,160.0,-54.0,a8:42:e3:ab:ac:cc,,,,,0.0,Normal,0.0
1744302491070776,10.42.0.149,10.42.0.1,54286,1883,231,6,0,1,0,0,0,0,0,0,0,0,0,0.0,0,,0,0,,0,0,0,0,0,0,0,0,0.0,0,0,0,0,0,64.0,5755.0,0,0,0,54,eth:ethertype:ip:tcp,25.2,94.8,51.7,160.0,-54.0,a8:42:e3:ab:ac:cc,,,,,0.0,Normal,0.0
1744302521081461,10.42.0.149,10.42.0.1,54287,1883,0,0,1,0,0,0,0,0,0,0,0,0,0,0.0,0,,0,0,,0,0,0,0,0,0,0,0,0.0,0,0,0,0,0,64.0,5760.0,0,0,0,58,eth:ethertype:ip:tcp,25.2,94.8,51.7,160.0,-54.0,a8:42:e3:ab:ac:cc,,,,,0.0,Normal,0.0
1744302521085656,10.42.0.149,10.42.0.1,54287,1883,1,1,0,1,0,0,0,0,0,0,0,0,0,0.0,0,,0,0,,0,0,0,0,0,0,0,0,0.0,0,0,0,0,0,64.0,5760.0,0,0,0,54,eth:ethertype:ip:tcp,25.2,94.8,51.7,160.0,-54.0,a8:42:e3:ab:ac:cc,,,,,0.0,Normal,0.0
1744302521087747,10.42.0.149,10.42.0.1,54287,1883,1,1,0,1,0,0,1,0,3,0,0,0,0,0.0,0,,0,0,,0,0,0,0,0,0,0,0,0.0,0,0,0,0,0,64.0,5760.0,0,0,0,57,eth:ethertype:ip:tcp,25.2,94.8,51.7,160.0,-54.0,a8:42:e3:ab:ac:cc,,,,,0.0,Normal,0.0
1744302521091959,10.42.0.149,10.42.0.1,54287,1883,4,1,0,1,0,0,1,0,41,0,0,0,0,0.0,0,,0,1,,0,0,0,1,42,4,MQTT,4,0.0,0,0,0,0,0,64.0,5760.0,0,0,esp32_a842e3abaccc,95,eth:ethertype:ip:tcp:mqtt,25.2,94.8,51.7,160.0,-54.0,a8:42:e3:ab:ac:cc,,,,,0.0,Normal,0.0
1744302521116160,10.42.0.149,10.42.0.1,54287,1883,45,5,0,1,0,0,1,0,3,0,0,0,0,0.0,0,,0,0,,0,0,0,0,0,0,0,0,0.0,0,0,0,0,0,64.0,5756.0,0,0,0,57,eth:ethertype:ip:tcp,25.2,94.8,51.7,160.0,-54.0,a8:42:e3:ab:ac:cc,,,,,0.0,Normal,0.0
1744302521126852,10.42.0.149,10.42.0.1,54287,1883,48,5,0,1,1,0,1,0,182,0,0,0,0,0.0,0,,0,3,"Wakeup: 0, Mode: 0, Reset: 1, Temperature: 40.2, Uptime: 188758, Memory: 94.8, In_Temperature: 51.7, CPU: 160, RSSI: -55, MAC: a8:42:e3:ab:ac:cc, F_Storage: 99.22",test/temperatura,16,0,0,180,0,0,0,0.0,0,0,0,0,0,64.0,5756.0,0,0,0,236,eth:ethertype:ip:tcp:mqtt:mqtt,40.2,94.8,51.7,160.0,-55.0,a8:42:e3:ab:ac:cc,,,,,0.0,Normal,0.0
1744302521130394,10.42.0.149,10.42.0.1,54287,1883,231,6,0,1,0,0,0,0,0,0,0,0,0,0.0,0,,0,0,,0,0,0,0,0,0,0,0,0.0,0,0,0,0,0,64.0,5755.0,0,0,0,54,eth:ethertype:ip:tcp,40.2,94.8,51.7,160.0,-55.0,a8:42:e3:ab:ac:cc,,,,,0.0,Normal,0.0
1744302551134721,10.42.0.149,10.42.0.1,54288,1883,0,0,1,0,0,0,0,0,0,0,0,0,0,0.0,0,,0,0,,0,0,0,0,0,0,0,0,0.0,0,0,0,0,0,64.0,5760.0,0,0,0,58,eth:ethertype:ip:tcp,40.2,94.8,51.7,160.0,-55.0,a8:42:e3:ab:ac:cc,,,,,0.0,Normal,0.0
1744302551138336,10.42.0.149,10.42.0.1,54288,1883,1,1,0,1,0,0,0,0,0,0,0,0,0,0.0,0,,0,0,,0,0,0,0,0,0,0,0,0.0,0,0,0,0,0,64.0,5760.0,0,0,0,54,eth:ethertype:ip:tcp,40.2,94.8,51.7,160.0,-55.0,a8:42:e3:ab:ac:cc,,,,,0.0,Normal,0.0
1744302551140649,10.42.0.149,10.42.0.1,54288,1883,1,1,0,1,0,0,1,0,3,0,0,0,0,0.0,0,,0,0,,0,0,0,0,0,0,0,0,0.0,0,0,0,0,0,64.0,5760.0,0,0,0,57,eth:ethertype:ip:tcp,40.2,94.8,51.7,160.0,-55.0,a8:42:e3:ab:ac:cc,,,,,0.0,Normal,0.0
1744302551146266,10.42.0.149,10.42.0.1,54288,1883,4,1,0,1,0,0,1,0,29,0,0,0,0,0.0,0,,0,0,,0,0,0,0,0,0,0,0,0.0,0,0,0,0,0,64.0,5760.0,0,0,0,83,eth:ethertype:ip:tcp,40.2,94.8,51.7,160.0,-55.0,a8:42:e3:ab:ac:cc,,,,,0.0,Normal,0.0
1744302551148981,10.42.0.149,10.42.0.1,54288,1883,33,1,0,1,0,0,1,0,12,0,0,0,0,0.0,0,,0,1,,0,0,0,1,42,4,MQTT,4,0.0,0,0,0,0,0,64.0,5760.0,0,0,esp32_a842e3abaccc,66,eth:ethertype:ip:tcp:mqtt,40.2,94.8,51.7,160.0,-55.0,a8:42:e3:ab:ac:cc,,,,,0.0,Normal,0.0
1744302551172794,10.42.0.149,10.42.0.1,54288,1883,45,5,0,1,0,0,1,0,3,0,0,0,0,0.0,0,,0,0,,0,0,0,0,0,0,0,0,0.0,0,0,0,0,0,64.0,5756.0,0,0,0,57,eth:ethertype:ip:tcp,40.2,94.8,51.7,160.0,-55.0,a8:42:e3:ab:ac:cc,,,,,0.0,Normal,0.0
1744302551187332,10.42.0.149,10.42.0.1,54288,1883,48,5,0,1,1,0,1,0,182,0,0,0,0,0.0,0,,0,3,"Wakeup: 0, Mode: 0, Reset: 1, Temperature: 33.4, Uptime: 188788, Memory: 94.8, In_Temperature: 51.7, CPU: 160, RSSI: -55, MAC: a8:42:e3:ab:ac:cc, F_Storage: 99.22",test/temperatura,16,0,0,180,0,0,0,0.0,0,0,0,0,0,64.0,5756.0,0,0,0,236,eth:ethertype:ip:tcp:mqtt:mqtt,33.4,94.8,51.7,160.0,-55.0,a8:42:e3:ab:ac:cc,,,,,0.0,Normal,0.0
1744302551190762,10.42.0.149,10.42.0.1,54288,1883,231,6,0,1,0,0,0,0,0,0,0,0,0,0.0,0,,0,0,,0,0,0,0,0,0,0,0,0.0,0,0,0,0,0,64.0,5755.0,0,0,0,54,eth:ethertype:ip:tcp,33.4,94.8,51.7,160.0,-55.0,a8:42:e3:ab:ac:cc,,,,,0.0,Normal,0.0
1744302581193723,10.42.0.149,10.42.0.1,54289,1883,0,0,1,0,0,0,0,0,0,0,0,0,0,0.0,0,,0,0,,0,0,0,0,0,0,0,0,0.0,0,0,0,0,0,64.0,5760.0,0,0,0,58,eth:ethertype:ip:tcp,33.4,94.8,51.7,160.0,-55.0,a8:42:e3:ab:ac:cc,,,,,0.0,Normal,0.0
1744302581197340,10.42.0.149,10.42.0.1,54289,1883,1,1,0,1,0,0,0,0,0,0,0,0,0,0.0,0,,0,0,,0,0,0,0,0,0,0,0,0.0,0,0,0,0,0,64.0,5760.0,0,0,0,54,eth:ethertype:ip:tcp,33.4,94.8,51.7,160.0,-55.0,a8:42:e3:ab:ac:cc,,,,,0.0,Normal,0.0
1744302581199660,10.42.0.149,10.42.0.1,54289,1883,1,1,0,1,0,0,1,0,3,0,0,0,0,0.0,0,,0,0,,0,0,0,0,0,0,0,0,0.0,0,0,0,0,0,64.0,5760.0,0,0,0,57,eth:ethertype:ip:tcp,33.4,94.8,51.7,160.0,-55.0,a8:42:e3:ab:ac:cc,,,,,0.0,Normal,0.0
1744302581203033,10.42.0.149,10.42.0.1,54289,1883,4,1,0,1,0,0,1,0,29,0,0,0,0,0.0,0,,0,0,,0,0,0,0,0,0,0,0,0.0,0,0,0,0,0,64.0,5760.0,0,0,0,83,eth:ethertype:ip:tcp,33.4,94.8,51.7,160.0,-55.0,a8:42:e3:ab:ac:cc,,,,,0.0,Normal,0.0
1744302581207866,10.42.0.149,10.42.0.1,54289,1883,33,1,0,1,0,0,1,0,12,0,0,0,0,0.0,0,,0,1,,0,0,0,1,42,4,MQTT,4,0.0,0,0,0,0,0,64.0,5760.0,0,0,esp32_a842e3abaccc,66,eth:ethertype:ip:tcp:mqtt,33.4,94.8,51.7,160.0,-55.0,a8:42:e3:ab:ac:cc,,,,,0.0,Normal,0.0
1744302581233366,10.42.0.149,10.42.0.1,54289,1883,45,5,0,1,0,0,1,0,3,0,0,0,0,0.0,0,,0,0,,0,0,0,0,0,0,0,0,0.0,0,0,0,0,0,64.0,5756.0,0,0,0,57,eth:ethertype:ip:tcp,33.4,94.8,51.7,160.0,-55.0,a8:42:e3:ab:ac:cc,,,,,0.0,Normal,0.0
1744302581244867,10.42.0.149,10.42.0.1,54289,1883,48,5,0,1,1,0,1,0,182,0,0,0,0,0.0,0,,0,3,"Wakeup: 0, Mode: 0, Reset: 1, Temperature: 35.6, Uptime: 188818, Memory: 94.8, In_Temperature: 51.7, CPU: 160, RSSI: -54, MAC: a8:42:e3:ab:ac:cc, F_Storage: 99.22",test/temperatura,16,0,0,180,0,0,0,0.0,0,0,0,0,0,64.0,5756.0,0,0,0,236,eth:ethertype:ip:tcp:mqtt:mqtt,35.6,94.8,51.7,160.0,-54.0,a8:42:e3:ab:ac:cc,,,,,0.0,Normal,0.0
1744302581248489,10.42.0.149,10.42.0.1,54289,1883,231,6,0,1,0,0,0,0,0,0,0,0,0,0.0,0,,0,0,,0,0,0,0,0,0,0,0,0.0,0,0,0,0,0,64.0,5755.0,0,0,0,54,eth:ethertype:ip:tcp,35.6,94.8,51.7,160.0,-54.0,a8:42:e3:ab:ac:cc,,,,,0.0,Normal,0.0
1744302611254087,10.42.0.149,10.42.0.1,54290,1883,0,0,1,0,0,0,0,0,0,0,0,0,0,0.0,0,,0,0,,0,0,0,0,0,0,0,0,0.0,0,0,0,0,0,64.0,5760.0,0,0,0,58,eth:ethertype:ip:tcp,35.6,94.8,51.7,160.0,-54.0,a8:42:e3:ab:ac:cc,,,,,0.0,Normal,0.0
1744302611258254,10.42.0.149,10.42.0.1,54290,1883,1,1,0,1,0,0,0,0,0,0,0,0,0,0.0,0,,0,0,,0,0,0,0,0,0,0,0,0.0,0,0,0,0,0,64.0,5760.0,0,0,0,54,eth:ethertype:ip:tcp,35.6,94.8,51.7,160.0,-54.0,a8:42:e3:ab:ac:cc,,,,,0.0,Normal,0.0
1744302611260524,10.42.0.149,10.42.0.1,54290,1883,1,1,0,1,0,0,1,0,3,0,0,0,0,0.0,0,,0,0,,0,0,0,0,0,0,0,0,0.0,0,0,0,0,0,64.0,5760.0,0,0,0,57,eth:ethertype:ip:tcp,35.6,94.8,51.7,160.0,-54.0,a8:42:e3:ab:ac:cc,,,,,0.0,Normal,0.0
1744302611263928,10.42.0.149,10.42.0.1,54290,1883,4,1,0,1,0,0,1,0,29,0,0,0,0,0.0,0,,0,0,,0,0,0,0,0,0,0,0,0.0,0,0,0,0,0,64.0,5760.0,0,0,0,83,eth:ethertype:ip:tcp,35.6,94.8,51.7,160.0,-54.0,a8:42:e3:ab:ac:cc,,,,,0.0,Normal,0.0
1744302611266946,10.42.0.149,10.42.0.1,54290,1883,33,1,0,1,0,0,1,0,12,0,0,0,0,0.0,0,,0,1,,0,0,0,1,42,4,MQTT,4,0.0,0,0,0,0,0,64.0,5760.0,0,0,esp32_a842e3abaccc,66,eth:ethertype:ip:tcp:mqtt,35.6,94.8,51.7,160.0,-54.0,a8:42:e3:ab:ac:cc,,,,,0.0,Normal,0.0
1744302611284945,10.42.0.149,10.42.0.1,54290,1883,45,5,0,1,0,0,0,0,0,0,0,0,0,0.0,0,,0,0,,0,0,0,0,0,0,0,0,0.0,0,0,0,0,0,64.0,5756.0,0,0,0,54,eth:ethertype:ip:tcp,35.6,94.8,51.7,160.0,-54.0,a8:42:e3:ab:ac:cc,,,,,0.0,Normal,0.0
1744302611292624,10.42.0.149,10.42.0.1,54290,1883,45,5,0,1,0,0,1,0,3,0,0,0,0,0.0,0,,0,0,,0,0,0,0,0,0,0,0,0.0,0,0,0,0,0,64.0,5756.0,0,0,0,57,eth:ethertype:ip:tcp,35.6,94.8,51.7,160.0,-54.0,a8:42:e3:ab:ac:cc,,,,,0.0,Normal,0.0
1744302611304343,10.42.0.149,10.42.0.1,54290,1883,48,5,0,1,1,0,1,0,182,0,0,0,0,0.0,0,,0,3,"Wakeup: 0, Mode: 0, Reset: 1, Temperature: 36.1, Uptime: 188848, Memory: 94.8, In_Temperature: 51.7, CPU: 160, RSSI: -54, MAC: a8:42:e3:ab:ac:cc, F_Storage: 99.22",test/temperatura,16,0,0,180,0,0,0,0.0,0,0,0,0,0,64.0,5756.0,0,0,0,236,eth:ethertype:ip:tcp:mqtt:mqtt,36.1,94.8,51.7,160.0,-54.0,a8:42:e3:ab:ac:cc,,,,,0.0,Normal,0.0
1744302611307820,10.42.0.149,10.42.0.1,54290,1883,231,6,0,1,0,0,0,0,0,0,0,0,0,0.0,0,,0,0,,0,0,0,0,0,0,0,0,0.0,0,0,0,0,0,64.0,5755.0,0,0,0,54,eth:ethertype:ip:tcp,36.1,94.8,51.7,160.0,-54.0,a8:42:e3:ab:ac:cc,,,,,0.0,Normal,0.0
1744302616865650,10.42.0.149,10.42.0.1,0,0,0,0,0,0,0,0,0,0,0,0,0,0,0,0.0,0,,0,0,,0,0,0,0,0,0,0,0,0.0,0,0,0,0,0,64.0,0.0,0,0,0,350,eth:ethertype:ip:udp:dhcp,36.1,94.8,51.7,160.0,-54.0,a8:42:e3:ab:ac:cc,,,,,0.0,Normal,0.0
1744302641313643,10.42.0.149,10.42.0.1,54291,1883,0,0,1,0,0,0,0,0,0,0,0,0,0,0.0,0,,0,0,,0,0,0,0,0,0,0,0,0.0,0,0,0,0,0,64.0,5760.0,0,0,0,58,eth:ethertype:ip:tcp,36.1,94.8,51.7,160.0,-54.0,a8:42:e3:ab:ac:cc,,,,,0.0,Normal,0.0
1744302641317770,10.42.0.149,10.42.0.1,54291,1883,1,1,0,1,0,0,0,0,0,0,0,0,0,0.0,0,,0,0,,0,0,0,0,0,0,0,0,0.0,0,0,0,0,0,64.0,5760.0,0,0,0,54,eth:ethertype:ip:tcp,36.1,94.8,51.7,160.0,-54.0,a8:42:e3:ab:ac:cc,,,,,0.0,Normal,0.0
1744302641319780,10.42.0.149,10.42.0.1,54291,1883,1,1,0,1,0,0,1,0,3,0,0,0,0,0.0,0,,0,0,,0,0,0,0,0,0,0,0,0.0,0,0,0,0,0,64.0,5760.0,0,0,0,57,eth:ethertype:ip:tcp,36.1,94.8,51.7,160.0,-54.0,a8:42:e3:ab:ac:cc,,,,,0.0,Normal,0.0
1744302641323402,10.42.0.149,10.42.0.1,54291,1883,4,1,0,1,0,0,1,0,29,0,0,0,0,0.0,0,,0,0,,0,0,0,0,0,0,0,0,0.0,0,0,0,0,0,64.0,5760.0,0,0,0,83,eth:ethertype:ip:tcp,36.1,94.8,51.7,160.0,-54.0,a8:42:e3:ab:ac:cc,,,,,0.0,Normal,0.0
1744302641327227,10.42.0.149,10.42.0.1,54291,1883,33,1,0,1,0,0,1,0,12,0,0,0,0,0.0,0,,0,1,,0,0,0,1,42,4,MQTT,4,0.0,0,0,0,0,0,64.0,5760.0,0,0,esp32_a842e3abaccc,66,eth:ethertype:ip:tcp:mqtt,36.1,94.8,51.7,160.0,-54.0,a8:42:e3:ab:ac:cc,,,,,0.0,Normal,0.0
1744302641351854,10.42.0.149,10.42.0.1,54291,1883,45,5,0,1,0,0,1,0,3,0,0,0,0,0.0,0,,0,0,,0,0,0,0,0,0,0,0,0.0,0,0,0,0,0,64.0,5756.0,0,0,0,57,eth:ethertype:ip:tcp,36.1,94.8,51.7,160.0,-54.0,a8:42:e3:ab:ac:cc,,,,,0.0,Normal,0.0
1744302641363436,10.42.0.149,10.42.0.1,54291,1883,48,5,0,1,1,0,1,0,182,0,0,0,0,0.0,0,,0,3,"Wakeup: 0, Mode: 0, Reset: 1, Temperature: 30.4, Uptime: 188878, Memory: 94.8, In_Temperature: 51.7, CPU: 160, RSSI: -55, MAC: a8:42:e3:ab:ac:cc, F_Storage: 99.22",test/temperatura,16,0,0,180,0,0,0,0.0,0,0,0,0,0,64.0,5756.0,0,0,0,236,eth:ethertype:ip:tcp:mqtt:mqtt,30.4,94.8,51.7,160.0,-55.0,a8:42:e3:ab:ac:cc,,,,,0.0,Normal,0.0
1744302641367279,10.42.0.149,10.42.0.1,54291,1883,231,6,0,1,0,0,0,0,0,0,0,0,0,0.0,0,,0,0,,0,0,0,0,0,0,0,0,0.0,0,0,0,0,0,64.0,5755.0,0,0,0,54,eth:ethertype:ip:tcp,30.4,94.8,51.7,160.0,-55.0,a8:42:e3:ab:ac:cc,,,,,0.0,Normal,0.0
1744302671372786,10.42.0.149,10.42.0.1,54292,1883,0,0,1,0,0,0,0,0,0,0,0,0,0,0.0,0,,0,0,,0,0,0,0,0,0,0,0,0.0,0,0,0,0,0,64.0,5760.0,0,0,0,58,eth:ethertype:ip:tcp,30.4,94.8,51.7,160.0,-55.0,a8:42:e3:ab:ac:cc,,,,,0.0,Normal,0.0
1744302671376988,10.42.0.149,10.42.0.1,54292,1883,1,1,0,1,0,0,0,0,0,0,0,0,0,0.0,0,,0,0,,0,0,0,0,0,0,0,0,0.0,0,0,0,0,0,64.0,5760.0,0,0,0,54,eth:ethertype:ip:tcp,30.4,94.8,51.7,160.0,-55.0,a8:42:e3:ab:ac:cc,,,,,0.0,Normal,0.0
1744302671379402,10.42.0.149,10.42.0.1,54292,1883,1,1,0,1,0,0,1,0,3,0,0,0,0,0.0,0,,0,0,,0,0,0,0,0,0,0,0,0.0,0,0,0,0,0,64.0,5760.0,0,0,0,57,eth:ethertype:ip:tcp,30.4,94.8,51.7,160.0,-55.0,a8:42:e3:ab:ac:cc,,,,,0.0,Normal,0.0
1744302671383476,10.42.0.149,10.42.0.1,54292,1883,4,1,0,1,0,0,1,0,41,0,0,0,0,0.0,0,,0,1,,0,0,0,1,42,4,MQTT,4,0.0,0,0,0,0,0,64.0,5760.0,0,0,esp32_a842e3abaccc,95,eth:ethertype:ip:tcp:mqtt,30.4,94.8,51.7,160.0,-55.0,a8:42:e3:ab:ac:cc,,,,,0.0,Normal,0.0
1744302671407802,10.42.0.149,10.42.0.1,54292,1883,45,5,0,1,0,0,1,0,3,0,0,0,0,0.0,0,,0,0,,0,0,0,0,0,0,0,0,0.0,0,0,0,0,0,64.0,5756.0,0,0,0,57,eth:ethertype:ip:tcp,30.4,94.8,51.7,160.0,-55.0,a8:42:e3:ab:ac:cc,,,,,0.0,Normal,0.0
1744302671424995,10.42.0.149,10.42.0.1,54292,1883,48,5,0,1,1,0,1,0,182,0,0,0,0,0.0,0,,0,3,"Wakeup: 0, Mode: 0, Reset: 1, Temperature: 33.5, Uptime: 188908, Memory: 94.8, In_Temperature: 51.7, CPU: 160, RSSI: -57, MAC: a8:42:e3:ab:ac:cc, F_Storage: 99.22",test/temperatura,16,0,0,180,0,0,0,0.0,0,0,0,0,0,64.0,5756.0,0,0,0,236,eth:ethertype:ip:tcp:mqtt:mqtt,33.5,94.8,51.7,160.0,-57.0,a8:42:e3:ab:ac:cc,,,,,0.0,Normal,0.0
1744302671428542,10.42.0.149,10.42.0.1,54292,1883,231,6,0,1,0,0,0,0,0,0,0,0,0,0.0,0,,0,0,,0,0,0,0,0,0,0,0,0.0,0,0,0,0,0,64.0,5755.0,0,0,0,54,eth:ethertype:ip:tcp,33.5,94.8,51.7,160.0,-57.0,a8:42:e3:ab:ac:cc,,,,,0.0,Normal,0.0
1744302701431434,10.42.0.149,10.42.0.1,54293,1883,0,0,1,0,0,0,0,0,0,0,0,0,0,0.0,0,,0,0,,0,0,0,0,0,0,0,0,0.0,0,0,0,0,0,64.0,5760.0,0,0,0,58,eth:ethertype:ip:tcp,33.5,94.8,51.7,160.0,-57.0,a8:42:e3:ab:ac:cc,,,,,0.0,Normal,0.0
1744302701436332,10.42.0.149,10.42.0.1,54293,1883,1,1,0,1,0,0,0,0,0,0,0,0,0,0.0,0,,0,0,,0,0,0,0,0,0,0,0,0.0,0,0,0,0,0,64.0,5760.0,0,0,0,54,eth:ethertype:ip:tcp,33.5,94.8,51.7,160.0,-57.0,a8:42:e3:ab:ac:cc,,,,,0.0,Normal,0.0
1744302701437519,10.42.0.149,10.42.0.1,54293,1883,1,1,0,1,0,0,1,0,3,0,0,0,0,0.0,0,,0,0,,0,0,0,0,0,0,0,0,0.0,0,0,0,0,0,64.0,5760.0,0,0,0,57,eth:ethertype:ip:tcp,33.5,94.8,51.7,160.0,-57.0,a8:42:e3:ab:ac:cc,,,,,0.0,Normal,0.0
1744302701442668,10.42.0.149,10.42.0.1,54293,1883,4,1,0,1,0,0,1,0,29,0,0,0,0,0.0,0,,0,0,,0,0,0,0,0,0,0,0,0.0,0,0,0,0,0,64.0,5760.0,0,0,0,83,eth:ethertype:ip:tcp,33.5,94.8,51.7,160.0,-57.0,a8:42:e3:ab:ac:cc,,,,,0.0,Normal,0.0
1744302701446737,10.42.0.149,10.42.0.1,54293,1883,33,1,0,1,0,0,1,0,12,0,0,0,0,0.0,0,,0,1,,0,0,0,1,42,4,MQTT,4,0.0,0,0,0,0,0,64.0,5760.0,0,0,esp32_a842e3abaccc,66,eth:ethertype:ip:tcp:mqtt,33.5,94.8,51.7,160.0,-57.0,a8:42:e3:ab:ac:cc,,,,,0.0,Normal,0.0
1744302701470790,10.42.0.149,10.42.0.1,54293,1883,45,5,0,1,0,0,1,0,3,0,0,0,0,0.0,0,,0,0,,0,0,0,0,0,0,0,0,0.0,0,0,0,0,0,64.0,5756.0,0,0,0,57,eth:ethertype:ip:tcp,33.5,94.8,51.7,160.0,-57.0,a8:42:e3:ab:ac:cc,,,,,0.0,Normal,0.0
1744302701482435,10.42.0.149,10.42.0.1,54293,1883,48,5,0,1,1,0,1,0,182,0,0,0,0,0.0,0,,0,3,"Wakeup: 0, Mode: 0, Reset: 1, Temperature: 40.5, Uptime: 188938, Memory: 94.8, In_Temperature: 51.7, CPU: 160, RSSI: -58, MAC: a8:42:e3:ab:ac:cc, F_Storage: 99.22",test/temperatura,16,0,0,180,0,0,0,0.0,0,0,0,0,0,64.0,5756.0,0,0,0,236,eth:ethertype:ip:tcp:mqtt:mqtt,40.5,94.8,51.7,160.0,-58.0,a8:42:e3:ab:ac:cc,,,,,0.0,Normal,0.0
1744302701485978,10.42.0.149,10.42.0.1,54293,1883,231,6,0,1,0,0,0,0,0,0,0,0,0,0.0,0,,0,0,,0,0,0,0,0,0,0,0,0.0,0,0,0,0,0,64.0,5755.0,0,0,0,54,eth:ethertype:ip:tcp,40.5,94.8,51.7,160.0,-58.0,a8:42:e3:ab:ac:cc,,,,,0.0,Normal,0.0
1744302731491591,10.42.0.149,10.42.0.1,54294,1883,0,0,1,0,0,0,0,0,0,0,0,0,0,0.0,0,,0,0,,0,0,0,0,0,0,0,0,0.0,0,0,0,0,0,64.0,5760.0,0,0,0,58,eth:ethertype:ip:tcp,40.5,94.8,51.7,160.0,-58.0,a8:42:e3:ab:ac:cc,,,,,0.0,Normal,0.0
1744302731495768,10.42.0.149,10.42.0.1,54294,1883,1,1,0,1,0,0,0,0,0,0,0,0,0,0.0,0,,0,0,,0,0,0,0,0,0,0,0,0.0,0,0,0,0,0,64.0,5760.0,0,0,0,54,eth:ethertype:ip:tcp,40.5,94.8,51.7,160.0,-58.0,a8:42:e3:ab:ac:cc,,,,,0.0,Normal,0.0
1744302731497838,10.42.0.149,10.42.0.1,54294,1883,1,1,0,1,0,0,1,0,3,0,0,0,0,0.0,0,,0,0,,0,0,0,0,0,0,0,0,0.0,0,0,0,0,0,64.0,5760.0,0,0,0,57,eth:ethertype:ip:tcp,40.5,94.8,51.7,160.0,-58.0,a8:42:e3:ab:ac:cc,,,,,0.0,Normal,0.0
1744302731501185,10.42.0.149,10.42.0.1,54294,1883,4,1,0,1,0,0,1,0,29,0,0,0,0,0.0,0,,0,0,,0,0,0,0,0,0,0,0,0.0,0,0,0,0,0,64.0,5760.0,0,0,0,83,eth:ethertype:ip:tcp,40.5,94.8,51.7,160.0,-58.0,a8:42:e3:ab:ac:cc,,,,,0.0,Normal,0.0
1744302731504311,10.42.0.149,10.42.0.1,54294,1883,33,1,0,1,0,0,1,0,12,0,0,0,0,0.0,0,,0,1,,0,0,0,1,42,4,MQTT,4,0.0,0,0,0,0,0,64.0,5760.0,0,0,esp32_a842e3abaccc,66,eth:ethertype:ip:tcp:mqtt,40.5,94.8,51.7,160.0,-58.0,a8:42:e3:ab:ac:cc,,,,,0.0,Normal,0.0
1744302731529662,10.42.0.149,10.42.0.1,54294,1883,45,5,0,1,0,0,1,0,3,0,0,0,0,0.0,0,,0,0,,0,0,0,0,0,0,0,0,0.0,0,0,0,0,0,64.0,5756.0,0,0,0,57,eth:ethertype:ip:tcp,40.5,94.8,51.7,160.0,-58.0,a8:42:e3:ab:ac:cc,,,,,0.0,Normal,0.0
1744302731542102,10.42.0.149,10.42.0.1,54294,1883,48,5,0,1,1,0,1,0,182,0,0,0,0,0.0,0,,0,3,"Wakeup: 0, Mode: 0, Reset: 1, Temperature: 29.2, Uptime: 188968, Memory: 94.8, In_Temperature: 51.7, CPU: 160, RSSI: -57, MAC: a8:42:e3:ab:ac:cc, F_Storage: 99.22",test/temperatura,16,0,0,180,0,0,0,0.0,0,0,0,0,0,64.0,5756.0,0,0,0,236,eth:ethertype:ip:tcp:mqtt:mqtt,29.2,94.8,51.7,160.0,-57.0,a8:42:e3:ab:ac:cc,,,,,0.0,Normal,0.0
1744302731545406,10.42.0.149,10.42.0.1,54294,1883,231,6,0,1,0,0,0,0,0,0,0,0,0,0.0,0,,0,0,,0,0,0,0,0,0,0,0,0.0,0,0,0,0,0,64.0,5755.0,0,0,0,54,eth:ethertype:ip:tcp,29.2,94.8,51.7,160.0,-57.0,a8:42:e3:ab:ac:cc,,,,,0.0,Normal,0.0
1744302761551576,10.42.0.149,10.42.0.1,54295,1883,0,0,1,0,0,0,0,0,0,0,0,0,0,0.0,0,,0,0,,0,0,0,0,0,0,0,0,0.0,0,0,0,0,0,64.0,5760.0,0,0,0,58,eth:ethertype:ip:tcp,29.2,94.8,51.7,160.0,-57.0,a8:42:e3:ab:ac:cc,,,,,0.0,Normal,0.0
1744302761557673,10.42.0.149,10.42.0.1,54295,1883,1,1,0,1,0,0,0,0,0,0,0,0,0,0.0,0,,0,0,,0,0,0,0,0,0,0,0,0.0,0,0,0,0,0,64.0,5760.0,0,0,0,54,eth:ethertype:ip:tcp,29.2,94.8,51.7,160.0,-57.0,a8:42:e3:ab:ac:cc,,,,,0.0,Normal,0.0
1744302761558389,10.42.0.149,10.42.0.1,54295,1883,1,1,0,1,0,0,1,0,3,0,0,0,0,0.0,0,,0,0,,0,0,0,0,0,0,0,0,0.0,0,0,0,0,0,64.0,5760.0,0,0,0,57,eth:ethertype:ip:tcp,29.2,94.8,51.7,160.0,-57.0,a8:42:e3:ab:ac:cc,,,,,0.0,Normal,0.0
1744302761561891,10.42.0.149,10.42.0.1,54295,1883,4,1,0,1,0,0,1,0,31,0,0,0,0,0.0,0,,0,0,,0,0,0,0,0,0,0,0,0.0,0,0,0,0,0,64.0,5760.0,0,0,0,85,eth:ethertype:ip:tcp,29.2,94.8,51.7,160.0,-57.0,a8:42:e3:ab:ac:cc,,,,,0.0,Normal,0.0
1744302761564810,10.42.0.149,10.42.0.1,54295,1883,35,1,0,1,0,0,1,0,10,0,0,0,0,0.0,0,,0,1,,0,0,0,1,42,4,MQTT,4,0.0,0,0,0,0,0,64.0,5760.0,0,0,esp32_a842e3abaccc,64,eth:ethertype:ip:tcp:mqtt,29.2,94.8,51.7,160.0,-57.0,a8:42:e3:ab:ac:cc,,,,,0.0,Normal,0.0
1744302761589018,10.42.0.149,10.42.0.1,54295,1883,45,5,0,1,0,0,1,0,3,0,0,0,0,0.0,0,,0,0,,0,0,0,0,0,0,0,0,0.0,0,0,0,0,0,64.0,5756.0,0,0,0,57,eth:ethertype:ip:tcp,29.2,94.8,51.7,160.0,-57.0,a8:42:e3:ab:ac:cc,,,,,0.0,Normal,0.0
1744302761602837,10.42.0.149,10.42.0.1,54295,1883,48,5,0,1,1,0,1,0,182,0,0,0,0,0.0,0,,0,3,"Wakeup: 0, Mode: 0, Reset: 1, Temperature: 38.7, Uptime: 188998, Memory: 94.9, In_Temperature: 51.7, CPU: 160, RSSI: -57, MAC: a8:42:e3:ab:ac:cc, F_Storage: 99.22",test/temperatura,16,0,0,180,0,0,0,0.0,0,0,0,0,0,64.0,5756.0,0,0,0,236,eth:ethertype:ip:tcp:mqtt:mqtt,38.7,94.9,51.7,160.0,-57.0,a8:42:e3:ab:ac:cc,,,,,0.0,Normal,0.0
1744302761606249,10.42.0.149,10.42.0.1,54295,1883,231,6,0,1,0,0,0,0,0,0,0,0,0,0.0,0,,0,0,,0,0,0,0,0,0,0,0,0.0,0,0,0,0,0,64.0,5755.0,0,0,0,54,eth:ethertype:ip:tcp,38.7,94.9,51.7,160.0,-57.0,a8:42:e3:ab:ac:cc,,,,,0.0,Normal,0.0
1744302791610394,10.42.0.149,10.42.0.1,54296,1883,0,0,1,0,0,0,0,0,0,0,0,0,0,0.0,0,,0,0,,0,0,0,0,0,0,0,0,0.0,0,0,0,0,0,64.0,5760.0,0,0,0,58,eth:ethertype:ip:tcp,38.7,94.9,51.7,160.0,-57.0,a8:42:e3:ab:ac:cc,,,,,0.0,Normal,0.0
1744302791614473,10.42.0.149,10.42.0.1,54296,1883,1,1,0,1,0,0,0,0,0,0,0,0,0,0.0,0,,0,0,,0,0,0,0,0,0,0,0,0.0,0,0,0,0,0,64.0,5760.0,0,0,0,54,eth:ethertype:ip:tcp,38.7,94.9,51.7,160.0,-57.0,a8:42:e3:ab:ac:cc,,,,,0.0,Normal,0.0
1744302791616522,10.42.0.149,10.42.0.1,54296,1883,1,1,0,1,0,0,1,0,3,0,0,0,0,0.0,0,,0,0,,0,0,0,0,0,0,0,0,0.0,0,0,0,0,0,64.0,5760.0,0,0,0,57,eth:ethertype:ip:tcp,38.7,94.9,51.7,160.0,-57.0,a8:42:e3:ab:ac:cc,,,,,0.0,Normal,0.0
1744302791621917,10.42.0.149,10.42.0.1,54296,1883,4,1,0,1,0,0,1,0,29,0,0,0,0,0.0,0,,0,0,,0,0,0,0,0,0,0,0,0.0,0,0,0,0,0,64.0,5760.0,0,0,0,83,eth:ethertype:ip:tcp,38.7,94.9,51.7,160.0,-57.0,a8:42:e3:ab:ac:cc,,,,,0.0,Normal,0.0
1744302791624708,10.42.0.149,10.42.0.1,54296,1883,33,1,0,1,0,0,1,0,12,0,0,0,0,0.0,0,,0,1,,0,0,0,1,42,4,MQTT,4,0.0,0,0,0,0,0,64.0,5760.0,0,0,esp32_a842e3abaccc,66,eth:ethertype:ip:tcp:mqtt,38.7,94.9,51.7,160.0,-57.0,a8:42:e3:ab:ac:cc,,,,,0.0,Normal,0.0
1744302791648463,10.42.0.149,10.42.0.1,54296,1883,45,5,0,1,0,0,1,0,3,0,0,0,0,0.0,0,,0,0,,0,0,0,0,0,0,0,0,0.0,0,0,0,0,0,64.0,5756.0,0,0,0,57,eth:ethertype:ip:tcp,38.7,94.9,51.7,160.0,-57.0,a8:42:e3:ab:ac:cc,,,,,0.0,Normal,0.0
1744302791661265,10.42.0.149,10.42.0.1,54296,1883,48,5,0,1,1,0,1,0,182,0,0,0,0,0.0,0,,0,3,"Wakeup: 0, Mode: 0, Reset: 1, Temperature: 33.2, Uptime: 189028, Memory: 94.9, In_Temperature: 51.7, CPU: 160, RSSI: -60, MAC: a8:42:e3:ab:ac:cc, F_Storage: 99.22",test/temperatura,16,0,0,180,0,0,0,0.0,0,0,0,0,0,64.0,5756.0,0,0,0,236,eth:ethertype:ip:tcp:mqtt:mqtt,33.2,94.9,51.7,160.0,-60.0,a8:42:e3:ab:ac:cc,,,,,0.0,Normal,0.0
1744302791664737,10.42.0.149,10.42.0.1,54296,1883,231,6,0,1,0,0,0,0,0,0,0,0,0,0.0,0,,0,0,,0,0,0,0,0,0,0,0,0.0,0,0,0,0,0,64.0,5755.0,0,0,0,54,eth:ethertype:ip:tcp,33.2,94.9,51.7,160.0,-60.0,a8:42:e3:ab:ac:cc,,,,,0.0,Normal,0.0
1744302821670841,10.42.0.149,10.42.0.1,54297,1883,0,0,1,0,0,0,0,0,0,0,0,0,0,0.0,0,,0,0,,0,0,0,0,0,0,0,0,0.0,0,0,0,0,0,64.0,5760.0,0,0,0,58,eth:ethertype:ip:tcp,33.2,94.9,51.7,160.0,-60.0,a8:42:e3:ab:ac:cc,,,,,0.0,Normal,0.0
1744302821675017,10.42.0.149,10.42.0.1,54297,1883,1,1,0,1,0,0,0,0,0,0,0,0,0,0.0,0,,0,0,,0,0,0,0,0,0,0,0,0.0,0,0,0,0,0,64.0,5760.0,0,0,0,54,eth:ethertype:ip:tcp,33.2,94.9,51.7,160.0,-60.0,a8:42:e3:ab:ac:cc,,,,,0.0,Normal,0.0
1744302821677126,10.42.0.149,10.42.0.1,54297,1883,1,1,0,1,0,0,1,0,3,0,0,0,0,0.0,0,,0,0,,0,0,0,0,0,0,0,0,0.0,0,0,0,0,0,64.0,5760.0,0,0,0,57,eth:ethertype:ip:tcp,33.2,94.9,51.7,160.0,-60.0,a8:42:e3:ab:ac:cc,,,,,0.0,Normal,0.0
1744302821682873,10.42.0.149,10.42.0.1,54297,1883,4,1,0,1,0,0,1,0,29,0,0,0,0,0.0,0,,0,0,,0,0,0,0,0,0,0,0,0.0,0,0,0,0,0,64.0,5760.0,0,0,0,83,eth:ethertype:ip:tcp,33.2,94.9,51.7,160.0,-60.0,a8:42:e3:ab:ac:cc,,,,,0.0,Normal,0.0
1744302821685684,10.42.0.149,10.42.0.1,54297,1883,33,1,0,1,0,0,1,0,12,0,0,0,0,0.0,0,,0,1,,0,0,0,1,42,4,MQTT,4,0.0,0,0,0,0,0,64.0,5760.0,0,0,esp32_a842e3abaccc,66,eth:ethertype:ip:tcp:mqtt,33.2,94.9,51.7,160.0,-60.0,a8:42:e3:ab:ac:cc,,,,,0.0,Normal,0.0
1744302821709601,10.42.0.149,10.42.0.1,54297,1883,45,5,0,1,0,0,1,0,3,0,0,0,0,0.0,0,,0,0,,0,0,0,0,0,0,0,0,0.0,0,0,0,0,0,64.0,5756.0,0,0,0,57,eth:ethertype:ip:tcp,33.2,94.9,51.7,160.0,-60.0,a8:42:e3:ab:ac:cc,,,,,0.0,Normal,0.0
1744302821720005,10.42.0.149,10.42.0.1,54297,1883,48,5,0,1,1,0,1,0,182,0,0,0,0,0.0,0,,0,3,"Wakeup: 0, Mode: 0, Reset: 1, Temperature: 25.3, Uptime: 189059, Memory: 94.8, In_Temperature: 51.7, CPU: 160, RSSI: -56, MAC: a8:42:e3:ab:ac:cc, F_Storage: 99.22",test/temperatura,16,0,0,180,0,0,0,0.0,0,0,0,0,0,64.0,5756.0,0,0,0,236,eth:ethertype:ip:tcp:mqtt:mqtt,25.3,94.8,51.7,160.0,-56.0,a8:42:e3:ab:ac:cc,,,,,0.0,Normal,0.0
1744302821723373,10.42.0.149,10.42.0.1,54297,1883,231,6,0,1,0,0,0,0,0,0,0,0,0,0.0,0,,0,0,,0,0,0,0,0,0,0,0,0.0,0,0,0,0,0,64.0,5755.0,0,0,0,54,eth:ethertype:ip:tcp,25.3,94.8,51.7,160.0,-56.0,a8:42:e3:ab:ac:cc,,,,,0.0,Normal,0.0
1744302851728625,10.42.0.149,10.42.0.1,54298,1883,0,0,1,0,0,0,0,0,0,0,0,0,0,0.0,0,,0,0,,0,0,0,0,0,0,0,0,0.0,0,0,0,0,0,64.0,5760.0,0,0,0,58,eth:ethertype:ip:tcp,25.3,94.8,51.7,160.0,-56.0,a8:42:e3:ab:ac:cc,,,,,0.0,Normal,0.0
1744302851732422,10.42.0.149,10.42.0.1,54298,1883,1,1,0,1,0,0,0,0,0,0,0,0,0,0.0,0,,0,0,,0,0,0,0,0,0,0,0,0.0,0,0,0,0,0,64.0,5760.0,0,0,0,54,eth:ethertype:ip:tcp,25.3,94.8,51.7,160.0,-56.0,a8:42:e3:ab:ac:cc,,,,,0.0,Normal,0.0
1744302851734708,10.42.0.149,10.42.0.1,54298,1883,1,1,0,1,0,0,1,0,3,0,0,0,0,0.0,0,,0,0,,0,0,0,0,0,0,0,0,0.0,0,0,0,0,0,64.0,5760.0,0,0,0,57,eth:ethertype:ip:tcp,25.3,94.8,51.7,160.0,-56.0,a8:42:e3:ab:ac:cc,,,,,0.0,Normal,0.0
1744302851740141,10.42.0.149,10.42.0.1,54298,1883,4,1,0,1,0,0,1,0,29,0,0,0,0,0.0,0,,0,0,,0,0,0,0,0,0,0,0,0.0,0,0,0,0,0,64.0,5760.0,0,0,0,83,eth:ethertype:ip:tcp,25.3,94.8,51.7,160.0,-56.0,a8:42:e3:ab:ac:cc,,,,,0.0,Normal,0.0
1744302851742898,10.42.0.149,10.42.0.1,54298,1883,33,1,0,1,0,0,1,0,12,0,0,0,0,0.0,0,,0,1,,0,0,0,1,42,4,MQTT,4,0.0,0,0,0,0,0,64.0,5760.0,0,0,esp32_a842e3abaccc,66,eth:ethertype:ip:tcp:mqtt,25.3,94.8,51.7,160.0,-56.0,a8:42:e3:ab:ac:cc,,,,,0.0,Normal,0.0
1744302851767035,10.42.0.149,10.42.0.1,54298,1883,45,5,0,1,0,0,1,0,3,0,0,0,0,0.0,0,,0,0,,0,0,0,0,0,0,0,0,0.0,0,0,0,0,0,64.0,5756.0,0,0,0,57,eth:ethertype:ip:tcp,25.3,94.8,51.7,160.0,-56.0,a8:42:e3:ab:ac:cc,,,,,0.0,Normal,0.0
1744302851780447,10.42.0.149,10.42.0.1,54298,1883,48,5,0,1,1,0,1,0,182,0,0,0,0,0.0,0,,0,3,"Wakeup: 0, Mode: 0, Reset: 1, Temperature: 25.1, Uptime: 189089, Memory: 94.8, In_Temperature: 51.7, CPU: 160, RSSI: -56, MAC: a8:42:e3:ab:ac:cc, F_Storage: 99.22",test/temperatura,16,0,0,180,0,0,0,0.0,0,0,0,0,0,64.0,5756.0,0,0,0,236,eth:ethertype:ip:tcp:mqtt:mqtt,25.1,94.8,51.7,160.0,-56.0,a8:42:e3:ab:ac:cc,,,,,0.0,Normal,0.0
1744302851784014,10.42.0.149,10.42.0.1,54298,1883,231,6,0,1,0,0,0,0,0,0,0,0,0,0.0,0,,0,0,,0,0,0,0,0,0,0,0,0.0,0,0,0,0,0,64.0,5755.0,0,0,0,54,eth:ethertype:ip:tcp,25.1,94.8,51.7,160.0,-56.0,a8:42:e3:ab:ac:cc,,,,,0.0,Normal,0.0
1744302881788817,10.42.0.149,10.42.0.1,54299,1883,0,0,1,0,0,0,0,0,0,0,0,0,0,0.0,0,,0,0,,0,0,0,0,0,0,0,0,0.0,0,0,0,0,0,64.0,5760.0,0,0,0,58,eth:ethertype:ip:tcp,25.1,94.8,51.7,160.0,-56.0,a8:42:e3:ab:ac:cc,,,,,0.0,Normal,0.0
1744302881793469,10.42.0.149,10.42.0.1,54299,1883,1,1,0,1,0,0,0,0,0,0,0,0,0,0.0,0,,0,0,,0,0,0,0,0,0,0,0,0.0,0,0,0,0,0,64.0,5760.0,0,0,0,54,eth:ethertype:ip:tcp,25.1,94.8,51.7,160.0,-56.0,a8:42:e3:ab:ac:cc,,,,,0.0,Normal,0.0
1744302881795904,10.42.0.149,10.42.0.1,54299,1883,1,1,0,1,0,0,1,0,3,0,0,0,0,0.0,0,,0,0,,0,0,0,0,0,0,0,0,0.0,0,0,0,0,0,64.0,5760.0,0,0,0,57,eth:ethertype:ip:tcp,25.1,94.8,51.7,160.0,-56.0,a8:42:e3:ab:ac:cc,,,,,0.0,Normal,0.0
1744302881799259,10.42.0.149,10.42.0.1,54299,1883,4,1,0,1,0,0,1,0,29,0,0,0,0,0.0,0,,0,0,,0,0,0,0,0,0,0,0,0.0,0,0,0,0,0,64.0,5760.0,0,0,0,83,eth:ethertype:ip:tcp,25.1,94.8,51.7,160.0,-56.0,a8:42:e3:ab:ac:cc,,,,,0.0,Normal,0.0
1744302881802285,10.42.0.149,10.42.0.1,54299,1883,33,1,0,1,0,0,1,0,12,0,0,0,0,0.0,0,,0,1,,0,0,0,1,42,4,MQTT,4,0.0,0,0,0,0,0,64.0,5760.0,0,0,esp32_a842e3abaccc,66,eth:ethertype:ip:tcp:mqtt,25.1,94.8,51.7,160.0,-56.0,a8:42:e3:ab:ac:cc,,,,,0.0,Normal,0.0
1744302881826241,10.42.0.149,10.42.0.1,54299,1883,45,5,0,1,0,0,1,0,3,0,0,0,0,0.0,0,,0,0,,0,0,0,0,0,0,0,0,0.0,0,0,0,0,0,64.0,5756.0,0,0,0,57,eth:ethertype:ip:tcp,25.1,94.8,51.7,160.0,-56.0,a8:42:e3:ab:ac:cc,,,,,0.0,Normal,0.0
1744302881839041,10.42.0.149,10.42.0.1,54299,1883,48,5,0,1,1,0,1,0,182,0,0,0,0,0.0,0,,0,3,"Wakeup: 0, Mode: 0, Reset: 1, Temperature: 38.1, Uptime: 189119, Memory: 94.9, In_Temperature: 51.7, CPU: 160, RSSI: -57, MAC: a8:42:e3:ab:ac:cc, F_Storage: 99.22",test/temperatura,16,0,0,180,0,0,0,0.0,0,0,0,0,0,64.0,5756.0,0,0,0,236,eth:ethertype:ip:tcp:mqtt:mqtt,38.1,94.9,51.7,160.0,-57.0,a8:42:e3:ab:ac:cc,,,,,0.0,Normal,0.0
1744302881843480,10.42.0.149,10.42.0.1,54299,1883,231,6,0,1,0,0,0,0,0,0,0,0,0,0.0,0,,0,0,,0,0,0,0,0,0,0,0,0.0,0,0,0,0,0,64.0,5755.0,0,0,0,54,eth:ethertype:ip:tcp,38.1,94.9,51.7,160.0,-57.0,a8:42:e3:ab:ac:cc,,,,,0.0,Normal,0.0
1744302911847909,10.42.0.149,10.42.0.1,54300,1883,0,0,1,0,0,0,0,0,0,0,0,0,0,0.0,0,,0,0,,0,0,0,0,0,0,0,0,0.0,0,0,0,0,0,64.0,5760.0,0,0,0,58,eth:ethertype:ip:tcp,38.1,94.9,51.7,160.0,-57.0,a8:42:e3:ab:ac:cc,,,,,0.0,Normal,0.0
1744302911851990,10.42.0.149,10.42.0.1,54300,1883,1,1,0,1,0,0,0,0,0,0,0,0,0,0.0,0,,0,0,,0,0,0,0,0,0,0,0,0.0,0,0,0,0,0,64.0,5760.0,0,0,0,54,eth:ethertype:ip:tcp,38.1,94.9,51.7,160.0,-57.0,a8:42:e3:ab:ac:cc,,,,,0.0,Normal,0.0
1744302911854009,10.42.0.149,10.42.0.1,54300,1883,1,1,0,1,0,0,1,0,3,0,0,0,0,0.0,0,,0,0,,0,0,0,0,0,0,0,0,0.0,0,0,0,0,0,64.0,5760.0,0,0,0,57,eth:ethertype:ip:tcp,38.1,94.9,51.7,160.0,-57.0,a8:42:e3:ab:ac:cc,,,,,0.0,Normal,0.0
1744302911857374,10.42.0.149,10.42.0.1,54300,1883,4,1,0,1,0,0,1,0,29,0,0,0,0,0.0,0,,0,0,,0,0,0,0,0,0,0,0,0.0,0,0,0,0,0,64.0,5760.0,0,0,0,83,eth:ethertype:ip:tcp,38.1,94.9,51.7,160.0,-57.0,a8:42:e3:ab:ac:cc,,,,,0.0,Normal,0.0
1744302911860643,10.42.0.149,10.42.0.1,54300,1883,33,1,0,1,0,0,1,0,6,0,0,0,0,0.0,0,,0,0,,0,0,0,0,0,0,0,0,0.0,0,0,0,0,0,64.0,5760.0,0,0,0,60,eth:ethertype:ip:tcp,38.1,94.9,51.7,160.0,-57.0,a8:42:e3:ab:ac:cc,,,,,0.0,Normal,0.0
1744302911863312,10.42.0.149,10.42.0.1,54300,1883,39,1,0,1,0,0,1,0,6,0,0,0,0,0.0,0,,0,1,,0,0,0,1,42,4,MQTT,4,0.0,0,0,0,0,0,64.0,5760.0,0,0,esp32_a842e3abaccc,60,eth:ethertype:ip:tcp:mqtt,38.1,94.9,51.7,160.0,-57.0,a8:42:e3:ab:ac:cc,,,,,0.0,Normal,0.0
1744302911889023,10.42.0.149,10.42.0.1,54300,1883,45,5,0,1,0,0,1,0,3,0,0,0,0,0.0,0,,0,0,,0,0,0,0,0,0,0,0,0.0,0,0,0,0,0,64.0,5756.0,0,0,0,57,eth:ethertype:ip:tcp,38.1,94.9,51.7,160.0,-57.0,a8:42:e3:ab:ac:cc,,,,,0.0,Normal,0.0
1744302911898139,10.42.0.149,10.42.0.1,54300,1883,48,5,0,1,1,0,1,0,182,0,0,0,0,0.0,0,,0,3,"Wakeup: 0, Mode: 0, Reset: 1, Temperature: 38.5, Uptime: 189149, Memory: 94.8, In_Temperature: 51.7, CPU: 160, RSSI: -57, MAC: a8:42:e3:ab:ac:cc, F_Storage: 99.22",test/temperatura,16,0,0,180,0,0,0,0.0,0,0,0,0,0,64.0,5756.0,0,0,0,236,eth:ethertype:ip:tcp:mqtt:mqtt,38.5,94.8,51.7,160.0,-57.0,a8:42:e3:ab:ac:cc,,,,,0.0,Normal,0.0
1744302911901639,10.42.0.149,10.42.0.1,54300,1883,231,6,0,1,0,0,0,0,0,0,0,0,0,0.0,0,,0,0,,0,0,0,0,0,0,0,0,0.0,0,0,0,0,0,64.0,5755.0,0,0,0,54,eth:ethertype:ip:tcp,38.5,94.8,51.7,160.0,-57.0,a8:42:e3:ab:ac:cc,,,,,0.0,Normal,0.0
1744302941907181,10.42.0.149,10.42.0.1,54301,1883,0,0,1,0,0,0,0,0,0,0,0,0,0,0.0,0,,0,0,,0,0,0,0,0,0,0,0,0.0,0,0,0,0,0,64.0,5760.0,0,0,0,58,eth:ethertype:ip:tcp,38.5,94.8,51.7,160.0,-57.0,a8:42:e3:ab:ac:cc,,,,,0.0,Normal,0.0
1744302941911186,10.42.0.149,10.42.0.1,54301,1883,1,1,0,1,0,0,0,0,0,0,0,0,0,0.0,0,,0,0,,0,0,0,0,0,0,0,0,0.0,0,0,0,0,0,64.0,5760.0,0,0,0,54,eth:ethertype:ip:tcp,38.5,94.8,51.7,160.0,-57.0,a8:42:e3:ab:ac:cc,,,,,0.0,Normal,0.0
1744302941913236,10.42.0.149,10.42.0.1,54301,1883,1,1,0,1,0,0,1,0,3,0,0,0,0,0.0,0,,0,0,,0,0,0,0,0,0,0,0,0.0,0,0,0,0,0,64.0,5760.0,0,0,0,57,eth:ethertype:ip:tcp,38.5,94.8,51.7,160.0,-57.0,a8:42:e3:ab:ac:cc,,,,,0.0,Normal,0.0
1744302941916733,10.42.0.149,10.42.0.1,54301,1883,4,1,0,1,0,0,1,0,29,0,0,0,0,0.0,0,,0,0,,0,0,0,0,0,0,0,0,0.0,0,0,0,0,0,64.0,5760.0,0,0,0,83,eth:ethertype:ip:tcp,38.5,94.8,51.7,160.0,-57.0,a8:42:e3:ab:ac:cc,,,,,0.0,Normal,0.0
1744302941919807,10.42.0.149,10.42.0.1,54301,1883,33,1,0,1,0,0,1,0,12,0,0,0,0,0.0,0,,0,1,,0,0,0,1,42,4,MQTT,4,0.0,0,0,0,0,0,64.0,5760.0,0,0,esp32_a842e3abaccc,66,eth:ethertype:ip:tcp:mqtt,38.5,94.8,51.7,160.0,-57.0,a8:42:e3:ab:ac:cc,,,,,0.0,Normal,0.0
1744302941949220,10.42.0.149,10.42.0.1,54301,1883,45,5,0,1,0,0,1,0,3,0,0,0,0,0.0,0,,0,0,,0,0,0,0,0,0,0,0,0.0,0,0,0,0,0,64.0,5756.0,0,0,0,57,eth:ethertype:ip:tcp,38.5,94.8,51.7,160.0,-57.0,a8:42:e3:ab:ac:cc,,,,,0.0,Normal,0.0
1744302941967421,10.42.0.149,10.42.0.1,54301,1883,48,5,0,1,1,0,1,0,182,0,0,0,0,0.0,0,,0,3,"Wakeup: 0, Mode: 0, Reset: 1, Temperature: 37.9, Uptime: 189179, Memory: 94.8, In_Temperature: 51.7, CPU: 160, RSSI: -57, MAC: a8:42:e3:ab:ac:cc, F_Storage: 99.22",test/temperatura,16,0,0,180,0,0,0,0.0,0,0,0,0,0,64.0,5756.0,0,0,0,236,eth:ethertype:ip:tcp:mqtt:mqtt,37.9,94.8,51.7,160.0,-57.0,a8:42:e3:ab:ac:cc,,,,,0.0,Normal,0.0
1744302941971149,10.42.0.149,10.42.0.1,54301,1883,231,6,0,1,0,0,0,0,0,0,0,0,0,0.0,0,,0,0,,0,0,0,0,0,0,0,0,0.0,0,0,0,0,0,64.0,5755.0,0,0,0,54,eth:ethertype:ip:tcp,37.9,94.8,51.7,160.0,-57.0,a8:42:e3:ab:ac:cc,,,,,0.0,Normal,0.0
1744302971975625,10.42.0.149,10.42.0.1,54302,1883,0,0,1,0,0,0,0,0,0,0,0,0,0,0.0,0,,0,0,,0,0,0,0,0,0,0,0,0.0,0,0,0,0,0,64.0,5760.0,0,0,0,58,eth:ethertype:ip:tcp,37.9,94.8,51.7,160.0,-57.0,a8:42:e3:ab:ac:cc,,,,,0.0,Normal,0.0
1744302971979414,10.42.0.149,10.42.0.1,54302,1883,1,1,0,1,0,0,0,0,0,0,0,0,0,0.0,0,,0,0,,0,0,0,0,0,0,0,0,0.0,0,0,0,0,0,64.0,5760.0,0,0,0,54,eth:ethertype:ip:tcp,37.9,94.8,51.7,160.0,-57.0,a8:42:e3:ab:ac:cc,,,,,0.0,Normal,0.0
1744302971983771,10.42.0.149,10.42.0.1,54302,1883,1,1,0,1,0,0,1,0,3,0,0,0,0,0.0,0,,0,0,,0,0,0,0,0,0,0,0,0.0,0,0,0,0,0,64.0,5760.0,0,0,0,57,eth:ethertype:ip:tcp,37.9,94.8,51.7,160.0,-57.0,a8:42:e3:ab:ac:cc,,,,,0.0,Normal,0.0
1744302971988463,10.42.0.149,10.42.0.1,54302,1883,4,1,0,1,0,0,1,0,41,0,0,0,0,0.0,0,,0,1,,0,0,0,1,42,4,MQTT,4,0.0,0,0,0,0,0,64.0,5760.0,0,0,esp32_a842e3abaccc,95,eth:ethertype:ip:tcp:mqtt,37.9,94.8,51.7,160.0,-57.0,a8:42:e3:ab:ac:cc,,,,,0.0,Normal,0.0
1744302972012560,10.42.0.149,10.42.0.1,54302,1883,45,5,0,1,0,0,1,0,3,0,0,0,0,0.0,0,,0,0,,0,0,0,0,0,0,0,0,0.0,0,0,0,0,0,64.0,5756.0,0,0,0,57,eth:ethertype:ip:tcp,37.9,94.8,51.7,160.0,-57.0,a8:42:e3:ab:ac:cc,,,,,0.0,Normal,0.0
1744302972027014,10.42.0.149,10.42.0.1,54302,1883,48,5,0,1,1,0,1,0,182,0,0,0,0,0.0,0,,0,3,"Wakeup: 0, Mode: 0, Reset: 1, Temperature: 25.6, Uptime: 189209, Memory: 94.8, In_Temperature: 51.7, CPU: 160, RSSI: -58, MAC: a8:42:e3:ab:ac:cc, F_Storage: 99.22",test/temperatura,16,0,0,180,0,0,0,0.0,0,0,0,0,0,64.0,5756.0,0,0,0,236,eth:ethertype:ip:tcp:mqtt:mqtt,25.6,94.8,51.7,160.0,-58.0,a8:42:e3:ab:ac:cc,,,,,0.0,Normal,0.0
1744302972030378,10.42.0.149,10.42.0.1,54302,1883,231,6,0,1,0,0,0,0,0,0,0,0,0,0.0,0,,0,0,,0,0,0,0,0,0,0,0,0.0,0,0,0,0,0,64.0,5755.0,0,0,0,54,eth:ethertype:ip:tcp,25.6,94.8,51.7,160.0,-58.0,a8:42:e3:ab:ac:cc,,,,,0.0,Normal,0.0
1744303002036071,10.42.0.149,10.42.0.1,54303,1883,0,0,1,0,0,0,0,0,0,0,0,0,0,0.0,0,,0,0,,0,0,0,0,0,0,0,0,0.0,0,0,0,0,0,64.0,5760.0,0,0,0,58,eth:ethertype:ip:tcp,25.6,94.8,51.7,160.0,-58.0,a8:42:e3:ab:ac:cc,,,,,0.0,Normal,0.0
1744303002040244,10.42.0.149,10.42.0.1,54303,1883,1,1,0,1,0,0,0,0,0,0,0,0,0,0.0,0,,0,0,,0,0,0,0,0,0,0,0,0.0,0,0,0,0,0,64.0,5760.0,0,0,0,54,eth:ethertype:ip:tcp,25.6,94.8,51.7,160.0,-58.0,a8:42:e3:ab:ac:cc,,,,,0.0,Normal,0.0
1744303002042344,10.42.0.149,10.42.0.1,54303,1883,1,1,0,1,0,0,1,0,3,0,0,0,0,0.0,0,,0,0,,0,0,0,0,0,0,0,0,0.0,0,0,0,0,0,64.0,5760.0,0,0,0,57,eth:ethertype:ip:tcp,25.6,94.8,51.7,160.0,-58.0,a8:42:e3:ab:ac:cc,,,,,0.0,Normal,0.0
1744303002045790,10.42.0.149,10.42.0.1,54303,1883,4,1,0,1,0,0,1,0,29,0,0,0,0,0.0,0,,0,0,,0,0,0,0,0,0,0,0,0.0,0,0,0,0,0,64.0,5760.0,0,0,0,83,eth:ethertype:ip:tcp,25.6,94.8,51.7,160.0,-58.0,a8:42:e3:ab:ac:cc,,,,,0.0,Normal,0.0
1744303002049393,10.42.0.149,10.42.0.1,54303,1883,33,1,0,1,0,0,1,0,12,0,0,0,0,0.0,0,,0,1,,0,0,0,1,42,4,MQTT,4,0.0,0,0,0,0,0,64.0,5760.0,0,0,esp32_a842e3abaccc,66,eth:ethertype:ip:tcp:mqtt,25.6,94.8,51.7,160.0,-58.0,a8:42:e3:ab:ac:cc,,,,,0.0,Normal,0.0
1744303002073665,10.42.0.149,10.42.0.1,54303,1883,45,5,0,1,0,0,1,0,3,0,0,0,0,0.0,0,,0,0,,0,0,0,0,0,0,0,0,0.0,0,0,0,0,0,64.0,5756.0,0,0,0,57,eth:ethertype:ip:tcp,25.6,94.8,51.7,160.0,-58.0,a8:42:e3:ab:ac:cc,,,,,0.0,Normal,0.0
1744303002086242,10.42.0.149,10.42.0.1,54303,1883,48,5,0,1,1,0,1,0,182,0,0,0,0,0.0,0,,0,3,"Wakeup: 0, Mode: 0, Reset: 1, Temperature: 35.4, Uptime: 189239, Memory: 94.8, In_Temperature: 51.7, CPU: 160, RSSI: -58, MAC: a8:42:e3:ab:ac:cc, F_Storage: 99.22",test/temperatura,16,0,0,180,0,0,0,0.0,0,0,0,0,0,64.0,5756.0,0,0,0,236,eth:ethertype:ip:tcp:mqtt:mqtt,35.4,94.8,51.7,160.0,-58.0,a8:42:e3:ab:ac:cc,,,,,0.0,Normal,0.0
1744303002094238,10.42.0.149,10.42.0.1,54303,1883,231,6,0,1,0,0,0,0,0,0,0,0,0,0.0,0,,0,0,,0,0,0,0,0,0,0,0,0.0,0,0,0,0,0,64.0,5755.0,0,0,0,54,eth:ethertype:ip:tcp,35.4,94.8,51.7,160.0,-58.0,a8:42:e3:ab:ac:cc,,,,,0.0,Normal,0.0
1744303032095437,10.42.0.149,10.42.0.1,54304,1883,0,0,1,0,0,0,0,0,0,0,0,0,0,0.0,0,,0,0,,0,0,0,0,0,0,0,0,0.0,0,0,0,0,0,64.0,5760.0,0,0,0,58,eth:ethertype:ip:tcp,35.4,94.8,51.7,160.0,-58.0,a8:42:e3:ab:ac:cc,,,,,0.0,Normal,0.0
1744303032099280,10.42.0.149,10.42.0.1,54304,1883,1,1,0,1,0,0,0,0,0,0,0,0,0,0.0,0,,0,0,,0,0,0,0,0,0,0,0,0.0,0,0,0,0,0,64.0,5760.0,0,0,0,54,eth:ethertype:ip:tcp,35.4,94.8,51.7,160.0,-58.0,a8:42:e3:ab:ac:cc,,,,,0.0,Normal,0.0
1744303032101474,10.42.0.149,10.42.0.1,54304,1883,1,1,0,1,0,0,1,0,3,0,0,0,0,0.0,0,,0,0,,0,0,0,0,0,0,0,0,0.0,0,0,0,0,0,64.0,5760.0,0,0,0,57,eth:ethertype:ip:tcp,35.4,94.8,51.7,160.0,-58.0,a8:42:e3:ab:ac:cc,,,,,0.0,Normal,0.0
1744303032104819,10.42.0.149,10.42.0.1,54304,1883,4,1,0,1,0,0,1,0,29,0,0,0,0,0.0,0,,0,0,,0,0,0,0,0,0,0,0,0.0,0,0,0,0,0,64.0,5760.0,0,0,0,83,eth:ethertype:ip:tcp,35.4,94.8,51.7,160.0,-58.0,a8:42:e3:ab:ac:cc,,,,,0.0,Normal,0.0
1744303032107911,10.42.0.149,10.42.0.1,54304,1883,33,1,0,1,0,0,1,0,12,0,0,0,0,0.0,0,,0,1,,0,0,0,1,42,4,MQTT,4,0.0,0,0,0,0,0,64.0,5760.0,0,0,esp32_a842e3abaccc,66,eth:ethertype:ip:tcp:mqtt,35.4,94.8,51.7,160.0,-58.0,a8:42:e3:ab:ac:cc,,,,,0.0,Normal,0.0
1744303032132017,10.42.0.149,10.42.0.1,54304,1883,45,5,0,1,0,0,1,0,3,0,0,0,0,0.0,0,,0,0,,0,0,0,0,0,0,0,0,0.0,0,0,0,0,0,64.0,5756.0,0,0,0,57,eth:ethertype:ip:tcp,35.4,94.8,51.7,160.0,-58.0,a8:42:e3:ab:ac:cc,,,,,0.0,Normal,0.0
1744303032145651,10.42.0.149,10.42.0.1,54304,1883,48,5,0,1,1,0,1,0,182,0,0,0,0,0.0,0,,0,3,"Wakeup: 0, Mode: 0, Reset: 1, Temperature: 26.6, Uptime: 189269, Memory: 94.8, In_Temperature: 51.7, CPU: 160, RSSI: -55, MAC: a8:42:e3:ab:ac:cc, F_Storage: 99.22",test/temperatura,16,0,0,180,0,0,0,0.0,0,0,0,0,0,64.0,5756.0,0,0,0,236,eth:ethertype:ip:tcp:mqtt:mqtt,26.6,94.8,51.7,160.0,-55.0,a8:42:e3:ab:ac:cc,,,,,0.0,Normal,0.0
1744303032149122,10.42.0.149,10.42.0.1,54304,1883,231,6,0,1,0,0,0,0,0,0,0,0,0,0.0,0,,0,0,,0,0,0,0,0,0,0,0,0.0,0,0,0,0,0,64.0,5755.0,0,0,0,54,eth:ethertype:ip:tcp,26.6,94.8,51.7,160.0,-55.0,a8:42:e3:ab:ac:cc,,,,,0.0,Normal,0.0
1744303062154652,10.42.0.149,10.42.0.1,54305,1883,0,0,1,0,0,0,0,0,0,0,0,0,0,0.0,0,,0,0,,0,0,0,0,0,0,0,0,0.0,0,0,0,0,0,64.0,5760.0,0,0,0,58,eth:ethertype:ip:tcp,26.6,94.8,51.7,160.0,-55.0,a8:42:e3:ab:ac:cc,,,,,0.0,Normal,0.0
1744303062158673,10.42.0.149,10.42.0.1,54305,1883,1,1,0,1,0,0,0,0,0,0,0,0,0,0.0,0,,0,0,,0,0,0,0,0,0,0,0,0.0,0,0,0,0,0,64.0,5760.0,0,0,0,54,eth:ethertype:ip:tcp,26.6,94.8,51.7,160.0,-55.0,a8:42:e3:ab:ac:cc,,,,,0.0,Normal,0.0
1744303062160797,10.42.0.149,10.42.0.1,54305,1883,1,1,0,1,0,0,1,0,3,0,0,0,0,0.0,0,,0,0,,0,0,0,0,0,0,0,0,0.0,0,0,0,0,0,64.0,5760.0,0,0,0,57,eth:ethertype:ip:tcp,26.6,94.8,51.7,160.0,-55.0,a8:42:e3:ab:ac:cc,,,,,0.0,Normal,0.0
1744303062164536,10.42.0.149,10.42.0.1,54305,1883,4,1,0,1,0,0,1,0,31,0,0,0,0,0.0,0,,0,0,,0,0,0,0,0,0,0,0,0.0,0,0,0,0,0,64.0,5760.0,0,0,0,85,eth:ethertype:ip:tcp,26.6,94.8,51.7,160.0,-55.0,a8:42:e3:ab:ac:cc,,,,,0.0,Normal,0.0
1744303062167442,10.42.0.149,10.42.0.1,54305,1883,35,1,0,1,0,0,1,0,10,0,0,0,0,0.0,0,,0,1,,0,0,0,1,42,4,MQTT,4,0.0,0,0,0,0,0,64.0,5760.0,0,0,esp32_a842e3abaccc,64,eth:ethertype:ip:tcp:mqtt,26.6,94.8,51.7,160.0,-55.0,a8:42:e3:ab:ac:cc,,,,,0.0,Normal,0.0
1744303062191714,10.42.0.149,10.42.0.1,54305,1883,45,5,0,1,0,0,1,0,3,0,0,0,0,0.0,0,,0,0,,0,0,0,0,0,0,0,0,0.0,0,0,0,0,0,64.0,5756.0,0,0,0,57,eth:ethertype:ip:tcp,26.6,94.8,51.7,160.0,-55.0,a8:42:e3:ab:ac:cc,,,,,0.0,Normal,0.0
1744303062205844,10.42.0.149,10.42.0.1,54305,1883,48,5,0,1,1,0,1,0,182,0,0,0,0,0.0,0,,0,3,"Wakeup: 0, Mode: 0, Reset: 1, Temperature: 30.1, Uptime: 189299, Memory: 94.8, In_Temperature: 51.7, CPU: 160, RSSI: -55, MAC: a8:42:e3:ab:ac:cc, F_Storage: 99.22",test/temperatura,16,0,0,180,0,0,0,0.0,0,0,0,0,0,64.0,5756.0,0,0,0,236,eth:ethertype:ip:tcp:mqtt:mqtt,30.1,94.8,51.7,160.0,-55.0,a8:42:e3:ab:ac:cc,,,,,0.0,Normal,0.0
1744303062209268,10.42.0.149,10.42.0.1,54305,1883,231,6,0,1,0,0,0,0,0,0,0,0,0,0.0,0,,0,0,,0,0,0,0,0,0,0,0,0.0,0,0,0,0,0,64.0,5755.0,0,0,0,54,eth:ethertype:ip:tcp,30.1,94.8,51.7,160.0,-55.0,a8:42:e3:ab:ac:cc,,,,,0.0,Normal,0.0
1744303092214302,10.42.0.149,10.42.0.1,54306,1883,0,0,1,0,0,0,0,0,0,0,0,0,0,0.0,0,,0,0,,0,0,0,0,0,0,0,0,0.0,0,0,0,0,0,64.0,5760.0,0,0,0,58,eth:ethertype:ip:tcp,30.1,94.8,51.7,160.0,-55.0,a8:42:e3:ab:ac:cc,,,,,0.0,Normal,0.0
1744303092218434,10.42.0.149,10.42.0.1,54306,1883,1,1,0,1,0,0,0,0,0,0,0,0,0,0.0,0,,0,0,,0,0,0,0,0,0,0,0,0.0,0,0,0,0,0,64.0,5760.0,0,0,0,54,eth:ethertype:ip:tcp,30.1,94.8,51.7,160.0,-55.0,a8:42:e3:ab:ac:cc,,,,,0.0,Normal,0.0
1744303092220651,10.42.0.149,10.42.0.1,54306,1883,1,1,0,1,0,0,1,0,3,0,0,0,0,0.0,0,,0,0,,0,0,0,0,0,0,0,0,0.0,0,0,0,0,0,64.0,5760.0,0,0,0,57,eth:ethertype:ip:tcp,30.1,94.8,51.7,160.0,-55.0,a8:42:e3:ab:ac:cc,,,,,0.0,Normal,0.0
1744303092224094,10.42.0.149,10.42.0.1,54306,1883,4,1,0,1,0,0,1,0,29,0,0,0,0,0.0,0,,0,0,,0,0,0,0,0,0,0,0,0.0,0,0,0,0,0,64.0,5760.0,0,0,0,83,eth:ethertype:ip:tcp,30.1,94.8,51.7,160.0,-55.0,a8:42:e3:ab:ac:cc,,,,,0.0,Normal,0.0
1744303092227408,10.42.0.149,10.42.0.1,54306,1883,33,1,0,1,0,0,1,0,12,0,0,0,0,0.0,0,,0,1,,0,0,0,1,42,4,MQTT,4,0.0,0,0,0,0,0,64.0,5760.0,0,0,esp32_a842e3abaccc,66,eth:ethertype:ip:tcp:mqtt,30.1,94.8,51.7,160.0,-55.0,a8:42:e3:ab:ac:cc,,,,,0.0,Normal,0.0
1744303092252035,10.42.0.149,10.42.0.1,54306,1883,45,5,0,1,0,0,1,0,3,0,0,0,0,0.0,0,,0,0,,0,0,0,0,0,0,0,0,0.0,0,0,0,0,0,64.0,5756.0,0,0,0,57,eth:ethertype:ip:tcp,30.1,94.8,51.7,160.0,-55.0,a8:42:e3:ab:ac:cc,,,,,0.0,Normal,0.0
1744303092264361,10.42.0.149,10.42.0.1,54306,1883,48,5,0,1,1,0,1,0,182,0,0,0,0,0.0,0,,0,3,"Wakeup: 0, Mode: 0, Reset: 1, Temperature: 25.3, Uptime: 189329, Memory: 94.9, In_Temperature: 51.7, CPU: 160, RSSI: -55, MAC: a8:42:e3:ab:ac:cc, F_Storage: 99.22",test/temperatura,16,0,0,180,0,0,0,0.0,0,0,0,0,0,64.0,5756.0,0,0,0,236,eth:ethertype:ip:tcp:mqtt:mqtt,25.3,94.9,51.7,160.0,-55.0,a8:42:e3:ab:ac:cc,,,,,0.0,Normal,0.0
1744303092271813,10.42.0.149,10.42.0.1,54306,1883,231,6,0,1,0,0,0,0,0,0,0,0,0,0.0,0,,0,0,,0,0,0,0,0,0,0,0,0.0,0,0,0,0,0,64.0,5755.0,0,0,0,54,eth:ethertype:ip:tcp,25.3,94.9,51.7,160.0,-55.0,a8:42:e3:ab:ac:cc,,,,,0.0,Normal,0.0
1744303122272893,10.42.0.149,10.42.0.1,54307,1883,0,0,1,0,0,0,0,0,0,0,0,0,0,0.0,0,,0,0,,0,0,0,0,0,0,0,0,0.0,0,0,0,0,0,64.0,5760.0,0,0,0,58,eth:ethertype:ip:tcp,25.3,94.9,51.7,160.0,-55.0,a8:42:e3:ab:ac:cc,,,,,0.0,Normal,0.0
1744303122276934,10.42.0.149,10.42.0.1,54307,1883,1,1,0,1,0,0,0,0,0,0,0,0,0,0.0,0,,0,0,,0,0,0,0,0,0,0,0,0.0,0,0,0,0,0,64.0,5760.0,0,0,0,54,eth:ethertype:ip:tcp,25.3,94.9,51.7,160.0,-55.0,a8:42:e3:ab:ac:cc,,,,,0.0,Normal,0.0
1744303122279210,10.42.0.149,10.42.0.1,54307,1883,1,1,0,1,0,0,1,0,3,0,0,0,0,0.0,0,,0,0,,0,0,0,0,0,0,0,0,0.0,0,0,0,0,0,64.0,5760.0,0,0,0,57,eth:ethertype:ip:tcp,25.3,94.9,51.7,160.0,-55.0,a8:42:e3:ab:ac:cc,,,,,0.0,Normal,0.0
1744303122282625,10.42.0.149,10.42.0.1,54307,1883,4,1,0,1,0,0,1,0,29,0,0,0,0,0.0,0,,0,0,,0,0,0,0,0,0,0,0,0.0,0,0,0,0,0,64.0,5760.0,0,0,0,83,eth:ethertype:ip:tcp,25.3,94.9,51.7,160.0,-55.0,a8:42:e3:ab:ac:cc,,,,,0.0,Normal,0.0
1744303122286952,10.42.0.149,10.42.0.1,54307,1883,33,1,0,1,0,0,1,0,12,0,0,0,0,0.0,0,,0,1,,0,0,0,1,42,4,MQTT,4,0.0,0,0,0,0,0,64.0,5760.0,0,0,esp32_a842e3abaccc,66,eth:ethertype:ip:tcp:mqtt,25.3,94.9,51.7,160.0,-55.0,a8:42:e3:ab:ac:cc,,,,,0.0,Normal,0.0
1744303122314635,10.42.0.149,10.42.0.1,54307,1883,45,5,0,1,0,0,1,0,3,0,0,0,0,0.0,0,,0,0,,0,0,0,0,0,0,0,0,0.0,0,0,0,0,0,64.0,5756.0,0,0,0,57,eth:ethertype:ip:tcp,25.3,94.9,51.7,160.0,-55.0,a8:42:e3:ab:ac:cc,,,,,0.0,Normal,0.0
1744303122323941,10.42.0.149,10.42.0.1,54307,1883,48,5,0,1,1,0,1,0,182,0,0,0,0,0.0,0,,0,3,"Wakeup: 0, Mode: 0, Reset: 1, Temperature: 29.2, Uptime: 189359, Memory: 94.8, In_Temperature: 51.7, CPU: 160, RSSI: -57, MAC: a8:42:e3:ab:ac:cc, F_Storage: 99.22",test/temperatura,16,0,0,180,0,0,0,0.0,0,0,0,0,0,64.0,5756.0,0,0,0,236,eth:ethertype:ip:tcp:mqtt:mqtt,29.2,94.8,51.7,160.0,-57.0,a8:42:e3:ab:ac:cc,,,,,0.0,Normal,0.0
1744303122327435,10.42.0.149,10.42.0.1,54307,1883,231,6,0,1,0,0,0,0,0,0,0,0,0,0.0,0,,0,0,,0,0,0,0,0,0,0,0,0.0,0,0,0,0,0,64.0,5755.0,0,0,0,54,eth:ethertype:ip:tcp,29.2,94.8,51.7,160.0,-57.0,a8:42:e3:ab:ac:cc,,,,,0.0,Normal,0.0
1744303152340115,10.42.0.149,10.42.0.1,54308,1883,0,0,1,0,0,0,0,0,0,0,0,0,0,0.0,0,,0,0,,0,0,0,0,0,0,0,0,0.0,0,0,0,0,0,64.0,5760.0,0,0,0,58,eth:ethertype:ip:tcp,29.2,94.8,51.7,160.0,-57.0,a8:42:e3:ab:ac:cc,,,,,0.0,Normal,0.0
1744303152348094,10.42.0.149,10.42.0.1,54308,1883,1,1,0,1,0,0,0,0,0,0,0,0,0,0.0,0,,0,0,,0,0,0,0,0,0,0,0,0.0,0,0,0,0,0,64.0,5760.0,0,0,0,54,eth:ethertype:ip:tcp,29.2,94.8,51.7,160.0,-57.0,a8:42:e3:ab:ac:cc,,,,,0.0,Normal,0.0
1744303152348783,10.42.0.149,10.42.0.1,54308,1883,1,1,0,1,0,0,1,0,3,0,0,0,0,0.0,0,,0,0,,0,0,0,0,0,0,0,0,0.0,0,0,0,0,0,64.0,5760.0,0,0,0,57,eth:ethertype:ip:tcp,29.2,94.8,51.7,160.0,-57.0,a8:42:e3:ab:ac:cc,,,,,0.0,Normal,0.0
1744303152351565,10.42.0.149,10.42.0.1,54308,1883,4,1,0,1,0,0,1,0,41,0,0,0,0,0.0,0,,0,1,,0,0,0,1,42,4,MQTT,4,0.0,0,0,0,0,0,64.0,5760.0,0,0,esp32_a842e3abaccc,95,eth:ethertype:ip:tcp:mqtt,29.2,94.8,51.7,160.0,-57.0,a8:42:e3:ab:ac:cc,,,,,0.0,Normal,0.0
1744303152377633,10.42.0.149,10.42.0.1,54308,1883,45,5,0,1,0,0,1,0,3,0,0,0,0,0.0,0,,0,0,,0,0,0,0,0,0,0,0,0.0,0,0,0,0,0,64.0,5756.0,0,0,0,57,eth:ethertype:ip:tcp,29.2,94.8,51.7,160.0,-57.0,a8:42:e3:ab:ac:cc,,,,,0.0,Normal,0.0
1744303152393192,10.42.0.149,10.42.0.1,54308,1883,48,5,0,1,1,0,1,0,182,0,0,0,0,0.0,0,,0,3,"Wakeup: 0, Mode: 0, Reset: 1, Temperature: 38.9, Uptime: 189389, Memory: 94.8, In_Temperature: 51.7, CPU: 160, RSSI: -56, MAC: a8:42:e3:ab:ac:cc, F_Storage: 99.22",test/temperatura,16,0,0,180,0,0,0,0.0,0,0,0,0,0,64.0,5756.0,0,0,0,236,eth:ethertype:ip:tcp:mqtt:mqtt,38.9,94.8,51.7,160.0,-56.0,a8:42:e3:ab:ac:cc,,,,,0.0,Normal,0.0
1744303152396579,10.42.0.149,10.42.0.1,54308,1883,231,6,0,1,0,0,0,0,0,0,0,0,0,0.0,0,,0,0,,0,0,0,0,0,0,0,0,0.0,0,0,0,0,0,64.0,5755.0,0,0,0,54,eth:ethertype:ip:tcp,38.9,94.8,51.7,160.0,-56.0,a8:42:e3:ab:ac:cc,,,,,0.0,Normal,0.0
1744303182402357,10.42.0.149,10.42.0.1,54309,1883,0,0,1,0,0,0,0,0,0,0,0,0,0,0.0,0,,0,0,,0,0,0,0,0,0,0,0,0.0,0,0,0,0,0,64.0,5760.0,0,0,0,58,eth:ethertype:ip:tcp,38.9,94.8,51.7,160.0,-56.0,a8:42:e3:ab:ac:cc,,,,,0.0,Normal,0.0
1744303182406551,10.42.0.149,10.42.0.1,54309,1883,1,1,0,1,0,0,0,0,0,0,0,0,0,0.0,0,,0,0,,0,0,0,0,0,0,0,0,0.0,0,0,0,0,0,64.0,5760.0,0,0,0,54,eth:ethertype:ip:tcp,38.9,94.8,51.7,160.0,-56.0,a8:42:e3:ab:ac:cc,,,,,0.0,Normal,0.0
1744303182410604,10.42.0.149,10.42.0.1,54309,1883,1,1,0,1,0,0,1,0,3,0,0,0,0,0.0,0,,0,0,,0,0,0,0,0,0,0,0,0.0,0,0,0,0,0,64.0,5760.0,0,0,0,57,eth:ethertype:ip:tcp,38.9,94.8,51.7,160.0,-56.0,a8:42:e3:ab:ac:cc,,,,,0.0,Normal,0.0
1744303182420000,10.42.0.149,10.42.0.1,54309,1883,4,1,0,1,0,0,1,0,41,0,0,0,0,0.0,0,,0,1,,0,0,0,1,42,4,MQTT,4,0.0,0,0,0,0,0,64.0,5760.0,0,0,esp32_a842e3abaccc,95,eth:ethertype:ip:tcp:mqtt,38.9,94.8,51.7,160.0,-56.0,a8:42:e3:ab:ac:cc,,,,,0.0,Normal,0.0
1744303182444084,10.42.0.149,10.42.0.1,54309,1883,45,5,0,1,0,0,1,0,3,0,0,0,0,0.0,0,,0,0,,0,0,0,0,0,0,0,0,0.0,0,0,0,0,0,64.0,5756.0,0,0,0,57,eth:ethertype:ip:tcp,38.9,94.8,51.7,160.0,-56.0,a8:42:e3:ab:ac:cc,,,,,0.0,Normal,0.0
1744303182454276,10.42.0.149,10.42.0.1,54309,1883,48,5,0,1,1,0,1,0,182,0,0,0,0,0.0,0,,0,3,"Wakeup: 0, Mode: 0, Reset: 1, Temperature: 32.5, Uptime: 189419, Memory: 94.8, In_Temperature: 51.7, CPU: 160, RSSI: -56, MAC: a8:42:e3:ab:ac:cc, F_Storage: 99.22",test/temperatura,16,0,0,180,0,0,0,0.0,0,0,0,0,0,64.0,5756.0,0,0,0,236,eth:ethertype:ip:tcp:mqtt:mqtt,32.5,94.8,51.7,160.0,-56.0,a8:42:e3:ab:ac:cc,,,,,0.0,Normal,0.0
1744303182457716,10.42.0.149,10.42.0.1,54309,1883,231,6,0,1,0,0,0,0,0,0,0,0,0,0.0,0,,0,0,,0,0,0,0,0,0,0,0,0.0,0,0,0,0,0,64.0,5755.0,0,0,0,54,eth:ethertype:ip:tcp,32.5,94.8,51.7,160.0,-56.0,a8:42:e3:ab:ac:cc,,,,,0.0,Normal,0.0
1744303212470051,10.42.0.149,10.42.0.1,54310,1883,0,0,1,0,0,0,0,0,0,0,0,0,0,0.0,0,,0,0,,0,0,0,0,0,0,0,0,0.0,0,0,0,0,0,64.0,5760.0,0,0,0,58,eth:ethertype:ip:tcp,32.5,94.8,51.7,160.0,-56.0,a8:42:e3:ab:ac:cc,,,,,0.0,Normal,0.0
1744303212474038,10.42.0.149,10.42.0.1,54310,1883,1,1,0,1,0,0,0,0,0,0,0,0,0,0.0,0,,0,0,,0,0,0,0,0,0,0,0,0.0,0,0,0,0,0,64.0,5760.0,0,0,0,54,eth:ethertype:ip:tcp,32.5,94.8,51.7,160.0,-56.0,a8:42:e3:ab:ac:cc,,,,,0.0,Normal,0.0
1744303212479659,10.42.0.149,10.42.0.1,54310,1883,1,1,0,1,0,0,1,0,3,0,0,0,0,0.0,0,,0,0,,0,0,0,0,0,0,0,0,0.0,0,0,0,0,0,64.0,5760.0,0,0,0,57,eth:ethertype:ip:tcp,32.5,94.8,51.7,160.0,-56.0,a8:42:e3:ab:ac:cc,,,,,0.0,Normal,0.0
1744303212482696,10.42.0.149,10.42.0.1,54310,1883,4,1,0,1,0,0,1,0,41,0,0,0,0,0.0,0,,0,1,,0,0,0,1,42,4,MQTT,4,0.0,0,0,0,0,0,64.0,5760.0,0,0,esp32_a842e3abaccc,95,eth:ethertype:ip:tcp:mqtt,32.5,94.8,51.7,160.0,-56.0,a8:42:e3:ab:ac:cc,,,,,0.0,Normal,0.0
1744303212507135,10.42.0.149,10.42.0.1,54310,1883,45,5,0,1,0,0,1,0,3,0,0,0,0,0.0,0,,0,0,,0,0,0,0,0,0,0,0,0.0,0,0,0,0,0,64.0,5756.0,0,0,0,57,eth:ethertype:ip:tcp,32.5,94.8,51.7,160.0,-56.0,a8:42:e3:ab:ac:cc,,,,,0.0,Normal,0.0
1744303212521986,10.42.0.149,10.42.0.1,54310,1883,48,5,0,1,1,0,1,0,182,0,0,0,0,0.0,0,,0,3,"Wakeup: 0, Mode: 0, Reset: 1, Temperature: 27.6, Uptime: 189449, Memory: 94.8, In_Temperature: 51.7, CPU: 160, RSSI: -57, MAC: a8:42:e3:ab:ac:cc, F_Storage: 99.22",test/temperatura,16,0,0,180,0,0,0,0.0,0,0,0,0,0,64.0,5756.0,0,0,0,236,eth:ethertype:ip:tcp:mqtt:mqtt,27.6,94.8,51.7,160.0,-57.0,a8:42:e3:ab:ac:cc,,,,,0.0,Normal,0.0
1744303212526852,10.42.0.149,10.42.0.1,54310,1883,231,6,0,1,0,0,0,0,0,0,0,0,0,0.0,0,,0,0,,0,0,0,0,0,0,0,0,0.0,0,0,0,0,0,64.0,5755.0,0,0,0,54,eth:ethertype:ip:tcp,27.6,94.8,51.7,160.0,-57.0,a8:42:e3:ab:ac:cc,,,,,0.0,Normal,0.0
1744303242531992,10.42.0.149,10.42.0.1,54311,1883,0,0,1,0,0,0,0,0,0,0,0,0,0,0.0,0,,0,0,,0,0,0,0,0,0,0,0,0.0,0,0,0,0,0,64.0,5760.0,0,0,0,58,eth:ethertype:ip:tcp,27.6,94.8,51.7,160.0,-57.0,a8:42:e3:ab:ac:cc,,,,,0.0,Normal,0.0
1744303242536815,10.42.0.149,10.42.0.1,54311,1883,1,1,0,1,0,0,0,0,0,0,0,0,0,0.0,0,,0,0,,0,0,0,0,0,0,0,0,0.0,0,0,0,0,0,64.0,5760.0,0,0,0,54,eth:ethertype:ip:tcp,27.6,94.8,51.7,160.0,-57.0,a8:42:e3:ab:ac:cc,,,,,0.0,Normal,0.0
1744303242538945,10.42.0.149,10.42.0.1,54311,1883,1,1,0,1,0,0,1,0,3,0,0,0,0,0.0,0,,0,0,,0,0,0,0,0,0,0,0,0.0,0,0,0,0,0,64.0,5760.0,0,0,0,57,eth:ethertype:ip:tcp,27.6,94.8,51.7,160.0,-57.0,a8:42:e3:ab:ac:cc,,,,,0.0,Normal,0.0
1744303242542337,10.42.0.149,10.42.0.1,54311,1883,4,1,0,1,0,0,1,0,29,0,0,0,0,0.0,0,,0,0,,0,0,0,0,0,0,0,0,0.0,0,0,0,0,0,64.0,5760.0,0,0,0,83,eth:ethertype:ip:tcp,27.6,94.8,51.7,160.0,-57.0,a8:42:e3:ab:ac:cc,,,,,0.0,Normal,0.0
1744303242546436,10.42.0.149,10.42.0.1,54311,1883,33,1,0,1,0,0,1,0,12,0,0,0,0,0.0,0,,0,1,,0,0,0,1,42,4,MQTT,4,0.0,0,0,0,0,0,64.0,5760.0,0,0,esp32_a842e3abaccc,66,eth:ethertype:ip:tcp:mqtt,27.6,94.8,51.7,160.0,-57.0,a8:42:e3:ab:ac:cc,,,,,0.0,Normal,0.0
1744303242570531,10.42.0.149,10.42.0.1,54311,1883,45,5,0,1,0,0,1,0,3,0,0,0,0,0.0,0,,0,0,,0,0,0,0,0,0,0,0,0.0,0,0,0,0,0,64.0,5756.0,0,0,0,57,eth:ethertype:ip:tcp,27.6,94.8,51.7,160.0,-57.0,a8:42:e3:ab:ac:cc,,,,,0.0,Normal,0.0
1744303242581265,10.42.0.149,10.42.0.1,54311,1883,48,5,0,1,1,0,1,0,182,0,0,0,0,0.0,0,,0,3,"Wakeup: 0, Mode: 0, Reset: 1, Temperature: 34.7, Uptime: 189479, Memory: 94.8, In_Temperature: 51.7, CPU: 160, RSSI: -57, MAC: a8:42:e3:ab:ac:cc, F_Storage: 99.22",test/temperatura,16,0,0,180,0,0,0,0.0,0,0,0,0,0,64.0,5756.0,0,0,0,236,eth:ethertype:ip:tcp:mqtt:mqtt,34.7,94.8,51.7,160.0,-57.0,a8:42:e3:ab:ac:cc,,,,,0.0,Normal,0.0
1744303242584570,10.42.0.149,10.42.0.1,54311,1883,231,6,0,1,0,0,0,0,0,0,0,0,0,0.0,0,,0,0,,0,0,0,0,0,0,0,0,0.0,0,0,0,0,0,64.0,5755.0,0,0,0,54,eth:ethertype:ip:tcp,34.7,94.8,51.7,160.0,-57.0,a8:42:e3:ab:ac:cc,,,,,0.0,Normal,0.0
1744303272590343,10.42.0.149,10.42.0.1,54312,1883,0,0,1,0,0,0,0,0,0,0,0,0,0,0.0,0,,0,0,,0,0,0,0,0,0,0,0,0.0,0,0,0,0,0,64.0,5760.0,0,0,0,58,eth:ethertype:ip:tcp,34.7,94.8,51.7,160.0,-57.0,a8:42:e3:ab:ac:cc,,,,,0.0,Normal,0.0
1744303272594015,10.42.0.149,10.42.0.1,54312,1883,1,1,0,1,0,0,0,0,0,0,0,0,0,0.0,0,,0,0,,0,0,0,0,0,0,0,0,0.0,0,0,0,0,0,64.0,5760.0,0,0,0,54,eth:ethertype:ip:tcp,34.7,94.8,51.7,160.0,-57.0,a8:42:e3:ab:ac:cc,,,,,0.0,Normal,0.0
1744303272596293,10.42.0.149,10.42.0.1,54312,1883,1,1,0,1,0,0,1,0,3,0,0,0,0,0.0,0,,0,0,,0,0,0,0,0,0,0,0,0.0,0,0,0,0,0,64.0,5760.0,0,0,0,57,eth:ethertype:ip:tcp,34.7,94.8,51.7,160.0,-57.0,a8:42:e3:ab:ac:cc,,,,,0.0,Normal,0.0
1744303272599999,10.42.0.149,10.42.0.1,54312,1883,4,1,0,1,0,0,1,0,29,0,0,0,0,0.0,0,,0,0,,0,0,0,0,0,0,0,0,0.0,0,0,0,0,0,64.0,5760.0,0,0,0,83,eth:ethertype:ip:tcp,34.7,94.8,51.7,160.0,-57.0,a8:42:e3:ab:ac:cc,,,,,0.0,Normal,0.0
1744303272603115,10.42.0.149,10.42.0.1,54312,1883,33,1,0,1,0,0,1,0,12,0,0,0,0,0.0,0,,0,1,,0,0,0,1,42,4,MQTT,4,0.0,0,0,0,0,0,64.0,5760.0,0,0,esp32_a842e3abaccc,66,eth:ethertype:ip:tcp:mqtt,34.7,94.8,51.7,160.0,-57.0,a8:42:e3:ab:ac:cc,,,,,0.0,Normal,0.0
1744303272628269,10.42.0.149,10.42.0.1,54312,1883,45,5,0,1,0,0,1,0,3,0,0,0,0,0.0,0,,0,0,,0,0,0,0,0,0,0,0,0.0,0,0,0,0,0,64.0,5756.0,0,0,0,57,eth:ethertype:ip:tcp,34.7,94.8,51.7,160.0,-57.0,a8:42:e3:ab:ac:cc,,,,,0.0,Normal,0.0
1744303272641533,10.42.0.149,10.42.0.1,54312,1883,48,5,0,1,1,0,1,0,182,0,0,0,0,0.0,0,,0,3,"Wakeup: 0, Mode: 0, Reset: 1, Temperature: 40.3, Uptime: 189509, Memory: 94.8, In_Temperature: 51.7, CPU: 160, RSSI: -55, MAC: a8:42:e3:ab:ac:cc, F_Storage: 99.22",test/temperatura,16,0,0,180,0,0,0,0.0,0,0,0,0,0,64.0,5756.0,0,0,0,236,eth:ethertype:ip:tcp:mqtt:mqtt,40.3,94.8,51.7,160.0,-55.0,a8:42:e3:ab:ac:cc,,,,,0.0,Normal,0.0
1744303272645020,10.42.0.149,10.42.0.1,54312,1883,231,6,0,1,0,0,0,0,0,0,0,0,0,0.0,0,,0,0,,0,0,0,0,0,0,0,0,0.0,0,0,0,0,0,64.0,5755.0,0,0,0,54,eth:ethertype:ip:tcp,40.3,94.8,51.7,160.0,-55.0,a8:42:e3:ab:ac:cc,,,,,0.0,Normal,0.0
1744303302650039,10.42.0.149,10.42.0.1,54313,1883,0,0,1,0,0,0,0,0,0,0,0,0,0,0.0,0,,0,0,,0,0,0,0,0,0,0,0,0.0,0,0,0,0,0,64.0,5760.0,0,0,0,58,eth:ethertype:ip:tcp,40.3,94.8,51.7,160.0,-55.0,a8:42:e3:ab:ac:cc,,,,,0.0,Normal,0.0
1744303302654128,10.42.0.149,10.42.0.1,54313,1883,1,1,0,1,0,0,0,0,0,0,0,0,0,0.0,0,,0,0,,0,0,0,0,0,0,0,0,0.0,0,0,0,0,0,64.0,5760.0,0,0,0,54,eth:ethertype:ip:tcp,40.3,94.8,51.7,160.0,-55.0,a8:42:e3:ab:ac:cc,,,,,0.0,Normal,0.0
1744303302656231,10.42.0.149,10.42.0.1,54313,1883,1,1,0,1,0,0,1,0,3,0,0,0,0,0.0,0,,0,0,,0,0,0,0,0,0,0,0,0.0,0,0,0,0,0,64.0,5760.0,0,0,0,57,eth:ethertype:ip:tcp,40.3,94.8,51.7,160.0,-55.0,a8:42:e3:ab:ac:cc,,,,,0.0,Normal,0.0
1744303302659623,10.42.0.149,10.42.0.1,54313,1883,4,1,0,1,0,0,1,0,29,0,0,0,0,0.0,0,,0,0,,0,0,0,0,0,0,0,0,0.0,0,0,0,0,0,64.0,5760.0,0,0,0,83,eth:ethertype:ip:tcp,40.3,94.8,51.7,160.0,-55.0,a8:42:e3:ab:ac:cc,,,,,0.0,Normal,0.0
1744303302662909,10.42.0.149,10.42.0.1,54313,1883,33,1,0,1,0,0,1,0,12,0,0,0,0,0.0,0,,0,1,,0,0,0,1,42,4,MQTT,4,0.0,0,0,0,0,0,64.0,5760.0,0,0,esp32_a842e3abaccc,66,eth:ethertype:ip:tcp:mqtt,40.3,94.8,51.7,160.0,-55.0,a8:42:e3:ab:ac:cc,,,,,0.0,Normal,0.0
1744303302688182,10.42.0.149,10.42.0.1,54313,1883,45,5,0,1,0,0,1,0,3,0,0,0,0,0.0,0,,0,0,,0,0,0,0,0,0,0,0,0.0,0,0,0,0,0,64.0,5756.0,0,0,0,57,eth:ethertype:ip:tcp,40.3,94.8,51.7,160.0,-55.0,a8:42:e3:ab:ac:cc,,,,,0.0,Normal,0.0
1744303302700810,10.42.0.149,10.42.0.1,54313,1883,48,5,0,1,1,0,1,0,182,0,0,0,0,0.0,0,,0,3,"Wakeup: 0, Mode: 0, Reset: 1, Temperature: 27.9, Uptime: 189539, Memory: 94.9, In_Temperature: 51.7, CPU: 160, RSSI: -55, MAC: a8:42:e3:ab:ac:cc, F_Storage: 99.22",test/temperatura,16,0,0,180,0,0,0,0.0,0,0,0,0,0,64.0,5756.0,0,0,0,236,eth:ethertype:ip:tcp:mqtt:mqtt,27.9,94.9,51.7,160.0,-55.0,a8:42:e3:ab:ac:cc,,,,,0.0,Normal,0.0
1744303302704242,10.42.0.149,10.42.0.1,54313,1883,231,6,0,1,0,0,0,0,0,0,0,0,0,0.0,0,,0,0,,0,0,0,0,0,0,0,0,0.0,0,0,0,0,0,64.0,5755.0,0,0,0,54,eth:ethertype:ip:tcp,27.9,94.9,51.7,160.0,-55.0,a8:42:e3:ab:ac:cc,,,,,0.0,Normal,0.0
1744303332709385,10.42.0.149,10.42.0.1,54314,1883,0,0,1,0,0,0,0,0,0,0,0,0,0,0.0,0,,0,0,,0,0,0,0,0,0,0,0,0.0,0,0,0,0,0,64.0,5760.0,0,0,0,58,eth:ethertype:ip:tcp,27.9,94.9,51.7,160.0,-55.0,a8:42:e3:ab:ac:cc,,,,,0.0,Normal,0.0
1744303332713294,10.42.0.149,10.42.0.1,54314,1883,1,1,0,1,0,0,0,0,0,0,0,0,0,0.0,0,,0,0,,0,0,0,0,0,0,0,0,0.0,0,0,0,0,0,64.0,5760.0,0,0,0,54,eth:ethertype:ip:tcp,27.9,94.9,51.7,160.0,-55.0,a8:42:e3:ab:ac:cc,,,,,0.0,Normal,0.0
1744303332715490,10.42.0.149,10.42.0.1,54314,1883,1,1,0,1,0,0,1,0,3,0,0,0,0,0.0,0,,0,0,,0,0,0,0,0,0,0,0,0.0,0,0,0,0,0,64.0,5760.0,0,0,0,57,eth:ethertype:ip:tcp,27.9,94.9,51.7,160.0,-55.0,a8:42:e3:ab:ac:cc,,,,,0.0,Normal,0.0
1744303332718985,10.42.0.149,10.42.0.1,54314,1883,4,1,0,1,0,0,1,0,29,0,0,0,0,0.0,0,,0,0,,0,0,0,0,0,0,0,0,0.0,0,0,0,0,0,64.0,5760.0,0,0,0,83,eth:ethertype:ip:tcp,27.9,94.9,51.7,160.0,-55.0,a8:42:e3:ab:ac:cc,,,,,0.0,Normal,0.0
1744303332722217,10.42.0.149,10.42.0.1,54314,1883,33,1,0,1,0,0,1,0,12,0,0,0,0,0.0,0,,0,1,,0,0,0,1,42,4,MQTT,4,0.0,0,0,0,0,0,64.0,5760.0,0,0,esp32_a842e3abaccc,66,eth:ethertype:ip:tcp:mqtt,27.9,94.9,51.7,160.0,-55.0,a8:42:e3:ab:ac:cc,,,,,0.0,Normal,0.0
1744303332747439,10.42.0.149,10.42.0.1,54314,1883,45,5,0,1,0,0,1,0,3,0,0,0,0,0.0,0,,0,0,,0,0,0,0,0,0,0,0,0.0,0,0,0,0,0,64.0,5756.0,0,0,0,57,eth:ethertype:ip:tcp,27.9,94.9,51.7,160.0,-55.0,a8:42:e3:ab:ac:cc,,,,,0.0,Normal,0.0
1744303332761161,10.42.0.149,10.42.0.1,54314,1883,48,5,0,1,1,0,1,0,182,0,0,0,0,0.0,0,,0,3,"Wakeup: 0, Mode: 0, Reset: 1, Temperature: 33.4, Uptime: 189570, Memory: 94.8, In_Temperature: 51.7, CPU: 160, RSSI: -58, MAC: a8:42:e3:ab:ac:cc, F_Storage: 99.22",test/temperatura,16,0,0,180,0,0,0,0.0,0,0,0,0,0,64.0,5756.0,0,0,0,236,eth:ethertype:ip:tcp:mqtt:mqtt,33.4,94.8,51.7,160.0,-58.0,a8:42:e3:ab:ac:cc,,,,,0.0,Normal,0.0
1744303332764750,10.42.0.149,10.42.0.1,54314,1883,231,6,0,1,0,0,0,0,0,0,0,0,0,0.0,0,,0,0,,0,0,0,0,0,0,0,0,0.0,0,0,0,0,0,64.0,5755.0,0,0,0,54,eth:ethertype:ip:tcp,33.4,94.8,51.7,160.0,-58.0,a8:42:e3:ab:ac:cc,,,,,0.0,Normal,0.0
1744303362768625,10.42.0.149,10.42.0.1,54315,1883,0,0,1,0,0,0,0,0,0,0,0,0,0,0.0,0,,0,0,,0,0,0,0,0,0,0,0,0.0,0,0,0,0,0,64.0,5760.0,0,0,0,58,eth:ethertype:ip:tcp,33.4,94.8,51.7,160.0,-58.0,a8:42:e3:ab:ac:cc,,,,,0.0,Normal,0.0
1744303362772875,10.42.0.149,10.42.0.1,54315,1883,1,1,0,1,0,0,0,0,0,0,0,0,0,0.0,0,,0,0,,0,0,0,0,0,0,0,0,0.0,0,0,0,0,0,64.0,5760.0,0,0,0,54,eth:ethertype:ip:tcp,33.4,94.8,51.7,160.0,-58.0,a8:42:e3:ab:ac:cc,,,,,0.0,Normal,0.0
1744303362774849,10.42.0.149,10.42.0.1,54315,1883,1,1,0,1,0,0,1,0,3,0,0,0,0,0.0,0,,0,0,,0,0,0,0,0,0,0,0,0.0,0,0,0,0,0,64.0,5760.0,0,0,0,57,eth:ethertype:ip:tcp,33.4,94.8,51.7,160.0,-58.0,a8:42:e3:ab:ac:cc,,,,,0.0,Normal,0.0
1744303362779666,10.42.0.149,10.42.0.1,54315,1883,4,1,0,1,0,0,1,0,41,0,0,0,0,0.0,0,,0,1,,0,0,0,1,42,4,MQTT,4,0.0,0,0,0,0,0,64.0,5760.0,0,0,esp32_a842e3abaccc,95,eth:ethertype:ip:tcp:mqtt,33.4,94.8,51.7,160.0,-58.0,a8:42:e3:ab:ac:cc,,,,,0.0,Normal,0.0
1744303362803716,10.42.0.149,10.42.0.1,54315,1883,45,5,0,1,0,0,1,0,3,0,0,0,0,0.0,0,,0,0,,0,0,0,0,0,0,0,0,0.0,0,0,0,0,0,64.0,5756.0,0,0,0,57,eth:ethertype:ip:tcp,33.4,94.8,51.7,160.0,-58.0,a8:42:e3:ab:ac:cc,,,,,0.0,Normal,0.0
1744303362818853,10.42.0.149,10.42.0.1,54315,1883,48,5,0,1,1,0,1,0,182,0,0,0,0,0.0,0,,0,3,"Wakeup: 0, Mode: 0, Reset: 1, Temperature: 25.5, Uptime: 189600, Memory: 94.8, In_Temperature: 51.7, CPU: 160, RSSI: -55, MAC: a8:42:e3:ab:ac:cc, F_Storage: 99.22",test/temperatura,16,0,0,180,0,0,0,0.0,0,0,0,0,0,64.0,5756.0,0,0,0,236,eth:ethertype:ip:tcp:mqtt:mqtt,25.5,94.8,51.7,160.0,-55.0,a8:42:e3:ab:ac:cc,,,,,0.0,Normal,0.0
1744303362822257,10.42.0.149,10.42.0.1,54315,1883,231,6,0,1,0,0,0,0,0,0,0,0,0,0.0,0,,0,0,,0,0,0,0,0,0,0,0,0.0,0,0,0,0,0,64.0,5755.0,0,0,0,54,eth:ethertype:ip:tcp,25.5,94.8,51.7,160.0,-55.0,a8:42:e3:ab:ac:cc,,,,,0.0,Normal,0.0
1744303392826860,10.42.0.149,10.42.0.1,54316,1883,0,0,1,0,0,0,0,0,0,0,0,0,0,0.0,0,,0,0,,0,0,0,0,0,0,0,0,0.0,0,0,0,0,0,64.0,5760.0,0,0,0,58,eth:ethertype:ip:tcp,25.5,94.8,51.7,160.0,-55.0,a8:42:e3:ab:ac:cc,,,,,0.0,Normal,0.0
1744303392830769,10.42.0.149,10.42.0.1,54316,1883,1,1,0,1,0,0,0,0,0,0,0,0,0,0.0,0,,0,0,,0,0,0,0,0,0,0,0,0.0,0,0,0,0,0,64.0,5760.0,0,0,0,54,eth:ethertype:ip:tcp,25.5,94.8,51.7,160.0,-55.0,a8:42:e3:ab:ac:cc,,,,,0.0,Normal,0.0
1744303392832998,10.42.0.149,10.42.0.1,54316,1883,1,1,0,1,0,0,1,0,3,0,0,0,0,0.0,0,,0,0,,0,0,0,0,0,0,0,0,0.0,0,0,0,0,0,64.0,5760.0,0,0,0,57,eth:ethertype:ip:tcp,25.5,94.8,51.7,160.0,-55.0,a8:42:e3:ab:ac:cc,,,,,0.0,Normal,0.0
1744303392836475,10.42.0.149,10.42.0.1,54316,1883,4,1,0,1,0,0,1,0,29,0,0,0,0,0.0,0,,0,0,,0,0,0,0,0,0,0,0,0.0,0,0,0,0,0,64.0,5760.0,0,0,0,83,eth:ethertype:ip:tcp,25.5,94.8,51.7,160.0,-55.0,a8:42:e3:ab:ac:cc,,,,,0.0,Normal,0.0
1744303392839473,10.42.0.149,10.42.0.1,54316,1883,33,1,0,1,0,0,1,0,12,0,0,0,0,0.0,0,,0,1,,0,0,0,1,42,4,MQTT,4,0.0,0,0,0,0,0,64.0,5760.0,0,0,esp32_a842e3abaccc,66,eth:ethertype:ip:tcp:mqtt,25.5,94.8,51.7,160.0,-55.0,a8:42:e3:ab:ac:cc,,,,,0.0,Normal,0.0
1744303392867193,10.42.0.149,10.42.0.1,54316,1883,45,5,0,1,0,0,1,0,3,0,0,0,0,0.0,0,,0,0,,0,0,0,0,0,0,0,0,0.0,0,0,0,0,0,64.0,5756.0,0,0,0,57,eth:ethertype:ip:tcp,25.5,94.8,51.7,160.0,-55.0,a8:42:e3:ab:ac:cc,,,,,0.0,Normal,0.0
1744303392878053,10.42.0.149,10.42.0.1,54316,1883,48,5,0,1,1,0,1,0,182,0,0,0,0,0.0,0,,0,3,"Wakeup: 0, Mode: 0, Reset: 1, Temperature: 37.3, Uptime: 189630, Memory: 94.8, In_Temperature: 51.7, CPU: 160, RSSI: -54, MAC: a8:42:e3:ab:ac:cc, F_Storage: 99.22",test/temperatura,16,0,0,180,0,0,0,0.0,0,0,0,0,0,64.0,5756.0,0,0,0,236,eth:ethertype:ip:tcp:mqtt:mqtt,37.3,94.8,51.7,160.0,-54.0,a8:42:e3:ab:ac:cc,,,,,0.0,Normal,0.0
1744303392881596,10.42.0.149,10.42.0.1,54316,1883,231,6,0,1,0,0,0,0,0,0,0,0,0,0.0,0,,0,0,,0,0,0,0,0,0,0,0,0.0,0,0,0,0,0,64.0,5755.0,0,0,0,54,eth:ethertype:ip:tcp,37.3,94.8,51.7,160.0,-54.0,a8:42:e3:ab:ac:cc,,,,,0.0,Normal,0.0
1744303422887356,10.42.0.149,10.42.0.1,54317,1883,0,0,1,0,0,0,0,0,0,0,0,0,0,0.0,0,,0,0,,0,0,0,0,0,0,0,0,0.0,0,0,0,0,0,64.0,5760.0,0,0,0,58,eth:ethertype:ip:tcp,37.3,94.8,51.7,160.0,-54.0,a8:42:e3:ab:ac:cc,,,,,0.0,Normal,0.0
1744303422891328,10.42.0.149,10.42.0.1,54317,1883,1,1,0,1,0,0,0,0,0,0,0,0,0,0.0,0,,0,0,,0,0,0,0,0,0,0,0,0.0,0,0,0,0,0,64.0,5760.0,0,0,0,54,eth:ethertype:ip:tcp,37.3,94.8,51.7,160.0,-54.0,a8:42:e3:ab:ac:cc,,,,,0.0,Normal,0.0
1744303422893497,10.42.0.149,10.42.0.1,54317,1883,1,1,0,1,0,0,1,0,3,0,0,0,0,0.0,0,,0,0,,0,0,0,0,0,0,0,0,0.0,0,0,0,0,0,64.0,5760.0,0,0,0,57,eth:ethertype:ip:tcp,37.3,94.8,51.7,160.0,-54.0,a8:42:e3:ab:ac:cc,,,,,0.0,Normal,0.0
1744303422897952,10.42.0.149,10.42.0.1,54317,1883,4,1,0,1,0,0,1,0,29,0,0,0,0,0.0,0,,0,0,,0,0,0,0,0,0,0,0,0.0,0,0,0,0,0,64.0,5760.0,0,0,0,83,eth:ethertype:ip:tcp,37.3,94.8,51.7,160.0,-54.0,a8:42:e3:ab:ac:cc,,,,,0.0,Normal,0.0
1744303422900958,10.42.0.149,10.42.0.1,54317,1883,33,1,0,1,0,0,1,0,12,0,0,0,0,0.0,0,,0,1,,0,0,0,1,42,4,MQTT,4,0.0,0,0,0,0,0,64.0,5760.0,0,0,esp32_a842e3abaccc,66,eth:ethertype:ip:tcp:mqtt,37.3,94.8,51.7,160.0,-54.0,a8:42:e3:ab:ac:cc,,,,,0.0,Normal,0.0
1744303422925184,10.42.0.149,10.42.0.1,54317,1883,45,5,0,1,0,0,1,0,3,0,0,0,0,0.0,0,,0,0,,0,0,0,0,0,0,0,0,0.0,0,0,0,0,0,64.0,5756.0,0,0,0,57,eth:ethertype:ip:tcp,37.3,94.8,51.7,160.0,-54.0,a8:42:e3:ab:ac:cc,,,,,0.0,Normal,0.0
1744303422937963,10.42.0.149,10.42.0.1,54317,1883,48,5,0,1,1,0,1,0,182,0,0,0,0,0.0,0,,0,3,"Wakeup: 0, Mode: 0, Reset: 1, Temperature: 40.1, Uptime: 189660, Memory: 94.8, In_Temperature: 51.7, CPU: 160, RSSI: -73, MAC: a8:42:e3:ab:ac:cc, F_Storage: 99.22",test/temperatura,16,0,0,180,0,0,0,0.0,0,0,0,0,0,64.0,5756.0,0,0,0,236,eth:ethertype:ip:tcp:mqtt:mqtt,40.1,94.8,51.7,160.0,-73.0,a8:42:e3:ab:ac:cc,,,,,0.0,Normal,0.0
1744303422941336,10.42.0.149,10.42.0.1,54317,1883,231,6,0,1,0,0,0,0,0,0,0,0,0,0.0,0,,0,0,,0,0,0,0,0,0,0,0,0.0,0,0,0,0,0,64.0,5755.0,0,0,0,54,eth:ethertype:ip:tcp,40.1,94.8,51.7,160.0,-73.0,a8:42:e3:ab:ac:cc,,,,,0.0,Normal,0.0
1744303452948543,10.42.0.149,10.42.0.1,54318,1883,0,0,1,0,0,0,0,0,0,0,0,0,0,0.0,0,,0,0,,0,0,0,0,0,0,0,0,0.0,0,0,0,0,0,64.0,5760.0,0,0,0,58,eth:ethertype:ip:tcp,40.1,94.8,51.7,160.0,-73.0,a8:42:e3:ab:ac:cc,,,,,0.0,Normal,0.0
1744303452953536,10.42.0.149,10.42.0.1,54318,1883,1,1,0,1,0,0,0,0,0,0,0,0,0,0.0,0,,0,0,,0,0,0,0,0,0,0,0,0.0,0,0,0,0,0,64.0,5760.0,0,0,0,54,eth:ethertype:ip:tcp,40.1,94.8,51.7,160.0,-73.0,a8:42:e3:ab:ac:cc,,,,,0.0,Normal,0.0
1744303452958363,10.42.0.149,10.42.0.1,54318,1883,1,1,0,1,0,0,1,0,3,0,0,0,0,0.0,0,,0,0,,0,0,0,0,0,0,0,0,0.0,0,0,0,0,0,64.0,5760.0,0,0,0,57,eth:ethertype:ip:tcp,40.1,94.8,51.7,160.0,-73.0,a8:42:e3:ab:ac:cc,,,,,0.0,Normal,0.0
1744303452967449,10.42.0.149,10.42.0.1,54318,1883,4,1,0,1,0,0,1,0,41,0,0,0,0,0.0,0,,0,1,,0,0,0,1,42,4,MQTT,4,0.0,0,0,0,0,0,64.0,5760.0,0,0,esp32_a842e3abaccc,95,eth:ethertype:ip:tcp:mqtt,40.1,94.8,51.7,160.0,-73.0,a8:42:e3:ab:ac:cc,,,,,0.0,Normal,0.0
1744303452991723,10.42.0.149,10.42.0.1,54318,1883,45,5,0,1,0,0,1,0,3,0,0,0,0,0.0,0,,0,0,,0,0,0,0,0,0,0,0,0.0,0,0,0,0,0,64.0,5756.0,0,0,0,57,eth:ethertype:ip:tcp,40.1,94.8,51.7,160.0,-73.0,a8:42:e3:ab:ac:cc,,,,,0.0,Normal,0.0
1744303453006938,10.42.0.149,10.42.0.1,54318,1883,48,5,0,1,1,0,1,0,182,0,0,0,0,0.0,0,,0,3,"Wakeup: 0, Mode: 0, Reset: 1, Temperature: 26.2, Uptime: 189690, Memory: 94.8, In_Temperature: 51.7, CPU: 160, RSSI: -64, MAC: a8:42:e3:ab:ac:cc, F_Storage: 99.22",test/temperatura,16,0,0,180,0,0,0,0.0,0,0,0,0,0,64.0,5756.0,0,0,0,236,eth:ethertype:ip:tcp:mqtt:mqtt,26.2,94.8,51.7,160.0,-64.0,a8:42:e3:ab:ac:cc,,,,,0.0,Normal,0.0
1744303453010237,10.42.0.149,10.42.0.1,54318,1883,231,6,0,1,0,0,0,0,0,0,0,0,0,0.0,0,,0,0,,0,0,0,0,0,0,0,0,0.0,0,0,0,0,0,64.0,5755.0,0,0,0,54,eth:ethertype:ip:tcp,26.2,94.8,51.7,160.0,-64.0,a8:42:e3:ab:ac:cc,,,,,0.0,Normal,0.0
1744303483015774,10.42.0.149,10.42.0.1,54319,1883,0,0,1,0,0,0,0,0,0,0,0,0,0,0.0,0,,0,0,,0,0,0,0,0,0,0,0,0.0,0,0,0,0,0,64.0,5760.0,0,0,0,58,eth:ethertype:ip:tcp,26.2,94.8,51.7,160.0,-64.0,a8:42:e3:ab:ac:cc,,,,,0.0,Normal,0.0
1744303483020002,10.42.0.149,10.42.0.1,54319,1883,1,1,0,1,0,0,0,0,0,0,0,0,0,0.0,0,,0,0,,0,0,0,0,0,0,0,0,0.0,0,0,0,0,0,64.0,5760.0,0,0,0,54,eth:ethertype:ip:tcp,26.2,94.8,51.7,160.0,-64.0,a8:42:e3:ab:ac:cc,,,,,0.0,Normal,0.0
1744303483022118,10.42.0.149,10.42.0.1,54319,1883,1,1,0,1,0,0,1,0,3,0,0,0,0,0.0,0,,0,0,,0,0,0,0,0,0,0,0,0.0,0,0,0,0,0,64.0,5760.0,0,0,0,57,eth:ethertype:ip:tcp,26.2,94.8,51.7,160.0,-64.0,a8:42:e3:ab:ac:cc,,,,,0.0,Normal,0.0
1744303483027331,10.42.0.149,10.42.0.1,54319,1883,4,1,0,1,0,0,1,0,29,0,0,0,0,0.0,0,,0,0,,0,0,0,0,0,0,0,0,0.0,0,0,0,0,0,64.0,5760.0,0,0,0,83,eth:ethertype:ip:tcp,26.2,94.8,51.7,160.0,-64.0,a8:42:e3:ab:ac:cc,,,,,0.0,Normal,0.0
1744303483030624,10.42.0.149,10.42.0.1,54319,1883,33,1,0,1,0,0,1,0,12,0,0,0,0,0.0,0,,0,1,,0,0,0,1,42,4,MQTT,4,0.0,0,0,0,0,0,64.0,5760.0,0,0,esp32_a842e3abaccc,66,eth:ethertype:ip:tcp:mqtt,26.2,94.8,51.7,160.0,-64.0,a8:42:e3:ab:ac:cc,,,,,0.0,Normal,0.0
1744303483054728,10.42.0.149,10.42.0.1,54319,1883,45,5,0,1,0,0,1,0,3,0,0,0,0,0.0,0,,0,0,,0,0,0,0,0,0,0,0,0.0,0,0,0,0,0,64.0,5756.0,0,0,0,57,eth:ethertype:ip:tcp,26.2,94.8,51.7,160.0,-64.0,a8:42:e3:ab:ac:cc,,,,,0.0,Normal,0.0
1744303483067911,10.42.0.149,10.42.0.1,54319,1883,48,5,0,1,1,0,1,0,182,0,0,0,0,0.0,0,,0,3,"Wakeup: 0, Mode: 0, Reset: 1, Temperature: 40.5, Uptime: 189720, Memory: 94.8, In_Temperature: 51.7, CPU: 160, RSSI: -58, MAC: a8:42:e3:ab:ac:cc, F_Storage: 99.22",test/temperatura,16,0,0,180,0,0,0,0.0,0,0,0,0,0,64.0,5756.0,0,0,0,236,eth:ethertype:ip:tcp:mqtt:mqtt,40.5,94.8,51.7,160.0,-58.0,a8:42:e3:ab:ac:cc,,,,,0.0,Normal,0.0
1744303483071469,10.42.0.149,10.42.0.1,54319,1883,231,6,0,1,0,0,0,0,0,0,0,0,0,0.0,0,,0,0,,0,0,0,0,0,0,0,0,0.0,0,0,0,0,0,64.0,5755.0,0,0,0,54,eth:ethertype:ip:tcp,40.5,94.8,51.7,160.0,-58.0,a8:42:e3:ab:ac:cc,,,,,0.0,Normal,0.0
1744303513077239,10.42.0.149,10.42.0.1,54320,1883,0,0,1,0,0,0,0,0,0,0,0,0,0,0.0,0,,0,0,,0,0,0,0,0,0,0,0,0.0,0,0,0,0,0,64.0,5760.0,0,0,0,58,eth:ethertype:ip:tcp,40.5,94.8,51.7,160.0,-58.0,a8:42:e3:ab:ac:cc,,,,,0.0,Normal,0.0
1744303513084219,10.42.0.149,10.42.0.1,54320,1883,1,1,0,1,0,0,0,0,0,0,0,0,0,0.0,0,,0,0,,0,0,0,0,0,0,0,0,0.0,0,0,0,0,0,64.0,5760.0,0,0,0,54,eth:ethertype:ip:tcp,40.5,94.8,51.7,160.0,-58.0,a8:42:e3:ab:ac:cc,,,,,0.0,Normal,0.0
1744303513086737,10.42.0.149,10.42.0.1,54320,1883,1,1,0,1,0,0,1,0,3,0,0,0,0,0.0,0,,0,0,,0,0,0,0,0,0,0,0,0.0,0,0,0,0,0,64.0,5760.0,0,0,0,57,eth:ethertype:ip:tcp,40.5,94.8,51.7,160.0,-58.0,a8:42:e3:ab:ac:cc,,,,,0.0,Normal,0.0
1744303513090183,10.42.0.149,10.42.0.1,54320,1883,4,1,0,1,0,0,1,0,41,0,0,0,0,0.0,0,,0,1,,0,0,0,1,42,4,MQTT,4,0.0,0,0,0,0,0,64.0,5760.0,0,0,esp32_a842e3abaccc,95,eth:ethertype:ip:tcp:mqtt,40.5,94.8,51.7,160.0,-58.0,a8:42:e3:ab:ac:cc,,,,,0.0,Normal,0.0
1744303513116793,10.42.0.149,10.42.0.1,54320,1883,45,5,0,1,0,0,1,0,3,0,0,0,0,0.0,0,,0,0,,0,0,0,0,0,0,0,0,0.0,0,0,0,0,0,64.0,5756.0,0,0,0,57,eth:ethertype:ip:tcp,40.5,94.8,51.7,160.0,-58.0,a8:42:e3:ab:ac:cc,,,,,0.0,Normal,0.0
1744303513125813,10.42.0.149,10.42.0.1,54320,1883,48,5,0,1,1,0,1,0,182,0,0,0,0,0.0,0,,0,3,"Wakeup: 0, Mode: 0, Reset: 1, Temperature: 35.7, Uptime: 189750, Memory: 94.8, In_Temperature: 51.7, CPU: 160, RSSI: -52, MAC: a8:42:e3:ab:ac:cc, F_Storage: 99.22",test/temperatura,16,0,0,180,0,0,0,0.0,0,0,0,0,0,64.0,5756.0,0,0,0,236,eth:ethertype:ip:tcp:mqtt:mqtt,35.7,94.8,51.7,160.0,-52.0,a8:42:e3:ab:ac:cc,,,,,0.0,Normal,0.0
1744303513132355,10.42.0.149,10.42.0.1,54320,1883,231,6,0,1,0,0,0,0,0,0,0,0,0,0.0,0,,0,0,,0,0,0,0,0,0,0,0,0.0,0,0,0,0,0,64.0,5755.0,0,0,0,54,eth:ethertype:ip:tcp,35.7,94.8,51.7,160.0,-52.0,a8:42:e3:ab:ac:cc,,,,,0.0,Normal,0.0
1744319002871128,10.42.0.149,10.42.0.1,64816,1883,0,0,1,0,0,0,0,0,0,0,0,0,0,0.0,0,,0,0,,0,0,0,0,0,0,0,0,0.0,0,0,0,0,0,64.0,5760.0,0,0,0,58,eth:ethertype:ip:tcp,35.7,94.8,51.7,160.0,-52.0,a8:42:e3:ab:ac:cc,,,,,0.0,Normal,0.0
1744319002881129,10.42.0.149,10.42.0.1,64816,1883,1,1,0,1,0,0,0,0,0,0,0,0,0,0.0,0,,0,0,,0,0,0,0,0,0,0,0,0.0,0,0,0,0,0,64.0,5760.0,0,0,0,54,eth:ethertype:ip:tcp,35.7,94.8,51.7,160.0,-52.0,a8:42:e3:ab:ac:cc,,,,,0.0,Normal,0.0
1744319002882234,10.42.0.149,10.42.0.1,64816,1883,1,1,0,1,0,0,1,0,3,0,0,0,0,0.0,0,,0,0,,0,0,0,0,0,0,0,0,0.0,0,0,0,0,0,64.0,5760.0,0,0,0,57,eth:ethertype:ip:tcp,35.7,94.8,51.7,160.0,-52.0,a8:42:e3:ab:ac:cc,,,,,0.0,Normal,0.0
1744319002885769,10.42.0.149,10.42.0.1,64816,1883,4,1,0,1,0,0,1,0,31,0,0,0,0,0.0,0,,0,0,,0,0,0,0,0,0,0,0,0.0,0,0,0,0,0,64.0,5760.0,0,0,0,85,eth:ethertype:ip:tcp,35.7,94.8,51.7,160.0,-52.0,a8:42:e3:ab:ac:cc,,,,,0.0,Normal,0.0
1744319002889100,10.42.0.149,10.42.0.1,64816,1883,35,1,0,1,0,0,1,0,10,0,0,0,0,0.0,0,,0,1,,0,0,0,1,42,4,MQTT,4,0.0,0,0,0,0,0,64.0,5760.0,0,0,esp32_a842e3abaccc,64,eth:ethertype:ip:tcp:mqtt,35.7,94.8,51.7,160.0,-52.0,a8:42:e3:ab:ac:cc,,,,,0.0,Normal,0.0
1744319002914080,10.42.0.149,10.42.0.1,64816,1883,45,5,0,1,0,0,1,0,3,0,0,0,0,0.0,0,,0,0,,0,0,0,0,0,0,0,0,0.0,0,0,0,0,0,64.0,5756.0,0,0,0,57,eth:ethertype:ip:tcp,35.7,94.8,51.7,160.0,-52.0,a8:42:e3:ab:ac:cc,,,,,0.0,Normal,0.0
1744319002929361,10.42.0.149,10.42.0.1,64816,1883,48,5,0,1,1,0,1,0,177,0,0,0,0,0.0,0,,0,3,"Wakeup: 0, Mode: 0, Reset: 1, Temperature: 35.6, Uptime: 4, Memory: 95.0, In_Temperature: 50.6, CPU: 160, RSSI: -58, MAC: a8:42:e3:ab:ac:cc, F_Storage: 99.22",test/temperatura,16,0,0,175,0,0,0,0.0,0,0,0,0,0,64.0,5756.0,0,0,0,231,eth:ethertype:ip:tcp:mqtt:mqtt,35.6,95.0,50.6,160.0,-58.0,a8:42:e3:ab:ac:cc,,,,,0.0,Normal,0.0
1744319002933047,10.42.0.149,10.42.0.1,64816,1883,226,6,0,1,0,0,0,0,0,0,0,0,0,0.0,0,,0,0,,0,0,0,0,0,0,0,0,0.0,0,0,0,0,0,64.0,5755.0,0,0,0,54,eth:ethertype:ip:tcp,35.6,95.0,50.6,160.0,-58.0,a8:42:e3:ab:ac:cc,,,,,0.0,Normal,0.0
1744319032938736,10.42.0.149,10.42.0.1,64817,1883,0,0,1,0,0,0,0,0,0,0,0,0,0,0.0,0,,0,0,,0,0,0,0,0,0,0,0,0.0,0,0,0,0,0,64.0,5760.0,0,0,0,58,eth:ethertype:ip:tcp,35.6,95.0,50.6,160.0,-58.0,a8:42:e3:ab:ac:cc,,,,,0.0,Normal,0.0
1744319032947565,10.42.0.149,10.42.0.1,64817,1883,1,1,0,1,0,0,0,0,0,0,0,0,0,0.0,0,,0,0,,0,0,0,0,0,0,0,0,0.0,0,0,0,0,0,64.0,5760.0,0,0,0,54,eth:ethertype:ip:tcp,35.6,95.0,50.6,160.0,-58.0,a8:42:e3:ab:ac:cc,,,,,0.0,Normal,0.0
1744319032949643,10.42.0.149,10.42.0.1,64817,1883,1,1,0,1,0,0,1,0,3,0,0,0,0,0.0,0,,0,0,,0,0,0,0,0,0,0,0,0.0,0,0,0,0,0,64.0,5760.0,0,0,0,57,eth:ethertype:ip:tcp,35.6,95.0,50.6,160.0,-58.0,a8:42:e3:ab:ac:cc,,,,,0.0,Normal,0.0
1744319032954908,10.42.0.149,10.42.0.1,64817,1883,4,1,0,1,0,0,1,0,41,0,0,0,0,0.0,0,,0,1,,0,0,0,1,42,4,MQTT,4,0.0,0,0,0,0,0,64.0,5760.0,0,0,esp32_a842e3abaccc,95,eth:ethertype:ip:tcp:mqtt,35.6,95.0,50.6,160.0,-58.0,a8:42:e3:ab:ac:cc,,,,,0.0,Normal,0.0
1744319032978935,10.42.0.149,10.42.0.1,64817,1883,45,5,0,1,0,0,1,0,3,0,0,0,0,0.0,0,,0,0,,0,0,0,0,0,0,0,0,0.0,0,0,0,0,0,64.0,5756.0,0,0,0,57,eth:ethertype:ip:tcp,35.6,95.0,50.6,160.0,-58.0,a8:42:e3:ab:ac:cc,,,,,0.0,Normal,0.0
1744319032988801,10.42.0.149,10.42.0.1,64817,1883,48,5,0,1,1,0,1,0,178,0,0,0,0,0.0,0,,0,3,"Wakeup: 0, Mode: 0, Reset: 1, Temperature: 40.2, Uptime: 34, Memory: 95.0, In_Temperature: 50.0, CPU: 160, RSSI: -54, MAC: a8:42:e3:ab:ac:cc, F_Storage: 99.22",test/temperatura,16,0,0,176,0,0,0,0.0,0,0,0,0,0,64.0,5756.0,0,0,0,232,eth:ethertype:ip:tcp:mqtt:mqtt,40.2,95.0,50.0,160.0,-54.0,a8:42:e3:ab:ac:cc,,,,,0.0,Normal,0.0
1744319032993920,10.42.0.149,10.42.0.1,64817,1883,227,6,0,1,0,0,0,0,0,0,0,0,0,0.0,0,,0,0,,0,0,0,0,0,0,0,0,0.0,0,0,0,0,0,64.0,5755.0,0,0,0,54,eth:ethertype:ip:tcp,40.2,95.0,50.0,160.0,-54.0,a8:42:e3:ab:ac:cc,,,,,0.0,Normal,0.0
1744319062997803,10.42.0.149,10.42.0.1,64818,1883,0,0,1,0,0,0,0,0,0,0,0,0,0,0.0,0,,0,0,,0,0,0,0,0,0,0,0,0.0,0,0,0,0,0,64.0,5760.0,0,0,0,58,eth:ethertype:ip:tcp,40.2,95.0,50.0,160.0,-54.0,a8:42:e3:ab:ac:cc,,,,,0.0,Normal,0.0
1744319063002091,10.42.0.149,10.42.0.1,64818,1883,1,1,0,1,0,0,0,0,0,0,0,0,0,0.0,0,,0,0,,0,0,0,0,0,0,0,0,0.0,0,0,0,0,0,64.0,5760.0,0,0,0,54,eth:ethertype:ip:tcp,40.2,95.0,50.0,160.0,-54.0,a8:42:e3:ab:ac:cc,,,,,0.0,Normal,0.0
1744319063004575,10.42.0.149,10.42.0.1,64818,1883,1,1,0,1,0,0,1,0,3,0,0,0,0,0.0,0,,0,0,,0,0,0,0,0,0,0,0,0.0,0,0,0,0,0,64.0,5760.0,0,0,0,57,eth:ethertype:ip:tcp,40.2,95.0,50.0,160.0,-54.0,a8:42:e3:ab:ac:cc,,,,,0.0,Normal,0.0
1744319063008472,10.42.0.149,10.42.0.1,64818,1883,4,1,0,1,0,0,1,0,11,0,0,0,0,0.0,0,,0,0,,0,0,0,0,0,0,0,0,0.0,0,0,0,0,0,64.0,5760.0,0,0,0,65,eth:ethertype:ip:tcp,40.2,95.0,50.0,160.0,-54.0,a8:42:e3:ab:ac:cc,,,,,0.0,Normal,0.0
1744319063011829,10.42.0.149,10.42.0.1,64818,1883,15,1,0,1,0,0,1,0,30,0,0,0,0,0.0,0,,0,1,,0,0,0,1,42,4,MQTT,4,0.0,0,0,0,0,0,64.0,5760.0,0,0,esp32_a842e3abaccc,84,eth:ethertype:ip:tcp:mqtt,40.2,95.0,50.0,160.0,-54.0,a8:42:e3:ab:ac:cc,,,,,0.0,Normal,0.0
1744319063036165,10.42.0.149,10.42.0.1,64818,1883,45,5,0,1,0,0,1,0,3,0,0,0,0,0.0,0,,0,0,,0,0,0,0,0,0,0,0,0.0,0,0,0,0,0,64.0,5756.0,0,0,0,57,eth:ethertype:ip:tcp,40.2,95.0,50.0,160.0,-54.0,a8:42:e3:ab:ac:cc,,,,,0.0,Normal,0.0
1744319063048322,10.42.0.149,10.42.0.1,64818,1883,48,5,0,1,1,0,1,0,178,0,0,0,0,0.0,0,,0,3,"Wakeup: 0, Mode: 0, Reset: 1, Temperature: 36.3, Uptime: 64, Memory: 94.9, In_Temperature: 50.6, CPU: 160, RSSI: -55, MAC: a8:42:e3:ab:ac:cc, F_Storage: 99.22",test/temperatura,16,0,0,176,0,0,0,0.0,0,0,0,0,0,64.0,5756.0,0,0,0,232,eth:ethertype:ip:tcp:mqtt:mqtt,36.3,94.9,50.6,160.0,-55.0,a8:42:e3:ab:ac:cc,,,,,0.0,Normal,0.0
1744319063053196,10.42.0.149,10.42.0.1,64818,1883,227,6,0,1,0,0,0,0,0,0,0,0,0,0.0,0,,0,0,,0,0,0,0,0,0,0,0,0.0,0,0,0,0,0,64.0,5755.0,0,0,0,54,eth:ethertype:ip:tcp,36.3,94.9,50.6,160.0,-55.0,a8:42:e3:ab:ac:cc,,,,,0.0,Normal,0.0
1744319093058364,10.42.0.149,10.42.0.1,64819,1883,0,0,1,0,0,0,0,0,0,0,0,0,0,0.0,0,,0,0,,0,0,0,0,0,0,0,0,0.0,0,0,0,0,0,64.0,5760.0,0,0,0,58,eth:ethertype:ip:tcp,36.3,94.9,50.6,160.0,-55.0,a8:42:e3:ab:ac:cc,,,,,0.0,Normal,0.0
1744319093062254,10.42.0.149,10.42.0.1,64819,1883,1,1,0,1,0,0,0,0,0,0,0,0,0,0.0,0,,0,0,,0,0,0,0,0,0,0,0,0.0,0,0,0,0,0,64.0,5760.0,0,0,0,54,eth:ethertype:ip:tcp,36.3,94.9,50.6,160.0,-55.0,a8:42:e3:ab:ac:cc,,,,,0.0,Normal,0.0
1744319093064459,10.42.0.149,10.42.0.1,64819,1883,1,1,0,1,0,0,1,0,3,0,0,0,0,0.0,0,,0,0,,0,0,0,0,0,0,0,0,0.0,0,0,0,0,0,64.0,5760.0,0,0,0,57,eth:ethertype:ip:tcp,36.3,94.9,50.6,160.0,-55.0,a8:42:e3:ab:ac:cc,,,,,0.0,Normal,0.0
1744319093067835,10.42.0.149,10.42.0.1,64819,1883,4,1,0,1,0,0,1,0,29,0,0,0,0,0.0,0,,0,0,,0,0,0,0,0,0,0,0,0.0,0,0,0,0,0,64.0,5760.0,0,0,0,83,eth:ethertype:ip:tcp,36.3,94.9,50.6,160.0,-55.0,a8:42:e3:ab:ac:cc,,,,,0.0,Normal,0.0
1744319093072722,10.42.0.149,10.42.0.1,64819,1883,33,1,0,1,0,0,1,0,12,0,0,0,0,0.0,0,,0,1,,0,0,0,1,42,4,MQTT,4,0.0,0,0,0,0,0,64.0,5760.0,0,0,esp32_a842e3abaccc,66,eth:ethertype:ip:tcp:mqtt,36.3,94.9,50.6,160.0,-55.0,a8:42:e3:ab:ac:cc,,,,,0.0,Normal,0.0
1744319093097006,10.42.0.149,10.42.0.1,64819,1883,45,5,0,1,0,0,1,0,3,0,0,0,0,0.0,0,,0,0,,0,0,0,0,0,0,0,0,0.0,0,0,0,0,0,64.0,5756.0,0,0,0,57,eth:ethertype:ip:tcp,36.3,94.9,50.6,160.0,-55.0,a8:42:e3:ab:ac:cc,,,,,0.0,Normal,0.0
1744319093107605,10.42.0.149,10.42.0.1,64819,1883,48,5,0,1,1,0,1,0,178,0,0,0,0,0.0,0,,0,3,"Wakeup: 0, Mode: 0, Reset: 1, Temperature: 25.6, Uptime: 94, Memory: 94.8, In_Temperature: 50.6, CPU: 160, RSSI: -51, MAC: a8:42:e3:ab:ac:cc, F_Storage: 99.22",test/temperatura,16,0,0,176,0,0,0,0.0,0,0,0,0,0,64.0,5756.0,0,0,0,232,eth:ethertype:ip:tcp:mqtt:mqtt,25.6,94.8,50.6,160.0,-51.0,a8:42:e3:ab:ac:cc,,,,,0.0,Normal,0.0
1744319093110885,10.42.0.149,10.42.0.1,64819,1883,227,6,0,1,0,0,0,0,0,0,0,0,0,0.0,0,,0,0,,0,0,0,0,0,0,0,0,0.0,0,0,0,0,0,64.0,5755.0,0,0,0,54,eth:ethertype:ip:tcp,25.6,94.8,50.6,160.0,-51.0,a8:42:e3:ab:ac:cc,,,,,0.0,Normal,0.0
1744319123116557,10.42.0.149,10.42.0.1,64820,1883,0,0,1,0,0,0,0,0,0,0,0,0,0,0.0,0,,0,0,,0,0,0,0,0,0,0,0,0.0,0,0,0,0,0,64.0,5760.0,0,0,0,58,eth:ethertype:ip:tcp,25.6,94.8,50.6,160.0,-51.0,a8:42:e3:ab:ac:cc,,,,,0.0,Normal,0.0
1744319123120375,10.42.0.149,10.42.0.1,64820,1883,1,1,0,1,0,0,0,0,0,0,0,0,0,0.0,0,,0,0,,0,0,0,0,0,0,0,0,0.0,0,0,0,0,0,64.0,5760.0,0,0,0,54,eth:ethertype:ip:tcp,25.6,94.8,50.6,160.0,-51.0,a8:42:e3:ab:ac:cc,,,,,0.0,Normal,0.0
1744319123122602,10.42.0.149,10.42.0.1,64820,1883,1,1,0,1,0,0,1,0,3,0,0,0,0,0.0,0,,0,0,,0,0,0,0,0,0,0,0,0.0,0,0,0,0,0,64.0,5760.0,0,0,0,57,eth:ethertype:ip:tcp,25.6,94.8,50.6,160.0,-51.0,a8:42:e3:ab:ac:cc,,,,,0.0,Normal,0.0
1744319123125970,10.42.0.149,10.42.0.1,64820,1883,4,1,0,1,0,0,1,0,29,0,0,0,0,0.0,0,,0,0,,0,0,0,0,0,0,0,0,0.0,0,0,0,0,0,64.0,5760.0,0,0,0,83,eth:ethertype:ip:tcp,25.6,94.8,50.6,160.0,-51.0,a8:42:e3:ab:ac:cc,,,,,0.0,Normal,0.0
1744319123129144,10.42.0.149,10.42.0.1,64820,1883,33,1,0,1,0,0,1,0,12,0,0,0,0,0.0,0,,0,1,,0,0,0,1,42,4,MQTT,4,0.0,0,0,0,0,0,64.0,5760.0,0,0,esp32_a842e3abaccc,66,eth:ethertype:ip:tcp:mqtt,25.6,94.8,50.6,160.0,-51.0,a8:42:e3:ab:ac:cc,,,,,0.0,Normal,0.0
1744319123154248,10.42.0.149,10.42.0.1,64820,1883,45,5,0,1,0,0,1,0,3,0,0,0,0,0.0,0,,0,0,,0,0,0,0,0,0,0,0,0.0,0,0,0,0,0,64.0,5756.0,0,0,0,57,eth:ethertype:ip:tcp,25.6,94.8,50.6,160.0,-51.0,a8:42:e3:ab:ac:cc,,,,,0.0,Normal,0.0
1744319123167345,10.42.0.149,10.42.0.1,64820,1883,48,5,0,1,1,0,1,0,179,0,0,0,0,0.0,0,,0,3,"Wakeup: 0, Mode: 0, Reset: 1, Temperature: 34.8, Uptime: 124, Memory: 94.8, In_Temperature: 50.6, CPU: 160, RSSI: -52, MAC: a8:42:e3:ab:ac:cc, F_Storage: 99.22",test/temperatura,16,0,0,177,0,0,0,0.0,0,0,0,0,0,64.0,5756.0,0,0,0,233,eth:ethertype:ip:tcp:mqtt:mqtt,34.8,94.8,50.6,160.0,-52.0,a8:42:e3:ab:ac:cc,,,,,0.0,Normal,0.0
1744319123171097,10.42.0.149,10.42.0.1,64820,1883,228,6,0,1,0,0,0,0,0,0,0,0,0,0.0,0,,0,0,,0,0,0,0,0,0,0,0,0.0,0,0,0,0,0,64.0,5755.0,0,0,0,54,eth:ethertype:ip:tcp,34.8,94.8,50.6,160.0,-52.0,a8:42:e3:ab:ac:cc,,,,,0.0,Normal,0.0
1744319153176025,10.42.0.149,10.42.0.1,64821,1883,0,0,1,0,0,0,0,0,0,0,0,0,0,0.0,0,,0,0,,0,0,0,0,0,0,0,0,0.0,0,0,0,0,0,64.0,5760.0,0,0,0,58,eth:ethertype:ip:tcp,34.8,94.8,50.6,160.0,-52.0,a8:42:e3:ab:ac:cc,,,,,0.0,Normal,0.0
1744319153180111,10.42.0.149,10.42.0.1,64821,1883,1,1,0,1,0,0,0,0,0,0,0,0,0,0.0,0,,0,0,,0,0,0,0,0,0,0,0,0.0,0,0,0,0,0,64.0,5760.0,0,0,0,54,eth:ethertype:ip:tcp,34.8,94.8,50.6,160.0,-52.0,a8:42:e3:ab:ac:cc,,,,,0.0,Normal,0.0
1744319153182246,10.42.0.149,10.42.0.1,64821,1883,1,1,0,1,0,0,1,0,3,0,0,0,0,0.0,0,,0,0,,0,0,0,0,0,0,0,0,0.0,0,0,0,0,0,64.0,5760.0,0,0,0,57,eth:ethertype:ip:tcp,34.8,94.8,50.6,160.0,-52.0,a8:42:e3:ab:ac:cc,,,,,0.0,Normal,0.0
1744319153185612,10.42.0.149,10.42.0.1,64821,1883,4,1,0,1,0,0,1,0,29,0,0,0,0,0.0,0,,0,0,,0,0,0,0,0,0,0,0,0.0,0,0,0,0,0,64.0,5760.0,0,0,0,83,eth:ethertype:ip:tcp,34.8,94.8,50.6,160.0,-52.0,a8:42:e3:ab:ac:cc,,,,,0.0,Normal,0.0
1744319153188578,10.42.0.149,10.42.0.1,64821,1883,33,1,0,1,0,0,1,0,12,0,0,0,0,0.0,0,,0,1,,0,0,0,1,42,4,MQTT,4,0.0,0,0,0,0,0,64.0,5760.0,0,0,esp32_a842e3abaccc,66,eth:ethertype:ip:tcp:mqtt,34.8,94.8,50.6,160.0,-52.0,a8:42:e3:ab:ac:cc,,,,,0.0,Normal,0.0
1744319153212857,10.42.0.149,10.42.0.1,64821,1883,45,5,0,1,0,0,1,0,3,0,0,0,0,0.0,0,,0,0,,0,0,0,0,0,0,0,0,0.0,0,0,0,0,0,64.0,5756.0,0,0,0,57,eth:ethertype:ip:tcp,34.8,94.8,50.6,160.0,-52.0,a8:42:e3:ab:ac:cc,,,,,0.0,Normal,0.0
1744319153226646,10.42.0.149,10.42.0.1,64821,1883,48,5,0,1,1,0,1,0,179,0,0,0,0,0.0,0,,0,3,"Wakeup: 0, Mode: 0, Reset: 1, Temperature: 30.4, Uptime: 154, Memory: 94.8, In_Temperature: 50.6, CPU: 160, RSSI: -51, MAC: a8:42:e3:ab:ac:cc, F_Storage: 99.22",test/temperatura,16,0,0,177,0,0,0,0.0,0,0,0,0,0,64.0,5756.0,0,0,0,233,eth:ethertype:ip:tcp:mqtt:mqtt,30.4,94.8,50.6,160.0,-51.0,a8:42:e3:ab:ac:cc,,,,,0.0,Normal,0.0
1744319153230167,10.42.0.149,10.42.0.1,64821,1883,228,6,0,1,0,0,0,0,0,0,0,0,0,0.0,0,,0,0,,0,0,0,0,0,0,0,0,0.0,0,0,0,0,0,64.0,5755.0,0,0,0,54,eth:ethertype:ip:tcp,30.4,94.8,50.6,160.0,-51.0,a8:42:e3:ab:ac:cc,,,,,0.0,Normal,0.0
1744319183235401,10.42.0.149,10.42.0.1,64822,1883,0,0,1,0,0,0,0,0,0,0,0,0,0,0.0,0,,0,0,,0,0,0,0,0,0,0,0,0.0,0,0,0,0,0,64.0,5760.0,0,0,0,58,eth:ethertype:ip:tcp,30.4,94.8,50.6,160.0,-51.0,a8:42:e3:ab:ac:cc,,,,,0.0,Normal,0.0
1744319183239476,10.42.0.149,10.42.0.1,64822,1883,1,1,0,1,0,0,0,0,0,0,0,0,0,0.0,0,,0,0,,0,0,0,0,0,0,0,0,0.0,0,0,0,0,0,64.0,5760.0,0,0,0,54,eth:ethertype:ip:tcp,30.4,94.8,50.6,160.0,-51.0,a8:42:e3:ab:ac:cc,,,,,0.0,Normal,0.0
1744319183241618,10.42.0.149,10.42.0.1,64822,1883,1,1,0,1,0,0,1,0,3,0,0,0,0,0.0,0,,0,0,,0,0,0,0,0,0,0,0,0.0,0,0,0,0,0,64.0,5760.0,0,0,0,57,eth:ethertype:ip:tcp,30.4,94.8,50.6,160.0,-51.0,a8:42:e3:ab:ac:cc,,,,,0.0,Normal,0.0
1744319183245065,10.42.0.149,10.42.0.1,64822,1883,4,1,0,1,0,0,1,0,29,0,0,0,0,0.0,0,,0,0,,0,0,0,0,0,0,0,0,0.0,0,0,0,0,0,64.0,5760.0,0,0,0,83,eth:ethertype:ip:tcp,30.4,94.8,50.6,160.0,-51.0,a8:42:e3:ab:ac:cc,,,,,0.0,Normal,0.0
1744319183248152,10.42.0.149,10.42.0.1,64822,1883,33,1,0,1,0,0,1,0,12,0,0,0,0,0.0,0,,0,1,,0,0,0,1,42,4,MQTT,4,0.0,0,0,0,0,0,64.0,5760.0,0,0,esp32_a842e3abaccc,66,eth:ethertype:ip:tcp:mqtt,30.4,94.8,50.6,160.0,-51.0,a8:42:e3:ab:ac:cc,,,,,0.0,Normal,0.0
1744319183273344,10.42.0.149,10.42.0.1,64822,1883,45,5,0,1,0,0,1,0,3,0,0,0,0,0.0,0,,0,0,,0,0,0,0,0,0,0,0,0.0,0,0,0,0,0,64.0,5756.0,0,0,0,57,eth:ethertype:ip:tcp,30.4,94.8,50.6,160.0,-51.0,a8:42:e3:ab:ac:cc,,,,,0.0,Normal,0.0
1744319183285570,10.42.0.149,10.42.0.1,64822,1883,48,5,0,1,1,0,1,0,179,0,0,0,0,0.0,0,,0,3,"Wakeup: 0, Mode: 0, Reset: 1, Temperature: 40.2, Uptime: 184, Memory: 94.8, In_Temperature: 51.1, CPU: 160, RSSI: -51, MAC: a8:42:e3:ab:ac:cc, F_Storage: 99.22",test/temperatura,16,0,0,177,0,0,0,0.0,0,0,0,0,0,64.0,5756.0,0,0,0,233,eth:ethertype:ip:tcp:mqtt:mqtt,40.2,94.8,51.1,160.0,-51.0,a8:42:e3:ab:ac:cc,,,,,0.0,Normal,0.0
1744319183289126,10.42.0.149,10.42.0.1,64822,1883,228,6,0,1,0,0,0,0,0,0,0,0,0,0.0,0,,0,0,,0,0,0,0,0,0,0,0,0.0,0,0,0,0,0,64.0,5755.0,0,0,0,54,eth:ethertype:ip:tcp,40.2,94.8,51.1,160.0,-51.0,a8:42:e3:ab:ac:cc,,,,,0.0,Normal,0.0
1744319213294779,10.42.0.149,10.42.0.1,64823,1883,0,0,1,0,0,0,0,0,0,0,0,0,0,0.0,0,,0,0,,0,0,0,0,0,0,0,0,0.0,0,0,0,0,0,64.0,5760.0,0,0,0,58,eth:ethertype:ip:tcp,40.2,94.8,51.1,160.0,-51.0,a8:42:e3:ab:ac:cc,,,,,0.0,Normal,0.0
1744319213298818,10.42.0.149,10.42.0.1,64823,1883,1,1,0,1,0,0,0,0,0,0,0,0,0,0.0,0,,0,0,,0,0,0,0,0,0,0,0,0.0,0,0,0,0,0,64.0,5760.0,0,0,0,54,eth:ethertype:ip:tcp,40.2,94.8,51.1,160.0,-51.0,a8:42:e3:ab:ac:cc,,,,,0.0,Normal,0.0
1744319213300828,10.42.0.149,10.42.0.1,64823,1883,1,1,0,1,0,0,1,0,3,0,0,0,0,0.0,0,,0,0,,0,0,0,0,0,0,0,0,0.0,0,0,0,0,0,64.0,5760.0,0,0,0,57,eth:ethertype:ip:tcp,40.2,94.8,51.1,160.0,-51.0,a8:42:e3:ab:ac:cc,,,,,0.0,Normal,0.0
1744319213304363,10.42.0.149,10.42.0.1,64823,1883,4,1,0,1,0,0,1,0,29,0,0,0,0,0.0,0,,0,0,,0,0,0,0,0,0,0,0,0.0,0,0,0,0,0,64.0,5760.0,0,0,0,83,eth:ethertype:ip:tcp,40.2,94.8,51.1,160.0,-51.0,a8:42:e3:ab:ac:cc,,,,,0.0,Normal,0.0
1744319213307443,10.42.0.149,10.42.0.1,64823,1883,33,1,0,1,0,0,1,0,12,0,0,0,0,0.0,0,,0,1,,0,0,0,1,42,4,MQTT,4,0.0,0,0,0,0,0,64.0,5760.0,0,0,esp32_a842e3abaccc,66,eth:ethertype:ip:tcp:mqtt,40.2,94.8,51.1,160.0,-51.0,a8:42:e3:ab:ac:cc,,,,,0.0,Normal,0.0
1744319213332152,10.42.0.149,10.42.0.1,64823,1883,45,5,0,1,0,0,1,0,3,0,0,0,0,0.0,0,,0,0,,0,0,0,0,0,0,0,0,0.0,0,0,0,0,0,64.0,5756.0,0,0,0,57,eth:ethertype:ip:tcp,40.2,94.8,51.1,160.0,-51.0,a8:42:e3:ab:ac:cc,,,,,0.0,Normal,0.0
1744319213345018,10.42.0.149,10.42.0.1,64823,1883,48,5,0,1,1,0,1,0,179,0,0,0,0,0.0,0,,0,3,"Wakeup: 0, Mode: 0, Reset: 1, Temperature: 25.3, Uptime: 214, Memory: 94.8, In_Temperature: 51.1, CPU: 160, RSSI: -51, MAC: a8:42:e3:ab:ac:cc, F_Storage: 99.22",test/temperatura,16,0,0,177,0,0,0,0.0,0,0,0,0,0,64.0,5756.0,0,0,0,233,eth:ethertype:ip:tcp:mqtt:mqtt,25.3,94.8,51.1,160.0,-51.0,a8:42:e3:ab:ac:cc,,,,,0.0,Normal,0.0
1744319213348406,10.42.0.149,10.42.0.1,64823,1883,228,6,0,1,0,0,0,0,0,0,0,0,0,0.0,0,,0,0,,0,0,0,0,0,0,0,0,0.0,0,0,0,0,0,64.0,5755.0,0,0,0,54,eth:ethertype:ip:tcp,25.3,94.8,51.1,160.0,-51.0,a8:42:e3:ab:ac:cc,,,,,0.0,Normal,0.0
1744319243353356,10.42.0.149,10.42.0.1,64824,1883,0,0,1,0,0,0,0,0,0,0,0,0,0,0.0,0,,0,0,,0,0,0,0,0,0,0,0,0.0,0,0,0,0,0,64.0,5760.0,0,0,0,58,eth:ethertype:ip:tcp,25.3,94.8,51.1,160.0,-51.0,a8:42:e3:ab:ac:cc,,,,,0.0,Normal,0.0
1744319243357117,10.42.0.149,10.42.0.1,64824,1883,1,1,0,1,0,0,0,0,0,0,0,0,0,0.0,0,,0,0,,0,0,0,0,0,0,0,0,0.0,0,0,0,0,0,64.0,5760.0,0,0,0,54,eth:ethertype:ip:tcp,25.3,94.8,51.1,160.0,-51.0,a8:42:e3:ab:ac:cc,,,,,0.0,Normal,0.0
1744319243359946,10.42.0.149,10.42.0.1,64824,1883,1,1,0,1,0,0,1,0,3,0,0,0,0,0.0,0,,0,0,,0,0,0,0,0,0,0,0,0.0,0,0,0,0,0,64.0,5760.0,0,0,0,57,eth:ethertype:ip:tcp,25.3,94.8,51.1,160.0,-51.0,a8:42:e3:ab:ac:cc,,,,,0.0,Normal,0.0
1744319243363355,10.42.0.149,10.42.0.1,64824,1883,4,1,0,1,0,0,1,0,31,0,0,0,0,0.0,0,,0,0,,0,0,0,0,0,0,0,0,0.0,0,0,0,0,0,64.0,5760.0,0,0,0,85,eth:ethertype:ip:tcp,25.3,94.8,51.1,160.0,-51.0,a8:42:e3:ab:ac:cc,,,,,0.0,Normal,0.0
1744319243366357,10.42.0.149,10.42.0.1,64824,1883,35,1,0,1,0,0,1,0,10,0,0,0,0,0.0,0,,0,1,,0,0,0,1,42,4,MQTT,4,0.0,0,0,0,0,0,64.0,5760.0,0,0,esp32_a842e3abaccc,64,eth:ethertype:ip:tcp:mqtt,25.3,94.8,51.1,160.0,-51.0,a8:42:e3:ab:ac:cc,,,,,0.0,Normal,0.0
1744319243391603,10.42.0.149,10.42.0.1,64824,1883,45,5,0,1,0,0,1,0,3,0,0,0,0,0.0,0,,0,0,,0,0,0,0,0,0,0,0,0.0,0,0,0,0,0,64.0,5756.0,0,0,0,57,eth:ethertype:ip:tcp,25.3,94.8,51.1,160.0,-51.0,a8:42:e3:ab:ac:cc,,,,,0.0,Normal,0.0
1744319243404331,10.42.0.149,10.42.0.1,64824,1883,48,5,0,1,1,0,1,0,179,0,0,0,0,0.0,0,,0,3,"Wakeup: 0, Mode: 0, Reset: 1, Temperature: 37.8, Uptime: 244, Memory: 94.8, In_Temperature: 51.1, CPU: 160, RSSI: -54, MAC: a8:42:e3:ab:ac:cc, F_Storage: 99.22",test/temperatura,16,0,0,177,0,0,0,0.0,0,0,0,0,0,64.0,5756.0,0,0,0,233,eth:ethertype:ip:tcp:mqtt:mqtt,37.8,94.8,51.1,160.0,-54.0,a8:42:e3:ab:ac:cc,,,,,0.0,Normal,0.0
1744319243407985,10.42.0.149,10.42.0.1,64824,1883,228,6,0,1,0,0,0,0,0,0,0,0,0,0.0,0,,0,0,,0,0,0,0,0,0,0,0,0.0,0,0,0,0,0,64.0,5755.0,0,0,0,54,eth:ethertype:ip:tcp,37.8,94.8,51.1,160.0,-54.0,a8:42:e3:ab:ac:cc,,,,,0.0,Normal,0.0
1744319273413567,10.42.0.149,10.42.0.1,64825,1883,0,0,1,0,0,0,0,0,0,0,0,0,0,0.0,0,,0,0,,0,0,0,0,0,0,0,0,0.0,0,0,0,0,0,64.0,5760.0,0,0,0,58,eth:ethertype:ip:tcp,37.8,94.8,51.1,160.0,-54.0,a8:42:e3:ab:ac:cc,,,,,0.0,Normal,0.0
1744319273417561,10.42.0.149,10.42.0.1,64825,1883,1,1,0,1,0,0,0,0,0,0,0,0,0,0.0,0,,0,0,,0,0,0,0,0,0,0,0,0.0,0,0,0,0,0,64.0,5760.0,0,0,0,54,eth:ethertype:ip:tcp,37.8,94.8,51.1,160.0,-54.0,a8:42:e3:ab:ac:cc,,,,,0.0,Normal,0.0
1744319273419612,10.42.0.149,10.42.0.1,64825,1883,1,1,0,1,0,0,1,0,3,0,0,0,0,0.0,0,,0,0,,0,0,0,0,0,0,0,0,0.0,0,0,0,0,0,64.0,5760.0,0,0,0,57,eth:ethertype:ip:tcp,37.8,94.8,51.1,160.0,-54.0,a8:42:e3:ab:ac:cc,,,,,0.0,Normal,0.0
1744319273423080,10.42.0.149,10.42.0.1,64825,1883,4,1,0,1,0,0,1,0,29,0,0,0,0,0.0,0,,0,0,,0,0,0,0,0,0,0,0,0.0,0,0,0,0,0,64.0,5760.0,0,0,0,83,eth:ethertype:ip:tcp,37.8,94.8,51.1,160.0,-54.0,a8:42:e3:ab:ac:cc,,,,,0.0,Normal,0.0
1744319273426129,10.42.0.149,10.42.0.1,64825,1883,33,1,0,1,0,0,1,0,12,0,0,0,0,0.0,0,,0,1,,0,0,0,1,42,4,MQTT,4,0.0,0,0,0,0,0,64.0,5760.0,0,0,esp32_a842e3abaccc,66,eth:ethertype:ip:tcp:mqtt,37.8,94.8,51.1,160.0,-54.0,a8:42:e3:ab:ac:cc,,,,,0.0,Normal,0.0
1744319273450864,10.42.0.149,10.42.0.1,64825,1883,45,5,0,1,0,0,1,0,3,0,0,0,0,0.0,0,,0,0,,0,0,0,0,0,0,0,0,0.0,0,0,0,0,0,64.0,5756.0,0,0,0,57,eth:ethertype:ip:tcp,37.8,94.8,51.1,160.0,-54.0,a8:42:e3:ab:ac:cc,,,,,0.0,Normal,0.0
1744319273463837,10.42.0.149,10.42.0.1,64825,1883,48,5,0,1,1,0,1,0,179,0,0,0,0,0.0,0,,0,3,"Wakeup: 0, Mode: 0, Reset: 1, Temperature: 30.2, Uptime: 274, Memory: 94.8, In_Temperature: 51.1, CPU: 160, RSSI: -55, MAC: a8:42:e3:ab:ac:cc, F_Storage: 99.22",test/temperatura,16,0,0,177,0,0,0,0.0,0,0,0,0,0,64.0,5756.0,0,0,0,233,eth:ethertype:ip:tcp:mqtt:mqtt,30.2,94.8,51.1,160.0,-55.0,a8:42:e3:ab:ac:cc,,,,,0.0,Normal,0.0
1744319273467317,10.42.0.149,10.42.0.1,64825,1883,228,6,0,1,0,0,0,0,0,0,0,0,0,0.0,0,,0,0,,0,0,0,0,0,0,0,0,0.0,0,0,0,0,0,64.0,5755.0,0,0,0,54,eth:ethertype:ip:tcp,30.2,94.8,51.1,160.0,-55.0,a8:42:e3:ab:ac:cc,,,,,0.0,Normal,0.0
1744319303472884,10.42.0.149,10.42.0.1,64826,1883,0,0,1,0,0,0,0,0,0,0,0,0,0,0.0,0,,0,0,,0,0,0,0,0,0,0,0,0.0,0,0,0,0,0,64.0,5760.0,0,0,0,58,eth:ethertype:ip:tcp,30.2,94.8,51.1,160.0,-55.0,a8:42:e3:ab:ac:cc,,,,,0.0,Normal,0.0
1744319303476948,10.42.0.149,10.42.0.1,64826,1883,1,1,0,1,0,0,0,0,0,0,0,0,0,0.0,0,,0,0,,0,0,0,0,0,0,0,0,0.0,0,0,0,0,0,64.0,5760.0,0,0,0,54,eth:ethertype:ip:tcp,30.2,94.8,51.1,160.0,-55.0,a8:42:e3:ab:ac:cc,,,,,0.0,Normal,0.0
1744319303479126,10.42.0.149,10.42.0.1,64826,1883,1,1,0,1,0,0,1,0,3,0,0,0,0,0.0,0,,0,0,,0,0,0,0,0,0,0,0,0.0,0,0,0,0,0,64.0,5760.0,0,0,0,57,eth:ethertype:ip:tcp,30.2,94.8,51.1,160.0,-55.0,a8:42:e3:ab:ac:cc,,,,,0.0,Normal,0.0
1744319303484007,10.42.0.149,10.42.0.1,64826,1883,4,1,0,1,0,0,1,0,29,0,0,0,0,0.0,0,,0,0,,0,0,0,0,0,0,0,0,0.0,0,0,0,0,0,64.0,5760.0,0,0,0,83,eth:ethertype:ip:tcp,30.2,94.8,51.1,160.0,-55.0,a8:42:e3:ab:ac:cc,,,,,0.0,Normal,0.0
1744319303488089,10.42.0.149,10.42.0.1,64826,1883,33,1,0,1,0,0,1,0,12,0,0,0,0,0.0,0,,0,1,,0,0,0,1,42,4,MQTT,4,0.0,0,0,0,0,0,64.0,5760.0,0,0,esp32_a842e3abaccc,66,eth:ethertype:ip:tcp:mqtt,30.2,94.8,51.1,160.0,-55.0,a8:42:e3:ab:ac:cc,,,,,0.0,Normal,0.0
1744319303512773,10.42.0.149,10.42.0.1,64826,1883,45,5,0,1,0,0,1,0,3,0,0,0,0,0.0,0,,0,0,,0,0,0,0,0,0,0,0,0.0,0,0,0,0,0,64.0,5756.0,0,0,0,57,eth:ethertype:ip:tcp,30.2,94.8,51.1,160.0,-55.0,a8:42:e3:ab:ac:cc,,,,,0.0,Normal,0.0
1744319303523172,10.42.0.149,10.42.0.1,64826,1883,48,5,0,1,1,0,1,0,179,0,0,0,0,0.0,0,,0,3,"Wakeup: 0, Mode: 0, Reset: 1, Temperature: 25.3, Uptime: 304, Memory: 94.8, In_Temperature: 51.1, CPU: 160, RSSI: -55, MAC: a8:42:e3:ab:ac:cc, F_Storage: 99.22",test/temperatura,16,0,0,177,0,0,0,0.0,0,0,0,0,0,64.0,5756.0,0,0,0,233,eth:ethertype:ip:tcp:mqtt:mqtt,25.3,94.8,51.1,160.0,-55.0,a8:42:e3:ab:ac:cc,,,,,0.0,Normal,0.0
1744319303526463,10.42.0.149,10.42.0.1,64826,1883,228,6,0,1,0,0,0,0,0,0,0,0,0,0.0,0,,0,0,,0,0,0,0,0,0,0,0,0.0,0,0,0,0,0,64.0,5755.0,0,0,0,54,eth:ethertype:ip:tcp,25.3,94.8,51.1,160.0,-55.0,a8:42:e3:ab:ac:cc,,,,,0.0,Normal,0.0
1744319333532355,10.42.0.149,10.42.0.1,64827,1883,0,0,1,0,0,0,0,0,0,0,0,0,0,0.0,0,,0,0,,0,0,0,0,0,0,0,0,0.0,0,0,0,0,0,64.0,5760.0,0,0,0,58,eth:ethertype:ip:tcp,25.3,94.8,51.1,160.0,-55.0,a8:42:e3:ab:ac:cc,,,,,0.0,Normal,0.0
1744319333536617,10.42.0.149,10.42.0.1,64827,1883,1,1,0,1,0,0,0,0,0,0,0,0,0,0.0,0,,0,0,,0,0,0,0,0,0,0,0,0.0,0,0,0,0,0,64.0,5760.0,0,0,0,54,eth:ethertype:ip:tcp,25.3,94.8,51.1,160.0,-55.0,a8:42:e3:ab:ac:cc,,,,,0.0,Normal,0.0
1744319333538722,10.42.0.149,10.42.0.1,64827,1883,1,1,0,1,0,0,1,0,3,0,0,0,0,0.0,0,,0,0,,0,0,0,0,0,0,0,0,0.0,0,0,0,0,0,64.0,5760.0,0,0,0,57,eth:ethertype:ip:tcp,25.3,94.8,51.1,160.0,-55.0,a8:42:e3:ab:ac:cc,,,,,0.0,Normal,0.0
1744319333542260,10.42.0.149,10.42.0.1,64827,1883,4,1,0,1,0,0,1,0,29,0,0,0,0,0.0,0,,0,0,,0,0,0,0,0,0,0,0,0.0,0,0,0,0,0,64.0,5760.0,0,0,0,83,eth:ethertype:ip:tcp,25.3,94.8,51.1,160.0,-55.0,a8:42:e3:ab:ac:cc,,,,,0.0,Normal,0.0
1744319333545415,10.42.0.149,10.42.0.1,64827,1883,33,1,0,1,0,0,1,0,12,0,0,0,0,0.0,0,,0,1,,0,0,0,1,42,4,MQTT,4,0.0,0,0,0,0,0,64.0,5760.0,0,0,esp32_a842e3abaccc,66,eth:ethertype:ip:tcp:mqtt,25.3,94.8,51.1,160.0,-55.0,a8:42:e3:ab:ac:cc,,,,,0.0,Normal,0.0
1744319333569643,10.42.0.149,10.42.0.1,64827,1883,45,5,0,1,0,0,1,0,3,0,0,0,0,0.0,0,,0,0,,0,0,0,0,0,0,0,0,0.0,0,0,0,0,0,64.0,5756.0,0,0,0,57,eth:ethertype:ip:tcp,25.3,94.8,51.1,160.0,-55.0,a8:42:e3:ab:ac:cc,,,,,0.0,Normal,0.0
1744319333582522,10.42.0.149,10.42.0.1,64827,1883,48,5,0,1,1,0,1,0,179,0,0,0,0,0.0,0,,0,3,"Wakeup: 0, Mode: 0, Reset: 1, Temperature: 28.6, Uptime: 335, Memory: 94.8, In_Temperature: 51.1, CPU: 160, RSSI: -56, MAC: a8:42:e3:ab:ac:cc, F_Storage: 99.22",test/temperatura,16,0,0,177,0,0,0,0.0,0,0,0,0,0,64.0,5756.0,0,0,0,233,eth:ethertype:ip:tcp:mqtt:mqtt,28.6,94.8,51.1,160.0,-56.0,a8:42:e3:ab:ac:cc,,,,,0.0,Normal,0.0
1744319333585880,10.42.0.149,10.42.0.1,64827,1883,228,6,0,1,0,0,0,0,0,0,0,0,0,0.0,0,,0,0,,0,0,0,0,0,0,0,0,0.0,0,0,0,0,0,64.0,5755.0,0,0,0,54,eth:ethertype:ip:tcp,28.6,94.8,51.1,160.0,-56.0,a8:42:e3:ab:ac:cc,,,,,0.0,Normal,0.0
1744319363593020,10.42.0.149,10.42.0.1,64828,1883,0,0,1,0,0,0,0,0,0,0,0,0,0,0.0,0,,0,0,,0,0,0,0,0,0,0,0,0.0,0,0,0,0,0,64.0,5760.0,0,0,0,58,eth:ethertype:ip:tcp,28.6,94.8,51.1,160.0,-56.0,a8:42:e3:ab:ac:cc,,,,,0.0,Normal,0.0
1744319363598302,10.42.0.149,10.42.0.1,64828,1883,1,1,0,1,0,0,0,0,0,0,0,0,0,0.0,0,,0,0,,0,0,0,0,0,0,0,0,0.0,0,0,0,0,0,64.0,5760.0,0,0,0,54,eth:ethertype:ip:tcp,28.6,94.8,51.1,160.0,-56.0,a8:42:e3:ab:ac:cc,,,,,0.0,Normal,0.0
1744319363600421,10.42.0.149,10.42.0.1,64828,1883,1,1,0,1,0,0,1,0,3,0,0,0,0,0.0,0,,0,0,,0,0,0,0,0,0,0,0,0.0,0,0,0,0,0,64.0,5760.0,0,0,0,57,eth:ethertype:ip:tcp,28.6,94.8,51.1,160.0,-56.0,a8:42:e3:ab:ac:cc,,,,,0.0,Normal,0.0
1744319363605082,10.42.0.149,10.42.0.1,64828,1883,4,1,0,1,0,0,1,0,29,0,0,0,0,0.0,0,,0,0,,0,0,0,0,0,0,0,0,0.0,0,0,0,0,0,64.0,5760.0,0,0,0,83,eth:ethertype:ip:tcp,28.6,94.8,51.1,160.0,-56.0,a8:42:e3:ab:ac:cc,,,,,0.0,Normal,0.0
1744319363608027,10.42.0.149,10.42.0.1,64828,1883,33,1,0,1,0,0,1,0,12,0,0,0,0,0.0,0,,0,1,,0,0,0,1,42,4,MQTT,4,0.0,0,0,0,0,0,64.0,5760.0,0,0,esp32_a842e3abaccc,66,eth:ethertype:ip:tcp:mqtt,28.6,94.8,51.1,160.0,-56.0,a8:42:e3:ab:ac:cc,,,,,0.0,Normal,0.0
1744319363632065,10.42.0.149,10.42.0.1,64828,1883,45,5,0,1,0,0,1,0,3,0,0,0,0,0.0,0,,0,0,,0,0,0,0,0,0,0,0,0.0,0,0,0,0,0,64.0,5756.0,0,0,0,57,eth:ethertype:ip:tcp,28.6,94.8,51.1,160.0,-56.0,a8:42:e3:ab:ac:cc,,,,,0.0,Normal,0.0
1744319363642001,10.42.0.149,10.42.0.1,64828,1883,48,5,0,1,1,0,1,0,179,0,0,0,0,0.0,0,,0,3,"Wakeup: 0, Mode: 0, Reset: 1, Temperature: 37.0, Uptime: 365, Memory: 94.8, In_Temperature: 51.1, CPU: 160, RSSI: -52, MAC: a8:42:e3:ab:ac:cc, F_Storage: 99.22",test/temperatura,16,0,0,177,0,0,0,0.0,0,0,0,0,0,64.0,5756.0,0,0,0,233,eth:ethertype:ip:tcp:mqtt:mqtt,37.0,94.8,51.1,160.0,-52.0,a8:42:e3:ab:ac:cc,,,,,0.0,Normal,0.0
1744319363645407,10.42.0.149,10.42.0.1,64828,1883,228,6,0,1,0,0,0,0,0,0,0,0,0,0.0,0,,0,0,,0,0,0,0,0,0,0,0,0.0,0,0,0,0,0,64.0,5755.0,0,0,0,54,eth:ethertype:ip:tcp,37.0,94.8,51.1,160.0,-52.0,a8:42:e3:ab:ac:cc,,,,,0.0,Normal,0.0
1744319393651046,10.42.0.149,10.42.0.1,64829,1883,0,0,1,0,0,0,0,0,0,0,0,0,0,0.0,0,,0,0,,0,0,0,0,0,0,0,0,0.0,0,0,0,0,0,64.0,5760.0,0,0,0,58,eth:ethertype:ip:tcp,37.0,94.8,51.1,160.0,-52.0,a8:42:e3:ab:ac:cc,,,,,0.0,Normal,0.0
1744319393655121,10.42.0.149,10.42.0.1,64829,1883,1,1,0,1,0,0,0,0,0,0,0,0,0,0.0,0,,0,0,,0,0,0,0,0,0,0,0,0.0,0,0,0,0,0,64.0,5760.0,0,0,0,54,eth:ethertype:ip:tcp,37.0,94.8,51.1,160.0,-52.0,a8:42:e3:ab:ac:cc,,,,,0.0,Normal,0.0
1744319393657760,10.42.0.149,10.42.0.1,64829,1883,1,1,0,1,0,0,1,0,3,0,0,0,0,0.0,0,,0,0,,0,0,0,0,0,0,0,0,0.0,0,0,0,0,0,64.0,5760.0,0,0,0,57,eth:ethertype:ip:tcp,37.0,94.8,51.1,160.0,-52.0,a8:42:e3:ab:ac:cc,,,,,0.0,Normal,0.0
1744319393661273,10.42.0.149,10.42.0.1,64829,1883,4,1,0,1,0,0,1,0,29,0,0,0,0,0.0,0,,0,0,,0,0,0,0,0,0,0,0,0.0,0,0,0,0,0,64.0,5760.0,0,0,0,83,eth:ethertype:ip:tcp,37.0,94.8,51.1,160.0,-52.0,a8:42:e3:ab:ac:cc,,,,,0.0,Normal,0.0
1744319393664298,10.42.0.149,10.42.0.1,64829,1883,33,1,0,1,0,0,1,0,12,0,0,0,0,0.0,0,,0,1,,0,0,0,1,42,4,MQTT,4,0.0,0,0,0,0,0,64.0,5760.0,0,0,esp32_a842e3abaccc,66,eth:ethertype:ip:tcp:mqtt,37.0,94.8,51.1,160.0,-52.0,a8:42:e3:ab:ac:cc,,,,,0.0,Normal,0.0
1744319393688529,10.42.0.149,10.42.0.1,64829,1883,45,5,0,1,0,0,1,0,3,0,0,0,0,0.0,0,,0,0,,0,0,0,0,0,0,0,0,0.0,0,0,0,0,0,64.0,5756.0,0,0,0,57,eth:ethertype:ip:tcp,37.0,94.8,51.1,160.0,-52.0,a8:42:e3:ab:ac:cc,,,,,0.0,Normal,0.0
1744319393702685,10.42.0.149,10.42.0.1,64829,1883,48,5,0,1,1,0,1,0,179,0,0,0,0,0.0,0,,0,3,"Wakeup: 0, Mode: 0, Reset: 1, Temperature: 34.9, Uptime: 395, Memory: 94.8, In_Temperature: 51.1, CPU: 160, RSSI: -55, MAC: a8:42:e3:ab:ac:cc, F_Storage: 99.22",test/temperatura,16,0,0,177,0,0,0,0.0,0,0,0,0,0,64.0,5756.0,0,0,0,233,eth:ethertype:ip:tcp:mqtt:mqtt,34.9,94.8,51.1,160.0,-55.0,a8:42:e3:ab:ac:cc,,,,,0.0,Normal,0.0
1744319393706182,10.42.0.149,10.42.0.1,64829,1883,228,6,0,1,0,0,0,0,0,0,0,0,0,0.0,0,,0,0,,0,0,0,0,0,0,0,0,0.0,0,0,0,0,0,64.0,5755.0,0,0,0,54,eth:ethertype:ip:tcp,34.9,94.8,51.1,160.0,-55.0,a8:42:e3:ab:ac:cc,,,,,0.0,Normal,0.0
1744319423711237,10.42.0.149,10.42.0.1,64830,1883,0,0,1,0,0,0,0,0,0,0,0,0,0,0.0,0,,0,0,,0,0,0,0,0,0,0,0,0.0,0,0,0,0,0,64.0,5760.0,0,0,0,58,eth:ethertype:ip:tcp,34.9,94.8,51.1,160.0,-55.0,a8:42:e3:ab:ac:cc,,,,,0.0,Normal,0.0
1744319423715218,10.42.0.149,10.42.0.1,64830,1883,1,1,0,1,0,0,0,0,0,0,0,0,0,0.0,0,,0,0,,0,0,0,0,0,0,0,0,0.0,0,0,0,0,0,64.0,5760.0,0,0,0,54,eth:ethertype:ip:tcp,34.9,94.8,51.1,160.0,-55.0,a8:42:e3:ab:ac:cc,,,,,0.0,Normal,0.0
1744319423717306,10.42.0.149,10.42.0.1,64830,1883,1,1,0,1,0,0,1,0,3,0,0,0,0,0.0,0,,0,0,,0,0,0,0,0,0,0,0,0.0,0,0,0,0,0,64.0,5760.0,0,0,0,57,eth:ethertype:ip:tcp,34.9,94.8,51.1,160.0,-55.0,a8:42:e3:ab:ac:cc,,,,,0.0,Normal,0.0
1744319423721586,10.42.0.149,10.42.0.1,64830,1883,4,1,0,1,0,0,1,0,37,0,0,0,0,0.0,0,,0,0,,0,0,0,0,0,0,0,0,0.0,0,0,0,0,0,64.0,5760.0,0,0,0,91,eth:ethertype:ip:tcp,34.9,94.8,51.1,160.0,-55.0,a8:42:e3:ab:ac:cc,,,,,0.0,Normal,0.0
1744319423724270,10.42.0.149,10.42.0.1,64830,1883,41,1,0,1,0,0,1,0,4,0,0,0,0,0.0,0,,0,1,,0,0,0,1,42,4,MQTT,4,0.0,0,0,0,0,0,64.0,5760.0,0,0,esp32_a842e3abaccc,58,eth:ethertype:ip:tcp:mqtt,34.9,94.8,51.1,160.0,-55.0,a8:42:e3:ab:ac:cc,,,,,0.0,Normal,0.0
1744319423748289,10.42.0.149,10.42.0.1,64830,1883,45,5,0,1,0,0,1,0,3,0,0,0,0,0.0,0,,0,0,,0,0,0,0,0,0,0,0,0.0,0,0,0,0,0,64.0,5756.0,0,0,0,57,eth:ethertype:ip:tcp,34.9,94.8,51.1,160.0,-55.0,a8:42:e3:ab:ac:cc,,,,,0.0,Normal,0.0
1744319423760843,10.42.0.149,10.42.0.1,64830,1883,48,5,0,1,1,0,1,0,179,0,0,0,0,0.0,0,,0,3,"Wakeup: 0, Mode: 0, Reset: 1, Temperature: 31.1, Uptime: 425, Memory: 94.8, In_Temperature: 51.1, CPU: 160, RSSI: -54, MAC: a8:42:e3:ab:ac:cc, F_Storage: 99.22",test/temperatura,16,0,0,177,0,0,0,0.0,0,0,0,0,0,64.0,5756.0,0,0,0,233,eth:ethertype:ip:tcp:mqtt:mqtt,31.1,94.8,51.1,160.0,-54.0,a8:42:e3:ab:ac:cc,,,,,0.0,Normal,0.0
1744319423764457,10.42.0.149,10.42.0.1,64830,1883,228,6,0,1,0,0,0,0,0,0,0,0,0,0.0,0,,0,0,,0,0,0,0,0,0,0,0,0.0,0,0,0,0,0,64.0,5755.0,0,0,0,54,eth:ethertype:ip:tcp,31.1,94.8,51.1,160.0,-54.0,a8:42:e3:ab:ac:cc,,,,,0.0,Normal,0.0
1744319453770044,10.42.0.149,10.42.0.1,64831,1883,0,0,1,0,0,0,0,0,0,0,0,0,0,0.0,0,,0,0,,0,0,0,0,0,0,0,0,0.0,0,0,0,0,0,64.0,5760.0,0,0,0,58,eth:ethertype:ip:tcp,31.1,94.8,51.1,160.0,-54.0,a8:42:e3:ab:ac:cc,,,,,0.0,Normal,0.0
1744319453774028,10.42.0.149,10.42.0.1,64831,1883,1,1,0,1,0,0,0,0,0,0,0,0,0,0.0,0,,0,0,,0,0,0,0,0,0,0,0,0.0,0,0,0,0,0,64.0,5760.0,0,0,0,54,eth:ethertype:ip:tcp,31.1,94.8,51.1,160.0,-54.0,a8:42:e3:ab:ac:cc,,,,,0.0,Normal,0.0
1744319453776240,10.42.0.149,10.42.0.1,64831,1883,1,1,0,1,0,0,1,0,3,0,0,0,0,0.0,0,,0,0,,0,0,0,0,0,0,0,0,0.0,0,0,0,0,0,64.0,5760.0,0,0,0,57,eth:ethertype:ip:tcp,31.1,94.8,51.1,160.0,-54.0,a8:42:e3:ab:ac:cc,,,,,0.0,Normal,0.0
1744319453779673,10.42.0.149,10.42.0.1,64831,1883,4,1,0,1,0,0,1,0,29,0,0,0,0,0.0,0,,0,0,,0,0,0,0,0,0,0,0,0.0,0,0,0,0,0,64.0,5760.0,0,0,0,83,eth:ethertype:ip:tcp,31.1,94.8,51.1,160.0,-54.0,a8:42:e3:ab:ac:cc,,,,,0.0,Normal,0.0
1744319453782860,10.42.0.149,10.42.0.1,64831,1883,33,1,0,1,0,0,1,0,12,0,0,0,0,0.0,0,,0,1,,0,0,0,1,42,4,MQTT,4,0.0,0,0,0,0,0,64.0,5760.0,0,0,esp32_a842e3abaccc,66,eth:ethertype:ip:tcp:mqtt,31.1,94.8,51.1,160.0,-54.0,a8:42:e3:ab:ac:cc,,,,,0.0,Normal,0.0
1744319453807566,10.42.0.149,10.42.0.1,64831,1883,45,5,0,1,0,0,1,0,3,0,0,0,0,0.0,0,,0,0,,0,0,0,0,0,0,0,0,0.0,0,0,0,0,0,64.0,5756.0,0,0,0,57,eth:ethertype:ip:tcp,31.1,94.8,51.1,160.0,-54.0,a8:42:e3:ab:ac:cc,,,,,0.0,Normal,0.0
1744319453820978,10.42.0.149,10.42.0.1,64831,1883,48,5,0,1,1,0,1,0,179,0,0,0,0,0.0,0,,0,3,"Wakeup: 0, Mode: 0, Reset: 1, Temperature: 25.2, Uptime: 455, Memory: 94.8, In_Temperature: 51.1, CPU: 160, RSSI: -56, MAC: a8:42:e3:ab:ac:cc, F_Storage: 99.22",test/temperatura,16,0,0,177,0,0,0,0.0,0,0,0,0,0,64.0,5756.0,0,0,0,233,eth:ethertype:ip:tcp:mqtt:mqtt,25.2,94.8,51.1,160.0,-56.0,a8:42:e3:ab:ac:cc,,,,,0.0,Normal,0.0
1744319453824416,10.42.0.149,10.42.0.1,64831,1883,228,6,0,1,0,0,0,0,0,0,0,0,0,0.0,0,,0,0,,0,0,0,0,0,0,0,0,0.0,0,0,0,0,0,64.0,5755.0,0,0,0,54,eth:ethertype:ip:tcp,25.2,94.8,51.1,160.0,-56.0,a8:42:e3:ab:ac:cc,,,,,0.0,Normal,0.0
1744319483829830,10.42.0.149,10.42.0.1,64832,1883,0,0,1,0,0,0,0,0,0,0,0,0,0,0.0,0,,0,0,,0,0,0,0,0,0,0,0,0.0,0,0,0,0,0,64.0,5760.0,0,0,0,58,eth:ethertype:ip:tcp,25.2,94.8,51.1,160.0,-56.0,a8:42:e3:ab:ac:cc,,,,,0.0,Normal,0.0
1744319483834361,10.42.0.149,10.42.0.1,64832,1883,1,1,0,1,0,0,0,0,0,0,0,0,0,0.0,0,,0,0,,0,0,0,0,0,0,0,0,0.0,0,0,0,0,0,64.0,5760.0,0,0,0,54,eth:ethertype:ip:tcp,25.2,94.8,51.1,160.0,-56.0,a8:42:e3:ab:ac:cc,,,,,0.0,Normal,0.0
1744319483836804,10.42.0.149,10.42.0.1,64832,1883,1,1,0,1,0,0,1,0,3,0,0,0,0,0.0,0,,0,0,,0,0,0,0,0,0,0,0,0.0,0,0,0,0,0,64.0,5760.0,0,0,0,57,eth:ethertype:ip:tcp,25.2,94.8,51.1,160.0,-56.0,a8:42:e3:ab:ac:cc,,,,,0.0,Normal,0.0
1744319483840183,10.42.0.149,10.42.0.1,64832,1883,4,1,0,1,0,0,1,0,29,0,0,0,0,0.0,0,,0,0,,0,0,0,0,0,0,0,0,0.0,0,0,0,0,0,64.0,5760.0,0,0,0,83,eth:ethertype:ip:tcp,25.2,94.8,51.1,160.0,-56.0,a8:42:e3:ab:ac:cc,,,,,0.0,Normal,0.0
1744319483843426,10.42.0.149,10.42.0.1,64832,1883,33,1,0,1,0,0,1,0,12,0,0,0,0,0.0,0,,0,1,,0,0,0,1,42,4,MQTT,4,0.0,0,0,0,0,0,64.0,5760.0,0,0,esp32_a842e3abaccc,66,eth:ethertype:ip:tcp:mqtt,25.2,94.8,51.1,160.0,-56.0,a8:42:e3:ab:ac:cc,,,,,0.0,Normal,0.0
1744319483849758,10.42.0.149,10.42.0.1,64832,1883,45,5,0,1,0,0,0,0,0,0,0,0,0,0.0,0,,0,0,,0,0,0,0,0,0,0,0,0.0,0,0,0,0,0,64.0,5756.0,0,0,0,54,eth:ethertype:ip:tcp,25.2,94.8,51.1,160.0,-56.0,a8:42:e3:ab:ac:cc,,,,,0.0,Normal,0.0
1744319483867792,10.42.0.149,10.42.0.1,64832,1883,45,5,0,1,0,0,1,0,3,0,0,0,0,0.0,0,,0,0,,0,0,0,0,0,0,0,0,0.0,0,0,0,0,0,64.0,5756.0,0,0,0,57,eth:ethertype:ip:tcp,25.2,94.8,51.1,160.0,-56.0,a8:42:e3:ab:ac:cc,,,,,0.0,Normal,0.0
1744319483879546,10.42.0.149,10.42.0.1,64832,1883,48,5,0,1,1,0,1,0,179,0,0,0,0,0.0,0,,0,3,"Wakeup: 0, Mode: 0, Reset: 1, Temperature: 33.8, Uptime: 485, Memory: 94.9, In_Temperature: 51.1, CPU: 160, RSSI: -53, MAC: a8:42:e3:ab:ac:cc, F_Storage: 99.22",test/temperatura,16,0,0,177,0,0,0,0.0,0,0,0,0,0,64.0,5756.0,0,0,0,233,eth:ethertype:ip:tcp:mqtt:mqtt,33.8,94.9,51.1,160.0,-53.0,a8:42:e3:ab:ac:cc,,,,,0.0,Normal,0.0
1744319483883004,10.42.0.149,10.42.0.1,64832,1883,228,6,0,1,0,0,0,0,0,0,0,0,0,0.0,0,,0,0,,0,0,0,0,0,0,0,0,0.0,0,0,0,0,0,64.0,5755.0,0,0,0,54,eth:ethertype:ip:tcp,33.8,94.9,51.1,160.0,-53.0,a8:42:e3:ab:ac:cc,,,,,0.0,Normal,0.0
1744319513887976,10.42.0.149,10.42.0.1,64833,1883,0,0,1,0,0,0,0,0,0,0,0,0,0,0.0,0,,0,0,,0,0,0,0,0,0,0,0,0.0,0,0,0,0,0,64.0,5760.0,0,0,0,58,eth:ethertype:ip:tcp,33.8,94.9,51.1,160.0,-53.0,a8:42:e3:ab:ac:cc,,,,,0.0,Normal,0.0
1744319513891991,10.42.0.149,10.42.0.1,64833,1883,1,1,0,1,0,0,0,0,0,0,0,0,0,0.0,0,,0,0,,0,0,0,0,0,0,0,0,0.0,0,0,0,0,0,64.0,5760.0,0,0,0,54,eth:ethertype:ip:tcp,33.8,94.9,51.1,160.0,-53.0,a8:42:e3:ab:ac:cc,,,,,0.0,Normal,0.0
1744319513894284,10.42.0.149,10.42.0.1,64833,1883,1,1,0,1,0,0,1,0,3,0,0,0,0,0.0,0,,0,0,,0,0,0,0,0,0,0,0,0.0,0,0,0,0,0,64.0,5760.0,0,0,0,57,eth:ethertype:ip:tcp,33.8,94.9,51.1,160.0,-53.0,a8:42:e3:ab:ac:cc,,,,,0.0,Normal,0.0
1744319513897664,10.42.0.149,10.42.0.1,64833,1883,4,1,0,1,0,0,1,0,29,0,0,0,0,0.0,0,,0,0,,0,0,0,0,0,0,0,0,0.0,0,0,0,0,0,64.0,5760.0,0,0,0,83,eth:ethertype:ip:tcp,33.8,94.9,51.1,160.0,-53.0,a8:42:e3:ab:ac:cc,,,,,0.0,Normal,0.0
1744319513900739,10.42.0.149,10.42.0.1,64833,1883,33,1,0,1,0,0,1,0,12,0,0,0,0,0.0,0,,0,1,,0,0,0,1,42,4,MQTT,4,0.0,0,0,0,0,0,64.0,5760.0,0,0,esp32_a842e3abaccc,66,eth:ethertype:ip:tcp:mqtt,33.8,94.9,51.1,160.0,-53.0,a8:42:e3:ab:ac:cc,,,,,0.0,Normal,0.0
1744319513926461,10.42.0.149,10.42.0.1,64833,1883,45,5,0,1,0,0,1,0,3,0,0,0,0,0.0,0,,0,0,,0,0,0,0,0,0,0,0,0.0,0,0,0,0,0,64.0,5756.0,0,0,0,57,eth:ethertype:ip:tcp,33.8,94.9,51.1,160.0,-53.0,a8:42:e3:ab:ac:cc,,,,,0.0,Normal,0.0
1744319513939017,10.42.0.149,10.42.0.1,64833,1883,48,5,0,1,1,0,1,0,179,0,0,0,0,0.0,0,,0,3,"Wakeup: 0, Mode: 0, Reset: 1, Temperature: 28.3, Uptime: 515, Memory: 94.8, In_Temperature: 51.1, CPU: 160, RSSI: -52, MAC: a8:42:e3:ab:ac:cc, F_Storage: 99.22",test/temperatura,16,0,0,177,0,0,0,0.0,0,0,0,0,0,64.0,5756.0,0,0,0,233,eth:ethertype:ip:tcp:mqtt:mqtt,28.3,94.8,51.1,160.0,-52.0,a8:42:e3:ab:ac:cc,,,,,0.0,Normal,0.0
1744319513944291,10.42.0.149,10.42.0.1,64833,1883,228,6,0,1,0,0,0,0,0,0,0,0,0,0.0,0,,0,0,,0,0,0,0,0,0,0,0,0.0,0,0,0,0,0,64.0,5755.0,0,0,0,54,eth:ethertype:ip:tcp,28.3,94.8,51.1,160.0,-52.0,a8:42:e3:ab:ac:cc,,,,,0.0,Normal,0.0
1744319543948065,10.42.0.149,10.42.0.1,64834,1883,0,0,1,0,0,0,0,0,0,0,0,0,0,0.0,0,,0,0,,0,0,0,0,0,0,0,0,0.0,0,0,0,0,0,64.0,5760.0,0,0,0,58,eth:ethertype:ip:tcp,28.3,94.8,51.1,160.0,-52.0,a8:42:e3:ab:ac:cc,,,,,0.0,Normal,0.0
1744319543952433,10.42.0.149,10.42.0.1,64834,1883,1,1,0,1,0,0,0,0,0,0,0,0,0,0.0,0,,0,0,,0,0,0,0,0,0,0,0,0.0,0,0,0,0,0,64.0,5760.0,0,0,0,54,eth:ethertype:ip:tcp,28.3,94.8,51.1,160.0,-52.0,a8:42:e3:ab:ac:cc,,,,,0.0,Normal,0.0
1744319543954488,10.42.0.149,10.42.0.1,64834,1883,1,1,0,1,0,0,1,0,3,0,0,0,0,0.0,0,,0,0,,0,0,0,0,0,0,0,0,0.0,0,0,0,0,0,64.0,5760.0,0,0,0,57,eth:ethertype:ip:tcp,28.3,94.8,51.1,160.0,-52.0,a8:42:e3:ab:ac:cc,,,,,0.0,Normal,0.0
1744319543957958,10.42.0.149,10.42.0.1,64834,1883,4,1,0,1,0,0,1,0,29,0,0,0,0,0.0,0,,0,0,,0,0,0,0,0,0,0,0,0.0,0,0,0,0,0,64.0,5760.0,0,0,0,83,eth:ethertype:ip:tcp,28.3,94.8,51.1,160.0,-52.0,a8:42:e3:ab:ac:cc,,,,,0.0,Normal,0.0
1744319543960997,10.42.0.149,10.42.0.1,64834,1883,33,1,0,1,0,0,1,0,12,0,0,0,0,0.0,0,,0,1,,0,0,0,1,42,4,MQTT,4,0.0,0,0,0,0,0,64.0,5760.0,0,0,esp32_a842e3abaccc,66,eth:ethertype:ip:tcp:mqtt,28.3,94.8,51.1,160.0,-52.0,a8:42:e3:ab:ac:cc,,,,,0.0,Normal,0.0
1744319543987270,10.42.0.149,10.42.0.1,64834,1883,45,5,0,1,0,0,1,0,3,0,0,0,0,0.0,0,,0,0,,0,0,0,0,0,0,0,0,0.0,0,0,0,0,0,64.0,5756.0,0,0,0,57,eth:ethertype:ip:tcp,28.3,94.8,51.1,160.0,-52.0,a8:42:e3:ab:ac:cc,,,,,0.0,Normal,0.0
1744319543998377,10.42.0.149,10.42.0.1,64834,1883,48,5,0,1,1,0,1,0,179,0,0,0,0,0.0,0,,0,3,"Wakeup: 0, Mode: 0, Reset: 1, Temperature: 35.9, Uptime: 545, Memory: 94.9, In_Temperature: 51.1, CPU: 160, RSSI: -53, MAC: a8:42:e3:ab:ac:cc, F_Storage: 99.22",test/temperatura,16,0,0,177,0,0,0,0.0,0,0,0,0,0,64.0,5756.0,0,0,0,233,eth:ethertype:ip:tcp:mqtt:mqtt,35.9,94.9,51.1,160.0,-53.0,a8:42:e3:ab:ac:cc,,,,,0.0,Normal,0.0
1744319544001743,10.42.0.149,10.42.0.1,64834,1883,228,6,0,1,0,0,0,0,0,0,0,0,0,0.0,0,,0,0,,0,0,0,0,0,0,0,0,0.0,0,0,0,0,0,64.0,5755.0,0,0,0,54,eth:ethertype:ip:tcp,35.9,94.9,51.1,160.0,-53.0,a8:42:e3:ab:ac:cc,,,,,0.0,Normal,0.0
1744319574007599,10.42.0.149,10.42.0.1,64835,1883,0,0,1,0,0,0,0,0,0,0,0,0,0,0.0,0,,0,0,,0,0,0,0,0,0,0,0,0.0,0,0,0,0,0,64.0,5760.0,0,0,0,58,eth:ethertype:ip:tcp,35.9,94.9,51.1,160.0,-53.0,a8:42:e3:ab:ac:cc,,,,,0.0,Normal,0.0
1744319574011583,10.42.0.149,10.42.0.1,64835,1883,1,1,0,1,0,0,0,0,0,0,0,0,0,0.0,0,,0,0,,0,0,0,0,0,0,0,0,0.0,0,0,0,0,0,64.0,5760.0,0,0,0,54,eth:ethertype:ip:tcp,35.9,94.9,51.1,160.0,-53.0,a8:42:e3:ab:ac:cc,,,,,0.0,Normal,0.0
1744319574015773,10.42.0.149,10.42.0.1,64835,1883,1,1,0,1,0,0,1,0,3,0,0,0,0,0.0,0,,0,0,,0,0,0,0,0,0,0,0,0.0,0,0,0,0,0,64.0,5760.0,0,0,0,57,eth:ethertype:ip:tcp,35.9,94.9,51.1,160.0,-53.0,a8:42:e3:ab:ac:cc,,,,,0.0,Normal,0.0
1744319574019171,10.42.0.149,10.42.0.1,64835,1883,4,1,0,1,0,0,1,0,41,0,0,0,0,0.0,0,,0,1,,0,0,0,1,42,4,MQTT,4,0.0,0,0,0,0,0,64.0,5760.0,0,0,esp32_a842e3abaccc,95,eth:ethertype:ip:tcp:mqtt,35.9,94.9,51.1,160.0,-53.0,a8:42:e3:ab:ac:cc,,,,,0.0,Normal,0.0
1744319574043590,10.42.0.149,10.42.0.1,64835,1883,45,5,0,1,0,0,1,0,3,0,0,0,0,0.0,0,,0,0,,0,0,0,0,0,0,0,0,0.0,0,0,0,0,0,64.0,5756.0,0,0,0,57,eth:ethertype:ip:tcp,35.9,94.9,51.1,160.0,-53.0,a8:42:e3:ab:ac:cc,,,,,0.0,Normal,0.0
1744319574057760,10.42.0.149,10.42.0.1,64835,1883,48,5,0,1,1,0,1,0,179,0,0,0,0,0.0,0,,0,3,"Wakeup: 0, Mode: 0, Reset: 1, Temperature: 34.8, Uptime: 575, Memory: 94.8, In_Temperature: 51.1, CPU: 160, RSSI: -57, MAC: a8:42:e3:ab:ac:cc, F_Storage: 99.22",test/temperatura,16,0,0,177,0,0,0,0.0,0,0,0,0,0,64.0,5756.0,0,0,0,233,eth:ethertype:ip:tcp:mqtt:mqtt,34.8,94.8,51.1,160.0,-57.0,a8:42:e3:ab:ac:cc,,,,,0.0,Normal,0.0
1744319574061330,10.42.0.149,10.42.0.1,64835,1883,228,6,0,1,0,0,0,0,0,0,0,0,0,0.0,0,,0,0,,0,0,0,0,0,0,0,0,0.0,0,0,0,0,0,64.0,5755.0,0,0,0,54,eth:ethertype:ip:tcp,34.8,94.8,51.1,160.0,-57.0,a8:42:e3:ab:ac:cc,,,,,0.0,Normal,0.0
1744319604067069,10.42.0.149,10.42.0.1,64836,1883,0,0,1,0,0,0,0,0,0,0,0,0,0,0.0,0,,0,0,,0,0,0,0,0,0,0,0,0.0,0,0,0,0,0,64.0,5760.0,0,0,0,58,eth:ethertype:ip:tcp,34.8,94.8,51.1,160.0,-57.0,a8:42:e3:ab:ac:cc,,,,,0.0,Normal,0.0
1744319604071106,10.42.0.149,10.42.0.1,64836,1883,1,1,0,1,0,0,0,0,0,0,0,0,0,0.0,0,,0,0,,0,0,0,0,0,0,0,0,0.0,0,0,0,0,0,64.0,5760.0,0,0,0,54,eth:ethertype:ip:tcp,34.8,94.8,51.1,160.0,-57.0,a8:42:e3:ab:ac:cc,,,,,0.0,Normal,0.0
1744319604073182,10.42.0.149,10.42.0.1,64836,1883,1,1,0,1,0,0,1,0,3,0,0,0,0,0.0,0,,0,0,,0,0,0,0,0,0,0,0,0.0,0,0,0,0,0,64.0,5760.0,0,0,0,57,eth:ethertype:ip:tcp,34.8,94.8,51.1,160.0,-57.0,a8:42:e3:ab:ac:cc,,,,,0.0,Normal,0.0
1744319604076632,10.42.0.149,10.42.0.1,64836,1883,4,1,0,1,0,0,1,0,29,0,0,0,0,0.0,0,,0,0,,0,0,0,0,0,0,0,0,0.0,0,0,0,0,0,64.0,5760.0,0,0,0,83,eth:ethertype:ip:tcp,34.8,94.8,51.1,160.0,-57.0,a8:42:e3:ab:ac:cc,,,,,0.0,Normal,0.0
1744319604080488,10.42.0.149,10.42.0.1,64836,1883,33,1,0,1,0,0,1,0,12,0,0,0,0,0.0,0,,0,1,,0,0,0,1,42,4,MQTT,4,0.0,0,0,0,0,0,64.0,5760.0,0,0,esp32_a842e3abaccc,66,eth:ethertype:ip:tcp:mqtt,34.8,94.8,51.1,160.0,-57.0,a8:42:e3:ab:ac:cc,,,,,0.0,Normal,0.0
1744319604097737,10.42.0.149,10.42.0.1,64836,1883,45,5,0,1,0,0,0,0,0,0,0,0,0,0.0,0,,0,0,,0,0,0,0,0,0,0,0,0.0,0,0,0,0,0,64.0,5756.0,0,0,0,54,eth:ethertype:ip:tcp,34.8,94.8,51.1,160.0,-57.0,a8:42:e3:ab:ac:cc,,,,,0.0,Normal,0.0
1744319604106025,10.42.0.149,10.42.0.1,64836,1883,45,5,0,1,0,0,1,0,3,0,0,0,0,0.0,0,,0,0,,0,0,0,0,0,0,0,0,0.0,0,0,0,0,0,64.0,5756.0,0,0,0,57,eth:ethertype:ip:tcp,34.8,94.8,51.1,160.0,-57.0,a8:42:e3:ab:ac:cc,,,,,0.0,Normal,0.0
1744319604117105,10.42.0.149,10.42.0.1,64836,1883,48,5,0,1,1,0,1,0,179,0,0,0,0,0.0,0,,0,3,"Wakeup: 0, Mode: 0, Reset: 1, Temperature: 35.3, Uptime: 605, Memory: 94.8, In_Temperature: 51.7, CPU: 160, RSSI: -56, MAC: a8:42:e3:ab:ac:cc, F_Storage: 99.22",test/temperatura,16,0,0,177,0,0,0,0.0,0,0,0,0,0,64.0,5756.0,0,0,0,233,eth:ethertype:ip:tcp:mqtt:mqtt,35.3,94.8,51.7,160.0,-56.0,a8:42:e3:ab:ac:cc,,,,,0.0,Normal,0.0
1744319604120500,10.42.0.149,10.42.0.1,64836,1883,228,6,0,1,0,0,0,0,0,0,0,0,0,0.0,0,,0,0,,0,0,0,0,0,0,0,0,0.0,0,0,0,0,0,64.0,5755.0,0,0,0,54,eth:ethertype:ip:tcp,35.3,94.8,51.7,160.0,-56.0,a8:42:e3:ab:ac:cc,,,,,0.0,Normal,0.0
1744319634125669,10.42.0.149,10.42.0.1,64837,1883,0,0,1,0,0,0,0,0,0,0,0,0,0,0.0,0,,0,0,,0,0,0,0,0,0,0,0,0.0,0,0,0,0,0,64.0,5760.0,0,0,0,58,eth:ethertype:ip:tcp,35.3,94.8,51.7,160.0,-56.0,a8:42:e3:ab:ac:cc,,,,,0.0,Normal,0.0
1744319634129398,10.42.0.149,10.42.0.1,64837,1883,1,1,0,1,0,0,0,0,0,0,0,0,0,0.0,0,,0,0,,0,0,0,0,0,0,0,0,0.0,0,0,0,0,0,64.0,5760.0,0,0,0,54,eth:ethertype:ip:tcp,35.3,94.8,51.7,160.0,-56.0,a8:42:e3:ab:ac:cc,,,,,0.0,Normal,0.0
1744319634132038,10.42.0.149,10.42.0.1,64837,1883,1,1,0,1,0,0,1,0,3,0,0,0,0,0.0,0,,0,0,,0,0,0,0,0,0,0,0,0.0,0,0,0,0,0,64.0,5760.0,0,0,0,57,eth:ethertype:ip:tcp,35.3,94.8,51.7,160.0,-56.0,a8:42:e3:ab:ac:cc,,,,,0.0,Normal,0.0
1744319634138384,10.42.0.149,10.42.0.1,64837,1883,4,1,0,1,0,0,1,0,41,0,0,0,0,0.0,0,,0,1,,0,0,0,1,42,4,MQTT,4,0.0,0,0,0,0,0,64.0,5760.0,0,0,esp32_a842e3abaccc,95,eth:ethertype:ip:tcp:mqtt,35.3,94.8,51.7,160.0,-56.0,a8:42:e3:ab:ac:cc,,,,,0.0,Normal,0.0
1744319634162751,10.42.0.149,10.42.0.1,64837,1883,45,5,0,1,0,0,1,0,3,0,0,0,0,0.0,0,,0,0,,0,0,0,0,0,0,0,0,0.0,0,0,0,0,0,64.0,5756.0,0,0,0,57,eth:ethertype:ip:tcp,35.3,94.8,51.7,160.0,-56.0,a8:42:e3:ab:ac:cc,,,,,0.0,Normal,0.0
1744319634176666,10.42.0.149,10.42.0.1,64837,1883,48,5,0,1,1,0,1,0,179,0,0,0,0,0.0,0,,0,3,"Wakeup: 0, Mode: 0, Reset: 1, Temperature: 34.5, Uptime: 635, Memory: 94.8, In_Temperature: 51.1, CPU: 160, RSSI: -52, MAC: a8:42:e3:ab:ac:cc, F_Storage: 99.22",test/temperatura,16,0,0,177,0,0,0,0.0,0,0,0,0,0,64.0,5756.0,0,0,0,233,eth:ethertype:ip:tcp:mqtt:mqtt,34.5,94.8,51.1,160.0,-52.0,a8:42:e3:ab:ac:cc,,,,,0.0,Normal,0.0
1744319634180025,10.42.0.149,10.42.0.1,64837,1883,228,6,0,1,0,0,0,0,0,0,0,0,0,0.0,0,,0,0,,0,0,0,0,0,0,0,0,0.0,0,0,0,0,0,64.0,5755.0,0,0,0,54,eth:ethertype:ip:tcp,34.5,94.8,51.1,160.0,-52.0,a8:42:e3:ab:ac:cc,,,,,0.0,Normal,0.0
1744319664185632,10.42.0.149,10.42.0.1,64838,1883,0,0,1,0,0,0,0,0,0,0,0,0,0,0.0,0,,0,0,,0,0,0,0,0,0,0,0,0.0,0,0,0,0,0,64.0,5760.0,0,0,0,58,eth:ethertype:ip:tcp,34.5,94.8,51.1,160.0,-52.0,a8:42:e3:ab:ac:cc,,,,,0.0,Normal,0.0
1744319664191533,10.42.0.149,10.42.0.1,64838,1883,1,1,0,1,0,0,0,0,0,0,0,0,0,0.0,0,,0,0,,0,0,0,0,0,0,0,0,0.0,0,0,0,0,0,64.0,5760.0,0,0,0,54,eth:ethertype:ip:tcp,34.5,94.8,51.1,160.0,-52.0,a8:42:e3:ab:ac:cc,,,,,0.0,Normal,0.0
1744319664193573,10.42.0.149,10.42.0.1,64838,1883,1,1,0,1,0,0,1,0,3,0,0,0,0,0.0,0,,0,0,,0,0,0,0,0,0,0,0,0.0,0,0,0,0,0,64.0,5760.0,0,0,0,57,eth:ethertype:ip:tcp,34.5,94.8,51.1,160.0,-52.0,a8:42:e3:ab:ac:cc,,,,,0.0,Normal,0.0
1744319664197012,10.42.0.149,10.42.0.1,64838,1883,4,1,0,1,0,0,1,0,29,0,0,0,0,0.0,0,,0,0,,0,0,0,0,0,0,0,0,0.0,0,0,0,0,0,64.0,5760.0,0,0,0,83,eth:ethertype:ip:tcp,34.5,94.8,51.1,160.0,-52.0,a8:42:e3:ab:ac:cc,,,,,0.0,Normal,0.0
1744319664200453,10.42.0.149,10.42.0.1,64838,1883,33,1,0,1,0,0,1,0,12,0,0,0,0,0.0,0,,0,1,,0,0,0,1,42,4,MQTT,4,0.0,0,0,0,0,0,64.0,5760.0,0,0,esp32_a842e3abaccc,66,eth:ethertype:ip:tcp:mqtt,34.5,94.8,51.1,160.0,-52.0,a8:42:e3:ab:ac:cc,,,,,0.0,Normal,0.0
1744319664224494,10.42.0.149,10.42.0.1,64838,1883,45,5,0,1,0,0,1,0,3,0,0,0,0,0.0,0,,0,0,,0,0,0,0,0,0,0,0,0.0,0,0,0,0,0,64.0,5756.0,0,0,0,57,eth:ethertype:ip:tcp,34.5,94.8,51.1,160.0,-52.0,a8:42:e3:ab:ac:cc,,,,,0.0,Normal,0.0
1744319664236085,10.42.0.149,10.42.0.1,64838,1883,48,5,0,1,1,0,1,0,179,0,0,0,0,0.0,0,,0,3,"Wakeup: 0, Mode: 0, Reset: 1, Temperature: 25.9, Uptime: 665, Memory: 94.8, In_Temperature: 51.1, CPU: 160, RSSI: -52, MAC: a8:42:e3:ab:ac:cc, F_Storage: 99.22",test/temperatura,16,0,0,177,0,0,0,0.0,0,0,0,0,0,64.0,5756.0,0,0,0,233,eth:ethertype:ip:tcp:mqtt:mqtt,25.9,94.8,51.1,160.0,-52.0,a8:42:e3:ab:ac:cc,,,,,0.0,Normal,0.0
1744319664243134,10.42.0.149,10.42.0.1,64838,1883,228,6,0,1,0,0,0,0,0,0,0,0,0,0.0,0,,0,0,,0,0,0,0,0,0,0,0,0.0,0,0,0,0,0,64.0,5755.0,0,0,0,54,eth:ethertype:ip:tcp,25.9,94.8,51.1,160.0,-52.0,a8:42:e3:ab:ac:cc,,,,,0.0,Normal,0.0
1744319694244512,10.42.0.149,10.42.0.1,64839,1883,0,0,1,0,0,0,0,0,0,0,0,0,0,0.0,0,,0,0,,0,0,0,0,0,0,0,0,0.0,0,0,0,0,0,64.0,5760.0,0,0,0,58,eth:ethertype:ip:tcp,25.9,94.8,51.1,160.0,-52.0,a8:42:e3:ab:ac:cc,,,,,0.0,Normal,0.0
1744319694251907,10.42.0.149,10.42.0.1,64839,1883,1,1,0,1,0,0,0,0,0,0,0,0,0,0.0,0,,0,0,,0,0,0,0,0,0,0,0,0.0,0,0,0,0,0,64.0,5760.0,0,0,0,54,eth:ethertype:ip:tcp,25.9,94.8,51.1,160.0,-52.0,a8:42:e3:ab:ac:cc,,,,,0.0,Normal,0.0
1744319694251972,10.42.0.149,10.42.0.1,64839,1883,1,1,0,1,0,0,1,0,3,0,0,0,0,0.0,0,,0,0,,0,0,0,0,0,0,0,0,0.0,0,0,0,0,0,64.0,5760.0,0,0,0,57,eth:ethertype:ip:tcp,25.9,94.8,51.1,160.0,-52.0,a8:42:e3:ab:ac:cc,,,,,0.0,Normal,0.0
1744319694257969,10.42.0.149,10.42.0.1,64839,1883,4,1,0,1,0,0,1,0,41,0,0,0,0,0.0,0,,0,1,,0,0,0,1,42,4,MQTT,4,0.0,0,0,0,0,0,64.0,5760.0,0,0,esp32_a842e3abaccc,95,eth:ethertype:ip:tcp:mqtt,25.9,94.8,51.1,160.0,-52.0,a8:42:e3:ab:ac:cc,,,,,0.0,Normal,0.0
1744319694282098,10.42.0.149,10.42.0.1,64839,1883,45,5,0,1,0,0,1,0,3,0,0,0,0,0.0,0,,0,0,,0,0,0,0,0,0,0,0,0.0,0,0,0,0,0,64.0,5756.0,0,0,0,57,eth:ethertype:ip:tcp,25.9,94.8,51.1,160.0,-52.0,a8:42:e3:ab:ac:cc,,,,,0.0,Normal,0.0
1744319694295474,10.42.0.149,10.42.0.1,64839,1883,48,5,0,1,1,0,1,0,179,0,0,0,0,0.0,0,,0,3,"Wakeup: 0, Mode: 0, Reset: 1, Temperature: 37.0, Uptime: 695, Memory: 94.8, In_Temperature: 51.7, CPU: 160, RSSI: -55, MAC: a8:42:e3:ab:ac:cc, F_Storage: 99.22",test/temperatura,16,0,0,177,0,0,0,0.0,0,0,0,0,0,64.0,5756.0,0,0,0,233,eth:ethertype:ip:tcp:mqtt:mqtt,37.0,94.8,51.7,160.0,-55.0,a8:42:e3:ab:ac:cc,,,,,0.0,Normal,0.0
1744319694298562,10.42.0.149,10.42.0.1,64839,1883,228,6,0,1,0,0,0,0,0,0,0,0,0,0.0,0,,0,0,,0,0,0,0,0,0,0,0,0.0,0,0,0,0,0,64.0,5755.0,0,0,0,54,eth:ethertype:ip:tcp,37.0,94.8,51.7,160.0,-55.0,a8:42:e3:ab:ac:cc,,,,,0.0,Normal,0.0
1744319724304506,10.42.0.149,10.42.0.1,64840,1883,0,0,1,0,0,0,0,0,0,0,0,0,0,0.0,0,,0,0,,0,0,0,0,0,0,0,0,0.0,0,0,0,0,0,64.0,5760.0,0,0,0,58,eth:ethertype:ip:tcp,37.0,94.8,51.7,160.0,-55.0,a8:42:e3:ab:ac:cc,,,,,0.0,Normal,0.0
1744319724309141,10.42.0.149,10.42.0.1,64840,1883,1,1,0,1,0,0,0,0,0,0,0,0,0,0.0,0,,0,0,,0,0,0,0,0,0,0,0,0.0,0,0,0,0,0,64.0,5760.0,0,0,0,54,eth:ethertype:ip:tcp,37.0,94.8,51.7,160.0,-55.0,a8:42:e3:ab:ac:cc,,,,,0.0,Normal,0.0
1744319724311085,10.42.0.149,10.42.0.1,64840,1883,1,1,0,1,0,0,1,0,3,0,0,0,0,0.0,0,,0,0,,0,0,0,0,0,0,0,0,0.0,0,0,0,0,0,64.0,5760.0,0,0,0,57,eth:ethertype:ip:tcp,37.0,94.8,51.7,160.0,-55.0,a8:42:e3:ab:ac:cc,,,,,0.0,Normal,0.0
1744319724314690,10.42.0.149,10.42.0.1,64840,1883,4,1,0,1,0,0,1,0,29,0,0,0,0,0.0,0,,0,0,,0,0,0,0,0,0,0,0,0.0,0,0,0,0,0,64.0,5760.0,0,0,0,83,eth:ethertype:ip:tcp,37.0,94.8,51.7,160.0,-55.0,a8:42:e3:ab:ac:cc,,,,,0.0,Normal,0.0
1744319724317982,10.42.0.149,10.42.0.1,64840,1883,33,1,0,1,0,0,1,0,12,0,0,0,0,0.0,0,,0,1,,0,0,0,1,42,4,MQTT,4,0.0,0,0,0,0,0,64.0,5760.0,0,0,esp32_a842e3abaccc,66,eth:ethertype:ip:tcp:mqtt,37.0,94.8,51.7,160.0,-55.0,a8:42:e3:ab:ac:cc,,,,,0.0,Normal,0.0
1744319724342015,10.42.0.149,10.42.0.1,64840,1883,45,5,0,1,0,0,1,0,3,0,0,0,0,0.0,0,,0,0,,0,0,0,0,0,0,0,0,0.0,0,0,0,0,0,64.0,5756.0,0,0,0,57,eth:ethertype:ip:tcp,37.0,94.8,51.7,160.0,-55.0,a8:42:e3:ab:ac:cc,,,,,0.0,Normal,0.0
1744319724355663,10.42.0.149,10.42.0.1,64840,1883,48,5,0,1,1,0,1,0,179,0,0,0,0,0.0,0,,0,3,"Wakeup: 0, Mode: 0, Reset: 1, Temperature: 33.8, Uptime: 725, Memory: 94.8, In_Temperature: 51.7, CPU: 160, RSSI: -56, MAC: a8:42:e3:ab:ac:cc, F_Storage: 99.22",test/temperatura,16,0,0,177,0,0,0,0.0,0,0,0,0,0,64.0,5756.0,0,0,0,233,eth:ethertype:ip:tcp:mqtt:mqtt,33.8,94.8,51.7,160.0,-56.0,a8:42:e3:ab:ac:cc,,,,,0.0,Normal,0.0
1744319724359043,10.42.0.149,10.42.0.1,64840,1883,228,6,0,1,0,0,0,0,0,0,0,0,0,0.0,0,,0,0,,0,0,0,0,0,0,0,0,0.0,0,0,0,0,0,64.0,5755.0,0,0,0,54,eth:ethertype:ip:tcp,33.8,94.8,51.7,160.0,-56.0,a8:42:e3:ab:ac:cc,,,,,0.0,Normal,0.0
1744319754364574,10.42.0.149,10.42.0.1,64841,1883,0,0,1,0,0,0,0,0,0,0,0,0,0,0.0,0,,0,0,,0,0,0,0,0,0,0,0,0.0,0,0,0,0,0,64.0,5760.0,0,0,0,58,eth:ethertype:ip:tcp,33.8,94.8,51.7,160.0,-56.0,a8:42:e3:ab:ac:cc,,,,,0.0,Normal,0.0
1744319754369793,10.42.0.149,10.42.0.1,64841,1883,1,1,0,1,0,0,0,0,0,0,0,0,0,0.0,0,,0,0,,0,0,0,0,0,0,0,0,0.0,0,0,0,0,0,64.0,5760.0,0,0,0,54,eth:ethertype:ip:tcp,33.8,94.8,51.7,160.0,-56.0,a8:42:e3:ab:ac:cc,,,,,0.0,Normal,0.0
1744319754374169,10.42.0.149,10.42.0.1,64841,1883,1,1,0,1,0,0,1,0,3,0,0,0,0,0.0,0,,0,0,,0,0,0,0,0,0,0,0,0.0,0,0,0,0,0,64.0,5760.0,0,0,0,57,eth:ethertype:ip:tcp,33.8,94.8,51.7,160.0,-56.0,a8:42:e3:ab:ac:cc,,,,,0.0,Normal,0.0
1744319754377379,10.42.0.149,10.42.0.1,64841,1883,4,1,0,1,0,0,1,0,41,0,0,0,0,0.0,0,,0,1,,0,0,0,1,42,4,MQTT,4,0.0,0,0,0,0,0,64.0,5760.0,0,0,esp32_a842e3abaccc,95,eth:ethertype:ip:tcp:mqtt,33.8,94.8,51.7,160.0,-56.0,a8:42:e3:ab:ac:cc,,,,,0.0,Normal,0.0
1744319754401499,10.42.0.149,10.42.0.1,64841,1883,45,5,0,1,0,0,1,0,3,0,0,0,0,0.0,0,,0,0,,0,0,0,0,0,0,0,0,0.0,0,0,0,0,0,64.0,5756.0,0,0,0,57,eth:ethertype:ip:tcp,33.8,94.8,51.7,160.0,-56.0,a8:42:e3:ab:ac:cc,,,,,0.0,Normal,0.0
1744319754414541,10.42.0.149,10.42.0.1,64841,1883,48,5,0,1,1,0,1,0,179,0,0,0,0,0.0,0,,0,3,"Wakeup: 0, Mode: 0, Reset: 1, Temperature: 36.8, Uptime: 755, Memory: 94.8, In_Temperature: 51.1, CPU: 160, RSSI: -56, MAC: a8:42:e3:ab:ac:cc, F_Storage: 99.22",test/temperatura,16,0,0,177,0,0,0,0.0,0,0,0,0,0,64.0,5756.0,0,0,0,233,eth:ethertype:ip:tcp:mqtt:mqtt,36.8,94.8,51.1,160.0,-56.0,a8:42:e3:ab:ac:cc,,,,,0.0,Normal,0.0
1744319754417946,10.42.0.149,10.42.0.1,64841,1883,228,6,0,1,0,0,0,0,0,0,0,0,0,0.0,0,,0,0,,0,0,0,0,0,0,0,0,0.0,0,0,0,0,0,64.0,5755.0,0,0,0,54,eth:ethertype:ip:tcp,36.8,94.8,51.1,160.0,-56.0,a8:42:e3:ab:ac:cc,,,,,0.0,Normal,0.0
1744319784423469,10.42.0.149,10.42.0.1,64842,1883,0,0,1,0,0,0,0,0,0,0,0,0,0,0.0,0,,0,0,,0,0,0,0,0,0,0,0,0.0,0,0,0,0,0,64.0,5760.0,0,0,0,58,eth:ethertype:ip:tcp,36.8,94.8,51.1,160.0,-56.0,a8:42:e3:ab:ac:cc,,,,,0.0,Normal,0.0
1744319784427443,10.42.0.149,10.42.0.1,64842,1883,1,1,0,1,0,0,0,0,0,0,0,0,0,0.0,0,,0,0,,0,0,0,0,0,0,0,0,0.0,0,0,0,0,0,64.0,5760.0,0,0,0,54,eth:ethertype:ip:tcp,36.8,94.8,51.1,160.0,-56.0,a8:42:e3:ab:ac:cc,,,,,0.0,Normal,0.0
1744319784429579,10.42.0.149,10.42.0.1,64842,1883,1,1,0,1,0,0,1,0,3,0,0,0,0,0.0,0,,0,0,,0,0,0,0,0,0,0,0,0.0,0,0,0,0,0,64.0,5760.0,0,0,0,57,eth:ethertype:ip:tcp,36.8,94.8,51.1,160.0,-56.0,a8:42:e3:ab:ac:cc,,,,,0.0,Normal,0.0
1744319784433020,10.42.0.149,10.42.0.1,64842,1883,4,1,0,1,0,0,1,0,29,0,0,0,0,0.0,0,,0,0,,0,0,0,0,0,0,0,0,0.0,0,0,0,0,0,64.0,5760.0,0,0,0,83,eth:ethertype:ip:tcp,36.8,94.8,51.1,160.0,-56.0,a8:42:e3:ab:ac:cc,,,,,0.0,Normal,0.0
1744319784436169,10.42.0.149,10.42.0.1,64842,1883,33,1,0,1,0,0,1,0,12,0,0,0,0,0.0,0,,0,1,,0,0,0,1,42,4,MQTT,4,0.0,0,0,0,0,0,64.0,5760.0,0,0,esp32_a842e3abaccc,66,eth:ethertype:ip:tcp:mqtt,36.8,94.8,51.1,160.0,-56.0,a8:42:e3:ab:ac:cc,,,,,0.0,Normal,0.0
1744319784461781,10.42.0.149,10.42.0.1,64842,1883,45,5,0,1,0,0,1,0,3,0,0,0,0,0.0,0,,0,0,,0,0,0,0,0,0,0,0,0.0,0,0,0,0,0,64.0,5756.0,0,0,0,57,eth:ethertype:ip:tcp,36.8,94.8,51.1,160.0,-56.0,a8:42:e3:ab:ac:cc,,,,,0.0,Normal,0.0
1744319784473805,10.42.0.149,10.42.0.1,64842,1883,48,5,0,1,1,0,1,0,179,0,0,0,0,0.0,0,,0,3,"Wakeup: 0, Mode: 0, Reset: 1, Temperature: 39.2, Uptime: 785, Memory: 94.8, In_Temperature: 51.1, CPU: 160, RSSI: -52, MAC: a8:42:e3:ab:ac:cc, F_Storage: 99.22",test/temperatura,16,0,0,177,0,0,0,0.0,0,0,0,0,0,64.0,5756.0,0,0,0,233,eth:ethertype:ip:tcp:mqtt:mqtt,39.2,94.8,51.1,160.0,-52.0,a8:42:e3:ab:ac:cc,,,,,0.0,Normal,0.0
1744319784477365,10.42.0.149,10.42.0.1,64842,1883,228,6,0,1,0,0,0,0,0,0,0,0,0,0.0,0,,0,0,,0,0,0,0,0,0,0,0,0.0,0,0,0,0,0,64.0,5755.0,0,0,0,54,eth:ethertype:ip:tcp,39.2,94.8,51.1,160.0,-52.0,a8:42:e3:ab:ac:cc,,,,,0.0,Normal,0.0
1744319814492273,10.42.0.149,10.42.0.1,64843,1883,0,0,1,0,0,0,0,0,0,0,0,0,0,0.0,0,,0,0,,0,0,0,0,0,0,0,0,0.0,0,0,0,0,0,64.0,5760.0,0,0,0,58,eth:ethertype:ip:tcp,39.2,94.8,51.1,160.0,-52.0,a8:42:e3:ab:ac:cc,,,,,0.0,Normal,0.0
1744319814499454,10.42.0.149,10.42.0.1,64843,1883,1,1,0,1,0,0,0,0,0,0,0,0,0,0.0,0,,0,0,,0,0,0,0,0,0,0,0,0.0,0,0,0,0,0,64.0,5760.0,0,0,0,54,eth:ethertype:ip:tcp,39.2,94.8,51.1,160.0,-52.0,a8:42:e3:ab:ac:cc,,,,,0.0,Normal,0.0
1744319814500378,10.42.0.149,10.42.0.1,64843,1883,1,1,0,1,0,0,1,0,3,0,0,0,0,0.0,0,,0,0,,0,0,0,0,0,0,0,0,0.0,0,0,0,0,0,64.0,5760.0,0,0,0,57,eth:ethertype:ip:tcp,39.2,94.8,51.1,160.0,-52.0,a8:42:e3:ab:ac:cc,,,,,0.0,Normal,0.0
1744319814503658,10.42.0.149,10.42.0.1,64843,1883,4,1,0,1,0,0,1,0,37,0,0,0,0,0.0,0,,0,0,,0,0,0,0,0,0,0,0,0.0,0,0,0,0,0,64.0,5760.0,0,0,0,91,eth:ethertype:ip:tcp,39.2,94.8,51.1,160.0,-52.0,a8:42:e3:ab:ac:cc,,,,,0.0,Normal,0.0
1744319814506634,10.42.0.149,10.42.0.1,64843,1883,41,1,0,1,0,0,1,0,4,0,0,0,0,0.0,0,,0,1,,0,0,0,1,42,4,MQTT,4,0.0,0,0,0,0,0,64.0,5760.0,0,0,esp32_a842e3abaccc,58,eth:ethertype:ip:tcp:mqtt,39.2,94.8,51.1,160.0,-52.0,a8:42:e3:ab:ac:cc,,,,,0.0,Normal,0.0
1744319814530584,10.42.0.149,10.42.0.1,64843,1883,45,5,0,1,0,0,1,0,3,0,0,0,0,0.0,0,,0,0,,0,0,0,0,0,0,0,0,0.0,0,0,0,0,0,64.0,5756.0,0,0,0,57,eth:ethertype:ip:tcp,39.2,94.8,51.1,160.0,-52.0,a8:42:e3:ab:ac:cc,,,,,0.0,Normal,0.0
1744319814543071,10.42.0.149,10.42.0.1,64843,1883,48,5,0,1,1,0,1,0,179,0,0,0,0,0.0,0,,0,3,"Wakeup: 0, Mode: 0, Reset: 1, Temperature: 36.1, Uptime: 815, Memory: 94.8, In_Temperature: 51.7, CPU: 160, RSSI: -51, MAC: a8:42:e3:ab:ac:cc, F_Storage: 99.22",test/temperatura,16,0,0,177,0,0,0,0.0,0,0,0,0,0,64.0,5756.0,0,0,0,233,eth:ethertype:ip:tcp:mqtt:mqtt,36.1,94.8,51.7,160.0,-51.0,a8:42:e3:ab:ac:cc,,,,,0.0,Normal,0.0
1744319814546413,10.42.0.149,10.42.0.1,64843,1883,228,6,0,1,0,0,0,0,0,0,0,0,0,0.0,0,,0,0,,0,0,0,0,0,0,0,0,0.0,0,0,0,0,0,64.0,5755.0,0,0,0,54,eth:ethertype:ip:tcp,36.1,94.8,51.7,160.0,-51.0,a8:42:e3:ab:ac:cc,,,,,0.0,Normal,0.0
1744319844558497,10.42.0.149,10.42.0.1,64844,1883,0,0,1,0,0,0,0,0,0,0,0,0,0,0.0,0,,0,0,,0,0,0,0,0,0,0,0,0.0,0,0,0,0,0,64.0,5760.0,0,0,0,58,eth:ethertype:ip:tcp,36.1,94.8,51.7,160.0,-51.0,a8:42:e3:ab:ac:cc,,,,,0.0,Normal,0.0
1744319844563069,10.42.0.149,10.42.0.1,64844,1883,1,1,0,1,0,0,0,0,0,0,0,0,0,0.0,0,,0,0,,0,0,0,0,0,0,0,0,0.0,0,0,0,0,0,64.0,5760.0,0,0,0,54,eth:ethertype:ip:tcp,36.1,94.8,51.7,160.0,-51.0,a8:42:e3:ab:ac:cc,,,,,0.0,Normal,0.0
1744319844566860,10.42.0.149,10.42.0.1,64844,1883,1,1,0,1,0,0,1,0,3,0,0,0,0,0.0,0,,0,0,,0,0,0,0,0,0,0,0,0.0,0,0,0,0,0,64.0,5760.0,0,0,0,57,eth:ethertype:ip:tcp,36.1,94.8,51.7,160.0,-51.0,a8:42:e3:ab:ac:cc,,,,,0.0,Normal,0.0
1744319844572422,10.42.0.149,10.42.0.1,64844,1883,4,1,0,1,0,0,1,0,41,0,0,0,0,0.0,0,,0,1,,0,0,0,1,42,4,MQTT,4,0.0,0,0,0,0,0,64.0,5760.0,0,0,esp32_a842e3abaccc,95,eth:ethertype:ip:tcp:mqtt,36.1,94.8,51.7,160.0,-51.0,a8:42:e3:ab:ac:cc,,,,,0.0,Normal,0.0
1744319844609338,10.42.0.149,10.42.0.1,64844,1883,45,5,0,1,0,0,0,0,0,0,0,0,0,0.0,0,,0,0,,0,0,0,0,0,0,0,0,0.0,0,0,0,0,0,64.0,5756.0,0,0,0,54,eth:ethertype:ip:tcp,36.1,94.8,51.7,160.0,-51.0,a8:42:e3:ab:ac:cc,,,,,0.0,Normal,0.0
1744319844610001,10.42.0.149,10.42.0.1,64844,1883,45,5,0,1,0,0,1,0,3,0,0,0,0,0.0,0,,0,0,,0,0,0,0,0,0,0,0,0.0,0,0,0,0,0,64.0,5756.0,0,0,0,57,eth:ethertype:ip:tcp,36.1,94.8,51.7,160.0,-51.0,a8:42:e3:ab:ac:cc,,,,,0.0,Normal,0.0
1744319844612563,10.42.0.149,10.42.0.1,64844,1883,48,5,0,1,1,0,1,0,179,0,0,0,0,0.0,0,,0,3,"Wakeup: 0, Mode: 0, Reset: 1, Temperature: 31.8, Uptime: 846, Memory: 94.8, In_Temperature: 51.1, CPU: 160, RSSI: -52, MAC: a8:42:e3:ab:ac:cc, F_Storage: 99.22",test/temperatura,16,0,0,177,0,0,0,0.0,0,0,0,0,0,64.0,5756.0,0,0,0,233,eth:ethertype:ip:tcp:mqtt:mqtt,31.8,94.8,51.1,160.0,-52.0,a8:42:e3:ab:ac:cc,,,,,0.0,Normal,0.0
1744319844616015,10.42.0.149,10.42.0.1,64844,1883,228,6,0,1,0,0,0,0,0,0,0,0,0,0.0,0,,0,0,,0,0,0,0,0,0,0,0,0.0,0,0,0,0,0,64.0,5755.0,0,0,0,54,eth:ethertype:ip:tcp,31.8,94.8,51.1,160.0,-52.0,a8:42:e3:ab:ac:cc,,,,,0.0,Normal,0.0
1744319874621639,10.42.0.149,10.42.0.1,64845,1883,0,0,1,0,0,0,0,0,0,0,0,0,0,0.0,0,,0,0,,0,0,0,0,0,0,0,0,0.0,0,0,0,0,0,64.0,5760.0,0,0,0,58,eth:ethertype:ip:tcp,31.8,94.8,51.1,160.0,-52.0,a8:42:e3:ab:ac:cc,,,,,0.0,Normal,0.0
1744319874625380,10.42.0.149,10.42.0.1,64845,1883,1,1,0,1,0,0,0,0,0,0,0,0,0,0.0,0,,0,0,,0,0,0,0,0,0,0,0,0.0,0,0,0,0,0,64.0,5760.0,0,0,0,54,eth:ethertype:ip:tcp,31.8,94.8,51.1,160.0,-52.0,a8:42:e3:ab:ac:cc,,,,,0.0,Normal,0.0
1744319874627848,10.42.0.149,10.42.0.1,64845,1883,1,1,0,1,0,0,1,0,3,0,0,0,0,0.0,0,,0,0,,0,0,0,0,0,0,0,0,0.0,0,0,0,0,0,64.0,5760.0,0,0,0,57,eth:ethertype:ip:tcp,31.8,94.8,51.1,160.0,-52.0,a8:42:e3:ab:ac:cc,,,,,0.0,Normal,0.0
1744319874631812,10.42.0.149,10.42.0.1,64845,1883,4,1,0,1,0,0,1,0,29,0,0,0,0,0.0,0,,0,0,,0,0,0,0,0,0,0,0,0.0,0,0,0,0,0,64.0,5760.0,0,0,0,83,eth:ethertype:ip:tcp,31.8,94.8,51.1,160.0,-52.0,a8:42:e3:ab:ac:cc,,,,,0.0,Normal,0.0
1744319874635070,10.42.0.149,10.42.0.1,64845,1883,33,1,0,1,0,0,1,0,12,0,0,0,0,0.0,0,,0,1,,0,0,0,1,42,4,MQTT,4,0.0,0,0,0,0,0,64.0,5760.0,0,0,esp32_a842e3abaccc,66,eth:ethertype:ip:tcp:mqtt,31.8,94.8,51.1,160.0,-52.0,a8:42:e3:ab:ac:cc,,,,,0.0,Normal,0.0
1744319874659069,10.42.0.149,10.42.0.1,64845,1883,45,5,0,1,0,0,1,0,3,0,0,0,0,0.0,0,,0,0,,0,0,0,0,0,0,0,0,0.0,0,0,0,0,0,64.0,5756.0,0,0,0,57,eth:ethertype:ip:tcp,31.8,94.8,51.1,160.0,-52.0,a8:42:e3:ab:ac:cc,,,,,0.0,Normal,0.0
1744319874672473,10.42.0.149,10.42.0.1,64845,1883,48,5,0,1,1,0,1,0,179,0,0,0,0,0.0,0,,0,3,"Wakeup: 0, Mode: 0, Reset: 1, Temperature: 39.1, Uptime: 876, Memory: 94.8, In_Temperature: 51.7, CPU: 160, RSSI: -51, MAC: a8:42:e3:ab:ac:cc, F_Storage: 99.22",test/temperatura,16,0,0,177,0,0,0,0.0,0,0,0,0,0,64.0,5756.0,0,0,0,233,eth:ethertype:ip:tcp:mqtt:mqtt,39.1,94.8,51.7,160.0,-51.0,a8:42:e3:ab:ac:cc,,,,,0.0,Normal,0.0
1744319874677246,10.42.0.149,10.42.0.1,64845,1883,228,6,0,1,0,0,0,0,0,0,0,0,0,0.0,0,,0,0,,0,0,0,0,0,0,0,0,0.0,0,0,0,0,0,64.0,5755.0,0,0,0,54,eth:ethertype:ip:tcp,39.1,94.8,51.7,160.0,-51.0,a8:42:e3:ab:ac:cc,,,,,0.0,Normal,0.0
1744319904680844,10.42.0.149,10.42.0.1,64846,1883,0,0,1,0,0,0,0,0,0,0,0,0,0,0.0,0,,0,0,,0,0,0,0,0,0,0,0,0.0,0,0,0,0,0,64.0,5760.0,0,0,0,58,eth:ethertype:ip:tcp,39.1,94.8,51.7,160.0,-51.0,a8:42:e3:ab:ac:cc,,,,,0.0,Normal,0.0
1744319904685494,10.42.0.149,10.42.0.1,64846,1883,1,1,0,1,0,0,0,0,0,0,0,0,0,0.0,0,,0,0,,0,0,0,0,0,0,0,0,0.0,0,0,0,0,0,64.0,5760.0,0,0,0,54,eth:ethertype:ip:tcp,39.1,94.8,51.7,160.0,-51.0,a8:42:e3:ab:ac:cc,,,,,0.0,Normal,0.0
1744319904688410,10.42.0.149,10.42.0.1,64846,1883,1,1,0,1,0,0,1,0,3,0,0,0,0,0.0,0,,0,0,,0,0,0,0,0,0,0,0,0.0,0,0,0,0,0,64.0,5760.0,0,0,0,57,eth:ethertype:ip:tcp,39.1,94.8,51.7,160.0,-51.0,a8:42:e3:ab:ac:cc,,,,,0.0,Normal,0.0
1744319904693092,10.42.0.149,10.42.0.1,64846,1883,4,1,0,1,0,0,1,0,41,0,0,0,0,0.0,0,,0,1,,0,0,0,1,42,4,MQTT,4,0.0,0,0,0,0,0,64.0,5760.0,0,0,esp32_a842e3abaccc,95,eth:ethertype:ip:tcp:mqtt,39.1,94.8,51.7,160.0,-51.0,a8:42:e3:ab:ac:cc,,,,,0.0,Normal,0.0
1744319904719294,10.42.0.149,10.42.0.1,64846,1883,45,5,0,1,0,0,1,0,3,0,0,0,0,0.0,0,,0,0,,0,0,0,0,0,0,0,0,0.0,0,0,0,0,0,64.0,5756.0,0,0,0,57,eth:ethertype:ip:tcp,39.1,94.8,51.7,160.0,-51.0,a8:42:e3:ab:ac:cc,,,,,0.0,Normal,0.0
1744319904733110,10.42.0.149,10.42.0.1,64846,1883,48,5,0,1,1,0,1,0,179,0,0,0,0,0.0,0,,0,3,"Wakeup: 0, Mode: 0, Reset: 1, Temperature: 34.3, Uptime: 906, Memory: 94.8, In_Temperature: 51.7, CPU: 160, RSSI: -54, MAC: a8:42:e3:ab:ac:cc, F_Storage: 99.22",test/temperatura,16,0,0,177,0,0,0,0.0,0,0,0,0,0,64.0,5756.0,0,0,0,233,eth:ethertype:ip:tcp:mqtt:mqtt,34.3,94.8,51.7,160.0,-54.0,a8:42:e3:ab:ac:cc,,,,,0.0,Normal,0.0
1744319904769240,10.42.0.149,10.42.0.1,64846,1883,228,6,0,1,0,0,0,0,0,0,0,0,0,0.0,0,,0,0,,0,0,0,0,0,0,0,0,0.0,0,0,0,0,0,64.0,5755.0,0,0,0,54,eth:ethertype:ip:tcp,34.3,94.8,51.7,160.0,-54.0,a8:42:e3:ab:ac:cc,,,,,0.0,Normal,0.0
1744319934740439,10.42.0.149,10.42.0.1,64847,1883,0,0,1,0,0,0,0,0,0,0,0,0,0,0.0,0,,0,0,,0,0,0,0,0,0,0,0,0.0,0,0,0,0,0,64.0,5760.0,0,0,0,58,eth:ethertype:ip:tcp,34.3,94.8,51.7,160.0,-54.0,a8:42:e3:ab:ac:cc,,,,,0.0,Normal,0.0
1744319934744647,10.42.0.149,10.42.0.1,64847,1883,1,1,0,1,0,0,0,0,0,0,0,0,0,0.0,0,,0,0,,0,0,0,0,0,0,0,0,0.0,0,0,0,0,0,64.0,5760.0,0,0,0,54,eth:ethertype:ip:tcp,34.3,94.8,51.7,160.0,-54.0,a8:42:e3:ab:ac:cc,,,,,0.0,Normal,0.0
1744319934746539,10.42.0.149,10.42.0.1,64847,1883,1,1,0,1,0,0,1,0,3,0,0,0,0,0.0,0,,0,0,,0,0,0,0,0,0,0,0,0.0,0,0,0,0,0,64.0,5760.0,0,0,0,57,eth:ethertype:ip:tcp,34.3,94.8,51.7,160.0,-54.0,a8:42:e3:ab:ac:cc,,,,,0.0,Normal,0.0
1744319934750004,10.42.0.149,10.42.0.1,64847,1883,4,1,0,1,0,0,1,0,29,0,0,0,0,0.0,0,,0,0,,0,0,0,0,0,0,0,0,0.0,0,0,0,0,0,64.0,5760.0,0,0,0,83,eth:ethertype:ip:tcp,34.3,94.8,51.7,160.0,-54.0,a8:42:e3:ab:ac:cc,,,,,0.0,Normal,0.0
1744319934753047,10.42.0.149,10.42.0.1,64847,1883,33,1,0,1,0,0,1,0,12,0,0,0,0,0.0,0,,0,1,,0,0,0,1,42,4,MQTT,4,0.0,0,0,0,0,0,64.0,5760.0,0,0,esp32_a842e3abaccc,66,eth:ethertype:ip:tcp:mqtt,34.3,94.8,51.7,160.0,-54.0,a8:42:e3:ab:ac:cc,,,,,0.0,Normal,0.0
1744319934777078,10.42.0.149,10.42.0.1,64847,1883,45,5,0,1,0,0,1,0,3,0,0,0,0,0.0,0,,0,0,,0,0,0,0,0,0,0,0,0.0,0,0,0,0,0,64.0,5756.0,0,0,0,57,eth:ethertype:ip:tcp,34.3,94.8,51.7,160.0,-54.0,a8:42:e3:ab:ac:cc,,,,,0.0,Normal,0.0
1744319934791470,10.42.0.149,10.42.0.1,64847,1883,48,5,0,1,1,0,1,0,179,0,0,0,0,0.0,0,,0,3,"Wakeup: 0, Mode: 0, Reset: 1, Temperature: 40.0, Uptime: 936, Memory: 94.8, In_Temperature: 51.1, CPU: 160, RSSI: -52, MAC: a8:42:e3:ab:ac:cc, F_Storage: 99.22",test/temperatura,16,0,0,177,0,0,0,0.0,0,0,0,0,0,64.0,5756.0,0,0,0,233,eth:ethertype:ip:tcp:mqtt:mqtt,40.0,94.8,51.1,160.0,-52.0,a8:42:e3:ab:ac:cc,,,,,0.0,Normal,0.0
1744319934826904,10.42.0.149,10.42.0.1,64847,1883,228,6,0,1,0,0,0,0,0,0,0,0,0,0.0,0,,0,0,,0,0,0,0,0,0,0,0,0.0,0,0,0,0,0,64.0,5755.0,0,0,0,54,eth:ethertype:ip:tcp,40.0,94.8,51.1,160.0,-52.0,a8:42:e3:ab:ac:cc,,,,,0.0,Normal,0.0
1744319964801525,10.42.0.149,10.42.0.1,64848,1883,0,0,1,0,0,0,0,0,0,0,0,0,0,0.0,0,,0,0,,0,0,0,0,0,0,0,0,0.0,0,0,0,0,0,64.0,5760.0,0,0,0,58,eth:ethertype:ip:tcp,40.0,94.8,51.1,160.0,-52.0,a8:42:e3:ab:ac:cc,,,,,0.0,Normal,0.0
1744319964805542,10.42.0.149,10.42.0.1,64848,1883,1,1,0,1,0,0,0,0,0,0,0,0,0,0.0,0,,0,0,,0,0,0,0,0,0,0,0,0.0,0,0,0,0,0,64.0,5760.0,0,0,0,54,eth:ethertype:ip:tcp,40.0,94.8,51.1,160.0,-52.0,a8:42:e3:ab:ac:cc,,,,,0.0,Normal,0.0
1744319964807607,10.42.0.149,10.42.0.1,64848,1883,1,1,0,1,0,0,1,0,3,0,0,0,0,0.0,0,,0,0,,0,0,0,0,0,0,0,0,0.0,0,0,0,0,0,64.0,5760.0,0,0,0,57,eth:ethertype:ip:tcp,40.0,94.8,51.1,160.0,-52.0,a8:42:e3:ab:ac:cc,,,,,0.0,Normal,0.0
1744319964811095,10.42.0.149,10.42.0.1,64848,1883,4,1,0,1,0,0,1,0,29,0,0,0,0,0.0,0,,0,0,,0,0,0,0,0,0,0,0,0.0,0,0,0,0,0,64.0,5760.0,0,0,0,83,eth:ethertype:ip:tcp,40.0,94.8,51.1,160.0,-52.0,a8:42:e3:ab:ac:cc,,,,,0.0,Normal,0.0
1744319964814195,10.42.0.149,10.42.0.1,64848,1883,33,1,0,1,0,0,1,0,12,0,0,0,0,0.0,0,,0,1,,0,0,0,1,42,4,MQTT,4,0.0,0,0,0,0,0,64.0,5760.0,0,0,esp32_a842e3abaccc,66,eth:ethertype:ip:tcp:mqtt,40.0,94.8,51.1,160.0,-52.0,a8:42:e3:ab:ac:cc,,,,,0.0,Normal,0.0
1744319964861160,10.42.0.149,10.42.0.1,64848,1883,45,5,0,1,0,0,1,0,3,0,0,0,0,0.0,0,,0,0,,0,0,0,0,0,0,0,0,0.0,0,0,0,0,0,64.0,5756.0,0,0,0,57,eth:ethertype:ip:tcp,40.0,94.8,51.1,160.0,-52.0,a8:42:e3:ab:ac:cc,,,,,0.0,Normal,0.0
1744319964861779,10.42.0.149,10.42.0.1,64848,1883,48,5,0,1,1,0,1,0,179,0,0,0,0,0.0,0,,0,3,"Wakeup: 0, Mode: 0, Reset: 1, Temperature: 26.2, Uptime: 966, Memory: 94.9, In_Temperature: 51.7, CPU: 160, RSSI: -55, MAC: a8:42:e3:ab:ac:cc, F_Storage: 99.22",test/temperatura,16,0,0,177,0,0,0,0.0,0,0,0,0,0,64.0,5756.0,0,0,0,233,eth:ethertype:ip:tcp:mqtt:mqtt,26.2,94.9,51.7,160.0,-55.0,a8:42:e3:ab:ac:cc,,,,,0.0,Normal,0.0
1744319964865222,10.42.0.149,10.42.0.1,64848,1883,228,6,0,1,0,0,0,0,0,0,0,0,0,0.0,0,,0,0,,0,0,0,0,0,0,0,0,0.0,0,0,0,0,0,64.0,5755.0,0,0,0,54,eth:ethertype:ip:tcp,26.2,94.9,51.7,160.0,-55.0,a8:42:e3:ab:ac:cc,,,,,0.0,Normal,0.0
1744319994858401,10.42.0.149,10.42.0.1,64849,1883,0,0,1,0,0,0,0,0,0,0,0,0,0,0.0,0,,0,0,,0,0,0,0,0,0,0,0,0.0,0,0,0,0,0,64.0,5760.0,0,0,0,58,eth:ethertype:ip:tcp,26.2,94.9,51.7,160.0,-55.0,a8:42:e3:ab:ac:cc,,,,,0.0,Normal,0.0
1744319994862558,10.42.0.149,10.42.0.1,64849,1883,1,1,0,1,0,0,0,0,0,0,0,0,0,0.0,0,,0,0,,0,0,0,0,0,0,0,0,0.0,0,0,0,0,0,64.0,5760.0,0,0,0,54,eth:ethertype:ip:tcp,26.2,94.9,51.7,160.0,-55.0,a8:42:e3:ab:ac:cc,,,,,0.0,Normal,0.0
1744319994864313,10.42.0.149,10.42.0.1,64849,1883,1,1,0,1,0,0,1,0,3,0,0,0,0,0.0,0,,0,0,,0,0,0,0,0,0,0,0,0.0,0,0,0,0,0,64.0,5760.0,0,0,0,57,eth:ethertype:ip:tcp,26.2,94.9,51.7,160.0,-55.0,a8:42:e3:ab:ac:cc,,,,,0.0,Normal,0.0
1744319994867817,10.42.0.149,10.42.0.1,64849,1883,4,1,0,1,0,0,1,0,29,0,0,0,0,0.0,0,,0,0,,0,0,0,0,0,0,0,0,0.0,0,0,0,0,0,64.0,5760.0,0,0,0,83,eth:ethertype:ip:tcp,26.2,94.9,51.7,160.0,-55.0,a8:42:e3:ab:ac:cc,,,,,0.0,Normal,0.0
1744319994870876,10.42.0.149,10.42.0.1,64849,1883,33,1,0,1,0,0,1,0,12,0,0,0,0,0.0,0,,0,1,,0,0,0,1,42,4,MQTT,4,0.0,0,0,0,0,0,64.0,5760.0,0,0,esp32_a842e3abaccc,66,eth:ethertype:ip:tcp:mqtt,26.2,94.9,51.7,160.0,-55.0,a8:42:e3:ab:ac:cc,,,,,0.0,Normal,0.0
1744319994896211,10.42.0.149,10.42.0.1,64849,1883,45,5,0,1,0,0,1,0,3,0,0,0,0,0.0,0,,0,0,,0,0,0,0,0,0,0,0,0.0,0,0,0,0,0,64.0,5756.0,0,0,0,57,eth:ethertype:ip:tcp,26.2,94.9,51.7,160.0,-55.0,a8:42:e3:ab:ac:cc,,,,,0.0,Normal,0.0
1744319994933682,10.42.0.149,10.42.0.1,64849,1883,48,5,0,1,1,0,1,0,179,0,0,0,0,0.0,0,,0,3,"Wakeup: 0, Mode: 0, Reset: 1, Temperature: 37.1, Uptime: 996, Memory: 94.8, In_Temperature: 51.1, CPU: 160, RSSI: -51, MAC: a8:42:e3:ab:ac:cc, F_Storage: 99.22",test/temperatura,16,0,0,177,0,0,0,0.0,0,0,0,0,0,64.0,5756.0,0,0,0,233,eth:ethertype:ip:tcp:mqtt:mqtt,37.1,94.8,51.1,160.0,-51.0,a8:42:e3:ab:ac:cc,,,,,0.0,Normal,0.0
1744319994937536,10.42.0.149,10.42.0.1,64849,1883,228,6,0,1,0,0,0,0,0,0,0,0,0,0.0,0,,0,0,,0,0,0,0,0,0,0,0,0.0,0,0,0,0,0,64.0,5755.0,0,0,0,54,eth:ethertype:ip:tcp,37.1,94.8,51.1,160.0,-51.0,a8:42:e3:ab:ac:cc,,,,,0.0,Normal,0.0
1744320024918578,10.42.0.149,10.42.0.1,64850,1883,0,0,1,0,0,0,0,0,0,0,0,0,0,0.0,0,,0,0,,0,0,0,0,0,0,0,0,0.0,0,0,0,0,0,64.0,5760.0,0,0,0,58,eth:ethertype:ip:tcp,37.1,94.8,51.1,160.0,-51.0,a8:42:e3:ab:ac:cc,,,,,0.0,Normal,0.0
1744320024922749,10.42.0.149,10.42.0.1,64850,1883,1,1,0,1,0,0,0,0,0,0,0,0,0,0.0,0,,0,0,,0,0,0,0,0,0,0,0,0.0,0,0,0,0,0,64.0,5760.0,0,0,0,54,eth:ethertype:ip:tcp,37.1,94.8,51.1,160.0,-51.0,a8:42:e3:ab:ac:cc,,,,,0.0,Normal,0.0
1744320024924971,10.42.0.149,10.42.0.1,64850,1883,1,1,0,1,0,0,1,0,3,0,0,0,0,0.0,0,,0,0,,0,0,0,0,0,0,0,0,0.0,0,0,0,0,0,64.0,5760.0,0,0,0,57,eth:ethertype:ip:tcp,37.1,94.8,51.1,160.0,-51.0,a8:42:e3:ab:ac:cc,,,,,0.0,Normal,0.0
1744320024928459,10.42.0.149,10.42.0.1,64850,1883,4,1,0,1,0,0,1,0,29,0,0,0,0,0.0,0,,0,0,,0,0,0,0,0,0,0,0,0.0,0,0,0,0,0,64.0,5760.0,0,0,0,83,eth:ethertype:ip:tcp,37.1,94.8,51.1,160.0,-51.0,a8:42:e3:ab:ac:cc,,,,,0.0,Normal,0.0
1744320024932196,10.42.0.149,10.42.0.1,64850,1883,33,1,0,1,0,0,1,0,12,0,0,0,0,0.0,0,,0,1,,0,0,0,1,42,4,MQTT,4,0.0,0,0,0,0,0,64.0,5760.0,0,0,esp32_a842e3abaccc,66,eth:ethertype:ip:tcp:mqtt,37.1,94.8,51.1,160.0,-51.0,a8:42:e3:ab:ac:cc,,,,,0.0,Normal,0.0
1744320024972675,10.42.0.149,10.42.0.1,64850,1883,45,5,0,1,0,0,1,0,3,0,0,0,0,0.0,0,,0,0,,0,0,0,0,0,0,0,0,0.0,0,0,0,0,0,64.0,5756.0,0,0,0,57,eth:ethertype:ip:tcp,37.1,94.8,51.1,160.0,-51.0,a8:42:e3:ab:ac:cc,,,,,0.0,Normal,0.0
1744320024973184,10.42.0.149,10.42.0.1,64850,1883,48,5,0,1,1,0,1,0,180,0,0,0,0,0.0,0,,0,3,"Wakeup: 0, Mode: 0, Reset: 1, Temperature: 26.1, Uptime: 1026, Memory: 94.8, In_Temperature: 51.7, CPU: 160, RSSI: -51, MAC: a8:42:e3:ab:ac:cc, F_Storage: 99.22",test/temperatura,16,0,0,178,0,0,0,0.0,0,0,0,0,0,64.0,5756.0,0,0,0,234,eth:ethertype:ip:tcp:mqtt:mqtt,26.1,94.8,51.7,160.0,-51.0,a8:42:e3:ab:ac:cc,,,,,0.0,Normal,0.0
1744320024976653,10.42.0.149,10.42.0.1,64850,1883,229,6,0,1,0,0,0,0,0,0,0,0,0,0.0,0,,0,0,,0,0,0,0,0,0,0,0,0.0,0,0,0,0,0,64.0,5755.0,0,0,0,54,eth:ethertype:ip:tcp,26.1,94.8,51.7,160.0,-51.0,a8:42:e3:ab:ac:cc,,,,,0.0,Normal,0.0
1744320054977818,10.42.0.149,10.42.0.1,64851,1883,0,0,1,0,0,0,0,0,0,0,0,0,0,0.0,0,,0,0,,0,0,0,0,0,0,0,0,0.0,0,0,0,0,0,64.0,5760.0,0,0,0,58,eth:ethertype:ip:tcp,26.1,94.8,51.7,160.0,-51.0,a8:42:e3:ab:ac:cc,,,,,0.0,Normal,0.0
1744320054982025,10.42.0.149,10.42.0.1,64851,1883,1,1,0,1,0,0,0,0,0,0,0,0,0,0.0,0,,0,0,,0,0,0,0,0,0,0,0,0.0,0,0,0,0,0,64.0,5760.0,0,0,0,54,eth:ethertype:ip:tcp,26.1,94.8,51.7,160.0,-51.0,a8:42:e3:ab:ac:cc,,,,,0.0,Normal,0.0
1744320054984193,10.42.0.149,10.42.0.1,64851,1883,1,1,0,1,0,0,1,0,3,0,0,0,0,0.0,0,,0,0,,0,0,0,0,0,0,0,0,0.0,0,0,0,0,0,64.0,5760.0,0,0,0,57,eth:ethertype:ip:tcp,26.1,94.8,51.7,160.0,-51.0,a8:42:e3:ab:ac:cc,,,,,0.0,Normal,0.0
1744320054988137,10.42.0.149,10.42.0.1,64851,1883,4,1,0,1,0,0,1,0,29,0,0,0,0,0.0,0,,0,0,,0,0,0,0,0,0,0,0,0.0,0,0,0,0,0,64.0,5760.0,0,0,0,83,eth:ethertype:ip:tcp,26.1,94.8,51.7,160.0,-51.0,a8:42:e3:ab:ac:cc,,,,,0.0,Normal,0.0
1744320054991180,10.42.0.149,10.42.0.1,64851,1883,33,1,0,1,0,0,1,0,12,0,0,0,0,0.0,0,,0,1,,0,0,0,1,42,4,MQTT,4,0.0,0,0,0,0,0,64.0,5760.0,0,0,esp32_a842e3abaccc,66,eth:ethertype:ip:tcp:mqtt,26.1,94.8,51.7,160.0,-51.0,a8:42:e3:ab:ac:cc,,,,,0.0,Normal,0.0
1744320055018809,10.42.0.149,10.42.0.1,64851,1883,45,5,0,1,0,0,1,0,3,0,0,0,0,0.0,0,,0,0,,0,0,0,0,0,0,0,0,0.0,0,0,0,0,0,64.0,5756.0,0,0,0,57,eth:ethertype:ip:tcp,26.1,94.8,51.7,160.0,-51.0,a8:42:e3:ab:ac:cc,,,,,0.0,Normal,0.0
1744320055028779,10.42.0.149,10.42.0.1,64851,1883,48,5,0,1,1,0,1,0,180,0,0,0,0,0.0,0,,0,3,"Wakeup: 0, Mode: 0, Reset: 1, Temperature: 34.4, Uptime: 1056, Memory: 94.8, In_Temperature: 51.7, CPU: 160, RSSI: -56, MAC: a8:42:e3:ab:ac:cc, F_Storage: 99.22",test/temperatura,16,0,0,178,0,0,0,0.0,0,0,0,0,0,64.0,5756.0,0,0,0,234,eth:ethertype:ip:tcp:mqtt:mqtt,34.4,94.8,51.7,160.0,-56.0,a8:42:e3:ab:ac:cc,,,,,0.0,Normal,0.0
1744320055032229,10.42.0.149,10.42.0.1,64851,1883,229,6,0,1,0,0,0,0,0,0,0,0,0,0.0,0,,0,0,,0,0,0,0,0,0,0,0,0.0,0,0,0,0,0,64.0,5755.0,0,0,0,54,eth:ethertype:ip:tcp,34.4,94.8,51.7,160.0,-56.0,a8:42:e3:ab:ac:cc,,,,,0.0,Normal,0.0
1744320085038266,10.42.0.149,10.42.0.1,64852,1883,0,0,1,0,0,0,0,0,0,0,0,0,0,0.0,0,,0,0,,0,0,0,0,0,0,0,0,0.0,0,0,0,0,0,64.0,5760.0,0,0,0,58,eth:ethertype:ip:tcp,34.4,94.8,51.7,160.0,-56.0,a8:42:e3:ab:ac:cc,,,,,0.0,Normal,0.0
1744320085042258,10.42.0.149,10.42.0.1,64852,1883,1,1,0,1,0,0,0,0,0,0,0,0,0,0.0,0,,0,0,,0,0,0,0,0,0,0,0,0.0,0,0,0,0,0,64.0,5760.0,0,0,0,54,eth:ethertype:ip:tcp,34.4,94.8,51.7,160.0,-56.0,a8:42:e3:ab:ac:cc,,,,,0.0,Normal,0.0
1744320085044294,10.42.0.149,10.42.0.1,64852,1883,1,1,0,1,0,0,1,0,3,0,0,0,0,0.0,0,,0,0,,0,0,0,0,0,0,0,0,0.0,0,0,0,0,0,64.0,5760.0,0,0,0,57,eth:ethertype:ip:tcp,34.4,94.8,51.7,160.0,-56.0,a8:42:e3:ab:ac:cc,,,,,0.0,Normal,0.0
1744320085048038,10.42.0.149,10.42.0.1,64852,1883,4,1,0,1,0,0,1,0,31,0,0,0,0,0.0,0,,0,0,,0,0,0,0,0,0,0,0,0.0,0,0,0,0,0,64.0,5760.0,0,0,0,85,eth:ethertype:ip:tcp,34.4,94.8,51.7,160.0,-56.0,a8:42:e3:ab:ac:cc,,,,,0.0,Normal,0.0
1744320085051146,10.42.0.149,10.42.0.1,64852,1883,35,1,0,1,0,0,1,0,10,0,0,0,0,0.0,0,,0,1,,0,0,0,1,42,4,MQTT,4,0.0,0,0,0,0,0,64.0,5760.0,0,0,esp32_a842e3abaccc,64,eth:ethertype:ip:tcp:mqtt,34.4,94.8,51.7,160.0,-56.0,a8:42:e3:ab:ac:cc,,,,,0.0,Normal,0.0
1744320085075352,10.42.0.149,10.42.0.1,64852,1883,45,5,0,1,0,0,1,0,3,0,0,0,0,0.0,0,,0,0,,0,0,0,0,0,0,0,0,0.0,0,0,0,0,0,64.0,5756.0,0,0,0,57,eth:ethertype:ip:tcp,34.4,94.8,51.7,160.0,-56.0,a8:42:e3:ab:ac:cc,,,,,0.0,Normal,0.0
1744320085088087,10.42.0.149,10.42.0.1,64852,1883,48,5,0,1,1,0,1,0,180,0,0,0,0,0.0,0,,0,3,"Wakeup: 0, Mode: 0, Reset: 1, Temperature: 30.8, Uptime: 1086, Memory: 94.8, In_Temperature: 51.7, CPU: 160, RSSI: -55, MAC: a8:42:e3:ab:ac:cc, F_Storage: 99.22",test/temperatura,16,0,0,178,0,0,0,0.0,0,0,0,0,0,64.0,5756.0,0,0,0,234,eth:ethertype:ip:tcp:mqtt:mqtt,30.8,94.8,51.7,160.0,-55.0,a8:42:e3:ab:ac:cc,,,,,0.0,Normal,0.0
1744320085091495,10.42.0.149,10.42.0.1,64852,1883,229,6,0,1,0,0,0,0,0,0,0,0,0,0.0,0,,0,0,,0,0,0,0,0,0,0,0,0.0,0,0,0,0,0,64.0,5755.0,0,0,0,54,eth:ethertype:ip:tcp,30.8,94.8,51.7,160.0,-55.0,a8:42:e3:ab:ac:cc,,,,,0.0,Normal,0.0
1744320115101519,10.42.0.149,10.42.0.1,64853,1883,0,0,1,0,0,0,0,0,0,0,0,0,0,0.0,0,,0,0,,0,0,0,0,0,0,0,0,0.0,0,0,0,0,0,64.0,5760.0,0,0,0,58,eth:ethertype:ip:tcp,30.8,94.8,51.7,160.0,-55.0,a8:42:e3:ab:ac:cc,,,,,0.0,Normal,0.0
1744320115105220,10.42.0.149,10.42.0.1,64853,1883,1,1,0,1,0,0,0,0,0,0,0,0,0,0.0,0,,0,0,,0,0,0,0,0,0,0,0,0.0,0,0,0,0,0,64.0,5760.0,0,0,0,54,eth:ethertype:ip:tcp,30.8,94.8,51.7,160.0,-55.0,a8:42:e3:ab:ac:cc,,,,,0.0,Normal,0.0
1744320115108361,10.42.0.149,10.42.0.1,64853,1883,1,1,0,1,0,0,1,0,3,0,0,0,0,0.0,0,,0,0,,0,0,0,0,0,0,0,0,0.0,0,0,0,0,0,64.0,5760.0,0,0,0,57,eth:ethertype:ip:tcp,30.8,94.8,51.7,160.0,-55.0,a8:42:e3:ab:ac:cc,,,,,0.0,Normal,0.0
1744320115113760,10.42.0.149,10.42.0.1,64853,1883,4,1,0,1,0,0,1,0,41,0,0,0,0,0.0,0,,0,1,,0,0,0,1,42,4,MQTT,4,0.0,0,0,0,0,0,64.0,5760.0,0,0,esp32_a842e3abaccc,95,eth:ethertype:ip:tcp:mqtt,30.8,94.8,51.7,160.0,-55.0,a8:42:e3:ab:ac:cc,,,,,0.0,Normal,0.0
1744320115150757,10.42.0.149,10.42.0.1,64853,1883,45,5,0,1,0,0,1,0,3,0,0,0,0,0.0,0,,0,0,,0,0,0,0,0,0,0,0,0.0,0,0,0,0,0,64.0,5756.0,0,0,0,57,eth:ethertype:ip:tcp,30.8,94.8,51.7,160.0,-55.0,a8:42:e3:ab:ac:cc,,,,,0.0,Normal,0.0
1744320115151535,10.42.0.149,10.42.0.1,64853,1883,48,5,0,1,1,0,1,0,180,0,0,0,0,0.0,0,,0,3,"Wakeup: 0, Mode: 0, Reset: 1, Temperature: 39.1, Uptime: 1116, Memory: 94.8, In_Temperature: 51.7, CPU: 160, RSSI: -54, MAC: a8:42:e3:ab:ac:cc, F_Storage: 99.22",test/temperatura,16,0,0,178,0,0,0,0.0,0,0,0,0,0,64.0,5756.0,0,0,0,234,eth:ethertype:ip:tcp:mqtt:mqtt,39.1,94.8,51.7,160.0,-54.0,a8:42:e3:ab:ac:cc,,,,,0.0,Normal,0.0
1744320115185035,10.42.0.149,10.42.0.1,64853,1883,229,6,0,1,0,0,0,0,0,0,0,0,0,0.0,0,,0,0,,0,0,0,0,0,0,0,0,0.0,0,0,0,0,0,64.0,5755.0,0,0,0,54,eth:ethertype:ip:tcp,39.1,94.8,51.7,160.0,-54.0,a8:42:e3:ab:ac:cc,,,,,0.0,Normal,0.0
1744320145164542,10.42.0.149,10.42.0.1,64854,1883,0,0,1,0,0,0,0,0,0,0,0,0,0,0.0,0,,0,0,,0,0,0,0,0,0,0,0,0.0,0,0,0,0,0,64.0,5760.0,0,0,0,58,eth:ethertype:ip:tcp,39.1,94.8,51.7,160.0,-54.0,a8:42:e3:ab:ac:cc,,,,,0.0,Normal,0.0
1744320145174836,10.42.0.149,10.42.0.1,64854,1883,1,1,0,1,0,0,0,0,0,0,0,0,0,0.0,0,,0,0,,0,0,0,0,0,0,0,0,0.0,0,0,0,0,0,64.0,5760.0,0,0,0,54,eth:ethertype:ip:tcp,39.1,94.8,51.7,160.0,-54.0,a8:42:e3:ab:ac:cc,,,,,0.0,Normal,0.0
1744320145175390,10.42.0.149,10.42.0.1,64854,1883,1,1,0,1,0,0,1,0,3,0,0,0,0,0.0,0,,0,0,,0,0,0,0,0,0,0,0,0.0,0,0,0,0,0,64.0,5760.0,0,0,0,57,eth:ethertype:ip:tcp,39.1,94.8,51.7,160.0,-54.0,a8:42:e3:ab:ac:cc,,,,,0.0,Normal,0.0
1744320145178401,10.42.0.149,10.42.0.1,64854,1883,4,1,0,1,0,0,1,0,41,0,0,0,0,0.0,0,,0,1,,0,0,0,1,42,4,MQTT,4,0.0,0,0,0,0,0,64.0,5760.0,0,0,esp32_a842e3abaccc,95,eth:ethertype:ip:tcp:mqtt,39.1,94.8,51.7,160.0,-54.0,a8:42:e3:ab:ac:cc,,,,,0.0,Normal,0.0
1744320145219829,10.42.0.149,10.42.0.1,64854,1883,45,5,0,1,0,0,1,0,3,0,0,0,0,0.0,0,,0,0,,0,0,0,0,0,0,0,0,0.0,0,0,0,0,0,64.0,5756.0,0,0,0,57,eth:ethertype:ip:tcp,39.1,94.8,51.7,160.0,-54.0,a8:42:e3:ab:ac:cc,,,,,0.0,Normal,0.0
1744320145220434,10.42.0.149,10.42.0.1,64854,1883,48,5,0,1,1,0,1,0,180,0,0,0,0,0.0,0,,0,3,"Wakeup: 0, Mode: 0, Reset: 1, Temperature: 26.9, Uptime: 1146, Memory: 94.8, In_Temperature: 51.7, CPU: 160, RSSI: -52, MAC: a8:42:e3:ab:ac:cc, F_Storage: 99.22",test/temperatura,16,0,0,178,0,0,0,0.0,0,0,0,0,0,64.0,5756.0,0,0,0,234,eth:ethertype:ip:tcp:mqtt:mqtt,26.9,94.8,51.7,160.0,-52.0,a8:42:e3:ab:ac:cc,,,,,0.0,Normal,0.0
1744320145223868,10.42.0.149,10.42.0.1,64854,1883,229,6,0,1,0,0,0,0,0,0,0,0,0,0.0,0,,0,0,,0,0,0,0,0,0,0,0,0.0,0,0,0,0,0,64.0,5755.0,0,0,0,54,eth:ethertype:ip:tcp,26.9,94.8,51.7,160.0,-52.0,a8:42:e3:ab:ac:cc,,,,,0.0,Normal,0.0
1744320175226238,10.42.0.149,10.42.0.1,64855,1883,0,0,1,0,0,0,0,0,0,0,0,0,0,0.0,0,,0,0,,0,0,0,0,0,0,0,0,0.0,0,0,0,0,0,64.0,5760.0,0,0,0,58,eth:ethertype:ip:tcp,26.9,94.8,51.7,160.0,-52.0,a8:42:e3:ab:ac:cc,,,,,0.0,Normal,0.0
1744320175260117,10.42.0.149,10.42.0.1,64855,1883,1,1,0,1,0,0,0,0,0,0,0,0,0,0.0,0,,0,0,,0,0,0,0,0,0,0,0,0.0,0,0,0,0,0,64.0,5760.0,0,0,0,54,eth:ethertype:ip:tcp,26.9,94.8,51.7,160.0,-52.0,a8:42:e3:ab:ac:cc,,,,,0.0,Normal,0.0
1744320175260582,10.42.0.149,10.42.0.1,64855,1883,1,1,0,1,0,0,1,0,3,0,0,0,0,0.0,0,,0,0,,0,0,0,0,0,0,0,0,0.0,0,0,0,0,0,64.0,5760.0,0,0,0,57,eth:ethertype:ip:tcp,26.9,94.8,51.7,160.0,-52.0,a8:42:e3:ab:ac:cc,,,,,0.0,Normal,0.0
1744320175294213,10.42.0.149,10.42.0.1,64855,1883,4,1,0,1,0,0,1,0,41,0,0,0,0,0.0,0,,0,1,,0,0,0,1,42,4,MQTT,4,0.0,0,0,0,0,0,64.0,5760.0,0,0,esp32_a842e3abaccc,95,eth:ethertype:ip:tcp:mqtt,26.9,94.8,51.7,160.0,-52.0,a8:42:e3:ab:ac:cc,,,,,0.0,Normal,0.0
1744320175319700,10.42.0.149,10.42.0.1,64855,1883,45,5,0,1,0,0,1,0,3,0,0,0,0,0.0,0,,0,0,,0,0,0,0,0,0,0,0,0.0,0,0,0,0,0,64.0,5756.0,0,0,0,57,eth:ethertype:ip:tcp,26.9,94.8,51.7,160.0,-52.0,a8:42:e3:ab:ac:cc,,,,,0.0,Normal,0.0
1744320175336494,10.42.0.149,10.42.0.1,64855,1883,48,5,0,1,1,0,1,0,180,0,0,0,0,0.0,0,,0,3,"Wakeup: 0, Mode: 0, Reset: 1, Temperature: 32.2, Uptime: 1176, Memory: 94.8, In_Temperature: 51.7, CPU: 160, RSSI: -52, MAC: a8:42:e3:ab:ac:cc, F_Storage: 99.22",test/temperatura,16,0,0,178,0,0,0,0.0,0,0,0,0,0,64.0,5756.0,0,0,0,234,eth:ethertype:ip:tcp:mqtt:mqtt,32.2,94.8,51.7,160.0,-52.0,a8:42:e3:ab:ac:cc,,,,,0.0,Normal,0.0
1744320175341107,10.42.0.149,10.42.0.1,64855,1883,229,6,0,1,0,0,0,0,0,0,0,0,0,0.0,0,,0,0,,0,0,0,0,0,0,0,0,0.0,0,0,0,0,0,64.0,5755.0,0,0,0,54,eth:ethertype:ip:tcp,32.2,94.8,51.7,160.0,-52.0,a8:42:e3:ab:ac:cc,,,,,0.0,Normal,0.0
1744320205345162,10.42.0.149,10.42.0.1,64856,1883,0,0,1,0,0,0,0,0,0,0,0,0,0,0.0,0,,0,0,,0,0,0,0,0,0,0,0,0.0,0,0,0,0,0,64.0,5760.0,0,0,0,58,eth:ethertype:ip:tcp,32.2,94.8,51.7,160.0,-52.0,a8:42:e3:ab:ac:cc,,,,,0.0,Normal,0.0
1744320205349456,10.42.0.149,10.42.0.1,64856,1883,1,1,0,1,0,0,0,0,0,0,0,0,0,0.0,0,,0,0,,0,0,0,0,0,0,0,0,0.0,0,0,0,0,0,64.0,5760.0,0,0,0,54,eth:ethertype:ip:tcp,32.2,94.8,51.7,160.0,-52.0,a8:42:e3:ab:ac:cc,,,,,0.0,Normal,0.0
1744320205351479,10.42.0.149,10.42.0.1,64856,1883,1,1,0,1,0,0,1,0,3,0,0,0,0,0.0,0,,0,0,,0,0,0,0,0,0,0,0,0.0,0,0,0,0,0,64.0,5760.0,0,0,0,57,eth:ethertype:ip:tcp,32.2,94.8,51.7,160.0,-52.0,a8:42:e3:ab:ac:cc,,,,,0.0,Normal,0.0
1744320205355476,10.42.0.149,10.42.0.1,64856,1883,4,1,0,1,0,0,1,0,29,0,0,0,0,0.0,0,,0,0,,0,0,0,0,0,0,0,0,0.0,0,0,0,0,0,64.0,5760.0,0,0,0,83,eth:ethertype:ip:tcp,32.2,94.8,51.7,160.0,-52.0,a8:42:e3:ab:ac:cc,,,,,0.0,Normal,0.0
1744320205358513,10.42.0.149,10.42.0.1,64856,1883,33,1,0,1,0,0,1,0,12,0,0,0,0,0.0,0,,0,1,,0,0,0,1,42,4,MQTT,4,0.0,0,0,0,0,0,64.0,5760.0,0,0,esp32_a842e3abaccc,66,eth:ethertype:ip:tcp:mqtt,32.2,94.8,51.7,160.0,-52.0,a8:42:e3:ab:ac:cc,,,,,0.0,Normal,0.0
1744320205382765,10.42.0.149,10.42.0.1,64856,1883,45,5,0,1,0,0,1,0,3,0,0,0,0,0.0,0,,0,0,,0,0,0,0,0,0,0,0,0.0,0,0,0,0,0,64.0,5756.0,0,0,0,57,eth:ethertype:ip:tcp,32.2,94.8,51.7,160.0,-52.0,a8:42:e3:ab:ac:cc,,,,,0.0,Normal,0.0
1744320205395762,10.42.0.149,10.42.0.1,64856,1883,48,5,0,1,1,0,1,0,180,0,0,0,0,0.0,0,,0,3,"Wakeup: 0, Mode: 0, Reset: 1, Temperature: 39.3, Uptime: 1206, Memory: 94.8, In_Temperature: 51.7, CPU: 160, RSSI: -55, MAC: a8:42:e3:ab:ac:cc, F_Storage: 99.22",test/temperatura,16,0,0,178,0,0,0,0.0,0,0,0,0,0,64.0,5756.0,0,0,0,234,eth:ethertype:ip:tcp:mqtt:mqtt,39.3,94.8,51.7,160.0,-55.0,a8:42:e3:ab:ac:cc,,,,,0.0,Normal,0.0
1744320205399208,10.42.0.149,10.42.0.1,64856,1883,229,6,0,1,0,0,0,0,0,0,0,0,0,0.0,0,,0,0,,0,0,0,0,0,0,0,0,0.0,0,0,0,0,0,64.0,5755.0,0,0,0,54,eth:ethertype:ip:tcp,39.3,94.8,51.7,160.0,-55.0,a8:42:e3:ab:ac:cc,,,,,0.0,Normal,0.0
1744320235403798,10.42.0.149,10.42.0.1,64857,1883,0,0,1,0,0,0,0,0,0,0,0,0,0,0.0,0,,0,0,,0,0,0,0,0,0,0,0,0.0,0,0,0,0,0,64.0,5760.0,0,0,0,58,eth:ethertype:ip:tcp,39.3,94.8,51.7,160.0,-55.0,a8:42:e3:ab:ac:cc,,,,,0.0,Normal,0.0
1744320235407587,10.42.0.149,10.42.0.1,64857,1883,1,1,0,1,0,0,0,0,0,0,0,0,0,0.0,0,,0,0,,0,0,0,0,0,0,0,0,0.0,0,0,0,0,0,64.0,5760.0,0,0,0,54,eth:ethertype:ip:tcp,39.3,94.8,51.7,160.0,-55.0,a8:42:e3:ab:ac:cc,,,,,0.0,Normal,0.0
1744320235409912,10.42.0.149,10.42.0.1,64857,1883,1,1,0,1,0,0,1,0,3,0,0,0,0,0.0,0,,0,0,,0,0,0,0,0,0,0,0,0.0,0,0,0,0,0,64.0,5760.0,0,0,0,57,eth:ethertype:ip:tcp,39.3,94.8,51.7,160.0,-55.0,a8:42:e3:ab:ac:cc,,,,,0.0,Normal,0.0
1744320235413320,10.42.0.149,10.42.0.1,64857,1883,4,1,0,1,0,0,1,0,29,0,0,0,0,0.0,0,,0,0,,0,0,0,0,0,0,0,0,0.0,0,0,0,0,0,64.0,5760.0,0,0,0,83,eth:ethertype:ip:tcp,39.3,94.8,51.7,160.0,-55.0,a8:42:e3:ab:ac:cc,,,,,0.0,Normal,0.0
1744320235416503,10.42.0.149,10.42.0.1,64857,1883,33,1,0,1,0,0,1,0,12,0,0,0,0,0.0,0,,0,1,,0,0,0,1,42,4,MQTT,4,0.0,0,0,0,0,0,64.0,5760.0,0,0,esp32_a842e3abaccc,66,eth:ethertype:ip:tcp:mqtt,39.3,94.8,51.7,160.0,-55.0,a8:42:e3:ab:ac:cc,,,,,0.0,Normal,0.0
1744320235461824,10.42.0.149,10.42.0.1,64857,1883,45,5,0,1,0,0,1,0,3,0,0,0,0,0.0,0,,0,0,,0,0,0,0,0,0,0,0,0.0,0,0,0,0,0,64.0,5756.0,0,0,0,57,eth:ethertype:ip:tcp,39.3,94.8,51.7,160.0,-55.0,a8:42:e3:ab:ac:cc,,,,,0.0,Normal,0.0
1744320235462585,10.42.0.149,10.42.0.1,64857,1883,48,5,0,1,1,0,1,0,180,0,0,0,0,0.0,0,,0,3,"Wakeup: 0, Mode: 0, Reset: 1, Temperature: 37.4, Uptime: 1236, Memory: 94.8, In_Temperature: 51.1, CPU: 160, RSSI: -52, MAC: a8:42:e3:ab:ac:cc, F_Storage: 99.22",test/temperatura,16,0,0,178,0,0,0,0.0,0,0,0,0,0,64.0,5756.0,0,0,0,234,eth:ethertype:ip:tcp:mqtt:mqtt,37.4,94.8,51.1,160.0,-52.0,a8:42:e3:ab:ac:cc,,,,,0.0,Normal,0.0
1744320235467430,10.42.0.149,10.42.0.1,64857,1883,229,6,0,1,0,0,0,0,0,0,0,0,0,0.0,0,,0,0,,0,0,0,0,0,0,0,0,0.0,0,0,0,0,0,64.0,5755.0,0,0,0,54,eth:ethertype:ip:tcp,37.4,94.8,51.1,160.0,-52.0,a8:42:e3:ab:ac:cc,,,,,0.0,Normal,0.0
1744320265463005,10.42.0.149,10.42.0.1,64858,1883,0,0,1,0,0,0,0,0,0,0,0,0,0,0.0,0,,0,0,,0,0,0,0,0,0,0,0,0.0,0,0,0,0,0,64.0,5760.0,0,0,0,58,eth:ethertype:ip:tcp,37.4,94.8,51.1,160.0,-52.0,a8:42:e3:ab:ac:cc,,,,,0.0,Normal,0.0
1744320265472356,10.42.0.149,10.42.0.1,64858,1883,1,1,0,1,0,0,0,0,0,0,0,0,0,0.0,0,,0,0,,0,0,0,0,0,0,0,0,0.0,0,0,0,0,0,64.0,5760.0,0,0,0,54,eth:ethertype:ip:tcp,37.4,94.8,51.1,160.0,-52.0,a8:42:e3:ab:ac:cc,,,,,0.0,Normal,0.0
1744320265472444,10.42.0.149,10.42.0.1,64858,1883,1,1,0,1,0,0,1,0,3,0,0,0,0,0.0,0,,0,0,,0,0,0,0,0,0,0,0,0.0,0,0,0,0,0,64.0,5760.0,0,0,0,57,eth:ethertype:ip:tcp,37.4,94.8,51.1,160.0,-52.0,a8:42:e3:ab:ac:cc,,,,,0.0,Normal,0.0
1744320265475665,10.42.0.149,10.42.0.1,64858,1883,4,1,0,1,0,0,1,0,41,0,0,0,0,0.0,0,,0,1,,0,0,0,1,42,4,MQTT,4,0.0,0,0,0,0,0,64.0,5760.0,0,0,esp32_a842e3abaccc,95,eth:ethertype:ip:tcp:mqtt,37.4,94.8,51.1,160.0,-52.0,a8:42:e3:ab:ac:cc,,,,,0.0,Normal,0.0
1744320265500310,10.42.0.149,10.42.0.1,64858,1883,45,5,0,1,0,0,1,0,3,0,0,0,0,0.0,0,,0,0,,0,0,0,0,0,0,0,0,0.0,0,0,0,0,0,64.0,5756.0,0,0,0,57,eth:ethertype:ip:tcp,37.4,94.8,51.1,160.0,-52.0,a8:42:e3:ab:ac:cc,,,,,0.0,Normal,0.0
1744320265514204,10.42.0.149,10.42.0.1,64858,1883,48,5,0,1,1,0,1,0,180,0,0,0,0,0.0,0,,0,3,"Wakeup: 0, Mode: 0, Reset: 1, Temperature: 38.4, Uptime: 1266, Memory: 94.8, In_Temperature: 51.7, CPU: 160, RSSI: -52, MAC: a8:42:e3:ab:ac:cc, F_Storage: 99.22",test/temperatura,16,0,0,178,0,0,0,0.0,0,0,0,0,0,64.0,5756.0,0,0,0,234,eth:ethertype:ip:tcp:mqtt:mqtt,38.4,94.8,51.7,160.0,-52.0,a8:42:e3:ab:ac:cc,,,,,0.0,Normal,0.0
1744320265520360,10.42.0.149,10.42.0.1,64858,1883,229,6,0,1,0,0,0,0,0,0,0,0,0,0.0,0,,0,0,,0,0,0,0,0,0,0,0,0.0,0,0,0,0,0,64.0,5755.0,0,0,0,54,eth:ethertype:ip:tcp,38.4,94.8,51.7,160.0,-52.0,a8:42:e3:ab:ac:cc,,,,,0.0,Normal,0.0
1744320295523080,10.42.0.149,10.42.0.1,64859,1883,0,0,1,0,0,0,0,0,0,0,0,0,0,0.0,0,,0,0,,0,0,0,0,0,0,0,0,0.0,0,0,0,0,0,64.0,5760.0,0,0,0,58,eth:ethertype:ip:tcp,38.4,94.8,51.7,160.0,-52.0,a8:42:e3:ab:ac:cc,,,,,0.0,Normal,0.0
1744320295526738,10.42.0.149,10.42.0.1,64859,1883,1,1,0,1,0,0,0,0,0,0,0,0,0,0.0,0,,0,0,,0,0,0,0,0,0,0,0,0.0,0,0,0,0,0,64.0,5760.0,0,0,0,54,eth:ethertype:ip:tcp,38.4,94.8,51.7,160.0,-52.0,a8:42:e3:ab:ac:cc,,,,,0.0,Normal,0.0
1744320295528803,10.42.0.149,10.42.0.1,64859,1883,1,1,0,1,0,0,1,0,3,0,0,0,0,0.0,0,,0,0,,0,0,0,0,0,0,0,0,0.0,0,0,0,0,0,64.0,5760.0,0,0,0,57,eth:ethertype:ip:tcp,38.4,94.8,51.7,160.0,-52.0,a8:42:e3:ab:ac:cc,,,,,0.0,Normal,0.0
1744320295532478,10.42.0.149,10.42.0.1,64859,1883,4,1,0,1,0,0,1,0,29,0,0,0,0,0.0,0,,0,0,,0,0,0,0,0,0,0,0,0.0,0,0,0,0,0,64.0,5760.0,0,0,0,83,eth:ethertype:ip:tcp,38.4,94.8,51.7,160.0,-52.0,a8:42:e3:ab:ac:cc,,,,,0.0,Normal,0.0
1744320295537480,10.42.0.149,10.42.0.1,64859,1883,33,1,0,1,0,0,1,0,12,0,0,0,0,0.0,0,,0,1,,0,0,0,1,42,4,MQTT,4,0.0,0,0,0,0,0,64.0,5760.0,0,0,esp32_a842e3abaccc,66,eth:ethertype:ip:tcp:mqtt,38.4,94.8,51.7,160.0,-52.0,a8:42:e3:ab:ac:cc,,,,,0.0,Normal,0.0
1744320295570968,10.42.0.149,10.42.0.1,64859,1883,45,5,0,1,0,0,1,0,3,0,0,0,0,0.0,0,,0,0,,0,0,0,0,0,0,0,0,0.0,0,0,0,0,0,64.0,5756.0,0,0,0,57,eth:ethertype:ip:tcp,38.4,94.8,51.7,160.0,-52.0,a8:42:e3:ab:ac:cc,,,,,0.0,Normal,0.0
1744320295573689,10.42.0.149,10.42.0.1,64859,1883,48,5,0,1,1,0,1,0,180,0,0,0,0,0.0,0,,0,3,"Wakeup: 0, Mode: 0, Reset: 1, Temperature: 37.6, Uptime: 1297, Memory: 94.8, In_Temperature: 51.7, CPU: 160, RSSI: -52, MAC: a8:42:e3:ab:ac:cc, F_Storage: 99.22",test/temperatura,16,0,0,178,0,0,0,0.0,0,0,0,0,0,64.0,5756.0,0,0,0,234,eth:ethertype:ip:tcp:mqtt:mqtt,37.6,94.8,51.7,160.0,-52.0,a8:42:e3:ab:ac:cc,,,,,0.0,Normal,0.0
1744320295577276,10.42.0.149,10.42.0.1,64859,1883,229,6,0,1,0,0,0,0,0,0,0,0,0,0.0,0,,0,0,,0,0,0,0,0,0,0,0,0.0,0,0,0,0,0,64.0,5755.0,0,0,0,54,eth:ethertype:ip:tcp,37.6,94.8,51.7,160.0,-52.0,a8:42:e3:ab:ac:cc,,,,,0.0,Normal,0.0
1744320325582796,10.42.0.149,10.42.0.1,64860,1883,0,0,1,0,0,0,0,0,0,0,0,0,0,0.0,0,,0,0,,0,0,0,0,0,0,0,0,0.0,0,0,0,0,0,64.0,5760.0,0,0,0,58,eth:ethertype:ip:tcp,37.6,94.8,51.7,160.0,-52.0,a8:42:e3:ab:ac:cc,,,,,0.0,Normal,0.0
1744320325587446,10.42.0.149,10.42.0.1,64860,1883,1,1,0,1,0,0,0,0,0,0,0,0,0,0.0,0,,0,0,,0,0,0,0,0,0,0,0,0.0,0,0,0,0,0,64.0,5760.0,0,0,0,54,eth:ethertype:ip:tcp,37.6,94.8,51.7,160.0,-52.0,a8:42:e3:ab:ac:cc,,,,,0.0,Normal,0.0
1744320325591678,10.42.0.149,10.42.0.1,64860,1883,1,1,0,1,0,0,1,0,3,0,0,0,0,0.0,0,,0,0,,0,0,0,0,0,0,0,0,0.0,0,0,0,0,0,64.0,5760.0,0,0,0,57,eth:ethertype:ip:tcp,37.6,94.8,51.7,160.0,-52.0,a8:42:e3:ab:ac:cc,,,,,0.0,Normal,0.0
1744320325594842,10.42.0.149,10.42.0.1,64860,1883,4,1,0,1,0,0,1,0,41,0,0,0,0,0.0,0,,0,1,,0,0,0,1,42,4,MQTT,4,0.0,0,0,0,0,0,64.0,5760.0,0,0,esp32_a842e3abaccc,95,eth:ethertype:ip:tcp:mqtt,37.6,94.8,51.7,160.0,-52.0,a8:42:e3:ab:ac:cc,,,,,0.0,Normal,0.0
1744320325619123,10.42.0.149,10.42.0.1,64860,1883,45,5,0,1,0,0,1,0,3,0,0,0,0,0.0,0,,0,0,,0,0,0,0,0,0,0,0,0.0,0,0,0,0,0,64.0,5756.0,0,0,0,57,eth:ethertype:ip:tcp,37.6,94.8,51.7,160.0,-52.0,a8:42:e3:ab:ac:cc,,,,,0.0,Normal,0.0
1744320325634797,10.42.0.149,10.42.0.1,64860,1883,48,5,0,1,1,0,1,0,180,0,0,0,0,0.0,0,,0,3,"Wakeup: 0, Mode: 0, Reset: 1, Temperature: 25.7, Uptime: 1327, Memory: 94.8, In_Temperature: 51.7, CPU: 160, RSSI: -55, MAC: a8:42:e3:ab:ac:cc, F_Storage: 99.22",test/temperatura,16,0,0,178,0,0,0,0.0,0,0,0,0,0,64.0,5756.0,0,0,0,234,eth:ethertype:ip:tcp:mqtt:mqtt,25.7,94.8,51.7,160.0,-55.0,a8:42:e3:ab:ac:cc,,,,,0.0,Normal,0.0
1744320325638350,10.42.0.149,10.42.0.1,64860,1883,229,6,0,1,0,0,0,0,0,0,0,0,0,0.0,0,,0,0,,0,0,0,0,0,0,0,0,0.0,0,0,0,0,0,64.0,5755.0,0,0,0,54,eth:ethertype:ip:tcp,25.7,94.8,51.7,160.0,-55.0,a8:42:e3:ab:ac:cc,,,,,0.0,Normal,0.0
1744320355642070,10.42.0.149,10.42.0.1,64861,1883,0,0,1,0,0,0,0,0,0,0,0,0,0,0.0,0,,0,0,,0,0,0,0,0,0,0,0,0.0,0,0,0,0,0,64.0,5760.0,0,0,0,58,eth:ethertype:ip:tcp,25.7,94.8,51.7,160.0,-55.0,a8:42:e3:ab:ac:cc,,,,,0.0,Normal,0.0
1744320355646474,10.42.0.149,10.42.0.1,64861,1883,1,1,0,1,0,0,0,0,0,0,0,0,0,0.0,0,,0,0,,0,0,0,0,0,0,0,0,0.0,0,0,0,0,0,64.0,5760.0,0,0,0,54,eth:ethertype:ip:tcp,25.7,94.8,51.7,160.0,-55.0,a8:42:e3:ab:ac:cc,,,,,0.0,Normal,0.0
1744320355650798,10.42.0.149,10.42.0.1,64861,1883,1,1,0,1,0,0,1,0,3,0,0,0,0,0.0,0,,0,0,,0,0,0,0,0,0,0,0,0.0,0,0,0,0,0,64.0,5760.0,0,0,0,57,eth:ethertype:ip:tcp,25.7,94.8,51.7,160.0,-55.0,a8:42:e3:ab:ac:cc,,,,,0.0,Normal,0.0
1744320355654561,10.42.0.149,10.42.0.1,64861,1883,4,1,0,1,0,0,1,0,41,0,0,0,0,0.0,0,,0,1,,0,0,0,1,42,4,MQTT,4,0.0,0,0,0,0,0,64.0,5760.0,0,0,esp32_a842e3abaccc,95,eth:ethertype:ip:tcp:mqtt,25.7,94.8,51.7,160.0,-55.0,a8:42:e3:ab:ac:cc,,,,,0.0,Normal,0.0
1744320355678702,10.42.0.149,10.42.0.1,64861,1883,45,5,0,1,0,0,1,0,3,0,0,0,0,0.0,0,,0,0,,0,0,0,0,0,0,0,0,0.0,0,0,0,0,0,64.0,5756.0,0,0,0,57,eth:ethertype:ip:tcp,25.7,94.8,51.7,160.0,-55.0,a8:42:e3:ab:ac:cc,,,,,0.0,Normal,0.0
1744320355692611,10.42.0.149,10.42.0.1,64861,1883,48,5,0,1,1,0,1,0,180,0,0,0,0,0.0,0,,0,3,"Wakeup: 0, Mode: 0, Reset: 1, Temperature: 27.8, Uptime: 1357, Memory: 94.8, In_Temperature: 51.7, CPU: 160, RSSI: -52, MAC: a8:42:e3:ab:ac:cc, F_Storage: 99.22",test/temperatura,16,0,0,178,0,0,0,0.0,0,0,0,0,0,64.0,5756.0,0,0,0,234,eth:ethertype:ip:tcp:mqtt:mqtt,27.8,94.8,51.7,160.0,-52.0,a8:42:e3:ab:ac:cc,,,,,0.0,Normal,0.0
1744320355695903,10.42.0.149,10.42.0.1,64861,1883,229,6,0,1,0,0,0,0,0,0,0,0,0,0.0,0,,0,0,,0,0,0,0,0,0,0,0,0.0,0,0,0,0,0,64.0,5755.0,0,0,0,54,eth:ethertype:ip:tcp,27.8,94.8,51.7,160.0,-52.0,a8:42:e3:ab:ac:cc,,,,,0.0,Normal,0.0
1744320385719362,10.42.0.149,10.42.0.1,64862,1883,0,0,1,0,0,0,0,0,0,0,0,0,0,0.0,0,,0,0,,0,0,0,0,0,0,0,0,0.0,0,0,0,0,0,64.0,5760.0,0,0,0,58,eth:ethertype:ip:tcp,27.8,94.8,51.7,160.0,-52.0,a8:42:e3:ab:ac:cc,,,,,0.0,Normal,0.0
1744320385723146,10.42.0.149,10.42.0.1,64862,1883,1,1,0,1,0,0,0,0,0,0,0,0,0,0.0,0,,0,0,,0,0,0,0,0,0,0,0,0.0,0,0,0,0,0,64.0,5760.0,0,0,0,54,eth:ethertype:ip:tcp,27.8,94.8,51.7,160.0,-52.0,a8:42:e3:ab:ac:cc,,,,,0.0,Normal,0.0
1744320385725508,10.42.0.149,10.42.0.1,64862,1883,1,1,0,1,0,0,1,0,3,0,0,0,0,0.0,0,,0,0,,0,0,0,0,0,0,0,0,0.0,0,0,0,0,0,64.0,5760.0,0,0,0,57,eth:ethertype:ip:tcp,27.8,94.8,51.7,160.0,-52.0,a8:42:e3:ab:ac:cc,,,,,0.0,Normal,0.0
1744320385730482,10.42.0.149,10.42.0.1,64862,1883,4,1,0,1,0,0,1,0,29,0,0,0,0,0.0,0,,0,0,,0,0,0,0,0,0,0,0,0.0,0,0,0,0,0,64.0,5760.0,0,0,0,83,eth:ethertype:ip:tcp,27.8,94.8,51.7,160.0,-52.0,a8:42:e3:ab:ac:cc,,,,,0.0,Normal,0.0
1744320385733111,10.42.0.149,10.42.0.1,64862,1883,33,1,0,1,0,0,1,0,12,0,0,0,0,0.0,0,,0,1,,0,0,0,1,42,4,MQTT,4,0.0,0,0,0,0,0,64.0,5760.0,0,0,esp32_a842e3abaccc,66,eth:ethertype:ip:tcp:mqtt,27.8,94.8,51.7,160.0,-52.0,a8:42:e3:ab:ac:cc,,,,,0.0,Normal,0.0
1744320385758083,10.42.0.149,10.42.0.1,64862,1883,45,5,0,1,0,0,1,0,3,0,0,0,0,0.0,0,,0,0,,0,0,0,0,0,0,0,0,0.0,0,0,0,0,0,64.0,5756.0,0,0,0,57,eth:ethertype:ip:tcp,27.8,94.8,51.7,160.0,-52.0,a8:42:e3:ab:ac:cc,,,,,0.0,Normal,0.0
1744320385772158,10.42.0.149,10.42.0.1,64862,1883,48,5,0,1,1,0,1,0,180,0,0,0,0,0.0,0,,0,3,"Wakeup: 0, Mode: 0, Reset: 1, Temperature: 32.1, Uptime: 1387, Memory: 94.8, In_Temperature: 51.7, CPU: 160, RSSI: -56, MAC: a8:42:e3:ab:ac:cc, F_Storage: 99.22",test/temperatura,16,0,0,178,0,0,0,0.0,0,0,0,0,0,64.0,5756.0,0,0,0,234,eth:ethertype:ip:tcp:mqtt:mqtt,32.1,94.8,51.7,160.0,-56.0,a8:42:e3:ab:ac:cc,,,,,0.0,Normal,0.0
1744320385775626,10.42.0.149,10.42.0.1,64862,1883,229,6,0,1,0,0,0,0,0,0,0,0,0,0.0,0,,0,0,,0,0,0,0,0,0,0,0,0.0,0,0,0,0,0,64.0,5755.0,0,0,0,54,eth:ethertype:ip:tcp,32.1,94.8,51.7,160.0,-56.0,a8:42:e3:ab:ac:cc,,,,,0.0,Normal,0.0
1744320415781277,10.42.0.149,10.42.0.1,64863,1883,0,0,1,0,0,0,0,0,0,0,0,0,0,0.0,0,,0,0,,0,0,0,0,0,0,0,0,0.0,0,0,0,0,0,64.0,5760.0,0,0,0,58,eth:ethertype:ip:tcp,32.1,94.8,51.7,160.0,-56.0,a8:42:e3:ab:ac:cc,,,,,0.0,Normal,0.0
1744320415785084,10.42.0.149,10.42.0.1,64863,1883,1,1,0,1,0,0,0,0,0,0,0,0,0,0.0,0,,0,0,,0,0,0,0,0,0,0,0,0.0,0,0,0,0,0,64.0,5760.0,0,0,0,54,eth:ethertype:ip:tcp,32.1,94.8,51.7,160.0,-56.0,a8:42:e3:ab:ac:cc,,,,,0.0,Normal,0.0
1744320415787441,10.42.0.149,10.42.0.1,64863,1883,1,1,0,1,0,0,1,0,3,0,0,0,0,0.0,0,,0,0,,0,0,0,0,0,0,0,0,0.0,0,0,0,0,0,64.0,5760.0,0,0,0,57,eth:ethertype:ip:tcp,32.1,94.8,51.7,160.0,-56.0,a8:42:e3:ab:ac:cc,,,,,0.0,Normal,0.0
1744320415790834,10.42.0.149,10.42.0.1,64863,1883,4,1,0,1,0,0,1,0,29,0,0,0,0,0.0,0,,0,0,,0,0,0,0,0,0,0,0,0.0,0,0,0,0,0,64.0,5760.0,0,0,0,83,eth:ethertype:ip:tcp,32.1,94.8,51.7,160.0,-56.0,a8:42:e3:ab:ac:cc,,,,,0.0,Normal,0.0
1744320415794542,10.42.0.149,10.42.0.1,64863,1883,33,1,0,1,0,0,1,0,12,0,0,0,0,0.0,0,,0,1,,0,0,0,1,42,4,MQTT,4,0.0,0,0,0,0,0,64.0,5760.0,0,0,esp32_a842e3abaccc,66,eth:ethertype:ip:tcp:mqtt,32.1,94.8,51.7,160.0,-56.0,a8:42:e3:ab:ac:cc,,,,,0.0,Normal,0.0
1744320415820392,10.42.0.149,10.42.0.1,64863,1883,45,5,0,1,0,0,1,0,3,0,0,0,0,0.0,0,,0,0,,0,0,0,0,0,0,0,0,0.0,0,0,0,0,0,64.0,5756.0,0,0,0,57,eth:ethertype:ip:tcp,32.1,94.8,51.7,160.0,-56.0,a8:42:e3:ab:ac:cc,,,,,0.0,Normal,0.0
1744320415831459,10.42.0.149,10.42.0.1,64863,1883,48,5,0,1,1,0,1,0,180,0,0,0,0,0.0,0,,0,3,"Wakeup: 0, Mode: 0, Reset: 1, Temperature: 25.7, Uptime: 1417, Memory: 94.8, In_Temperature: 51.7, CPU: 160, RSSI: -56, MAC: a8:42:e3:ab:ac:cc, F_Storage: 99.22",test/temperatura,16,0,0,178,0,0,0,0.0,0,0,0,0,0,64.0,5756.0,0,0,0,234,eth:ethertype:ip:tcp:mqtt:mqtt,25.7,94.8,51.7,160.0,-56.0,a8:42:e3:ab:ac:cc,,,,,0.0,Normal,0.0
1744320415835128,10.42.0.149,10.42.0.1,64863,1883,229,6,0,1,0,0,0,0,0,0,0,0,0,0.0,0,,0,0,,0,0,0,0,0,0,0,0,0.0,0,0,0,0,0,64.0,5755.0,0,0,0,54,eth:ethertype:ip:tcp,25.7,94.8,51.7,160.0,-56.0,a8:42:e3:ab:ac:cc,,,,,0.0,Normal,0.0
1744301349081958,10.42.0.1,10.42.0.139,1883,49926,5,234,0,1,0,0,0,0,0,0,0,0,0,0.0,0,,0,0,,0,0,0,0,0,0,0,0,0.0,0,0,0,0,0,64.0,64007.0,0,0,0,54,eth:ethertype:ip:tcp,,,,,,,,,,,0.0,Normal,0.0
1744301349082051,10.42.0.1,10.42.0.139,1883,49926,5,234,0,1,1,0,0,0,0,0,0,0,0,0.0,0,,0,0,,0,0,0,0,0,0,0,0,0.0,0,0,0,0,0,64.0,64007.0,0,0,0,54,eth:ethertype:ip:tcp,,,,,,,,,,,0.0,Normal,0.0
1744301363690286,10.42.0.1,10.42.0.3,1883,54248,0,1,1,1,0,0,0,0,0,0,0,0,0,0.0,0,,0,0,,0,0,0,0,0,0,0,0,0.0,0,0,0,0,0,64.0,64240.0,0,0,0,58,eth:ethertype:ip:tcp,,,,,,,,,,,0.0,Normal,0.0
1744301363697194,10.42.0.1,10.42.0.3,1883,54248,1,4,0,1,0,0,0,0,0,0,0,0,0,0.0,0,,0,0,,0,0,0,0,0,0,0,0,0.0,0,0,0,0,0,64.0,64237.0,0,0,0,54,eth:ethertype:ip:tcp,,,,,,,,,,,0.0,Normal,0.0
1744301363700605,10.42.0.1,10.42.0.3,1883,54248,1,35,0,1,0,0,0,0,0,0,0,0,0,0.0,0,,0,0,,0,0,0,0,0,0,0,0,0.0,0,0,0,0,0,64.0,64206.0,0,0,0,54,eth:ethertype:ip:tcp,,,,,,,,,,,0.0,Normal,0.0
1744301363703768,10.42.0.1,10.42.0.3,1883,54248,1,45,0,1,0,0,0,0,0,0,0,0,0,0.0,0,,0,0,,0,0,0,0,0,0,0,0,0.0,0,0,0,0,0,64.0,64196.0,0,0,0,54,eth:ethertype:ip:tcp,,,,,,,,,,,0.0,Normal,0.0
1744301363704127,10.42.0.1,10.42.0.3,1883,54248,1,45,0,1,0,0,1,0,4,0,0,0,0,0.0,0,,0,2,,0,0,0,0,2,0,0,0,0.0,0x00,0,0,0,0,64.0,64196.0,0,0,0,58,eth:ethertype:ip:tcp:mqtt,,,,,,,,,,,0.0,Normal,0.0
1744301363741250,10.42.0.1,10.42.0.3,1883,54248,5,231,0,1,0,0,0,0,0,0,0,0,0,0.0,0,,0,0,,0,0,0,0,0,0,0,0,0.0,0,0,0,0,0,64.0,64010.0,0,0,0,54,eth:ethertype:ip:tcp,,,,,,,,,,,0.0,Normal,0.0
1744301363741331,10.42.0.1,10.42.0.3,1883,54248,5,231,0,1,1,0,0,0,0,0,0,0,0,0.0,0,,0,0,,0,0,0,0,0,0,0,0,0.0,0,0,0,0,0,64.0,64010.0,0,0,0,54,eth:ethertype:ip:tcp,,,,,,,,,,,0.0,Normal,0.0
1744301364021688,10.42.0.1,10.42.0.2,1883,49926,0,1,1,1,0,0,0,0,0,0,0,0,0,0.0,0,,0,0,,0,0,0,0,0,0,0,0,0.0,0,0,0,0,0,64.0,64240.0,0,0,0,58,eth:ethertype:ip:tcp,,,,,,,,,,,0.0,Normal,0.0
1744301364028314,10.42.0.1,10.42.0.2,1883,49926,1,4,0,1,0,0,0,0,0,0,0,0,0,0.0,0,,0,0,,0,0,0,0,0,0,0,0,0.0,0,0,0,0,0,64.0,64237.0,0,0,0,54,eth:ethertype:ip:tcp,,,,,,,,,,,0.0,Normal,0.0
1744301364031761,10.42.0.1,10.42.0.2,1883,49926,1,39,0,1,0,0,0,0,0,0,0,0,0,0.0,0,,0,0,,0,0,0,0,0,0,0,0,0.0,0,0,0,0,0,64.0,64202.0,0,0,0,54,eth:ethertype:ip:tcp,,,,,,,,,,,0.0,Normal,0.0
1744301364037614,10.42.0.1,10.42.0.2,1883,49926,1,45,0,1,0,0,0,0,0,0,0,0,0,0.0,0,,0,0,,0,0,0,0,0,0,0,0,0.0,0,0,0,0,0,64.0,64196.0,0,0,0,54,eth:ethertype:ip:tcp,,,,,,,,,,,0.0,Normal,0.0
1744301364037939,10.42.0.1,10.42.0.2,1883,49926,1,45,0,1,0,0,1,0,4,0,0,0,0,0.0,0,,0,2,,0,0,0,0,2,0,0,0,0.0,0x00,0,0,0,0,64.0,64196.0,0,0,0,58,eth:ethertype:ip:tcp:mqtt,,,,,,,,,,,0.0,Normal,0.0
1744301364081958,10.42.0.1,10.42.0.2,1883,49926,5,234,0,1,0,0,0,0,0,0,0,0,0,0.0,0,,0,0,,0,0,0,0,0,0,0,0,0.0,0,0,0,0,0,64.0,64007.0,0,0,0,54,eth:ethertype:ip:tcp,,,,,,,,,,,0.0,Normal,0.0
1744301364082051,10.42.0.1,10.42.0.2,1883,49926,5,234,0,1,1,0,0,0,0,0,0,0,0,0.0,0,,0,0,,0,0,0,0,0,0,0,0,0.0,0,0,0,0,0,64.0,64007.0,0,0,0,54,eth:ethertype:ip:tcp,,,,,,,,,,,0.0,Normal,0.0
1744301378749807,10.42.0.1,10.42.0.149,1883,54249,0,1,1,1,0,0,0,0,0,0,0,0,0,0.0,0,,0,0,,0,0,0,0,0,0,0,0,0.0,0,0,0,0,0,64.0,64240.0,0,0,0,58,eth:ethertype:ip:tcp,,,,,,,,,,,0.0,Normal,0.0
1744301378755830,10.42.0.1,10.42.0.149,1883,54249,1,4,0,1,0,0,0,0,0,0,0,0,0,0.0,0,,0,0,,0,0,0,0,0,0,0,0,0.0,0,0,0,0,0,64.0,64237.0,0,0,0,54,eth:ethertype:ip:tcp,,,,,,,,,,,0.0,Normal,0.0
1744301378759228,10.42.0.1,10.42.0.149,1883,54249,1,33,0,1,0,0,0,0,0,0,0,0,0,0.0,0,,0,0,,0,0,0,0,0,0,0,0,0.0,0,0,0,0,0,64.0,64208.0,0,0,0,54,eth:ethertype:ip:tcp,,,,,,,,,,,0.0,Normal,0.0
1744301378763003,10.42.0.1,10.42.0.149,1883,54249,1,35,0,1,0,0,0,0,0,0,0,0,0,0.0,0,,0,0,,0,0,0,0,0,0,0,0,0.0,0,0,0,0,0,64.0,64206.0,0,0,0,54,eth:ethertype:ip:tcp,,,,,,,,,,,0.0,Normal,0.0
1744301378766972,10.42.0.1,10.42.0.149,1883,54249,1,39,0,1,0,0,0,0,0,0,0,0,0,0.0,0,,0,0,,0,0,0,0,0,0,0,0,0.0,0,0,0,0,0,64.0,64202.0,0,0,0,54,eth:ethertype:ip:tcp,,,,,,,,,,,0.0,Normal,0.0
1744301378770649,10.42.0.1,10.42.0.149,1883,54249,1,45,0,1,0,0,0,0,0,0,0,0,0,0.0,0,,0,0,,0,0,0,0,0,0,0,0,0.0,0,0,0,0,0,64.0,64196.0,0,0,0,54,eth:ethertype:ip:tcp,,,,,,,,,,,0.0,Normal,0.0
1744301378770979,10.42.0.1,10.42.0.149,1883,54249,1,45,0,1,0,0,1,0,4,0,0,0,0,0.0,0,,0,2,,0,0,0,0,2,0,0,0,0.0,0x00,0,0,0,0,64.0,64196.0,0,0,0,58,eth:ethertype:ip:tcp:mqtt,,,,,,,,,,,0.0,Normal,0.0
1744301378810525,10.42.0.1,10.42.0.149,1883,54249,5,231,0,1,0,0,0,0,0,0,0,0,0,0.0,0,,0,0,,0,0,0,0,0,0,0,0,0.0,0,0,0,0,0,64.0,64010.0,0,0,0,54,eth:ethertype:ip:tcp,,,,,,,,,,,0.0,Normal,0.0
1744301378810558,10.42.0.1,10.42.0.149,1883,54249,5,231,0,1,1,0,0,0,0,0,0,0,0,0.0,0,,0,0,,0,0,0,0,0,0,0,0,0.0,0,0,0,0,0,64.0,64010.0,0,0,0,54,eth:ethertype:ip:tcp,,,,,,,,,,,0.0,Normal,0.0
1744301379099134,10.42.0.1,10.42.0.139,1883,49927,0,1,1,1,0,0,0,0,0,0,0,0,0,0.0,0,,0,0,,0,0,0,0,0,0,0,0,0.0,0,0,0,0,0,64.0,64240.0,0,0,0,58,eth:ethertype:ip:tcp,,,,,,,,,,,0.0,Normal,0.0
1744301379125541,10.42.0.1,10.42.0.139,1883,49927,1,4,0,1,0,0,0,0,0,0,0,0,0,0.0,0,,0,0,,0,0,0,0,0,0,0,0,0.0,0,0,0,0,0,64.0,64237.0,0,0,0,54,eth:ethertype:ip:tcp,,,,,,,,,,,0.0,Normal,0.0
1744301379128335,10.42.0.1,10.42.0.139,1883,49927,1,45,0,1,0,0,0,0,0,0,0,0,0,0.0,0,,0,0,,0,0,0,0,0,0,0,0,0.0,0,0,0,0,0,64.0,64196.0,0,0,0,54,eth:ethertype:ip:tcp,,,,,,,,,,,0.0,Normal,0.0
1744301379128678,10.42.0.1,10.42.0.139,1883,49927,1,45,0,1,0,0,1,0,4,0,0,0,0,0.0,0,,0,2,,0,0,0,0,2,0,0,0,0.0,0x00,0,0,0,0,64.0,64196.0,0,0,0,58,eth:ethertype:ip:tcp:mqtt,,,,,,,,,,,0.0,Normal,0.0
1744301379181918,10.42.0.1,10.42.0.139,1883,49927,5,234,0,1,0,0,0,0,0,0,0,0,0,0.0,0,,0,0,,0,0,0,0,0,0,0,0,0.0,0,0,0,0,0,64.0,64007.0,0,0,0,54,eth:ethertype:ip:tcp,,,,,,,,,,,0.0,Normal,0.0
1744301379181963,10.42.0.1,10.42.0.139,1883,49927,5,234,0,1,1,0,0,0,0,0,0,0,0,0.0,0,,0,0,,0,0,0,0,0,0,0,0,0.0,0,0,0,0,0,64.0,64007.0,0,0,0,54,eth:ethertype:ip:tcp,,,,,,,,,,,0.0,Normal,0.0
1744301393749807,10.42.0.1,10.42.0.3,1883,54249,0,1,1,1,0,0,0,0,0,0,0,0,0,0.0,0,,0,0,,0,0,0,0,0,0,0,0,0.0,0,0,0,0,0,64.0,64240.0,0,0,0,58,eth:ethertype:ip:tcp,,,,,,,,,,,0.0,Normal,0.0
1744301393755830,10.42.0.1,10.42.0.3,1883,54249,1,4,0,1,0,0,0,0,0,0,0,0,0,0.0,0,,0,0,,0,0,0,0,0,0,0,0,0.0,0,0,0,0,0,64.0,64237.0,0,0,0,54,eth:ethertype:ip:tcp,,,,,,,,,,,0.0,Normal,0.0
1744301393759228,10.42.0.1,10.42.0.3,1883,54249,1,33,0,1,0,0,0,0,0,0,0,0,0,0.0,0,,0,0,,0,0,0,0,0,0,0,0,0.0,0,0,0,0,0,64.0,64208.0,0,0,0,54,eth:ethertype:ip:tcp,,,,,,,,,,,0.0,Normal,0.0
1744301393763003,10.42.0.1,10.42.0.3,1883,54249,1,35,0,1,0,0,0,0,0,0,0,0,0,0.0,0,,0,0,,0,0,0,0,0,0,0,0,0.0,0,0,0,0,0,64.0,64206.0,0,0,0,54,eth:ethertype:ip:tcp,,,,,,,,,,,0.0,Normal,0.0
1744301393766972,10.42.0.1,10.42.0.3,1883,54249,1,39,0,1,0,0,0,0,0,0,0,0,0,0.0,0,,0,0,,0,0,0,0,0,0,0,0,0.0,0,0,0,0,0,64.0,64202.0,0,0,0,54,eth:ethertype:ip:tcp,,,,,,,,,,,0.0,Normal,0.0
1744301393770649,10.42.0.1,10.42.0.3,1883,54249,1,45,0,1,0,0,0,0,0,0,0,0,0,0.0,0,,0,0,,0,0,0,0,0,0,0,0,0.0,0,0,0,0,0,64.0,64196.0,0,0,0,54,eth:ethertype:ip:tcp,,,,,,,,,,,0.0,Normal,0.0
1744301393770979,10.42.0.1,10.42.0.3,1883,54249,1,45,0,1,0,0,1,0,4,0,0,0,0,0.0,0,,0,2,,0,0,0,0,2,0,0,0,0.0,0x00,0,0,0,0,64.0,64196.0,0,0,0,58,eth:ethertype:ip:tcp:mqtt,,,,,,,,,,,0.0,Normal,0.0
1744301393810525,10.42.0.1,10.42.0.3,1883,54249,5,231,0,1,0,0,0,0,0,0,0,0,0,0.0,0,,0,0,,0,0,0,0,0,0,0,0,0.0,0,0,0,0,0,64.0,64010.0,0,0,0,54,eth:ethertype:ip:tcp,,,,,,,,,,,0.0,Normal,0.0
1744301393810558,10.42.0.1,10.42.0.3,1883,54249,5,231,0,1,1,0,0,0,0,0,0,0,0,0.0,0,,0,0,,0,0,0,0,0,0,0,0,0.0,0,0,0,0,0,64.0,64010.0,0,0,0,54,eth:ethertype:ip:tcp,,,,,,,,,,,0.0,Normal,0.0
1744301394099134,10.42.0.1,10.42.0.2,1883,49927,0,1,1,1,0,0,0,0,0,0,0,0,0,0.0,0,,0,0,,0,0,0,0,0,0,0,0,0.0,0,0,0,0,0,64.0,64240.0,0,0,0,58,eth:ethertype:ip:tcp,,,,,,,,,,,0.0,Normal,0.0
1744301394125541,10.42.0.1,10.42.0.2,1883,49927,1,4,0,1,0,0,0,0,0,0,0,0,0,0.0,0,,0,0,,0,0,0,0,0,0,0,0,0.0,0,0,0,0,0,64.0,64237.0,0,0,0,54,eth:ethertype:ip:tcp,,,,,,,,,,,0.0,Normal,0.0
1744301394128335,10.42.0.1,10.42.0.2,1883,49927,1,45,0,1,0,0,0,0,0,0,0,0,0,0.0,0,,0,0,,0,0,0,0,0,0,0,0,0.0,0,0,0,0,0,64.0,64196.0,0,0,0,54,eth:ethertype:ip:tcp,,,,,,,,,,,0.0,Normal,0.0
1744301394128678,10.42.0.1,10.42.0.2,1883,49927,1,45,0,1,0,0,1,0,4,0,0,0,0,0.0,0,,0,2,,0,0,0,0,2,0,0,0,0.0,0x00,0,0,0,0,64.0,64196.0,0,0,0,58,eth:ethertype:ip:tcp:mqtt,,,,,,,,,,,0.0,Normal,0.0
1744301394181918,10.42.0.1,10.42.0.2,1883,49927,5,234,0,1,0,0,0,0,0,0,0,0,0,0.0,0,,0,0,,0,0,0,0,0,0,0,0,0.0,0,0,0,0,0,64.0,64007.0,0,0,0,54,eth:ethertype:ip:tcp,,,,,,,,,,,0.0,Normal,0.0
1744301394181963,10.42.0.1,10.42.0.2,1883,49927,5,234,0,1,1,0,0,0,0,0,0,0,0,0.0,0,,0,0,,0,0,0,0,0,0,0,0,0.0,0,0,0,0,0,64.0,64007.0,0,0,0,54,eth:ethertype:ip:tcp,,,,,,,,,,,0.0,Normal,0.0
1744301408819063,10.42.0.1,10.42.0.149,1883,54250,0,1,1,1,0,0,0,0,0,0,0,0,0,0.0,0,,0,0,,0,0,0,0,0,0,0,0,0.0,0,0,0,0,0,64.0,64240.0,0,0,0,58,eth:ethertype:ip:tcp,,,,,,,,,,,0.0,Normal,0.0
1744301408825343,10.42.0.1,10.42.0.149,1883,54250,1,4,0,1,0,0,0,0,0,0,0,0,0,0.0,0,,0,0,,0,0,0,0,0,0,0,0,0.0,0,0,0,0,0,64.0,64237.0,0,0,0,54,eth:ethertype:ip:tcp,,,,,,,,,,,0.0,Normal,0.0
1744301408830462,10.42.0.1,10.42.0.149,1883,54250,1,33,0,1,0,0,0,0,0,0,0,0,0,0.0,0,,0,0,,0,0,0,0,0,0,0,0,0.0,0,0,0,0,0,64.0,64208.0,0,0,0,54,eth:ethertype:ip:tcp,,,,,,,,,,,0.0,Normal,0.0
1744301408833135,10.42.0.1,10.42.0.149,1883,54250,1,45,0,1,0,0,0,0,0,0,0,0,0,0.0,0,,0,0,,0,0,0,0,0,0,0,0,0.0,0,0,0,0,0,64.0,64196.0,0,0,0,54,eth:ethertype:ip:tcp,,,,,,,,,,,0.0,Normal,0.0
1744301408833498,10.42.0.1,10.42.0.149,1883,54250,1,45,0,1,0,0,1,0,4,0,0,0,0,0.0,0,,0,2,,0,0,0,0,2,0,0,0,0.0,0x00,0,0,0,0,64.0,64196.0,0,0,0,58,eth:ethertype:ip:tcp:mqtt,,,,,,,,,,,0.0,Normal,0.0
1744301408869272,10.42.0.1,10.42.0.149,1883,54250,5,231,0,1,0,0,0,0,0,0,0,0,0,0.0,0,,0,0,,0,0,0,0,0,0,0,0,0.0,0,0,0,0,0,64.0,64010.0,0,0,0,54,eth:ethertype:ip:tcp,,,,,,,,,,,0.0,Normal,0.0
1744301408869305,10.42.0.1,10.42.0.149,1883,54250,5,231,0,1,1,0,0,0,0,0,0,0,0,0.0,0,,0,0,,0,0,0,0,0,0,0,0,0.0,0,0,0,0,0,64.0,64010.0,0,0,0,54,eth:ethertype:ip:tcp,,,,,,,,,,,0.0,Normal,0.0
1744301409190401,10.42.0.1,10.42.0.139,1883,49928,0,1,1,1,0,0,0,0,0,0,0,0,0,0.0,0,,0,0,,0,0,0,0,0,0,0,0,0.0,0,0,0,0,0,64.0,64240.0,0,0,0,58,eth:ethertype:ip:tcp,,,,,,,,,,,0.0,Normal,0.0
1744301409196445,10.42.0.1,10.42.0.139,1883,49928,1,4,0,1,0,0,0,0,0,0,0,0,0,0.0,0,,0,0,,0,0,0,0,0,0,0,0,0.0,0,0,0,0,0,64.0,64237.0,0,0,0,54,eth:ethertype:ip:tcp,,,,,,,,,,,0.0,Normal,0.0
1744301409199825,10.42.0.1,10.42.0.139,1883,49928,1,33,0,1,0,0,0,0,0,0,0,0,0,0.0,0,,0,0,,0,0,0,0,0,0,0,0,0.0,0,0,0,0,0,64.0,64208.0,0,0,0,54,eth:ethertype:ip:tcp,,,,,,,,,,,0.0,Normal,0.0
1744301409202842,10.42.0.1,10.42.0.139,1883,49928,1,45,0,1,0,0,0,0,0,0,0,0,0,0.0,0,,0,0,,0,0,0,0,0,0,0,0,0.0,0,0,0,0,0,64.0,64196.0,0,0,0,54,eth:ethertype:ip:tcp,,,,,,,,,,,0.0,Normal,0.0
1744301409203210,10.42.0.1,10.42.0.139,1883,49928,1,45,0,1,0,0,1,0,4,0,0,0,0,0.0,0,,0,2,,0,0,0,0,2,0,0,0,0.0,0x00,0,0,0,0,64.0,64196.0,0,0,0,58,eth:ethertype:ip:tcp:mqtt,,,,,,,,,,,0.0,Normal,0.0
1744301409250703,10.42.0.1,10.42.0.139,1883,49928,5,234,0,1,0,0,0,0,0,0,0,0,0,0.0,0,,0,0,,0,0,0,0,0,0,0,0,0.0,0,0,0,0,0,64.0,64007.0,0,0,0,54,eth:ethertype:ip:tcp,,,,,,,,,,,0.0,Normal,0.0
1744301409250740,10.42.0.1,10.42.0.139,1883,49928,5,234,0,1,1,0,0,0,0,0,0,0,0,0.0,0,,0,0,,0,0,0,0,0,0,0,0,0.0,0,0,0,0,0,64.0,64007.0,0,0,0,54,eth:ethertype:ip:tcp,,,,,,,,,,,0.0,Normal,0.0
1744301423819063,10.42.0.1,10.42.0.3,1883,54250,0,1,1,1,0,0,0,0,0,0,0,0,0,0.0,0,,0,0,,0,0,0,0,0,0,0,0,0.0,0,0,0,0,0,64.0,64240.0,0,0,0,58,eth:ethertype:ip:tcp,,,,,,,,,,,0.0,Normal,0.0
1744301423825343,10.42.0.1,10.42.0.3,1883,54250,1,4,0,1,0,0,0,0,0,0,0,0,0,0.0,0,,0,0,,0,0,0,0,0,0,0,0,0.0,0,0,0,0,0,64.0,64237.0,0,0,0,54,eth:ethertype:ip:tcp,,,,,,,,,,,0.0,Normal,0.0
1744301423830462,10.42.0.1,10.42.0.3,1883,54250,1,33,0,1,0,0,0,0,0,0,0,0,0,0.0,0,,0,0,,0,0,0,0,0,0,0,0,0.0,0,0,0,0,0,64.0,64208.0,0,0,0,54,eth:ethertype:ip:tcp,,,,,,,,,,,0.0,Normal,0.0
1744301423833135,10.42.0.1,10.42.0.3,1883,54250,1,45,0,1,0,0,0,0,0,0,0,0,0,0.0,0,,0,0,,0,0,0,0,0,0,0,0,0.0,0,0,0,0,0,64.0,64196.0,0,0,0,54,eth:ethertype:ip:tcp,,,,,,,,,,,0.0,Normal,0.0
1744301423833498,10.42.0.1,10.42.0.3,1883,54250,1,45,0,1,0,0,1,0,4,0,0,0,0,0.0,0,,0,2,,0,0,0,0,2,0,0,0,0.0,0x00,0,0,0,0,64.0,64196.0,0,0,0,58,eth:ethertype:ip:tcp:mqtt,,,,,,,,,,,0.0,Normal,0.0
1744301423869272,10.42.0.1,10.42.0.3,1883,54250,5,231,0,1,0,0,0,0,0,0,0,0,0,0.0,0,,0,0,,0,0,0,0,0,0,0,0,0.0,0,0,0,0,0,64.0,64010.0,0,0,0,54,eth:ethertype:ip:tcp,,,,,,,,,,,0.0,Normal,0.0
1744301423869305,10.42.0.1,10.42.0.3,1883,54250,5,231,0,1,1,0,0,0,0,0,0,0,0,0.0,0,,0,0,,0,0,0,0,0,0,0,0,0.0,0,0,0,0,0,64.0,64010.0,0,0,0,54,eth:ethertype:ip:tcp,,,,,,,,,,,0.0,Normal,0.0
1744301424190401,10.42.0.1,10.42.0.2,1883,49928,0,1,1,1,0,0,0,0,0,0,0,0,0,0.0,0,,0,0,,0,0,0,0,0,0,0,0,0.0,0,0,0,0,0,64.0,64240.0,0,0,0,58,eth:ethertype:ip:tcp,,,,,,,,,,,0.0,Normal,0.0
1744301424196445,10.42.0.1,10.42.0.2,1883,49928,1,4,0,1,0,0,0,0,0,0,0,0,0,0.0,0,,0,0,,0,0,0,0,0,0,0,0,0.0,0,0,0,0,0,64.0,64237.0,0,0,0,54,eth:ethertype:ip:tcp,,,,,,,,,,,0.0,Normal,0.0
1744301424199825,10.42.0.1,10.42.0.2,1883,49928,1,33,0,1,0,0,0,0,0,0,0,0,0,0.0,0,,0,0,,0,0,0,0,0,0,0,0,0.0,0,0,0,0,0,64.0,64208.0,0,0,0,54,eth:ethertype:ip:tcp,,,,,,,,,,,0.0,Normal,0.0
1744301424202842,10.42.0.1,10.42.0.2,1883,49928,1,45,0,1,0,0,0,0,0,0,0,0,0,0.0,0,,0,0,,0,0,0,0,0,0,0,0,0.0,0,0,0,0,0,64.0,64196.0,0,0,0,54,eth:ethertype:ip:tcp,,,,,,,,,,,0.0,Normal,0.0
1744301424203210,10.42.0.1,10.42.0.2,1883,49928,1,45,0,1,0,0,1,0,4,0,0,0,0,0.0,0,,0,2,,0,0,0,0,2,0,0,0,0.0,0x00,0,0,0,0,64.0,64196.0,0,0,0,58,eth:ethertype:ip:tcp:mqtt,,,,,,,,,,,0.0,Normal,0.0
1744301424250703,10.42.0.1,10.42.0.2,1883,49928,5,234,0,1,0,0,0,0,0,0,0,0,0,0.0,0,,0,0,,0,0,0,0,0,0,0,0,0.0,0,0,0,0,0,64.0,64007.0,0,0,0,54,eth:ethertype:ip:tcp,,,,,,,,,,,0.0,Normal,0.0
1744301424250740,10.42.0.1,10.42.0.2,1883,49928,5,234,0,1,1,0,0,0,0,0,0,0,0,0.0,0,,0,0,,0,0,0,0,0,0,0,0,0.0,0,0,0,0,0,64.0,64007.0,0,0,0,54,eth:ethertype:ip:tcp,,,,,,,,,,,0.0,Normal,0.0
1744301438878471,10.42.0.1,10.42.0.149,1883,54251,0,1,1,1,0,0,0,0,0,0,0,0,0,0.0,0,,0,0,,0,0,0,0,0,0,0,0,0.0,0,0,0,0,0,64.0,64240.0,0,0,0,58,eth:ethertype:ip:tcp,,,,,,,,,,,0.0,Normal,0.0
1744301438884478,10.42.0.1,10.42.0.149,1883,54251,1,4,0,1,0,0,0,0,0,0,0,0,0,0.0,0,,0,0,,0,0,0,0,0,0,0,0,0.0,0,0,0,0,0,64.0,64237.0,0,0,0,54,eth:ethertype:ip:tcp,,,,,,,,,,,0.0,Normal,0.0
1744301438887796,10.42.0.1,10.42.0.149,1883,54251,1,33,0,1,0,0,0,0,0,0,0,0,0,0.0,0,,0,0,,0,0,0,0,0,0,0,0,0.0,0,0,0,0,0,64.0,64208.0,0,0,0,54,eth:ethertype:ip:tcp,,,,,,,,,,,0.0,Normal,0.0
1744301438891094,10.42.0.1,10.42.0.149,1883,54251,1,41,0,1,0,0,0,0,0,0,0,0,0,0.0,0,,0,0,,0,0,0,0,0,0,0,0,0.0,0,0,0,0,0,64.0,64200.0,0,0,0,54,eth:ethertype:ip:tcp,,,,,,,,,,,0.0,Normal,0.0
1744301438893764,10.42.0.1,10.42.0.149,1883,54251,1,45,0,1,0,0,0,0,0,0,0,0,0,0.0,0,,0,0,,0,0,0,0,0,0,0,0,0.0,0,0,0,0,0,64.0,64196.0,0,0,0,54,eth:ethertype:ip:tcp,,,,,,,,,,,0.0,Normal,0.0
1744301438894117,10.42.0.1,10.42.0.149,1883,54251,1,45,0,1,0,0,1,0,4,0,0,0,0,0.0,0,,0,2,,0,0,0,0,2,0,0,0,0.0,0x00,0,0,0,0,64.0,64196.0,0,0,0,58,eth:ethertype:ip:tcp:mqtt,,,,,,,,,,,0.0,Normal,0.0
1744301438928772,10.42.0.1,10.42.0.149,1883,54251,5,231,0,1,0,0,0,0,0,0,0,0,0,0.0,0,,0,0,,0,0,0,0,0,0,0,0,0.0,0,0,0,0,0,64.0,64010.0,0,0,0,54,eth:ethertype:ip:tcp,,,,,,,,,,,0.0,Normal,0.0
1744301438928806,10.42.0.1,10.42.0.149,1883,54251,5,231,0,1,1,0,0,0,0,0,0,0,0,0.0,0,,0,0,,0,0,0,0,0,0,0,0,0.0,0,0,0,0,0,64.0,64010.0,0,0,0,54,eth:ethertype:ip:tcp,,,,,,,,,,,0.0,Normal,0.0
1744301439258847,10.42.0.1,10.42.0.139,1883,49929,0,1,1,1,0,0,0,0,0,0,0,0,0,0.0,0,,0,0,,0,0,0,0,0,0,0,0,0.0,0,0,0,0,0,64.0,64240.0,0,0,0,58,eth:ethertype:ip:tcp,,,,,,,,,,,0.0,Normal,0.0
1744301439266178,10.42.0.1,10.42.0.139,1883,49929,1,4,0,1,0,0,0,0,0,0,0,0,0,0.0,0,,0,0,,0,0,0,0,0,0,0,0,0.0,0,0,0,0,0,64.0,64237.0,0,0,0,54,eth:ethertype:ip:tcp,,,,,,,,,,,0.0,Normal,0.0
1744301439269790,10.42.0.1,10.42.0.139,1883,49929,1,33,0,1,0,0,0,0,0,0,0,0,0,0.0,0,,0,0,,0,0,0,0,0,0,0,0,0.0,0,0,0,0,0,64.0,64208.0,0,0,0,54,eth:ethertype:ip:tcp,,,,,,,,,,,0.0,Normal,0.0
1744301439272966,10.42.0.1,10.42.0.139,1883,49929,1,45,0,1,0,0,0,0,0,0,0,0,0,0.0,0,,0,0,,0,0,0,0,0,0,0,0,0.0,0,0,0,0,0,64.0,64196.0,0,0,0,54,eth:ethertype:ip:tcp,,,,,,,,,,,0.0,Normal,0.0
1744301439273332,10.42.0.1,10.42.0.139,1883,49929,1,45,0,1,0,0,1,0,4,0,0,0,0,0.0,0,,0,2,,0,0,0,0,2,0,0,0,0.0,0x00,0,0,0,0,64.0,64196.0,0,0,0,58,eth:ethertype:ip:tcp:mqtt,,,,,,,,,,,0.0,Normal,0.0
1744301439319860,10.42.0.1,10.42.0.139,1883,49929,5,234,0,1,0,0,0,0,0,0,0,0,0,0.0,0,,0,0,,0,0,0,0,0,0,0,0,0.0,0,0,0,0,0,64.0,64007.0,0,0,0,54,eth:ethertype:ip:tcp,,,,,,,,,,,0.0,Normal,0.0
1744301439319900,10.42.0.1,10.42.0.139,1883,49929,5,234,0,1,1,0,0,0,0,0,0,0,0,0.0,0,,0,0,,0,0,0,0,0,0,0,0,0.0,0,0,0,0,0,64.0,64007.0,0,0,0,54,eth:ethertype:ip:tcp,,,,,,,,,,,0.0,Normal,0.0
1744301442959618,10.42.0.1,10.42.0.139,0,0,0,0,0,0,0,0,0,0,0,0,0,0,0,0.0,0,,0,0,,0,0,0,0,0,0,0,0,0.0,0,0,0,0,0,64.0,0.0,0,0,0,342,eth:ethertype:ip:udp:dhcp,,,,,,,,,,,0.0,Normal,0.0
1744301453878471,10.42.0.1,10.42.0.3,1883,54251,0,1,1,1,0,0,0,0,0,0,0,0,0,0.0,0,,0,0,,0,0,0,0,0,0,0,0,0.0,0,0,0,0,0,64.0,64240.0,0,0,0,58,eth:ethertype:ip:tcp,,,,,,,,,,,0.0,Normal,0.0
1744301453884478,10.42.0.1,10.42.0.3,1883,54251,1,4,0,1,0,0,0,0,0,0,0,0,0,0.0,0,,0,0,,0,0,0,0,0,0,0,0,0.0,0,0,0,0,0,64.0,64237.0,0,0,0,54,eth:ethertype:ip:tcp,,,,,,,,,,,0.0,Normal,0.0
1744301453887796,10.42.0.1,10.42.0.3,1883,54251,1,33,0,1,0,0,0,0,0,0,0,0,0,0.0,0,,0,0,,0,0,0,0,0,0,0,0,0.0,0,0,0,0,0,64.0,64208.0,0,0,0,54,eth:ethertype:ip:tcp,,,,,,,,,,,0.0,Normal,0.0
1744301453891094,10.42.0.1,10.42.0.3,1883,54251,1,41,0,1,0,0,0,0,0,0,0,0,0,0.0,0,,0,0,,0,0,0,0,0,0,0,0,0.0,0,0,0,0,0,64.0,64200.0,0,0,0,54,eth:ethertype:ip:tcp,,,,,,,,,,,0.0,Normal,0.0
1744301453893764,10.42.0.1,10.42.0.3,1883,54251,1,45,0,1,0,0,0,0,0,0,0,0,0,0.0,0,,0,0,,0,0,0,0,0,0,0,0,0.0,0,0,0,0,0,64.0,64196.0,0,0,0,54,eth:ethertype:ip:tcp,,,,,,,,,,,0.0,Normal,0.0
1744301453894117,10.42.0.1,10.42.0.3,1883,54251,1,45,0,1,0,0,1,0,4,0,0,0,0,0.0,0,,0,2,,0,0,0,0,2,0,0,0,0.0,0x00,0,0,0,0,64.0,64196.0,0,0,0,58,eth:ethertype:ip:tcp:mqtt,,,,,,,,,,,0.0,Normal,0.0
1744301453928772,10.42.0.1,10.42.0.3,1883,54251,5,231,0,1,0,0,0,0,0,0,0,0,0,0.0,0,,0,0,,0,0,0,0,0,0,0,0,0.0,0,0,0,0,0,64.0,64010.0,0,0,0,54,eth:ethertype:ip:tcp,,,,,,,,,,,0.0,Normal,0.0
1744301453928806,10.42.0.1,10.42.0.3,1883,54251,5,231,0,1,1,0,0,0,0,0,0,0,0,0.0,0,,0,0,,0,0,0,0,0,0,0,0,0.0,0,0,0,0,0,64.0,64010.0,0,0,0,54,eth:ethertype:ip:tcp,,,,,,,,,,,0.0,Normal,0.0
1744301454258847,10.42.0.1,10.42.0.2,1883,49929,0,1,1,1,0,0,0,0,0,0,0,0,0,0.0,0,,0,0,,0,0,0,0,0,0,0,0,0.0,0,0,0,0,0,64.0,64240.0,0,0,0,58,eth:ethertype:ip:tcp,,,,,,,,,,,0.0,Normal,0.0
1744301454266178,10.42.0.1,10.42.0.2,1883,49929,1,4,0,1,0,0,0,0,0,0,0,0,0,0.0,0,,0,0,,0,0,0,0,0,0,0,0,0.0,0,0,0,0,0,64.0,64237.0,0,0,0,54,eth:ethertype:ip:tcp,,,,,,,,,,,0.0,Normal,0.0
1744301454269790,10.42.0.1,10.42.0.2,1883,49929,1,33,0,1,0,0,0,0,0,0,0,0,0,0.0,0,,0,0,,0,0,0,0,0,0,0,0,0.0,0,0,0,0,0,64.0,64208.0,0,0,0,54,eth:ethertype:ip:tcp,,,,,,,,,,,0.0,Normal,0.0
1744301454272966,10.42.0.1,10.42.0.2,1883,49929,1,45,0,1,0,0,0,0,0,0,0,0,0,0.0,0,,0,0,,0,0,0,0,0,0,0,0,0.0,0,0,0,0,0,64.0,64196.0,0,0,0,54,eth:ethertype:ip:tcp,,,,,,,,,,,0.0,Normal,0.0
1744301454273332,10.42.0.1,10.42.0.2,1883,49929,1,45,0,1,0,0,1,0,4,0,0,0,0,0.0,0,,0,2,,0,0,0,0,2,0,0,0,0.0,0x00,0,0,0,0,64.0,64196.0,0,0,0,58,eth:ethertype:ip:tcp:mqtt,,,,,,,,,,,0.0,Normal,0.0
1744301454319860,10.42.0.1,10.42.0.2,1883,49929,5,234,0,1,0,0,0,0,0,0,0,0,0,0.0,0,,0,0,,0,0,0,0,0,0,0,0,0.0,0,0,0,0,0,64.0,64007.0,0,0,0,54,eth:ethertype:ip:tcp,,,,,,,,,,,0.0,Normal,0.0
1744301454319900,10.42.0.1,10.42.0.2,1883,49929,5,234,0,1,1,0,0,0,0,0,0,0,0,0.0,0,,0,0,,0,0,0,0,0,0,0,0,0.0,0,0,0,0,0,64.0,64007.0,0,0,0,54,eth:ethertype:ip:tcp,,,,,,,,,,,0.0,Normal,0.0
1744301457959618,10.42.0.1,10.42.0.2,0,0,0,0,0,0,0,0,0,0,0,0,0,0,0,0.0,0,,0,0,,0,0,0,0,0,0,0,0,0.0,0,0,0,0,0,64.0,0.0,0,0,0,342,eth:ethertype:ip:udp:dhcp,,,,,,,,,,,0.0,Normal,0.0
1744301468936814,10.42.0.1,10.42.0.149,1883,54252,0,1,1,1,0,0,0,0,0,0,0,0,0,0.0,0,,0,0,,0,0,0,0,0,0,0,0,0.0,0,0,0,0,0,64.0,64240.0,0,0,0,58,eth:ethertype:ip:tcp,,,,,,,,,,,0.0,Normal,0.0
1744301468942648,10.42.0.1,10.42.0.149,1883,54252,1,4,0,1,0,0,0,0,0,0,0,0,0,0.0,0,,0,0,,0,0,0,0,0,0,0,0,0.0,0,0,0,0,0,64.0,64237.0,0,0,0,54,eth:ethertype:ip:tcp,,,,,,,,,,,0.0,Normal,0.0
1744301468946579,10.42.0.1,10.42.0.149,1883,54252,1,39,0,1,0,0,0,0,0,0,0,0,0,0.0,0,,0,0,,0,0,0,0,0,0,0,0,0.0,0,0,0,0,0,64.0,64202.0,0,0,0,54,eth:ethertype:ip:tcp,,,,,,,,,,,0.0,Normal,0.0
1744301468949591,10.42.0.1,10.42.0.149,1883,54252,1,45,0,1,0,0,0,0,0,0,0,0,0,0.0,0,,0,0,,0,0,0,0,0,0,0,0,0.0,0,0,0,0,0,64.0,64196.0,0,0,0,54,eth:ethertype:ip:tcp,,,,,,,,,,,0.0,Normal,0.0
1744301468949919,10.42.0.1,10.42.0.149,1883,54252,1,45,0,1,0,0,1,0,4,0,0,0,0,0.0,0,,0,2,,0,0,0,0,2,0,0,0,0.0,0x00,0,0,0,0,64.0,64196.0,0,0,0,58,eth:ethertype:ip:tcp:mqtt,,,,,,,,,,,0.0,Normal,0.0
1744301468988194,10.42.0.1,10.42.0.149,1883,54252,5,231,0,1,0,0,0,0,0,0,0,0,0,0.0,0,,0,0,,0,0,0,0,0,0,0,0,0.0,0,0,0,0,0,64.0,64010.0,0,0,0,54,eth:ethertype:ip:tcp,,,,,,,,,,,0.0,Normal,0.0
1744301468988234,10.42.0.1,10.42.0.149,1883,54252,5,231,0,1,1,0,0,0,0,0,0,0,0,0.0,0,,0,0,,0,0,0,0,0,0,0,0,0.0,0,0,0,0,0,64.0,64010.0,0,0,0,54,eth:ethertype:ip:tcp,,,,,,,,,,,0.0,Normal,0.0
1744301469328589,10.42.0.1,10.42.0.139,1883,49930,0,1,1,1,0,0,0,0,0,0,0,0,0,0.0,0,,0,0,,0,0,0,0,0,0,0,0,0.0,0,0,0,0,0,64.0,64240.0,0,0,0,58,eth:ethertype:ip:tcp,,,,,,,,,,,0.0,Normal,0.0
1744301469334442,10.42.0.1,10.42.0.139,1883,49930,1,4,0,1,0,0,0,0,0,0,0,0,0,0.0,0,,0,0,,0,0,0,0,0,0,0,0,0.0,0,0,0,0,0,64.0,64237.0,0,0,0,54,eth:ethertype:ip:tcp,,,,,,,,,,,0.0,Normal,0.0
1744301469337978,10.42.0.1,10.42.0.139,1883,49930,1,33,0,1,0,0,0,0,0,0,0,0,0,0.0,0,,0,0,,0,0,0,0,0,0,0,0,0.0,0,0,0,0,0,64.0,64208.0,0,0,0,54,eth:ethertype:ip:tcp,,,,,,,,,,,0.0,Normal,0.0
1744301469340974,10.42.0.1,10.42.0.139,1883,49930,1,45,0,1,0,0,0,0,0,0,0,0,0,0.0,0,,0,0,,0,0,0,0,0,0,0,0,0.0,0,0,0,0,0,64.0,64196.0,0,0,0,54,eth:ethertype:ip:tcp,,,,,,,,,,,0.0,Normal,0.0
1744301469341327,10.42.0.1,10.42.0.139,1883,49930,1,45,0,1,0,0,1,0,4,0,0,0,0,0.0,0,,0,2,,0,0,0,0,2,0,0,0,0.0,0x00,0,0,0,0,64.0,64196.0,0,0,0,58,eth:ethertype:ip:tcp:mqtt,,,,,,,,,,,0.0,Normal,0.0
1744301469389176,10.42.0.1,10.42.0.139,1883,49930,5,234,0,1,0,0,0,0,0,0,0,0,0,0.0,0,,0,0,,0,0,0,0,0,0,0,0,0.0,0,0,0,0,0,64.0,64007.0,0,0,0,54,eth:ethertype:ip:tcp,,,,,,,,,,,0.0,Normal,0.0
1744301469389214,10.42.0.1,10.42.0.139,1883,49930,5,234,0,1,1,0,0,0,0,0,0,0,0,0.0,0,,0,0,,0,0,0,0,0,0,0,0,0.0,0,0,0,0,0,64.0,64007.0,0,0,0,54,eth:ethertype:ip:tcp,,,,,,,,,,,0.0,Normal,0.0
1744301483936814,10.42.0.1,10.42.0.3,1883,54252,0,1,1,1,0,0,0,0,0,0,0,0,0,0.0,0,,0,0,,0,0,0,0,0,0,0,0,0.0,0,0,0,0,0,64.0,64240.0,0,0,0,58,eth:ethertype:ip:tcp,,,,,,,,,,,0.0,Normal,0.0
1744301483942648,10.42.0.1,10.42.0.3,1883,54252,1,4,0,1,0,0,0,0,0,0,0,0,0,0.0,0,,0,0,,0,0,0,0,0,0,0,0,0.0,0,0,0,0,0,64.0,64237.0,0,0,0,54,eth:ethertype:ip:tcp,,,,,,,,,,,0.0,Normal,0.0
1744301483946579,10.42.0.1,10.42.0.3,1883,54252,1,39,0,1,0,0,0,0,0,0,0,0,0,0.0,0,,0,0,,0,0,0,0,0,0,0,0,0.0,0,0,0,0,0,64.0,64202.0,0,0,0,54,eth:ethertype:ip:tcp,,,,,,,,,,,0.0,Normal,0.0
1744301483949591,10.42.0.1,10.42.0.3,1883,54252,1,45,0,1,0,0,0,0,0,0,0,0,0,0.0,0,,0,0,,0,0,0,0,0,0,0,0,0.0,0,0,0,0,0,64.0,64196.0,0,0,0,54,eth:ethertype:ip:tcp,,,,,,,,,,,0.0,Normal,0.0
1744301483949919,10.42.0.1,10.42.0.3,1883,54252,1,45,0,1,0,0,1,0,4,0,0,0,0,0.0,0,,0,2,,0,0,0,0,2,0,0,0,0.0,0x00,0,0,0,0,64.0,64196.0,0,0,0,58,eth:ethertype:ip:tcp:mqtt,,,,,,,,,,,0.0,Normal,0.0
1744301483988194,10.42.0.1,10.42.0.3,1883,54252,5,231,0,1,0,0,0,0,0,0,0,0,0,0.0,0,,0,0,,0,0,0,0,0,0,0,0,0.0,0,0,0,0,0,64.0,64010.0,0,0,0,54,eth:ethertype:ip:tcp,,,,,,,,,,,0.0,Normal,0.0
1744301483988234,10.42.0.1,10.42.0.3,1883,54252,5,231,0,1,1,0,0,0,0,0,0,0,0,0.0,0,,0,0,,0,0,0,0,0,0,0,0,0.0,0,0,0,0,0,64.0,64010.0,0,0,0,54,eth:ethertype:ip:tcp,,,,,,,,,,,0.0,Normal,0.0
1744301484328589,10.42.0.1,10.42.0.2,1883,49930,0,1,1,1,0,0,0,0,0,0,0,0,0,0.0,0,,0,0,,0,0,0,0,0,0,0,0,0.0,0,0,0,0,0,64.0,64240.0,0,0,0,58,eth:ethertype:ip:tcp,,,,,,,,,,,0.0,Normal,0.0
1744301484334442,10.42.0.1,10.42.0.2,1883,49930,1,4,0,1,0,0,0,0,0,0,0,0,0,0.0,0,,0,0,,0,0,0,0,0,0,0,0,0.0,0,0,0,0,0,64.0,64237.0,0,0,0,54,eth:ethertype:ip:tcp,,,,,,,,,,,0.0,Normal,0.0
1744301484337978,10.42.0.1,10.42.0.2,1883,49930,1,33,0,1,0,0,0,0,0,0,0,0,0,0.0,0,,0,0,,0,0,0,0,0,0,0,0,0.0,0,0,0,0,0,64.0,64208.0,0,0,0,54,eth:ethertype:ip:tcp,,,,,,,,,,,0.0,Normal,0.0
1744301484340974,10.42.0.1,10.42.0.2,1883,49930,1,45,0,1,0,0,0,0,0,0,0,0,0,0.0,0,,0,0,,0,0,0,0,0,0,0,0,0.0,0,0,0,0,0,64.0,64196.0,0,0,0,54,eth:ethertype:ip:tcp,,,,,,,,,,,0.0,Normal,0.0
1744301484341327,10.42.0.1,10.42.0.2,1883,49930,1,45,0,1,0,0,1,0,4,0,0,0,0,0.0,0,,0,2,,0,0,0,0,2,0,0,0,0.0,0x00,0,0,0,0,64.0,64196.0,0,0,0,58,eth:ethertype:ip:tcp:mqtt,,,,,,,,,,,0.0,Normal,0.0
1744301484389176,10.42.0.1,10.42.0.2,1883,49930,5,234,0,1,0,0,0,0,0,0,0,0,0,0.0,0,,0,0,,0,0,0,0,0,0,0,0,0.0,0,0,0,0,0,64.0,64007.0,0,0,0,54,eth:ethertype:ip:tcp,,,,,,,,,,,0.0,Normal,0.0
1744301484389214,10.42.0.1,10.42.0.2,1883,49930,5,234,0,1,1,0,0,0,0,0,0,0,0,0.0,0,,0,0,,0,0,0,0,0,0,0,0,0.0,0,0,0,0,0,64.0,64007.0,0,0,0,54,eth:ethertype:ip:tcp,,,,,,,,,,,0.0,Normal,0.0
1744301498997235,10.42.0.1,10.42.0.149,1883,54253,0,1,1,1,0,0,0,0,0,0,0,0,0,0.0,0,,0,0,,0,0,0,0,0,0,0,0,0.0,0,0,0,0,0,64.0,64240.0,0,0,0,58,eth:ethertype:ip:tcp,,,,,,,,,,,0.0,Normal,0.0
1744301499003755,10.42.0.1,10.42.0.149,1883,54253,1,4,0,1,0,0,0,0,0,0,0,0,0,0.0,0,,0,0,,0,0,0,0,0,0,0,0,0.0,0,0,0,0,0,64.0,64237.0,0,0,0,54,eth:ethertype:ip:tcp,,,,,,,,,,,0.0,Normal,0.0
1744301499007279,10.42.0.1,10.42.0.149,1883,54253,1,33,0,1,0,0,0,0,0,0,0,0,0,0.0,0,,0,0,,0,0,0,0,0,0,0,0,0.0,0,0,0,0,0,64.0,64208.0,0,0,0,54,eth:ethertype:ip:tcp,,,,,,,,,,,0.0,Normal,0.0
1744301499010406,10.42.0.1,10.42.0.149,1883,54253,1,45,0,1,0,0,0,0,0,0,0,0,0,0.0,0,,0,0,,0,0,0,0,0,0,0,0,0.0,0,0,0,0,0,64.0,64196.0,0,0,0,54,eth:ethertype:ip:tcp,,,,,,,,,,,0.0,Normal,0.0
1744301499010801,10.42.0.1,10.42.0.149,1883,54253,1,45,0,1,0,0,1,0,4,0,0,0,0,0.0,0,,0,2,,0,0,0,0,2,0,0,0,0.0,0x00,0,0,0,0,64.0,64196.0,0,0,0,58,eth:ethertype:ip:tcp:mqtt,,,,,,,,,,,0.0,Normal,0.0
1744301499049198,10.42.0.1,10.42.0.149,1883,54253,5,231,0,1,0,0,0,0,0,0,0,0,0,0.0,0,,0,0,,0,0,0,0,0,0,0,0,0.0,0,0,0,0,0,64.0,64010.0,0,0,0,54,eth:ethertype:ip:tcp,,,,,,,,,,,0.0,Normal,0.0
1744301499049255,10.42.0.1,10.42.0.149,1883,54253,5,231,0,1,1,0,0,0,0,0,0,0,0,0.0,0,,0,0,,0,0,0,0,0,0,0,0,0.0,0,0,0,0,0,64.0,64010.0,0,0,0,54,eth:ethertype:ip:tcp,,,,,,,,,,,0.0,Normal,0.0
1744301499398820,10.42.0.1,10.42.0.139,1883,49931,0,1,1,1,0,0,0,0,0,0,0,0,0,0.0,0,,0,0,,0,0,0,0,0,0,0,0,0.0,0,0,0,0,0,64.0,64240.0,0,0,0,58,eth:ethertype:ip:tcp,,,,,,,,,,,0.0,Normal,0.0
1744301499420651,10.42.0.1,10.42.0.139,1883,49931,1,4,0,1,0,0,0,0,0,0,0,0,0,0.0,0,,0,0,,0,0,0,0,0,0,0,0,0.0,0,0,0,0,0,64.0,64237.0,0,0,0,54,eth:ethertype:ip:tcp,,,,,,,,,,,0.0,Normal,0.0
1744301499424018,10.42.0.1,10.42.0.139,1883,49931,1,33,0,1,0,0,0,0,0,0,0,0,0,0.0,0,,0,0,,0,0,0,0,0,0,0,0,0.0,0,0,0,0,0,64.0,64208.0,0,0,0,54,eth:ethertype:ip:tcp,,,,,,,,,,,0.0,Normal,0.0
1744301499427625,10.42.0.1,10.42.0.139,1883,49931,1,45,0,1,0,0,0,0,0,0,0,0,0,0.0,0,,0,0,,0,0,0,0,0,0,0,0,0.0,0,0,0,0,0,64.0,64196.0,0,0,0,54,eth:ethertype:ip:tcp,,,,,,,,,,,0.0,Normal,0.0
1744301499428001,10.42.0.1,10.42.0.139,1883,49931,1,45,0,1,0,0,1,0,4,0,0,0,0,0.0,0,,0,2,,0,0,0,0,2,0,0,0,0.0,0x00,0,0,0,0,64.0,64196.0,0,0,0,58,eth:ethertype:ip:tcp:mqtt,,,,,,,,,,,0.0,Normal,0.0
1744301499479509,10.42.0.1,10.42.0.139,1883,49931,5,234,0,1,0,0,0,0,0,0,0,0,0,0.0,0,,0,0,,0,0,0,0,0,0,0,0,0.0,0,0,0,0,0,64.0,64007.0,0,0,0,54,eth:ethertype:ip:tcp,,,,,,,,,,,0.0,Normal,0.0
1744301499479549,10.42.0.1,10.42.0.139,1883,49931,5,234,0,1,1,0,0,0,0,0,0,0,0,0.0,0,,0,0,,0,0,0,0,0,0,0,0,0.0,0,0,0,0,0,64.0,64007.0,0,0,0,54,eth:ethertype:ip:tcp,,,,,,,,,,,0.0,Normal,0.0
1744301513997235,10.42.0.1,10.42.0.3,1883,54253,0,1,1,1,0,0,0,0,0,0,0,0,0,0.0,0,,0,0,,0,0,0,0,0,0,0,0,0.0,0,0,0,0,0,64.0,64240.0,0,0,0,58,eth:ethertype:ip:tcp,,,,,,,,,,,0.0,Normal,0.0
1744301514003755,10.42.0.1,10.42.0.3,1883,54253,1,4,0,1,0,0,0,0,0,0,0,0,0,0.0,0,,0,0,,0,0,0,0,0,0,0,0,0.0,0,0,0,0,0,64.0,64237.0,0,0,0,54,eth:ethertype:ip:tcp,,,,,,,,,,,0.0,Normal,0.0
1744301514007279,10.42.0.1,10.42.0.3,1883,54253,1,33,0,1,0,0,0,0,0,0,0,0,0,0.0,0,,0,0,,0,0,0,0,0,0,0,0,0.0,0,0,0,0,0,64.0,64208.0,0,0,0,54,eth:ethertype:ip:tcp,,,,,,,,,,,0.0,Normal,0.0
1744301514010406,10.42.0.1,10.42.0.3,1883,54253,1,45,0,1,0,0,0,0,0,0,0,0,0,0.0,0,,0,0,,0,0,0,0,0,0,0,0,0.0,0,0,0,0,0,64.0,64196.0,0,0,0,54,eth:ethertype:ip:tcp,,,,,,,,,,,0.0,Normal,0.0
1744301514010801,10.42.0.1,10.42.0.3,1883,54253,1,45,0,1,0,0,1,0,4,0,0,0,0,0.0,0,,0,2,,0,0,0,0,2,0,0,0,0.0,0x00,0,0,0,0,64.0,64196.0,0,0,0,58,eth:ethertype:ip:tcp:mqtt,,,,,,,,,,,0.0,Normal,0.0
1744301514049198,10.42.0.1,10.42.0.3,1883,54253,5,231,0,1,0,0,0,0,0,0,0,0,0,0.0,0,,0,0,,0,0,0,0,0,0,0,0,0.0,0,0,0,0,0,64.0,64010.0,0,0,0,54,eth:ethertype:ip:tcp,,,,,,,,,,,0.0,Normal,0.0
1744301514049255,10.42.0.1,10.42.0.3,1883,54253,5,231,0,1,1,0,0,0,0,0,0,0,0,0.0,0,,0,0,,0,0,0,0,0,0,0,0,0.0,0,0,0,0,0,64.0,64010.0,0,0,0,54,eth:ethertype:ip:tcp,,,,,,,,,,,0.0,Normal,0.0
1744301514398820,10.42.0.1,10.42.0.2,1883,49931,0,1,1,1,0,0,0,0,0,0,0,0,0,0.0,0,,0,0,,0,0,0,0,0,0,0,0,0.0,0,0,0,0,0,64.0,64240.0,0,0,0,58,eth:ethertype:ip:tcp,,,,,,,,,,,0.0,Normal,0.0
1744301514420651,10.42.0.1,10.42.0.2,1883,49931,1,4,0,1,0,0,0,0,0,0,0,0,0,0.0,0,,0,0,,0,0,0,0,0,0,0,0,0.0,0,0,0,0,0,64.0,64237.0,0,0,0,54,eth:ethertype:ip:tcp,,,,,,,,,,,0.0,Normal,0.0
1744301514424018,10.42.0.1,10.42.0.2,1883,49931,1,33,0,1,0,0,0,0,0,0,0,0,0,0.0,0,,0,0,,0,0,0,0,0,0,0,0,0.0,0,0,0,0,0,64.0,64208.0,0,0,0,54,eth:ethertype:ip:tcp,,,,,,,,,,,0.0,Normal,0.0
1744301514427625,10.42.0.1,10.42.0.2,1883,49931,1,45,0,1,0,0,0,0,0,0,0,0,0,0.0,0,,0,0,,0,0,0,0,0,0,0,0,0.0,0,0,0,0,0,64.0,64196.0,0,0,0,54,eth:ethertype:ip:tcp,,,,,,,,,,,0.0,Normal,0.0
1744301514428001,10.42.0.1,10.42.0.2,1883,49931,1,45,0,1,0,0,1,0,4,0,0,0,0,0.0,0,,0,2,,0,0,0,0,2,0,0,0,0.0,0x00,0,0,0,0,64.0,64196.0,0,0,0,58,eth:ethertype:ip:tcp:mqtt,,,,,,,,,,,0.0,Normal,0.0
1744301514479509,10.42.0.1,10.42.0.2,1883,49931,5,234,0,1,0,0,0,0,0,0,0,0,0,0.0,0,,0,0,,0,0,0,0,0,0,0,0,0.0,0,0,0,0,0,64.0,64007.0,0,0,0,54,eth:ethertype:ip:tcp,,,,,,,,,,,0.0,Normal,0.0
1744301514479549,10.42.0.1,10.42.0.2,1883,49931,5,234,0,1,1,0,0,0,0,0,0,0,0,0.0,0,,0,0,,0,0,0,0,0,0,0,0,0.0,0,0,0,0,0,64.0,64007.0,0,0,0,54,eth:ethertype:ip:tcp,,,,,,,,,,,0.0,Normal,0.0
1744301529056699,10.42.0.1,10.42.0.149,1883,54254,0,1,1,1,0,0,0,0,0,0,0,0,0,0.0,0,,0,0,,0,0,0,0,0,0,0,0,0.0,0,0,0,0,0,64.0,64240.0,0,0,0,58,eth:ethertype:ip:tcp,,,,,,,,,,,0.0,Normal,0.0
1744301529063673,10.42.0.1,10.42.0.149,1883,54254,1,4,0,1,0,0,0,0,0,0,0,0,0,0.0,0,,0,0,,0,0,0,0,0,0,0,0,0.0,0,0,0,0,0,64.0,64237.0,0,0,0,54,eth:ethertype:ip:tcp,,,,,,,,,,,0.0,Normal,0.0
1744301529069027,10.42.0.1,10.42.0.149,1883,54254,1,45,0,1,0,0,0,0,0,0,0,0,0,0.0,0,,0,0,,0,0,0,0,0,0,0,0,0.0,0,0,0,0,0,64.0,64196.0,0,0,0,54,eth:ethertype:ip:tcp,,,,,,,,,,,0.0,Normal,0.0
1744301529069375,10.42.0.1,10.42.0.149,1883,54254,1,45,0,1,0,0,1,0,4,0,0,0,0,0.0,0,,0,2,,0,0,0,0,2,0,0,0,0.0,0x00,0,0,0,0,64.0,64196.0,0,0,0,58,eth:ethertype:ip:tcp:mqtt,,,,,,,,,,,0.0,Normal,0.0
1744301529107354,10.42.0.1,10.42.0.149,1883,54254,5,231,0,1,0,0,0,0,0,0,0,0,0,0.0,0,,0,0,,0,0,0,0,0,0,0,0,0.0,0,0,0,0,0,64.0,64010.0,0,0,0,54,eth:ethertype:ip:tcp,,,,,,,,,,,0.0,Normal,0.0
1744301529107384,10.42.0.1,10.42.0.149,1883,54254,5,231,0,1,1,0,0,0,0,0,0,0,0,0.0,0,,0,0,,0,0,0,0,0,0,0,0,0.0,0,0,0,0,0,64.0,64010.0,0,0,0,54,eth:ethertype:ip:tcp,,,,,,,,,,,0.0,Normal,0.0
1744301529487736,10.42.0.1,10.42.0.139,1883,49932,0,1,1,1,0,0,0,0,0,0,0,0,0,0.0,0,,0,0,,0,0,0,0,0,0,0,0,0.0,0,0,0,0,0,64.0,64240.0,0,0,0,58,eth:ethertype:ip:tcp,,,,,,,,,,,0.0,Normal,0.0
1744301529493857,10.42.0.1,10.42.0.139,1883,49932,1,4,0,1,0,0,0,0,0,0,0,0,0,0.0,0,,0,0,,0,0,0,0,0,0,0,0,0.0,0,0,0,0,0,64.0,64237.0,0,0,0,54,eth:ethertype:ip:tcp,,,,,,,,,,,0.0,Normal,0.0
1744301529497280,10.42.0.1,10.42.0.139,1883,49932,1,33,0,1,0,0,0,0,0,0,0,0,0,0.0,0,,0,0,,0,0,0,0,0,0,0,0,0.0,0,0,0,0,0,64.0,64208.0,0,0,0,54,eth:ethertype:ip:tcp,,,,,,,,,,,0.0,Normal,0.0
1744301529500380,10.42.0.1,10.42.0.139,1883,49932,1,45,0,1,0,0,0,0,0,0,0,0,0,0.0,0,,0,0,,0,0,0,0,0,0,0,0,0.0,0,0,0,0,0,64.0,64196.0,0,0,0,54,eth:ethertype:ip:tcp,,,,,,,,,,,0.0,Normal,0.0
1744301529500736,10.42.0.1,10.42.0.139,1883,49932,1,45,0,1,0,0,1,0,4,0,0,0,0,0.0,0,,0,2,,0,0,0,0,2,0,0,0,0.0,0x00,0,0,0,0,64.0,64196.0,0,0,0,58,eth:ethertype:ip:tcp:mqtt,,,,,,,,,,,0.0,Normal,0.0
1744301529548068,10.42.0.1,10.42.0.139,1883,49932,5,234,0,1,0,0,0,0,0,0,0,0,0,0.0,0,,0,0,,0,0,0,0,0,0,0,0,0.0,0,0,0,0,0,64.0,64007.0,0,0,0,54,eth:ethertype:ip:tcp,,,,,,,,,,,0.0,Normal,0.0
1744301529548113,10.42.0.1,10.42.0.139,1883,49932,5,234,0,1,1,0,0,0,0,0,0,0,0,0.0,0,,0,0,,0,0,0,0,0,0,0,0,0.0,0,0,0,0,0,64.0,64007.0,0,0,0,54,eth:ethertype:ip:tcp,,,,,,,,,,,0.0,Normal,0.0
1744301544056699,10.42.0.1,10.42.0.3,1883,54254,0,1,1,1,0,0,0,0,0,0,0,0,0,0.0,0,,0,0,,0,0,0,0,0,0,0,0,0.0,0,0,0,0,0,64.0,64240.0,0,0,0,58,eth:ethertype:ip:tcp,,,,,,,,,,,0.0,Normal,0.0
1744301544063673,10.42.0.1,10.42.0.3,1883,54254,1,4,0,1,0,0,0,0,0,0,0,0,0,0.0,0,,0,0,,0,0,0,0,0,0,0,0,0.0,0,0,0,0,0,64.0,64237.0,0,0,0,54,eth:ethertype:ip:tcp,,,,,,,,,,,0.0,Normal,0.0
1744301544069027,10.42.0.1,10.42.0.3,1883,54254,1,45,0,1,0,0,0,0,0,0,0,0,0,0.0,0,,0,0,,0,0,0,0,0,0,0,0,0.0,0,0,0,0,0,64.0,64196.0,0,0,0,54,eth:ethertype:ip:tcp,,,,,,,,,,,0.0,Normal,0.0
1744301544069375,10.42.0.1,10.42.0.3,1883,54254,1,45,0,1,0,0,1,0,4,0,0,0,0,0.0,0,,0,2,,0,0,0,0,2,0,0,0,0.0,0x00,0,0,0,0,64.0,64196.0,0,0,0,58,eth:ethertype:ip:tcp:mqtt,,,,,,,,,,,0.0,Normal,0.0
1744301544107354,10.42.0.1,10.42.0.3,1883,54254,5,231,0,1,0,0,0,0,0,0,0,0,0,0.0,0,,0,0,,0,0,0,0,0,0,0,0,0.0,0,0,0,0,0,64.0,64010.0,0,0,0,54,eth:ethertype:ip:tcp,,,,,,,,,,,0.0,Normal,0.0
1744301544107384,10.42.0.1,10.42.0.3,1883,54254,5,231,0,1,1,0,0,0,0,0,0,0,0,0.0,0,,0,0,,0,0,0,0,0,0,0,0,0.0,0,0,0,0,0,64.0,64010.0,0,0,0,54,eth:ethertype:ip:tcp,,,,,,,,,,,0.0,Normal,0.0
1744301544487736,10.42.0.1,10.42.0.2,1883,49932,0,1,1,1,0,0,0,0,0,0,0,0,0,0.0,0,,0,0,,0,0,0,0,0,0,0,0,0.0,0,0,0,0,0,64.0,64240.0,0,0,0,58,eth:ethertype:ip:tcp,,,,,,,,,,,0.0,Normal,0.0
1744301544493857,10.42.0.1,10.42.0.2,1883,49932,1,4,0,1,0,0,0,0,0,0,0,0,0,0.0,0,,0,0,,0,0,0,0,0,0,0,0,0.0,0,0,0,0,0,64.0,64237.0,0,0,0,54,eth:ethertype:ip:tcp,,,,,,,,,,,0.0,Normal,0.0
1744301544497280,10.42.0.1,10.42.0.2,1883,49932,1,33,0,1,0,0,0,0,0,0,0,0,0,0.0,0,,0,0,,0,0,0,0,0,0,0,0,0.0,0,0,0,0,0,64.0,64208.0,0,0,0,54,eth:ethertype:ip:tcp,,,,,,,,,,,0.0,Normal,0.0
1744301544500380,10.42.0.1,10.42.0.2,1883,49932,1,45,0,1,0,0,0,0,0,0,0,0,0,0.0,0,,0,0,,0,0,0,0,0,0,0,0,0.0,0,0,0,0,0,64.0,64196.0,0,0,0,54,eth:ethertype:ip:tcp,,,,,,,,,,,0.0,Normal,0.0
1744301544500736,10.42.0.1,10.42.0.2,1883,49932,1,45,0,1,0,0,1,0,4,0,0,0,0,0.0,0,,0,2,,0,0,0,0,2,0,0,0,0.0,0x00,0,0,0,0,64.0,64196.0,0,0,0,58,eth:ethertype:ip:tcp:mqtt,,,,,,,,,,,0.0,Normal,0.0
1744301544548068,10.42.0.1,10.42.0.2,1883,49932,5,234,0,1,0,0,0,0,0,0,0,0,0,0.0,0,,0,0,,0,0,0,0,0,0,0,0,0.0,0,0,0,0,0,64.0,64007.0,0,0,0,54,eth:ethertype:ip:tcp,,,,,,,,,,,0.0,Normal,0.0
1744301544548113,10.42.0.1,10.42.0.2,1883,49932,5,234,0,1,1,0,0,0,0,0,0,0,0,0.0,0,,0,0,,0,0,0,0,0,0,0,0,0.0,0,0,0,0,0,64.0,64007.0,0,0,0,54,eth:ethertype:ip:tcp,,,,,,,,,,,0.0,Normal,0.0
1744301559115806,10.42.0.1,10.42.0.149,1883,54255,0,1,1,1,0,0,0,0,0,0,0,0,0,0.0,0,,0,0,,0,0,0,0,0,0,0,0,0.0,0,0,0,0,0,64.0,64240.0,0,0,0,58,eth:ethertype:ip:tcp,,,,,,,,,,,0.0,Normal,0.0
1744301559121804,10.42.0.1,10.42.0.149,1883,54255,1,4,0,1,0,0,0,0,0,0,0,0,0,0.0,0,,0,0,,0,0,0,0,0,0,0,0,0.0,0,0,0,0,0,64.0,64237.0,0,0,0,54,eth:ethertype:ip:tcp,,,,,,,,,,,0.0,Normal,0.0
1744301559127506,10.42.0.1,10.42.0.149,1883,54255,1,45,0,1,0,0,0,0,0,0,0,0,0,0.0,0,,0,0,,0,0,0,0,0,0,0,0,0.0,0,0,0,0,0,64.0,64196.0,0,0,0,54,eth:ethertype:ip:tcp,,,,,,,,,,,0.0,Normal,0.0
1744301559127856,10.42.0.1,10.42.0.149,1883,54255,1,45,0,1,0,0,1,0,4,0,0,0,0,0.0,0,,0,2,,0,0,0,0,2,0,0,0,0.0,0x00,0,0,0,0,64.0,64196.0,0,0,0,58,eth:ethertype:ip:tcp:mqtt,,,,,,,,,,,0.0,Normal,0.0
1744301559170163,10.42.0.1,10.42.0.149,1883,54255,5,231,0,1,0,0,0,0,0,0,0,0,0,0.0,0,,0,0,,0,0,0,0,0,0,0,0,0.0,0,0,0,0,0,64.0,64010.0,0,0,0,54,eth:ethertype:ip:tcp,,,,,,,,,,,0.0,Normal,0.0
1744301559170199,10.42.0.1,10.42.0.149,1883,54255,5,231,0,1,1,0,0,0,0,0,0,0,0,0.0,0,,0,0,,0,0,0,0,0,0,0,0,0.0,0,0,0,0,0,64.0,64010.0,0,0,0,54,eth:ethertype:ip:tcp,,,,,,,,,,,0.0,Normal,0.0
1744301559556690,10.42.0.1,10.42.0.139,1883,49933,0,1,1,1,0,0,0,0,0,0,0,0,0,0.0,0,,0,0,,0,0,0,0,0,0,0,0,0.0,0,0,0,0,0,64.0,64240.0,0,0,0,58,eth:ethertype:ip:tcp,,,,,,,,,,,0.0,Normal,0.0
1744301559565182,10.42.0.1,10.42.0.139,1883,49933,1,4,0,1,0,0,0,0,0,0,0,0,0,0.0,0,,0,0,,0,0,0,0,0,0,0,0,0.0,0,0,0,0,0,64.0,64237.0,0,0,0,54,eth:ethertype:ip:tcp,,,,,,,,,,,0.0,Normal,0.0
1744301559568008,10.42.0.1,10.42.0.139,1883,49933,1,45,0,1,0,0,0,0,0,0,0,0,0,0.0,0,,0,0,,0,0,0,0,0,0,0,0,0.0,0,0,0,0,0,64.0,64196.0,0,0,0,54,eth:ethertype:ip:tcp,,,,,,,,,,,0.0,Normal,0.0
1744301559568259,10.42.0.1,10.42.0.139,1883,49933,1,45,0,1,0,0,1,0,4,0,0,0,0,0.0,0,,0,2,,0,0,0,0,2,0,0,0,0.0,0x00,0,0,0,0,64.0,64196.0,0,0,0,58,eth:ethertype:ip:tcp:mqtt,,,,,,,,,,,0.0,Normal,0.0
1744301559617281,10.42.0.1,10.42.0.139,1883,49933,5,234,0,1,0,0,0,0,0,0,0,0,0,0.0,0,,0,0,,0,0,0,0,0,0,0,0,0.0,0,0,0,0,0,64.0,64007.0,0,0,0,54,eth:ethertype:ip:tcp,,,,,,,,,,,0.0,Normal,0.0
1744301559617348,10.42.0.1,10.42.0.139,1883,49933,5,234,0,1,1,0,0,0,0,0,0,0,0,0.0,0,,0,0,,0,0,0,0,0,0,0,0,0.0,0,0,0,0,0,64.0,64007.0,0,0,0,54,eth:ethertype:ip:tcp,,,,,,,,,,,0.0,Normal,0.0
1744301574115806,10.42.0.1,10.42.0.3,1883,54255,0,1,1,1,0,0,0,0,0,0,0,0,0,0.0,0,,0,0,,0,0,0,0,0,0,0,0,0.0,0,0,0,0,0,64.0,64240.0,0,0,0,58,eth:ethertype:ip:tcp,,,,,,,,,,,0.0,Normal,0.0
1744301574121804,10.42.0.1,10.42.0.3,1883,54255,1,4,0,1,0,0,0,0,0,0,0,0,0,0.0,0,,0,0,,0,0,0,0,0,0,0,0,0.0,0,0,0,0,0,64.0,64237.0,0,0,0,54,eth:ethertype:ip:tcp,,,,,,,,,,,0.0,Normal,0.0
1744301574127506,10.42.0.1,10.42.0.3,1883,54255,1,45,0,1,0,0,0,0,0,0,0,0,0,0.0,0,,0,0,,0,0,0,0,0,0,0,0,0.0,0,0,0,0,0,64.0,64196.0,0,0,0,54,eth:ethertype:ip:tcp,,,,,,,,,,,0.0,Normal,0.0
1744301574127856,10.42.0.1,10.42.0.3,1883,54255,1,45,0,1,0,0,1,0,4,0,0,0,0,0.0,0,,0,2,,0,0,0,0,2,0,0,0,0.0,0x00,0,0,0,0,64.0,64196.0,0,0,0,58,eth:ethertype:ip:tcp:mqtt,,,,,,,,,,,0.0,Normal,0.0
1744301574170163,10.42.0.1,10.42.0.3,1883,54255,5,231,0,1,0,0,0,0,0,0,0,0,0,0.0,0,,0,0,,0,0,0,0,0,0,0,0,0.0,0,0,0,0,0,64.0,64010.0,0,0,0,54,eth:ethertype:ip:tcp,,,,,,,,,,,0.0,Normal,0.0
1744301574170199,10.42.0.1,10.42.0.3,1883,54255,5,231,0,1,1,0,0,0,0,0,0,0,0,0.0,0,,0,0,,0,0,0,0,0,0,0,0,0.0,0,0,0,0,0,64.0,64010.0,0,0,0,54,eth:ethertype:ip:tcp,,,,,,,,,,,0.0,Normal,0.0
1744301574556690,10.42.0.1,10.42.0.2,1883,49933,0,1,1,1,0,0,0,0,0,0,0,0,0,0.0,0,,0,0,,0,0,0,0,0,0,0,0,0.0,0,0,0,0,0,64.0,64240.0,0,0,0,58,eth:ethertype:ip:tcp,,,,,,,,,,,0.0,Normal,0.0
1744301574565182,10.42.0.1,10.42.0.2,1883,49933,1,4,0,1,0,0,0,0,0,0,0,0,0,0.0,0,,0,0,,0,0,0,0,0,0,0,0,0.0,0,0,0,0,0,64.0,64237.0,0,0,0,54,eth:ethertype:ip:tcp,,,,,,,,,,,0.0,Normal,0.0
1744301574568008,10.42.0.1,10.42.0.2,1883,49933,1,45,0,1,0,0,0,0,0,0,0,0,0,0.0,0,,0,0,,0,0,0,0,0,0,0,0,0.0,0,0,0,0,0,64.0,64196.0,0,0,0,54,eth:ethertype:ip:tcp,,,,,,,,,,,0.0,Normal,0.0
1744301574568259,10.42.0.1,10.42.0.2,1883,49933,1,45,0,1,0,0,1,0,4,0,0,0,0,0.0,0,,0,2,,0,0,0,0,2,0,0,0,0.0,0x00,0,0,0,0,64.0,64196.0,0,0,0,58,eth:ethertype:ip:tcp:mqtt,,,,,,,,,,,0.0,Normal,0.0
1744301574617281,10.42.0.1,10.42.0.2,1883,49933,5,234,0,1,0,0,0,0,0,0,0,0,0,0.0,0,,0,0,,0,0,0,0,0,0,0,0,0.0,0,0,0,0,0,64.0,64007.0,0,0,0,54,eth:ethertype:ip:tcp,,,,,,,,,,,0.0,Normal,0.0
1744301574617348,10.42.0.1,10.42.0.2,1883,49933,5,234,0,1,1,0,0,0,0,0,0,0,0,0.0,0,,0,0,,0,0,0,0,0,0,0,0,0.0,0,0,0,0,0,64.0,64007.0,0,0,0,54,eth:ethertype:ip:tcp,,,,,,,,,,,0.0,Normal,0.0
1744301589175790,10.42.0.1,10.42.0.149,1883,54256,0,1,1,1,0,0,0,0,0,0,0,0,0,0.0,0,,0,0,,0,0,0,0,0,0,0,0,0.0,0,0,0,0,0,64.0,64240.0,0,0,0,58,eth:ethertype:ip:tcp,,,,,,,,,,,0.0,Normal,0.0
1744301589181623,10.42.0.1,10.42.0.149,1883,54256,1,4,0,1,0,0,0,0,0,0,0,0,0,0.0,0,,0,0,,0,0,0,0,0,0,0,0,0.0,0,0,0,0,0,64.0,64237.0,0,0,0,54,eth:ethertype:ip:tcp,,,,,,,,,,,0.0,Normal,0.0
1744301589185136,10.42.0.1,10.42.0.149,1883,54256,1,33,0,1,0,0,0,0,0,0,0,0,0,0.0,0,,0,0,,0,0,0,0,0,0,0,0,0.0,0,0,0,0,0,64.0,64208.0,0,0,0,54,eth:ethertype:ip:tcp,,,,,,,,,,,0.0,Normal,0.0
1744301589188071,10.42.0.1,10.42.0.149,1883,54256,1,45,0,1,0,0,0,0,0,0,0,0,0,0.0,0,,0,0,,0,0,0,0,0,0,0,0,0.0,0,0,0,0,0,64.0,64196.0,0,0,0,54,eth:ethertype:ip:tcp,,,,,,,,,,,0.0,Normal,0.0
1744301589188386,10.42.0.1,10.42.0.149,1883,54256,1,45,0,1,0,0,1,0,4,0,0,0,0,0.0,0,,0,2,,0,0,0,0,2,0,0,0,0.0,0x00,0,0,0,0,64.0,64196.0,0,0,0,58,eth:ethertype:ip:tcp:mqtt,,,,,,,,,,,0.0,Normal,0.0
1744301589225641,10.42.0.1,10.42.0.149,1883,54256,5,231,0,1,0,0,0,0,0,0,0,0,0,0.0,0,,0,0,,0,0,0,0,0,0,0,0,0.0,0,0,0,0,0,64.0,64010.0,0,0,0,54,eth:ethertype:ip:tcp,,,,,,,,,,,0.0,Normal,0.0
1744301589225730,10.42.0.1,10.42.0.149,1883,54256,5,231,0,1,1,0,0,0,0,0,0,0,0,0.0,0,,0,0,,0,0,0,0,0,0,0,0,0.0,0,0,0,0,0,64.0,64010.0,0,0,0,54,eth:ethertype:ip:tcp,,,,,,,,,,,0.0,Normal,0.0
1744301589625988,10.42.0.1,10.42.0.139,1883,49934,0,1,1,1,0,0,0,0,0,0,0,0,0,0.0,0,,0,0,,0,0,0,0,0,0,0,0,0.0,0,0,0,0,0,64.0,64240.0,0,0,0,58,eth:ethertype:ip:tcp,,,,,,,,,,,0.0,Normal,0.0
1744301589632042,10.42.0.1,10.42.0.139,1883,49934,1,4,0,1,0,0,0,0,0,0,0,0,0,0.0,0,,0,0,,0,0,0,0,0,0,0,0,0.0,0,0,0,0,0,64.0,64237.0,0,0,0,54,eth:ethertype:ip:tcp,,,,,,,,,,,0.0,Normal,0.0
1744301589635394,10.42.0.1,10.42.0.139,1883,49934,1,33,0,1,0,0,0,0,0,0,0,0,0,0.0,0,,0,0,,0,0,0,0,0,0,0,0,0.0,0,0,0,0,0,64.0,64208.0,0,0,0,54,eth:ethertype:ip:tcp,,,,,,,,,,,0.0,Normal,0.0
1744301589638515,10.42.0.1,10.42.0.139,1883,49934,1,45,0,1,0,0,0,0,0,0,0,0,0,0.0,0,,0,0,,0,0,0,0,0,0,0,0,0.0,0,0,0,0,0,64.0,64196.0,0,0,0,54,eth:ethertype:ip:tcp,,,,,,,,,,,0.0,Normal,0.0
1744301589638840,10.42.0.1,10.42.0.139,1883,49934,1,45,0,1,0,0,1,0,4,0,0,0,0,0.0,0,,0,2,,0,0,0,0,2,0,0,0,0.0,0x00,0,0,0,0,64.0,64196.0,0,0,0,58,eth:ethertype:ip:tcp:mqtt,,,,,,,,,,,0.0,Normal,0.0
1744301589689061,10.42.0.1,10.42.0.139,1883,49934,5,234,0,1,0,0,0,0,0,0,0,0,0,0.0,0,,0,0,,0,0,0,0,0,0,0,0,0.0,0,0,0,0,0,64.0,64007.0,0,0,0,54,eth:ethertype:ip:tcp,,,,,,,,,,,0.0,Normal,0.0
1744301589689154,10.42.0.1,10.42.0.139,1883,49934,5,234,0,1,1,0,0,0,0,0,0,0,0,0.0,0,,0,0,,0,0,0,0,0,0,0,0,0.0,0,0,0,0,0,64.0,64007.0,0,0,0,54,eth:ethertype:ip:tcp,,,,,,,,,,,0.0,Normal,0.0
1744301604175790,10.42.0.1,10.42.0.3,1883,54256,0,1,1,1,0,0,0,0,0,0,0,0,0,0.0,0,,0,0,,0,0,0,0,0,0,0,0,0.0,0,0,0,0,0,64.0,64240.0,0,0,0,58,eth:ethertype:ip:tcp,,,,,,,,,,,0.0,Normal,0.0
1744301604181623,10.42.0.1,10.42.0.3,1883,54256,1,4,0,1,0,0,0,0,0,0,0,0,0,0.0,0,,0,0,,0,0,0,0,0,0,0,0,0.0,0,0,0,0,0,64.0,64237.0,0,0,0,54,eth:ethertype:ip:tcp,,,,,,,,,,,0.0,Normal,0.0
1744301604185136,10.42.0.1,10.42.0.3,1883,54256,1,33,0,1,0,0,0,0,0,0,0,0,0,0.0,0,,0,0,,0,0,0,0,0,0,0,0,0.0,0,0,0,0,0,64.0,64208.0,0,0,0,54,eth:ethertype:ip:tcp,,,,,,,,,,,0.0,Normal,0.0
1744301604188071,10.42.0.1,10.42.0.3,1883,54256,1,45,0,1,0,0,0,0,0,0,0,0,0,0.0,0,,0,0,,0,0,0,0,0,0,0,0,0.0,0,0,0,0,0,64.0,64196.0,0,0,0,54,eth:ethertype:ip:tcp,,,,,,,,,,,0.0,Normal,0.0
1744301604188386,10.42.0.1,10.42.0.3,1883,54256,1,45,0,1,0,0,1,0,4,0,0,0,0,0.0,0,,0,2,,0,0,0,0,2,0,0,0,0.0,0x00,0,0,0,0,64.0,64196.0,0,0,0,58,eth:ethertype:ip:tcp:mqtt,,,,,,,,,,,0.0,Normal,0.0
1744301604225641,10.42.0.1,10.42.0.3,1883,54256,5,231,0,1,0,0,0,0,0,0,0,0,0,0.0,0,,0,0,,0,0,0,0,0,0,0,0,0.0,0,0,0,0,0,64.0,64010.0,0,0,0,54,eth:ethertype:ip:tcp,,,,,,,,,,,0.0,Normal,0.0
1744301604225730,10.42.0.1,10.42.0.3,1883,54256,5,231,0,1,1,0,0,0,0,0,0,0,0,0.0,0,,0,0,,0,0,0,0,0,0,0,0,0.0,0,0,0,0,0,64.0,64010.0,0,0,0,54,eth:ethertype:ip:tcp,,,,,,,,,,,0.0,Normal,0.0
1744301604625988,10.42.0.1,10.42.0.2,1883,49934,0,1,1,1,0,0,0,0,0,0,0,0,0,0.0,0,,0,0,,0,0,0,0,0,0,0,0,0.0,0,0,0,0,0,64.0,64240.0,0,0,0,58,eth:ethertype:ip:tcp,,,,,,,,,,,0.0,Normal,0.0
1744301604632042,10.42.0.1,10.42.0.2,1883,49934,1,4,0,1,0,0,0,0,0,0,0,0,0,0.0,0,,0,0,,0,0,0,0,0,0,0,0,0.0,0,0,0,0,0,64.0,64237.0,0,0,0,54,eth:ethertype:ip:tcp,,,,,,,,,,,0.0,Normal,0.0
1744301604635394,10.42.0.1,10.42.0.2,1883,49934,1,33,0,1,0,0,0,0,0,0,0,0,0,0.0,0,,0,0,,0,0,0,0,0,0,0,0,0.0,0,0,0,0,0,64.0,64208.0,0,0,0,54,eth:ethertype:ip:tcp,,,,,,,,,,,0.0,Normal,0.0
1744301604638515,10.42.0.1,10.42.0.2,1883,49934,1,45,0,1,0,0,0,0,0,0,0,0,0,0.0,0,,0,0,,0,0,0,0,0,0,0,0,0.0,0,0,0,0,0,64.0,64196.0,0,0,0,54,eth:ethertype:ip:tcp,,,,,,,,,,,0.0,Normal,0.0
1744301604638840,10.42.0.1,10.42.0.2,1883,49934,1,45,0,1,0,0,1,0,4,0,0,0,0,0.0,0,,0,2,,0,0,0,0,2,0,0,0,0.0,0x00,0,0,0,0,64.0,64196.0,0,0,0,58,eth:ethertype:ip:tcp:mqtt,,,,,,,,,,,0.0,Normal,0.0
1744301604689061,10.42.0.1,10.42.0.2,1883,49934,5,234,0,1,0,0,0,0,0,0,0,0,0,0.0,0,,0,0,,0,0,0,0,0,0,0,0,0.0,0,0,0,0,0,64.0,64007.0,0,0,0,54,eth:ethertype:ip:tcp,,,,,,,,,,,0.0,Normal,0.0
1744301604689154,10.42.0.1,10.42.0.2,1883,49934,5,234,0,1,1,0,0,0,0,0,0,0,0,0.0,0,,0,0,,0,0,0,0,0,0,0,0,0.0,0,0,0,0,0,64.0,64007.0,0,0,0,54,eth:ethertype:ip:tcp,,,,,,,,,,,0.0,Normal,0.0
1744301619234658,10.42.0.1,10.42.0.149,1883,54257,0,1,1,1,0,0,0,0,0,0,0,0,0,0.0,0,,0,0,,0,0,0,0,0,0,0,0,0.0,0,0,0,0,0,64.0,64240.0,0,0,0,58,eth:ethertype:ip:tcp,,,,,,,,,,,0.0,Normal,0.0
1744301619241076,10.42.0.1,10.42.0.149,1883,54257,1,4,0,1,0,0,0,0,0,0,0,0,0,0.0,0,,0,0,,0,0,0,0,0,0,0,0,0.0,0,0,0,0,0,64.0,64237.0,0,0,0,54,eth:ethertype:ip:tcp,,,,,,,,,,,0.0,Normal,0.0
1744301619244506,10.42.0.1,10.42.0.149,1883,54257,1,33,0,1,0,0,0,0,0,0,0,0,0,0.0,0,,0,0,,0,0,0,0,0,0,0,0,0.0,0,0,0,0,0,64.0,64208.0,0,0,0,54,eth:ethertype:ip:tcp,,,,,,,,,,,0.0,Normal,0.0
1744301619247593,10.42.0.1,10.42.0.149,1883,54257,1,45,0,1,0,0,0,0,0,0,0,0,0,0.0,0,,0,0,,0,0,0,0,0,0,0,0,0.0,0,0,0,0,0,64.0,64196.0,0,0,0,54,eth:ethertype:ip:tcp,,,,,,,,,,,0.0,Normal,0.0
1744301619247894,10.42.0.1,10.42.0.149,1883,54257,1,45,0,1,0,0,1,0,4,0,0,0,0,0.0,0,,0,2,,0,0,0,0,2,0,0,0,0.0,0x00,0,0,0,0,64.0,64196.0,0,0,0,58,eth:ethertype:ip:tcp:mqtt,,,,,,,,,,,0.0,Normal,0.0
1744301619285468,10.42.0.1,10.42.0.149,1883,54257,5,231,0,1,0,0,0,0,0,0,0,0,0,0.0,0,,0,0,,0,0,0,0,0,0,0,0,0.0,0,0,0,0,0,64.0,64010.0,0,0,0,54,eth:ethertype:ip:tcp,,,,,,,,,,,0.0,Normal,0.0
1744301619285502,10.42.0.1,10.42.0.149,1883,54257,5,231,0,1,1,0,0,0,0,0,0,0,0,0.0,0,,0,0,,0,0,0,0,0,0,0,0,0.0,0,0,0,0,0,64.0,64010.0,0,0,0,54,eth:ethertype:ip:tcp,,,,,,,,,,,0.0,Normal,0.0
1744301619697241,10.42.0.1,10.42.0.139,1883,49935,0,1,1,1,0,0,0,0,0,0,0,0,0,0.0,0,,0,0,,0,0,0,0,0,0,0,0,0.0,0,0,0,0,0,64.0,64240.0,0,0,0,58,eth:ethertype:ip:tcp,,,,,,,,,,,0.0,Normal,0.0
1744301619703152,10.42.0.1,10.42.0.139,1883,49935,1,4,0,1,0,0,0,0,0,0,0,0,0,0.0,0,,0,0,,0,0,0,0,0,0,0,0,0.0,0,0,0,0,0,64.0,64237.0,0,0,0,54,eth:ethertype:ip:tcp,,,,,,,,,,,0.0,Normal,0.0
1744301619706642,10.42.0.1,10.42.0.139,1883,49935,1,33,0,1,0,0,0,0,0,0,0,0,0,0.0,0,,0,0,,0,0,0,0,0,0,0,0,0.0,0,0,0,0,0,64.0,64208.0,0,0,0,54,eth:ethertype:ip:tcp,,,,,,,,,,,0.0,Normal,0.0
1744301619710058,10.42.0.1,10.42.0.139,1883,49935,1,45,0,1,0,0,0,0,0,0,0,0,0,0.0,0,,0,0,,0,0,0,0,0,0,0,0,0.0,0,0,0,0,0,64.0,64196.0,0,0,0,54,eth:ethertype:ip:tcp,,,,,,,,,,,0.0,Normal,0.0
1744301619710640,10.42.0.1,10.42.0.139,1883,49935,1,45,0,1,0,0,1,0,4,0,0,0,0,0.0,0,,0,2,,0,0,0,0,2,0,0,0,0.0,0x00,0,0,0,0,64.0,64196.0,0,0,0,58,eth:ethertype:ip:tcp:mqtt,,,,,,,,,,,0.0,Normal,0.0
1744301619755836,10.42.0.1,10.42.0.139,1883,49935,5,234,0,1,0,0,0,0,0,0,0,0,0,0.0,0,,0,0,,0,0,0,0,0,0,0,0,0.0,0,0,0,0,0,64.0,64007.0,0,0,0,54,eth:ethertype:ip:tcp,,,,,,,,,,,0.0,Normal,0.0
1744301619755927,10.42.0.1,10.42.0.139,1883,49935,5,234,0,1,1,0,0,0,0,0,0,0,0,0.0,0,,0,0,,0,0,0,0,0,0,0,0,0.0,0,0,0,0,0,64.0,64007.0,0,0,0,54,eth:ethertype:ip:tcp,,,,,,,,,,,0.0,Normal,0.0
1744301634234658,10.42.0.1,10.42.0.3,1883,54257,0,1,1,1,0,0,0,0,0,0,0,0,0,0.0,0,,0,0,,0,0,0,0,0,0,0,0,0.0,0,0,0,0,0,64.0,64240.0,0,0,0,58,eth:ethertype:ip:tcp,,,,,,,,,,,0.0,Normal,0.0
1744301634241076,10.42.0.1,10.42.0.3,1883,54257,1,4,0,1,0,0,0,0,0,0,0,0,0,0.0,0,,0,0,,0,0,0,0,0,0,0,0,0.0,0,0,0,0,0,64.0,64237.0,0,0,0,54,eth:ethertype:ip:tcp,,,,,,,,,,,0.0,Normal,0.0
1744301634244506,10.42.0.1,10.42.0.3,1883,54257,1,33,0,1,0,0,0,0,0,0,0,0,0,0.0,0,,0,0,,0,0,0,0,0,0,0,0,0.0,0,0,0,0,0,64.0,64208.0,0,0,0,54,eth:ethertype:ip:tcp,,,,,,,,,,,0.0,Normal,0.0
1744301634247593,10.42.0.1,10.42.0.3,1883,54257,1,45,0,1,0,0,0,0,0,0,0,0,0,0.0,0,,0,0,,0,0,0,0,0,0,0,0,0.0,0,0,0,0,0,64.0,64196.0,0,0,0,54,eth:ethertype:ip:tcp,,,,,,,,,,,0.0,Normal,0.0
1744301634247894,10.42.0.1,10.42.0.3,1883,54257,1,45,0,1,0,0,1,0,4,0,0,0,0,0.0,0,,0,2,,0,0,0,0,2,0,0,0,0.0,0x00,0,0,0,0,64.0,64196.0,0,0,0,58,eth:ethertype:ip:tcp:mqtt,,,,,,,,,,,0.0,Normal,0.0
1744301634285468,10.42.0.1,10.42.0.3,1883,54257,5,231,0,1,0,0,0,0,0,0,0,0,0,0.0,0,,0,0,,0,0,0,0,0,0,0,0,0.0,0,0,0,0,0,64.0,64010.0,0,0,0,54,eth:ethertype:ip:tcp,,,,,,,,,,,0.0,Normal,0.0
1744301634285502,10.42.0.1,10.42.0.3,1883,54257,5,231,0,1,1,0,0,0,0,0,0,0,0,0.0,0,,0,0,,0,0,0,0,0,0,0,0,0.0,0,0,0,0,0,64.0,64010.0,0,0,0,54,eth:ethertype:ip:tcp,,,,,,,,,,,0.0,Normal,0.0
1744301634697241,10.42.0.1,10.42.0.2,1883,49935,0,1,1,1,0,0,0,0,0,0,0,0,0,0.0,0,,0,0,,0,0,0,0,0,0,0,0,0.0,0,0,0,0,0,64.0,64240.0,0,0,0,58,eth:ethertype:ip:tcp,,,,,,,,,,,0.0,Normal,0.0
1744301634703152,10.42.0.1,10.42.0.2,1883,49935,1,4,0,1,0,0,0,0,0,0,0,0,0,0.0,0,,0,0,,0,0,0,0,0,0,0,0,0.0,0,0,0,0,0,64.0,64237.0,0,0,0,54,eth:ethertype:ip:tcp,,,,,,,,,,,0.0,Normal,0.0
1744301634706642,10.42.0.1,10.42.0.2,1883,49935,1,33,0,1,0,0,0,0,0,0,0,0,0,0.0,0,,0,0,,0,0,0,0,0,0,0,0,0.0,0,0,0,0,0,64.0,64208.0,0,0,0,54,eth:ethertype:ip:tcp,,,,,,,,,,,0.0,Normal,0.0
1744301634710058,10.42.0.1,10.42.0.2,1883,49935,1,45,0,1,0,0,0,0,0,0,0,0,0,0.0,0,,0,0,,0,0,0,0,0,0,0,0,0.0,0,0,0,0,0,64.0,64196.0,0,0,0,54,eth:ethertype:ip:tcp,,,,,,,,,,,0.0,Normal,0.0
1744301634710640,10.42.0.1,10.42.0.2,1883,49935,1,45,0,1,0,0,1,0,4,0,0,0,0,0.0,0,,0,2,,0,0,0,0,2,0,0,0,0.0,0x00,0,0,0,0,64.0,64196.0,0,0,0,58,eth:ethertype:ip:tcp:mqtt,,,,,,,,,,,0.0,Normal,0.0
1744301634755836,10.42.0.1,10.42.0.2,1883,49935,5,234,0,1,0,0,0,0,0,0,0,0,0,0.0,0,,0,0,,0,0,0,0,0,0,0,0,0.0,0,0,0,0,0,64.0,64007.0,0,0,0,54,eth:ethertype:ip:tcp,,,,,,,,,,,0.0,Normal,0.0
1744301634755927,10.42.0.1,10.42.0.2,1883,49935,5,234,0,1,1,0,0,0,0,0,0,0,0,0.0,0,,0,0,,0,0,0,0,0,0,0,0,0.0,0,0,0,0,0,64.0,64007.0,0,0,0,54,eth:ethertype:ip:tcp,,,,,,,,,,,0.0,Normal,0.0
1744301649294279,10.42.0.1,10.42.0.149,1883,54258,0,1,1,1,0,0,0,0,0,0,0,0,0,0.0,0,,0,0,,0,0,0,0,0,0,0,0,0.0,0,0,0,0,0,64.0,64240.0,0,0,0,58,eth:ethertype:ip:tcp,,,,,,,,,,,0.0,Normal,0.0
1744301649300661,10.42.0.1,10.42.0.149,1883,54258,1,4,0,1,0,0,0,0,0,0,0,0,0,0.0,0,,0,0,,0,0,0,0,0,0,0,0,0.0,0,0,0,0,0,64.0,64237.0,0,0,0,54,eth:ethertype:ip:tcp,,,,,,,,,,,0.0,Normal,0.0
1744301649304666,10.42.0.1,10.42.0.149,1883,54258,1,33,0,1,0,0,0,0,0,0,0,0,0,0.0,0,,0,0,,0,0,0,0,0,0,0,0,0.0,0,0,0,0,0,64.0,64208.0,0,0,0,54,eth:ethertype:ip:tcp,,,,,,,,,,,0.0,Normal,0.0
1744301649308689,10.42.0.1,10.42.0.149,1883,54258,1,35,0,1,0,0,0,0,0,0,0,0,0,0.0,0,,0,0,,0,0,0,0,0,0,0,0,0.0,0,0,0,0,0,64.0,64206.0,0,0,0,54,eth:ethertype:ip:tcp,,,,,,,,,,,0.0,Normal,0.0
1744301649312967,10.42.0.1,10.42.0.149,1883,54258,1,45,0,1,0,0,0,0,0,0,0,0,0,0.0,0,,0,0,,0,0,0,0,0,0,0,0,0.0,0,0,0,0,0,64.0,64196.0,0,0,0,54,eth:ethertype:ip:tcp,,,,,,,,,,,0.0,Normal,0.0
1744301649313246,10.42.0.1,10.42.0.149,1883,54258,1,45,0,1,0,0,1,0,4,0,0,0,0,0.0,0,,0,2,,0,0,0,0,2,0,0,0,0.0,0x00,0,0,0,0,64.0,64196.0,0,0,0,58,eth:ethertype:ip:tcp:mqtt,,,,,,,,,,,0.0,Normal,0.0
1744301649354767,10.42.0.1,10.42.0.149,1883,54258,5,231,0,1,0,0,0,0,0,0,0,0,0,0.0,0,,0,0,,0,0,0,0,0,0,0,0,0.0,0,0,0,0,0,64.0,64010.0,0,0,0,54,eth:ethertype:ip:tcp,,,,,,,,,,,0.0,Normal,0.0
1744301649354802,10.42.0.1,10.42.0.149,1883,54258,5,231,0,1,1,0,0,0,0,0,0,0,0,0.0,0,,0,0,,0,0,0,0,0,0,0,0,0.0,0,0,0,0,0,64.0,64010.0,0,0,0,54,eth:ethertype:ip:tcp,,,,,,,,,,,0.0,Normal,0.0
1744301649763959,10.42.0.1,10.42.0.139,1883,49936,0,1,1,1,0,0,0,0,0,0,0,0,0,0.0,0,,0,0,,0,0,0,0,0,0,0,0,0.0,0,0,0,0,0,64.0,64240.0,0,0,0,58,eth:ethertype:ip:tcp,,,,,,,,,,,0.0,Normal,0.0
1744301649770184,10.42.0.1,10.42.0.139,1883,49936,1,4,0,1,0,0,0,0,0,0,0,0,0,0.0,0,,0,0,,0,0,0,0,0,0,0,0,0.0,0,0,0,0,0,64.0,64237.0,0,0,0,54,eth:ethertype:ip:tcp,,,,,,,,,,,0.0,Normal,0.0
1744301649773603,10.42.0.1,10.42.0.139,1883,49936,1,33,0,1,0,0,0,0,0,0,0,0,0,0.0,0,,0,0,,0,0,0,0,0,0,0,0,0.0,0,0,0,0,0,64.0,64208.0,0,0,0,54,eth:ethertype:ip:tcp,,,,,,,,,,,0.0,Normal,0.0
1744301649776699,10.42.0.1,10.42.0.139,1883,49936,1,45,0,1,0,0,0,0,0,0,0,0,0,0.0,0,,0,0,,0,0,0,0,0,0,0,0,0.0,0,0,0,0,0,64.0,64196.0,0,0,0,54,eth:ethertype:ip:tcp,,,,,,,,,,,0.0,Normal,0.0
1744301649777038,10.42.0.1,10.42.0.139,1883,49936,1,45,0,1,0,0,1,0,4,0,0,0,0,0.0,0,,0,2,,0,0,0,0,2,0,0,0,0.0,0x00,0,0,0,0,64.0,64196.0,0,0,0,58,eth:ethertype:ip:tcp:mqtt,,,,,,,,,,,0.0,Normal,0.0
1744301649825085,10.42.0.1,10.42.0.139,1883,49936,5,234,0,1,0,0,0,0,0,0,0,0,0,0.0,0,,0,0,,0,0,0,0,0,0,0,0,0.0,0,0,0,0,0,64.0,64007.0,0,0,0,54,eth:ethertype:ip:tcp,,,,,,,,,,,0.0,Normal,0.0
1744301649825126,10.42.0.1,10.42.0.139,1883,49936,5,234,0,1,1,0,0,0,0,0,0,0,0,0.0,0,,0,0,,0,0,0,0,0,0,0,0,0.0,0,0,0,0,0,64.0,64007.0,0,0,0,54,eth:ethertype:ip:tcp,,,,,,,,,,,0.0,Normal,0.0
1744301664294279,10.42.0.1,10.42.0.3,1883,54258,0,1,1,1,0,0,0,0,0,0,0,0,0,0.0,0,,0,0,,0,0,0,0,0,0,0,0,0.0,0,0,0,0,0,64.0,64240.0,0,0,0,58,eth:ethertype:ip:tcp,,,,,,,,,,,0.0,Normal,0.0
1744301664300661,10.42.0.1,10.42.0.3,1883,54258,1,4,0,1,0,0,0,0,0,0,0,0,0,0.0,0,,0,0,,0,0,0,0,0,0,0,0,0.0,0,0,0,0,0,64.0,64237.0,0,0,0,54,eth:ethertype:ip:tcp,,,,,,,,,,,0.0,Normal,0.0
1744301664304666,10.42.0.1,10.42.0.3,1883,54258,1,33,0,1,0,0,0,0,0,0,0,0,0,0.0,0,,0,0,,0,0,0,0,0,0,0,0,0.0,0,0,0,0,0,64.0,64208.0,0,0,0,54,eth:ethertype:ip:tcp,,,,,,,,,,,0.0,Normal,0.0
1744301664308689,10.42.0.1,10.42.0.3,1883,54258,1,35,0,1,0,0,0,0,0,0,0,0,0,0.0,0,,0,0,,0,0,0,0,0,0,0,0,0.0,0,0,0,0,0,64.0,64206.0,0,0,0,54,eth:ethertype:ip:tcp,,,,,,,,,,,0.0,Normal,0.0
1744301664312967,10.42.0.1,10.42.0.3,1883,54258,1,45,0,1,0,0,0,0,0,0,0,0,0,0.0,0,,0,0,,0,0,0,0,0,0,0,0,0.0,0,0,0,0,0,64.0,64196.0,0,0,0,54,eth:ethertype:ip:tcp,,,,,,,,,,,0.0,Normal,0.0
1744301664313246,10.42.0.1,10.42.0.3,1883,54258,1,45,0,1,0,0,1,0,4,0,0,0,0,0.0,0,,0,2,,0,0,0,0,2,0,0,0,0.0,0x00,0,0,0,0,64.0,64196.0,0,0,0,58,eth:ethertype:ip:tcp:mqtt,,,,,,,,,,,0.0,Normal,0.0
1744301664354767,10.42.0.1,10.42.0.3,1883,54258,5,231,0,1,0,0,0,0,0,0,0,0,0,0.0,0,,0,0,,0,0,0,0,0,0,0,0,0.0,0,0,0,0,0,64.0,64010.0,0,0,0,54,eth:ethertype:ip:tcp,,,,,,,,,,,0.0,Normal,0.0
1744301664354802,10.42.0.1,10.42.0.3,1883,54258,5,231,0,1,1,0,0,0,0,0,0,0,0,0.0,0,,0,0,,0,0,0,0,0,0,0,0,0.0,0,0,0,0,0,64.0,64010.0,0,0,0,54,eth:ethertype:ip:tcp,,,,,,,,,,,0.0,Normal,0.0
1744301664763959,10.42.0.1,10.42.0.2,1883,49936,0,1,1,1,0,0,0,0,0,0,0,0,0,0.0,0,,0,0,,0,0,0,0,0,0,0,0,0.0,0,0,0,0,0,64.0,64240.0,0,0,0,58,eth:ethertype:ip:tcp,,,,,,,,,,,0.0,Normal,0.0
1744301664770184,10.42.0.1,10.42.0.2,1883,49936,1,4,0,1,0,0,0,0,0,0,0,0,0,0.0,0,,0,0,,0,0,0,0,0,0,0,0,0.0,0,0,0,0,0,64.0,64237.0,0,0,0,54,eth:ethertype:ip:tcp,,,,,,,,,,,0.0,Normal,0.0
1744301664773603,10.42.0.1,10.42.0.2,1883,49936,1,33,0,1,0,0,0,0,0,0,0,0,0,0.0,0,,0,0,,0,0,0,0,0,0,0,0,0.0,0,0,0,0,0,64.0,64208.0,0,0,0,54,eth:ethertype:ip:tcp,,,,,,,,,,,0.0,Normal,0.0
1744301664776699,10.42.0.1,10.42.0.2,1883,49936,1,45,0,1,0,0,0,0,0,0,0,0,0,0.0,0,,0,0,,0,0,0,0,0,0,0,0,0.0,0,0,0,0,0,64.0,64196.0,0,0,0,54,eth:ethertype:ip:tcp,,,,,,,,,,,0.0,Normal,0.0
1744301664777038,10.42.0.1,10.42.0.2,1883,49936,1,45,0,1,0,0,1,0,4,0,0,0,0,0.0,0,,0,2,,0,0,0,0,2,0,0,0,0.0,0x00,0,0,0,0,64.0,64196.0,0,0,0,58,eth:ethertype:ip:tcp:mqtt,,,,,,,,,,,0.0,Normal,0.0
1744301664825085,10.42.0.1,10.42.0.2,1883,49936,5,234,0,1,0,0,0,0,0,0,0,0,0,0.0,0,,0,0,,0,0,0,0,0,0,0,0,0.0,0,0,0,0,0,64.0,64007.0,0,0,0,54,eth:ethertype:ip:tcp,,,,,,,,,,,0.0,Normal,0.0
1744301664825126,10.42.0.1,10.42.0.2,1883,49936,5,234,0,1,1,0,0,0,0,0,0,0,0,0.0,0,,0,0,,0,0,0,0,0,0,0,0,0.0,0,0,0,0,0,64.0,64007.0,0,0,0,54,eth:ethertype:ip:tcp,,,,,,,,,,,0.0,Normal,0.0
1744301679363534,10.42.0.1,10.42.0.149,1883,54259,0,1,1,1,0,0,0,0,0,0,0,0,0,0.0,0,,0,0,,0,0,0,0,0,0,0,0,0.0,0,0,0,0,0,64.0,64240.0,0,0,0,58,eth:ethertype:ip:tcp,,,,,,,,,,,0.0,Normal,0.0
1744301679369582,10.42.0.1,10.42.0.149,1883,54259,1,4,0,1,0,0,0,0,0,0,0,0,0,0.0,0,,0,0,,0,0,0,0,0,0,0,0,0.0,0,0,0,0,0,64.0,64237.0,0,0,0,54,eth:ethertype:ip:tcp,,,,,,,,,,,0.0,Normal,0.0
1744301679373497,10.42.0.1,10.42.0.149,1883,54259,1,33,0,1,0,0,0,0,0,0,0,0,0,0.0,0,,0,0,,0,0,0,0,0,0,0,0,0.0,0,0,0,0,0,64.0,64208.0,0,0,0,54,eth:ethertype:ip:tcp,,,,,,,,,,,0.0,Normal,0.0
1744301679376507,10.42.0.1,10.42.0.149,1883,54259,1,45,0,1,0,0,0,0,0,0,0,0,0,0.0,0,,0,0,,0,0,0,0,0,0,0,0,0.0,0,0,0,0,0,64.0,64196.0,0,0,0,54,eth:ethertype:ip:tcp,,,,,,,,,,,0.0,Normal,0.0
1744301679376817,10.42.0.1,10.42.0.149,1883,54259,1,45,0,1,0,0,1,0,4,0,0,0,0,0.0,0,,0,2,,0,0,0,0,2,0,0,0,0.0,0x00,0,0,0,0,64.0,64196.0,0,0,0,58,eth:ethertype:ip:tcp:mqtt,,,,,,,,,,,0.0,Normal,0.0
1744301679413749,10.42.0.1,10.42.0.149,1883,54259,5,231,0,1,0,0,0,0,0,0,0,0,0,0.0,0,,0,0,,0,0,0,0,0,0,0,0,0.0,0,0,0,0,0,64.0,64010.0,0,0,0,54,eth:ethertype:ip:tcp,,,,,,,,,,,0.0,Normal,0.0
1744301679413784,10.42.0.1,10.42.0.149,1883,54259,5,231,0,1,1,0,0,0,0,0,0,0,0,0.0,0,,0,0,,0,0,0,0,0,0,0,0,0.0,0,0,0,0,0,64.0,64010.0,0,0,0,54,eth:ethertype:ip:tcp,,,,,,,,,,,0.0,Normal,0.0
1744301679834096,10.42.0.1,10.42.0.139,1883,49937,0,1,1,1,0,0,0,0,0,0,0,0,0,0.0,0,,0,0,,0,0,0,0,0,0,0,0,0.0,0,0,0,0,0,64.0,64240.0,0,0,0,58,eth:ethertype:ip:tcp,,,,,,,,,,,0.0,Normal,0.0
1744301679840088,10.42.0.1,10.42.0.139,1883,49937,1,4,0,1,0,0,0,0,0,0,0,0,0,0.0,0,,0,0,,0,0,0,0,0,0,0,0,0.0,0,0,0,0,0,64.0,64237.0,0,0,0,54,eth:ethertype:ip:tcp,,,,,,,,,,,0.0,Normal,0.0
1744301679843507,10.42.0.1,10.42.0.139,1883,49937,1,33,0,1,0,0,0,0,0,0,0,0,0,0.0,0,,0,0,,0,0,0,0,0,0,0,0,0.0,0,0,0,0,0,64.0,64208.0,0,0,0,54,eth:ethertype:ip:tcp,,,,,,,,,,,0.0,Normal,0.0
1744301679847296,10.42.0.1,10.42.0.139,1883,49937,1,35,0,1,0,0,0,0,0,0,0,0,0,0.0,0,,0,0,,0,0,0,0,0,0,0,0,0.0,0,0,0,0,0,64.0,64206.0,0,0,0,54,eth:ethertype:ip:tcp,,,,,,,,,,,0.0,Normal,0.0
1744301679851226,10.42.0.1,10.42.0.139,1883,49937,1,39,0,1,0,0,0,0,0,0,0,0,0,0.0,0,,0,0,,0,0,0,0,0,0,0,0,0.0,0,0,0,0,0,64.0,64202.0,0,0,0,54,eth:ethertype:ip:tcp,,,,,,,,,,,0.0,Normal,0.0
1744301679855110,10.42.0.1,10.42.0.139,1883,49937,1,41,0,1,0,0,0,0,0,0,0,0,0,0.0,0,,0,0,,0,0,0,0,0,0,0,0,0.0,0,0,0,0,0,64.0,64200.0,0,0,0,54,eth:ethertype:ip:tcp,,,,,,,,,,,0.0,Normal,0.0
1744301679859749,10.42.0.1,10.42.0.139,1883,49937,1,45,0,1,0,0,0,0,0,0,0,0,0,0.0,0,,0,0,,0,0,0,0,0,0,0,0,0.0,0,0,0,0,0,64.0,64196.0,0,0,0,54,eth:ethertype:ip:tcp,,,,,,,,,,,0.0,Normal,0.0
1744301679860077,10.42.0.1,10.42.0.139,1883,49937,1,45,0,1,0,0,1,0,4,0,0,0,0,0.0,0,,0,2,,0,0,0,0,2,0,0,0,0.0,0x00,0,0,0,0,64.0,64196.0,0,0,0,58,eth:ethertype:ip:tcp:mqtt,,,,,,,,,,,0.0,Normal,0.0
1744301679919371,10.42.0.1,10.42.0.139,1883,49937,5,234,0,1,0,0,0,0,0,0,0,0,0,0.0,0,,0,0,,0,0,0,0,0,0,0,0,0.0,0,0,0,0,0,64.0,64007.0,0,0,0,54,eth:ethertype:ip:tcp,,,,,,,,,,,0.0,Normal,0.0
1744301679919451,10.42.0.1,10.42.0.139,1883,49937,5,234,0,1,1,0,0,0,0,0,0,0,0,0.0,0,,0,0,,0,0,0,0,0,0,0,0,0.0,0,0,0,0,0,64.0,64007.0,0,0,0,54,eth:ethertype:ip:tcp,,,,,,,,,,,0.0,Normal,0.0
1744301694363534,10.42.0.1,10.42.0.3,1883,54259,0,1,1,1,0,0,0,0,0,0,0,0,0,0.0,0,,0,0,,0,0,0,0,0,0,0,0,0.0,0,0,0,0,0,64.0,64240.0,0,0,0,58,eth:ethertype:ip:tcp,,,,,,,,,,,0.0,Normal,0.0
1744301694369582,10.42.0.1,10.42.0.3,1883,54259,1,4,0,1,0,0,0,0,0,0,0,0,0,0.0,0,,0,0,,0,0,0,0,0,0,0,0,0.0,0,0,0,0,0,64.0,64237.0,0,0,0,54,eth:ethertype:ip:tcp,,,,,,,,,,,0.0,Normal,0.0
1744301694373497,10.42.0.1,10.42.0.3,1883,54259,1,33,0,1,0,0,0,0,0,0,0,0,0,0.0,0,,0,0,,0,0,0,0,0,0,0,0,0.0,0,0,0,0,0,64.0,64208.0,0,0,0,54,eth:ethertype:ip:tcp,,,,,,,,,,,0.0,Normal,0.0
1744301694376507,10.42.0.1,10.42.0.3,1883,54259,1,45,0,1,0,0,0,0,0,0,0,0,0,0.0,0,,0,0,,0,0,0,0,0,0,0,0,0.0,0,0,0,0,0,64.0,64196.0,0,0,0,54,eth:ethertype:ip:tcp,,,,,,,,,,,0.0,Normal,0.0
1744301694376817,10.42.0.1,10.42.0.3,1883,54259,1,45,0,1,0,0,1,0,4,0,0,0,0,0.0,0,,0,2,,0,0,0,0,2,0,0,0,0.0,0x00,0,0,0,0,64.0,64196.0,0,0,0,58,eth:ethertype:ip:tcp:mqtt,,,,,,,,,,,0.0,Normal,0.0
1744301694413749,10.42.0.1,10.42.0.3,1883,54259,5,231,0,1,0,0,0,0,0,0,0,0,0,0.0,0,,0,0,,0,0,0,0,0,0,0,0,0.0,0,0,0,0,0,64.0,64010.0,0,0,0,54,eth:ethertype:ip:tcp,,,,,,,,,,,0.0,Normal,0.0
1744301694413784,10.42.0.1,10.42.0.3,1883,54259,5,231,0,1,1,0,0,0,0,0,0,0,0,0.0,0,,0,0,,0,0,0,0,0,0,0,0,0.0,0,0,0,0,0,64.0,64010.0,0,0,0,54,eth:ethertype:ip:tcp,,,,,,,,,,,0.0,Normal,0.0
1744301694834096,10.42.0.1,10.42.0.2,1883,49937,0,1,1,1,0,0,0,0,0,0,0,0,0,0.0,0,,0,0,,0,0,0,0,0,0,0,0,0.0,0,0,0,0,0,64.0,64240.0,0,0,0,58,eth:ethertype:ip:tcp,,,,,,,,,,,0.0,Normal,0.0
1744301694840088,10.42.0.1,10.42.0.2,1883,49937,1,4,0,1,0,0,0,0,0,0,0,0,0,0.0,0,,0,0,,0,0,0,0,0,0,0,0,0.0,0,0,0,0,0,64.0,64237.0,0,0,0,54,eth:ethertype:ip:tcp,,,,,,,,,,,0.0,Normal,0.0
1744301694843507,10.42.0.1,10.42.0.2,1883,49937,1,33,0,1,0,0,0,0,0,0,0,0,0,0.0,0,,0,0,,0,0,0,0,0,0,0,0,0.0,0,0,0,0,0,64.0,64208.0,0,0,0,54,eth:ethertype:ip:tcp,,,,,,,,,,,0.0,Normal,0.0
1744301694847296,10.42.0.1,10.42.0.2,1883,49937,1,35,0,1,0,0,0,0,0,0,0,0,0,0.0,0,,0,0,,0,0,0,0,0,0,0,0,0.0,0,0,0,0,0,64.0,64206.0,0,0,0,54,eth:ethertype:ip:tcp,,,,,,,,,,,0.0,Normal,0.0
1744301694851226,10.42.0.1,10.42.0.2,1883,49937,1,39,0,1,0,0,0,0,0,0,0,0,0,0.0,0,,0,0,,0,0,0,0,0,0,0,0,0.0,0,0,0,0,0,64.0,64202.0,0,0,0,54,eth:ethertype:ip:tcp,,,,,,,,,,,0.0,Normal,0.0
1744301694855110,10.42.0.1,10.42.0.2,1883,49937,1,41,0,1,0,0,0,0,0,0,0,0,0,0.0,0,,0,0,,0,0,0,0,0,0,0,0,0.0,0,0,0,0,0,64.0,64200.0,0,0,0,54,eth:ethertype:ip:tcp,,,,,,,,,,,0.0,Normal,0.0
1744301694859749,10.42.0.1,10.42.0.2,1883,49937,1,45,0,1,0,0,0,0,0,0,0,0,0,0.0,0,,0,0,,0,0,0,0,0,0,0,0,0.0,0,0,0,0,0,64.0,64196.0,0,0,0,54,eth:ethertype:ip:tcp,,,,,,,,,,,0.0,Normal,0.0
1744301694860077,10.42.0.1,10.42.0.2,1883,49937,1,45,0,1,0,0,1,0,4,0,0,0,0,0.0,0,,0,2,,0,0,0,0,2,0,0,0,0.0,0x00,0,0,0,0,64.0,64196.0,0,0,0,58,eth:ethertype:ip:tcp:mqtt,,,,,,,,,,,0.0,Normal,0.0
1744301694919371,10.42.0.1,10.42.0.2,1883,49937,5,234,0,1,0,0,0,0,0,0,0,0,0,0.0,0,,0,0,,0,0,0,0,0,0,0,0,0.0,0,0,0,0,0,64.0,64007.0,0,0,0,54,eth:ethertype:ip:tcp,,,,,,,,,,,0.0,Normal,0.0
1744301694919451,10.42.0.1,10.42.0.2,1883,49937,5,234,0,1,1,0,0,0,0,0,0,0,0,0.0,0,,0,0,,0,0,0,0,0,0,0,0,0.0,0,0,0,0,0,64.0,64007.0,0,0,0,54,eth:ethertype:ip:tcp,,,,,,,,,,,0.0,Normal,0.0
1744301709422825,10.42.0.1,10.42.0.149,1883,54260,0,1,1,1,0,0,0,0,0,0,0,0,0,0.0,0,,0,0,,0,0,0,0,0,0,0,0,0.0,0,0,0,0,0,64.0,64240.0,0,0,0,58,eth:ethertype:ip:tcp,,,,,,,,,,,0.0,Normal,0.0
1744301709428971,10.42.0.1,10.42.0.149,1883,54260,1,4,0,1,0,0,0,0,0,0,0,0,0,0.0,0,,0,0,,0,0,0,0,0,0,0,0,0.0,0,0,0,0,0,64.0,64237.0,0,0,0,54,eth:ethertype:ip:tcp,,,,,,,,,,,0.0,Normal,0.0
1744301709432427,10.42.0.1,10.42.0.149,1883,54260,1,33,0,1,0,0,0,0,0,0,0,0,0,0.0,0,,0,0,,0,0,0,0,0,0,0,0,0.0,0,0,0,0,0,64.0,64208.0,0,0,0,54,eth:ethertype:ip:tcp,,,,,,,,,,,0.0,Normal,0.0
1744301709435374,10.42.0.1,10.42.0.149,1883,54260,1,45,0,1,0,0,0,0,0,0,0,0,0,0.0,0,,0,0,,0,0,0,0,0,0,0,0,0.0,0,0,0,0,0,64.0,64196.0,0,0,0,54,eth:ethertype:ip:tcp,,,,,,,,,,,0.0,Normal,0.0
1744301709435696,10.42.0.1,10.42.0.149,1883,54260,1,45,0,1,0,0,1,0,4,0,0,0,0,0.0,0,,0,2,,0,0,0,0,2,0,0,0,0.0,0x00,0,0,0,0,64.0,64196.0,0,0,0,58,eth:ethertype:ip:tcp:mqtt,,,,,,,,,,,0.0,Normal,0.0
1744301709473205,10.42.0.1,10.42.0.149,1883,54260,5,231,0,1,0,0,0,0,0,0,0,0,0,0.0,0,,0,0,,0,0,0,0,0,0,0,0,0.0,0,0,0,0,0,64.0,64010.0,0,0,0,54,eth:ethertype:ip:tcp,,,,,,,,,,,0.0,Normal,0.0
1744301709473243,10.42.0.1,10.42.0.149,1883,54260,5,231,0,1,1,0,0,0,0,0,0,0,0,0.0,0,,0,0,,0,0,0,0,0,0,0,0,0.0,0,0,0,0,0,64.0,64010.0,0,0,0,54,eth:ethertype:ip:tcp,,,,,,,,,,,0.0,Normal,0.0
1744301709923585,10.42.0.1,10.42.0.139,1883,49938,0,1,1,1,0,0,0,0,0,0,0,0,0,0.0,0,,0,0,,0,0,0,0,0,0,0,0,0.0,0,0,0,0,0,64.0,64240.0,0,0,0,58,eth:ethertype:ip:tcp,,,,,,,,,,,0.0,Normal,0.0
1744301709929712,10.42.0.1,10.42.0.139,1883,49938,1,4,0,1,0,0,0,0,0,0,0,0,0,0.0,0,,0,0,,0,0,0,0,0,0,0,0,0.0,0,0,0,0,0,64.0,64237.0,0,0,0,54,eth:ethertype:ip:tcp,,,,,,,,,,,0.0,Normal,0.0
1744301709933053,10.42.0.1,10.42.0.139,1883,49938,1,33,0,1,0,0,0,0,0,0,0,0,0,0.0,0,,0,0,,0,0,0,0,0,0,0,0,0.0,0,0,0,0,0,64.0,64208.0,0,0,0,54,eth:ethertype:ip:tcp,,,,,,,,,,,0.0,Normal,0.0
1744301709936113,10.42.0.1,10.42.0.139,1883,49938,1,45,0,1,0,0,0,0,0,0,0,0,0,0.0,0,,0,0,,0,0,0,0,0,0,0,0,0.0,0,0,0,0,0,64.0,64196.0,0,0,0,54,eth:ethertype:ip:tcp,,,,,,,,,,,0.0,Normal,0.0
1744301709936478,10.42.0.1,10.42.0.139,1883,49938,1,45,0,1,0,0,1,0,4,0,0,0,0,0.0,0,,0,2,,0,0,0,0,2,0,0,0,0.0,0x00,0,0,0,0,64.0,64196.0,0,0,0,58,eth:ethertype:ip:tcp:mqtt,,,,,,,,,,,0.0,Normal,0.0
1744301709983974,10.42.0.1,10.42.0.139,1883,49938,5,234,0,1,0,0,0,0,0,0,0,0,0,0.0,0,,0,0,,0,0,0,0,0,0,0,0,0.0,0,0,0,0,0,64.0,64007.0,0,0,0,54,eth:ethertype:ip:tcp,,,,,,,,,,,0.0,Normal,0.0
1744301709984013,10.42.0.1,10.42.0.139,1883,49938,5,234,0,1,1,0,0,0,0,0,0,0,0,0.0,0,,0,0,,0,0,0,0,0,0,0,0,0.0,0,0,0,0,0,64.0,64007.0,0,0,0,54,eth:ethertype:ip:tcp,,,,,,,,,,,0.0,Normal,0.0
1744301724422825,10.42.0.1,10.42.0.3,1883,54260,0,1,1,1,0,0,0,0,0,0,0,0,0,0.0,0,,0,0,,0,0,0,0,0,0,0,0,0.0,0,0,0,0,0,64.0,64240.0,0,0,0,58,eth:ethertype:ip:tcp,,,,,,,,,,,0.0,Normal,0.0
1744301724428971,10.42.0.1,10.42.0.3,1883,54260,1,4,0,1,0,0,0,0,0,0,0,0,0,0.0,0,,0,0,,0,0,0,0,0,0,0,0,0.0,0,0,0,0,0,64.0,64237.0,0,0,0,54,eth:ethertype:ip:tcp,,,,,,,,,,,0.0,Normal,0.0
1744301724432427,10.42.0.1,10.42.0.3,1883,54260,1,33,0,1,0,0,0,0,0,0,0,0,0,0.0,0,,0,0,,0,0,0,0,0,0,0,0,0.0,0,0,0,0,0,64.0,64208.0,0,0,0,54,eth:ethertype:ip:tcp,,,,,,,,,,,0.0,Normal,0.0
1744301724435374,10.42.0.1,10.42.0.3,1883,54260,1,45,0,1,0,0,0,0,0,0,0,0,0,0.0,0,,0,0,,0,0,0,0,0,0,0,0,0.0,0,0,0,0,0,64.0,64196.0,0,0,0,54,eth:ethertype:ip:tcp,,,,,,,,,,,0.0,Normal,0.0
1744301724435696,10.42.0.1,10.42.0.3,1883,54260,1,45,0,1,0,0,1,0,4,0,0,0,0,0.0,0,,0,2,,0,0,0,0,2,0,0,0,0.0,0x00,0,0,0,0,64.0,64196.0,0,0,0,58,eth:ethertype:ip:tcp:mqtt,,,,,,,,,,,0.0,Normal,0.0
1744301724473205,10.42.0.1,10.42.0.3,1883,54260,5,231,0,1,0,0,0,0,0,0,0,0,0,0.0,0,,0,0,,0,0,0,0,0,0,0,0,0.0,0,0,0,0,0,64.0,64010.0,0,0,0,54,eth:ethertype:ip:tcp,,,,,,,,,,,0.0,Normal,0.0
1744301724473243,10.42.0.1,10.42.0.3,1883,54260,5,231,0,1,1,0,0,0,0,0,0,0,0,0.0,0,,0,0,,0,0,0,0,0,0,0,0,0.0,0,0,0,0,0,64.0,64010.0,0,0,0,54,eth:ethertype:ip:tcp,,,,,,,,,,,0.0,Normal,0.0
1744301724923585,10.42.0.1,10.42.0.2,1883,49938,0,1,1,1,0,0,0,0,0,0,0,0,0,0.0,0,,0,0,,0,0,0,0,0,0,0,0,0.0,0,0,0,0,0,64.0,64240.0,0,0,0,58,eth:ethertype:ip:tcp,,,,,,,,,,,0.0,Normal,0.0
1744301724929712,10.42.0.1,10.42.0.2,1883,49938,1,4,0,1,0,0,0,0,0,0,0,0,0,0.0,0,,0,0,,0,0,0,0,0,0,0,0,0.0,0,0,0,0,0,64.0,64237.0,0,0,0,54,eth:ethertype:ip:tcp,,,,,,,,,,,0.0,Normal,0.0
1744301724933053,10.42.0.1,10.42.0.2,1883,49938,1,33,0,1,0,0,0,0,0,0,0,0,0,0.0,0,,0,0,,0,0,0,0,0,0,0,0,0.0,0,0,0,0,0,64.0,64208.0,0,0,0,54,eth:ethertype:ip:tcp,,,,,,,,,,,0.0,Normal,0.0
1744301724936113,10.42.0.1,10.42.0.2,1883,49938,1,45,0,1,0,0,0,0,0,0,0,0,0,0.0,0,,0,0,,0,0,0,0,0,0,0,0,0.0,0,0,0,0,0,64.0,64196.0,0,0,0,54,eth:ethertype:ip:tcp,,,,,,,,,,,0.0,Normal,0.0
1744301724936478,10.42.0.1,10.42.0.2,1883,49938,1,45,0,1,0,0,1,0,4,0,0,0,0,0.0,0,,0,2,,0,0,0,0,2,0,0,0,0.0,0x00,0,0,0,0,64.0,64196.0,0,0,0,58,eth:ethertype:ip:tcp:mqtt,,,,,,,,,,,0.0,Normal,0.0
1744301724983974,10.42.0.1,10.42.0.2,1883,49938,5,234,0,1,0,0,0,0,0,0,0,0,0,0.0,0,,0,0,,0,0,0,0,0,0,0,0,0.0,0,0,0,0,0,64.0,64007.0,0,0,0,54,eth:ethertype:ip:tcp,,,,,,,,,,,0.0,Normal,0.0
1744301724984013,10.42.0.1,10.42.0.2,1883,49938,5,234,0,1,1,0,0,0,0,0,0,0,0,0.0,0,,0,0,,0,0,0,0,0,0,0,0,0.0,0,0,0,0,0,64.0,64007.0,0,0,0,54,eth:ethertype:ip:tcp,,,,,,,,,,,0.0,Normal,0.0
1744301739482852,10.42.0.1,10.42.0.149,1883,54261,0,1,1,1,0,0,0,0,0,0,0,0,0,0.0,0,,0,0,,0,0,0,0,0,0,0,0,0.0,0,0,0,0,0,64.0,64240.0,0,0,0,58,eth:ethertype:ip:tcp,,,,,,,,,,,0.0,Normal,0.0
1744301739488765,10.42.0.1,10.42.0.149,1883,54261,1,4,0,1,0,0,0,0,0,0,0,0,0,0.0,0,,0,0,,0,0,0,0,0,0,0,0,0.0,0,0,0,0,0,64.0,64237.0,0,0,0,54,eth:ethertype:ip:tcp,,,,,,,,,,,0.0,Normal,0.0
1744301739492177,10.42.0.1,10.42.0.149,1883,54261,1,33,0,1,0,0,0,0,0,0,0,0,0,0.0,0,,0,0,,0,0,0,0,0,0,0,0,0.0,0,0,0,0,0,64.0,64208.0,0,0,0,54,eth:ethertype:ip:tcp,,,,,,,,,,,0.0,Normal,0.0
1744301739495928,10.42.0.1,10.42.0.149,1883,54261,1,45,0,1,0,0,0,0,0,0,0,0,0,0.0,0,,0,0,,0,0,0,0,0,0,0,0,0.0,0,0,0,0,0,64.0,64196.0,0,0,0,54,eth:ethertype:ip:tcp,,,,,,,,,,,0.0,Normal,0.0
1744301739496307,10.42.0.1,10.42.0.149,1883,54261,1,45,0,1,0,0,1,0,4,0,0,0,0,0.0,0,,0,2,,0,0,0,0,2,0,0,0,0.0,0x00,0,0,0,0,64.0,64196.0,0,0,0,58,eth:ethertype:ip:tcp:mqtt,,,,,,,,,,,0.0,Normal,0.0
1744301739532578,10.42.0.1,10.42.0.149,1883,54261,5,231,0,1,0,0,0,0,0,0,0,0,0,0.0,0,,0,0,,0,0,0,0,0,0,0,0,0.0,0,0,0,0,0,64.0,64010.0,0,0,0,54,eth:ethertype:ip:tcp,,,,,,,,,,,0.0,Normal,0.0
1744301739532611,10.42.0.1,10.42.0.149,1883,54261,5,231,0,1,1,0,0,0,0,0,0,0,0,0.0,0,,0,0,,0,0,0,0,0,0,0,0,0.0,0,0,0,0,0,64.0,64010.0,0,0,0,54,eth:ethertype:ip:tcp,,,,,,,,,,,0.0,Normal,0.0
1744301739994929,10.42.0.1,10.42.0.139,1883,49939,0,1,1,1,0,0,0,0,0,0,0,0,0,0.0,0,,0,0,,0,0,0,0,0,0,0,0,0.0,0,0,0,0,0,64.0,64240.0,0,0,0,58,eth:ethertype:ip:tcp,,,,,,,,,,,0.0,Normal,0.0
1744301740000992,10.42.0.1,10.42.0.139,1883,49939,1,4,0,1,0,0,0,0,0,0,0,0,0,0.0,0,,0,0,,0,0,0,0,0,0,0,0,0.0,0,0,0,0,0,64.0,64237.0,0,0,0,54,eth:ethertype:ip:tcp,,,,,,,,,,,0.0,Normal,0.0
1744301740004413,10.42.0.1,10.42.0.139,1883,49939,1,33,0,1,0,0,0,0,0,0,0,0,0,0.0,0,,0,0,,0,0,0,0,0,0,0,0,0.0,0,0,0,0,0,64.0,64208.0,0,0,0,54,eth:ethertype:ip:tcp,,,,,,,,,,,0.0,Normal,0.0
1744301740011678,10.42.0.1,10.42.0.139,1883,49939,1,45,0,1,0,0,0,0,0,0,0,0,0,0.0,0,,0,0,,0,0,0,0,0,0,0,0,0.0,0,0,0,0,0,64.0,64196.0,0,0,0,54,eth:ethertype:ip:tcp,,,,,,,,,,,0.0,Normal,0.0
1744301740012008,10.42.0.1,10.42.0.139,1883,49939,1,45,0,1,0,0,1,0,4,0,0,0,0,0.0,0,,0,2,,0,0,0,0,2,0,0,0,0.0,0x00,0,0,0,0,64.0,64196.0,0,0,0,58,eth:ethertype:ip:tcp:mqtt,,,,,,,,,,,0.0,Normal,0.0
1744301740063198,10.42.0.1,10.42.0.139,1883,49939,5,234,0,1,0,0,0,0,0,0,0,0,0,0.0,0,,0,0,,0,0,0,0,0,0,0,0,0.0,0,0,0,0,0,64.0,64007.0,0,0,0,54,eth:ethertype:ip:tcp,,,,,,,,,,,0.0,Normal,0.0
1744301740063267,10.42.0.1,10.42.0.139,1883,49939,5,234,0,1,1,0,0,0,0,0,0,0,0,0.0,0,,0,0,,0,0,0,0,0,0,0,0,0.0,0,0,0,0,0,64.0,64007.0,0,0,0,54,eth:ethertype:ip:tcp,,,,,,,,,,,0.0,Normal,0.0
1744301754482852,10.42.0.1,10.42.0.3,1883,54261,0,1,1,1,0,0,0,0,0,0,0,0,0,0.0,0,,0,0,,0,0,0,0,0,0,0,0,0.0,0,0,0,0,0,64.0,64240.0,0,0,0,58,eth:ethertype:ip:tcp,,,,,,,,,,,0.0,Normal,0.0
1744301754488765,10.42.0.1,10.42.0.3,1883,54261,1,4,0,1,0,0,0,0,0,0,0,0,0,0.0,0,,0,0,,0,0,0,0,0,0,0,0,0.0,0,0,0,0,0,64.0,64237.0,0,0,0,54,eth:ethertype:ip:tcp,,,,,,,,,,,0.0,Normal,0.0
1744301754492177,10.42.0.1,10.42.0.3,1883,54261,1,33,0,1,0,0,0,0,0,0,0,0,0,0.0,0,,0,0,,0,0,0,0,0,0,0,0,0.0,0,0,0,0,0,64.0,64208.0,0,0,0,54,eth:ethertype:ip:tcp,,,,,,,,,,,0.0,Normal,0.0
1744301754495928,10.42.0.1,10.42.0.3,1883,54261,1,45,0,1,0,0,0,0,0,0,0,0,0,0.0,0,,0,0,,0,0,0,0,0,0,0,0,0.0,0,0,0,0,0,64.0,64196.0,0,0,0,54,eth:ethertype:ip:tcp,,,,,,,,,,,0.0,Normal,0.0
1744301754496307,10.42.0.1,10.42.0.3,1883,54261,1,45,0,1,0,0,1,0,4,0,0,0,0,0.0,0,,0,2,,0,0,0,0,2,0,0,0,0.0,0x00,0,0,0,0,64.0,64196.0,0,0,0,58,eth:ethertype:ip:tcp:mqtt,,,,,,,,,,,0.0,Normal,0.0
1744301754532578,10.42.0.1,10.42.0.3,1883,54261,5,231,0,1,0,0,0,0,0,0,0,0,0,0.0,0,,0,0,,0,0,0,0,0,0,0,0,0.0,0,0,0,0,0,64.0,64010.0,0,0,0,54,eth:ethertype:ip:tcp,,,,,,,,,,,0.0,Normal,0.0
1744301754532611,10.42.0.1,10.42.0.3,1883,54261,5,231,0,1,1,0,0,0,0,0,0,0,0,0.0,0,,0,0,,0,0,0,0,0,0,0,0,0.0,0,0,0,0,0,64.0,64010.0,0,0,0,54,eth:ethertype:ip:tcp,,,,,,,,,,,0.0,Normal,0.0
1744301754994929,10.42.0.1,10.42.0.2,1883,49939,0,1,1,1,0,0,0,0,0,0,0,0,0,0.0,0,,0,0,,0,0,0,0,0,0,0,0,0.0,0,0,0,0,0,64.0,64240.0,0,0,0,58,eth:ethertype:ip:tcp,,,,,,,,,,,0.0,Normal,0.0
1744301755000992,10.42.0.1,10.42.0.2,1883,49939,1,4,0,1,0,0,0,0,0,0,0,0,0,0.0,0,,0,0,,0,0,0,0,0,0,0,0,0.0,0,0,0,0,0,64.0,64237.0,0,0,0,54,eth:ethertype:ip:tcp,,,,,,,,,,,0.0,Normal,0.0
1744301755004413,10.42.0.1,10.42.0.2,1883,49939,1,33,0,1,0,0,0,0,0,0,0,0,0,0.0,0,,0,0,,0,0,0,0,0,0,0,0,0.0,0,0,0,0,0,64.0,64208.0,0,0,0,54,eth:ethertype:ip:tcp,,,,,,,,,,,0.0,Normal,0.0
1744301755011678,10.42.0.1,10.42.0.2,1883,49939,1,45,0,1,0,0,0,0,0,0,0,0,0,0.0,0,,0,0,,0,0,0,0,0,0,0,0,0.0,0,0,0,0,0,64.0,64196.0,0,0,0,54,eth:ethertype:ip:tcp,,,,,,,,,,,0.0,Normal,0.0
1744301755012008,10.42.0.1,10.42.0.2,1883,49939,1,45,0,1,0,0,1,0,4,0,0,0,0,0.0,0,,0,2,,0,0,0,0,2,0,0,0,0.0,0x00,0,0,0,0,64.0,64196.0,0,0,0,58,eth:ethertype:ip:tcp:mqtt,,,,,,,,,,,0.0,Normal,0.0
1744301755063198,10.42.0.1,10.42.0.2,1883,49939,5,234,0,1,0,0,0,0,0,0,0,0,0,0.0,0,,0,0,,0,0,0,0,0,0,0,0,0.0,0,0,0,0,0,64.0,64007.0,0,0,0,54,eth:ethertype:ip:tcp,,,,,,,,,,,0.0,Normal,0.0
1744301755063267,10.42.0.1,10.42.0.2,1883,49939,5,234,0,1,1,0,0,0,0,0,0,0,0,0.0,0,,0,0,,0,0,0,0,0,0,0,0,0.0,0,0,0,0,0,64.0,64007.0,0,0,0,54,eth:ethertype:ip:tcp,,,,,,,,,,,0.0,Normal,0.0
1744301769541581,10.42.0.1,10.42.0.149,1883,54262,0,1,1,1,0,0,0,0,0,0,0,0,0,0.0,0,,0,0,,0,0,0,0,0,0,0,0,0.0,0,0,0,0,0,64.0,64240.0,0,0,0,58,eth:ethertype:ip:tcp,,,,,,,,,,,0.0,Normal,0.0
1744301769547551,10.42.0.1,10.42.0.149,1883,54262,1,4,0,1,0,0,0,0,0,0,0,0,0,0.0,0,,0,0,,0,0,0,0,0,0,0,0,0.0,0,0,0,0,0,64.0,64237.0,0,0,0,54,eth:ethertype:ip:tcp,,,,,,,,,,,0.0,Normal,0.0
1744301769550932,10.42.0.1,10.42.0.149,1883,54262,1,33,0,1,0,0,0,0,0,0,0,0,0,0.0,0,,0,0,,0,0,0,0,0,0,0,0,0.0,0,0,0,0,0,64.0,64208.0,0,0,0,54,eth:ethertype:ip:tcp,,,,,,,,,,,0.0,Normal,0.0
1744301769554034,10.42.0.1,10.42.0.149,1883,54262,1,45,0,1,0,0,0,0,0,0,0,0,0,0.0,0,,0,0,,0,0,0,0,0,0,0,0,0.0,0,0,0,0,0,64.0,64196.0,0,0,0,54,eth:ethertype:ip:tcp,,,,,,,,,,,0.0,Normal,0.0
1744301769554432,10.42.0.1,10.42.0.149,1883,54262,1,45,0,1,0,0,1,0,4,0,0,0,0,0.0,0,,0,2,,0,0,0,0,2,0,0,0,0.0,0x00,0,0,0,0,64.0,64196.0,0,0,0,58,eth:ethertype:ip:tcp:mqtt,,,,,,,,,,,0.0,Normal,0.0
1744301769591880,10.42.0.1,10.42.0.149,1883,54262,5,231,0,1,0,0,0,0,0,0,0,0,0,0.0,0,,0,0,,0,0,0,0,0,0,0,0,0.0,0,0,0,0,0,64.0,64010.0,0,0,0,54,eth:ethertype:ip:tcp,,,,,,,,,,,0.0,Normal,0.0
1744301769591913,10.42.0.1,10.42.0.149,1883,54262,5,231,0,1,1,0,0,0,0,0,0,0,0,0.0,0,,0,0,,0,0,0,0,0,0,0,0,0.0,0,0,0,0,0,64.0,64010.0,0,0,0,54,eth:ethertype:ip:tcp,,,,,,,,,,,0.0,Normal,0.0
1744301770072035,10.42.0.1,10.42.0.139,1883,49940,0,1,1,1,0,0,0,0,0,0,0,0,0,0.0,0,,0,0,,0,0,0,0,0,0,0,0,0.0,0,0,0,0,0,64.0,64240.0,0,0,0,58,eth:ethertype:ip:tcp,,,,,,,,,,,0.0,Normal,0.0
1744301770078100,10.42.0.1,10.42.0.139,1883,49940,1,4,0,1,0,0,0,0,0,0,0,0,0,0.0,0,,0,0,,0,0,0,0,0,0,0,0,0.0,0,0,0,0,0,64.0,64237.0,0,0,0,54,eth:ethertype:ip:tcp,,,,,,,,,,,0.0,Normal,0.0
1744301770081622,10.42.0.1,10.42.0.139,1883,49940,1,33,0,1,0,0,0,0,0,0,0,0,0,0.0,0,,0,0,,0,0,0,0,0,0,0,0,0.0,0,0,0,0,0,64.0,64208.0,0,0,0,54,eth:ethertype:ip:tcp,,,,,,,,,,,0.0,Normal,0.0
1744301770084861,10.42.0.1,10.42.0.139,1883,49940,1,45,0,1,0,0,0,0,0,0,0,0,0,0.0,0,,0,0,,0,0,0,0,0,0,0,0,0.0,0,0,0,0,0,64.0,64196.0,0,0,0,54,eth:ethertype:ip:tcp,,,,,,,,,,,0.0,Normal,0.0
1744301770085201,10.42.0.1,10.42.0.139,1883,49940,1,45,0,1,0,0,1,0,4,0,0,0,0,0.0,0,,0,2,,0,0,0,0,2,0,0,0,0.0,0x00,0,0,0,0,64.0,64196.0,0,0,0,58,eth:ethertype:ip:tcp:mqtt,,,,,,,,,,,0.0,Normal,0.0
1744301770132471,10.42.0.1,10.42.0.139,1883,49940,5,234,0,1,0,0,0,0,0,0,0,0,0,0.0,0,,0,0,,0,0,0,0,0,0,0,0,0.0,0,0,0,0,0,64.0,64007.0,0,0,0,54,eth:ethertype:ip:tcp,,,,,,,,,,,0.0,Normal,0.0
1744301770132519,10.42.0.1,10.42.0.139,1883,49940,5,234,0,1,1,0,0,0,0,0,0,0,0,0.0,0,,0,0,,0,0,0,0,0,0,0,0,0.0,0,0,0,0,0,64.0,64007.0,0,0,0,54,eth:ethertype:ip:tcp,,,,,,,,,,,0.0,Normal,0.0
1744301784541581,10.42.0.1,10.42.0.3,1883,54262,0,1,1,1,0,0,0,0,0,0,0,0,0,0.0,0,,0,0,,0,0,0,0,0,0,0,0,0.0,0,0,0,0,0,64.0,64240.0,0,0,0,58,eth:ethertype:ip:tcp,,,,,,,,,,,0.0,Normal,0.0
1744301784547551,10.42.0.1,10.42.0.3,1883,54262,1,4,0,1,0,0,0,0,0,0,0,0,0,0.0,0,,0,0,,0,0,0,0,0,0,0,0,0.0,0,0,0,0,0,64.0,64237.0,0,0,0,54,eth:ethertype:ip:tcp,,,,,,,,,,,0.0,Normal,0.0
1744301784550932,10.42.0.1,10.42.0.3,1883,54262,1,33,0,1,0,0,0,0,0,0,0,0,0,0.0,0,,0,0,,0,0,0,0,0,0,0,0,0.0,0,0,0,0,0,64.0,64208.0,0,0,0,54,eth:ethertype:ip:tcp,,,,,,,,,,,0.0,Normal,0.0
1744301784554034,10.42.0.1,10.42.0.3,1883,54262,1,45,0,1,0,0,0,0,0,0,0,0,0,0.0,0,,0,0,,0,0,0,0,0,0,0,0,0.0,0,0,0,0,0,64.0,64196.0,0,0,0,54,eth:ethertype:ip:tcp,,,,,,,,,,,0.0,Normal,0.0
1744301784554432,10.42.0.1,10.42.0.3,1883,54262,1,45,0,1,0,0,1,0,4,0,0,0,0,0.0,0,,0,2,,0,0,0,0,2,0,0,0,0.0,0x00,0,0,0,0,64.0,64196.0,0,0,0,58,eth:ethertype:ip:tcp:mqtt,,,,,,,,,,,0.0,Normal,0.0
1744301784591880,10.42.0.1,10.42.0.3,1883,54262,5,231,0,1,0,0,0,0,0,0,0,0,0,0.0,0,,0,0,,0,0,0,0,0,0,0,0,0.0,0,0,0,0,0,64.0,64010.0,0,0,0,54,eth:ethertype:ip:tcp,,,,,,,,,,,0.0,Normal,0.0
1744301784591913,10.42.0.1,10.42.0.3,1883,54262,5,231,0,1,1,0,0,0,0,0,0,0,0,0.0,0,,0,0,,0,0,0,0,0,0,0,0,0.0,0,0,0,0,0,64.0,64010.0,0,0,0,54,eth:ethertype:ip:tcp,,,,,,,,,,,0.0,Normal,0.0
1744301785072035,10.42.0.1,10.42.0.2,1883,49940,0,1,1,1,0,0,0,0,0,0,0,0,0,0.0,0,,0,0,,0,0,0,0,0,0,0,0,0.0,0,0,0,0,0,64.0,64240.0,0,0,0,58,eth:ethertype:ip:tcp,,,,,,,,,,,0.0,Normal,0.0
1744301785078100,10.42.0.1,10.42.0.2,1883,49940,1,4,0,1,0,0,0,0,0,0,0,0,0,0.0,0,,0,0,,0,0,0,0,0,0,0,0,0.0,0,0,0,0,0,64.0,64237.0,0,0,0,54,eth:ethertype:ip:tcp,,,,,,,,,,,0.0,Normal,0.0
1744301785081622,10.42.0.1,10.42.0.2,1883,49940,1,33,0,1,0,0,0,0,0,0,0,0,0,0.0,0,,0,0,,0,0,0,0,0,0,0,0,0.0,0,0,0,0,0,64.0,64208.0,0,0,0,54,eth:ethertype:ip:tcp,,,,,,,,,,,0.0,Normal,0.0
1744301785084861,10.42.0.1,10.42.0.2,1883,49940,1,45,0,1,0,0,0,0,0,0,0,0,0,0.0,0,,0,0,,0,0,0,0,0,0,0,0,0.0,0,0,0,0,0,64.0,64196.0,0,0,0,54,eth:ethertype:ip:tcp,,,,,,,,,,,0.0,Normal,0.0
1744301785085201,10.42.0.1,10.42.0.2,1883,49940,1,45,0,1,0,0,1,0,4,0,0,0,0,0.0,0,,0,2,,0,0,0,0,2,0,0,0,0.0,0x00,0,0,0,0,64.0,64196.0,0,0,0,58,eth:ethertype:ip:tcp:mqtt,,,,,,,,,,,0.0,Normal,0.0
1744301785132471,10.42.0.1,10.42.0.2,1883,49940,5,234,0,1,0,0,0,0,0,0,0,0,0,0.0,0,,0,0,,0,0,0,0,0,0,0,0,0.0,0,0,0,0,0,64.0,64007.0,0,0,0,54,eth:ethertype:ip:tcp,,,,,,,,,,,0.0,Normal,0.0
1744301785132519,10.42.0.1,10.42.0.2,1883,49940,5,234,0,1,1,0,0,0,0,0,0,0,0,0.0,0,,0,0,,0,0,0,0,0,0,0,0,0.0,0,0,0,0,0,64.0,64007.0,0,0,0,54,eth:ethertype:ip:tcp,,,,,,,,,,,0.0,Normal,0.0
1744301799601062,10.42.0.1,10.42.0.149,1883,54263,0,1,1,1,0,0,0,0,0,0,0,0,0,0.0,0,,0,0,,0,0,0,0,0,0,0,0,0.0,0,0,0,0,0,64.0,64240.0,0,0,0,58,eth:ethertype:ip:tcp,,,,,,,,,,,0.0,Normal,0.0
1744301799611809,10.42.0.1,10.42.0.149,1883,54263,1,4,0,1,0,0,0,0,0,0,0,0,0,0.0,0,,0,0,,0,0,0,0,0,0,0,0,0.0,0,0,0,0,0,64.0,64237.0,0,0,0,54,eth:ethertype:ip:tcp,,,,,,,,,,,0.0,Normal,0.0
1744301799615336,10.42.0.1,10.42.0.149,1883,54263,1,33,0,1,0,0,0,0,0,0,0,0,0,0.0,0,,0,0,,0,0,0,0,0,0,0,0,0.0,0,0,0,0,0,64.0,64208.0,0,0,0,54,eth:ethertype:ip:tcp,,,,,,,,,,,0.0,Normal,0.0
1744301799618650,10.42.0.1,10.42.0.149,1883,54263,1,45,0,1,0,0,0,0,0,0,0,0,0,0.0,0,,0,0,,0,0,0,0,0,0,0,0,0.0,0,0,0,0,0,64.0,64196.0,0,0,0,54,eth:ethertype:ip:tcp,,,,,,,,,,,0.0,Normal,0.0
1744301799618969,10.42.0.1,10.42.0.149,1883,54263,1,45,0,1,0,0,1,0,4,0,0,0,0,0.0,0,,0,2,,0,0,0,0,2,0,0,0,0.0,0x00,0,0,0,0,64.0,64196.0,0,0,0,58,eth:ethertype:ip:tcp:mqtt,,,,,,,,,,,0.0,Normal,0.0
1744301799651235,10.42.0.1,10.42.0.149,1883,54263,5,231,0,1,0,0,0,0,0,0,0,0,0,0.0,0,,0,0,,0,0,0,0,0,0,0,0,0.0,0,0,0,0,0,64.0,64010.0,0,0,0,54,eth:ethertype:ip:tcp,,,,,,,,,,,0.0,Normal,0.0
1744301799651312,10.42.0.1,10.42.0.149,1883,54263,5,231,0,1,1,0,0,0,0,0,0,0,0,0.0,0,,0,0,,0,0,0,0,0,0,0,0,0.0,0,0,0,0,0,64.0,64010.0,0,0,0,54,eth:ethertype:ip:tcp,,,,,,,,,,,0.0,Normal,0.0
1744301800141220,10.42.0.1,10.42.0.139,1883,49941,0,1,1,1,0,0,0,0,0,0,0,0,0,0.0,0,,0,0,,0,0,0,0,0,0,0,0,0.0,0,0,0,0,0,64.0,64240.0,0,0,0,58,eth:ethertype:ip:tcp,,,,,,,,,,,0.0,Normal,0.0
1744301800147575,10.42.0.1,10.42.0.139,1883,49941,1,4,0,1,0,0,0,0,0,0,0,0,0,0.0,0,,0,0,,0,0,0,0,0,0,0,0,0.0,0,0,0,0,0,64.0,64237.0,0,0,0,54,eth:ethertype:ip:tcp,,,,,,,,,,,0.0,Normal,0.0
1744301800151010,10.42.0.1,10.42.0.139,1883,49941,1,33,0,1,0,0,0,0,0,0,0,0,0,0.0,0,,0,0,,0,0,0,0,0,0,0,0,0.0,0,0,0,0,0,64.0,64208.0,0,0,0,54,eth:ethertype:ip:tcp,,,,,,,,,,,0.0,Normal,0.0
1744301800155114,10.42.0.1,10.42.0.139,1883,49941,1,45,0,1,0,0,0,0,0,0,0,0,0,0.0,0,,0,0,,0,0,0,0,0,0,0,0,0.0,0,0,0,0,0,64.0,64196.0,0,0,0,54,eth:ethertype:ip:tcp,,,,,,,,,,,0.0,Normal,0.0
1744301800155510,10.42.0.1,10.42.0.139,1883,49941,1,45,0,1,0,0,1,0,4,0,0,0,0,0.0,0,,0,2,,0,0,0,0,2,0,0,0,0.0,0x00,0,0,0,0,64.0,64196.0,0,0,0,58,eth:ethertype:ip:tcp:mqtt,,,,,,,,,,,0.0,Normal,0.0
1744301800201667,10.42.0.1,10.42.0.139,1883,49941,5,234,0,1,0,0,0,0,0,0,0,0,0,0.0,0,,0,0,,0,0,0,0,0,0,0,0,0.0,0,0,0,0,0,64.0,64007.0,0,0,0,54,eth:ethertype:ip:tcp,,,,,,,,,,,0.0,Normal,0.0
1744301800201728,10.42.0.1,10.42.0.139,1883,49941,5,234,0,1,1,0,0,0,0,0,0,0,0,0.0,0,,0,0,,0,0,0,0,0,0,0,0,0.0,0,0,0,0,0,64.0,64007.0,0,0,0,54,eth:ethertype:ip:tcp,,,,,,,,,,,0.0,Normal,0.0
1744301814601062,10.42.0.1,10.42.0.3,1883,54263,0,1,1,1,0,0,0,0,0,0,0,0,0,0.0,0,,0,0,,0,0,0,0,0,0,0,0,0.0,0,0,0,0,0,64.0,64240.0,0,0,0,58,eth:ethertype:ip:tcp,,,,,,,,,,,0.0,Normal,0.0
1744301814611809,10.42.0.1,10.42.0.3,1883,54263,1,4,0,1,0,0,0,0,0,0,0,0,0,0.0,0,,0,0,,0,0,0,0,0,0,0,0,0.0,0,0,0,0,0,64.0,64237.0,0,0,0,54,eth:ethertype:ip:tcp,,,,,,,,,,,0.0,Normal,0.0
1744301814615336,10.42.0.1,10.42.0.3,1883,54263,1,33,0,1,0,0,0,0,0,0,0,0,0,0.0,0,,0,0,,0,0,0,0,0,0,0,0,0.0,0,0,0,0,0,64.0,64208.0,0,0,0,54,eth:ethertype:ip:tcp,,,,,,,,,,,0.0,Normal,0.0
1744301814618650,10.42.0.1,10.42.0.3,1883,54263,1,45,0,1,0,0,0,0,0,0,0,0,0,0.0,0,,0,0,,0,0,0,0,0,0,0,0,0.0,0,0,0,0,0,64.0,64196.0,0,0,0,54,eth:ethertype:ip:tcp,,,,,,,,,,,0.0,Normal,0.0
1744301814618969,10.42.0.1,10.42.0.3,1883,54263,1,45,0,1,0,0,1,0,4,0,0,0,0,0.0,0,,0,2,,0,0,0,0,2,0,0,0,0.0,0x00,0,0,0,0,64.0,64196.0,0,0,0,58,eth:ethertype:ip:tcp:mqtt,,,,,,,,,,,0.0,Normal,0.0
1744301814651235,10.42.0.1,10.42.0.3,1883,54263,5,231,0,1,0,0,0,0,0,0,0,0,0,0.0,0,,0,0,,0,0,0,0,0,0,0,0,0.0,0,0,0,0,0,64.0,64010.0,0,0,0,54,eth:ethertype:ip:tcp,,,,,,,,,,,0.0,Normal,0.0
1744301814651312,10.42.0.1,10.42.0.3,1883,54263,5,231,0,1,1,0,0,0,0,0,0,0,0,0.0,0,,0,0,,0,0,0,0,0,0,0,0,0.0,0,0,0,0,0,64.0,64010.0,0,0,0,54,eth:ethertype:ip:tcp,,,,,,,,,,,0.0,Normal,0.0
1744301815141220,10.42.0.1,10.42.0.2,1883,49941,0,1,1,1,0,0,0,0,0,0,0,0,0,0.0,0,,0,0,,0,0,0,0,0,0,0,0,0.0,0,0,0,0,0,64.0,64240.0,0,0,0,58,eth:ethertype:ip:tcp,,,,,,,,,,,0.0,Normal,0.0
1744301815147575,10.42.0.1,10.42.0.2,1883,49941,1,4,0,1,0,0,0,0,0,0,0,0,0,0.0,0,,0,0,,0,0,0,0,0,0,0,0,0.0,0,0,0,0,0,64.0,64237.0,0,0,0,54,eth:ethertype:ip:tcp,,,,,,,,,,,0.0,Normal,0.0
1744301815151010,10.42.0.1,10.42.0.2,1883,49941,1,33,0,1,0,0,0,0,0,0,0,0,0,0.0,0,,0,0,,0,0,0,0,0,0,0,0,0.0,0,0,0,0,0,64.0,64208.0,0,0,0,54,eth:ethertype:ip:tcp,,,,,,,,,,,0.0,Normal,0.0
1744301815155114,10.42.0.1,10.42.0.2,1883,49941,1,45,0,1,0,0,0,0,0,0,0,0,0,0.0,0,,0,0,,0,0,0,0,0,0,0,0,0.0,0,0,0,0,0,64.0,64196.0,0,0,0,54,eth:ethertype:ip:tcp,,,,,,,,,,,0.0,Normal,0.0
1744301815155510,10.42.0.1,10.42.0.2,1883,49941,1,45,0,1,0,0,1,0,4,0,0,0,0,0.0,0,,0,2,,0,0,0,0,2,0,0,0,0.0,0x00,0,0,0,0,64.0,64196.0,0,0,0,58,eth:ethertype:ip:tcp:mqtt,,,,,,,,,,,0.0,Normal,0.0
1744301815201667,10.42.0.1,10.42.0.2,1883,49941,5,234,0,1,0,0,0,0,0,0,0,0,0,0.0,0,,0,0,,0,0,0,0,0,0,0,0,0.0,0,0,0,0,0,64.0,64007.0,0,0,0,54,eth:ethertype:ip:tcp,,,,,,,,,,,0.0,Normal,0.0
1744301815201728,10.42.0.1,10.42.0.2,1883,49941,5,234,0,1,1,0,0,0,0,0,0,0,0,0.0,0,,0,0,,0,0,0,0,0,0,0,0,0.0,0,0,0,0,0,64.0,64007.0,0,0,0,54,eth:ethertype:ip:tcp,,,,,,,,,,,0.0,Normal,0.0
1744301829668697,10.42.0.1,10.42.0.149,1883,54264,0,1,1,1,0,0,0,0,0,0,0,0,0,0.0,0,,0,0,,0,0,0,0,0,0,0,0,0.0,0,0,0,0,0,64.0,64240.0,0,0,0,58,eth:ethertype:ip:tcp,,,,,,,,,,,0.0,Normal,0.0
1744301829674800,10.42.0.1,10.42.0.149,1883,54264,1,4,0,1,0,0,0,0,0,0,0,0,0,0.0,0,,0,0,,0,0,0,0,0,0,0,0,0.0,0,0,0,0,0,64.0,64237.0,0,0,0,54,eth:ethertype:ip:tcp,,,,,,,,,,,0.0,Normal,0.0
1744301829678147,10.42.0.1,10.42.0.149,1883,54264,1,33,0,1,0,0,0,0,0,0,0,0,0,0.0,0,,0,0,,0,0,0,0,0,0,0,0,0.0,0,0,0,0,0,64.0,64208.0,0,0,0,54,eth:ethertype:ip:tcp,,,,,,,,,,,0.0,Normal,0.0
1744301829681391,10.42.0.1,10.42.0.149,1883,54264,1,45,0,1,0,0,0,0,0,0,0,0,0,0.0,0,,0,0,,0,0,0,0,0,0,0,0,0.0,0,0,0,0,0,64.0,64196.0,0,0,0,54,eth:ethertype:ip:tcp,,,,,,,,,,,0.0,Normal,0.0
1744301829681852,10.42.0.1,10.42.0.149,1883,54264,1,45,0,1,0,0,1,0,4,0,0,0,0,0.0,0,,0,2,,0,0,0,0,2,0,0,0,0.0,0x00,0,0,0,0,64.0,64196.0,0,0,0,58,eth:ethertype:ip:tcp:mqtt,,,,,,,,,,,0.0,Normal,0.0
1744301829721474,10.42.0.1,10.42.0.149,1883,54264,5,231,0,1,0,0,0,0,0,0,0,0,0,0.0,0,,0,0,,0,0,0,0,0,0,0,0,0.0,0,0,0,0,0,64.0,64010.0,0,0,0,54,eth:ethertype:ip:tcp,,,,,,,,,,,0.0,Normal,0.0
1744301829721560,10.42.0.1,10.42.0.149,1883,54264,5,231,0,1,1,0,0,0,0,0,0,0,0,0.0,0,,0,0,,0,0,0,0,0,0,0,0,0.0,0,0,0,0,0,64.0,64010.0,0,0,0,54,eth:ethertype:ip:tcp,,,,,,,,,,,0.0,Normal,0.0
1744301830210105,10.42.0.1,10.42.0.139,1883,49942,0,1,1,1,0,0,0,0,0,0,0,0,0,0.0,0,,0,0,,0,0,0,0,0,0,0,0,0.0,0,0,0,0,0,64.0,64240.0,0,0,0,58,eth:ethertype:ip:tcp,,,,,,,,,,,0.0,Normal,0.0
1744301830215965,10.42.0.1,10.42.0.139,1883,49942,1,4,0,1,0,0,0,0,0,0,0,0,0,0.0,0,,0,0,,0,0,0,0,0,0,0,0,0.0,0,0,0,0,0,64.0,64237.0,0,0,0,54,eth:ethertype:ip:tcp,,,,,,,,,,,0.0,Normal,0.0
1744301830219426,10.42.0.1,10.42.0.139,1883,49942,1,33,0,1,0,0,0,0,0,0,0,0,0,0.0,0,,0,0,,0,0,0,0,0,0,0,0,0.0,0,0,0,0,0,64.0,64208.0,0,0,0,54,eth:ethertype:ip:tcp,,,,,,,,,,,0.0,Normal,0.0
1744301830226158,10.42.0.1,10.42.0.139,1883,49942,1,45,0,1,0,0,0,0,0,0,0,0,0,0.0,0,,0,0,,0,0,0,0,0,0,0,0,0.0,0,0,0,0,0,64.0,64196.0,0,0,0,54,eth:ethertype:ip:tcp,,,,,,,,,,,0.0,Normal,0.0
1744301830226604,10.42.0.1,10.42.0.139,1883,49942,1,45,0,1,0,0,1,0,4,0,0,0,0,0.0,0,,0,2,,0,0,0,0,2,0,0,0,0.0,0x00,0,0,0,0,64.0,64196.0,0,0,0,58,eth:ethertype:ip:tcp:mqtt,,,,,,,,,,,0.0,Normal,0.0
1744301830271160,10.42.0.1,10.42.0.139,1883,49942,5,234,0,1,0,0,0,0,0,0,0,0,0,0.0,0,,0,0,,0,0,0,0,0,0,0,0,0.0,0,0,0,0,0,64.0,64007.0,0,0,0,54,eth:ethertype:ip:tcp,,,,,,,,,,,0.0,Normal,0.0
1744301830271218,10.42.0.1,10.42.0.139,1883,49942,5,234,0,1,1,0,0,0,0,0,0,0,0,0.0,0,,0,0,,0,0,0,0,0,0,0,0,0.0,0,0,0,0,0,64.0,64007.0,0,0,0,54,eth:ethertype:ip:tcp,,,,,,,,,,,0.0,Normal,0.0
1744301844668697,10.42.0.1,10.42.0.3,1883,54264,0,1,1,1,0,0,0,0,0,0,0,0,0,0.0,0,,0,0,,0,0,0,0,0,0,0,0,0.0,0,0,0,0,0,64.0,64240.0,0,0,0,58,eth:ethertype:ip:tcp,,,,,,,,,,,0.0,Normal,0.0
1744301844674800,10.42.0.1,10.42.0.3,1883,54264,1,4,0,1,0,0,0,0,0,0,0,0,0,0.0,0,,0,0,,0,0,0,0,0,0,0,0,0.0,0,0,0,0,0,64.0,64237.0,0,0,0,54,eth:ethertype:ip:tcp,,,,,,,,,,,0.0,Normal,0.0
1744301844678147,10.42.0.1,10.42.0.3,1883,54264,1,33,0,1,0,0,0,0,0,0,0,0,0,0.0,0,,0,0,,0,0,0,0,0,0,0,0,0.0,0,0,0,0,0,64.0,64208.0,0,0,0,54,eth:ethertype:ip:tcp,,,,,,,,,,,0.0,Normal,0.0
1744301844681391,10.42.0.1,10.42.0.3,1883,54264,1,45,0,1,0,0,0,0,0,0,0,0,0,0.0,0,,0,0,,0,0,0,0,0,0,0,0,0.0,0,0,0,0,0,64.0,64196.0,0,0,0,54,eth:ethertype:ip:tcp,,,,,,,,,,,0.0,Normal,0.0
1744301844681852,10.42.0.1,10.42.0.3,1883,54264,1,45,0,1,0,0,1,0,4,0,0,0,0,0.0,0,,0,2,,0,0,0,0,2,0,0,0,0.0,0x00,0,0,0,0,64.0,64196.0,0,0,0,58,eth:ethertype:ip:tcp:mqtt,,,,,,,,,,,0.0,Normal,0.0
1744301844721474,10.42.0.1,10.42.0.3,1883,54264,5,231,0,1,0,0,0,0,0,0,0,0,0,0.0,0,,0,0,,0,0,0,0,0,0,0,0,0.0,0,0,0,0,0,64.0,64010.0,0,0,0,54,eth:ethertype:ip:tcp,,,,,,,,,,,0.0,Normal,0.0
1744301844721560,10.42.0.1,10.42.0.3,1883,54264,5,231,0,1,1,0,0,0,0,0,0,0,0,0.0,0,,0,0,,0,0,0,0,0,0,0,0,0.0,0,0,0,0,0,64.0,64010.0,0,0,0,54,eth:ethertype:ip:tcp,,,,,,,,,,,0.0,Normal,0.0
1744301845210105,10.42.0.1,10.42.0.2,1883,49942,0,1,1,1,0,0,0,0,0,0,0,0,0,0.0,0,,0,0,,0,0,0,0,0,0,0,0,0.0,0,0,0,0,0,64.0,64240.0,0,0,0,58,eth:ethertype:ip:tcp,,,,,,,,,,,0.0,Normal,0.0
1744301845215965,10.42.0.1,10.42.0.2,1883,49942,1,4,0,1,0,0,0,0,0,0,0,0,0,0.0,0,,0,0,,0,0,0,0,0,0,0,0,0.0,0,0,0,0,0,64.0,64237.0,0,0,0,54,eth:ethertype:ip:tcp,,,,,,,,,,,0.0,Normal,0.0
1744301845219426,10.42.0.1,10.42.0.2,1883,49942,1,33,0,1,0,0,0,0,0,0,0,0,0,0.0,0,,0,0,,0,0,0,0,0,0,0,0,0.0,0,0,0,0,0,64.0,64208.0,0,0,0,54,eth:ethertype:ip:tcp,,,,,,,,,,,0.0,Normal,0.0
1744301845226158,10.42.0.1,10.42.0.2,1883,49942,1,45,0,1,0,0,0,0,0,0,0,0,0,0.0,0,,0,0,,0,0,0,0,0,0,0,0,0.0,0,0,0,0,0,64.0,64196.0,0,0,0,54,eth:ethertype:ip:tcp,,,,,,,,,,,0.0,Normal,0.0
1744301845226604,10.42.0.1,10.42.0.2,1883,49942,1,45,0,1,0,0,1,0,4,0,0,0,0,0.0,0,,0,2,,0,0,0,0,2,0,0,0,0.0,0x00,0,0,0,0,64.0,64196.0,0,0,0,58,eth:ethertype:ip:tcp:mqtt,,,,,,,,,,,0.0,Normal,0.0
1744301845271160,10.42.0.1,10.42.0.2,1883,49942,5,234,0,1,0,0,0,0,0,0,0,0,0,0.0,0,,0,0,,0,0,0,0,0,0,0,0,0.0,0,0,0,0,0,64.0,64007.0,0,0,0,54,eth:ethertype:ip:tcp,,,,,,,,,,,0.0,Normal,0.0
1744301845271218,10.42.0.1,10.42.0.2,1883,49942,5,234,0,1,1,0,0,0,0,0,0,0,0,0.0,0,,0,0,,0,0,0,0,0,0,0,0,0.0,0,0,0,0,0,64.0,64007.0,0,0,0,54,eth:ethertype:ip:tcp,,,,,,,,,,,0.0,Normal,0.0
1744301859730021,10.42.0.1,10.42.0.149,1883,54265,0,1,1,1,0,0,0,0,0,0,0,0,0,0.0,0,,0,0,,0,0,0,0,0,0,0,0,0.0,0,0,0,0,0,64.0,64240.0,0,0,0,58,eth:ethertype:ip:tcp,,,,,,,,,,,0.0,Normal,0.0
1744301859736617,10.42.0.1,10.42.0.149,1883,54265,1,4,0,1,0,0,0,0,0,0,0,0,0,0.0,0,,0,0,,0,0,0,0,0,0,0,0,0.0,0,0,0,0,0,64.0,64237.0,0,0,0,54,eth:ethertype:ip:tcp,,,,,,,,,,,0.0,Normal,0.0
1744301859740035,10.42.0.1,10.42.0.149,1883,54265,1,35,0,1,0,0,0,0,0,0,0,0,0,0.0,0,,0,0,,0,0,0,0,0,0,0,0,0.0,0,0,0,0,0,64.0,64206.0,0,0,0,54,eth:ethertype:ip:tcp,,,,,,,,,,,0.0,Normal,0.0
1744301859743196,10.42.0.1,10.42.0.149,1883,54265,1,45,0,1,0,0,0,0,0,0,0,0,0,0.0,0,,0,0,,0,0,0,0,0,0,0,0,0.0,0,0,0,0,0,64.0,64196.0,0,0,0,54,eth:ethertype:ip:tcp,,,,,,,,,,,0.0,Normal,0.0
1744301859743516,10.42.0.1,10.42.0.149,1883,54265,1,45,0,1,0,0,1,0,4,0,0,0,0,0.0,0,,0,2,,0,0,0,0,2,0,0,0,0.0,0x00,0,0,0,0,64.0,64196.0,0,0,0,58,eth:ethertype:ip:tcp:mqtt,,,,,,,,,,,0.0,Normal,0.0
1744301859780046,10.42.0.1,10.42.0.149,1883,54265,5,231,0,1,0,0,0,0,0,0,0,0,0,0.0,0,,0,0,,0,0,0,0,0,0,0,0,0.0,0,0,0,0,0,64.0,64010.0,0,0,0,54,eth:ethertype:ip:tcp,,,,,,,,,,,0.0,Normal,0.0
1744301859780078,10.42.0.1,10.42.0.149,1883,54265,5,231,0,1,1,0,0,0,0,0,0,0,0,0.0,0,,0,0,,0,0,0,0,0,0,0,0,0.0,0,0,0,0,0,64.0,64010.0,0,0,0,54,eth:ethertype:ip:tcp,,,,,,,,,,,0.0,Normal,0.0
1744301860288062,10.42.0.1,10.42.0.139,1883,49943,0,1,1,1,0,0,0,0,0,0,0,0,0,0.0,0,,0,0,,0,0,0,0,0,0,0,0,0.0,0,0,0,0,0,64.0,64240.0,0,0,0,58,eth:ethertype:ip:tcp,,,,,,,,,,,0.0,Normal,0.0
1744301860293821,10.42.0.1,10.42.0.139,1883,49943,1,4,0,1,0,0,0,0,0,0,0,0,0,0.0,0,,0,0,,0,0,0,0,0,0,0,0,0.0,0,0,0,0,0,64.0,64237.0,0,0,0,54,eth:ethertype:ip:tcp,,,,,,,,,,,0.0,Normal,0.0
1744301860297350,10.42.0.1,10.42.0.139,1883,49943,1,33,0,1,0,0,0,0,0,0,0,0,0,0.0,0,,0,0,,0,0,0,0,0,0,0,0,0.0,0,0,0,0,0,64.0,64208.0,0,0,0,54,eth:ethertype:ip:tcp,,,,,,,,,,,0.0,Normal,0.0
1744301860300434,10.42.0.1,10.42.0.139,1883,49943,1,45,0,1,0,0,0,0,0,0,0,0,0,0.0,0,,0,0,,0,0,0,0,0,0,0,0,0.0,0,0,0,0,0,64.0,64196.0,0,0,0,54,eth:ethertype:ip:tcp,,,,,,,,,,,0.0,Normal,0.0
1744301860300770,10.42.0.1,10.42.0.139,1883,49943,1,45,0,1,0,0,1,0,4,0,0,0,0,0.0,0,,0,2,,0,0,0,0,2,0,0,0,0.0,0x00,0,0,0,0,64.0,64196.0,0,0,0,58,eth:ethertype:ip:tcp:mqtt,,,,,,,,,,,0.0,Normal,0.0
1744301860350283,10.42.0.1,10.42.0.139,1883,49943,5,234,0,1,0,0,0,0,0,0,0,0,0,0.0,0,,0,0,,0,0,0,0,0,0,0,0,0.0,0,0,0,0,0,64.0,64007.0,0,0,0,54,eth:ethertype:ip:tcp,,,,,,,,,,,0.0,Normal,0.0
1744301860350321,10.42.0.1,10.42.0.139,1883,49943,5,234,0,1,1,0,0,0,0,0,0,0,0,0.0,0,,0,0,,0,0,0,0,0,0,0,0,0.0,0,0,0,0,0,64.0,64007.0,0,0,0,54,eth:ethertype:ip:tcp,,,,,,,,,,,0.0,Normal,0.0
1744301874730021,10.42.0.1,10.42.0.3,1883,54265,0,1,1,1,0,0,0,0,0,0,0,0,0,0.0,0,,0,0,,0,0,0,0,0,0,0,0,0.0,0,0,0,0,0,64.0,64240.0,0,0,0,58,eth:ethertype:ip:tcp,,,,,,,,,,,0.0,Normal,0.0
1744301874736617,10.42.0.1,10.42.0.3,1883,54265,1,4,0,1,0,0,0,0,0,0,0,0,0,0.0,0,,0,0,,0,0,0,0,0,0,0,0,0.0,0,0,0,0,0,64.0,64237.0,0,0,0,54,eth:ethertype:ip:tcp,,,,,,,,,,,0.0,Normal,0.0
1744301874740035,10.42.0.1,10.42.0.3,1883,54265,1,35,0,1,0,0,0,0,0,0,0,0,0,0.0,0,,0,0,,0,0,0,0,0,0,0,0,0.0,0,0,0,0,0,64.0,64206.0,0,0,0,54,eth:ethertype:ip:tcp,,,,,,,,,,,0.0,Normal,0.0
1744301874743196,10.42.0.1,10.42.0.3,1883,54265,1,45,0,1,0,0,0,0,0,0,0,0,0,0.0,0,,0,0,,0,0,0,0,0,0,0,0,0.0,0,0,0,0,0,64.0,64196.0,0,0,0,54,eth:ethertype:ip:tcp,,,,,,,,,,,0.0,Normal,0.0
1744301874743516,10.42.0.1,10.42.0.3,1883,54265,1,45,0,1,0,0,1,0,4,0,0,0,0,0.0,0,,0,2,,0,0,0,0,2,0,0,0,0.0,0x00,0,0,0,0,64.0,64196.0,0,0,0,58,eth:ethertype:ip:tcp:mqtt,,,,,,,,,,,0.0,Normal,0.0
1744301874780046,10.42.0.1,10.42.0.3,1883,54265,5,231,0,1,0,0,0,0,0,0,0,0,0,0.0,0,,0,0,,0,0,0,0,0,0,0,0,0.0,0,0,0,0,0,64.0,64010.0,0,0,0,54,eth:ethertype:ip:tcp,,,,,,,,,,,0.0,Normal,0.0
1744301874780078,10.42.0.1,10.42.0.3,1883,54265,5,231,0,1,1,0,0,0,0,0,0,0,0,0.0,0,,0,0,,0,0,0,0,0,0,0,0,0.0,0,0,0,0,0,64.0,64010.0,0,0,0,54,eth:ethertype:ip:tcp,,,,,,,,,,,0.0,Normal,0.0
1744301875288062,10.42.0.1,10.42.0.2,1883,49943,0,1,1,1,0,0,0,0,0,0,0,0,0,0.0,0,,0,0,,0,0,0,0,0,0,0,0,0.0,0,0,0,0,0,64.0,64240.0,0,0,0,58,eth:ethertype:ip:tcp,,,,,,,,,,,0.0,Normal,0.0
1744301875293821,10.42.0.1,10.42.0.2,1883,49943,1,4,0,1,0,0,0,0,0,0,0,0,0,0.0,0,,0,0,,0,0,0,0,0,0,0,0,0.0,0,0,0,0,0,64.0,64237.0,0,0,0,54,eth:ethertype:ip:tcp,,,,,,,,,,,0.0,Normal,0.0
1744301875297350,10.42.0.1,10.42.0.2,1883,49943,1,33,0,1,0,0,0,0,0,0,0,0,0,0.0,0,,0,0,,0,0,0,0,0,0,0,0,0.0,0,0,0,0,0,64.0,64208.0,0,0,0,54,eth:ethertype:ip:tcp,,,,,,,,,,,0.0,Normal,0.0
1744301875300434,10.42.0.1,10.42.0.2,1883,49943,1,45,0,1,0,0,0,0,0,0,0,0,0,0.0,0,,0,0,,0,0,0,0,0,0,0,0,0.0,0,0,0,0,0,64.0,64196.0,0,0,0,54,eth:ethertype:ip:tcp,,,,,,,,,,,0.0,Normal,0.0
1744301875300770,10.42.0.1,10.42.0.2,1883,49943,1,45,0,1,0,0,1,0,4,0,0,0,0,0.0,0,,0,2,,0,0,0,0,2,0,0,0,0.0,0x00,0,0,0,0,64.0,64196.0,0,0,0,58,eth:ethertype:ip:tcp:mqtt,,,,,,,,,,,0.0,Normal,0.0
1744301875350283,10.42.0.1,10.42.0.2,1883,49943,5,234,0,1,0,0,0,0,0,0,0,0,0,0.0,0,,0,0,,0,0,0,0,0,0,0,0,0.0,0,0,0,0,0,64.0,64007.0,0,0,0,54,eth:ethertype:ip:tcp,,,,,,,,,,,0.0,Normal,0.0
1744301875350321,10.42.0.1,10.42.0.2,1883,49943,5,234,0,1,1,0,0,0,0,0,0,0,0,0.0,0,,0,0,,0,0,0,0,0,0,0,0,0.0,0,0,0,0,0,64.0,64007.0,0,0,0,54,eth:ethertype:ip:tcp,,,,,,,,,,,0.0,Normal,0.0
1744301889788533,10.42.0.1,10.42.0.149,1883,54266,0,1,1,1,0,0,0,0,0,0,0,0,0,0.0,0,,0,0,,0,0,0,0,0,0,0,0,0.0,0,0,0,0,0,64.0,64240.0,0,0,0,58,eth:ethertype:ip:tcp,,,,,,,,,,,0.0,Normal,0.0
1744301889795365,10.42.0.1,10.42.0.149,1883,54266,1,4,0,1,0,0,0,0,0,0,0,0,0,0.0,0,,0,0,,0,0,0,0,0,0,0,0,0.0,0,0,0,0,0,64.0,64237.0,0,0,0,54,eth:ethertype:ip:tcp,,,,,,,,,,,0.0,Normal,0.0
1744301889798946,10.42.0.1,10.42.0.149,1883,54266,1,33,0,1,0,0,0,0,0,0,0,0,0,0.0,0,,0,0,,0,0,0,0,0,0,0,0,0.0,0,0,0,0,0,64.0,64208.0,0,0,0,54,eth:ethertype:ip:tcp,,,,,,,,,,,0.0,Normal,0.0
1744301889802068,10.42.0.1,10.42.0.149,1883,54266,1,45,0,1,0,0,0,0,0,0,0,0,0,0.0,0,,0,0,,0,0,0,0,0,0,0,0,0.0,0,0,0,0,0,64.0,64196.0,0,0,0,54,eth:ethertype:ip:tcp,,,,,,,,,,,0.0,Normal,0.0
1744301889802446,10.42.0.1,10.42.0.149,1883,54266,1,45,0,1,0,0,1,0,4,0,0,0,0,0.0,0,,0,2,,0,0,0,0,2,0,0,0,0.0,0x00,0,0,0,0,64.0,64196.0,0,0,0,58,eth:ethertype:ip:tcp:mqtt,,,,,,,,,,,0.0,Normal,0.0
1744301889839521,10.42.0.1,10.42.0.149,1883,54266,5,231,0,1,0,0,0,0,0,0,0,0,0,0.0,0,,0,0,,0,0,0,0,0,0,0,0,0.0,0,0,0,0,0,64.0,64010.0,0,0,0,54,eth:ethertype:ip:tcp,,,,,,,,,,,0.0,Normal,0.0
1744301889839555,10.42.0.1,10.42.0.149,1883,54266,5,231,0,1,1,0,0,0,0,0,0,0,0,0.0,0,,0,0,,0,0,0,0,0,0,0,0,0.0,0,0,0,0,0,64.0,64010.0,0,0,0,54,eth:ethertype:ip:tcp,,,,,,,,,,,0.0,Normal,0.0
1744301890359345,10.42.0.1,10.42.0.139,1883,49944,0,1,1,1,0,0,0,0,0,0,0,0,0,0.0,0,,0,0,,0,0,0,0,0,0,0,0,0.0,0,0,0,0,0,64.0,64240.0,0,0,0,58,eth:ethertype:ip:tcp,,,,,,,,,,,0.0,Normal,0.0
1744301890365513,10.42.0.1,10.42.0.139,1883,49944,1,4,0,1,0,0,0,0,0,0,0,0,0,0.0,0,,0,0,,0,0,0,0,0,0,0,0,0.0,0,0,0,0,0,64.0,64237.0,0,0,0,54,eth:ethertype:ip:tcp,,,,,,,,,,,0.0,Normal,0.0
1744301890368925,10.42.0.1,10.42.0.139,1883,49944,1,33,0,1,0,0,0,0,0,0,0,0,0,0.0,0,,0,0,,0,0,0,0,0,0,0,0,0.0,0,0,0,0,0,64.0,64208.0,0,0,0,54,eth:ethertype:ip:tcp,,,,,,,,,,,0.0,Normal,0.0
1744301890371899,10.42.0.1,10.42.0.139,1883,49944,1,45,0,1,0,0,0,0,0,0,0,0,0,0.0,0,,0,0,,0,0,0,0,0,0,0,0,0.0,0,0,0,0,0,64.0,64196.0,0,0,0,54,eth:ethertype:ip:tcp,,,,,,,,,,,0.0,Normal,0.0
1744301890372235,10.42.0.1,10.42.0.139,1883,49944,1,45,0,1,0,0,1,0,4,0,0,0,0,0.0,0,,0,2,,0,0,0,0,2,0,0,0,0.0,0x00,0,0,0,0,64.0,64196.0,0,0,0,58,eth:ethertype:ip:tcp:mqtt,,,,,,,,,,,0.0,Normal,0.0
1744301890421826,10.42.0.1,10.42.0.139,1883,49944,5,234,0,1,0,0,0,0,0,0,0,0,0,0.0,0,,0,0,,0,0,0,0,0,0,0,0,0.0,0,0,0,0,0,64.0,64007.0,0,0,0,54,eth:ethertype:ip:tcp,,,,,,,,,,,0.0,Normal,0.0
1744301890421866,10.42.0.1,10.42.0.139,1883,49944,5,234,0,1,1,0,0,0,0,0,0,0,0,0.0,0,,0,0,,0,0,0,0,0,0,0,0,0.0,0,0,0,0,0,64.0,64007.0,0,0,0,54,eth:ethertype:ip:tcp,,,,,,,,,,,0.0,Normal,0.0
1744301904788533,10.42.0.1,10.42.0.3,1883,54266,0,1,1,1,0,0,0,0,0,0,0,0,0,0.0,0,,0,0,,0,0,0,0,0,0,0,0,0.0,0,0,0,0,0,64.0,64240.0,0,0,0,58,eth:ethertype:ip:tcp,,,,,,,,,,,0.0,Normal,0.0
1744301904795365,10.42.0.1,10.42.0.3,1883,54266,1,4,0,1,0,0,0,0,0,0,0,0,0,0.0,0,,0,0,,0,0,0,0,0,0,0,0,0.0,0,0,0,0,0,64.0,64237.0,0,0,0,54,eth:ethertype:ip:tcp,,,,,,,,,,,0.0,Normal,0.0
1744301904798946,10.42.0.1,10.42.0.3,1883,54266,1,33,0,1,0,0,0,0,0,0,0,0,0,0.0,0,,0,0,,0,0,0,0,0,0,0,0,0.0,0,0,0,0,0,64.0,64208.0,0,0,0,54,eth:ethertype:ip:tcp,,,,,,,,,,,0.0,Normal,0.0
1744301904802068,10.42.0.1,10.42.0.3,1883,54266,1,45,0,1,0,0,0,0,0,0,0,0,0,0.0,0,,0,0,,0,0,0,0,0,0,0,0,0.0,0,0,0,0,0,64.0,64196.0,0,0,0,54,eth:ethertype:ip:tcp,,,,,,,,,,,0.0,Normal,0.0
1744301904802446,10.42.0.1,10.42.0.3,1883,54266,1,45,0,1,0,0,1,0,4,0,0,0,0,0.0,0,,0,2,,0,0,0,0,2,0,0,0,0.0,0x00,0,0,0,0,64.0,64196.0,0,0,0,58,eth:ethertype:ip:tcp:mqtt,,,,,,,,,,,0.0,Normal,0.0
1744301904839521,10.42.0.1,10.42.0.3,1883,54266,5,231,0,1,0,0,0,0,0,0,0,0,0,0.0,0,,0,0,,0,0,0,0,0,0,0,0,0.0,0,0,0,0,0,64.0,64010.0,0,0,0,54,eth:ethertype:ip:tcp,,,,,,,,,,,0.0,Normal,0.0
1744301904839555,10.42.0.1,10.42.0.3,1883,54266,5,231,0,1,1,0,0,0,0,0,0,0,0,0.0,0,,0,0,,0,0,0,0,0,0,0,0,0.0,0,0,0,0,0,64.0,64010.0,0,0,0,54,eth:ethertype:ip:tcp,,,,,,,,,,,0.0,Normal,0.0
1744301905359345,10.42.0.1,10.42.0.2,1883,49944,0,1,1,1,0,0,0,0,0,0,0,0,0,0.0,0,,0,0,,0,0,0,0,0,0,0,0,0.0,0,0,0,0,0,64.0,64240.0,0,0,0,58,eth:ethertype:ip:tcp,,,,,,,,,,,0.0,Normal,0.0
1744301905365513,10.42.0.1,10.42.0.2,1883,49944,1,4,0,1,0,0,0,0,0,0,0,0,0,0.0,0,,0,0,,0,0,0,0,0,0,0,0,0.0,0,0,0,0,0,64.0,64237.0,0,0,0,54,eth:ethertype:ip:tcp,,,,,,,,,,,0.0,Normal,0.0
1744301905368925,10.42.0.1,10.42.0.2,1883,49944,1,33,0,1,0,0,0,0,0,0,0,0,0,0.0,0,,0,0,,0,0,0,0,0,0,0,0,0.0,0,0,0,0,0,64.0,64208.0,0,0,0,54,eth:ethertype:ip:tcp,,,,,,,,,,,0.0,Normal,0.0
1744301905371899,10.42.0.1,10.42.0.2,1883,49944,1,45,0,1,0,0,0,0,0,0,0,0,0,0.0,0,,0,0,,0,0,0,0,0,0,0,0,0.0,0,0,0,0,0,64.0,64196.0,0,0,0,54,eth:ethertype:ip:tcp,,,,,,,,,,,0.0,Normal,0.0
1744301905372235,10.42.0.1,10.42.0.2,1883,49944,1,45,0,1,0,0,1,0,4,0,0,0,0,0.0,0,,0,2,,0,0,0,0,2,0,0,0,0.0,0x00,0,0,0,0,64.0,64196.0,0,0,0,58,eth:ethertype:ip:tcp:mqtt,,,,,,,,,,,0.0,Normal,0.0
1744301905421826,10.42.0.1,10.42.0.2,1883,49944,5,234,0,1,0,0,0,0,0,0,0,0,0,0.0,0,,0,0,,0,0,0,0,0,0,0,0,0.0,0,0,0,0,0,64.0,64007.0,0,0,0,54,eth:ethertype:ip:tcp,,,,,,,,,,,0.0,Normal,0.0
1744301905421866,10.42.0.1,10.42.0.2,1883,49944,5,234,0,1,1,0,0,0,0,0,0,0,0,0.0,0,,0,0,,0,0,0,0,0,0,0,0,0.0,0,0,0,0,0,64.0,64007.0,0,0,0,54,eth:ethertype:ip:tcp,,,,,,,,,,,0.0,Normal,0.0
1744301919848400,10.42.0.1,10.42.0.149,1883,54267,0,1,1,1,0,0,0,0,0,0,0,0,0,0.0,0,,0,0,,0,0,0,0,0,0,0,0,0.0,0,0,0,0,0,64.0,64240.0,0,0,0,58,eth:ethertype:ip:tcp,,,,,,,,,,,0.0,Normal,0.0
1744301919854507,10.42.0.1,10.42.0.149,1883,54267,1,4,0,1,0,0,0,0,0,0,0,0,0,0.0,0,,0,0,,0,0,0,0,0,0,0,0,0.0,0,0,0,0,0,64.0,64237.0,0,0,0,54,eth:ethertype:ip:tcp,,,,,,,,,,,0.0,Normal,0.0
1744301919857852,10.42.0.1,10.42.0.149,1883,54267,1,33,0,1,0,0,0,0,0,0,0,0,0,0.0,0,,0,0,,0,0,0,0,0,0,0,0,0.0,0,0,0,0,0,64.0,64208.0,0,0,0,54,eth:ethertype:ip:tcp,,,,,,,,,,,0.0,Normal,0.0
1744301919860978,10.42.0.1,10.42.0.149,1883,54267,1,45,0,1,0,0,0,0,0,0,0,0,0,0.0,0,,0,0,,0,0,0,0,0,0,0,0,0.0,0,0,0,0,0,64.0,64196.0,0,0,0,54,eth:ethertype:ip:tcp,,,,,,,,,,,0.0,Normal,0.0
1744301919861323,10.42.0.1,10.42.0.149,1883,54267,1,45,0,1,0,0,1,0,4,0,0,0,0,0.0,0,,0,2,,0,0,0,0,2,0,0,0,0.0,0x00,0,0,0,0,64.0,64196.0,0,0,0,58,eth:ethertype:ip:tcp:mqtt,,,,,,,,,,,0.0,Normal,0.0
1744301919898875,10.42.0.1,10.42.0.149,1883,54267,5,231,0,1,0,0,0,0,0,0,0,0,0,0.0,0,,0,0,,0,0,0,0,0,0,0,0,0.0,0,0,0,0,0,64.0,64010.0,0,0,0,54,eth:ethertype:ip:tcp,,,,,,,,,,,0.0,Normal,0.0
1744301919898910,10.42.0.1,10.42.0.149,1883,54267,5,231,0,1,1,0,0,0,0,0,0,0,0,0.0,0,,0,0,,0,0,0,0,0,0,0,0,0.0,0,0,0,0,0,64.0,64010.0,0,0,0,54,eth:ethertype:ip:tcp,,,,,,,,,,,0.0,Normal,0.0
1744301920431407,10.42.0.1,10.42.0.139,1883,49945,0,1,1,1,0,0,0,0,0,0,0,0,0,0.0,0,,0,0,,0,0,0,0,0,0,0,0,0.0,0,0,0,0,0,64.0,64240.0,0,0,0,58,eth:ethertype:ip:tcp,,,,,,,,,,,0.0,Normal,0.0
1744301920437879,10.42.0.1,10.42.0.139,1883,49945,1,4,0,1,0,0,0,0,0,0,0,0,0,0.0,0,,0,0,,0,0,0,0,0,0,0,0,0.0,0,0,0,0,0,64.0,64237.0,0,0,0,54,eth:ethertype:ip:tcp,,,,,,,,,,,0.0,Normal,0.0
1744301920443523,10.42.0.1,10.42.0.139,1883,49945,1,45,0,1,0,0,0,0,0,0,0,0,0,0.0,0,,0,0,,0,0,0,0,0,0,0,0,0.0,0,0,0,0,0,64.0,64196.0,0,0,0,54,eth:ethertype:ip:tcp,,,,,,,,,,,0.0,Normal,0.0
1744301920443846,10.42.0.1,10.42.0.139,1883,49945,1,45,0,1,0,0,1,0,4,0,0,0,0,0.0,0,,0,2,,0,0,0,0,2,0,0,0,0.0,0x00,0,0,0,0,64.0,64196.0,0,0,0,58,eth:ethertype:ip:tcp:mqtt,,,,,,,,,,,0.0,Normal,0.0
1744301920488945,10.42.0.1,10.42.0.139,1883,49945,5,234,0,1,0,0,0,0,0,0,0,0,0,0.0,0,,0,0,,0,0,0,0,0,0,0,0,0.0,0,0,0,0,0,64.0,64007.0,0,0,0,54,eth:ethertype:ip:tcp,,,,,,,,,,,0.0,Normal,0.0
1744301920488984,10.42.0.1,10.42.0.139,1883,49945,5,234,0,1,1,0,0,0,0,0,0,0,0,0.0,0,,0,0,,0,0,0,0,0,0,0,0,0.0,0,0,0,0,0,64.0,64007.0,0,0,0,54,eth:ethertype:ip:tcp,,,,,,,,,,,0.0,Normal,0.0
1744301934848400,10.42.0.1,10.42.0.3,1883,54267,0,1,1,1,0,0,0,0,0,0,0,0,0,0.0,0,,0,0,,0,0,0,0,0,0,0,0,0.0,0,0,0,0,0,64.0,64240.0,0,0,0,58,eth:ethertype:ip:tcp,,,,,,,,,,,0.0,Normal,0.0
1744301934854507,10.42.0.1,10.42.0.3,1883,54267,1,4,0,1,0,0,0,0,0,0,0,0,0,0.0,0,,0,0,,0,0,0,0,0,0,0,0,0.0,0,0,0,0,0,64.0,64237.0,0,0,0,54,eth:ethertype:ip:tcp,,,,,,,,,,,0.0,Normal,0.0
1744301934857852,10.42.0.1,10.42.0.3,1883,54267,1,33,0,1,0,0,0,0,0,0,0,0,0,0.0,0,,0,0,,0,0,0,0,0,0,0,0,0.0,0,0,0,0,0,64.0,64208.0,0,0,0,54,eth:ethertype:ip:tcp,,,,,,,,,,,0.0,Normal,0.0
1744301934860978,10.42.0.1,10.42.0.3,1883,54267,1,45,0,1,0,0,0,0,0,0,0,0,0,0.0,0,,0,0,,0,0,0,0,0,0,0,0,0.0,0,0,0,0,0,64.0,64196.0,0,0,0,54,eth:ethertype:ip:tcp,,,,,,,,,,,0.0,Normal,0.0
1744301934861323,10.42.0.1,10.42.0.3,1883,54267,1,45,0,1,0,0,1,0,4,0,0,0,0,0.0,0,,0,2,,0,0,0,0,2,0,0,0,0.0,0x00,0,0,0,0,64.0,64196.0,0,0,0,58,eth:ethertype:ip:tcp:mqtt,,,,,,,,,,,0.0,Normal,0.0
1744301934898875,10.42.0.1,10.42.0.3,1883,54267,5,231,0,1,0,0,0,0,0,0,0,0,0,0.0,0,,0,0,,0,0,0,0,0,0,0,0,0.0,0,0,0,0,0,64.0,64010.0,0,0,0,54,eth:ethertype:ip:tcp,,,,,,,,,,,0.0,Normal,0.0
1744301934898910,10.42.0.1,10.42.0.3,1883,54267,5,231,0,1,1,0,0,0,0,0,0,0,0,0.0,0,,0,0,,0,0,0,0,0,0,0,0,0.0,0,0,0,0,0,64.0,64010.0,0,0,0,54,eth:ethertype:ip:tcp,,,,,,,,,,,0.0,Normal,0.0
1744301935431407,10.42.0.1,10.42.0.2,1883,49945,0,1,1,1,0,0,0,0,0,0,0,0,0,0.0,0,,0,0,,0,0,0,0,0,0,0,0,0.0,0,0,0,0,0,64.0,64240.0,0,0,0,58,eth:ethertype:ip:tcp,,,,,,,,,,,0.0,Normal,0.0
1744301935437879,10.42.0.1,10.42.0.2,1883,49945,1,4,0,1,0,0,0,0,0,0,0,0,0,0.0,0,,0,0,,0,0,0,0,0,0,0,0,0.0,0,0,0,0,0,64.0,64237.0,0,0,0,54,eth:ethertype:ip:tcp,,,,,,,,,,,0.0,Normal,0.0
1744301935443523,10.42.0.1,10.42.0.2,1883,49945,1,45,0,1,0,0,0,0,0,0,0,0,0,0.0,0,,0,0,,0,0,0,0,0,0,0,0,0.0,0,0,0,0,0,64.0,64196.0,0,0,0,54,eth:ethertype:ip:tcp,,,,,,,,,,,0.0,Normal,0.0
1744301935443846,10.42.0.1,10.42.0.2,1883,49945,1,45,0,1,0,0,1,0,4,0,0,0,0,0.0,0,,0,2,,0,0,0,0,2,0,0,0,0.0,0x00,0,0,0,0,64.0,64196.0,0,0,0,58,eth:ethertype:ip:tcp:mqtt,,,,,,,,,,,0.0,Normal,0.0
1744301935488945,10.42.0.1,10.42.0.2,1883,49945,5,234,0,1,0,0,0,0,0,0,0,0,0,0.0,0,,0,0,,0,0,0,0,0,0,0,0,0.0,0,0,0,0,0,64.0,64007.0,0,0,0,54,eth:ethertype:ip:tcp,,,,,,,,,,,0.0,Normal,0.0
1744301935488984,10.42.0.1,10.42.0.2,1883,49945,5,234,0,1,1,0,0,0,0,0,0,0,0,0.0,0,,0,0,,0,0,0,0,0,0,0,0,0.0,0,0,0,0,0,64.0,64007.0,0,0,0,54,eth:ethertype:ip:tcp,,,,,,,,,,,0.0,Normal,0.0
1744301949911334,10.42.0.1,10.42.0.149,1883,54268,0,1,1,1,0,0,0,0,0,0,0,0,0,0.0,0,,0,0,,0,0,0,0,0,0,0,0,0.0,0,0,0,0,0,64.0,64240.0,0,0,0,58,eth:ethertype:ip:tcp,,,,,,,,,,,0.0,Normal,0.0
1744301949917223,10.42.0.1,10.42.0.149,1883,54268,1,4,0,1,0,0,0,0,0,0,0,0,0,0.0,0,,0,0,,0,0,0,0,0,0,0,0,0.0,0,0,0,0,0,64.0,64237.0,0,0,0,54,eth:ethertype:ip:tcp,,,,,,,,,,,0.0,Normal,0.0
1744301949920642,10.42.0.1,10.42.0.149,1883,54268,1,33,0,1,0,0,0,0,0,0,0,0,0,0.0,0,,0,0,,0,0,0,0,0,0,0,0,0.0,0,0,0,0,0,64.0,64208.0,0,0,0,54,eth:ethertype:ip:tcp,,,,,,,,,,,0.0,Normal,0.0
1744301949924742,10.42.0.1,10.42.0.149,1883,54268,1,45,0,1,0,0,0,0,0,0,0,0,0,0.0,0,,0,0,,0,0,0,0,0,0,0,0,0.0,0,0,0,0,0,64.0,64196.0,0,0,0,54,eth:ethertype:ip:tcp,,,,,,,,,,,0.0,Normal,0.0
1744301949925117,10.42.0.1,10.42.0.149,1883,54268,1,45,0,1,0,0,1,0,4,0,0,0,0,0.0,0,,0,2,,0,0,0,0,2,0,0,0,0.0,0x00,0,0,0,0,64.0,64196.0,0,0,0,58,eth:ethertype:ip:tcp:mqtt,,,,,,,,,,,0.0,Normal,0.0
1744301949968143,10.42.0.1,10.42.0.149,1883,54268,5,231,0,1,0,0,0,0,0,0,0,0,0,0.0,0,,0,0,,0,0,0,0,0,0,0,0,0.0,0,0,0,0,0,64.0,64010.0,0,0,0,54,eth:ethertype:ip:tcp,,,,,,,,,,,0.0,Normal,0.0
1744301949968176,10.42.0.1,10.42.0.149,1883,54268,5,231,0,1,1,0,0,0,0,0,0,0,0,0.0,0,,0,0,,0,0,0,0,0,0,0,0,0.0,0,0,0,0,0,64.0,64010.0,0,0,0,54,eth:ethertype:ip:tcp,,,,,,,,,,,0.0,Normal,0.0
1744301950498059,10.42.0.1,10.42.0.139,1883,49946,0,1,1,1,0,0,0,0,0,0,0,0,0,0.0,0,,0,0,,0,0,0,0,0,0,0,0,0.0,0,0,0,0,0,64.0,64240.0,0,0,0,58,eth:ethertype:ip:tcp,,,,,,,,,,,0.0,Normal,0.0
1744301950504124,10.42.0.1,10.42.0.139,1883,49946,1,4,0,1,0,0,0,0,0,0,0,0,0,0.0,0,,0,0,,0,0,0,0,0,0,0,0,0.0,0,0,0,0,0,64.0,64237.0,0,0,0,54,eth:ethertype:ip:tcp,,,,,,,,,,,0.0,Normal,0.0
1744301950507496,10.42.0.1,10.42.0.139,1883,49946,1,33,0,1,0,0,0,0,0,0,0,0,0,0.0,0,,0,0,,0,0,0,0,0,0,0,0,0.0,0,0,0,0,0,64.0,64208.0,0,0,0,54,eth:ethertype:ip:tcp,,,,,,,,,,,0.0,Normal,0.0
1744301950510557,10.42.0.1,10.42.0.139,1883,49946,1,45,0,1,0,0,0,0,0,0,0,0,0,0.0,0,,0,0,,0,0,0,0,0,0,0,0,0.0,0,0,0,0,0,64.0,64196.0,0,0,0,54,eth:ethertype:ip:tcp,,,,,,,,,,,0.0,Normal,0.0
1744301950510894,10.42.0.1,10.42.0.139,1883,49946,1,45,0,1,0,0,1,0,4,0,0,0,0,0.0,0,,0,2,,0,0,0,0,2,0,0,0,0.0,0x00,0,0,0,0,64.0,64196.0,0,0,0,58,eth:ethertype:ip:tcp:mqtt,,,,,,,,,,,0.0,Normal,0.0
1744301950558589,10.42.0.1,10.42.0.139,1883,49946,5,234,0,1,0,0,0,0,0,0,0,0,0,0.0,0,,0,0,,0,0,0,0,0,0,0,0,0.0,0,0,0,0,0,64.0,64007.0,0,0,0,54,eth:ethertype:ip:tcp,,,,,,,,,,,0.0,Normal,0.0
1744301950558629,10.42.0.1,10.42.0.139,1883,49946,5,234,0,1,1,0,0,0,0,0,0,0,0,0.0,0,,0,0,,0,0,0,0,0,0,0,0,0.0,0,0,0,0,0,64.0,64007.0,0,0,0,54,eth:ethertype:ip:tcp,,,,,,,,,,,0.0,Normal,0.0
1744301964911334,10.42.0.1,10.42.0.3,1883,54268,0,1,1,1,0,0,0,0,0,0,0,0,0,0.0,0,,0,0,,0,0,0,0,0,0,0,0,0.0,0,0,0,0,0,64.0,64240.0,0,0,0,58,eth:ethertype:ip:tcp,,,,,,,,,,,0.0,Normal,0.0
1744301964917223,10.42.0.1,10.42.0.3,1883,54268,1,4,0,1,0,0,0,0,0,0,0,0,0,0.0,0,,0,0,,0,0,0,0,0,0,0,0,0.0,0,0,0,0,0,64.0,64237.0,0,0,0,54,eth:ethertype:ip:tcp,,,,,,,,,,,0.0,Normal,0.0
1744301964920642,10.42.0.1,10.42.0.3,1883,54268,1,33,0,1,0,0,0,0,0,0,0,0,0,0.0,0,,0,0,,0,0,0,0,0,0,0,0,0.0,0,0,0,0,0,64.0,64208.0,0,0,0,54,eth:ethertype:ip:tcp,,,,,,,,,,,0.0,Normal,0.0
1744301964924742,10.42.0.1,10.42.0.3,1883,54268,1,45,0,1,0,0,0,0,0,0,0,0,0,0.0,0,,0,0,,0,0,0,0,0,0,0,0,0.0,0,0,0,0,0,64.0,64196.0,0,0,0,54,eth:ethertype:ip:tcp,,,,,,,,,,,0.0,Normal,0.0
1744301964925117,10.42.0.1,10.42.0.3,1883,54268,1,45,0,1,0,0,1,0,4,0,0,0,0,0.0,0,,0,2,,0,0,0,0,2,0,0,0,0.0,0x00,0,0,0,0,64.0,64196.0,0,0,0,58,eth:ethertype:ip:tcp:mqtt,,,,,,,,,,,0.0,Normal,0.0
1744301964968143,10.42.0.1,10.42.0.3,1883,54268,5,231,0,1,0,0,0,0,0,0,0,0,0,0.0,0,,0,0,,0,0,0,0,0,0,0,0,0.0,0,0,0,0,0,64.0,64010.0,0,0,0,54,eth:ethertype:ip:tcp,,,,,,,,,,,0.0,Normal,0.0
1744301964968176,10.42.0.1,10.42.0.3,1883,54268,5,231,0,1,1,0,0,0,0,0,0,0,0,0.0,0,,0,0,,0,0,0,0,0,0,0,0,0.0,0,0,0,0,0,64.0,64010.0,0,0,0,54,eth:ethertype:ip:tcp,,,,,,,,,,,0.0,Normal,0.0
1744301965498059,10.42.0.1,10.42.0.2,1883,49946,0,1,1,1,0,0,0,0,0,0,0,0,0,0.0,0,,0,0,,0,0,0,0,0,0,0,0,0.0,0,0,0,0,0,64.0,64240.0,0,0,0,58,eth:ethertype:ip:tcp,,,,,,,,,,,0.0,Normal,0.0
1744301965504124,10.42.0.1,10.42.0.2,1883,49946,1,4,0,1,0,0,0,0,0,0,0,0,0,0.0,0,,0,0,,0,0,0,0,0,0,0,0,0.0,0,0,0,0,0,64.0,64237.0,0,0,0,54,eth:ethertype:ip:tcp,,,,,,,,,,,0.0,Normal,0.0
1744301965507496,10.42.0.1,10.42.0.2,1883,49946,1,33,0,1,0,0,0,0,0,0,0,0,0,0.0,0,,0,0,,0,0,0,0,0,0,0,0,0.0,0,0,0,0,0,64.0,64208.0,0,0,0,54,eth:ethertype:ip:tcp,,,,,,,,,,,0.0,Normal,0.0
1744301965510557,10.42.0.1,10.42.0.2,1883,49946,1,45,0,1,0,0,0,0,0,0,0,0,0,0.0,0,,0,0,,0,0,0,0,0,0,0,0,0.0,0,0,0,0,0,64.0,64196.0,0,0,0,54,eth:ethertype:ip:tcp,,,,,,,,,,,0.0,Normal,0.0
1744301965510894,10.42.0.1,10.42.0.2,1883,49946,1,45,0,1,0,0,1,0,4,0,0,0,0,0.0,0,,0,2,,0,0,0,0,2,0,0,0,0.0,0x00,0,0,0,0,64.0,64196.0,0,0,0,58,eth:ethertype:ip:tcp:mqtt,,,,,,,,,,,0.0,Normal,0.0
1744301965558589,10.42.0.1,10.42.0.2,1883,49946,5,234,0,1,0,0,0,0,0,0,0,0,0,0.0,0,,0,0,,0,0,0,0,0,0,0,0,0.0,0,0,0,0,0,64.0,64007.0,0,0,0,54,eth:ethertype:ip:tcp,,,,,,,,,,,0.0,Normal,0.0
1744301965558629,10.42.0.1,10.42.0.2,1883,49946,5,234,0,1,1,0,0,0,0,0,0,0,0,0.0,0,,0,0,,0,0,0,0,0,0,0,0,0.0,0,0,0,0,0,64.0,64007.0,0,0,0,54,eth:ethertype:ip:tcp,,,,,,,,,,,0.0,Normal,0.0
1744301979977203,10.42.0.1,10.42.0.149,1883,54269,0,1,1,1,0,0,0,0,0,0,0,0,0,0.0,0,,0,0,,0,0,0,0,0,0,0,0,0.0,0,0,0,0,0,64.0,64240.0,0,0,0,58,eth:ethertype:ip:tcp,,,,,,,,,,,0.0,Normal,0.0
1744301979983947,10.42.0.1,10.42.0.149,1883,54269,1,4,0,1,0,0,0,0,0,0,0,0,0,0.0,0,,0,0,,0,0,0,0,0,0,0,0,0.0,0,0,0,0,0,64.0,64237.0,0,0,0,54,eth:ethertype:ip:tcp,,,,,,,,,,,0.0,Normal,0.0
1744301979987391,10.42.0.1,10.42.0.149,1883,54269,1,33,0,1,0,0,0,0,0,0,0,0,0,0.0,0,,0,0,,0,0,0,0,0,0,0,0,0.0,0,0,0,0,0,64.0,64208.0,0,0,0,54,eth:ethertype:ip:tcp,,,,,,,,,,,0.0,Normal,0.0
1744301979991504,10.42.0.1,10.42.0.149,1883,54269,1,45,0,1,0,0,0,0,0,0,0,0,0,0.0,0,,0,0,,0,0,0,0,0,0,0,0,0.0,0,0,0,0,0,64.0,64196.0,0,0,0,54,eth:ethertype:ip:tcp,,,,,,,,,,,0.0,Normal,0.0
1744301979991861,10.42.0.1,10.42.0.149,1883,54269,1,45,0,1,0,0,1,0,4,0,0,0,0,0.0,0,,0,2,,0,0,0,0,2,0,0,0,0.0,0x00,0,0,0,0,64.0,64196.0,0,0,0,58,eth:ethertype:ip:tcp:mqtt,,,,,,,,,,,0.0,Normal,0.0
1744301980027827,10.42.0.1,10.42.0.149,1883,54269,5,231,0,1,0,0,0,0,0,0,0,0,0,0.0,0,,0,0,,0,0,0,0,0,0,0,0,0.0,0,0,0,0,0,64.0,64010.0,0,0,0,54,eth:ethertype:ip:tcp,,,,,,,,,,,0.0,Normal,0.0
1744301980027856,10.42.0.1,10.42.0.149,1883,54269,5,231,0,1,1,0,0,0,0,0,0,0,0,0.0,0,,0,0,,0,0,0,0,0,0,0,0,0.0,0,0,0,0,0,64.0,64010.0,0,0,0,54,eth:ethertype:ip:tcp,,,,,,,,,,,0.0,Normal,0.0
1744301980567231,10.42.0.1,10.42.0.139,1883,49947,0,1,1,1,0,0,0,0,0,0,0,0,0,0.0,0,,0,0,,0,0,0,0,0,0,0,0,0.0,0,0,0,0,0,64.0,64240.0,0,0,0,58,eth:ethertype:ip:tcp,,,,,,,,,,,0.0,Normal,0.0
1744301980573213,10.42.0.1,10.42.0.139,1883,49947,1,4,0,1,0,0,0,0,0,0,0,0,0,0.0,0,,0,0,,0,0,0,0,0,0,0,0,0.0,0,0,0,0,0,64.0,64237.0,0,0,0,54,eth:ethertype:ip:tcp,,,,,,,,,,,0.0,Normal,0.0
1744301980576688,10.42.0.1,10.42.0.139,1883,49947,1,33,0,1,0,0,0,0,0,0,0,0,0,0.0,0,,0,0,,0,0,0,0,0,0,0,0,0.0,0,0,0,0,0,64.0,64208.0,0,0,0,54,eth:ethertype:ip:tcp,,,,,,,,,,,0.0,Normal,0.0
1744301980579625,10.42.0.1,10.42.0.139,1883,49947,1,45,0,1,0,0,0,0,0,0,0,0,0,0.0,0,,0,0,,0,0,0,0,0,0,0,0,0.0,0,0,0,0,0,64.0,64196.0,0,0,0,54,eth:ethertype:ip:tcp,,,,,,,,,,,0.0,Normal,0.0
1744301980579967,10.42.0.1,10.42.0.139,1883,49947,1,45,0,1,0,0,1,0,4,0,0,0,0,0.0,0,,0,2,,0,0,0,0,2,0,0,0,0.0,0x00,0,0,0,0,64.0,64196.0,0,0,0,58,eth:ethertype:ip:tcp:mqtt,,,,,,,,,,,0.0,Normal,0.0
1744301980627713,10.42.0.1,10.42.0.139,1883,49947,5,234,0,1,0,0,0,0,0,0,0,0,0,0.0,0,,0,0,,0,0,0,0,0,0,0,0,0.0,0,0,0,0,0,64.0,64007.0,0,0,0,54,eth:ethertype:ip:tcp,,,,,,,,,,,0.0,Normal,0.0
1744301980627746,10.42.0.1,10.42.0.139,1883,49947,5,234,0,1,1,0,0,0,0,0,0,0,0,0.0,0,,0,0,,0,0,0,0,0,0,0,0,0.0,0,0,0,0,0,64.0,64007.0,0,0,0,54,eth:ethertype:ip:tcp,,,,,,,,,,,0.0,Normal,0.0
1744301994977203,10.42.0.1,10.42.0.3,1883,54269,0,1,1,1,0,0,0,0,0,0,0,0,0,0.0,0,,0,0,,0,0,0,0,0,0,0,0,0.0,0,0,0,0,0,64.0,64240.0,0,0,0,58,eth:ethertype:ip:tcp,,,,,,,,,,,0.0,Normal,0.0
1744301994983947,10.42.0.1,10.42.0.3,1883,54269,1,4,0,1,0,0,0,0,0,0,0,0,0,0.0,0,,0,0,,0,0,0,0,0,0,0,0,0.0,0,0,0,0,0,64.0,64237.0,0,0,0,54,eth:ethertype:ip:tcp,,,,,,,,,,,0.0,Normal,0.0
1744301994987391,10.42.0.1,10.42.0.3,1883,54269,1,33,0,1,0,0,0,0,0,0,0,0,0,0.0,0,,0,0,,0,0,0,0,0,0,0,0,0.0,0,0,0,0,0,64.0,64208.0,0,0,0,54,eth:ethertype:ip:tcp,,,,,,,,,,,0.0,Normal,0.0
1744301994991504,10.42.0.1,10.42.0.3,1883,54269,1,45,0,1,0,0,0,0,0,0,0,0,0,0.0,0,,0,0,,0,0,0,0,0,0,0,0,0.0,0,0,0,0,0,64.0,64196.0,0,0,0,54,eth:ethertype:ip:tcp,,,,,,,,,,,0.0,Normal,0.0
1744301994991861,10.42.0.1,10.42.0.3,1883,54269,1,45,0,1,0,0,1,0,4,0,0,0,0,0.0,0,,0,2,,0,0,0,0,2,0,0,0,0.0,0x00,0,0,0,0,64.0,64196.0,0,0,0,58,eth:ethertype:ip:tcp:mqtt,,,,,,,,,,,0.0,Normal,0.0
1744301995027827,10.42.0.1,10.42.0.3,1883,54269,5,231,0,1,0,0,0,0,0,0,0,0,0,0.0,0,,0,0,,0,0,0,0,0,0,0,0,0.0,0,0,0,0,0,64.0,64010.0,0,0,0,54,eth:ethertype:ip:tcp,,,,,,,,,,,0.0,Normal,0.0
1744301995027856,10.42.0.1,10.42.0.3,1883,54269,5,231,0,1,1,0,0,0,0,0,0,0,0,0.0,0,,0,0,,0,0,0,0,0,0,0,0,0.0,0,0,0,0,0,64.0,64010.0,0,0,0,54,eth:ethertype:ip:tcp,,,,,,,,,,,0.0,Normal,0.0
1744301995567231,10.42.0.1,10.42.0.2,1883,49947,0,1,1,1,0,0,0,0,0,0,0,0,0,0.0,0,,0,0,,0,0,0,0,0,0,0,0,0.0,0,0,0,0,0,64.0,64240.0,0,0,0,58,eth:ethertype:ip:tcp,,,,,,,,,,,0.0,Normal,0.0
1744301995573213,10.42.0.1,10.42.0.2,1883,49947,1,4,0,1,0,0,0,0,0,0,0,0,0,0.0,0,,0,0,,0,0,0,0,0,0,0,0,0.0,0,0,0,0,0,64.0,64237.0,0,0,0,54,eth:ethertype:ip:tcp,,,,,,,,,,,0.0,Normal,0.0
1744301995576688,10.42.0.1,10.42.0.2,1883,49947,1,33,0,1,0,0,0,0,0,0,0,0,0,0.0,0,,0,0,,0,0,0,0,0,0,0,0,0.0,0,0,0,0,0,64.0,64208.0,0,0,0,54,eth:ethertype:ip:tcp,,,,,,,,,,,0.0,Normal,0.0
1744301995579625,10.42.0.1,10.42.0.2,1883,49947,1,45,0,1,0,0,0,0,0,0,0,0,0,0.0,0,,0,0,,0,0,0,0,0,0,0,0,0.0,0,0,0,0,0,64.0,64196.0,0,0,0,54,eth:ethertype:ip:tcp,,,,,,,,,,,0.0,Normal,0.0
1744301995579967,10.42.0.1,10.42.0.2,1883,49947,1,45,0,1,0,0,1,0,4,0,0,0,0,0.0,0,,0,2,,0,0,0,0,2,0,0,0,0.0,0x00,0,0,0,0,64.0,64196.0,0,0,0,58,eth:ethertype:ip:tcp:mqtt,,,,,,,,,,,0.0,Normal,0.0
1744301995627713,10.42.0.1,10.42.0.2,1883,49947,5,234,0,1,0,0,0,0,0,0,0,0,0,0.0,0,,0,0,,0,0,0,0,0,0,0,0,0.0,0,0,0,0,0,64.0,64007.0,0,0,0,54,eth:ethertype:ip:tcp,,,,,,,,,,,0.0,Normal,0.0
1744301995627746,10.42.0.1,10.42.0.2,1883,49947,5,234,0,1,1,0,0,0,0,0,0,0,0,0.0,0,,0,0,,0,0,0,0,0,0,0,0,0.0,0,0,0,0,0,64.0,64007.0,0,0,0,54,eth:ethertype:ip:tcp,,,,,,,,,,,0.0,Normal,0.0
1744302010037236,10.42.0.1,10.42.0.149,1883,54270,0,1,1,1,0,0,0,0,0,0,0,0,0,0.0,0,,0,0,,0,0,0,0,0,0,0,0,0.0,0,0,0,0,0,64.0,64240.0,0,0,0,58,eth:ethertype:ip:tcp,,,,,,,,,,,0.0,Normal,0.0
1744302010044540,10.42.0.1,10.42.0.149,1883,54270,1,4,0,1,0,0,0,0,0,0,0,0,0,0.0,0,,0,0,,0,0,0,0,0,0,0,0,0.0,0,0,0,0,0,64.0,64237.0,0,0,0,54,eth:ethertype:ip:tcp,,,,,,,,,,,0.0,Normal,0.0
1744302010048217,10.42.0.1,10.42.0.149,1883,54270,1,33,0,1,0,0,0,0,0,0,0,0,0,0.0,0,,0,0,,0,0,0,0,0,0,0,0,0.0,0,0,0,0,0,64.0,64208.0,0,0,0,54,eth:ethertype:ip:tcp,,,,,,,,,,,0.0,Normal,0.0
1744302010051241,10.42.0.1,10.42.0.149,1883,54270,1,45,0,1,0,0,0,0,0,0,0,0,0,0.0,0,,0,0,,0,0,0,0,0,0,0,0,0.0,0,0,0,0,0,64.0,64196.0,0,0,0,54,eth:ethertype:ip:tcp,,,,,,,,,,,0.0,Normal,0.0
1744302010051583,10.42.0.1,10.42.0.149,1883,54270,1,45,0,1,0,0,1,0,4,0,0,0,0,0.0,0,,0,2,,0,0,0,0,2,0,0,0,0.0,0x00,0,0,0,0,64.0,64196.0,0,0,0,58,eth:ethertype:ip:tcp:mqtt,,,,,,,,,,,0.0,Normal,0.0
1744302010086919,10.42.0.1,10.42.0.149,1883,54270,5,231,0,1,0,0,0,0,0,0,0,0,0,0.0,0,,0,0,,0,0,0,0,0,0,0,0,0.0,0,0,0,0,0,64.0,64010.0,0,0,0,54,eth:ethertype:ip:tcp,,,,,,,,,,,0.0,Normal,0.0
1744302010086954,10.42.0.1,10.42.0.149,1883,54270,5,231,0,1,1,0,0,0,0,0,0,0,0,0.0,0,,0,0,,0,0,0,0,0,0,0,0,0.0,0,0,0,0,0,64.0,64010.0,0,0,0,54,eth:ethertype:ip:tcp,,,,,,,,,,,0.0,Normal,0.0
1744302010635732,10.42.0.1,10.42.0.139,1883,49948,0,1,1,1,0,0,0,0,0,0,0,0,0,0.0,0,,0,0,,0,0,0,0,0,0,0,0,0.0,0,0,0,0,0,64.0,64240.0,0,0,0,58,eth:ethertype:ip:tcp,,,,,,,,,,,0.0,Normal,0.0
1744302010641665,10.42.0.1,10.42.0.139,1883,49948,1,4,0,1,0,0,0,0,0,0,0,0,0,0.0,0,,0,0,,0,0,0,0,0,0,0,0,0.0,0,0,0,0,0,64.0,64237.0,0,0,0,54,eth:ethertype:ip:tcp,,,,,,,,,,,0.0,Normal,0.0
1744302010645116,10.42.0.1,10.42.0.139,1883,49948,1,33,0,1,0,0,0,0,0,0,0,0,0,0.0,0,,0,0,,0,0,0,0,0,0,0,0,0.0,0,0,0,0,0,64.0,64208.0,0,0,0,54,eth:ethertype:ip:tcp,,,,,,,,,,,0.0,Normal,0.0
1744302010648199,10.42.0.1,10.42.0.139,1883,49948,1,45,0,1,0,0,0,0,0,0,0,0,0,0.0,0,,0,0,,0,0,0,0,0,0,0,0,0.0,0,0,0,0,0,64.0,64196.0,0,0,0,54,eth:ethertype:ip:tcp,,,,,,,,,,,0.0,Normal,0.0
1744302010648452,10.42.0.1,10.42.0.139,1883,49948,1,45,0,1,0,0,1,0,4,0,0,0,0,0.0,0,,0,2,,0,0,0,0,2,0,0,0,0.0,0x00,0,0,0,0,64.0,64196.0,0,0,0,58,eth:ethertype:ip:tcp:mqtt,,,,,,,,,,,0.0,Normal,0.0
1744302010706923,10.42.0.1,10.42.0.139,1883,49948,5,234,0,1,0,0,0,0,0,0,0,0,0,0.0,0,,0,0,,0,0,0,0,0,0,0,0,0.0,0,0,0,0,0,64.0,64007.0,0,0,0,54,eth:ethertype:ip:tcp,,,,,,,,,,,0.0,Normal,0.0
1744302010706964,10.42.0.1,10.42.0.139,1883,49948,5,234,0,1,1,0,0,0,0,0,0,0,0,0.0,0,,0,0,,0,0,0,0,0,0,0,0,0.0,0,0,0,0,0,64.0,64007.0,0,0,0,54,eth:ethertype:ip:tcp,,,,,,,,,,,0.0,Normal,0.0
1744302025037236,10.42.0.1,10.42.0.3,1883,54270,0,1,1,1,0,0,0,0,0,0,0,0,0,0.0,0,,0,0,,0,0,0,0,0,0,0,0,0.0,0,0,0,0,0,64.0,64240.0,0,0,0,58,eth:ethertype:ip:tcp,,,,,,,,,,,0.0,Normal,0.0
1744302025044540,10.42.0.1,10.42.0.3,1883,54270,1,4,0,1,0,0,0,0,0,0,0,0,0,0.0,0,,0,0,,0,0,0,0,0,0,0,0,0.0,0,0,0,0,0,64.0,64237.0,0,0,0,54,eth:ethertype:ip:tcp,,,,,,,,,,,0.0,Normal,0.0
1744302025048217,10.42.0.1,10.42.0.3,1883,54270,1,33,0,1,0,0,0,0,0,0,0,0,0,0.0,0,,0,0,,0,0,0,0,0,0,0,0,0.0,0,0,0,0,0,64.0,64208.0,0,0,0,54,eth:ethertype:ip:tcp,,,,,,,,,,,0.0,Normal,0.0
1744302025051241,10.42.0.1,10.42.0.3,1883,54270,1,45,0,1,0,0,0,0,0,0,0,0,0,0.0,0,,0,0,,0,0,0,0,0,0,0,0,0.0,0,0,0,0,0,64.0,64196.0,0,0,0,54,eth:ethertype:ip:tcp,,,,,,,,,,,0.0,Normal,0.0
1744302025051583,10.42.0.1,10.42.0.3,1883,54270,1,45,0,1,0,0,1,0,4,0,0,0,0,0.0,0,,0,2,,0,0,0,0,2,0,0,0,0.0,0x00,0,0,0,0,64.0,64196.0,0,0,0,58,eth:ethertype:ip:tcp:mqtt,,,,,,,,,,,0.0,Normal,0.0
1744302025086919,10.42.0.1,10.42.0.3,1883,54270,5,231,0,1,0,0,0,0,0,0,0,0,0,0.0,0,,0,0,,0,0,0,0,0,0,0,0,0.0,0,0,0,0,0,64.0,64010.0,0,0,0,54,eth:ethertype:ip:tcp,,,,,,,,,,,0.0,Normal,0.0
1744302025086954,10.42.0.1,10.42.0.3,1883,54270,5,231,0,1,1,0,0,0,0,0,0,0,0,0.0,0,,0,0,,0,0,0,0,0,0,0,0,0.0,0,0,0,0,0,64.0,64010.0,0,0,0,54,eth:ethertype:ip:tcp,,,,,,,,,,,0.0,Normal,0.0
1744302025635732,10.42.0.1,10.42.0.2,1883,49948,0,1,1,1,0,0,0,0,0,0,0,0,0,0.0,0,,0,0,,0,0,0,0,0,0,0,0,0.0,0,0,0,0,0,64.0,64240.0,0,0,0,58,eth:ethertype:ip:tcp,,,,,,,,,,,0.0,Normal,0.0
1744302025641665,10.42.0.1,10.42.0.2,1883,49948,1,4,0,1,0,0,0,0,0,0,0,0,0,0.0,0,,0,0,,0,0,0,0,0,0,0,0,0.0,0,0,0,0,0,64.0,64237.0,0,0,0,54,eth:ethertype:ip:tcp,,,,,,,,,,,0.0,Normal,0.0
1744302025645116,10.42.0.1,10.42.0.2,1883,49948,1,33,0,1,0,0,0,0,0,0,0,0,0,0.0,0,,0,0,,0,0,0,0,0,0,0,0,0.0,0,0,0,0,0,64.0,64208.0,0,0,0,54,eth:ethertype:ip:tcp,,,,,,,,,,,0.0,Normal,0.0
1744302025648199,10.42.0.1,10.42.0.2,1883,49948,1,45,0,1,0,0,0,0,0,0,0,0,0,0.0,0,,0,0,,0,0,0,0,0,0,0,0,0.0,0,0,0,0,0,64.0,64196.0,0,0,0,54,eth:ethertype:ip:tcp,,,,,,,,,,,0.0,Normal,0.0
1744302025648452,10.42.0.1,10.42.0.2,1883,49948,1,45,0,1,0,0,1,0,4,0,0,0,0,0.0,0,,0,2,,0,0,0,0,2,0,0,0,0.0,0x00,0,0,0,0,64.0,64196.0,0,0,0,58,eth:ethertype:ip:tcp:mqtt,,,,,,,,,,,0.0,Normal,0.0
1744302025706923,10.42.0.1,10.42.0.2,1883,49948,5,234,0,1,0,0,0,0,0,0,0,0,0,0.0,0,,0,0,,0,0,0,0,0,0,0,0,0.0,0,0,0,0,0,64.0,64007.0,0,0,0,54,eth:ethertype:ip:tcp,,,,,,,,,,,0.0,Normal,0.0
1744302025706964,10.42.0.1,10.42.0.2,1883,49948,5,234,0,1,1,0,0,0,0,0,0,0,0,0.0,0,,0,0,,0,0,0,0,0,0,0,0,0.0,0,0,0,0,0,64.0,64007.0,0,0,0,54,eth:ethertype:ip:tcp,,,,,,,,,,,0.0,Normal,0.0
1744302040095717,10.42.0.1,10.42.0.149,1883,54271,0,1,1,1,0,0,0,0,0,0,0,0,0,0.0,0,,0,0,,0,0,0,0,0,0,0,0,0.0,0,0,0,0,0,64.0,64240.0,0,0,0,58,eth:ethertype:ip:tcp,,,,,,,,,,,0.0,Normal,0.0
1744302040102449,10.42.0.1,10.42.0.149,1883,54271,1,4,0,1,0,0,0,0,0,0,0,0,0,0.0,0,,0,0,,0,0,0,0,0,0,0,0,0.0,0,0,0,0,0,64.0,64237.0,0,0,0,54,eth:ethertype:ip:tcp,,,,,,,,,,,0.0,Normal,0.0
1744302040107929,10.42.0.1,10.42.0.149,1883,54271,1,33,0,1,0,0,0,0,0,0,0,0,0,0.0,0,,0,0,,0,0,0,0,0,0,0,0,0.0,0,0,0,0,0,64.0,64208.0,0,0,0,54,eth:ethertype:ip:tcp,,,,,,,,,,,0.0,Normal,0.0
1744302040110758,10.42.0.1,10.42.0.149,1883,54271,1,45,0,1,0,0,0,0,0,0,0,0,0,0.0,0,,0,0,,0,0,0,0,0,0,0,0,0.0,0,0,0,0,0,64.0,64196.0,0,0,0,54,eth:ethertype:ip:tcp,,,,,,,,,,,0.0,Normal,0.0
1744302040111096,10.42.0.1,10.42.0.149,1883,54271,1,45,0,1,0,0,1,0,4,0,0,0,0,0.0,0,,0,2,,0,0,0,0,2,0,0,0,0.0,0x00,0,0,0,0,64.0,64196.0,0,0,0,58,eth:ethertype:ip:tcp:mqtt,,,,,,,,,,,0.0,Normal,0.0
1744302040147363,10.42.0.1,10.42.0.149,1883,54271,5,231,0,1,0,0,0,0,0,0,0,0,0,0.0,0,,0,0,,0,0,0,0,0,0,0,0,0.0,0,0,0,0,0,64.0,64010.0,0,0,0,54,eth:ethertype:ip:tcp,,,,,,,,,,,0.0,Normal,0.0
1744302040147431,10.42.0.1,10.42.0.149,1883,54271,5,231,0,1,1,0,0,0,0,0,0,0,0,0.0,0,,0,0,,0,0,0,0,0,0,0,0,0.0,0,0,0,0,0,64.0,64010.0,0,0,0,54,eth:ethertype:ip:tcp,,,,,,,,,,,0.0,Normal,0.0
1744302040715836,10.42.0.1,10.42.0.139,1883,49949,0,1,1,1,0,0,0,0,0,0,0,0,0,0.0,0,,0,0,,0,0,0,0,0,0,0,0,0.0,0,0,0,0,0,64.0,64240.0,0,0,0,58,eth:ethertype:ip:tcp,,,,,,,,,,,0.0,Normal,0.0
1744302040733009,10.42.0.1,10.42.0.139,1883,49949,1,4,0,1,0,0,0,0,0,0,0,0,0,0.0,0,,0,0,,0,0,0,0,0,0,0,0,0.0,0,0,0,0,0,64.0,64237.0,0,0,0,54,eth:ethertype:ip:tcp,,,,,,,,,,,0.0,Normal,0.0
1744302040735595,10.42.0.1,10.42.0.139,1883,49949,1,45,0,1,0,0,0,0,0,0,0,0,0,0.0,0,,0,0,,0,0,0,0,0,0,0,0,0.0,0,0,0,0,0,64.0,64196.0,0,0,0,54,eth:ethertype:ip:tcp,,,,,,,,,,,0.0,Normal,0.0
1744302040735995,10.42.0.1,10.42.0.139,1883,49949,1,45,0,1,0,0,1,0,4,0,0,0,0,0.0,0,,0,2,,0,0,0,0,2,0,0,0,0.0,0x00,0,0,0,0,64.0,64196.0,0,0,0,58,eth:ethertype:ip:tcp:mqtt,,,,,,,,,,,0.0,Normal,0.0
1744302040786338,10.42.0.1,10.42.0.139,1883,49949,5,234,0,1,0,0,0,0,0,0,0,0,0,0.0,0,,0,0,,0,0,0,0,0,0,0,0,0.0,0,0,0,0,0,64.0,64007.0,0,0,0,54,eth:ethertype:ip:tcp,,,,,,,,,,,0.0,Normal,0.0
1744302040786415,10.42.0.1,10.42.0.139,1883,49949,5,234,0,1,1,0,0,0,0,0,0,0,0,0.0,0,,0,0,,0,0,0,0,0,0,0,0,0.0,0,0,0,0,0,64.0,64007.0,0,0,0,54,eth:ethertype:ip:tcp,,,,,,,,,,,0.0,Normal,0.0
1744302055095717,10.42.0.1,10.42.0.3,1883,54271,0,1,1,1,0,0,0,0,0,0,0,0,0,0.0,0,,0,0,,0,0,0,0,0,0,0,0,0.0,0,0,0,0,0,64.0,64240.0,0,0,0,58,eth:ethertype:ip:tcp,,,,,,,,,,,0.0,Normal,0.0
1744302055102449,10.42.0.1,10.42.0.3,1883,54271,1,4,0,1,0,0,0,0,0,0,0,0,0,0.0,0,,0,0,,0,0,0,0,0,0,0,0,0.0,0,0,0,0,0,64.0,64237.0,0,0,0,54,eth:ethertype:ip:tcp,,,,,,,,,,,0.0,Normal,0.0
1744302055107929,10.42.0.1,10.42.0.3,1883,54271,1,33,0,1,0,0,0,0,0,0,0,0,0,0.0,0,,0,0,,0,0,0,0,0,0,0,0,0.0,0,0,0,0,0,64.0,64208.0,0,0,0,54,eth:ethertype:ip:tcp,,,,,,,,,,,0.0,Normal,0.0
1744302055110758,10.42.0.1,10.42.0.3,1883,54271,1,45,0,1,0,0,0,0,0,0,0,0,0,0.0,0,,0,0,,0,0,0,0,0,0,0,0,0.0,0,0,0,0,0,64.0,64196.0,0,0,0,54,eth:ethertype:ip:tcp,,,,,,,,,,,0.0,Normal,0.0
1744302055111096,10.42.0.1,10.42.0.3,1883,54271,1,45,0,1,0,0,1,0,4,0,0,0,0,0.0,0,,0,2,,0,0,0,0,2,0,0,0,0.0,0x00,0,0,0,0,64.0,64196.0,0,0,0,58,eth:ethertype:ip:tcp:mqtt,,,,,,,,,,,0.0,Normal,0.0
1744302055147363,10.42.0.1,10.42.0.3,1883,54271,5,231,0,1,0,0,0,0,0,0,0,0,0,0.0,0,,0,0,,0,0,0,0,0,0,0,0,0.0,0,0,0,0,0,64.0,64010.0,0,0,0,54,eth:ethertype:ip:tcp,,,,,,,,,,,0.0,Normal,0.0
1744302055147431,10.42.0.1,10.42.0.3,1883,54271,5,231,0,1,1,0,0,0,0,0,0,0,0,0.0,0,,0,0,,0,0,0,0,0,0,0,0,0.0,0,0,0,0,0,64.0,64010.0,0,0,0,54,eth:ethertype:ip:tcp,,,,,,,,,,,0.0,Normal,0.0
1744302055715836,10.42.0.1,10.42.0.2,1883,49949,0,1,1,1,0,0,0,0,0,0,0,0,0,0.0,0,,0,0,,0,0,0,0,0,0,0,0,0.0,0,0,0,0,0,64.0,64240.0,0,0,0,58,eth:ethertype:ip:tcp,,,,,,,,,,,0.0,Normal,0.0
1744302055733009,10.42.0.1,10.42.0.2,1883,49949,1,4,0,1,0,0,0,0,0,0,0,0,0,0.0,0,,0,0,,0,0,0,0,0,0,0,0,0.0,0,0,0,0,0,64.0,64237.0,0,0,0,54,eth:ethertype:ip:tcp,,,,,,,,,,,0.0,Normal,0.0
1744302055735595,10.42.0.1,10.42.0.2,1883,49949,1,45,0,1,0,0,0,0,0,0,0,0,0,0.0,0,,0,0,,0,0,0,0,0,0,0,0,0.0,0,0,0,0,0,64.0,64196.0,0,0,0,54,eth:ethertype:ip:tcp,,,,,,,,,,,0.0,Normal,0.0
1744302055735995,10.42.0.1,10.42.0.2,1883,49949,1,45,0,1,0,0,1,0,4,0,0,0,0,0.0,0,,0,2,,0,0,0,0,2,0,0,0,0.0,0x00,0,0,0,0,64.0,64196.0,0,0,0,58,eth:ethertype:ip:tcp:mqtt,,,,,,,,,,,0.0,Normal,0.0
1744302055786338,10.42.0.1,10.42.0.2,1883,49949,5,234,0,1,0,0,0,0,0,0,0,0,0,0.0,0,,0,0,,0,0,0,0,0,0,0,0,0.0,0,0,0,0,0,64.0,64007.0,0,0,0,54,eth:ethertype:ip:tcp,,,,,,,,,,,0.0,Normal,0.0
1744302055786415,10.42.0.1,10.42.0.2,1883,49949,5,234,0,1,1,0,0,0,0,0,0,0,0,0.0,0,,0,0,,0,0,0,0,0,0,0,0,0.0,0,0,0,0,0,64.0,64007.0,0,0,0,54,eth:ethertype:ip:tcp,,,,,,,,,,,0.0,Normal,0.0
1744302070155592,10.42.0.1,10.42.0.149,1883,54272,0,1,1,1,0,0,0,0,0,0,0,0,0,0.0,0,,0,0,,0,0,0,0,0,0,0,0,0.0,0,0,0,0,0,64.0,64240.0,0,0,0,58,eth:ethertype:ip:tcp,,,,,,,,,,,0.0,Normal,0.0
1744302070161576,10.42.0.1,10.42.0.149,1883,54272,1,4,0,1,0,0,0,0,0,0,0,0,0,0.0,0,,0,0,,0,0,0,0,0,0,0,0,0.0,0,0,0,0,0,64.0,64237.0,0,0,0,54,eth:ethertype:ip:tcp,,,,,,,,,,,0.0,Normal,0.0
1744302070164870,10.42.0.1,10.42.0.149,1883,54272,1,33,0,1,0,0,0,0,0,0,0,0,0,0.0,0,,0,0,,0,0,0,0,0,0,0,0,0.0,0,0,0,0,0,64.0,64208.0,0,0,0,54,eth:ethertype:ip:tcp,,,,,,,,,,,0.0,Normal,0.0
1744302070167871,10.42.0.1,10.42.0.149,1883,54272,1,45,0,1,0,0,0,0,0,0,0,0,0,0.0,0,,0,0,,0,0,0,0,0,0,0,0,0.0,0,0,0,0,0,64.0,64196.0,0,0,0,54,eth:ethertype:ip:tcp,,,,,,,,,,,0.0,Normal,0.0
1744302070168199,10.42.0.1,10.42.0.149,1883,54272,1,45,0,1,0,0,1,0,4,0,0,0,0,0.0,0,,0,2,,0,0,0,0,2,0,0,0,0.0,0x00,0,0,0,0,64.0,64196.0,0,0,0,58,eth:ethertype:ip:tcp:mqtt,,,,,,,,,,,0.0,Normal,0.0
1744302070206320,10.42.0.1,10.42.0.149,1883,54272,5,231,0,1,0,0,0,0,0,0,0,0,0,0.0,0,,0,0,,0,0,0,0,0,0,0,0,0.0,0,0,0,0,0,64.0,64010.0,0,0,0,54,eth:ethertype:ip:tcp,,,,,,,,,,,0.0,Normal,0.0
1744302070206376,10.42.0.1,10.42.0.149,1883,54272,5,231,0,1,1,0,0,0,0,0,0,0,0,0.0,0,,0,0,,0,0,0,0,0,0,0,0,0.0,0,0,0,0,0,64.0,64010.0,0,0,0,54,eth:ethertype:ip:tcp,,,,,,,,,,,0.0,Normal,0.0
1744302070795243,10.42.0.1,10.42.0.139,1883,49950,0,1,1,1,0,0,0,0,0,0,0,0,0,0.0,0,,0,0,,0,0,0,0,0,0,0,0,0.0,0,0,0,0,0,64.0,64240.0,0,0,0,58,eth:ethertype:ip:tcp,,,,,,,,,,,0.0,Normal,0.0
1744302070801657,10.42.0.1,10.42.0.139,1883,49950,1,4,0,1,0,0,0,0,0,0,0,0,0,0.0,0,,0,0,,0,0,0,0,0,0,0,0,0.0,0,0,0,0,0,64.0,64237.0,0,0,0,54,eth:ethertype:ip:tcp,,,,,,,,,,,0.0,Normal,0.0
1744302070805696,10.42.0.1,10.42.0.139,1883,49950,1,41,0,1,0,0,0,0,0,0,0,0,0,0.0,0,,0,0,,0,0,0,0,0,0,0,0,0.0,0,0,0,0,0,64.0,64200.0,0,0,0,54,eth:ethertype:ip:tcp,,,,,,,,,,,0.0,Normal,0.0
1744302070808429,10.42.0.1,10.42.0.139,1883,49950,1,45,0,1,0,0,0,0,0,0,0,0,0,0.0,0,,0,0,,0,0,0,0,0,0,0,0,0.0,0,0,0,0,0,64.0,64196.0,0,0,0,54,eth:ethertype:ip:tcp,,,,,,,,,,,0.0,Normal,0.0
1744302070808773,10.42.0.1,10.42.0.139,1883,49950,1,45,0,1,0,0,1,0,4,0,0,0,0,0.0,0,,0,2,,0,0,0,0,2,0,0,0,0.0,0x00,0,0,0,0,64.0,64196.0,0,0,0,58,eth:ethertype:ip:tcp:mqtt,,,,,,,,,,,0.0,Normal,0.0
1744302070855651,10.42.0.1,10.42.0.139,1883,49950,5,234,0,1,0,0,0,0,0,0,0,0,0,0.0,0,,0,0,,0,0,0,0,0,0,0,0,0.0,0,0,0,0,0,64.0,64007.0,0,0,0,54,eth:ethertype:ip:tcp,,,,,,,,,,,0.0,Normal,0.0
1744302070855709,10.42.0.1,10.42.0.139,1883,49950,5,234,0,1,1,0,0,0,0,0,0,0,0,0.0,0,,0,0,,0,0,0,0,0,0,0,0,0.0,0,0,0,0,0,64.0,64007.0,0,0,0,54,eth:ethertype:ip:tcp,,,,,,,,,,,0.0,Normal,0.0
1744302085155592,10.42.0.1,10.42.0.3,1883,54272,0,1,1,1,0,0,0,0,0,0,0,0,0,0.0,0,,0,0,,0,0,0,0,0,0,0,0,0.0,0,0,0,0,0,64.0,64240.0,0,0,0,58,eth:ethertype:ip:tcp,,,,,,,,,,,0.0,Normal,0.0
1744302085161576,10.42.0.1,10.42.0.3,1883,54272,1,4,0,1,0,0,0,0,0,0,0,0,0,0.0,0,,0,0,,0,0,0,0,0,0,0,0,0.0,0,0,0,0,0,64.0,64237.0,0,0,0,54,eth:ethertype:ip:tcp,,,,,,,,,,,0.0,Normal,0.0
1744302085164870,10.42.0.1,10.42.0.3,1883,54272,1,33,0,1,0,0,0,0,0,0,0,0,0,0.0,0,,0,0,,0,0,0,0,0,0,0,0,0.0,0,0,0,0,0,64.0,64208.0,0,0,0,54,eth:ethertype:ip:tcp,,,,,,,,,,,0.0,Normal,0.0
1744302085167871,10.42.0.1,10.42.0.3,1883,54272,1,45,0,1,0,0,0,0,0,0,0,0,0,0.0,0,,0,0,,0,0,0,0,0,0,0,0,0.0,0,0,0,0,0,64.0,64196.0,0,0,0,54,eth:ethertype:ip:tcp,,,,,,,,,,,0.0,Normal,0.0
1744302085168199,10.42.0.1,10.42.0.3,1883,54272,1,45,0,1,0,0,1,0,4,0,0,0,0,0.0,0,,0,2,,0,0,0,0,2,0,0,0,0.0,0x00,0,0,0,0,64.0,64196.0,0,0,0,58,eth:ethertype:ip:tcp:mqtt,,,,,,,,,,,0.0,Normal,0.0
1744302085206320,10.42.0.1,10.42.0.3,1883,54272,5,231,0,1,0,0,0,0,0,0,0,0,0,0.0,0,,0,0,,0,0,0,0,0,0,0,0,0.0,0,0,0,0,0,64.0,64010.0,0,0,0,54,eth:ethertype:ip:tcp,,,,,,,,,,,0.0,Normal,0.0
1744302085206376,10.42.0.1,10.42.0.3,1883,54272,5,231,0,1,1,0,0,0,0,0,0,0,0,0.0,0,,0,0,,0,0,0,0,0,0,0,0,0.0,0,0,0,0,0,64.0,64010.0,0,0,0,54,eth:ethertype:ip:tcp,,,,,,,,,,,0.0,Normal,0.0
1744302085795243,10.42.0.1,10.42.0.2,1883,49950,0,1,1,1,0,0,0,0,0,0,0,0,0,0.0,0,,0,0,,0,0,0,0,0,0,0,0,0.0,0,0,0,0,0,64.0,64240.0,0,0,0,58,eth:ethertype:ip:tcp,,,,,,,,,,,0.0,Normal,0.0
1744302085801657,10.42.0.1,10.42.0.2,1883,49950,1,4,0,1,0,0,0,0,0,0,0,0,0,0.0,0,,0,0,,0,0,0,0,0,0,0,0,0.0,0,0,0,0,0,64.0,64237.0,0,0,0,54,eth:ethertype:ip:tcp,,,,,,,,,,,0.0,Normal,0.0
1744302085805696,10.42.0.1,10.42.0.2,1883,49950,1,41,0,1,0,0,0,0,0,0,0,0,0,0.0,0,,0,0,,0,0,0,0,0,0,0,0,0.0,0,0,0,0,0,64.0,64200.0,0,0,0,54,eth:ethertype:ip:tcp,,,,,,,,,,,0.0,Normal,0.0
1744302085808429,10.42.0.1,10.42.0.2,1883,49950,1,45,0,1,0,0,0,0,0,0,0,0,0,0.0,0,,0,0,,0,0,0,0,0,0,0,0,0.0,0,0,0,0,0,64.0,64196.0,0,0,0,54,eth:ethertype:ip:tcp,,,,,,,,,,,0.0,Normal,0.0
1744302085808773,10.42.0.1,10.42.0.2,1883,49950,1,45,0,1,0,0,1,0,4,0,0,0,0,0.0,0,,0,2,,0,0,0,0,2,0,0,0,0.0,0x00,0,0,0,0,64.0,64196.0,0,0,0,58,eth:ethertype:ip:tcp:mqtt,,,,,,,,,,,0.0,Normal,0.0
1744302085855651,10.42.0.1,10.42.0.2,1883,49950,5,234,0,1,0,0,0,0,0,0,0,0,0,0.0,0,,0,0,,0,0,0,0,0,0,0,0,0.0,0,0,0,0,0,64.0,64007.0,0,0,0,54,eth:ethertype:ip:tcp,,,,,,,,,,,0.0,Normal,0.0
1744302085855709,10.42.0.1,10.42.0.2,1883,49950,5,234,0,1,1,0,0,0,0,0,0,0,0,0.0,0,,0,0,,0,0,0,0,0,0,0,0,0.0,0,0,0,0,0,64.0,64007.0,0,0,0,54,eth:ethertype:ip:tcp,,,,,,,,,,,0.0,Normal,0.0
1744302100215126,10.42.0.1,10.42.0.149,1883,54273,0,1,1,1,0,0,0,0,0,0,0,0,0,0.0,0,,0,0,,0,0,0,0,0,0,0,0,0.0,0,0,0,0,0,64.0,64240.0,0,0,0,58,eth:ethertype:ip:tcp,,,,,,,,,,,0.0,Normal,0.0
1744302100221036,10.42.0.1,10.42.0.149,1883,54273,1,4,0,1,0,0,0,0,0,0,0,0,0,0.0,0,,0,0,,0,0,0,0,0,0,0,0,0.0,0,0,0,0,0,64.0,64237.0,0,0,0,54,eth:ethertype:ip:tcp,,,,,,,,,,,0.0,Normal,0.0
1744302100224552,10.42.0.1,10.42.0.149,1883,54273,1,33,0,1,0,0,0,0,0,0,0,0,0,0.0,0,,0,0,,0,0,0,0,0,0,0,0,0.0,0,0,0,0,0,64.0,64208.0,0,0,0,54,eth:ethertype:ip:tcp,,,,,,,,,,,0.0,Normal,0.0
1744302100227528,10.42.0.1,10.42.0.149,1883,54273,1,45,0,1,0,0,0,0,0,0,0,0,0,0.0,0,,0,0,,0,0,0,0,0,0,0,0,0.0,0,0,0,0,0,64.0,64196.0,0,0,0,54,eth:ethertype:ip:tcp,,,,,,,,,,,0.0,Normal,0.0
1744302100227945,10.42.0.1,10.42.0.149,1883,54273,1,45,0,1,0,0,1,0,4,0,0,0,0,0.0,0,,0,2,,0,0,0,0,2,0,0,0,0.0,0x00,0,0,0,0,64.0,64196.0,0,0,0,58,eth:ethertype:ip:tcp:mqtt,,,,,,,,,,,0.0,Normal,0.0
1744302100265908,10.42.0.1,10.42.0.149,1883,54273,5,231,0,1,0,0,0,0,0,0,0,0,0,0.0,0,,0,0,,0,0,0,0,0,0,0,0,0.0,0,0,0,0,0,64.0,64010.0,0,0,0,54,eth:ethertype:ip:tcp,,,,,,,,,,,0.0,Normal,0.0
1744302100265966,10.42.0.1,10.42.0.149,1883,54273,5,231,0,1,1,0,0,0,0,0,0,0,0,0.0,0,,0,0,,0,0,0,0,0,0,0,0,0.0,0,0,0,0,0,64.0,64010.0,0,0,0,54,eth:ethertype:ip:tcp,,,,,,,,,,,0.0,Normal,0.0
1744302100866038,10.42.0.1,10.42.0.139,1883,49951,0,1,1,1,0,0,0,0,0,0,0,0,0,0.0,0,,0,0,,0,0,0,0,0,0,0,0,0.0,0,0,0,0,0,64.0,64240.0,0,0,0,58,eth:ethertype:ip:tcp,,,,,,,,,,,0.0,Normal,0.0
1744302100873627,10.42.0.1,10.42.0.139,1883,49951,1,4,0,1,0,0,0,0,0,0,0,0,0,0.0,0,,0,0,,0,0,0,0,0,0,0,0,0.0,0,0,0,0,0,64.0,64237.0,0,0,0,54,eth:ethertype:ip:tcp,,,,,,,,,,,0.0,Normal,0.0
1744302100877075,10.42.0.1,10.42.0.139,1883,49951,1,33,0,1,0,0,0,0,0,0,0,0,0,0.0,0,,0,0,,0,0,0,0,0,0,0,0,0.0,0,0,0,0,0,64.0,64208.0,0,0,0,54,eth:ethertype:ip:tcp,,,,,,,,,,,0.0,Normal,0.0
1744302100880153,10.42.0.1,10.42.0.139,1883,49951,1,45,0,1,0,0,0,0,0,0,0,0,0,0.0,0,,0,0,,0,0,0,0,0,0,0,0,0.0,0,0,0,0,0,64.0,64196.0,0,0,0,54,eth:ethertype:ip:tcp,,,,,,,,,,,0.0,Normal,0.0
1744302100880545,10.42.0.1,10.42.0.139,1883,49951,1,45,0,1,0,0,1,0,4,0,0,0,0,0.0,0,,0,2,,0,0,0,0,2,0,0,0,0.0,0x00,0,0,0,0,64.0,64196.0,0,0,0,58,eth:ethertype:ip:tcp:mqtt,,,,,,,,,,,0.0,Normal,0.0
1744302100935590,10.42.0.1,10.42.0.139,1883,49951,5,234,0,1,0,0,0,0,0,0,0,0,0,0.0,0,,0,0,,0,0,0,0,0,0,0,0,0.0,0,0,0,0,0,64.0,64007.0,0,0,0,54,eth:ethertype:ip:tcp,,,,,,,,,,,0.0,Normal,0.0
1744302100935684,10.42.0.1,10.42.0.139,1883,49951,5,234,0,1,1,0,0,0,0,0,0,0,0,0.0,0,,0,0,,0,0,0,0,0,0,0,0,0.0,0,0,0,0,0,64.0,64007.0,0,0,0,54,eth:ethertype:ip:tcp,,,,,,,,,,,0.0,Normal,0.0
1744302115215126,10.42.0.1,10.42.0.3,1883,54273,0,1,1,1,0,0,0,0,0,0,0,0,0,0.0,0,,0,0,,0,0,0,0,0,0,0,0,0.0,0,0,0,0,0,64.0,64240.0,0,0,0,58,eth:ethertype:ip:tcp,,,,,,,,,,,0.0,Normal,0.0
1744302115221036,10.42.0.1,10.42.0.3,1883,54273,1,4,0,1,0,0,0,0,0,0,0,0,0,0.0,0,,0,0,,0,0,0,0,0,0,0,0,0.0,0,0,0,0,0,64.0,64237.0,0,0,0,54,eth:ethertype:ip:tcp,,,,,,,,,,,0.0,Normal,0.0
1744302115224552,10.42.0.1,10.42.0.3,1883,54273,1,33,0,1,0,0,0,0,0,0,0,0,0,0.0,0,,0,0,,0,0,0,0,0,0,0,0,0.0,0,0,0,0,0,64.0,64208.0,0,0,0,54,eth:ethertype:ip:tcp,,,,,,,,,,,0.0,Normal,0.0
1744302115227528,10.42.0.1,10.42.0.3,1883,54273,1,45,0,1,0,0,0,0,0,0,0,0,0,0.0,0,,0,0,,0,0,0,0,0,0,0,0,0.0,0,0,0,0,0,64.0,64196.0,0,0,0,54,eth:ethertype:ip:tcp,,,,,,,,,,,0.0,Normal,0.0
1744302115227945,10.42.0.1,10.42.0.3,1883,54273,1,45,0,1,0,0,1,0,4,0,0,0,0,0.0,0,,0,2,,0,0,0,0,2,0,0,0,0.0,0x00,0,0,0,0,64.0,64196.0,0,0,0,58,eth:ethertype:ip:tcp:mqtt,,,,,,,,,,,0.0,Normal,0.0
1744302115265908,10.42.0.1,10.42.0.3,1883,54273,5,231,0,1,0,0,0,0,0,0,0,0,0,0.0,0,,0,0,,0,0,0,0,0,0,0,0,0.0,0,0,0,0,0,64.0,64010.0,0,0,0,54,eth:ethertype:ip:tcp,,,,,,,,,,,0.0,Normal,0.0
1744302115265966,10.42.0.1,10.42.0.3,1883,54273,5,231,0,1,1,0,0,0,0,0,0,0,0,0.0,0,,0,0,,0,0,0,0,0,0,0,0,0.0,0,0,0,0,0,64.0,64010.0,0,0,0,54,eth:ethertype:ip:tcp,,,,,,,,,,,0.0,Normal,0.0
1744302115866038,10.42.0.1,10.42.0.2,1883,49951,0,1,1,1,0,0,0,0,0,0,0,0,0,0.0,0,,0,0,,0,0,0,0,0,0,0,0,0.0,0,0,0,0,0,64.0,64240.0,0,0,0,58,eth:ethertype:ip:tcp,,,,,,,,,,,0.0,Normal,0.0
1744302115873627,10.42.0.1,10.42.0.2,1883,49951,1,4,0,1,0,0,0,0,0,0,0,0,0,0.0,0,,0,0,,0,0,0,0,0,0,0,0,0.0,0,0,0,0,0,64.0,64237.0,0,0,0,54,eth:ethertype:ip:tcp,,,,,,,,,,,0.0,Normal,0.0
1744302115877075,10.42.0.1,10.42.0.2,1883,49951,1,33,0,1,0,0,0,0,0,0,0,0,0,0.0,0,,0,0,,0,0,0,0,0,0,0,0,0.0,0,0,0,0,0,64.0,64208.0,0,0,0,54,eth:ethertype:ip:tcp,,,,,,,,,,,0.0,Normal,0.0
1744302115880153,10.42.0.1,10.42.0.2,1883,49951,1,45,0,1,0,0,0,0,0,0,0,0,0,0.0,0,,0,0,,0,0,0,0,0,0,0,0,0.0,0,0,0,0,0,64.0,64196.0,0,0,0,54,eth:ethertype:ip:tcp,,,,,,,,,,,0.0,Normal,0.0
1744302115880545,10.42.0.1,10.42.0.2,1883,49951,1,45,0,1,0,0,1,0,4,0,0,0,0,0.0,0,,0,2,,0,0,0,0,2,0,0,0,0.0,0x00,0,0,0,0,64.0,64196.0,0,0,0,58,eth:ethertype:ip:tcp:mqtt,,,,,,,,,,,0.0,Normal,0.0
1744302115935590,10.42.0.1,10.42.0.2,1883,49951,5,234,0,1,0,0,0,0,0,0,0,0,0,0.0,0,,0,0,,0,0,0,0,0,0,0,0,0.0,0,0,0,0,0,64.0,64007.0,0,0,0,54,eth:ethertype:ip:tcp,,,,,,,,,,,0.0,Normal,0.0
1744302115935684,10.42.0.1,10.42.0.2,1883,49951,5,234,0,1,1,0,0,0,0,0,0,0,0,0.0,0,,0,0,,0,0,0,0,0,0,0,0,0.0,0,0,0,0,0,64.0,64007.0,0,0,0,54,eth:ethertype:ip:tcp,,,,,,,,,,,0.0,Normal,0.0
1744302130274254,10.42.0.1,10.42.0.149,1883,54274,0,1,1,1,0,0,0,0,0,0,0,0,0,0.0,0,,0,0,,0,0,0,0,0,0,0,0,0.0,0,0,0,0,0,64.0,64240.0,0,0,0,58,eth:ethertype:ip:tcp,,,,,,,,,,,0.0,Normal,0.0
1744302130280328,10.42.0.1,10.42.0.149,1883,54274,1,4,0,1,0,0,0,0,0,0,0,0,0,0.0,0,,0,0,,0,0,0,0,0,0,0,0,0.0,0,0,0,0,0,64.0,64237.0,0,0,0,54,eth:ethertype:ip:tcp,,,,,,,,,,,0.0,Normal,0.0
1744302130283696,10.42.0.1,10.42.0.149,1883,54274,1,33,0,1,0,0,0,0,0,0,0,0,0,0.0,0,,0,0,,0,0,0,0,0,0,0,0,0.0,0,0,0,0,0,64.0,64208.0,0,0,0,54,eth:ethertype:ip:tcp,,,,,,,,,,,0.0,Normal,0.0
1744302130286801,10.42.0.1,10.42.0.149,1883,54274,1,45,0,1,0,0,0,0,0,0,0,0,0,0.0,0,,0,0,,0,0,0,0,0,0,0,0,0.0,0,0,0,0,0,64.0,64196.0,0,0,0,54,eth:ethertype:ip:tcp,,,,,,,,,,,0.0,Normal,0.0
1744302130287115,10.42.0.1,10.42.0.149,1883,54274,1,45,0,1,0,0,1,0,4,0,0,0,0,0.0,0,,0,2,,0,0,0,0,2,0,0,0,0.0,0x00,0,0,0,0,64.0,64196.0,0,0,0,58,eth:ethertype:ip:tcp:mqtt,,,,,,,,,,,0.0,Normal,0.0
1744302130326367,10.42.0.1,10.42.0.149,1883,54274,5,231,0,1,0,0,0,0,0,0,0,0,0,0.0,0,,0,0,,0,0,0,0,0,0,0,0,0.0,0,0,0,0,0,64.0,64010.0,0,0,0,54,eth:ethertype:ip:tcp,,,,,,,,,,,0.0,Normal,0.0
1744302130326395,10.42.0.1,10.42.0.149,1883,54274,5,231,0,1,1,0,0,0,0,0,0,0,0,0.0,0,,0,0,,0,0,0,0,0,0,0,0,0.0,0,0,0,0,0,64.0,64010.0,0,0,0,54,eth:ethertype:ip:tcp,,,,,,,,,,,0.0,Normal,0.0
1744302130944008,10.42.0.1,10.42.0.139,1883,49952,0,1,1,1,0,0,0,0,0,0,0,0,0,0.0,0,,0,0,,0,0,0,0,0,0,0,0,0.0,0,0,0,0,0,64.0,64240.0,0,0,0,58,eth:ethertype:ip:tcp,,,,,,,,,,,0.0,Normal,0.0
1744302130950099,10.42.0.1,10.42.0.139,1883,49952,1,4,0,1,0,0,0,0,0,0,0,0,0,0.0,0,,0,0,,0,0,0,0,0,0,0,0,0.0,0,0,0,0,0,64.0,64237.0,0,0,0,54,eth:ethertype:ip:tcp,,,,,,,,,,,0.0,Normal,0.0
1744302130953590,10.42.0.1,10.42.0.139,1883,49952,1,33,0,1,0,0,0,0,0,0,0,0,0,0.0,0,,0,0,,0,0,0,0,0,0,0,0,0.0,0,0,0,0,0,64.0,64208.0,0,0,0,54,eth:ethertype:ip:tcp,,,,,,,,,,,0.0,Normal,0.0
1744302130956686,10.42.0.1,10.42.0.139,1883,49952,1,45,0,1,0,0,0,0,0,0,0,0,0,0.0,0,,0,0,,0,0,0,0,0,0,0,0,0.0,0,0,0,0,0,64.0,64196.0,0,0,0,54,eth:ethertype:ip:tcp,,,,,,,,,,,0.0,Normal,0.0
1744302130957017,10.42.0.1,10.42.0.139,1883,49952,1,45,0,1,0,0,1,0,4,0,0,0,0,0.0,0,,0,2,,0,0,0,0,2,0,0,0,0.0,0x00,0,0,0,0,64.0,64196.0,0,0,0,58,eth:ethertype:ip:tcp:mqtt,,,,,,,,,,,0.0,Normal,0.0
1744302131004288,10.42.0.1,10.42.0.139,1883,49952,5,234,0,1,0,0,0,0,0,0,0,0,0,0.0,0,,0,0,,0,0,0,0,0,0,0,0,0.0,0,0,0,0,0,64.0,64007.0,0,0,0,54,eth:ethertype:ip:tcp,,,,,,,,,,,0.0,Normal,0.0
1744302131004327,10.42.0.1,10.42.0.139,1883,49952,5,234,0,1,1,0,0,0,0,0,0,0,0,0.0,0,,0,0,,0,0,0,0,0,0,0,0,0.0,0,0,0,0,0,64.0,64007.0,0,0,0,54,eth:ethertype:ip:tcp,,,,,,,,,,,0.0,Normal,0.0
1744302145274254,10.42.0.1,10.42.0.3,1883,54274,0,1,1,1,0,0,0,0,0,0,0,0,0,0.0,0,,0,0,,0,0,0,0,0,0,0,0,0.0,0,0,0,0,0,64.0,64240.0,0,0,0,58,eth:ethertype:ip:tcp,,,,,,,,,,,0.0,Normal,0.0
1744302145280328,10.42.0.1,10.42.0.3,1883,54274,1,4,0,1,0,0,0,0,0,0,0,0,0,0.0,0,,0,0,,0,0,0,0,0,0,0,0,0.0,0,0,0,0,0,64.0,64237.0,0,0,0,54,eth:ethertype:ip:tcp,,,,,,,,,,,0.0,Normal,0.0
1744302145283696,10.42.0.1,10.42.0.3,1883,54274,1,33,0,1,0,0,0,0,0,0,0,0,0,0.0,0,,0,0,,0,0,0,0,0,0,0,0,0.0,0,0,0,0,0,64.0,64208.0,0,0,0,54,eth:ethertype:ip:tcp,,,,,,,,,,,0.0,Normal,0.0
1744302145286801,10.42.0.1,10.42.0.3,1883,54274,1,45,0,1,0,0,0,0,0,0,0,0,0,0.0,0,,0,0,,0,0,0,0,0,0,0,0,0.0,0,0,0,0,0,64.0,64196.0,0,0,0,54,eth:ethertype:ip:tcp,,,,,,,,,,,0.0,Normal,0.0
1744302145287115,10.42.0.1,10.42.0.3,1883,54274,1,45,0,1,0,0,1,0,4,0,0,0,0,0.0,0,,0,2,,0,0,0,0,2,0,0,0,0.0,0x00,0,0,0,0,64.0,64196.0,0,0,0,58,eth:ethertype:ip:tcp:mqtt,,,,,,,,,,,0.0,Normal,0.0
1744302145326367,10.42.0.1,10.42.0.3,1883,54274,5,231,0,1,0,0,0,0,0,0,0,0,0,0.0,0,,0,0,,0,0,0,0,0,0,0,0,0.0,0,0,0,0,0,64.0,64010.0,0,0,0,54,eth:ethertype:ip:tcp,,,,,,,,,,,0.0,Normal,0.0
1744302145326395,10.42.0.1,10.42.0.3,1883,54274,5,231,0,1,1,0,0,0,0,0,0,0,0,0.0,0,,0,0,,0,0,0,0,0,0,0,0,0.0,0,0,0,0,0,64.0,64010.0,0,0,0,54,eth:ethertype:ip:tcp,,,,,,,,,,,0.0,Normal,0.0
1744302145944008,10.42.0.1,10.42.0.2,1883,49952,0,1,1,1,0,0,0,0,0,0,0,0,0,0.0,0,,0,0,,0,0,0,0,0,0,0,0,0.0,0,0,0,0,0,64.0,64240.0,0,0,0,58,eth:ethertype:ip:tcp,,,,,,,,,,,0.0,Normal,0.0
1744302145950099,10.42.0.1,10.42.0.2,1883,49952,1,4,0,1,0,0,0,0,0,0,0,0,0,0.0,0,,0,0,,0,0,0,0,0,0,0,0,0.0,0,0,0,0,0,64.0,64237.0,0,0,0,54,eth:ethertype:ip:tcp,,,,,,,,,,,0.0,Normal,0.0
1744302145953590,10.42.0.1,10.42.0.2,1883,49952,1,33,0,1,0,0,0,0,0,0,0,0,0,0.0,0,,0,0,,0,0,0,0,0,0,0,0,0.0,0,0,0,0,0,64.0,64208.0,0,0,0,54,eth:ethertype:ip:tcp,,,,,,,,,,,0.0,Normal,0.0
1744302145956686,10.42.0.1,10.42.0.2,1883,49952,1,45,0,1,0,0,0,0,0,0,0,0,0,0.0,0,,0,0,,0,0,0,0,0,0,0,0,0.0,0,0,0,0,0,64.0,64196.0,0,0,0,54,eth:ethertype:ip:tcp,,,,,,,,,,,0.0,Normal,0.0
1744302145957017,10.42.0.1,10.42.0.2,1883,49952,1,45,0,1,0,0,1,0,4,0,0,0,0,0.0,0,,0,2,,0,0,0,0,2,0,0,0,0.0,0x00,0,0,0,0,64.0,64196.0,0,0,0,58,eth:ethertype:ip:tcp:mqtt,,,,,,,,,,,0.0,Normal,0.0
1744302146004288,10.42.0.1,10.42.0.2,1883,49952,5,234,0,1,0,0,0,0,0,0,0,0,0,0.0,0,,0,0,,0,0,0,0,0,0,0,0,0.0,0,0,0,0,0,64.0,64007.0,0,0,0,54,eth:ethertype:ip:tcp,,,,,,,,,,,0.0,Normal,0.0
1744302146004327,10.42.0.1,10.42.0.2,1883,49952,5,234,0,1,1,0,0,0,0,0,0,0,0,0.0,0,,0,0,,0,0,0,0,0,0,0,0,0.0,0,0,0,0,0,64.0,64007.0,0,0,0,54,eth:ethertype:ip:tcp,,,,,,,,,,,0.0,Normal,0.0
1744302160332762,10.42.0.1,10.42.0.149,1883,54275,0,1,1,1,0,0,0,0,0,0,0,0,0,0.0,0,,0,0,,0,0,0,0,0,0,0,0,0.0,0,0,0,0,0,64.0,64240.0,0,0,0,58,eth:ethertype:ip:tcp,,,,,,,,,,,0.0,Normal,0.0
1744302160338701,10.42.0.1,10.42.0.149,1883,54275,1,4,0,1,0,0,0,0,0,0,0,0,0,0.0,0,,0,0,,0,0,0,0,0,0,0,0,0.0,0,0,0,0,0,64.0,64237.0,0,0,0,54,eth:ethertype:ip:tcp,,,,,,,,,,,0.0,Normal,0.0
1744302160342088,10.42.0.1,10.42.0.149,1883,54275,1,33,0,1,0,0,0,0,0,0,0,0,0,0.0,0,,0,0,,0,0,0,0,0,0,0,0,0.0,0,0,0,0,0,64.0,64208.0,0,0,0,54,eth:ethertype:ip:tcp,,,,,,,,,,,0.0,Normal,0.0
1744302160347252,10.42.0.1,10.42.0.149,1883,54275,1,45,0,1,0,0,0,0,0,0,0,0,0,0.0,0,,0,0,,0,0,0,0,0,0,0,0,0.0,0,0,0,0,0,64.0,64196.0,0,0,0,54,eth:ethertype:ip:tcp,,,,,,,,,,,0.0,Normal,0.0
1744302160347617,10.42.0.1,10.42.0.149,1883,54275,1,45,0,1,0,0,1,0,4,0,0,0,0,0.0,0,,0,2,,0,0,0,0,2,0,0,0,0.0,0x00,0,0,0,0,64.0,64196.0,0,0,0,58,eth:ethertype:ip:tcp:mqtt,,,,,,,,,,,0.0,Normal,0.0
1744302160383998,10.42.0.1,10.42.0.149,1883,54275,5,231,0,1,0,0,0,0,0,0,0,0,0,0.0,0,,0,0,,0,0,0,0,0,0,0,0,0.0,0,0,0,0,0,64.0,64010.0,0,0,0,54,eth:ethertype:ip:tcp,,,,,,,,,,,0.0,Normal,0.0
1744302160384077,10.42.0.1,10.42.0.149,1883,54275,5,231,0,1,1,0,0,0,0,0,0,0,0,0.0,0,,0,0,,0,0,0,0,0,0,0,0,0.0,0,0,0,0,0,64.0,64010.0,0,0,0,54,eth:ethertype:ip:tcp,,,,,,,,,,,0.0,Normal,0.0
1744302161013104,10.42.0.1,10.42.0.139,1883,49953,0,1,1,1,0,0,0,0,0,0,0,0,0,0.0,0,,0,0,,0,0,0,0,0,0,0,0,0.0,0,0,0,0,0,64.0,64240.0,0,0,0,58,eth:ethertype:ip:tcp,,,,,,,,,,,0.0,Normal,0.0
1744302161019027,10.42.0.1,10.42.0.139,1883,49953,1,4,0,1,0,0,0,0,0,0,0,0,0,0.0,0,,0,0,,0,0,0,0,0,0,0,0,0.0,0,0,0,0,0,64.0,64237.0,0,0,0,54,eth:ethertype:ip:tcp,,,,,,,,,,,0.0,Normal,0.0
1744302161022453,10.42.0.1,10.42.0.139,1883,49953,1,33,0,1,0,0,0,0,0,0,0,0,0,0.0,0,,0,0,,0,0,0,0,0,0,0,0,0.0,0,0,0,0,0,64.0,64208.0,0,0,0,54,eth:ethertype:ip:tcp,,,,,,,,,,,0.0,Normal,0.0
1744302161025527,10.42.0.1,10.42.0.139,1883,49953,1,45,0,1,0,0,0,0,0,0,0,0,0,0.0,0,,0,0,,0,0,0,0,0,0,0,0,0.0,0,0,0,0,0,64.0,64196.0,0,0,0,54,eth:ethertype:ip:tcp,,,,,,,,,,,0.0,Normal,0.0
1744302161025876,10.42.0.1,10.42.0.139,1883,49953,1,45,0,1,0,0,1,0,4,0,0,0,0,0.0,0,,0,2,,0,0,0,0,2,0,0,0,0.0,0x00,0,0,0,0,64.0,64196.0,0,0,0,58,eth:ethertype:ip:tcp:mqtt,,,,,,,,,,,0.0,Normal,0.0
1744302161074009,10.42.0.1,10.42.0.139,1883,49953,5,234,0,1,0,0,0,0,0,0,0,0,0,0.0,0,,0,0,,0,0,0,0,0,0,0,0,0.0,0,0,0,0,0,64.0,64007.0,0,0,0,54,eth:ethertype:ip:tcp,,,,,,,,,,,0.0,Normal,0.0
1744302161074051,10.42.0.1,10.42.0.139,1883,49953,5,234,0,1,1,0,0,0,0,0,0,0,0,0.0,0,,0,0,,0,0,0,0,0,0,0,0,0.0,0,0,0,0,0,64.0,64007.0,0,0,0,54,eth:ethertype:ip:tcp,,,,,,,,,,,0.0,Normal,0.0
1744302175332762,10.42.0.1,10.42.0.3,1883,54275,0,1,1,1,0,0,0,0,0,0,0,0,0,0.0,0,,0,0,,0,0,0,0,0,0,0,0,0.0,0,0,0,0,0,64.0,64240.0,0,0,0,58,eth:ethertype:ip:tcp,,,,,,,,,,,0.0,Normal,0.0
1744302175338701,10.42.0.1,10.42.0.3,1883,54275,1,4,0,1,0,0,0,0,0,0,0,0,0,0.0,0,,0,0,,0,0,0,0,0,0,0,0,0.0,0,0,0,0,0,64.0,64237.0,0,0,0,54,eth:ethertype:ip:tcp,,,,,,,,,,,0.0,Normal,0.0
1744302175342088,10.42.0.1,10.42.0.3,1883,54275,1,33,0,1,0,0,0,0,0,0,0,0,0,0.0,0,,0,0,,0,0,0,0,0,0,0,0,0.0,0,0,0,0,0,64.0,64208.0,0,0,0,54,eth:ethertype:ip:tcp,,,,,,,,,,,0.0,Normal,0.0
1744302175347252,10.42.0.1,10.42.0.3,1883,54275,1,45,0,1,0,0,0,0,0,0,0,0,0,0.0,0,,0,0,,0,0,0,0,0,0,0,0,0.0,0,0,0,0,0,64.0,64196.0,0,0,0,54,eth:ethertype:ip:tcp,,,,,,,,,,,0.0,Normal,0.0
1744302175347617,10.42.0.1,10.42.0.3,1883,54275,1,45,0,1,0,0,1,0,4,0,0,0,0,0.0,0,,0,2,,0,0,0,0,2,0,0,0,0.0,0x00,0,0,0,0,64.0,64196.0,0,0,0,58,eth:ethertype:ip:tcp:mqtt,,,,,,,,,,,0.0,Normal,0.0
1744302175383998,10.42.0.1,10.42.0.3,1883,54275,5,231,0,1,0,0,0,0,0,0,0,0,0,0.0,0,,0,0,,0,0,0,0,0,0,0,0,0.0,0,0,0,0,0,64.0,64010.0,0,0,0,54,eth:ethertype:ip:tcp,,,,,,,,,,,0.0,Normal,0.0
1744302175384077,10.42.0.1,10.42.0.3,1883,54275,5,231,0,1,1,0,0,0,0,0,0,0,0,0.0,0,,0,0,,0,0,0,0,0,0,0,0,0.0,0,0,0,0,0,64.0,64010.0,0,0,0,54,eth:ethertype:ip:tcp,,,,,,,,,,,0.0,Normal,0.0
1744302176013104,10.42.0.1,10.42.0.2,1883,49953,0,1,1,1,0,0,0,0,0,0,0,0,0,0.0,0,,0,0,,0,0,0,0,0,0,0,0,0.0,0,0,0,0,0,64.0,64240.0,0,0,0,58,eth:ethertype:ip:tcp,,,,,,,,,,,0.0,Normal,0.0
1744302176019027,10.42.0.1,10.42.0.2,1883,49953,1,4,0,1,0,0,0,0,0,0,0,0,0,0.0,0,,0,0,,0,0,0,0,0,0,0,0,0.0,0,0,0,0,0,64.0,64237.0,0,0,0,54,eth:ethertype:ip:tcp,,,,,,,,,,,0.0,Normal,0.0
1744302176022453,10.42.0.1,10.42.0.2,1883,49953,1,33,0,1,0,0,0,0,0,0,0,0,0,0.0,0,,0,0,,0,0,0,0,0,0,0,0,0.0,0,0,0,0,0,64.0,64208.0,0,0,0,54,eth:ethertype:ip:tcp,,,,,,,,,,,0.0,Normal,0.0
1744302176025527,10.42.0.1,10.42.0.2,1883,49953,1,45,0,1,0,0,0,0,0,0,0,0,0,0.0,0,,0,0,,0,0,0,0,0,0,0,0,0.0,0,0,0,0,0,64.0,64196.0,0,0,0,54,eth:ethertype:ip:tcp,,,,,,,,,,,0.0,Normal,0.0
1744302176025876,10.42.0.1,10.42.0.2,1883,49953,1,45,0,1,0,0,1,0,4,0,0,0,0,0.0,0,,0,2,,0,0,0,0,2,0,0,0,0.0,0x00,0,0,0,0,64.0,64196.0,0,0,0,58,eth:ethertype:ip:tcp:mqtt,,,,,,,,,,,0.0,Normal,0.0
1744302176074009,10.42.0.1,10.42.0.2,1883,49953,5,234,0,1,0,0,0,0,0,0,0,0,0,0.0,0,,0,0,,0,0,0,0,0,0,0,0,0.0,0,0,0,0,0,64.0,64007.0,0,0,0,54,eth:ethertype:ip:tcp,,,,,,,,,,,0.0,Normal,0.0
1744302176074051,10.42.0.1,10.42.0.2,1883,49953,5,234,0,1,1,0,0,0,0,0,0,0,0,0.0,0,,0,0,,0,0,0,0,0,0,0,0,0.0,0,0,0,0,0,64.0,64007.0,0,0,0,54,eth:ethertype:ip:tcp,,,,,,,,,,,0.0,Normal,0.0
1744302190401269,10.42.0.1,10.42.0.149,1883,54276,0,1,1,1,0,0,0,0,0,0,0,0,0,0.0,0,,0,0,,0,0,0,0,0,0,0,0,0.0,0,0,0,0,0,64.0,64240.0,0,0,0,58,eth:ethertype:ip:tcp,,,,,,,,,,,0.0,Normal,0.0
1744302190408048,10.42.0.1,10.42.0.149,1883,54276,1,4,0,1,0,0,0,0,0,0,0,0,0,0.0,0,,0,0,,0,0,0,0,0,0,0,0,0.0,0,0,0,0,0,64.0,64237.0,0,0,0,54,eth:ethertype:ip:tcp,,,,,,,,,,,0.0,Normal,0.0
1744302190411459,10.42.0.1,10.42.0.149,1883,54276,1,33,0,1,0,0,0,0,0,0,0,0,0,0.0,0,,0,0,,0,0,0,0,0,0,0,0,0.0,0,0,0,0,0,64.0,64208.0,0,0,0,54,eth:ethertype:ip:tcp,,,,,,,,,,,0.0,Normal,0.0
1744302190414531,10.42.0.1,10.42.0.149,1883,54276,1,45,0,1,0,0,0,0,0,0,0,0,0,0.0,0,,0,0,,0,0,0,0,0,0,0,0,0.0,0,0,0,0,0,64.0,64196.0,0,0,0,54,eth:ethertype:ip:tcp,,,,,,,,,,,0.0,Normal,0.0
1744302190414892,10.42.0.1,10.42.0.149,1883,54276,1,45,0,1,0,0,1,0,4,0,0,0,0,0.0,0,,0,2,,0,0,0,0,2,0,0,0,0.0,0x00,0,0,0,0,64.0,64196.0,0,0,0,58,eth:ethertype:ip:tcp:mqtt,,,,,,,,,,,0.0,Normal,0.0
1744302190453251,10.42.0.1,10.42.0.149,1883,54276,5,231,0,1,0,0,0,0,0,0,0,0,0,0.0,0,,0,0,,0,0,0,0,0,0,0,0,0.0,0,0,0,0,0,64.0,64010.0,0,0,0,54,eth:ethertype:ip:tcp,,,,,,,,,,,0.0,Normal,0.0
1744302190453284,10.42.0.1,10.42.0.149,1883,54276,5,231,0,1,1,0,0,0,0,0,0,0,0,0.0,0,,0,0,,0,0,0,0,0,0,0,0,0.0,0,0,0,0,0,64.0,64010.0,0,0,0,54,eth:ethertype:ip:tcp,,,,,,,,,,,0.0,Normal,0.0
1744302191082070,10.42.0.1,10.42.0.139,1883,49954,0,1,1,1,0,0,0,0,0,0,0,0,0,0.0,0,,0,0,,0,0,0,0,0,0,0,0,0.0,0,0,0,0,0,64.0,64240.0,0,0,0,58,eth:ethertype:ip:tcp,,,,,,,,,,,0.0,Normal,0.0
1744302191089097,10.42.0.1,10.42.0.139,1883,49954,1,4,0,1,0,0,0,0,0,0,0,0,0,0.0,0,,0,0,,0,0,0,0,0,0,0,0,0.0,0,0,0,0,0,64.0,64237.0,0,0,0,54,eth:ethertype:ip:tcp,,,,,,,,,,,0.0,Normal,0.0
1744302191093038,10.42.0.1,10.42.0.139,1883,49954,1,39,0,1,0,0,0,0,0,0,0,0,0,0.0,0,,0,0,,0,0,0,0,0,0,0,0,0.0,0,0,0,0,0,64.0,64202.0,0,0,0,54,eth:ethertype:ip:tcp,,,,,,,,,,,0.0,Normal,0.0
1744302191096069,10.42.0.1,10.42.0.139,1883,49954,1,45,0,1,0,0,0,0,0,0,0,0,0,0.0,0,,0,0,,0,0,0,0,0,0,0,0,0.0,0,0,0,0,0,64.0,64196.0,0,0,0,54,eth:ethertype:ip:tcp,,,,,,,,,,,0.0,Normal,0.0
1744302191096459,10.42.0.1,10.42.0.139,1883,49954,1,45,0,1,0,0,1,0,4,0,0,0,0,0.0,0,,0,2,,0,0,0,0,2,0,0,0,0.0,0x00,0,0,0,0,64.0,64196.0,0,0,0,58,eth:ethertype:ip:tcp:mqtt,,,,,,,,,,,0.0,Normal,0.0
1744302191142973,10.42.0.1,10.42.0.139,1883,49954,5,234,0,1,0,0,0,0,0,0,0,0,0,0.0,0,,0,0,,0,0,0,0,0,0,0,0,0.0,0,0,0,0,0,64.0,64007.0,0,0,0,54,eth:ethertype:ip:tcp,,,,,,,,,,,0.0,Normal,0.0
1744302191143015,10.42.0.1,10.42.0.139,1883,49954,5,234,0,1,1,0,0,0,0,0,0,0,0,0.0,0,,0,0,,0,0,0,0,0,0,0,0,0.0,0,0,0,0,0,64.0,64007.0,0,0,0,54,eth:ethertype:ip:tcp,,,,,,,,,,,0.0,Normal,0.0
1744302205401269,10.42.0.1,10.42.0.3,1883,54276,0,1,1,1,0,0,0,0,0,0,0,0,0,0.0,0,,0,0,,0,0,0,0,0,0,0,0,0.0,0,0,0,0,0,64.0,64240.0,0,0,0,58,eth:ethertype:ip:tcp,,,,,,,,,,,0.0,Normal,0.0
1744302205408048,10.42.0.1,10.42.0.3,1883,54276,1,4,0,1,0,0,0,0,0,0,0,0,0,0.0,0,,0,0,,0,0,0,0,0,0,0,0,0.0,0,0,0,0,0,64.0,64237.0,0,0,0,54,eth:ethertype:ip:tcp,,,,,,,,,,,0.0,Normal,0.0
1744302205411459,10.42.0.1,10.42.0.3,1883,54276,1,33,0,1,0,0,0,0,0,0,0,0,0,0.0,0,,0,0,,0,0,0,0,0,0,0,0,0.0,0,0,0,0,0,64.0,64208.0,0,0,0,54,eth:ethertype:ip:tcp,,,,,,,,,,,0.0,Normal,0.0
1744302205414531,10.42.0.1,10.42.0.3,1883,54276,1,45,0,1,0,0,0,0,0,0,0,0,0,0.0,0,,0,0,,0,0,0,0,0,0,0,0,0.0,0,0,0,0,0,64.0,64196.0,0,0,0,54,eth:ethertype:ip:tcp,,,,,,,,,,,0.0,Normal,0.0
1744302205414892,10.42.0.1,10.42.0.3,1883,54276,1,45,0,1,0,0,1,0,4,0,0,0,0,0.0,0,,0,2,,0,0,0,0,2,0,0,0,0.0,0x00,0,0,0,0,64.0,64196.0,0,0,0,58,eth:ethertype:ip:tcp:mqtt,,,,,,,,,,,0.0,Normal,0.0
1744302205453251,10.42.0.1,10.42.0.3,1883,54276,5,231,0,1,0,0,0,0,0,0,0,0,0,0.0,0,,0,0,,0,0,0,0,0,0,0,0,0.0,0,0,0,0,0,64.0,64010.0,0,0,0,54,eth:ethertype:ip:tcp,,,,,,,,,,,0.0,Normal,0.0
1744302205453284,10.42.0.1,10.42.0.3,1883,54276,5,231,0,1,1,0,0,0,0,0,0,0,0,0.0,0,,0,0,,0,0,0,0,0,0,0,0,0.0,0,0,0,0,0,64.0,64010.0,0,0,0,54,eth:ethertype:ip:tcp,,,,,,,,,,,0.0,Normal,0.0
1744302206082070,10.42.0.1,10.42.0.2,1883,49954,0,1,1,1,0,0,0,0,0,0,0,0,0,0.0,0,,0,0,,0,0,0,0,0,0,0,0,0.0,0,0,0,0,0,64.0,64240.0,0,0,0,58,eth:ethertype:ip:tcp,,,,,,,,,,,0.0,Normal,0.0
1744302206089097,10.42.0.1,10.42.0.2,1883,49954,1,4,0,1,0,0,0,0,0,0,0,0,0,0.0,0,,0,0,,0,0,0,0,0,0,0,0,0.0,0,0,0,0,0,64.0,64237.0,0,0,0,54,eth:ethertype:ip:tcp,,,,,,,,,,,0.0,Normal,0.0
1744302206093038,10.42.0.1,10.42.0.2,1883,49954,1,39,0,1,0,0,0,0,0,0,0,0,0,0.0,0,,0,0,,0,0,0,0,0,0,0,0,0.0,0,0,0,0,0,64.0,64202.0,0,0,0,54,eth:ethertype:ip:tcp,,,,,,,,,,,0.0,Normal,0.0
1744302206096069,10.42.0.1,10.42.0.2,1883,49954,1,45,0,1,0,0,0,0,0,0,0,0,0,0.0,0,,0,0,,0,0,0,0,0,0,0,0,0.0,0,0,0,0,0,64.0,64196.0,0,0,0,54,eth:ethertype:ip:tcp,,,,,,,,,,,0.0,Normal,0.0
1744302206096459,10.42.0.1,10.42.0.2,1883,49954,1,45,0,1,0,0,1,0,4,0,0,0,0,0.0,0,,0,2,,0,0,0,0,2,0,0,0,0.0,0x00,0,0,0,0,64.0,64196.0,0,0,0,58,eth:ethertype:ip:tcp:mqtt,,,,,,,,,,,0.0,Normal,0.0
1744302206142973,10.42.0.1,10.42.0.2,1883,49954,5,234,0,1,0,0,0,0,0,0,0,0,0,0.0,0,,0,0,,0,0,0,0,0,0,0,0,0.0,0,0,0,0,0,64.0,64007.0,0,0,0,54,eth:ethertype:ip:tcp,,,,,,,,,,,0.0,Normal,0.0
1744302206143015,10.42.0.1,10.42.0.2,1883,49954,5,234,0,1,1,0,0,0,0,0,0,0,0,0.0,0,,0,0,,0,0,0,0,0,0,0,0,0.0,0,0,0,0,0,64.0,64007.0,0,0,0,54,eth:ethertype:ip:tcp,,,,,,,,,,,0.0,Normal,0.0
1744302220462218,10.42.0.1,10.42.0.149,1883,54277,0,1,1,1,0,0,0,0,0,0,0,0,0,0.0,0,,0,0,,0,0,0,0,0,0,0,0,0.0,0,0,0,0,0,64.0,64240.0,0,0,0,58,eth:ethertype:ip:tcp,,,,,,,,,,,0.0,Normal,0.0
1744302220469464,10.42.0.1,10.42.0.149,1883,54277,1,4,0,1,0,0,0,0,0,0,0,0,0,0.0,0,,0,0,,0,0,0,0,0,0,0,0,0.0,0,0,0,0,0,64.0,64237.0,0,0,0,54,eth:ethertype:ip:tcp,,,,,,,,,,,0.0,Normal,0.0
1744302220475094,10.42.0.1,10.42.0.149,1883,54277,1,45,0,1,0,0,0,0,0,0,0,0,0,0.0,0,,0,0,,0,0,0,0,0,0,0,0,0.0,0,0,0,0,0,64.0,64196.0,0,0,0,54,eth:ethertype:ip:tcp,,,,,,,,,,,0.0,Normal,0.0
1744302220475439,10.42.0.1,10.42.0.149,1883,54277,1,45,0,1,0,0,1,0,4,0,0,0,0,0.0,0,,0,2,,0,0,0,0,2,0,0,0,0.0,0x00,0,0,0,0,64.0,64196.0,0,0,0,58,eth:ethertype:ip:tcp:mqtt,,,,,,,,,,,0.0,Normal,0.0
1744302220514239,10.42.0.1,10.42.0.149,1883,54277,5,231,0,1,0,0,0,0,0,0,0,0,0,0.0,0,,0,0,,0,0,0,0,0,0,0,0,0.0,0,0,0,0,0,64.0,64010.0,0,0,0,54,eth:ethertype:ip:tcp,,,,,,,,,,,0.0,Normal,0.0
1744302220514272,10.42.0.1,10.42.0.149,1883,54277,5,231,0,1,1,0,0,0,0,0,0,0,0,0.0,0,,0,0,,0,0,0,0,0,0,0,0,0.0,0,0,0,0,0,64.0,64010.0,0,0,0,54,eth:ethertype:ip:tcp,,,,,,,,,,,0.0,Normal,0.0
1744302221151891,10.42.0.1,10.42.0.139,1883,49955,0,1,1,1,0,0,0,0,0,0,0,0,0,0.0,0,,0,0,,0,0,0,0,0,0,0,0,0.0,0,0,0,0,0,64.0,64240.0,0,0,0,58,eth:ethertype:ip:tcp,,,,,,,,,,,0.0,Normal,0.0
1744302221157838,10.42.0.1,10.42.0.139,1883,49955,1,4,0,1,0,0,0,0,0,0,0,0,0,0.0,0,,0,0,,0,0,0,0,0,0,0,0,0.0,0,0,0,0,0,64.0,64237.0,0,0,0,54,eth:ethertype:ip:tcp,,,,,,,,,,,0.0,Normal,0.0
1744302221161400,10.42.0.1,10.42.0.139,1883,49955,1,33,0,1,0,0,0,0,0,0,0,0,0,0.0,0,,0,0,,0,0,0,0,0,0,0,0,0.0,0,0,0,0,0,64.0,64208.0,0,0,0,54,eth:ethertype:ip:tcp,,,,,,,,,,,0.0,Normal,0.0
1744302221164606,10.42.0.1,10.42.0.139,1883,49955,1,45,0,1,0,0,0,0,0,0,0,0,0,0.0,0,,0,0,,0,0,0,0,0,0,0,0,0.0,0,0,0,0,0,64.0,64196.0,0,0,0,54,eth:ethertype:ip:tcp,,,,,,,,,,,0.0,Normal,0.0
1744302221164957,10.42.0.1,10.42.0.139,1883,49955,1,45,0,1,0,0,1,0,4,0,0,0,0,0.0,0,,0,2,,0,0,0,0,2,0,0,0,0.0,0x00,0,0,0,0,64.0,64196.0,0,0,0,58,eth:ethertype:ip:tcp:mqtt,,,,,,,,,,,0.0,Normal,0.0
1744302221212273,10.42.0.1,10.42.0.139,1883,49955,5,234,0,1,0,0,0,0,0,0,0,0,0,0.0,0,,0,0,,0,0,0,0,0,0,0,0,0.0,0,0,0,0,0,64.0,64007.0,0,0,0,54,eth:ethertype:ip:tcp,,,,,,,,,,,0.0,Normal,0.0
1744302221212333,10.42.0.1,10.42.0.139,1883,49955,5,234,0,1,1,0,0,0,0,0,0,0,0,0.0,0,,0,0,,0,0,0,0,0,0,0,0,0.0,0,0,0,0,0,64.0,64007.0,0,0,0,54,eth:ethertype:ip:tcp,,,,,,,,,,,0.0,Normal,0.0
1744302235462218,10.42.0.1,10.42.0.3,1883,54277,0,1,1,1,0,0,0,0,0,0,0,0,0,0.0,0,,0,0,,0,0,0,0,0,0,0,0,0.0,0,0,0,0,0,64.0,64240.0,0,0,0,58,eth:ethertype:ip:tcp,,,,,,,,,,,0.0,Normal,0.0
1744302235469464,10.42.0.1,10.42.0.3,1883,54277,1,4,0,1,0,0,0,0,0,0,0,0,0,0.0,0,,0,0,,0,0,0,0,0,0,0,0,0.0,0,0,0,0,0,64.0,64237.0,0,0,0,54,eth:ethertype:ip:tcp,,,,,,,,,,,0.0,Normal,0.0
1744302235475094,10.42.0.1,10.42.0.3,1883,54277,1,45,0,1,0,0,0,0,0,0,0,0,0,0.0,0,,0,0,,0,0,0,0,0,0,0,0,0.0,0,0,0,0,0,64.0,64196.0,0,0,0,54,eth:ethertype:ip:tcp,,,,,,,,,,,0.0,Normal,0.0
1744302235475439,10.42.0.1,10.42.0.3,1883,54277,1,45,0,1,0,0,1,0,4,0,0,0,0,0.0,0,,0,2,,0,0,0,0,2,0,0,0,0.0,0x00,0,0,0,0,64.0,64196.0,0,0,0,58,eth:ethertype:ip:tcp:mqtt,,,,,,,,,,,0.0,Normal,0.0
1744302235514239,10.42.0.1,10.42.0.3,1883,54277,5,231,0,1,0,0,0,0,0,0,0,0,0,0.0,0,,0,0,,0,0,0,0,0,0,0,0,0.0,0,0,0,0,0,64.0,64010.0,0,0,0,54,eth:ethertype:ip:tcp,,,,,,,,,,,0.0,Normal,0.0
1744302235514272,10.42.0.1,10.42.0.3,1883,54277,5,231,0,1,1,0,0,0,0,0,0,0,0,0.0,0,,0,0,,0,0,0,0,0,0,0,0,0.0,0,0,0,0,0,64.0,64010.0,0,0,0,54,eth:ethertype:ip:tcp,,,,,,,,,,,0.0,Normal,0.0
1744302236151891,10.42.0.1,10.42.0.2,1883,49955,0,1,1,1,0,0,0,0,0,0,0,0,0,0.0,0,,0,0,,0,0,0,0,0,0,0,0,0.0,0,0,0,0,0,64.0,64240.0,0,0,0,58,eth:ethertype:ip:tcp,,,,,,,,,,,0.0,Normal,0.0
1744302236157838,10.42.0.1,10.42.0.2,1883,49955,1,4,0,1,0,0,0,0,0,0,0,0,0,0.0,0,,0,0,,0,0,0,0,0,0,0,0,0.0,0,0,0,0,0,64.0,64237.0,0,0,0,54,eth:ethertype:ip:tcp,,,,,,,,,,,0.0,Normal,0.0
1744302236161400,10.42.0.1,10.42.0.2,1883,49955,1,33,0,1,0,0,0,0,0,0,0,0,0,0.0,0,,0,0,,0,0,0,0,0,0,0,0,0.0,0,0,0,0,0,64.0,64208.0,0,0,0,54,eth:ethertype:ip:tcp,,,,,,,,,,,0.0,Normal,0.0
1744302236164606,10.42.0.1,10.42.0.2,1883,49955,1,45,0,1,0,0,0,0,0,0,0,0,0,0.0,0,,0,0,,0,0,0,0,0,0,0,0,0.0,0,0,0,0,0,64.0,64196.0,0,0,0,54,eth:ethertype:ip:tcp,,,,,,,,,,,0.0,Normal,0.0
1744302236164957,10.42.0.1,10.42.0.2,1883,49955,1,45,0,1,0,0,1,0,4,0,0,0,0,0.0,0,,0,2,,0,0,0,0,2,0,0,0,0.0,0x00,0,0,0,0,64.0,64196.0,0,0,0,58,eth:ethertype:ip:tcp:mqtt,,,,,,,,,,,0.0,Normal,0.0
1744302236212273,10.42.0.1,10.42.0.2,1883,49955,5,234,0,1,0,0,0,0,0,0,0,0,0,0.0,0,,0,0,,0,0,0,0,0,0,0,0,0.0,0,0,0,0,0,64.0,64007.0,0,0,0,54,eth:ethertype:ip:tcp,,,,,,,,,,,0.0,Normal,0.0
1744302236212333,10.42.0.1,10.42.0.2,1883,49955,5,234,0,1,1,0,0,0,0,0,0,0,0,0.0,0,,0,0,,0,0,0,0,0,0,0,0,0.0,0,0,0,0,0,64.0,64007.0,0,0,0,54,eth:ethertype:ip:tcp,,,,,,,,,,,0.0,Normal,0.0
1744302250521604,10.42.0.1,10.42.0.149,1883,54278,0,1,1,1,0,0,0,0,0,0,0,0,0,0.0,0,,0,0,,0,0,0,0,0,0,0,0,0.0,0,0,0,0,0,64.0,64240.0,0,0,0,58,eth:ethertype:ip:tcp,,,,,,,,,,,0.0,Normal,0.0
1744302250527737,10.42.0.1,10.42.0.149,1883,54278,1,4,0,1,0,0,0,0,0,0,0,0,0,0.0,0,,0,0,,0,0,0,0,0,0,0,0,0.0,0,0,0,0,0,64.0,64237.0,0,0,0,54,eth:ethertype:ip:tcp,,,,,,,,,,,0.0,Normal,0.0
1744302250531104,10.42.0.1,10.42.0.149,1883,54278,1,33,0,1,0,0,0,0,0,0,0,0,0,0.0,0,,0,0,,0,0,0,0,0,0,0,0,0.0,0,0,0,0,0,64.0,64208.0,0,0,0,54,eth:ethertype:ip:tcp,,,,,,,,,,,0.0,Normal,0.0
1744302250534268,10.42.0.1,10.42.0.149,1883,54278,1,45,0,1,0,0,0,0,0,0,0,0,0,0.0,0,,0,0,,0,0,0,0,0,0,0,0,0.0,0,0,0,0,0,64.0,64196.0,0,0,0,54,eth:ethertype:ip:tcp,,,,,,,,,,,0.0,Normal,0.0
1744302250534605,10.42.0.1,10.42.0.149,1883,54278,1,45,0,1,0,0,1,0,4,0,0,0,0,0.0,0,,0,2,,0,0,0,0,2,0,0,0,0.0,0x00,0,0,0,0,64.0,64196.0,0,0,0,58,eth:ethertype:ip:tcp:mqtt,,,,,,,,,,,0.0,Normal,0.0
1744302250571894,10.42.0.1,10.42.0.149,1883,54278,5,231,0,1,0,0,0,0,0,0,0,0,0,0.0,0,,0,0,,0,0,0,0,0,0,0,0,0.0,0,0,0,0,0,64.0,64010.0,0,0,0,54,eth:ethertype:ip:tcp,,,,,,,,,,,0.0,Normal,0.0
1744302250571928,10.42.0.1,10.42.0.149,1883,54278,5,231,0,1,1,0,0,0,0,0,0,0,0,0.0,0,,0,0,,0,0,0,0,0,0,0,0,0.0,0,0,0,0,0,64.0,64010.0,0,0,0,54,eth:ethertype:ip:tcp,,,,,,,,,,,0.0,Normal,0.0
1744302251221176,10.42.0.1,10.42.0.139,1883,49956,0,1,1,1,0,0,0,0,0,0,0,0,0,0.0,0,,0,0,,0,0,0,0,0,0,0,0,0.0,0,0,0,0,0,64.0,64240.0,0,0,0,58,eth:ethertype:ip:tcp,,,,,,,,,,,0.0,Normal,0.0
1744302251227263,10.42.0.1,10.42.0.139,1883,49956,1,4,0,1,0,0,0,0,0,0,0,0,0,0.0,0,,0,0,,0,0,0,0,0,0,0,0,0.0,0,0,0,0,0,64.0,64237.0,0,0,0,54,eth:ethertype:ip:tcp,,,,,,,,,,,0.0,Normal,0.0
1744302251230657,10.42.0.1,10.42.0.139,1883,49956,1,33,0,1,0,0,0,0,0,0,0,0,0,0.0,0,,0,0,,0,0,0,0,0,0,0,0,0.0,0,0,0,0,0,64.0,64208.0,0,0,0,54,eth:ethertype:ip:tcp,,,,,,,,,,,0.0,Normal,0.0
1744302251233711,10.42.0.1,10.42.0.139,1883,49956,1,45,0,1,0,0,0,0,0,0,0,0,0,0.0,0,,0,0,,0,0,0,0,0,0,0,0,0.0,0,0,0,0,0,64.0,64196.0,0,0,0,54,eth:ethertype:ip:tcp,,,,,,,,,,,0.0,Normal,0.0
1744302251234086,10.42.0.1,10.42.0.139,1883,49956,1,45,0,1,0,0,1,0,4,0,0,0,0,0.0,0,,0,2,,0,0,0,0,2,0,0,0,0.0,0x00,0,0,0,0,64.0,64196.0,0,0,0,58,eth:ethertype:ip:tcp:mqtt,,,,,,,,,,,0.0,Normal,0.0
1744302251282385,10.42.0.1,10.42.0.139,1883,49956,5,234,0,1,0,0,0,0,0,0,0,0,0,0.0,0,,0,0,,0,0,0,0,0,0,0,0,0.0,0,0,0,0,0,64.0,64007.0,0,0,0,54,eth:ethertype:ip:tcp,,,,,,,,,,,0.0,Normal,0.0
1744302251282435,10.42.0.1,10.42.0.139,1883,49956,5,234,0,1,1,0,0,0,0,0,0,0,0,0.0,0,,0,0,,0,0,0,0,0,0,0,0,0.0,0,0,0,0,0,64.0,64007.0,0,0,0,54,eth:ethertype:ip:tcp,,,,,,,,,,,0.0,Normal,0.0
1744302265521604,10.42.0.1,10.42.0.3,1883,54278,0,1,1,1,0,0,0,0,0,0,0,0,0,0.0,0,,0,0,,0,0,0,0,0,0,0,0,0.0,0,0,0,0,0,64.0,64240.0,0,0,0,58,eth:ethertype:ip:tcp,,,,,,,,,,,0.0,Normal,0.0
1744302265527737,10.42.0.1,10.42.0.3,1883,54278,1,4,0,1,0,0,0,0,0,0,0,0,0,0.0,0,,0,0,,0,0,0,0,0,0,0,0,0.0,0,0,0,0,0,64.0,64237.0,0,0,0,54,eth:ethertype:ip:tcp,,,,,,,,,,,0.0,Normal,0.0
1744302265531104,10.42.0.1,10.42.0.3,1883,54278,1,33,0,1,0,0,0,0,0,0,0,0,0,0.0,0,,0,0,,0,0,0,0,0,0,0,0,0.0,0,0,0,0,0,64.0,64208.0,0,0,0,54,eth:ethertype:ip:tcp,,,,,,,,,,,0.0,Normal,0.0
1744302265534268,10.42.0.1,10.42.0.3,1883,54278,1,45,0,1,0,0,0,0,0,0,0,0,0,0.0,0,,0,0,,0,0,0,0,0,0,0,0,0.0,0,0,0,0,0,64.0,64196.0,0,0,0,54,eth:ethertype:ip:tcp,,,,,,,,,,,0.0,Normal,0.0
1744302265534605,10.42.0.1,10.42.0.3,1883,54278,1,45,0,1,0,0,1,0,4,0,0,0,0,0.0,0,,0,2,,0,0,0,0,2,0,0,0,0.0,0x00,0,0,0,0,64.0,64196.0,0,0,0,58,eth:ethertype:ip:tcp:mqtt,,,,,,,,,,,0.0,Normal,0.0
1744302265571894,10.42.0.1,10.42.0.3,1883,54278,5,231,0,1,0,0,0,0,0,0,0,0,0,0.0,0,,0,0,,0,0,0,0,0,0,0,0,0.0,0,0,0,0,0,64.0,64010.0,0,0,0,54,eth:ethertype:ip:tcp,,,,,,,,,,,0.0,Normal,0.0
1744302265571928,10.42.0.1,10.42.0.3,1883,54278,5,231,0,1,1,0,0,0,0,0,0,0,0,0.0,0,,0,0,,0,0,0,0,0,0,0,0,0.0,0,0,0,0,0,64.0,64010.0,0,0,0,54,eth:ethertype:ip:tcp,,,,,,,,,,,0.0,Normal,0.0
1744302266221176,10.42.0.1,10.42.0.2,1883,49956,0,1,1,1,0,0,0,0,0,0,0,0,0,0.0,0,,0,0,,0,0,0,0,0,0,0,0,0.0,0,0,0,0,0,64.0,64240.0,0,0,0,58,eth:ethertype:ip:tcp,,,,,,,,,,,0.0,Normal,0.0
1744302266227263,10.42.0.1,10.42.0.2,1883,49956,1,4,0,1,0,0,0,0,0,0,0,0,0,0.0,0,,0,0,,0,0,0,0,0,0,0,0,0.0,0,0,0,0,0,64.0,64237.0,0,0,0,54,eth:ethertype:ip:tcp,,,,,,,,,,,0.0,Normal,0.0
1744302266230657,10.42.0.1,10.42.0.2,1883,49956,1,33,0,1,0,0,0,0,0,0,0,0,0,0.0,0,,0,0,,0,0,0,0,0,0,0,0,0.0,0,0,0,0,0,64.0,64208.0,0,0,0,54,eth:ethertype:ip:tcp,,,,,,,,,,,0.0,Normal,0.0
1744302266233711,10.42.0.1,10.42.0.2,1883,49956,1,45,0,1,0,0,0,0,0,0,0,0,0,0.0,0,,0,0,,0,0,0,0,0,0,0,0,0.0,0,0,0,0,0,64.0,64196.0,0,0,0,54,eth:ethertype:ip:tcp,,,,,,,,,,,0.0,Normal,0.0
1744302266234086,10.42.0.1,10.42.0.2,1883,49956,1,45,0,1,0,0,1,0,4,0,0,0,0,0.0,0,,0,2,,0,0,0,0,2,0,0,0,0.0,0x00,0,0,0,0,64.0,64196.0,0,0,0,58,eth:ethertype:ip:tcp:mqtt,,,,,,,,,,,0.0,Normal,0.0
1744302266282385,10.42.0.1,10.42.0.2,1883,49956,5,234,0,1,0,0,0,0,0,0,0,0,0,0.0,0,,0,0,,0,0,0,0,0,0,0,0,0.0,0,0,0,0,0,64.0,64007.0,0,0,0,54,eth:ethertype:ip:tcp,,,,,,,,,,,0.0,Normal,0.0
1744302266282435,10.42.0.1,10.42.0.2,1883,49956,5,234,0,1,1,0,0,0,0,0,0,0,0,0.0,0,,0,0,,0,0,0,0,0,0,0,0,0.0,0,0,0,0,0,64.0,64007.0,0,0,0,54,eth:ethertype:ip:tcp,,,,,,,,,,,0.0,Normal,0.0
1744302280581744,10.42.0.1,10.42.0.149,1883,54279,0,1,1,1,0,0,0,0,0,0,0,0,0,0.0,0,,0,0,,0,0,0,0,0,0,0,0,0.0,0,0,0,0,0,64.0,64240.0,0,0,0,58,eth:ethertype:ip:tcp,,,,,,,,,,,0.0,Normal,0.0
1744302280587779,10.42.0.1,10.42.0.149,1883,54279,1,4,0,1,0,0,0,0,0,0,0,0,0,0.0,0,,0,0,,0,0,0,0,0,0,0,0,0.0,0,0,0,0,0,64.0,64237.0,0,0,0,54,eth:ethertype:ip:tcp,,,,,,,,,,,0.0,Normal,0.0
1744302280591307,10.42.0.1,10.42.0.149,1883,54279,1,33,0,1,0,0,0,0,0,0,0,0,0,0.0,0,,0,0,,0,0,0,0,0,0,0,0,0.0,0,0,0,0,0,64.0,64208.0,0,0,0,54,eth:ethertype:ip:tcp,,,,,,,,,,,0.0,Normal,0.0
1744302280594390,10.42.0.1,10.42.0.149,1883,54279,1,45,0,1,0,0,0,0,0,0,0,0,0,0.0,0,,0,0,,0,0,0,0,0,0,0,0,0.0,0,0,0,0,0,64.0,64196.0,0,0,0,54,eth:ethertype:ip:tcp,,,,,,,,,,,0.0,Normal,0.0
1744302280594718,10.42.0.1,10.42.0.149,1883,54279,1,45,0,1,0,0,1,0,4,0,0,0,0,0.0,0,,0,2,,0,0,0,0,2,0,0,0,0.0,0x00,0,0,0,0,64.0,64196.0,0,0,0,58,eth:ethertype:ip:tcp:mqtt,,,,,,,,,,,0.0,Normal,0.0
1744302280633321,10.42.0.1,10.42.0.149,1883,54279,5,231,0,1,0,0,0,0,0,0,0,0,0,0.0,0,,0,0,,0,0,0,0,0,0,0,0,0.0,0,0,0,0,0,64.0,64010.0,0,0,0,54,eth:ethertype:ip:tcp,,,,,,,,,,,0.0,Normal,0.0
1744302280633355,10.42.0.1,10.42.0.149,1883,54279,5,231,0,1,1,0,0,0,0,0,0,0,0,0.0,0,,0,0,,0,0,0,0,0,0,0,0,0.0,0,0,0,0,0,64.0,64010.0,0,0,0,54,eth:ethertype:ip:tcp,,,,,,,,,,,0.0,Normal,0.0
1744302281290686,10.42.0.1,10.42.0.139,1883,49957,0,1,1,1,0,0,0,0,0,0,0,0,0,0.0,0,,0,0,,0,0,0,0,0,0,0,0,0.0,0,0,0,0,0,64.0,64240.0,0,0,0,58,eth:ethertype:ip:tcp,,,,,,,,,,,0.0,Normal,0.0
1744302281299448,10.42.0.1,10.42.0.139,1883,49957,1,4,0,1,0,0,0,0,0,0,0,0,0,0.0,0,,0,0,,0,0,0,0,0,0,0,0,0.0,0,0,0,0,0,64.0,64237.0,0,0,0,54,eth:ethertype:ip:tcp,,,,,,,,,,,0.0,Normal,0.0
1744302281303054,10.42.0.1,10.42.0.139,1883,49957,1,45,0,1,0,0,0,0,0,0,0,0,0,0.0,0,,0,0,,0,0,0,0,0,0,0,0,0.0,0,0,0,0,0,64.0,64196.0,0,0,0,54,eth:ethertype:ip:tcp,,,,,,,,,,,0.0,Normal,0.0
1744302281303440,10.42.0.1,10.42.0.139,1883,49957,1,45,0,1,0,0,1,0,4,0,0,0,0,0.0,0,,0,2,,0,0,0,0,2,0,0,0,0.0,0x00,0,0,0,0,64.0,64196.0,0,0,0,58,eth:ethertype:ip:tcp:mqtt,,,,,,,,,,,0.0,Normal,0.0
1744302281350844,10.42.0.1,10.42.0.139,1883,49957,5,234,0,1,0,0,0,0,0,0,0,0,0,0.0,0,,0,0,,0,0,0,0,0,0,0,0,0.0,0,0,0,0,0,64.0,64007.0,0,0,0,54,eth:ethertype:ip:tcp,,,,,,,,,,,0.0,Normal,0.0
1744302281350880,10.42.0.1,10.42.0.139,1883,49957,5,234,0,1,1,0,0,0,0,0,0,0,0,0.0,0,,0,0,,0,0,0,0,0,0,0,0,0.0,0,0,0,0,0,64.0,64007.0,0,0,0,54,eth:ethertype:ip:tcp,,,,,,,,,,,0.0,Normal,0.0
1744302295581744,10.42.0.1,10.42.0.3,1883,54279,0,1,1,1,0,0,0,0,0,0,0,0,0,0.0,0,,0,0,,0,0,0,0,0,0,0,0,0.0,0,0,0,0,0,64.0,64240.0,0,0,0,58,eth:ethertype:ip:tcp,,,,,,,,,,,0.0,Normal,0.0
1744302295587779,10.42.0.1,10.42.0.3,1883,54279,1,4,0,1,0,0,0,0,0,0,0,0,0,0.0,0,,0,0,,0,0,0,0,0,0,0,0,0.0,0,0,0,0,0,64.0,64237.0,0,0,0,54,eth:ethertype:ip:tcp,,,,,,,,,,,0.0,Normal,0.0
1744302295591307,10.42.0.1,10.42.0.3,1883,54279,1,33,0,1,0,0,0,0,0,0,0,0,0,0.0,0,,0,0,,0,0,0,0,0,0,0,0,0.0,0,0,0,0,0,64.0,64208.0,0,0,0,54,eth:ethertype:ip:tcp,,,,,,,,,,,0.0,Normal,0.0
1744302295594390,10.42.0.1,10.42.0.3,1883,54279,1,45,0,1,0,0,0,0,0,0,0,0,0,0.0,0,,0,0,,0,0,0,0,0,0,0,0,0.0,0,0,0,0,0,64.0,64196.0,0,0,0,54,eth:ethertype:ip:tcp,,,,,,,,,,,0.0,Normal,0.0
1744302295594718,10.42.0.1,10.42.0.3,1883,54279,1,45,0,1,0,0,1,0,4,0,0,0,0,0.0,0,,0,2,,0,0,0,0,2,0,0,0,0.0,0x00,0,0,0,0,64.0,64196.0,0,0,0,58,eth:ethertype:ip:tcp:mqtt,,,,,,,,,,,0.0,Normal,0.0
1744302295633321,10.42.0.1,10.42.0.3,1883,54279,5,231,0,1,0,0,0,0,0,0,0,0,0,0.0,0,,0,0,,0,0,0,0,0,0,0,0,0.0,0,0,0,0,0,64.0,64010.0,0,0,0,54,eth:ethertype:ip:tcp,,,,,,,,,,,0.0,Normal,0.0
1744302295633355,10.42.0.1,10.42.0.3,1883,54279,5,231,0,1,1,0,0,0,0,0,0,0,0,0.0,0,,0,0,,0,0,0,0,0,0,0,0,0.0,0,0,0,0,0,64.0,64010.0,0,0,0,54,eth:ethertype:ip:tcp,,,,,,,,,,,0.0,Normal,0.0
1744302296290686,10.42.0.1,10.42.0.2,1883,49957,0,1,1,1,0,0,0,0,0,0,0,0,0,0.0,0,,0,0,,0,0,0,0,0,0,0,0,0.0,0,0,0,0,0,64.0,64240.0,0,0,0,58,eth:ethertype:ip:tcp,,,,,,,,,,,0.0,Normal,0.0
1744302296299448,10.42.0.1,10.42.0.2,1883,49957,1,4,0,1,0,0,0,0,0,0,0,0,0,0.0,0,,0,0,,0,0,0,0,0,0,0,0,0.0,0,0,0,0,0,64.0,64237.0,0,0,0,54,eth:ethertype:ip:tcp,,,,,,,,,,,0.0,Normal,0.0
1744302296303054,10.42.0.1,10.42.0.2,1883,49957,1,45,0,1,0,0,0,0,0,0,0,0,0,0.0,0,,0,0,,0,0,0,0,0,0,0,0,0.0,0,0,0,0,0,64.0,64196.0,0,0,0,54,eth:ethertype:ip:tcp,,,,,,,,,,,0.0,Normal,0.0
1744302296303440,10.42.0.1,10.42.0.2,1883,49957,1,45,0,1,0,0,1,0,4,0,0,0,0,0.0,0,,0,2,,0,0,0,0,2,0,0,0,0.0,0x00,0,0,0,0,64.0,64196.0,0,0,0,58,eth:ethertype:ip:tcp:mqtt,,,,,,,,,,,0.0,Normal,0.0
1744302296350844,10.42.0.1,10.42.0.2,1883,49957,5,234,0,1,0,0,0,0,0,0,0,0,0,0.0,0,,0,0,,0,0,0,0,0,0,0,0,0.0,0,0,0,0,0,64.0,64007.0,0,0,0,54,eth:ethertype:ip:tcp,,,,,,,,,,,0.0,Normal,0.0
1744302296350880,10.42.0.1,10.42.0.2,1883,49957,5,234,0,1,1,0,0,0,0,0,0,0,0,0.0,0,,0,0,,0,0,0,0,0,0,0,0,0.0,0,0,0,0,0,64.0,64007.0,0,0,0,54,eth:ethertype:ip:tcp,,,,,,,,,,,0.0,Normal,0.0
1744302310656798,10.42.0.1,10.42.0.149,1883,54280,0,1,1,1,0,0,0,0,0,0,0,0,0,0.0,0,,0,0,,0,0,0,0,0,0,0,0,0.0,0,0,0,0,0,64.0,64240.0,0,0,0,58,eth:ethertype:ip:tcp,,,,,,,,,,,0.0,Normal,0.0
1744302310666164,10.42.0.1,10.42.0.149,1883,54280,1,4,0,1,0,0,0,0,0,0,0,0,0,0.0,0,,0,0,,0,0,0,0,0,0,0,0,0.0,0,0,0,0,0,64.0,64237.0,0,0,0,54,eth:ethertype:ip:tcp,,,,,,,,,,,0.0,Normal,0.0
1744302310669037,10.42.0.1,10.42.0.149,1883,54280,1,45,0,1,0,0,0,0,0,0,0,0,0,0.0,0,,0,0,,0,0,0,0,0,0,0,0,0.0,0,0,0,0,0,64.0,64196.0,0,0,0,54,eth:ethertype:ip:tcp,,,,,,,,,,,0.0,Normal,0.0
1744302310669392,10.42.0.1,10.42.0.149,1883,54280,1,45,0,1,0,0,1,0,4,0,0,0,0,0.0,0,,0,2,,0,0,0,0,2,0,0,0,0.0,0x00,0,0,0,0,64.0,64196.0,0,0,0,58,eth:ethertype:ip:tcp:mqtt,,,,,,,,,,,0.0,Normal,0.0
1744302310724529,10.42.0.1,10.42.0.149,1883,54280,5,231,0,1,0,0,0,0,0,0,0,0,0,0.0,0,,0,0,,0,0,0,0,0,0,0,0,0.0,0,0,0,0,0,64.0,64010.0,0,0,0,54,eth:ethertype:ip:tcp,,,,,,,,,,,0.0,Normal,0.0
1744302310724748,10.42.0.1,10.42.0.149,1883,54280,5,231,0,1,1,0,0,0,0,0,0,0,0,0.0,0,,0,0,,0,0,0,0,0,0,0,0,0.0,0,0,0,0,0,64.0,64010.0,0,0,0,54,eth:ethertype:ip:tcp,,,,,,,,,,,0.0,Normal,0.0
1744302311359799,10.42.0.1,10.42.0.139,1883,49958,0,1,1,1,0,0,0,0,0,0,0,0,0,0.0,0,,0,0,,0,0,0,0,0,0,0,0,0.0,0,0,0,0,0,64.0,64240.0,0,0,0,58,eth:ethertype:ip:tcp,,,,,,,,,,,0.0,Normal,0.0
1744302311365795,10.42.0.1,10.42.0.139,1883,49958,1,4,0,1,0,0,0,0,0,0,0,0,0,0.0,0,,0,0,,0,0,0,0,0,0,0,0,0.0,0,0,0,0,0,64.0,64237.0,0,0,0,54,eth:ethertype:ip:tcp,,,,,,,,,,,0.0,Normal,0.0
1744302311369234,10.42.0.1,10.42.0.139,1883,49958,1,33,0,1,0,0,0,0,0,0,0,0,0,0.0,0,,0,0,,0,0,0,0,0,0,0,0,0.0,0,0,0,0,0,64.0,64208.0,0,0,0,54,eth:ethertype:ip:tcp,,,,,,,,,,,0.0,Normal,0.0
1744302311374512,10.42.0.1,10.42.0.139,1883,49958,1,45,0,1,0,0,0,0,0,0,0,0,0,0.0,0,,0,0,,0,0,0,0,0,0,0,0,0.0,0,0,0,0,0,64.0,64196.0,0,0,0,54,eth:ethertype:ip:tcp,,,,,,,,,,,0.0,Normal,0.0
1744302311374838,10.42.0.1,10.42.0.139,1883,49958,1,45,0,1,0,0,1,0,4,0,0,0,0,0.0,0,,0,2,,0,0,0,0,2,0,0,0,0.0,0x00,0,0,0,0,64.0,64196.0,0,0,0,58,eth:ethertype:ip:tcp:mqtt,,,,,,,,,,,0.0,Normal,0.0
1744302311430168,10.42.0.1,10.42.0.139,1883,49958,5,234,0,1,0,0,0,0,0,0,0,0,0,0.0,0,,0,0,,0,0,0,0,0,0,0,0,0.0,0,0,0,0,0,64.0,64007.0,0,0,0,54,eth:ethertype:ip:tcp,,,,,,,,,,,0.0,Normal,0.0
1744302311430297,10.42.0.1,10.42.0.139,1883,49958,5,234,0,1,1,0,0,0,0,0,0,0,0,0.0,0,,0,0,,0,0,0,0,0,0,0,0,0.0,0,0,0,0,0,64.0,64007.0,0,0,0,54,eth:ethertype:ip:tcp,,,,,,,,,,,0.0,Normal,0.0
1744302325656798,10.42.0.1,10.42.0.3,1883,54280,0,1,1,1,0,0,0,0,0,0,0,0,0,0.0,0,,0,0,,0,0,0,0,0,0,0,0,0.0,0,0,0,0,0,64.0,64240.0,0,0,0,58,eth:ethertype:ip:tcp,,,,,,,,,,,0.0,Normal,0.0
1744302325666164,10.42.0.1,10.42.0.3,1883,54280,1,4,0,1,0,0,0,0,0,0,0,0,0,0.0,0,,0,0,,0,0,0,0,0,0,0,0,0.0,0,0,0,0,0,64.0,64237.0,0,0,0,54,eth:ethertype:ip:tcp,,,,,,,,,,,0.0,Normal,0.0
1744302325669037,10.42.0.1,10.42.0.3,1883,54280,1,45,0,1,0,0,0,0,0,0,0,0,0,0.0,0,,0,0,,0,0,0,0,0,0,0,0,0.0,0,0,0,0,0,64.0,64196.0,0,0,0,54,eth:ethertype:ip:tcp,,,,,,,,,,,0.0,Normal,0.0
1744302325669392,10.42.0.1,10.42.0.3,1883,54280,1,45,0,1,0,0,1,0,4,0,0,0,0,0.0,0,,0,2,,0,0,0,0,2,0,0,0,0.0,0x00,0,0,0,0,64.0,64196.0,0,0,0,58,eth:ethertype:ip:tcp:mqtt,,,,,,,,,,,0.0,Normal,0.0
1744302325724529,10.42.0.1,10.42.0.3,1883,54280,5,231,0,1,0,0,0,0,0,0,0,0,0,0.0,0,,0,0,,0,0,0,0,0,0,0,0,0.0,0,0,0,0,0,64.0,64010.0,0,0,0,54,eth:ethertype:ip:tcp,,,,,,,,,,,0.0,Normal,0.0
1744302325724748,10.42.0.1,10.42.0.3,1883,54280,5,231,0,1,1,0,0,0,0,0,0,0,0,0.0,0,,0,0,,0,0,0,0,0,0,0,0,0.0,0,0,0,0,0,64.0,64010.0,0,0,0,54,eth:ethertype:ip:tcp,,,,,,,,,,,0.0,Normal,0.0
1744302326359799,10.42.0.1,10.42.0.2,1883,49958,0,1,1,1,0,0,0,0,0,0,0,0,0,0.0,0,,0,0,,0,0,0,0,0,0,0,0,0.0,0,0,0,0,0,64.0,64240.0,0,0,0,58,eth:ethertype:ip:tcp,,,,,,,,,,,0.0,Normal,0.0
1744302326365795,10.42.0.1,10.42.0.2,1883,49958,1,4,0,1,0,0,0,0,0,0,0,0,0,0.0,0,,0,0,,0,0,0,0,0,0,0,0,0.0,0,0,0,0,0,64.0,64237.0,0,0,0,54,eth:ethertype:ip:tcp,,,,,,,,,,,0.0,Normal,0.0
1744302326369234,10.42.0.1,10.42.0.2,1883,49958,1,33,0,1,0,0,0,0,0,0,0,0,0,0.0,0,,0,0,,0,0,0,0,0,0,0,0,0.0,0,0,0,0,0,64.0,64208.0,0,0,0,54,eth:ethertype:ip:tcp,,,,,,,,,,,0.0,Normal,0.0
1744302326374512,10.42.0.1,10.42.0.2,1883,49958,1,45,0,1,0,0,0,0,0,0,0,0,0,0.0,0,,0,0,,0,0,0,0,0,0,0,0,0.0,0,0,0,0,0,64.0,64196.0,0,0,0,54,eth:ethertype:ip:tcp,,,,,,,,,,,0.0,Normal,0.0
1744302326374838,10.42.0.1,10.42.0.2,1883,49958,1,45,0,1,0,0,1,0,4,0,0,0,0,0.0,0,,0,2,,0,0,0,0,2,0,0,0,0.0,0x00,0,0,0,0,64.0,64196.0,0,0,0,58,eth:ethertype:ip:tcp:mqtt,,,,,,,,,,,0.0,Normal,0.0
1744302326430168,10.42.0.1,10.42.0.2,1883,49958,5,234,0,1,0,0,0,0,0,0,0,0,0,0.0,0,,0,0,,0,0,0,0,0,0,0,0,0.0,0,0,0,0,0,64.0,64007.0,0,0,0,54,eth:ethertype:ip:tcp,,,,,,,,,,,0.0,Normal,0.0
1744302326430297,10.42.0.1,10.42.0.2,1883,49958,5,234,0,1,1,0,0,0,0,0,0,0,0,0.0,0,,0,0,,0,0,0,0,0,0,0,0,0.0,0,0,0,0,0,64.0,64007.0,0,0,0,54,eth:ethertype:ip:tcp,,,,,,,,,,,0.0,Normal,0.0
1744302340722732,10.42.0.1,10.42.0.149,1883,54281,0,1,1,1,0,0,0,0,0,0,0,0,0,0.0,0,,0,0,,0,0,0,0,0,0,0,0,0.0,0,0,0,0,0,64.0,64240.0,0,0,0,58,eth:ethertype:ip:tcp,,,,,,,,,,,0.0,Normal,0.0
1744302340728797,10.42.0.1,10.42.0.149,1883,54281,1,4,0,1,0,0,0,0,0,0,0,0,0,0.0,0,,0,0,,0,0,0,0,0,0,0,0,0.0,0,0,0,0,0,64.0,64237.0,0,0,0,54,eth:ethertype:ip:tcp,,,,,,,,,,,0.0,Normal,0.0
1744302340732451,10.42.0.1,10.42.0.149,1883,54281,1,35,0,1,0,0,0,0,0,0,0,0,0,0.0,0,,0,0,,0,0,0,0,0,0,0,0,0.0,0,0,0,0,0,64.0,64206.0,0,0,0,54,eth:ethertype:ip:tcp,,,,,,,,,,,0.0,Normal,0.0
1744302340735468,10.42.0.1,10.42.0.149,1883,54281,1,45,0,1,0,0,0,0,0,0,0,0,0,0.0,0,,0,0,,0,0,0,0,0,0,0,0,0.0,0,0,0,0,0,64.0,64196.0,0,0,0,54,eth:ethertype:ip:tcp,,,,,,,,,,,0.0,Normal,0.0
1744302340735780,10.42.0.1,10.42.0.149,1883,54281,1,45,0,1,0,0,1,0,4,0,0,0,0,0.0,0,,0,2,,0,0,0,0,2,0,0,0,0.0,0x00,0,0,0,0,64.0,64196.0,0,0,0,58,eth:ethertype:ip:tcp:mqtt,,,,,,,,,,,0.0,Normal,0.0
1744302340770070,10.42.0.1,10.42.0.149,1883,54281,5,231,0,1,0,0,0,0,0,0,0,0,0,0.0,0,,0,0,,0,0,0,0,0,0,0,0,0.0,0,0,0,0,0,64.0,64010.0,0,0,0,54,eth:ethertype:ip:tcp,,,,,,,,,,,0.0,Normal,0.0
1744302340770105,10.42.0.1,10.42.0.149,1883,54281,5,231,0,1,1,0,0,0,0,0,0,0,0,0.0,0,,0,0,,0,0,0,0,0,0,0,0,0.0,0,0,0,0,0,64.0,64010.0,0,0,0,54,eth:ethertype:ip:tcp,,,,,,,,,,,0.0,Normal,0.0
1744302341439015,10.42.0.1,10.42.0.139,1883,49959,0,1,1,1,0,0,0,0,0,0,0,0,0,0.0,0,,0,0,,0,0,0,0,0,0,0,0,0.0,0,0,0,0,0,64.0,64240.0,0,0,0,58,eth:ethertype:ip:tcp,,,,,,,,,,,0.0,Normal,0.0
1744302341445100,10.42.0.1,10.42.0.139,1883,49959,1,4,0,1,0,0,0,0,0,0,0,0,0,0.0,0,,0,0,,0,0,0,0,0,0,0,0,0.0,0,0,0,0,0,64.0,64237.0,0,0,0,54,eth:ethertype:ip:tcp,,,,,,,,,,,0.0,Normal,0.0
1744302341448526,10.42.0.1,10.42.0.139,1883,49959,1,33,0,1,0,0,0,0,0,0,0,0,0,0.0,0,,0,0,,0,0,0,0,0,0,0,0,0.0,0,0,0,0,0,64.0,64208.0,0,0,0,54,eth:ethertype:ip:tcp,,,,,,,,,,,0.0,Normal,0.0
1744302341451668,10.42.0.1,10.42.0.139,1883,49959,1,45,0,1,0,0,0,0,0,0,0,0,0,0.0,0,,0,0,,0,0,0,0,0,0,0,0,0.0,0,0,0,0,0,64.0,64196.0,0,0,0,54,eth:ethertype:ip:tcp,,,,,,,,,,,0.0,Normal,0.0
1744302341452007,10.42.0.1,10.42.0.139,1883,49959,1,45,0,1,0,0,1,0,4,0,0,0,0,0.0,0,,0,2,,0,0,0,0,2,0,0,0,0.0,0x00,0,0,0,0,64.0,64196.0,0,0,0,58,eth:ethertype:ip:tcp:mqtt,,,,,,,,,,,0.0,Normal,0.0
1744302341499502,10.42.0.1,10.42.0.139,1883,49959,5,234,0,1,0,0,0,0,0,0,0,0,0,0.0,0,,0,0,,0,0,0,0,0,0,0,0,0.0,0,0,0,0,0,64.0,64007.0,0,0,0,54,eth:ethertype:ip:tcp,,,,,,,,,,,0.0,Normal,0.0
1744302341499538,10.42.0.1,10.42.0.139,1883,49959,5,234,0,1,1,0,0,0,0,0,0,0,0,0.0,0,,0,0,,0,0,0,0,0,0,0,0,0.0,0,0,0,0,0,64.0,64007.0,0,0,0,54,eth:ethertype:ip:tcp,,,,,,,,,,,0.0,Normal,0.0
1744302355722732,10.42.0.1,10.42.0.3,1883,54281,0,1,1,1,0,0,0,0,0,0,0,0,0,0.0,0,,0,0,,0,0,0,0,0,0,0,0,0.0,0,0,0,0,0,64.0,64240.0,0,0,0,58,eth:ethertype:ip:tcp,,,,,,,,,,,0.0,Normal,0.0
1744302355728797,10.42.0.1,10.42.0.3,1883,54281,1,4,0,1,0,0,0,0,0,0,0,0,0,0.0,0,,0,0,,0,0,0,0,0,0,0,0,0.0,0,0,0,0,0,64.0,64237.0,0,0,0,54,eth:ethertype:ip:tcp,,,,,,,,,,,0.0,Normal,0.0
1744302355732451,10.42.0.1,10.42.0.3,1883,54281,1,35,0,1,0,0,0,0,0,0,0,0,0,0.0,0,,0,0,,0,0,0,0,0,0,0,0,0.0,0,0,0,0,0,64.0,64206.0,0,0,0,54,eth:ethertype:ip:tcp,,,,,,,,,,,0.0,Normal,0.0
1744302355735468,10.42.0.1,10.42.0.3,1883,54281,1,45,0,1,0,0,0,0,0,0,0,0,0,0.0,0,,0,0,,0,0,0,0,0,0,0,0,0.0,0,0,0,0,0,64.0,64196.0,0,0,0,54,eth:ethertype:ip:tcp,,,,,,,,,,,0.0,Normal,0.0
1744302355735780,10.42.0.1,10.42.0.3,1883,54281,1,45,0,1,0,0,1,0,4,0,0,0,0,0.0,0,,0,2,,0,0,0,0,2,0,0,0,0.0,0x00,0,0,0,0,64.0,64196.0,0,0,0,58,eth:ethertype:ip:tcp:mqtt,,,,,,,,,,,0.0,Normal,0.0
1744302355770070,10.42.0.1,10.42.0.3,1883,54281,5,231,0,1,0,0,0,0,0,0,0,0,0,0.0,0,,0,0,,0,0,0,0,0,0,0,0,0.0,0,0,0,0,0,64.0,64010.0,0,0,0,54,eth:ethertype:ip:tcp,,,,,,,,,,,0.0,Normal,0.0
1744302355770105,10.42.0.1,10.42.0.3,1883,54281,5,231,0,1,1,0,0,0,0,0,0,0,0,0.0,0,,0,0,,0,0,0,0,0,0,0,0,0.0,0,0,0,0,0,64.0,64010.0,0,0,0,54,eth:ethertype:ip:tcp,,,,,,,,,,,0.0,Normal,0.0
1744302356439015,10.42.0.1,10.42.0.2,1883,49959,0,1,1,1,0,0,0,0,0,0,0,0,0,0.0,0,,0,0,,0,0,0,0,0,0,0,0,0.0,0,0,0,0,0,64.0,64240.0,0,0,0,58,eth:ethertype:ip:tcp,,,,,,,,,,,0.0,Normal,0.0
1744302356445100,10.42.0.1,10.42.0.2,1883,49959,1,4,0,1,0,0,0,0,0,0,0,0,0,0.0,0,,0,0,,0,0,0,0,0,0,0,0,0.0,0,0,0,0,0,64.0,64237.0,0,0,0,54,eth:ethertype:ip:tcp,,,,,,,,,,,0.0,Normal,0.0
1744302356448526,10.42.0.1,10.42.0.2,1883,49959,1,33,0,1,0,0,0,0,0,0,0,0,0,0.0,0,,0,0,,0,0,0,0,0,0,0,0,0.0,0,0,0,0,0,64.0,64208.0,0,0,0,54,eth:ethertype:ip:tcp,,,,,,,,,,,0.0,Normal,0.0
1744302356451668,10.42.0.1,10.42.0.2,1883,49959,1,45,0,1,0,0,0,0,0,0,0,0,0,0.0,0,,0,0,,0,0,0,0,0,0,0,0,0.0,0,0,0,0,0,64.0,64196.0,0,0,0,54,eth:ethertype:ip:tcp,,,,,,,,,,,0.0,Normal,0.0
1744302356452007,10.42.0.1,10.42.0.2,1883,49959,1,45,0,1,0,0,1,0,4,0,0,0,0,0.0,0,,0,2,,0,0,0,0,2,0,0,0,0.0,0x00,0,0,0,0,64.0,64196.0,0,0,0,58,eth:ethertype:ip:tcp:mqtt,,,,,,,,,,,0.0,Normal,0.0
1744302356499502,10.42.0.1,10.42.0.2,1883,49959,5,234,0,1,0,0,0,0,0,0,0,0,0,0.0,0,,0,0,,0,0,0,0,0,0,0,0,0.0,0,0,0,0,0,64.0,64007.0,0,0,0,54,eth:ethertype:ip:tcp,,,,,,,,,,,0.0,Normal,0.0
1744302356499538,10.42.0.1,10.42.0.2,1883,49959,5,234,0,1,1,0,0,0,0,0,0,0,0,0.0,0,,0,0,,0,0,0,0,0,0,0,0,0.0,0,0,0,0,0,64.0,64007.0,0,0,0,54,eth:ethertype:ip:tcp,,,,,,,,,,,0.0,Normal,0.0
1744302370779105,10.42.0.1,10.42.0.149,1883,54282,0,1,1,1,0,0,0,0,0,0,0,0,0,0.0,0,,0,0,,0,0,0,0,0,0,0,0,0.0,0,0,0,0,0,64.0,64240.0,0,0,0,58,eth:ethertype:ip:tcp,,,,,,,,,,,0.0,Normal,0.0
1744302370785309,10.42.0.1,10.42.0.149,1883,54282,1,4,0,1,0,0,0,0,0,0,0,0,0,0.0,0,,0,0,,0,0,0,0,0,0,0,0,0.0,0,0,0,0,0,64.0,64237.0,0,0,0,54,eth:ethertype:ip:tcp,,,,,,,,,,,0.0,Normal,0.0
1744302370788806,10.42.0.1,10.42.0.149,1883,54282,1,33,0,1,0,0,0,0,0,0,0,0,0,0.0,0,,0,0,,0,0,0,0,0,0,0,0,0.0,0,0,0,0,0,64.0,64208.0,0,0,0,54,eth:ethertype:ip:tcp,,,,,,,,,,,0.0,Normal,0.0
1744302370792798,10.42.0.1,10.42.0.149,1883,54282,1,45,0,1,0,0,0,0,0,0,0,0,0,0.0,0,,0,0,,0,0,0,0,0,0,0,0,0.0,0,0,0,0,0,64.0,64196.0,0,0,0,54,eth:ethertype:ip:tcp,,,,,,,,,,,0.0,Normal,0.0
1744302370793100,10.42.0.1,10.42.0.149,1883,54282,1,45,0,1,0,0,1,0,4,0,0,0,0,0.0,0,,0,2,,0,0,0,0,2,0,0,0,0.0,0x00,0,0,0,0,64.0,64196.0,0,0,0,58,eth:ethertype:ip:tcp:mqtt,,,,,,,,,,,0.0,Normal,0.0
1744302370829412,10.42.0.1,10.42.0.149,1883,54282,5,231,0,1,0,0,0,0,0,0,0,0,0,0.0,0,,0,0,,0,0,0,0,0,0,0,0,0.0,0,0,0,0,0,64.0,64010.0,0,0,0,54,eth:ethertype:ip:tcp,,,,,,,,,,,0.0,Normal,0.0
1744302370829449,10.42.0.1,10.42.0.149,1883,54282,5,231,0,1,1,0,0,0,0,0,0,0,0,0.0,0,,0,0,,0,0,0,0,0,0,0,0,0.0,0,0,0,0,0,64.0,64010.0,0,0,0,54,eth:ethertype:ip:tcp,,,,,,,,,,,0.0,Normal,0.0
1744302371509624,10.42.0.1,10.42.0.139,1883,49960,0,1,1,1,0,0,0,0,0,0,0,0,0,0.0,0,,0,0,,0,0,0,0,0,0,0,0,0.0,0,0,0,0,0,64.0,64240.0,0,0,0,58,eth:ethertype:ip:tcp,,,,,,,,,,,0.0,Normal,0.0
1744302371517090,10.42.0.1,10.42.0.139,1883,49960,1,4,0,1,0,0,0,0,0,0,0,0,0,0.0,0,,0,0,,0,0,0,0,0,0,0,0,0.0,0,0,0,0,0,64.0,64237.0,0,0,0,54,eth:ethertype:ip:tcp,,,,,,,,,,,0.0,Normal,0.0
1744302371520458,10.42.0.1,10.42.0.139,1883,49960,1,35,0,1,0,0,0,0,0,0,0,0,0,0.0,0,,0,0,,0,0,0,0,0,0,0,0,0.0,0,0,0,0,0,64.0,64206.0,0,0,0,54,eth:ethertype:ip:tcp,,,,,,,,,,,0.0,Normal,0.0
1744302371523654,10.42.0.1,10.42.0.139,1883,49960,1,45,0,1,0,0,0,0,0,0,0,0,0,0.0,0,,0,0,,0,0,0,0,0,0,0,0,0.0,0,0,0,0,0,64.0,64196.0,0,0,0,54,eth:ethertype:ip:tcp,,,,,,,,,,,0.0,Normal,0.0
1744302371523980,10.42.0.1,10.42.0.139,1883,49960,1,45,0,1,0,0,1,0,4,0,0,0,0,0.0,0,,0,2,,0,0,0,0,2,0,0,0,0.0,0x00,0,0,0,0,64.0,64196.0,0,0,0,58,eth:ethertype:ip:tcp:mqtt,,,,,,,,,,,0.0,Normal,0.0
1744302371568745,10.42.0.1,10.42.0.139,1883,49960,5,234,0,1,0,0,0,0,0,0,0,0,0,0.0,0,,0,0,,0,0,0,0,0,0,0,0,0.0,0,0,0,0,0,64.0,64007.0,0,0,0,54,eth:ethertype:ip:tcp,,,,,,,,,,,0.0,Normal,0.0
1744302371568783,10.42.0.1,10.42.0.139,1883,49960,5,234,0,1,1,0,0,0,0,0,0,0,0,0.0,0,,0,0,,0,0,0,0,0,0,0,0,0.0,0,0,0,0,0,64.0,64007.0,0,0,0,54,eth:ethertype:ip:tcp,,,,,,,,,,,0.0,Normal,0.0
1744302385779105,10.42.0.1,10.42.0.3,1883,54282,0,1,1,1,0,0,0,0,0,0,0,0,0,0.0,0,,0,0,,0,0,0,0,0,0,0,0,0.0,0,0,0,0,0,64.0,64240.0,0,0,0,58,eth:ethertype:ip:tcp,,,,,,,,,,,0.0,Normal,0.0
1744302385785309,10.42.0.1,10.42.0.3,1883,54282,1,4,0,1,0,0,0,0,0,0,0,0,0,0.0,0,,0,0,,0,0,0,0,0,0,0,0,0.0,0,0,0,0,0,64.0,64237.0,0,0,0,54,eth:ethertype:ip:tcp,,,,,,,,,,,0.0,Normal,0.0
1744302385788806,10.42.0.1,10.42.0.3,1883,54282,1,33,0,1,0,0,0,0,0,0,0,0,0,0.0,0,,0,0,,0,0,0,0,0,0,0,0,0.0,0,0,0,0,0,64.0,64208.0,0,0,0,54,eth:ethertype:ip:tcp,,,,,,,,,,,0.0,Normal,0.0
1744302385792798,10.42.0.1,10.42.0.3,1883,54282,1,45,0,1,0,0,0,0,0,0,0,0,0,0.0,0,,0,0,,0,0,0,0,0,0,0,0,0.0,0,0,0,0,0,64.0,64196.0,0,0,0,54,eth:ethertype:ip:tcp,,,,,,,,,,,0.0,Normal,0.0
1744302385793100,10.42.0.1,10.42.0.3,1883,54282,1,45,0,1,0,0,1,0,4,0,0,0,0,0.0,0,,0,2,,0,0,0,0,2,0,0,0,0.0,0x00,0,0,0,0,64.0,64196.0,0,0,0,58,eth:ethertype:ip:tcp:mqtt,,,,,,,,,,,0.0,Normal,0.0
1744302385829412,10.42.0.1,10.42.0.3,1883,54282,5,231,0,1,0,0,0,0,0,0,0,0,0,0.0,0,,0,0,,0,0,0,0,0,0,0,0,0.0,0,0,0,0,0,64.0,64010.0,0,0,0,54,eth:ethertype:ip:tcp,,,,,,,,,,,0.0,Normal,0.0
1744302385829449,10.42.0.1,10.42.0.3,1883,54282,5,231,0,1,1,0,0,0,0,0,0,0,0,0.0,0,,0,0,,0,0,0,0,0,0,0,0,0.0,0,0,0,0,0,64.0,64010.0,0,0,0,54,eth:ethertype:ip:tcp,,,,,,,,,,,0.0,Normal,0.0
1744302386509624,10.42.0.1,10.42.0.2,1883,49960,0,1,1,1,0,0,0,0,0,0,0,0,0,0.0,0,,0,0,,0,0,0,0,0,0,0,0,0.0,0,0,0,0,0,64.0,64240.0,0,0,0,58,eth:ethertype:ip:tcp,,,,,,,,,,,0.0,Normal,0.0
1744302386517090,10.42.0.1,10.42.0.2,1883,49960,1,4,0,1,0,0,0,0,0,0,0,0,0,0.0,0,,0,0,,0,0,0,0,0,0,0,0,0.0,0,0,0,0,0,64.0,64237.0,0,0,0,54,eth:ethertype:ip:tcp,,,,,,,,,,,0.0,Normal,0.0
1744302386520458,10.42.0.1,10.42.0.2,1883,49960,1,35,0,1,0,0,0,0,0,0,0,0,0,0.0,0,,0,0,,0,0,0,0,0,0,0,0,0.0,0,0,0,0,0,64.0,64206.0,0,0,0,54,eth:ethertype:ip:tcp,,,,,,,,,,,0.0,Normal,0.0
1744302386523654,10.42.0.1,10.42.0.2,1883,49960,1,45,0,1,0,0,0,0,0,0,0,0,0,0.0,0,,0,0,,0,0,0,0,0,0,0,0,0.0,0,0,0,0,0,64.0,64196.0,0,0,0,54,eth:ethertype:ip:tcp,,,,,,,,,,,0.0,Normal,0.0
1744302386523980,10.42.0.1,10.42.0.2,1883,49960,1,45,0,1,0,0,1,0,4,0,0,0,0,0.0,0,,0,2,,0,0,0,0,2,0,0,0,0.0,0x00,0,0,0,0,64.0,64196.0,0,0,0,58,eth:ethertype:ip:tcp:mqtt,,,,,,,,,,,0.0,Normal,0.0
1744302386568745,10.42.0.1,10.42.0.2,1883,49960,5,234,0,1,0,0,0,0,0,0,0,0,0,0.0,0,,0,0,,0,0,0,0,0,0,0,0,0.0,0,0,0,0,0,64.0,64007.0,0,0,0,54,eth:ethertype:ip:tcp,,,,,,,,,,,0.0,Normal,0.0
1744302386568783,10.42.0.1,10.42.0.2,1883,49960,5,234,0,1,1,0,0,0,0,0,0,0,0,0.0,0,,0,0,,0,0,0,0,0,0,0,0,0.0,0,0,0,0,0,64.0,64007.0,0,0,0,54,eth:ethertype:ip:tcp,,,,,,,,,,,0.0,Normal,0.0
1744302400838363,10.42.0.1,10.42.0.149,1883,54283,0,1,1,1,0,0,0,0,0,0,0,0,0,0.0,0,,0,0,,0,0,0,0,0,0,0,0,0.0,0,0,0,0,0,64.0,64240.0,0,0,0,58,eth:ethertype:ip:tcp,,,,,,,,,,,0.0,Normal,0.0
1744302400844463,10.42.0.1,10.42.0.149,1883,54283,1,4,0,1,0,0,0,0,0,0,0,0,0,0.0,0,,0,0,,0,0,0,0,0,0,0,0,0.0,0,0,0,0,0,64.0,64237.0,0,0,0,54,eth:ethertype:ip:tcp,,,,,,,,,,,0.0,Normal,0.0
1744302400847930,10.42.0.1,10.42.0.149,1883,54283,1,33,0,1,0,0,0,0,0,0,0,0,0,0.0,0,,0,0,,0,0,0,0,0,0,0,0,0.0,0,0,0,0,0,64.0,64208.0,0,0,0,54,eth:ethertype:ip:tcp,,,,,,,,,,,0.0,Normal,0.0
1744302400850973,10.42.0.1,10.42.0.149,1883,54283,1,45,0,1,0,0,0,0,0,0,0,0,0,0.0,0,,0,0,,0,0,0,0,0,0,0,0,0.0,0,0,0,0,0,64.0,64196.0,0,0,0,54,eth:ethertype:ip:tcp,,,,,,,,,,,0.0,Normal,0.0
1744302400851323,10.42.0.1,10.42.0.149,1883,54283,1,45,0,1,0,0,1,0,4,0,0,0,0,0.0,0,,0,2,,0,0,0,0,2,0,0,0,0.0,0x00,0,0,0,0,64.0,64196.0,0,0,0,58,eth:ethertype:ip:tcp:mqtt,,,,,,,,,,,0.0,Normal,0.0
1744302400889821,10.42.0.1,10.42.0.149,1883,54283,5,231,0,1,0,0,0,0,0,0,0,0,0,0.0,0,,0,0,,0,0,0,0,0,0,0,0,0.0,0,0,0,0,0,64.0,64010.0,0,0,0,54,eth:ethertype:ip:tcp,,,,,,,,,,,0.0,Normal,0.0
1744302400889855,10.42.0.1,10.42.0.149,1883,54283,5,231,0,1,1,0,0,0,0,0,0,0,0,0.0,0,,0,0,,0,0,0,0,0,0,0,0,0.0,0,0,0,0,0,64.0,64010.0,0,0,0,54,eth:ethertype:ip:tcp,,,,,,,,,,,0.0,Normal,0.0
1744302401577290,10.42.0.1,10.42.0.139,1883,49961,0,1,1,1,0,0,0,0,0,0,0,0,0,0.0,0,,0,0,,0,0,0,0,0,0,0,0,0.0,0,0,0,0,0,64.0,64240.0,0,0,0,58,eth:ethertype:ip:tcp,,,,,,,,,,,0.0,Normal,0.0
1744302401583219,10.42.0.1,10.42.0.139,1883,49961,1,4,0,1,0,0,0,0,0,0,0,0,0,0.0,0,,0,0,,0,0,0,0,0,0,0,0,0.0,0,0,0,0,0,64.0,64237.0,0,0,0,54,eth:ethertype:ip:tcp,,,,,,,,,,,0.0,Normal,0.0
1744302401586597,10.42.0.1,10.42.0.139,1883,49961,1,33,0,1,0,0,0,0,0,0,0,0,0,0.0,0,,0,0,,0,0,0,0,0,0,0,0,0.0,0,0,0,0,0,64.0,64208.0,0,0,0,54,eth:ethertype:ip:tcp,,,,,,,,,,,0.0,Normal,0.0
1744302401589781,10.42.0.1,10.42.0.139,1883,49961,1,45,0,1,0,0,0,0,0,0,0,0,0,0.0,0,,0,0,,0,0,0,0,0,0,0,0,0.0,0,0,0,0,0,64.0,64196.0,0,0,0,54,eth:ethertype:ip:tcp,,,,,,,,,,,0.0,Normal,0.0
1744302401590141,10.42.0.1,10.42.0.139,1883,49961,1,45,0,1,0,0,1,0,4,0,0,0,0,0.0,0,,0,2,,0,0,0,0,2,0,0,0,0.0,0x00,0,0,0,0,64.0,64196.0,0,0,0,58,eth:ethertype:ip:tcp:mqtt,,,,,,,,,,,0.0,Normal,0.0
1744302401638169,10.42.0.1,10.42.0.139,1883,49961,5,234,0,1,0,0,0,0,0,0,0,0,0,0.0,0,,0,0,,0,0,0,0,0,0,0,0,0.0,0,0,0,0,0,64.0,64007.0,0,0,0,54,eth:ethertype:ip:tcp,,,,,,,,,,,0.0,Normal,0.0
1744302401638206,10.42.0.1,10.42.0.139,1883,49961,5,234,0,1,1,0,0,0,0,0,0,0,0,0.0,0,,0,0,,0,0,0,0,0,0,0,0,0.0,0,0,0,0,0,64.0,64007.0,0,0,0,54,eth:ethertype:ip:tcp,,,,,,,,,,,0.0,Normal,0.0
1744302415838363,10.42.0.1,10.42.0.3,1883,54283,0,1,1,1,0,0,0,0,0,0,0,0,0,0.0,0,,0,0,,0,0,0,0,0,0,0,0,0.0,0,0,0,0,0,64.0,64240.0,0,0,0,58,eth:ethertype:ip:tcp,,,,,,,,,,,0.0,Normal,0.0
1744302415844463,10.42.0.1,10.42.0.3,1883,54283,1,4,0,1,0,0,0,0,0,0,0,0,0,0.0,0,,0,0,,0,0,0,0,0,0,0,0,0.0,0,0,0,0,0,64.0,64237.0,0,0,0,54,eth:ethertype:ip:tcp,,,,,,,,,,,0.0,Normal,0.0
1744302415847930,10.42.0.1,10.42.0.3,1883,54283,1,33,0,1,0,0,0,0,0,0,0,0,0,0.0,0,,0,0,,0,0,0,0,0,0,0,0,0.0,0,0,0,0,0,64.0,64208.0,0,0,0,54,eth:ethertype:ip:tcp,,,,,,,,,,,0.0,Normal,0.0
1744302415850973,10.42.0.1,10.42.0.3,1883,54283,1,45,0,1,0,0,0,0,0,0,0,0,0,0.0,0,,0,0,,0,0,0,0,0,0,0,0,0.0,0,0,0,0,0,64.0,64196.0,0,0,0,54,eth:ethertype:ip:tcp,,,,,,,,,,,0.0,Normal,0.0
1744302415851323,10.42.0.1,10.42.0.3,1883,54283,1,45,0,1,0,0,1,0,4,0,0,0,0,0.0,0,,0,2,,0,0,0,0,2,0,0,0,0.0,0x00,0,0,0,0,64.0,64196.0,0,0,0,58,eth:ethertype:ip:tcp:mqtt,,,,,,,,,,,0.0,Normal,0.0
1744302415889821,10.42.0.1,10.42.0.3,1883,54283,5,231,0,1,0,0,0,0,0,0,0,0,0,0.0,0,,0,0,,0,0,0,0,0,0,0,0,0.0,0,0,0,0,0,64.0,64010.0,0,0,0,54,eth:ethertype:ip:tcp,,,,,,,,,,,0.0,Normal,0.0
1744302415889855,10.42.0.1,10.42.0.3,1883,54283,5,231,0,1,1,0,0,0,0,0,0,0,0,0.0,0,,0,0,,0,0,0,0,0,0,0,0,0.0,0,0,0,0,0,64.0,64010.0,0,0,0,54,eth:ethertype:ip:tcp,,,,,,,,,,,0.0,Normal,0.0
1744302416577290,10.42.0.1,10.42.0.2,1883,49961,0,1,1,1,0,0,0,0,0,0,0,0,0,0.0,0,,0,0,,0,0,0,0,0,0,0,0,0.0,0,0,0,0,0,64.0,64240.0,0,0,0,58,eth:ethertype:ip:tcp,,,,,,,,,,,0.0,Normal,0.0
1744302416583219,10.42.0.1,10.42.0.2,1883,49961,1,4,0,1,0,0,0,0,0,0,0,0,0,0.0,0,,0,0,,0,0,0,0,0,0,0,0,0.0,0,0,0,0,0,64.0,64237.0,0,0,0,54,eth:ethertype:ip:tcp,,,,,,,,,,,0.0,Normal,0.0
1744302416586597,10.42.0.1,10.42.0.2,1883,49961,1,33,0,1,0,0,0,0,0,0,0,0,0,0.0,0,,0,0,,0,0,0,0,0,0,0,0,0.0,0,0,0,0,0,64.0,64208.0,0,0,0,54,eth:ethertype:ip:tcp,,,,,,,,,,,0.0,Normal,0.0
1744302416589781,10.42.0.1,10.42.0.2,1883,49961,1,45,0,1,0,0,0,0,0,0,0,0,0,0.0,0,,0,0,,0,0,0,0,0,0,0,0,0.0,0,0,0,0,0,64.0,64196.0,0,0,0,54,eth:ethertype:ip:tcp,,,,,,,,,,,0.0,Normal,0.0
1744302416590141,10.42.0.1,10.42.0.2,1883,49961,1,45,0,1,0,0,1,0,4,0,0,0,0,0.0,0,,0,2,,0,0,0,0,2,0,0,0,0.0,0x00,0,0,0,0,64.0,64196.0,0,0,0,58,eth:ethertype:ip:tcp:mqtt,,,,,,,,,,,0.0,Normal,0.0
1744302416638169,10.42.0.1,10.42.0.2,1883,49961,5,234,0,1,0,0,0,0,0,0,0,0,0,0.0,0,,0,0,,0,0,0,0,0,0,0,0,0.0,0,0,0,0,0,64.0,64007.0,0,0,0,54,eth:ethertype:ip:tcp,,,,,,,,,,,0.0,Normal,0.0
1744302416638206,10.42.0.1,10.42.0.2,1883,49961,5,234,0,1,1,0,0,0,0,0,0,0,0,0.0,0,,0,0,,0,0,0,0,0,0,0,0,0.0,0,0,0,0,0,64.0,64007.0,0,0,0,54,eth:ethertype:ip:tcp,,,,,,,,,,,0.0,Normal,0.0
1744302430897134,10.42.0.1,10.42.0.149,1883,54284,0,1,1,1,0,0,0,0,0,0,0,0,0,0.0,0,,0,0,,0,0,0,0,0,0,0,0,0.0,0,0,0,0,0,64.0,64240.0,0,0,0,58,eth:ethertype:ip:tcp,,,,,,,,,,,0.0,Normal,0.0
1744302430905690,10.42.0.1,10.42.0.149,1883,54284,1,4,0,1,0,0,0,0,0,0,0,0,0,0.0,0,,0,0,,0,0,0,0,0,0,0,0,0.0,0,0,0,0,0,64.0,64237.0,0,0,0,54,eth:ethertype:ip:tcp,,,,,,,,,,,0.0,Normal,0.0
1744302430909550,10.42.0.1,10.42.0.149,1883,54284,1,45,0,1,0,0,0,0,0,0,0,0,0,0.0,0,,0,0,,0,0,0,0,0,0,0,0,0.0,0,0,0,0,0,64.0,64196.0,0,0,0,54,eth:ethertype:ip:tcp,,,,,,,,,,,0.0,Normal,0.0
1744302430909924,10.42.0.1,10.42.0.149,1883,54284,1,45,0,1,0,0,1,0,4,0,0,0,0,0.0,0,,0,2,,0,0,0,0,2,0,0,0,0.0,0x00,0,0,0,0,64.0,64196.0,0,0,0,58,eth:ethertype:ip:tcp:mqtt,,,,,,,,,,,0.0,Normal,0.0
1744302430948185,10.42.0.1,10.42.0.149,1883,54284,5,231,0,1,0,0,0,0,0,0,0,0,0,0.0,0,,0,0,,0,0,0,0,0,0,0,0,0.0,0,0,0,0,0,64.0,64010.0,0,0,0,54,eth:ethertype:ip:tcp,,,,,,,,,,,0.0,Normal,0.0
1744302430948222,10.42.0.1,10.42.0.149,1883,54284,5,231,0,1,1,0,0,0,0,0,0,0,0,0.0,0,,0,0,,0,0,0,0,0,0,0,0,0.0,0,0,0,0,0,64.0,64010.0,0,0,0,54,eth:ethertype:ip:tcp,,,,,,,,,,,0.0,Normal,0.0
1744302431647033,10.42.0.1,10.42.0.139,1883,49962,0,1,1,1,0,0,0,0,0,0,0,0,0,0.0,0,,0,0,,0,0,0,0,0,0,0,0,0.0,0,0,0,0,0,64.0,64240.0,0,0,0,58,eth:ethertype:ip:tcp,,,,,,,,,,,0.0,Normal,0.0
1744302431653178,10.42.0.1,10.42.0.139,1883,49962,1,4,0,1,0,0,0,0,0,0,0,0,0,0.0,0,,0,0,,0,0,0,0,0,0,0,0,0.0,0,0,0,0,0,64.0,64237.0,0,0,0,54,eth:ethertype:ip:tcp,,,,,,,,,,,0.0,Normal,0.0
1744302431656658,10.42.0.1,10.42.0.139,1883,49962,1,33,0,1,0,0,0,0,0,0,0,0,0,0.0,0,,0,0,,0,0,0,0,0,0,0,0,0.0,0,0,0,0,0,64.0,64208.0,0,0,0,54,eth:ethertype:ip:tcp,,,,,,,,,,,0.0,Normal,0.0
1744302431659625,10.42.0.1,10.42.0.139,1883,49962,1,45,0,1,0,0,0,0,0,0,0,0,0,0.0,0,,0,0,,0,0,0,0,0,0,0,0,0.0,0,0,0,0,0,64.0,64196.0,0,0,0,54,eth:ethertype:ip:tcp,,,,,,,,,,,0.0,Normal,0.0
1744302431659906,10.42.0.1,10.42.0.139,1883,49962,1,45,0,1,0,0,1,0,4,0,0,0,0,0.0,0,,0,2,,0,0,0,0,2,0,0,0,0.0,0x00,0,0,0,0,64.0,64196.0,0,0,0,58,eth:ethertype:ip:tcp:mqtt,,,,,,,,,,,0.0,Normal,0.0
1744302431707570,10.42.0.1,10.42.0.139,1883,49962,5,234,0,1,0,0,0,0,0,0,0,0,0,0.0,0,,0,0,,0,0,0,0,0,0,0,0,0.0,0,0,0,0,0,64.0,64007.0,0,0,0,54,eth:ethertype:ip:tcp,,,,,,,,,,,0.0,Normal,0.0
1744302431707612,10.42.0.1,10.42.0.139,1883,49962,5,234,0,1,1,0,0,0,0,0,0,0,0,0.0,0,,0,0,,0,0,0,0,0,0,0,0,0.0,0,0,0,0,0,64.0,64007.0,0,0,0,54,eth:ethertype:ip:tcp,,,,,,,,,,,0.0,Normal,0.0
1744302445897134,10.42.0.1,10.42.0.3,1883,54284,0,1,1,1,0,0,0,0,0,0,0,0,0,0.0,0,,0,0,,0,0,0,0,0,0,0,0,0.0,0,0,0,0,0,64.0,64240.0,0,0,0,58,eth:ethertype:ip:tcp,,,,,,,,,,,0.0,Normal,0.0
1744302445905690,10.42.0.1,10.42.0.3,1883,54284,1,4,0,1,0,0,0,0,0,0,0,0,0,0.0,0,,0,0,,0,0,0,0,0,0,0,0,0.0,0,0,0,0,0,64.0,64237.0,0,0,0,54,eth:ethertype:ip:tcp,,,,,,,,,,,0.0,Normal,0.0
1744302445909550,10.42.0.1,10.42.0.3,1883,54284,1,45,0,1,0,0,0,0,0,0,0,0,0,0.0,0,,0,0,,0,0,0,0,0,0,0,0,0.0,0,0,0,0,0,64.0,64196.0,0,0,0,54,eth:ethertype:ip:tcp,,,,,,,,,,,0.0,Normal,0.0
1744302445909924,10.42.0.1,10.42.0.3,1883,54284,1,45,0,1,0,0,1,0,4,0,0,0,0,0.0,0,,0,2,,0,0,0,0,2,0,0,0,0.0,0x00,0,0,0,0,64.0,64196.0,0,0,0,58,eth:ethertype:ip:tcp:mqtt,,,,,,,,,,,0.0,Normal,0.0
1744302445948185,10.42.0.1,10.42.0.3,1883,54284,5,231,0,1,0,0,0,0,0,0,0,0,0,0.0,0,,0,0,,0,0,0,0,0,0,0,0,0.0,0,0,0,0,0,64.0,64010.0,0,0,0,54,eth:ethertype:ip:tcp,,,,,,,,,,,0.0,Normal,0.0
1744302445948222,10.42.0.1,10.42.0.3,1883,54284,5,231,0,1,1,0,0,0,0,0,0,0,0,0.0,0,,0,0,,0,0,0,0,0,0,0,0,0.0,0,0,0,0,0,64.0,64010.0,0,0,0,54,eth:ethertype:ip:tcp,,,,,,,,,,,0.0,Normal,0.0
1744302446647033,10.42.0.1,10.42.0.2,1883,49962,0,1,1,1,0,0,0,0,0,0,0,0,0,0.0,0,,0,0,,0,0,0,0,0,0,0,0,0.0,0,0,0,0,0,64.0,64240.0,0,0,0,58,eth:ethertype:ip:tcp,,,,,,,,,,,0.0,Normal,0.0
1744302446653178,10.42.0.1,10.42.0.2,1883,49962,1,4,0,1,0,0,0,0,0,0,0,0,0,0.0,0,,0,0,,0,0,0,0,0,0,0,0,0.0,0,0,0,0,0,64.0,64237.0,0,0,0,54,eth:ethertype:ip:tcp,,,,,,,,,,,0.0,Normal,0.0
1744302446656658,10.42.0.1,10.42.0.2,1883,49962,1,33,0,1,0,0,0,0,0,0,0,0,0,0.0,0,,0,0,,0,0,0,0,0,0,0,0,0.0,0,0,0,0,0,64.0,64208.0,0,0,0,54,eth:ethertype:ip:tcp,,,,,,,,,,,0.0,Normal,0.0
1744302446659625,10.42.0.1,10.42.0.2,1883,49962,1,45,0,1,0,0,0,0,0,0,0,0,0,0.0,0,,0,0,,0,0,0,0,0,0,0,0,0.0,0,0,0,0,0,64.0,64196.0,0,0,0,54,eth:ethertype:ip:tcp,,,,,,,,,,,0.0,Normal,0.0
1744302446659906,10.42.0.1,10.42.0.2,1883,49962,1,45,0,1,0,0,1,0,4,0,0,0,0,0.0,0,,0,2,,0,0,0,0,2,0,0,0,0.0,0x00,0,0,0,0,64.0,64196.0,0,0,0,58,eth:ethertype:ip:tcp:mqtt,,,,,,,,,,,0.0,Normal,0.0
1744302446707570,10.42.0.1,10.42.0.2,1883,49962,5,234,0,1,0,0,0,0,0,0,0,0,0,0.0,0,,0,0,,0,0,0,0,0,0,0,0,0.0,0,0,0,0,0,64.0,64007.0,0,0,0,54,eth:ethertype:ip:tcp,,,,,,,,,,,0.0,Normal,0.0
1744302446707612,10.42.0.1,10.42.0.2,1883,49962,5,234,0,1,1,0,0,0,0,0,0,0,0,0.0,0,,0,0,,0,0,0,0,0,0,0,0,0.0,0,0,0,0,0,64.0,64007.0,0,0,0,54,eth:ethertype:ip:tcp,,,,,,,,,,,0.0,Normal,0.0
1744302460957434,10.42.0.1,10.42.0.149,1883,54285,0,1,1,1,0,0,0,0,0,0,0,0,0,0.0,0,,0,0,,0,0,0,0,0,0,0,0,0.0,0,0,0,0,0,64.0,64240.0,0,0,0,58,eth:ethertype:ip:tcp,,,,,,,,,,,0.0,Normal,0.0
1744302460963558,10.42.0.1,10.42.0.149,1883,54285,1,4,0,1,0,0,0,0,0,0,0,0,0,0.0,0,,0,0,,0,0,0,0,0,0,0,0,0.0,0,0,0,0,0,64.0,64237.0,0,0,0,54,eth:ethertype:ip:tcp,,,,,,,,,,,0.0,Normal,0.0
1744302460967783,10.42.0.1,10.42.0.149,1883,54285,1,35,0,1,0,0,0,0,0,0,0,0,0,0.0,0,,0,0,,0,0,0,0,0,0,0,0,0.0,0,0,0,0,0,64.0,64206.0,0,0,0,54,eth:ethertype:ip:tcp,,,,,,,,,,,0.0,Normal,0.0
1744302460970822,10.42.0.1,10.42.0.149,1883,54285,1,45,0,1,0,0,0,0,0,0,0,0,0,0.0,0,,0,0,,0,0,0,0,0,0,0,0,0.0,0,0,0,0,0,64.0,64196.0,0,0,0,54,eth:ethertype:ip:tcp,,,,,,,,,,,0.0,Normal,0.0
1744302460971177,10.42.0.1,10.42.0.149,1883,54285,1,45,0,1,0,0,1,0,4,0,0,0,0,0.0,0,,0,2,,0,0,0,0,2,0,0,0,0.0,0x00,0,0,0,0,64.0,64196.0,0,0,0,58,eth:ethertype:ip:tcp:mqtt,,,,,,,,,,,0.0,Normal,0.0
1744302461008420,10.42.0.1,10.42.0.149,1883,54285,5,231,0,1,0,0,0,0,0,0,0,0,0,0.0,0,,0,0,,0,0,0,0,0,0,0,0,0.0,0,0,0,0,0,64.0,64010.0,0,0,0,54,eth:ethertype:ip:tcp,,,,,,,,,,,0.0,Normal,0.0
1744302461008451,10.42.0.1,10.42.0.149,1883,54285,5,231,0,1,1,0,0,0,0,0,0,0,0,0.0,0,,0,0,,0,0,0,0,0,0,0,0,0.0,0,0,0,0,0,64.0,64010.0,0,0,0,54,eth:ethertype:ip:tcp,,,,,,,,,,,0.0,Normal,0.0
1744302461716202,10.42.0.1,10.42.0.139,1883,49963,0,1,1,1,0,0,0,0,0,0,0,0,0,0.0,0,,0,0,,0,0,0,0,0,0,0,0,0.0,0,0,0,0,0,64.0,64240.0,0,0,0,58,eth:ethertype:ip:tcp,,,,,,,,,,,0.0,Normal,0.0
1744302461724139,10.42.0.1,10.42.0.139,1883,49963,1,4,0,1,0,0,0,0,0,0,0,0,0,0.0,0,,0,0,,0,0,0,0,0,0,0,0,0.0,0,0,0,0,0,64.0,64237.0,0,0,0,54,eth:ethertype:ip:tcp,,,,,,,,,,,0.0,Normal,0.0
1744302461728864,10.42.0.1,10.42.0.139,1883,49963,1,45,0,1,0,0,0,0,0,0,0,0,0,0.0,0,,0,0,,0,0,0,0,0,0,0,0,0.0,0,0,0,0,0,64.0,64196.0,0,0,0,54,eth:ethertype:ip:tcp,,,,,,,,,,,0.0,Normal,0.0
1744302461729191,10.42.0.1,10.42.0.139,1883,49963,1,45,0,1,0,0,1,0,4,0,0,0,0,0.0,0,,0,2,,0,0,0,0,2,0,0,0,0.0,0x00,0,0,0,0,64.0,64196.0,0,0,0,58,eth:ethertype:ip:tcp:mqtt,,,,,,,,,,,0.0,Normal,0.0
1744302461776764,10.42.0.1,10.42.0.139,1883,49963,5,234,0,1,0,0,0,0,0,0,0,0,0,0.0,0,,0,0,,0,0,0,0,0,0,0,0,0.0,0,0,0,0,0,64.0,64007.0,0,0,0,54,eth:ethertype:ip:tcp,,,,,,,,,,,0.0,Normal,0.0
1744302461776848,10.42.0.1,10.42.0.139,1883,49963,5,234,0,1,1,0,0,0,0,0,0,0,0,0.0,0,,0,0,,0,0,0,0,0,0,0,0,0.0,0,0,0,0,0,64.0,64007.0,0,0,0,54,eth:ethertype:ip:tcp,,,,,,,,,,,0.0,Normal,0.0
1744302475957434,10.42.0.1,10.42.0.3,1883,54285,0,1,1,1,0,0,0,0,0,0,0,0,0,0.0,0,,0,0,,0,0,0,0,0,0,0,0,0.0,0,0,0,0,0,64.0,64240.0,0,0,0,58,eth:ethertype:ip:tcp,,,,,,,,,,,0.0,Normal,0.0
1744302475963558,10.42.0.1,10.42.0.3,1883,54285,1,4,0,1,0,0,0,0,0,0,0,0,0,0.0,0,,0,0,,0,0,0,0,0,0,0,0,0.0,0,0,0,0,0,64.0,64237.0,0,0,0,54,eth:ethertype:ip:tcp,,,,,,,,,,,0.0,Normal,0.0
1744302475967783,10.42.0.1,10.42.0.3,1883,54285,1,35,0,1,0,0,0,0,0,0,0,0,0,0.0,0,,0,0,,0,0,0,0,0,0,0,0,0.0,0,0,0,0,0,64.0,64206.0,0,0,0,54,eth:ethertype:ip:tcp,,,,,,,,,,,0.0,Normal,0.0
1744302475970822,10.42.0.1,10.42.0.3,1883,54285,1,45,0,1,0,0,0,0,0,0,0,0,0,0.0,0,,0,0,,0,0,0,0,0,0,0,0,0.0,0,0,0,0,0,64.0,64196.0,0,0,0,54,eth:ethertype:ip:tcp,,,,,,,,,,,0.0,Normal,0.0
1744302475971177,10.42.0.1,10.42.0.3,1883,54285,1,45,0,1,0,0,1,0,4,0,0,0,0,0.0,0,,0,2,,0,0,0,0,2,0,0,0,0.0,0x00,0,0,0,0,64.0,64196.0,0,0,0,58,eth:ethertype:ip:tcp:mqtt,,,,,,,,,,,0.0,Normal,0.0
1744302476008420,10.42.0.1,10.42.0.3,1883,54285,5,231,0,1,0,0,0,0,0,0,0,0,0,0.0,0,,0,0,,0,0,0,0,0,0,0,0,0.0,0,0,0,0,0,64.0,64010.0,0,0,0,54,eth:ethertype:ip:tcp,,,,,,,,,,,0.0,Normal,0.0
1744302476008451,10.42.0.1,10.42.0.3,1883,54285,5,231,0,1,1,0,0,0,0,0,0,0,0,0.0,0,,0,0,,0,0,0,0,0,0,0,0,0.0,0,0,0,0,0,64.0,64010.0,0,0,0,54,eth:ethertype:ip:tcp,,,,,,,,,,,0.0,Normal,0.0
1744302476716202,10.42.0.1,10.42.0.2,1883,49963,0,1,1,1,0,0,0,0,0,0,0,0,0,0.0,0,,0,0,,0,0,0,0,0,0,0,0,0.0,0,0,0,0,0,64.0,64240.0,0,0,0,58,eth:ethertype:ip:tcp,,,,,,,,,,,0.0,Normal,0.0
1744302476724139,10.42.0.1,10.42.0.2,1883,49963,1,4,0,1,0,0,0,0,0,0,0,0,0,0.0,0,,0,0,,0,0,0,0,0,0,0,0,0.0,0,0,0,0,0,64.0,64237.0,0,0,0,54,eth:ethertype:ip:tcp,,,,,,,,,,,0.0,Normal,0.0
1744302476728864,10.42.0.1,10.42.0.2,1883,49963,1,45,0,1,0,0,0,0,0,0,0,0,0,0.0,0,,0,0,,0,0,0,0,0,0,0,0,0.0,0,0,0,0,0,64.0,64196.0,0,0,0,54,eth:ethertype:ip:tcp,,,,,,,,,,,0.0,Normal,0.0
1744302476729191,10.42.0.1,10.42.0.2,1883,49963,1,45,0,1,0,0,1,0,4,0,0,0,0,0.0,0,,0,2,,0,0,0,0,2,0,0,0,0.0,0x00,0,0,0,0,64.0,64196.0,0,0,0,58,eth:ethertype:ip:tcp:mqtt,,,,,,,,,,,0.0,Normal,0.0
1744302476776764,10.42.0.1,10.42.0.2,1883,49963,5,234,0,1,0,0,0,0,0,0,0,0,0,0.0,0,,0,0,,0,0,0,0,0,0,0,0,0.0,0,0,0,0,0,64.0,64007.0,0,0,0,54,eth:ethertype:ip:tcp,,,,,,,,,,,0.0,Normal,0.0
1744302476776848,10.42.0.1,10.42.0.2,1883,49963,5,234,0,1,1,0,0,0,0,0,0,0,0,0.0,0,,0,0,,0,0,0,0,0,0,0,0,0.0,0,0,0,0,0,64.0,64007.0,0,0,0,54,eth:ethertype:ip:tcp,,,,,,,,,,,0.0,Normal,0.0
1744302491016900,10.42.0.1,10.42.0.149,1883,54286,0,1,1,1,0,0,0,0,0,0,0,0,0,0.0,0,,0,0,,0,0,0,0,0,0,0,0,0.0,0,0,0,0,0,64.0,64240.0,0,0,0,58,eth:ethertype:ip:tcp,,,,,,,,,,,0.0,Normal,0.0
1744302491023118,10.42.0.1,10.42.0.149,1883,54286,1,4,0,1,0,0,0,0,0,0,0,0,0,0.0,0,,0,0,,0,0,0,0,0,0,0,0,0.0,0,0,0,0,0,64.0,64237.0,0,0,0,54,eth:ethertype:ip:tcp,,,,,,,,,,,0.0,Normal,0.0
1744302491026553,10.42.0.1,10.42.0.149,1883,54286,1,33,0,1,0,0,0,0,0,0,0,0,0,0.0,0,,0,0,,0,0,0,0,0,0,0,0,0.0,0,0,0,0,0,64.0,64208.0,0,0,0,54,eth:ethertype:ip:tcp,,,,,,,,,,,0.0,Normal,0.0
1744302491029675,10.42.0.1,10.42.0.149,1883,54286,1,45,0,1,0,0,0,0,0,0,0,0,0,0.0,0,,0,0,,0,0,0,0,0,0,0,0,0.0,0,0,0,0,0,64.0,64196.0,0,0,0,54,eth:ethertype:ip:tcp,,,,,,,,,,,0.0,Normal,0.0
1744302491030003,10.42.0.1,10.42.0.149,1883,54286,1,45,0,1,0,0,1,0,4,0,0,0,0,0.0,0,,0,2,,0,0,0,0,2,0,0,0,0.0,0x00,0,0,0,0,64.0,64196.0,0,0,0,58,eth:ethertype:ip:tcp:mqtt,,,,,,,,,,,0.0,Normal,0.0
1744302491067140,10.42.0.1,10.42.0.149,1883,54286,5,231,0,1,0,0,0,0,0,0,0,0,0,0.0,0,,0,0,,0,0,0,0,0,0,0,0,0.0,0,0,0,0,0,64.0,64010.0,0,0,0,54,eth:ethertype:ip:tcp,,,,,,,,,,,0.0,Normal,0.0
1744302491067191,10.42.0.1,10.42.0.149,1883,54286,5,231,0,1,1,0,0,0,0,0,0,0,0,0.0,0,,0,0,,0,0,0,0,0,0,0,0,0.0,0,0,0,0,0,64.0,64010.0,0,0,0,54,eth:ethertype:ip:tcp,,,,,,,,,,,0.0,Normal,0.0
1744302491785743,10.42.0.1,10.42.0.139,1883,49964,0,1,1,1,0,0,0,0,0,0,0,0,0,0.0,0,,0,0,,0,0,0,0,0,0,0,0,0.0,0,0,0,0,0,64.0,64240.0,0,0,0,58,eth:ethertype:ip:tcp,,,,,,,,,,,0.0,Normal,0.0
1744302491791856,10.42.0.1,10.42.0.139,1883,49964,1,4,0,1,0,0,0,0,0,0,0,0,0,0.0,0,,0,0,,0,0,0,0,0,0,0,0,0.0,0,0,0,0,0,64.0,64237.0,0,0,0,54,eth:ethertype:ip:tcp,,,,,,,,,,,0.0,Normal,0.0
1744302491795277,10.42.0.1,10.42.0.139,1883,49964,1,33,0,1,0,0,0,0,0,0,0,0,0,0.0,0,,0,0,,0,0,0,0,0,0,0,0,0.0,0,0,0,0,0,64.0,64208.0,0,0,0,54,eth:ethertype:ip:tcp,,,,,,,,,,,0.0,Normal,0.0
1744302491798372,10.42.0.1,10.42.0.139,1883,49964,1,45,0,1,0,0,0,0,0,0,0,0,0,0.0,0,,0,0,,0,0,0,0,0,0,0,0,0.0,0,0,0,0,0,64.0,64196.0,0,0,0,54,eth:ethertype:ip:tcp,,,,,,,,,,,0.0,Normal,0.0
1744302491798673,10.42.0.1,10.42.0.139,1883,49964,1,45,0,1,0,0,1,0,4,0,0,0,0,0.0,0,,0,2,,0,0,0,0,2,0,0,0,0.0,0x00,0,0,0,0,64.0,64196.0,0,0,0,58,eth:ethertype:ip:tcp:mqtt,,,,,,,,,,,0.0,Normal,0.0
1744302491846575,10.42.0.1,10.42.0.139,1883,49964,5,234,0,1,0,0,0,0,0,0,0,0,0,0.0,0,,0,0,,0,0,0,0,0,0,0,0,0.0,0,0,0,0,0,64.0,64007.0,0,0,0,54,eth:ethertype:ip:tcp,,,,,,,,,,,0.0,Normal,0.0
1744302491846633,10.42.0.1,10.42.0.139,1883,49964,5,234,0,1,1,0,0,0,0,0,0,0,0,0.0,0,,0,0,,0,0,0,0,0,0,0,0,0.0,0,0,0,0,0,64.0,64007.0,0,0,0,54,eth:ethertype:ip:tcp,,,,,,,,,,,0.0,Normal,0.0
1744302506016900,10.42.0.1,10.42.0.3,1883,54286,0,1,1,1,0,0,0,0,0,0,0,0,0,0.0,0,,0,0,,0,0,0,0,0,0,0,0,0.0,0,0,0,0,0,64.0,64240.0,0,0,0,58,eth:ethertype:ip:tcp,,,,,,,,,,,0.0,Normal,0.0
1744302506023118,10.42.0.1,10.42.0.3,1883,54286,1,4,0,1,0,0,0,0,0,0,0,0,0,0.0,0,,0,0,,0,0,0,0,0,0,0,0,0.0,0,0,0,0,0,64.0,64237.0,0,0,0,54,eth:ethertype:ip:tcp,,,,,,,,,,,0.0,Normal,0.0
1744302506026553,10.42.0.1,10.42.0.3,1883,54286,1,33,0,1,0,0,0,0,0,0,0,0,0,0.0,0,,0,0,,0,0,0,0,0,0,0,0,0.0,0,0,0,0,0,64.0,64208.0,0,0,0,54,eth:ethertype:ip:tcp,,,,,,,,,,,0.0,Normal,0.0
1744302506029675,10.42.0.1,10.42.0.3,1883,54286,1,45,0,1,0,0,0,0,0,0,0,0,0,0.0,0,,0,0,,0,0,0,0,0,0,0,0,0.0,0,0,0,0,0,64.0,64196.0,0,0,0,54,eth:ethertype:ip:tcp,,,,,,,,,,,0.0,Normal,0.0
1744302506030003,10.42.0.1,10.42.0.3,1883,54286,1,45,0,1,0,0,1,0,4,0,0,0,0,0.0,0,,0,2,,0,0,0,0,2,0,0,0,0.0,0x00,0,0,0,0,64.0,64196.0,0,0,0,58,eth:ethertype:ip:tcp:mqtt,,,,,,,,,,,0.0,Normal,0.0
1744302506067140,10.42.0.1,10.42.0.3,1883,54286,5,231,0,1,0,0,0,0,0,0,0,0,0,0.0,0,,0,0,,0,0,0,0,0,0,0,0,0.0,0,0,0,0,0,64.0,64010.0,0,0,0,54,eth:ethertype:ip:tcp,,,,,,,,,,,0.0,Normal,0.0
1744302506067191,10.42.0.1,10.42.0.3,1883,54286,5,231,0,1,1,0,0,0,0,0,0,0,0,0.0,0,,0,0,,0,0,0,0,0,0,0,0,0.0,0,0,0,0,0,64.0,64010.0,0,0,0,54,eth:ethertype:ip:tcp,,,,,,,,,,,0.0,Normal,0.0
1744302506785743,10.42.0.1,10.42.0.2,1883,49964,0,1,1,1,0,0,0,0,0,0,0,0,0,0.0,0,,0,0,,0,0,0,0,0,0,0,0,0.0,0,0,0,0,0,64.0,64240.0,0,0,0,58,eth:ethertype:ip:tcp,,,,,,,,,,,0.0,Normal,0.0
1744302506791856,10.42.0.1,10.42.0.2,1883,49964,1,4,0,1,0,0,0,0,0,0,0,0,0,0.0,0,,0,0,,0,0,0,0,0,0,0,0,0.0,0,0,0,0,0,64.0,64237.0,0,0,0,54,eth:ethertype:ip:tcp,,,,,,,,,,,0.0,Normal,0.0
1744302506795277,10.42.0.1,10.42.0.2,1883,49964,1,33,0,1,0,0,0,0,0,0,0,0,0,0.0,0,,0,0,,0,0,0,0,0,0,0,0,0.0,0,0,0,0,0,64.0,64208.0,0,0,0,54,eth:ethertype:ip:tcp,,,,,,,,,,,0.0,Normal,0.0
1744302506798372,10.42.0.1,10.42.0.2,1883,49964,1,45,0,1,0,0,0,0,0,0,0,0,0,0.0,0,,0,0,,0,0,0,0,0,0,0,0,0.0,0,0,0,0,0,64.0,64196.0,0,0,0,54,eth:ethertype:ip:tcp,,,,,,,,,,,0.0,Normal,0.0
1744302506798673,10.42.0.1,10.42.0.2,1883,49964,1,45,0,1,0,0,1,0,4,0,0,0,0,0.0,0,,0,2,,0,0,0,0,2,0,0,0,0.0,0x00,0,0,0,0,64.0,64196.0,0,0,0,58,eth:ethertype:ip:tcp:mqtt,,,,,,,,,,,0.0,Normal,0.0
1744302506846575,10.42.0.1,10.42.0.2,1883,49964,5,234,0,1,0,0,0,0,0,0,0,0,0,0.0,0,,0,0,,0,0,0,0,0,0,0,0,0.0,0,0,0,0,0,64.0,64007.0,0,0,0,54,eth:ethertype:ip:tcp,,,,,,,,,,,0.0,Normal,0.0
1744302506846633,10.42.0.1,10.42.0.2,1883,49964,5,234,0,1,1,0,0,0,0,0,0,0,0,0.0,0,,0,0,,0,0,0,0,0,0,0,0,0.0,0,0,0,0,0,64.0,64007.0,0,0,0,54,eth:ethertype:ip:tcp,,,,,,,,,,,0.0,Normal,0.0
1744302521081569,10.42.0.1,10.42.0.149,1883,54287,0,1,1,1,0,0,0,0,0,0,0,0,0,0.0,0,,0,0,,0,0,0,0,0,0,0,0,0.0,0,0,0,0,0,64.0,64240.0,0,0,0,58,eth:ethertype:ip:tcp,,,,,,,,,,,0.0,Normal,0.0
1744302521087816,10.42.0.1,10.42.0.149,1883,54287,1,4,0,1,0,0,0,0,0,0,0,0,0,0.0,0,,0,0,,0,0,0,0,0,0,0,0,0.0,0,0,0,0,0,64.0,64237.0,0,0,0,54,eth:ethertype:ip:tcp,,,,,,,,,,,0.0,Normal,0.0
1744302521092018,10.42.0.1,10.42.0.149,1883,54287,1,45,0,1,0,0,0,0,0,0,0,0,0,0.0,0,,0,0,,0,0,0,0,0,0,0,0,0.0,0,0,0,0,0,64.0,64196.0,0,0,0,54,eth:ethertype:ip:tcp,,,,,,,,,,,0.0,Normal,0.0
1744302521092355,10.42.0.1,10.42.0.149,1883,54287,1,45,0,1,0,0,1,0,4,0,0,0,0,0.0,0,,0,2,,0,0,0,0,2,0,0,0,0.0,0x00,0,0,0,0,64.0,64196.0,0,0,0,58,eth:ethertype:ip:tcp:mqtt,,,,,,,,,,,0.0,Normal,0.0
1744302521127054,10.42.0.1,10.42.0.149,1883,54287,5,231,0,1,0,0,0,0,0,0,0,0,0,0.0,0,,0,0,,0,0,0,0,0,0,0,0,0.0,0,0,0,0,0,64.0,64010.0,0,0,0,54,eth:ethertype:ip:tcp,,,,,,,,,,,0.0,Normal,0.0
1744302521127141,10.42.0.1,10.42.0.149,1883,54287,5,231,0,1,1,0,0,0,0,0,0,0,0,0.0,0,,0,0,,0,0,0,0,0,0,0,0,0.0,0,0,0,0,0,64.0,64010.0,0,0,0,54,eth:ethertype:ip:tcp,,,,,,,,,,,0.0,Normal,0.0
1744302521854987,10.42.0.1,10.42.0.139,1883,49965,0,1,1,1,0,0,0,0,0,0,0,0,0,0.0,0,,0,0,,0,0,0,0,0,0,0,0,0.0,0,0,0,0,0,64.0,64240.0,0,0,0,58,eth:ethertype:ip:tcp,,,,,,,,,,,0.0,Normal,0.0
1744302521860957,10.42.0.1,10.42.0.139,1883,49965,1,4,0,1,0,0,0,0,0,0,0,0,0,0.0,0,,0,0,,0,0,0,0,0,0,0,0,0.0,0,0,0,0,0,64.0,64237.0,0,0,0,54,eth:ethertype:ip:tcp,,,,,,,,,,,0.0,Normal,0.0
1744302521864425,10.42.0.1,10.42.0.139,1883,49965,1,33,0,1,0,0,0,0,0,0,0,0,0,0.0,0,,0,0,,0,0,0,0,0,0,0,0,0.0,0,0,0,0,0,64.0,64208.0,0,0,0,54,eth:ethertype:ip:tcp,,,,,,,,,,,0.0,Normal,0.0
1744302521867832,10.42.0.1,10.42.0.139,1883,49965,1,45,0,1,0,0,0,0,0,0,0,0,0,0.0,0,,0,0,,0,0,0,0,0,0,0,0,0.0,0,0,0,0,0,64.0,64196.0,0,0,0,54,eth:ethertype:ip:tcp,,,,,,,,,,,0.0,Normal,0.0
1744302521868223,10.42.0.1,10.42.0.139,1883,49965,1,45,0,1,0,0,1,0,4,0,0,0,0,0.0,0,,0,2,,0,0,0,0,2,0,0,0,0.0,0x00,0,0,0,0,64.0,64196.0,0,0,0,58,eth:ethertype:ip:tcp:mqtt,,,,,,,,,,,0.0,Normal,0.0
1744302521915273,10.42.0.1,10.42.0.139,1883,49965,5,234,0,1,0,0,0,0,0,0,0,0,0,0.0,0,,0,0,,0,0,0,0,0,0,0,0,0.0,0,0,0,0,0,64.0,64007.0,0,0,0,54,eth:ethertype:ip:tcp,,,,,,,,,,,0.0,Normal,0.0
1744302521915329,10.42.0.1,10.42.0.139,1883,49965,5,234,0,1,1,0,0,0,0,0,0,0,0,0.0,0,,0,0,,0,0,0,0,0,0,0,0,0.0,0,0,0,0,0,64.0,64007.0,0,0,0,54,eth:ethertype:ip:tcp,,,,,,,,,,,0.0,Normal,0.0
1744302536081569,10.42.0.1,10.42.0.3,1883,54287,0,1,1,1,0,0,0,0,0,0,0,0,0,0.0,0,,0,0,,0,0,0,0,0,0,0,0,0.0,0,0,0,0,0,64.0,64240.0,0,0,0,58,eth:ethertype:ip:tcp,,,,,,,,,,,0.0,Normal,0.0
1744302536087816,10.42.0.1,10.42.0.3,1883,54287,1,4,0,1,0,0,0,0,0,0,0,0,0,0.0,0,,0,0,,0,0,0,0,0,0,0,0,0.0,0,0,0,0,0,64.0,64237.0,0,0,0,54,eth:ethertype:ip:tcp,,,,,,,,,,,0.0,Normal,0.0
1744302536092018,10.42.0.1,10.42.0.3,1883,54287,1,45,0,1,0,0,0,0,0,0,0,0,0,0.0,0,,0,0,,0,0,0,0,0,0,0,0,0.0,0,0,0,0,0,64.0,64196.0,0,0,0,54,eth:ethertype:ip:tcp,,,,,,,,,,,0.0,Normal,0.0
1744302536092355,10.42.0.1,10.42.0.3,1883,54287,1,45,0,1,0,0,1,0,4,0,0,0,0,0.0,0,,0,2,,0,0,0,0,2,0,0,0,0.0,0x00,0,0,0,0,64.0,64196.0,0,0,0,58,eth:ethertype:ip:tcp:mqtt,,,,,,,,,,,0.0,Normal,0.0
1744302536127054,10.42.0.1,10.42.0.3,1883,54287,5,231,0,1,0,0,0,0,0,0,0,0,0,0.0,0,,0,0,,0,0,0,0,0,0,0,0,0.0,0,0,0,0,0,64.0,64010.0,0,0,0,54,eth:ethertype:ip:tcp,,,,,,,,,,,0.0,Normal,0.0
1744302536127141,10.42.0.1,10.42.0.3,1883,54287,5,231,0,1,1,0,0,0,0,0,0,0,0,0.0,0,,0,0,,0,0,0,0,0,0,0,0,0.0,0,0,0,0,0,64.0,64010.0,0,0,0,54,eth:ethertype:ip:tcp,,,,,,,,,,,0.0,Normal,0.0
1744302536854987,10.42.0.1,10.42.0.2,1883,49965,0,1,1,1,0,0,0,0,0,0,0,0,0,0.0,0,,0,0,,0,0,0,0,0,0,0,0,0.0,0,0,0,0,0,64.0,64240.0,0,0,0,58,eth:ethertype:ip:tcp,,,,,,,,,,,0.0,Normal,0.0
1744302536860957,10.42.0.1,10.42.0.2,1883,49965,1,4,0,1,0,0,0,0,0,0,0,0,0,0.0,0,,0,0,,0,0,0,0,0,0,0,0,0.0,0,0,0,0,0,64.0,64237.0,0,0,0,54,eth:ethertype:ip:tcp,,,,,,,,,,,0.0,Normal,0.0
1744302536864425,10.42.0.1,10.42.0.2,1883,49965,1,33,0,1,0,0,0,0,0,0,0,0,0,0.0,0,,0,0,,0,0,0,0,0,0,0,0,0.0,0,0,0,0,0,64.0,64208.0,0,0,0,54,eth:ethertype:ip:tcp,,,,,,,,,,,0.0,Normal,0.0
1744302536867832,10.42.0.1,10.42.0.2,1883,49965,1,45,0,1,0,0,0,0,0,0,0,0,0,0.0,0,,0,0,,0,0,0,0,0,0,0,0,0.0,0,0,0,0,0,64.0,64196.0,0,0,0,54,eth:ethertype:ip:tcp,,,,,,,,,,,0.0,Normal,0.0
1744302536868223,10.42.0.1,10.42.0.2,1883,49965,1,45,0,1,0,0,1,0,4,0,0,0,0,0.0,0,,0,2,,0,0,0,0,2,0,0,0,0.0,0x00,0,0,0,0,64.0,64196.0,0,0,0,58,eth:ethertype:ip:tcp:mqtt,,,,,,,,,,,0.0,Normal,0.0
1744302536915273,10.42.0.1,10.42.0.2,1883,49965,5,234,0,1,0,0,0,0,0,0,0,0,0,0.0,0,,0,0,,0,0,0,0,0,0,0,0,0.0,0,0,0,0,0,64.0,64007.0,0,0,0,54,eth:ethertype:ip:tcp,,,,,,,,,,,0.0,Normal,0.0
1744302536915329,10.42.0.1,10.42.0.2,1883,49965,5,234,0,1,1,0,0,0,0,0,0,0,0,0.0,0,,0,0,,0,0,0,0,0,0,0,0,0.0,0,0,0,0,0,64.0,64007.0,0,0,0,54,eth:ethertype:ip:tcp,,,,,,,,,,,0.0,Normal,0.0
1744302551134805,10.42.0.1,10.42.0.149,1883,54288,0,1,1,1,0,0,0,0,0,0,0,0,0,0.0,0,,0,0,,0,0,0,0,0,0,0,0,0.0,0,0,0,0,0,64.0,64240.0,0,0,0,58,eth:ethertype:ip:tcp,,,,,,,,,,,0.0,Normal,0.0
1744302551140696,10.42.0.1,10.42.0.149,1883,54288,1,4,0,1,0,0,0,0,0,0,0,0,0,0.0,0,,0,0,,0,0,0,0,0,0,0,0,0.0,0,0,0,0,0,64.0,64237.0,0,0,0,54,eth:ethertype:ip:tcp,,,,,,,,,,,0.0,Normal,0.0
1744302551146300,10.42.0.1,10.42.0.149,1883,54288,1,33,0,1,0,0,0,0,0,0,0,0,0,0.0,0,,0,0,,0,0,0,0,0,0,0,0,0.0,0,0,0,0,0,64.0,64208.0,0,0,0,54,eth:ethertype:ip:tcp,,,,,,,,,,,0.0,Normal,0.0
1744302551149015,10.42.0.1,10.42.0.149,1883,54288,1,45,0,1,0,0,0,0,0,0,0,0,0,0.0,0,,0,0,,0,0,0,0,0,0,0,0,0.0,0,0,0,0,0,64.0,64196.0,0,0,0,54,eth:ethertype:ip:tcp,,,,,,,,,,,0.0,Normal,0.0
1744302551149402,10.42.0.1,10.42.0.149,1883,54288,1,45,0,1,0,0,1,0,4,0,0,0,0,0.0,0,,0,2,,0,0,0,0,2,0,0,0,0.0,0x00,0,0,0,0,64.0,64196.0,0,0,0,58,eth:ethertype:ip:tcp:mqtt,,,,,,,,,,,0.0,Normal,0.0
1744302551187557,10.42.0.1,10.42.0.149,1883,54288,5,231,0,1,0,0,0,0,0,0,0,0,0,0.0,0,,0,0,,0,0,0,0,0,0,0,0,0.0,0,0,0,0,0,64.0,64010.0,0,0,0,54,eth:ethertype:ip:tcp,,,,,,,,,,,0.0,Normal,0.0
1744302551187588,10.42.0.1,10.42.0.149,1883,54288,5,231,0,1,1,0,0,0,0,0,0,0,0,0.0,0,,0,0,,0,0,0,0,0,0,0,0,0.0,0,0,0,0,0,64.0,64010.0,0,0,0,54,eth:ethertype:ip:tcp,,,,,,,,,,,0.0,Normal,0.0
1744302551923624,10.42.0.1,10.42.0.139,1883,49966,0,1,1,1,0,0,0,0,0,0,0,0,0,0.0,0,,0,0,,0,0,0,0,0,0,0,0,0.0,0,0,0,0,0,64.0,64240.0,0,0,0,58,eth:ethertype:ip:tcp,,,,,,,,,,,0.0,Normal,0.0
1744302551931128,10.42.0.1,10.42.0.139,1883,49966,1,4,0,1,0,0,0,0,0,0,0,0,0,0.0,0,,0,0,,0,0,0,0,0,0,0,0,0.0,0,0,0,0,0,64.0,64237.0,0,0,0,54,eth:ethertype:ip:tcp,,,,,,,,,,,0.0,Normal,0.0
1744302551934073,10.42.0.1,10.42.0.139,1883,49966,1,45,0,1,0,0,0,0,0,0,0,0,0,0.0,0,,0,0,,0,0,0,0,0,0,0,0,0.0,0,0,0,0,0,64.0,64196.0,0,0,0,54,eth:ethertype:ip:tcp,,,,,,,,,,,0.0,Normal,0.0
1744302551934436,10.42.0.1,10.42.0.139,1883,49966,1,45,0,1,0,0,1,0,4,0,0,0,0,0.0,0,,0,2,,0,0,0,0,2,0,0,0,0.0,0x00,0,0,0,0,64.0,64196.0,0,0,0,58,eth:ethertype:ip:tcp:mqtt,,,,,,,,,,,0.0,Normal,0.0
1744302551984807,10.42.0.1,10.42.0.139,1883,49966,5,234,0,1,0,0,0,0,0,0,0,0,0,0.0,0,,0,0,,0,0,0,0,0,0,0,0,0.0,0,0,0,0,0,64.0,64007.0,0,0,0,54,eth:ethertype:ip:tcp,,,,,,,,,,,0.0,Normal,0.0
1744302551984851,10.42.0.1,10.42.0.139,1883,49966,5,234,0,1,1,0,0,0,0,0,0,0,0,0.0,0,,0,0,,0,0,0,0,0,0,0,0,0.0,0,0,0,0,0,64.0,64007.0,0,0,0,54,eth:ethertype:ip:tcp,,,,,,,,,,,0.0,Normal,0.0
1744302566134805,10.42.0.1,10.42.0.3,1883,54288,0,1,1,1,0,0,0,0,0,0,0,0,0,0.0,0,,0,0,,0,0,0,0,0,0,0,0,0.0,0,0,0,0,0,64.0,64240.0,0,0,0,58,eth:ethertype:ip:tcp,,,,,,,,,,,0.0,Normal,0.0
1744302566140696,10.42.0.1,10.42.0.3,1883,54288,1,4,0,1,0,0,0,0,0,0,0,0,0,0.0,0,,0,0,,0,0,0,0,0,0,0,0,0.0,0,0,0,0,0,64.0,64237.0,0,0,0,54,eth:ethertype:ip:tcp,,,,,,,,,,,0.0,Normal,0.0
1744302566146300,10.42.0.1,10.42.0.3,1883,54288,1,33,0,1,0,0,0,0,0,0,0,0,0,0.0,0,,0,0,,0,0,0,0,0,0,0,0,0.0,0,0,0,0,0,64.0,64208.0,0,0,0,54,eth:ethertype:ip:tcp,,,,,,,,,,,0.0,Normal,0.0
1744302566149015,10.42.0.1,10.42.0.3,1883,54288,1,45,0,1,0,0,0,0,0,0,0,0,0,0.0,0,,0,0,,0,0,0,0,0,0,0,0,0.0,0,0,0,0,0,64.0,64196.0,0,0,0,54,eth:ethertype:ip:tcp,,,,,,,,,,,0.0,Normal,0.0
1744302566149402,10.42.0.1,10.42.0.3,1883,54288,1,45,0,1,0,0,1,0,4,0,0,0,0,0.0,0,,0,2,,0,0,0,0,2,0,0,0,0.0,0x00,0,0,0,0,64.0,64196.0,0,0,0,58,eth:ethertype:ip:tcp:mqtt,,,,,,,,,,,0.0,Normal,0.0
1744302566187557,10.42.0.1,10.42.0.3,1883,54288,5,231,0,1,0,0,0,0,0,0,0,0,0,0.0,0,,0,0,,0,0,0,0,0,0,0,0,0.0,0,0,0,0,0,64.0,64010.0,0,0,0,54,eth:ethertype:ip:tcp,,,,,,,,,,,0.0,Normal,0.0
1744302566187588,10.42.0.1,10.42.0.3,1883,54288,5,231,0,1,1,0,0,0,0,0,0,0,0,0.0,0,,0,0,,0,0,0,0,0,0,0,0,0.0,0,0,0,0,0,64.0,64010.0,0,0,0,54,eth:ethertype:ip:tcp,,,,,,,,,,,0.0,Normal,0.0
1744302566923624,10.42.0.1,10.42.0.2,1883,49966,0,1,1,1,0,0,0,0,0,0,0,0,0,0.0,0,,0,0,,0,0,0,0,0,0,0,0,0.0,0,0,0,0,0,64.0,64240.0,0,0,0,58,eth:ethertype:ip:tcp,,,,,,,,,,,0.0,Normal,0.0
1744302566931128,10.42.0.1,10.42.0.2,1883,49966,1,4,0,1,0,0,0,0,0,0,0,0,0,0.0,0,,0,0,,0,0,0,0,0,0,0,0,0.0,0,0,0,0,0,64.0,64237.0,0,0,0,54,eth:ethertype:ip:tcp,,,,,,,,,,,0.0,Normal,0.0
1744302566934073,10.42.0.1,10.42.0.2,1883,49966,1,45,0,1,0,0,0,0,0,0,0,0,0,0.0,0,,0,0,,0,0,0,0,0,0,0,0,0.0,0,0,0,0,0,64.0,64196.0,0,0,0,54,eth:ethertype:ip:tcp,,,,,,,,,,,0.0,Normal,0.0
1744302566934436,10.42.0.1,10.42.0.2,1883,49966,1,45,0,1,0,0,1,0,4,0,0,0,0,0.0,0,,0,2,,0,0,0,0,2,0,0,0,0.0,0x00,0,0,0,0,64.0,64196.0,0,0,0,58,eth:ethertype:ip:tcp:mqtt,,,,,,,,,,,0.0,Normal,0.0
1744302566984807,10.42.0.1,10.42.0.2,1883,49966,5,234,0,1,0,0,0,0,0,0,0,0,0,0.0,0,,0,0,,0,0,0,0,0,0,0,0,0.0,0,0,0,0,0,64.0,64007.0,0,0,0,54,eth:ethertype:ip:tcp,,,,,,,,,,,0.0,Normal,0.0
1744302566984851,10.42.0.1,10.42.0.2,1883,49966,5,234,0,1,1,0,0,0,0,0,0,0,0,0.0,0,,0,0,,0,0,0,0,0,0,0,0,0.0,0,0,0,0,0,64.0,64007.0,0,0,0,54,eth:ethertype:ip:tcp,,,,,,,,,,,0.0,Normal,0.0
1744302581193830,10.42.0.1,10.42.0.149,1883,54289,0,1,1,1,0,0,0,0,0,0,0,0,0,0.0,0,,0,0,,0,0,0,0,0,0,0,0,0.0,0,0,0,0,0,64.0,64240.0,0,0,0,58,eth:ethertype:ip:tcp,,,,,,,,,,,0.0,Normal,0.0
1744302581199708,10.42.0.1,10.42.0.149,1883,54289,1,4,0,1,0,0,0,0,0,0,0,0,0,0.0,0,,0,0,,0,0,0,0,0,0,0,0,0.0,0,0,0,0,0,64.0,64237.0,0,0,0,54,eth:ethertype:ip:tcp,,,,,,,,,,,0.0,Normal,0.0
1744302581203068,10.42.0.1,10.42.0.149,1883,54289,1,33,0,1,0,0,0,0,0,0,0,0,0,0.0,0,,0,0,,0,0,0,0,0,0,0,0,0.0,0,0,0,0,0,64.0,64208.0,0,0,0,54,eth:ethertype:ip:tcp,,,,,,,,,,,0.0,Normal,0.0
1744302581207902,10.42.0.1,10.42.0.149,1883,54289,1,45,0,1,0,0,0,0,0,0,0,0,0,0.0,0,,0,0,,0,0,0,0,0,0,0,0,0.0,0,0,0,0,0,64.0,64196.0,0,0,0,54,eth:ethertype:ip:tcp,,,,,,,,,,,0.0,Normal,0.0
1744302581208175,10.42.0.1,10.42.0.149,1883,54289,1,45,0,1,0,0,1,0,4,0,0,0,0,0.0,0,,0,2,,0,0,0,0,2,0,0,0,0.0,0x00,0,0,0,0,64.0,64196.0,0,0,0,58,eth:ethertype:ip:tcp:mqtt,,,,,,,,,,,0.0,Normal,0.0
1744302581245172,10.42.0.1,10.42.0.149,1883,54289,5,231,0,1,0,0,0,0,0,0,0,0,0,0.0,0,,0,0,,0,0,0,0,0,0,0,0,0.0,0,0,0,0,0,64.0,64010.0,0,0,0,54,eth:ethertype:ip:tcp,,,,,,,,,,,0.0,Normal,0.0
1744302581245214,10.42.0.1,10.42.0.149,1883,54289,5,231,0,1,1,0,0,0,0,0,0,0,0,0.0,0,,0,0,,0,0,0,0,0,0,0,0,0.0,0,0,0,0,0,64.0,64010.0,0,0,0,54,eth:ethertype:ip:tcp,,,,,,,,,,,0.0,Normal,0.0
1744302581993570,10.42.0.1,10.42.0.139,1883,49967,0,1,1,1,0,0,0,0,0,0,0,0,0,0.0,0,,0,0,,0,0,0,0,0,0,0,0,0.0,0,0,0,0,0,64.0,64240.0,0,0,0,58,eth:ethertype:ip:tcp,,,,,,,,,,,0.0,Normal,0.0
1744302581999627,10.42.0.1,10.42.0.139,1883,49967,1,4,0,1,0,0,0,0,0,0,0,0,0,0.0,0,,0,0,,0,0,0,0,0,0,0,0,0.0,0,0,0,0,0,64.0,64237.0,0,0,0,54,eth:ethertype:ip:tcp,,,,,,,,,,,0.0,Normal,0.0
1744302582003568,10.42.0.1,10.42.0.139,1883,49967,1,33,0,1,0,0,0,0,0,0,0,0,0,0.0,0,,0,0,,0,0,0,0,0,0,0,0,0.0,0,0,0,0,0,64.0,64208.0,0,0,0,54,eth:ethertype:ip:tcp,,,,,,,,,,,0.0,Normal,0.0
1744302582008724,10.42.0.1,10.42.0.139,1883,49967,1,45,0,1,0,0,0,0,0,0,0,0,0,0.0,0,,0,0,,0,0,0,0,0,0,0,0,0.0,0,0,0,0,0,64.0,64196.0,0,0,0,54,eth:ethertype:ip:tcp,,,,,,,,,,,0.0,Normal,0.0
1744302582009072,10.42.0.1,10.42.0.139,1883,49967,1,45,0,1,0,0,1,0,4,0,0,0,0,0.0,0,,0,2,,0,0,0,0,2,0,0,0,0.0,0x00,0,0,0,0,64.0,64196.0,0,0,0,58,eth:ethertype:ip:tcp:mqtt,,,,,,,,,,,0.0,Normal,0.0
1744302582054863,10.42.0.1,10.42.0.139,1883,49967,5,234,0,1,0,0,0,0,0,0,0,0,0,0.0,0,,0,0,,0,0,0,0,0,0,0,0,0.0,0,0,0,0,0,64.0,64007.0,0,0,0,54,eth:ethertype:ip:tcp,,,,,,,,,,,0.0,Normal,0.0
1744302582054900,10.42.0.1,10.42.0.139,1883,49967,5,234,0,1,1,0,0,0,0,0,0,0,0,0.0,0,,0,0,,0,0,0,0,0,0,0,0,0.0,0,0,0,0,0,64.0,64007.0,0,0,0,54,eth:ethertype:ip:tcp,,,,,,,,,,,0.0,Normal,0.0
1744302596193830,10.42.0.1,10.42.0.3,1883,54289,0,1,1,1,0,0,0,0,0,0,0,0,0,0.0,0,,0,0,,0,0,0,0,0,0,0,0,0.0,0,0,0,0,0,64.0,64240.0,0,0,0,58,eth:ethertype:ip:tcp,,,,,,,,,,,0.0,Normal,0.0
1744302596199708,10.42.0.1,10.42.0.3,1883,54289,1,4,0,1,0,0,0,0,0,0,0,0,0,0.0,0,,0,0,,0,0,0,0,0,0,0,0,0.0,0,0,0,0,0,64.0,64237.0,0,0,0,54,eth:ethertype:ip:tcp,,,,,,,,,,,0.0,Normal,0.0
1744302596203068,10.42.0.1,10.42.0.3,1883,54289,1,33,0,1,0,0,0,0,0,0,0,0,0,0.0,0,,0,0,,0,0,0,0,0,0,0,0,0.0,0,0,0,0,0,64.0,64208.0,0,0,0,54,eth:ethertype:ip:tcp,,,,,,,,,,,0.0,Normal,0.0
1744302596207902,10.42.0.1,10.42.0.3,1883,54289,1,45,0,1,0,0,0,0,0,0,0,0,0,0.0,0,,0,0,,0,0,0,0,0,0,0,0,0.0,0,0,0,0,0,64.0,64196.0,0,0,0,54,eth:ethertype:ip:tcp,,,,,,,,,,,0.0,Normal,0.0
1744302596208175,10.42.0.1,10.42.0.3,1883,54289,1,45,0,1,0,0,1,0,4,0,0,0,0,0.0,0,,0,2,,0,0,0,0,2,0,0,0,0.0,0x00,0,0,0,0,64.0,64196.0,0,0,0,58,eth:ethertype:ip:tcp:mqtt,,,,,,,,,,,0.0,Normal,0.0
1744302596245172,10.42.0.1,10.42.0.3,1883,54289,5,231,0,1,0,0,0,0,0,0,0,0,0,0.0,0,,0,0,,0,0,0,0,0,0,0,0,0.0,0,0,0,0,0,64.0,64010.0,0,0,0,54,eth:ethertype:ip:tcp,,,,,,,,,,,0.0,Normal,0.0
1744302596245214,10.42.0.1,10.42.0.3,1883,54289,5,231,0,1,1,0,0,0,0,0,0,0,0,0.0,0,,0,0,,0,0,0,0,0,0,0,0,0.0,0,0,0,0,0,64.0,64010.0,0,0,0,54,eth:ethertype:ip:tcp,,,,,,,,,,,0.0,Normal,0.0
1744302596993570,10.42.0.1,10.42.0.2,1883,49967,0,1,1,1,0,0,0,0,0,0,0,0,0,0.0,0,,0,0,,0,0,0,0,0,0,0,0,0.0,0,0,0,0,0,64.0,64240.0,0,0,0,58,eth:ethertype:ip:tcp,,,,,,,,,,,0.0,Normal,0.0
1744302596999627,10.42.0.1,10.42.0.2,1883,49967,1,4,0,1,0,0,0,0,0,0,0,0,0,0.0,0,,0,0,,0,0,0,0,0,0,0,0,0.0,0,0,0,0,0,64.0,64237.0,0,0,0,54,eth:ethertype:ip:tcp,,,,,,,,,,,0.0,Normal,0.0
1744302597003568,10.42.0.1,10.42.0.2,1883,49967,1,33,0,1,0,0,0,0,0,0,0,0,0,0.0,0,,0,0,,0,0,0,0,0,0,0,0,0.0,0,0,0,0,0,64.0,64208.0,0,0,0,54,eth:ethertype:ip:tcp,,,,,,,,,,,0.0,Normal,0.0
1744302597008724,10.42.0.1,10.42.0.2,1883,49967,1,45,0,1,0,0,0,0,0,0,0,0,0,0.0,0,,0,0,,0,0,0,0,0,0,0,0,0.0,0,0,0,0,0,64.0,64196.0,0,0,0,54,eth:ethertype:ip:tcp,,,,,,,,,,,0.0,Normal,0.0
1744302597009072,10.42.0.1,10.42.0.2,1883,49967,1,45,0,1,0,0,1,0,4,0,0,0,0,0.0,0,,0,2,,0,0,0,0,2,0,0,0,0.0,0x00,0,0,0,0,64.0,64196.0,0,0,0,58,eth:ethertype:ip:tcp:mqtt,,,,,,,,,,,0.0,Normal,0.0
1744302597054863,10.42.0.1,10.42.0.2,1883,49967,5,234,0,1,0,0,0,0,0,0,0,0,0,0.0,0,,0,0,,0,0,0,0,0,0,0,0,0.0,0,0,0,0,0,64.0,64007.0,0,0,0,54,eth:ethertype:ip:tcp,,,,,,,,,,,0.0,Normal,0.0
1744302597054900,10.42.0.1,10.42.0.2,1883,49967,5,234,0,1,1,0,0,0,0,0,0,0,0,0.0,0,,0,0,,0,0,0,0,0,0,0,0,0.0,0,0,0,0,0,64.0,64007.0,0,0,0,54,eth:ethertype:ip:tcp,,,,,,,,,,,0.0,Normal,0.0
1744302611254193,10.42.0.1,10.42.0.149,1883,54290,0,1,1,1,0,0,0,0,0,0,0,0,0,0.0,0,,0,0,,0,0,0,0,0,0,0,0,0.0,0,0,0,0,0,64.0,64240.0,0,0,0,58,eth:ethertype:ip:tcp,,,,,,,,,,,0.0,Normal,0.0
1744302611260573,10.42.0.1,10.42.0.149,1883,54290,1,4,0,1,0,0,0,0,0,0,0,0,0,0.0,0,,0,0,,0,0,0,0,0,0,0,0,0.0,0,0,0,0,0,64.0,64237.0,0,0,0,54,eth:ethertype:ip:tcp,,,,,,,,,,,0.0,Normal,0.0
1744302611263967,10.42.0.1,10.42.0.149,1883,54290,1,33,0,1,0,0,0,0,0,0,0,0,0,0.0,0,,0,0,,0,0,0,0,0,0,0,0,0.0,0,0,0,0,0,64.0,64208.0,0,0,0,54,eth:ethertype:ip:tcp,,,,,,,,,,,0.0,Normal,0.0
1744302611266981,10.42.0.1,10.42.0.149,1883,54290,1,45,0,1,0,0,0,0,0,0,0,0,0,0.0,0,,0,0,,0,0,0,0,0,0,0,0,0.0,0,0,0,0,0,64.0,64196.0,0,0,0,54,eth:ethertype:ip:tcp,,,,,,,,,,,0.0,Normal,0.0
1744302611267301,10.42.0.1,10.42.0.149,1883,54290,1,45,0,1,0,0,1,0,4,0,0,0,0,0.0,0,,0,2,,0,0,0,0,2,0,0,0,0.0,0x00,0,0,0,0,64.0,64196.0,0,0,0,58,eth:ethertype:ip:tcp:mqtt,,,,,,,,,,,0.0,Normal,0.0
1744302611304522,10.42.0.1,10.42.0.149,1883,54290,5,231,0,1,0,0,0,0,0,0,0,0,0,0.0,0,,0,0,,0,0,0,0,0,0,0,0,0.0,0,0,0,0,0,64.0,64010.0,0,0,0,54,eth:ethertype:ip:tcp,,,,,,,,,,,0.0,Normal,0.0
1744302611304602,10.42.0.1,10.42.0.149,1883,54290,5,231,0,1,1,0,0,0,0,0,0,0,0,0.0,0,,0,0,,0,0,0,0,0,0,0,0,0.0,0,0,0,0,0,64.0,64010.0,0,0,0,54,eth:ethertype:ip:tcp,,,,,,,,,,,0.0,Normal,0.0
1744302612063079,10.42.0.1,10.42.0.139,1883,49968,0,1,1,1,0,0,0,0,0,0,0,0,0,0.0,0,,0,0,,0,0,0,0,0,0,0,0,0.0,0,0,0,0,0,64.0,64240.0,0,0,0,58,eth:ethertype:ip:tcp,,,,,,,,,,,0.0,Normal,0.0
1744302612069170,10.42.0.1,10.42.0.139,1883,49968,1,4,0,1,0,0,0,0,0,0,0,0,0,0.0,0,,0,0,,0,0,0,0,0,0,0,0,0.0,0,0,0,0,0,64.0,64237.0,0,0,0,54,eth:ethertype:ip:tcp,,,,,,,,,,,0.0,Normal,0.0
1744302612072574,10.42.0.1,10.42.0.139,1883,49968,1,33,0,1,0,0,0,0,0,0,0,0,0,0.0,0,,0,0,,0,0,0,0,0,0,0,0,0.0,0,0,0,0,0,64.0,64208.0,0,0,0,54,eth:ethertype:ip:tcp,,,,,,,,,,,0.0,Normal,0.0
1744302612075595,10.42.0.1,10.42.0.139,1883,49968,1,45,0,1,0,0,0,0,0,0,0,0,0,0.0,0,,0,0,,0,0,0,0,0,0,0,0,0.0,0,0,0,0,0,64.0,64196.0,0,0,0,54,eth:ethertype:ip:tcp,,,,,,,,,,,0.0,Normal,0.0
1744302612075968,10.42.0.1,10.42.0.139,1883,49968,1,45,0,1,0,0,1,0,4,0,0,0,0,0.0,0,,0,2,,0,0,0,0,2,0,0,0,0.0,0x00,0,0,0,0,64.0,64196.0,0,0,0,58,eth:ethertype:ip:tcp:mqtt,,,,,,,,,,,0.0,Normal,0.0
1744302612123304,10.42.0.1,10.42.0.139,1883,49968,5,234,0,1,0,0,0,0,0,0,0,0,0,0.0,0,,0,0,,0,0,0,0,0,0,0,0,0.0,0,0,0,0,0,64.0,64007.0,0,0,0,54,eth:ethertype:ip:tcp,,,,,,,,,,,0.0,Normal,0.0
1744302612123360,10.42.0.1,10.42.0.139,1883,49968,5,234,0,1,1,0,0,0,0,0,0,0,0,0.0,0,,0,0,,0,0,0,0,0,0,0,0,0.0,0,0,0,0,0,64.0,64007.0,0,0,0,54,eth:ethertype:ip:tcp,,,,,,,,,,,0.0,Normal,0.0
1744302616896420,10.42.0.1,10.42.0.149,0,0,0,0,0,0,0,0,0,0,0,0,0,0,0,0.0,0,,0,0,,0,0,0,0,0,0,0,0,0.0,0,0,0,0,0,64.0,0.0,0,0,0,342,eth:ethertype:ip:udp:dhcp,,,,,,,,,,,0.0,Normal,0.0
1744302626254193,10.42.0.1,10.42.0.3,1883,54290,0,1,1,1,0,0,0,0,0,0,0,0,0,0.0,0,,0,0,,0,0,0,0,0,0,0,0,0.0,0,0,0,0,0,64.0,64240.0,0,0,0,58,eth:ethertype:ip:tcp,,,,,,,,,,,0.0,Normal,0.0
1744302626260573,10.42.0.1,10.42.0.3,1883,54290,1,4,0,1,0,0,0,0,0,0,0,0,0,0.0,0,,0,0,,0,0,0,0,0,0,0,0,0.0,0,0,0,0,0,64.0,64237.0,0,0,0,54,eth:ethertype:ip:tcp,,,,,,,,,,,0.0,Normal,0.0
1744302626263967,10.42.0.1,10.42.0.3,1883,54290,1,33,0,1,0,0,0,0,0,0,0,0,0,0.0,0,,0,0,,0,0,0,0,0,0,0,0,0.0,0,0,0,0,0,64.0,64208.0,0,0,0,54,eth:ethertype:ip:tcp,,,,,,,,,,,0.0,Normal,0.0
1744302626266981,10.42.0.1,10.42.0.3,1883,54290,1,45,0,1,0,0,0,0,0,0,0,0,0,0.0,0,,0,0,,0,0,0,0,0,0,0,0,0.0,0,0,0,0,0,64.0,64196.0,0,0,0,54,eth:ethertype:ip:tcp,,,,,,,,,,,0.0,Normal,0.0
1744302626267301,10.42.0.1,10.42.0.3,1883,54290,1,45,0,1,0,0,1,0,4,0,0,0,0,0.0,0,,0,2,,0,0,0,0,2,0,0,0,0.0,0x00,0,0,0,0,64.0,64196.0,0,0,0,58,eth:ethertype:ip:tcp:mqtt,,,,,,,,,,,0.0,Normal,0.0
1744302626304522,10.42.0.1,10.42.0.3,1883,54290,5,231,0,1,0,0,0,0,0,0,0,0,0,0.0,0,,0,0,,0,0,0,0,0,0,0,0,0.0,0,0,0,0,0,64.0,64010.0,0,0,0,54,eth:ethertype:ip:tcp,,,,,,,,,,,0.0,Normal,0.0
1744302626304602,10.42.0.1,10.42.0.3,1883,54290,5,231,0,1,1,0,0,0,0,0,0,0,0,0.0,0,,0,0,,0,0,0,0,0,0,0,0,0.0,0,0,0,0,0,64.0,64010.0,0,0,0,54,eth:ethertype:ip:tcp,,,,,,,,,,,0.0,Normal,0.0
1744302627063079,10.42.0.1,10.42.0.2,1883,49968,0,1,1,1,0,0,0,0,0,0,0,0,0,0.0,0,,0,0,,0,0,0,0,0,0,0,0,0.0,0,0,0,0,0,64.0,64240.0,0,0,0,58,eth:ethertype:ip:tcp,,,,,,,,,,,0.0,Normal,0.0
1744302627069170,10.42.0.1,10.42.0.2,1883,49968,1,4,0,1,0,0,0,0,0,0,0,0,0,0.0,0,,0,0,,0,0,0,0,0,0,0,0,0.0,0,0,0,0,0,64.0,64237.0,0,0,0,54,eth:ethertype:ip:tcp,,,,,,,,,,,0.0,Normal,0.0
1744302627072574,10.42.0.1,10.42.0.2,1883,49968,1,33,0,1,0,0,0,0,0,0,0,0,0,0.0,0,,0,0,,0,0,0,0,0,0,0,0,0.0,0,0,0,0,0,64.0,64208.0,0,0,0,54,eth:ethertype:ip:tcp,,,,,,,,,,,0.0,Normal,0.0
1744302627075595,10.42.0.1,10.42.0.2,1883,49968,1,45,0,1,0,0,0,0,0,0,0,0,0,0.0,0,,0,0,,0,0,0,0,0,0,0,0,0.0,0,0,0,0,0,64.0,64196.0,0,0,0,54,eth:ethertype:ip:tcp,,,,,,,,,,,0.0,Normal,0.0
1744302627075968,10.42.0.1,10.42.0.2,1883,49968,1,45,0,1,0,0,1,0,4,0,0,0,0,0.0,0,,0,2,,0,0,0,0,2,0,0,0,0.0,0x00,0,0,0,0,64.0,64196.0,0,0,0,58,eth:ethertype:ip:tcp:mqtt,,,,,,,,,,,0.0,Normal,0.0
1744302627123304,10.42.0.1,10.42.0.2,1883,49968,5,234,0,1,0,0,0,0,0,0,0,0,0,0.0,0,,0,0,,0,0,0,0,0,0,0,0,0.0,0,0,0,0,0,64.0,64007.0,0,0,0,54,eth:ethertype:ip:tcp,,,,,,,,,,,0.0,Normal,0.0
1744302627123360,10.42.0.1,10.42.0.2,1883,49968,5,234,0,1,1,0,0,0,0,0,0,0,0,0.0,0,,0,0,,0,0,0,0,0,0,0,0,0.0,0,0,0,0,0,64.0,64007.0,0,0,0,54,eth:ethertype:ip:tcp,,,,,,,,,,,0.0,Normal,0.0
1744302629376875,10.42.0.1,224.0.0.251,0,0,0,0,0,0,0,0,0,0,0,0,0,0,0,0.0,0,,0,0,,0,0,0,0,0,0,0,0,0.0,0,0,0,0,0,255.0,0.0,0,0,0,160,eth:ethertype:ip:udp:mdns,,,,,,,,,,,,,
1744302631896420,10.42.0.1,10.42.0.3,0,0,0,0,0,0,0,0,0,0,0,0,0,0,0,0.0,0,,0,0,,0,0,0,0,0,0,0,0,0.0,0,0,0,0,0,64.0,0.0,0,0,0,342,eth:ethertype:ip:udp:dhcp,,,,,,,,,,,0.0,Normal,0.0
1744302641313750,10.42.0.1,10.42.0.149,1883,54291,0,1,1,1,0,0,0,0,0,0,0,0,0,0.0,0,,0,0,,0,0,0,0,0,0,0,0,0.0,0,0,0,0,0,64.0,64240.0,0,0,0,58,eth:ethertype:ip:tcp,,,,,,,,,,,0.0,Normal,0.0
1744302641319829,10.42.0.1,10.42.0.149,1883,54291,1,4,0,1,0,0,0,0,0,0,0,0,0,0.0,0,,0,0,,0,0,0,0,0,0,0,0,0.0,0,0,0,0,0,64.0,64237.0,0,0,0,54,eth:ethertype:ip:tcp,,,,,,,,,,,0.0,Normal,0.0
1744302641323450,10.42.0.1,10.42.0.149,1883,54291,1,33,0,1,0,0,0,0,0,0,0,0,0,0.0,0,,0,0,,0,0,0,0,0,0,0,0,0.0,0,0,0,0,0,64.0,64208.0,0,0,0,54,eth:ethertype:ip:tcp,,,,,,,,,,,0.0,Normal,0.0
1744302641327268,10.42.0.1,10.42.0.149,1883,54291,1,45,0,1,0,0,0,0,0,0,0,0,0,0.0,0,,0,0,,0,0,0,0,0,0,0,0,0.0,0,0,0,0,0,64.0,64196.0,0,0,0,54,eth:ethertype:ip:tcp,,,,,,,,,,,0.0,Normal,0.0
1744302641327575,10.42.0.1,10.42.0.149,1883,54291,1,45,0,1,0,0,1,0,4,0,0,0,0,0.0,0,,0,2,,0,0,0,0,2,0,0,0,0.0,0x00,0,0,0,0,64.0,64196.0,0,0,0,58,eth:ethertype:ip:tcp:mqtt,,,,,,,,,,,0.0,Normal,0.0
1744302641363629,10.42.0.1,10.42.0.149,1883,54291,5,231,0,1,0,0,0,0,0,0,0,0,0,0.0,0,,0,0,,0,0,0,0,0,0,0,0,0.0,0,0,0,0,0,64.0,64010.0,0,0,0,54,eth:ethertype:ip:tcp,,,,,,,,,,,0.0,Normal,0.0
1744302641363659,10.42.0.1,10.42.0.149,1883,54291,5,231,0,1,1,0,0,0,0,0,0,0,0,0.0,0,,0,0,,0,0,0,0,0,0,0,0,0.0,0,0,0,0,0,64.0,64010.0,0,0,0,54,eth:ethertype:ip:tcp,,,,,,,,,,,0.0,Normal,0.0
1744302642132320,10.42.0.1,10.42.0.139,1883,49969,0,1,1,1,0,0,0,0,0,0,0,0,0,0.0,0,,0,0,,0,0,0,0,0,0,0,0,0.0,0,0,0,0,0,64.0,64240.0,0,0,0,58,eth:ethertype:ip:tcp,,,,,,,,,,,0.0,Normal,0.0
1744302642138554,10.42.0.1,10.42.0.139,1883,49969,1,4,0,1,0,0,0,0,0,0,0,0,0,0.0,0,,0,0,,0,0,0,0,0,0,0,0,0.0,0,0,0,0,0,64.0,64237.0,0,0,0,54,eth:ethertype:ip:tcp,,,,,,,,,,,0.0,Normal,0.0
1744302642142036,10.42.0.1,10.42.0.139,1883,49969,1,33,0,1,0,0,0,0,0,0,0,0,0,0.0,0,,0,0,,0,0,0,0,0,0,0,0,0.0,0,0,0,0,0,64.0,64208.0,0,0,0,54,eth:ethertype:ip:tcp,,,,,,,,,,,0.0,Normal,0.0
1744302642146239,10.42.0.1,10.42.0.139,1883,49969,1,45,0,1,0,0,0,0,0,0,0,0,0,0.0,0,,0,0,,0,0,0,0,0,0,0,0,0.0,0,0,0,0,0,64.0,64196.0,0,0,0,54,eth:ethertype:ip:tcp,,,,,,,,,,,0.0,Normal,0.0
1744302642146595,10.42.0.1,10.42.0.139,1883,49969,1,45,0,1,0,0,1,0,4,0,0,0,0,0.0,0,,0,2,,0,0,0,0,2,0,0,0,0.0,0x00,0,0,0,0,64.0,64196.0,0,0,0,58,eth:ethertype:ip:tcp:mqtt,,,,,,,,,,,0.0,Normal,0.0
1744302642192649,10.42.0.1,10.42.0.139,1883,49969,5,234,0,1,0,0,0,0,0,0,0,0,0,0.0,0,,0,0,,0,0,0,0,0,0,0,0,0.0,0,0,0,0,0,64.0,64007.0,0,0,0,54,eth:ethertype:ip:tcp,,,,,,,,,,,0.0,Normal,0.0
1744302642192688,10.42.0.1,10.42.0.139,1883,49969,5,234,0,1,1,0,0,0,0,0,0,0,0,0.0,0,,0,0,,0,0,0,0,0,0,0,0,0.0,0,0,0,0,0,64.0,64007.0,0,0,0,54,eth:ethertype:ip:tcp,,,,,,,,,,,0.0,Normal,0.0
1744302644376875,10.42.0.1,224.0.0.251,0,0,0,0,0,0,0,0,0,0,0,0,0,0,0,0.0,0,,0,0,,0,0,0,0,0,0,0,0,0.0,0,0,0,0,0,255.0,0.0,0,0,0,160,eth:ethertype:ip:udp:mdns,,,,,,,,,,,,,
1744302656313750,10.42.0.1,10.42.0.3,1883,54291,0,1,1,1,0,0,0,0,0,0,0,0,0,0.0,0,,0,0,,0,0,0,0,0,0,0,0,0.0,0,0,0,0,0,64.0,64240.0,0,0,0,58,eth:ethertype:ip:tcp,,,,,,,,,,,0.0,Normal,0.0
1744302656319829,10.42.0.1,10.42.0.3,1883,54291,1,4,0,1,0,0,0,0,0,0,0,0,0,0.0,0,,0,0,,0,0,0,0,0,0,0,0,0.0,0,0,0,0,0,64.0,64237.0,0,0,0,54,eth:ethertype:ip:tcp,,,,,,,,,,,0.0,Normal,0.0
1744302656323450,10.42.0.1,10.42.0.3,1883,54291,1,33,0,1,0,0,0,0,0,0,0,0,0,0.0,0,,0,0,,0,0,0,0,0,0,0,0,0.0,0,0,0,0,0,64.0,64208.0,0,0,0,54,eth:ethertype:ip:tcp,,,,,,,,,,,0.0,Normal,0.0
1744302656327268,10.42.0.1,10.42.0.3,1883,54291,1,45,0,1,0,0,0,0,0,0,0,0,0,0.0,0,,0,0,,0,0,0,0,0,0,0,0,0.0,0,0,0,0,0,64.0,64196.0,0,0,0,54,eth:ethertype:ip:tcp,,,,,,,,,,,0.0,Normal,0.0
1744302656327575,10.42.0.1,10.42.0.3,1883,54291,1,45,0,1,0,0,1,0,4,0,0,0,0,0.0,0,,0,2,,0,0,0,0,2,0,0,0,0.0,0x00,0,0,0,0,64.0,64196.0,0,0,0,58,eth:ethertype:ip:tcp:mqtt,,,,,,,,,,,0.0,Normal,0.0
1744302656363629,10.42.0.1,10.42.0.3,1883,54291,5,231,0,1,0,0,0,0,0,0,0,0,0,0.0,0,,0,0,,0,0,0,0,0,0,0,0,0.0,0,0,0,0,0,64.0,64010.0,0,0,0,54,eth:ethertype:ip:tcp,,,,,,,,,,,0.0,Normal,0.0
1744302656363659,10.42.0.1,10.42.0.3,1883,54291,5,231,0,1,1,0,0,0,0,0,0,0,0,0.0,0,,0,0,,0,0,0,0,0,0,0,0,0.0,0,0,0,0,0,64.0,64010.0,0,0,0,54,eth:ethertype:ip:tcp,,,,,,,,,,,0.0,Normal,0.0
1744302657132320,10.42.0.1,10.42.0.2,1883,49969,0,1,1,1,0,0,0,0,0,0,0,0,0,0.0,0,,0,0,,0,0,0,0,0,0,0,0,0.0,0,0,0,0,0,64.0,64240.0,0,0,0,58,eth:ethertype:ip:tcp,,,,,,,,,,,0.0,Normal,0.0
1744302657138554,10.42.0.1,10.42.0.2,1883,49969,1,4,0,1,0,0,0,0,0,0,0,0,0,0.0,0,,0,0,,0,0,0,0,0,0,0,0,0.0,0,0,0,0,0,64.0,64237.0,0,0,0,54,eth:ethertype:ip:tcp,,,,,,,,,,,0.0,Normal,0.0
1744302657142036,10.42.0.1,10.42.0.2,1883,49969,1,33,0,1,0,0,0,0,0,0,0,0,0,0.0,0,,0,0,,0,0,0,0,0,0,0,0,0.0,0,0,0,0,0,64.0,64208.0,0,0,0,54,eth:ethertype:ip:tcp,,,,,,,,,,,0.0,Normal,0.0
1744302657146239,10.42.0.1,10.42.0.2,1883,49969,1,45,0,1,0,0,0,0,0,0,0,0,0,0.0,0,,0,0,,0,0,0,0,0,0,0,0,0.0,0,0,0,0,0,64.0,64196.0,0,0,0,54,eth:ethertype:ip:tcp,,,,,,,,,,,0.0,Normal,0.0
1744302657146595,10.42.0.1,10.42.0.2,1883,49969,1,45,0,1,0,0,1,0,4,0,0,0,0,0.0,0,,0,2,,0,0,0,0,2,0,0,0,0.0,0x00,0,0,0,0,64.0,64196.0,0,0,0,58,eth:ethertype:ip:tcp:mqtt,,,,,,,,,,,0.0,Normal,0.0
1744302657192649,10.42.0.1,10.42.0.2,1883,49969,5,234,0,1,0,0,0,0,0,0,0,0,0,0.0,0,,0,0,,0,0,0,0,0,0,0,0,0.0,0,0,0,0,0,64.0,64007.0,0,0,0,54,eth:ethertype:ip:tcp,,,,,,,,,,,0.0,Normal,0.0
1744302657192688,10.42.0.1,10.42.0.2,1883,49969,5,234,0,1,1,0,0,0,0,0,0,0,0,0.0,0,,0,0,,0,0,0,0,0,0,0,0,0.0,0,0,0,0,0,64.0,64007.0,0,0,0,54,eth:ethertype:ip:tcp,,,,,,,,,,,0.0,Normal,0.0
1744302671372891,10.42.0.1,10.42.0.149,1883,54292,0,1,1,1,0,0,0,0,0,0,0,0,0,0.0,0,,0,0,,0,0,0,0,0,0,0,0,0.0,0,0,0,0,0,64.0,64240.0,0,0,0,58,eth:ethertype:ip:tcp,,,,,,,,,,,0.0,Normal,0.0
1744302671379446,10.42.0.1,10.42.0.149,1883,54292,1,4,0,1,0,0,0,0,0,0,0,0,0,0.0,0,,0,0,,0,0,0,0,0,0,0,0,0.0,0,0,0,0,0,64.0,64237.0,0,0,0,54,eth:ethertype:ip:tcp,,,,,,,,,,,0.0,Normal,0.0
1744302671383515,10.42.0.1,10.42.0.149,1883,54292,1,45,0,1,0,0,0,0,0,0,0,0,0,0.0,0,,0,0,,0,0,0,0,0,0,0,0,0.0,0,0,0,0,0,64.0,64196.0,0,0,0,54,eth:ethertype:ip:tcp,,,,,,,,,,,0.0,Normal,0.0
1744302671383824,10.42.0.1,10.42.0.149,1883,54292,1,45,0,1,0,0,1,0,4,0,0,0,0,0.0,0,,0,2,,0,0,0,0,2,0,0,0,0.0,0x00,0,0,0,0,64.0,64196.0,0,0,0,58,eth:ethertype:ip:tcp:mqtt,,,,,,,,,,,0.0,Normal,0.0
1744302671425149,10.42.0.1,10.42.0.149,1883,54292,5,231,0,1,0,0,0,0,0,0,0,0,0,0.0,0,,0,0,,0,0,0,0,0,0,0,0,0.0,0,0,0,0,0,64.0,64010.0,0,0,0,54,eth:ethertype:ip:tcp,,,,,,,,,,,0.0,Normal,0.0
1744302671425183,10.42.0.1,10.42.0.149,1883,54292,5,231,0,1,1,0,0,0,0,0,0,0,0,0.0,0,,0,0,,0,0,0,0,0,0,0,0,0.0,0,0,0,0,0,64.0,64010.0,0,0,0,54,eth:ethertype:ip:tcp,,,,,,,,,,,0.0,Normal,0.0
1744302672201523,10.42.0.1,10.42.0.139,1883,49970,0,1,1,1,0,0,0,0,0,0,0,0,0,0.0,0,,0,0,,0,0,0,0,0,0,0,0,0.0,0,0,0,0,0,64.0,64240.0,0,0,0,58,eth:ethertype:ip:tcp,,,,,,,,,,,0.0,Normal,0.0
1744302672207560,10.42.0.1,10.42.0.139,1883,49970,1,4,0,1,0,0,0,0,0,0,0,0,0,0.0,0,,0,0,,0,0,0,0,0,0,0,0,0.0,0,0,0,0,0,64.0,64237.0,0,0,0,54,eth:ethertype:ip:tcp,,,,,,,,,,,0.0,Normal,0.0
1744302672211991,10.42.0.1,10.42.0.139,1883,49970,1,33,0,1,0,0,0,0,0,0,0,0,0,0.0,0,,0,0,,0,0,0,0,0,0,0,0,0.0,0,0,0,0,0,64.0,64208.0,0,0,0,54,eth:ethertype:ip:tcp,,,,,,,,,,,0.0,Normal,0.0
1744302672215266,10.42.0.1,10.42.0.139,1883,49970,1,45,0,1,0,0,0,0,0,0,0,0,0,0.0,0,,0,0,,0,0,0,0,0,0,0,0,0.0,0,0,0,0,0,64.0,64196.0,0,0,0,54,eth:ethertype:ip:tcp,,,,,,,,,,,0.0,Normal,0.0
1744302672215607,10.42.0.1,10.42.0.139,1883,49970,1,45,0,1,0,0,1,0,4,0,0,0,0,0.0,0,,0,2,,0,0,0,0,2,0,0,0,0.0,0x00,0,0,0,0,64.0,64196.0,0,0,0,58,eth:ethertype:ip:tcp:mqtt,,,,,,,,,,,0.0,Normal,0.0
1744302672262762,10.42.0.1,10.42.0.139,1883,49970,5,234,0,1,0,0,0,0,0,0,0,0,0,0.0,0,,0,0,,0,0,0,0,0,0,0,0,0.0,0,0,0,0,0,64.0,64007.0,0,0,0,54,eth:ethertype:ip:tcp,,,,,,,,,,,0.0,Normal,0.0
1744302672262794,10.42.0.1,10.42.0.139,1883,49970,5,234,0,1,1,0,0,0,0,0,0,0,0,0.0,0,,0,0,,0,0,0,0,0,0,0,0,0.0,0,0,0,0,0,64.0,64007.0,0,0,0,54,eth:ethertype:ip:tcp,,,,,,,,,,,0.0,Normal,0.0
1744302686372891,10.42.0.1,10.42.0.3,1883,54292,0,1,1,1,0,0,0,0,0,0,0,0,0,0.0,0,,0,0,,0,0,0,0,0,0,0,0,0.0,0,0,0,0,0,64.0,64240.0,0,0,0,58,eth:ethertype:ip:tcp,,,,,,,,,,,0.0,Normal,0.0
1744302686379446,10.42.0.1,10.42.0.3,1883,54292,1,4,0,1,0,0,0,0,0,0,0,0,0,0.0,0,,0,0,,0,0,0,0,0,0,0,0,0.0,0,0,0,0,0,64.0,64237.0,0,0,0,54,eth:ethertype:ip:tcp,,,,,,,,,,,0.0,Normal,0.0
1744302686383515,10.42.0.1,10.42.0.3,1883,54292,1,45,0,1,0,0,0,0,0,0,0,0,0,0.0,0,,0,0,,0,0,0,0,0,0,0,0,0.0,0,0,0,0,0,64.0,64196.0,0,0,0,54,eth:ethertype:ip:tcp,,,,,,,,,,,0.0,Normal,0.0
1744302686383824,10.42.0.1,10.42.0.3,1883,54292,1,45,0,1,0,0,1,0,4,0,0,0,0,0.0,0,,0,2,,0,0,0,0,2,0,0,0,0.0,0x00,0,0,0,0,64.0,64196.0,0,0,0,58,eth:ethertype:ip:tcp:mqtt,,,,,,,,,,,0.0,Normal,0.0
1744302686425149,10.42.0.1,10.42.0.3,1883,54292,5,231,0,1,0,0,0,0,0,0,0,0,0,0.0,0,,0,0,,0,0,0,0,0,0,0,0,0.0,0,0,0,0,0,64.0,64010.0,0,0,0,54,eth:ethertype:ip:tcp,,,,,,,,,,,0.0,Normal,0.0
1744302686425183,10.42.0.1,10.42.0.3,1883,54292,5,231,0,1,1,0,0,0,0,0,0,0,0,0.0,0,,0,0,,0,0,0,0,0,0,0,0,0.0,0,0,0,0,0,64.0,64010.0,0,0,0,54,eth:ethertype:ip:tcp,,,,,,,,,,,0.0,Normal,0.0
1744302687201523,10.42.0.1,10.42.0.2,1883,49970,0,1,1,1,0,0,0,0,0,0,0,0,0,0.0,0,,0,0,,0,0,0,0,0,0,0,0,0.0,0,0,0,0,0,64.0,64240.0,0,0,0,58,eth:ethertype:ip:tcp,,,,,,,,,,,0.0,Normal,0.0
1744302687207560,10.42.0.1,10.42.0.2,1883,49970,1,4,0,1,0,0,0,0,0,0,0,0,0,0.0,0,,0,0,,0,0,0,0,0,0,0,0,0.0,0,0,0,0,0,64.0,64237.0,0,0,0,54,eth:ethertype:ip:tcp,,,,,,,,,,,0.0,Normal,0.0
1744302687211991,10.42.0.1,10.42.0.2,1883,49970,1,33,0,1,0,0,0,0,0,0,0,0,0,0.0,0,,0,0,,0,0,0,0,0,0,0,0,0.0,0,0,0,0,0,64.0,64208.0,0,0,0,54,eth:ethertype:ip:tcp,,,,,,,,,,,0.0,Normal,0.0
1744302687215266,10.42.0.1,10.42.0.2,1883,49970,1,45,0,1,0,0,0,0,0,0,0,0,0,0.0,0,,0,0,,0,0,0,0,0,0,0,0,0.0,0,0,0,0,0,64.0,64196.0,0,0,0,54,eth:ethertype:ip:tcp,,,,,,,,,,,0.0,Normal,0.0
1744302687215607,10.42.0.1,10.42.0.2,1883,49970,1,45,0,1,0,0,1,0,4,0,0,0,0,0.0,0,,0,2,,0,0,0,0,2,0,0,0,0.0,0x00,0,0,0,0,64.0,64196.0,0,0,0,58,eth:ethertype:ip:tcp:mqtt,,,,,,,,,,,0.0,Normal,0.0
1744302687262762,10.42.0.1,10.42.0.2,1883,49970,5,234,0,1,0,0,0,0,0,0,0,0,0,0.0,0,,0,0,,0,0,0,0,0,0,0,0,0.0,0,0,0,0,0,64.0,64007.0,0,0,0,54,eth:ethertype:ip:tcp,,,,,,,,,,,0.0,Normal,0.0
1744302687262794,10.42.0.1,10.42.0.2,1883,49970,5,234,0,1,1,0,0,0,0,0,0,0,0,0.0,0,,0,0,,0,0,0,0,0,0,0,0,0.0,0,0,0,0,0,64.0,64007.0,0,0,0,54,eth:ethertype:ip:tcp,,,,,,,,,,,0.0,Normal,0.0
1744302701431538,10.42.0.1,10.42.0.149,1883,54293,0,1,1,1,0,0,0,0,0,0,0,0,0,0.0,0,,0,0,,0,0,0,0,0,0,0,0,0.0,0,0,0,0,0,64.0,64240.0,0,0,0,58,eth:ethertype:ip:tcp,,,,,,,,,,,0.0,Normal,0.0
1744302701437566,10.42.0.1,10.42.0.149,1883,54293,1,4,0,1,0,0,0,0,0,0,0,0,0,0.0,0,,0,0,,0,0,0,0,0,0,0,0,0.0,0,0,0,0,0,64.0,64237.0,0,0,0,54,eth:ethertype:ip:tcp,,,,,,,,,,,0.0,Normal,0.0
1744302701442707,10.42.0.1,10.42.0.149,1883,54293,1,33,0,1,0,0,0,0,0,0,0,0,0,0.0,0,,0,0,,0,0,0,0,0,0,0,0,0.0,0,0,0,0,0,64.0,64208.0,0,0,0,54,eth:ethertype:ip:tcp,,,,,,,,,,,0.0,Normal,0.0
1744302701446771,10.42.0.1,10.42.0.149,1883,54293,1,45,0,1,0,0,0,0,0,0,0,0,0,0.0,0,,0,0,,0,0,0,0,0,0,0,0,0.0,0,0,0,0,0,64.0,64196.0,0,0,0,54,eth:ethertype:ip:tcp,,,,,,,,,,,0.0,Normal,0.0
1744302701447114,10.42.0.1,10.42.0.149,1883,54293,1,45,0,1,0,0,1,0,4,0,0,0,0,0.0,0,,0,2,,0,0,0,0,2,0,0,0,0.0,0x00,0,0,0,0,64.0,64196.0,0,0,0,58,eth:ethertype:ip:tcp:mqtt,,,,,,,,,,,0.0,Normal,0.0
1744302701482735,10.42.0.1,10.42.0.149,1883,54293,5,231,0,1,0,0,0,0,0,0,0,0,0,0.0,0,,0,0,,0,0,0,0,0,0,0,0,0.0,0,0,0,0,0,64.0,64010.0,0,0,0,54,eth:ethertype:ip:tcp,,,,,,,,,,,0.0,Normal,0.0
1744302701482777,10.42.0.1,10.42.0.149,1883,54293,5,231,0,1,1,0,0,0,0,0,0,0,0,0.0,0,,0,0,,0,0,0,0,0,0,0,0,0.0,0,0,0,0,0,64.0,64010.0,0,0,0,54,eth:ethertype:ip:tcp,,,,,,,,,,,0.0,Normal,0.0
1744302702271987,10.42.0.1,10.42.0.139,1883,49971,0,1,1,1,0,0,0,0,0,0,0,0,0,0.0,0,,0,0,,0,0,0,0,0,0,0,0,0.0,0,0,0,0,0,64.0,64240.0,0,0,0,58,eth:ethertype:ip:tcp,,,,,,,,,,,0.0,Normal,0.0
1744302702278208,10.42.0.1,10.42.0.139,1883,49971,1,4,0,1,0,0,0,0,0,0,0,0,0,0.0,0,,0,0,,0,0,0,0,0,0,0,0,0.0,0,0,0,0,0,64.0,64237.0,0,0,0,54,eth:ethertype:ip:tcp,,,,,,,,,,,0.0,Normal,0.0
1744302702281738,10.42.0.1,10.42.0.139,1883,49971,1,33,0,1,0,0,0,0,0,0,0,0,0,0.0,0,,0,0,,0,0,0,0,0,0,0,0,0.0,0,0,0,0,0,64.0,64208.0,0,0,0,54,eth:ethertype:ip:tcp,,,,,,,,,,,0.0,Normal,0.0
1744302702284829,10.42.0.1,10.42.0.139,1883,49971,1,45,0,1,0,0,0,0,0,0,0,0,0,0.0,0,,0,0,,0,0,0,0,0,0,0,0,0.0,0,0,0,0,0,64.0,64196.0,0,0,0,54,eth:ethertype:ip:tcp,,,,,,,,,,,0.0,Normal,0.0
1744302702285201,10.42.0.1,10.42.0.139,1883,49971,1,45,0,1,0,0,1,0,4,0,0,0,0,0.0,0,,0,2,,0,0,0,0,2,0,0,0,0.0,0x00,0,0,0,0,64.0,64196.0,0,0,0,58,eth:ethertype:ip:tcp:mqtt,,,,,,,,,,,0.0,Normal,0.0
1744302702331234,10.42.0.1,10.42.0.139,1883,49971,5,234,0,1,0,0,0,0,0,0,0,0,0,0.0,0,,0,0,,0,0,0,0,0,0,0,0,0.0,0,0,0,0,0,64.0,64007.0,0,0,0,54,eth:ethertype:ip:tcp,,,,,,,,,,,0.0,Normal,0.0
1744302702331291,10.42.0.1,10.42.0.139,1883,49971,5,234,0,1,1,0,0,0,0,0,0,0,0,0.0,0,,0,0,,0,0,0,0,0,0,0,0,0.0,0,0,0,0,0,64.0,64007.0,0,0,0,54,eth:ethertype:ip:tcp,,,,,,,,,,,0.0,Normal,0.0
1744302716431538,10.42.0.1,10.42.0.3,1883,54293,0,1,1,1,0,0,0,0,0,0,0,0,0,0.0,0,,0,0,,0,0,0,0,0,0,0,0,0.0,0,0,0,0,0,64.0,64240.0,0,0,0,58,eth:ethertype:ip:tcp,,,,,,,,,,,0.0,Normal,0.0
1744302716437566,10.42.0.1,10.42.0.3,1883,54293,1,4,0,1,0,0,0,0,0,0,0,0,0,0.0,0,,0,0,,0,0,0,0,0,0,0,0,0.0,0,0,0,0,0,64.0,64237.0,0,0,0,54,eth:ethertype:ip:tcp,,,,,,,,,,,0.0,Normal,0.0
1744302716442707,10.42.0.1,10.42.0.3,1883,54293,1,33,0,1,0,0,0,0,0,0,0,0,0,0.0,0,,0,0,,0,0,0,0,0,0,0,0,0.0,0,0,0,0,0,64.0,64208.0,0,0,0,54,eth:ethertype:ip:tcp,,,,,,,,,,,0.0,Normal,0.0
1744302716446771,10.42.0.1,10.42.0.3,1883,54293,1,45,0,1,0,0,0,0,0,0,0,0,0,0.0,0,,0,0,,0,0,0,0,0,0,0,0,0.0,0,0,0,0,0,64.0,64196.0,0,0,0,54,eth:ethertype:ip:tcp,,,,,,,,,,,0.0,Normal,0.0
1744302716447114,10.42.0.1,10.42.0.3,1883,54293,1,45,0,1,0,0,1,0,4,0,0,0,0,0.0,0,,0,2,,0,0,0,0,2,0,0,0,0.0,0x00,0,0,0,0,64.0,64196.0,0,0,0,58,eth:ethertype:ip:tcp:mqtt,,,,,,,,,,,0.0,Normal,0.0
1744302716482735,10.42.0.1,10.42.0.3,1883,54293,5,231,0,1,0,0,0,0,0,0,0,0,0,0.0,0,,0,0,,0,0,0,0,0,0,0,0,0.0,0,0,0,0,0,64.0,64010.0,0,0,0,54,eth:ethertype:ip:tcp,,,,,,,,,,,0.0,Normal,0.0
1744302716482777,10.42.0.1,10.42.0.3,1883,54293,5,231,0,1,1,0,0,0,0,0,0,0,0,0.0,0,,0,0,,0,0,0,0,0,0,0,0,0.0,0,0,0,0,0,64.0,64010.0,0,0,0,54,eth:ethertype:ip:tcp,,,,,,,,,,,0.0,Normal,0.0
1744302717271987,10.42.0.1,10.42.0.2,1883,49971,0,1,1,1,0,0,0,0,0,0,0,0,0,0.0,0,,0,0,,0,0,0,0,0,0,0,0,0.0,0,0,0,0,0,64.0,64240.0,0,0,0,58,eth:ethertype:ip:tcp,,,,,,,,,,,0.0,Normal,0.0
1744302717278208,10.42.0.1,10.42.0.2,1883,49971,1,4,0,1,0,0,0,0,0,0,0,0,0,0.0,0,,0,0,,0,0,0,0,0,0,0,0,0.0,0,0,0,0,0,64.0,64237.0,0,0,0,54,eth:ethertype:ip:tcp,,,,,,,,,,,0.0,Normal,0.0
1744302717281738,10.42.0.1,10.42.0.2,1883,49971,1,33,0,1,0,0,0,0,0,0,0,0,0,0.0,0,,0,0,,0,0,0,0,0,0,0,0,0.0,0,0,0,0,0,64.0,64208.0,0,0,0,54,eth:ethertype:ip:tcp,,,,,,,,,,,0.0,Normal,0.0
1744302717284829,10.42.0.1,10.42.0.2,1883,49971,1,45,0,1,0,0,0,0,0,0,0,0,0,0.0,0,,0,0,,0,0,0,0,0,0,0,0,0.0,0,0,0,0,0,64.0,64196.0,0,0,0,54,eth:ethertype:ip:tcp,,,,,,,,,,,0.0,Normal,0.0
1744302717285201,10.42.0.1,10.42.0.2,1883,49971,1,45,0,1,0,0,1,0,4,0,0,0,0,0.0,0,,0,2,,0,0,0,0,2,0,0,0,0.0,0x00,0,0,0,0,64.0,64196.0,0,0,0,58,eth:ethertype:ip:tcp:mqtt,,,,,,,,,,,0.0,Normal,0.0
1744302717331234,10.42.0.1,10.42.0.2,1883,49971,5,234,0,1,0,0,0,0,0,0,0,0,0,0.0,0,,0,0,,0,0,0,0,0,0,0,0,0.0,0,0,0,0,0,64.0,64007.0,0,0,0,54,eth:ethertype:ip:tcp,,,,,,,,,,,0.0,Normal,0.0
1744302717331291,10.42.0.1,10.42.0.2,1883,49971,5,234,0,1,1,0,0,0,0,0,0,0,0,0.0,0,,0,0,,0,0,0,0,0,0,0,0,0.0,0,0,0,0,0,64.0,64007.0,0,0,0,54,eth:ethertype:ip:tcp,,,,,,,,,,,0.0,Normal,0.0
1744302731491695,10.42.0.1,10.42.0.149,1883,54294,0,1,1,1,0,0,0,0,0,0,0,0,0,0.0,0,,0,0,,0,0,0,0,0,0,0,0,0.0,0,0,0,0,0,64.0,64240.0,0,0,0,58,eth:ethertype:ip:tcp,,,,,,,,,,,0.0,Normal,0.0
1744302731497885,10.42.0.1,10.42.0.149,1883,54294,1,4,0,1,0,0,0,0,0,0,0,0,0,0.0,0,,0,0,,0,0,0,0,0,0,0,0,0.0,0,0,0,0,0,64.0,64237.0,0,0,0,54,eth:ethertype:ip:tcp,,,,,,,,,,,0.0,Normal,0.0
1744302731501225,10.42.0.1,10.42.0.149,1883,54294,1,33,0,1,0,0,0,0,0,0,0,0,0,0.0,0,,0,0,,0,0,0,0,0,0,0,0,0.0,0,0,0,0,0,64.0,64208.0,0,0,0,54,eth:ethertype:ip:tcp,,,,,,,,,,,0.0,Normal,0.0
1744302731504347,10.42.0.1,10.42.0.149,1883,54294,1,45,0,1,0,0,0,0,0,0,0,0,0,0.0,0,,0,0,,0,0,0,0,0,0,0,0,0.0,0,0,0,0,0,64.0,64196.0,0,0,0,54,eth:ethertype:ip:tcp,,,,,,,,,,,0.0,Normal,0.0
1744302731504711,10.42.0.1,10.42.0.149,1883,54294,1,45,0,1,0,0,1,0,4,0,0,0,0,0.0,0,,0,2,,0,0,0,0,2,0,0,0,0.0,0x00,0,0,0,0,64.0,64196.0,0,0,0,58,eth:ethertype:ip:tcp:mqtt,,,,,,,,,,,0.0,Normal,0.0
1744302731542285,10.42.0.1,10.42.0.149,1883,54294,5,231,0,1,0,0,0,0,0,0,0,0,0,0.0,0,,0,0,,0,0,0,0,0,0,0,0,0.0,0,0,0,0,0,64.0,64010.0,0,0,0,54,eth:ethertype:ip:tcp,,,,,,,,,,,0.0,Normal,0.0
1744302731542321,10.42.0.1,10.42.0.149,1883,54294,5,231,0,1,1,0,0,0,0,0,0,0,0,0.0,0,,0,0,,0,0,0,0,0,0,0,0,0.0,0,0,0,0,0,64.0,64010.0,0,0,0,54,eth:ethertype:ip:tcp,,,,,,,,,,,0.0,Normal,0.0
1744302732339556,10.42.0.1,10.42.0.139,1883,49972,0,1,1,1,0,0,0,0,0,0,0,0,0,0.0,0,,0,0,,0,0,0,0,0,0,0,0,0.0,0,0,0,0,0,64.0,64240.0,0,0,0,58,eth:ethertype:ip:tcp,,,,,,,,,,,0.0,Normal,0.0
1744302732345609,10.42.0.1,10.42.0.139,1883,49972,1,4,0,1,0,0,0,0,0,0,0,0,0,0.0,0,,0,0,,0,0,0,0,0,0,0,0,0.0,0,0,0,0,0,64.0,64237.0,0,0,0,54,eth:ethertype:ip:tcp,,,,,,,,,,,0.0,Normal,0.0
1744302732349005,10.42.0.1,10.42.0.139,1883,49972,1,33,0,1,0,0,0,0,0,0,0,0,0,0.0,0,,0,0,,0,0,0,0,0,0,0,0,0.0,0,0,0,0,0,64.0,64208.0,0,0,0,54,eth:ethertype:ip:tcp,,,,,,,,,,,0.0,Normal,0.0
1744302732352160,10.42.0.1,10.42.0.139,1883,49972,1,45,0,1,0,0,0,0,0,0,0,0,0,0.0,0,,0,0,,0,0,0,0,0,0,0,0,0.0,0,0,0,0,0,64.0,64196.0,0,0,0,54,eth:ethertype:ip:tcp,,,,,,,,,,,0.0,Normal,0.0
1744302732352495,10.42.0.1,10.42.0.139,1883,49972,1,45,0,1,0,0,1,0,4,0,0,0,0,0.0,0,,0,2,,0,0,0,0,2,0,0,0,0.0,0x00,0,0,0,0,64.0,64196.0,0,0,0,58,eth:ethertype:ip:tcp:mqtt,,,,,,,,,,,0.0,Normal,0.0
1744302732400895,10.42.0.1,10.42.0.139,1883,49972,5,234,0,1,0,0,0,0,0,0,0,0,0,0.0,0,,0,0,,0,0,0,0,0,0,0,0,0.0,0,0,0,0,0,64.0,64007.0,0,0,0,54,eth:ethertype:ip:tcp,,,,,,,,,,,0.0,Normal,0.0
1744302732400949,10.42.0.1,10.42.0.139,1883,49972,5,234,0,1,1,0,0,0,0,0,0,0,0,0.0,0,,0,0,,0,0,0,0,0,0,0,0,0.0,0,0,0,0,0,64.0,64007.0,0,0,0,54,eth:ethertype:ip:tcp,,,,,,,,,,,0.0,Normal,0.0
1744302746491695,10.42.0.1,10.42.0.3,1883,54294,0,1,1,1,0,0,0,0,0,0,0,0,0,0.0,0,,0,0,,0,0,0,0,0,0,0,0,0.0,0,0,0,0,0,64.0,64240.0,0,0,0,58,eth:ethertype:ip:tcp,,,,,,,,,,,0.0,Normal,0.0
1744302746497885,10.42.0.1,10.42.0.3,1883,54294,1,4,0,1,0,0,0,0,0,0,0,0,0,0.0,0,,0,0,,0,0,0,0,0,0,0,0,0.0,0,0,0,0,0,64.0,64237.0,0,0,0,54,eth:ethertype:ip:tcp,,,,,,,,,,,0.0,Normal,0.0
1744302746501225,10.42.0.1,10.42.0.3,1883,54294,1,33,0,1,0,0,0,0,0,0,0,0,0,0.0,0,,0,0,,0,0,0,0,0,0,0,0,0.0,0,0,0,0,0,64.0,64208.0,0,0,0,54,eth:ethertype:ip:tcp,,,,,,,,,,,0.0,Normal,0.0
1744302746504347,10.42.0.1,10.42.0.3,1883,54294,1,45,0,1,0,0,0,0,0,0,0,0,0,0.0,0,,0,0,,0,0,0,0,0,0,0,0,0.0,0,0,0,0,0,64.0,64196.0,0,0,0,54,eth:ethertype:ip:tcp,,,,,,,,,,,0.0,Normal,0.0
1744302746504711,10.42.0.1,10.42.0.3,1883,54294,1,45,0,1,0,0,1,0,4,0,0,0,0,0.0,0,,0,2,,0,0,0,0,2,0,0,0,0.0,0x00,0,0,0,0,64.0,64196.0,0,0,0,58,eth:ethertype:ip:tcp:mqtt,,,,,,,,,,,0.0,Normal,0.0
1744302746542285,10.42.0.1,10.42.0.3,1883,54294,5,231,0,1,0,0,0,0,0,0,0,0,0,0.0,0,,0,0,,0,0,0,0,0,0,0,0,0.0,0,0,0,0,0,64.0,64010.0,0,0,0,54,eth:ethertype:ip:tcp,,,,,,,,,,,0.0,Normal,0.0
1744302746542321,10.42.0.1,10.42.0.3,1883,54294,5,231,0,1,1,0,0,0,0,0,0,0,0,0.0,0,,0,0,,0,0,0,0,0,0,0,0,0.0,0,0,0,0,0,64.0,64010.0,0,0,0,54,eth:ethertype:ip:tcp,,,,,,,,,,,0.0,Normal,0.0
1744302747339556,10.42.0.1,10.42.0.2,1883,49972,0,1,1,1,0,0,0,0,0,0,0,0,0,0.0,0,,0,0,,0,0,0,0,0,0,0,0,0.0,0,0,0,0,0,64.0,64240.0,0,0,0,58,eth:ethertype:ip:tcp,,,,,,,,,,,0.0,Normal,0.0
1744302747345609,10.42.0.1,10.42.0.2,1883,49972,1,4,0,1,0,0,0,0,0,0,0,0,0,0.0,0,,0,0,,0,0,0,0,0,0,0,0,0.0,0,0,0,0,0,64.0,64237.0,0,0,0,54,eth:ethertype:ip:tcp,,,,,,,,,,,0.0,Normal,0.0
1744302747349005,10.42.0.1,10.42.0.2,1883,49972,1,33,0,1,0,0,0,0,0,0,0,0,0,0.0,0,,0,0,,0,0,0,0,0,0,0,0,0.0,0,0,0,0,0,64.0,64208.0,0,0,0,54,eth:ethertype:ip:tcp,,,,,,,,,,,0.0,Normal,0.0
1744302747352160,10.42.0.1,10.42.0.2,1883,49972,1,45,0,1,0,0,0,0,0,0,0,0,0,0.0,0,,0,0,,0,0,0,0,0,0,0,0,0.0,0,0,0,0,0,64.0,64196.0,0,0,0,54,eth:ethertype:ip:tcp,,,,,,,,,,,0.0,Normal,0.0
1744302747352495,10.42.0.1,10.42.0.2,1883,49972,1,45,0,1,0,0,1,0,4,0,0,0,0,0.0,0,,0,2,,0,0,0,0,2,0,0,0,0.0,0x00,0,0,0,0,64.0,64196.0,0,0,0,58,eth:ethertype:ip:tcp:mqtt,,,,,,,,,,,0.0,Normal,0.0
1744302747400895,10.42.0.1,10.42.0.2,1883,49972,5,234,0,1,0,0,0,0,0,0,0,0,0,0.0,0,,0,0,,0,0,0,0,0,0,0,0,0.0,0,0,0,0,0,64.0,64007.0,0,0,0,54,eth:ethertype:ip:tcp,,,,,,,,,,,0.0,Normal,0.0
1744302747400949,10.42.0.1,10.42.0.2,1883,49972,5,234,0,1,1,0,0,0,0,0,0,0,0,0.0,0,,0,0,,0,0,0,0,0,0,0,0,0.0,0,0,0,0,0,64.0,64007.0,0,0,0,54,eth:ethertype:ip:tcp,,,,,,,,,,,0.0,Normal,0.0
1744302761551682,10.42.0.1,10.42.0.149,1883,54295,0,1,1,1,0,0,0,0,0,0,0,0,0,0.0,0,,0,0,,0,0,0,0,0,0,0,0,0.0,0,0,0,0,0,64.0,64240.0,0,0,0,58,eth:ethertype:ip:tcp,,,,,,,,,,,0.0,Normal,0.0
1744302761558418,10.42.0.1,10.42.0.149,1883,54295,1,4,0,1,0,0,0,0,0,0,0,0,0,0.0,0,,0,0,,0,0,0,0,0,0,0,0,0.0,0,0,0,0,0,64.0,64237.0,0,0,0,54,eth:ethertype:ip:tcp,,,,,,,,,,,0.0,Normal,0.0
1744302761561925,10.42.0.1,10.42.0.149,1883,54295,1,35,0,1,0,0,0,0,0,0,0,0,0,0.0,0,,0,0,,0,0,0,0,0,0,0,0,0.0,0,0,0,0,0,64.0,64206.0,0,0,0,54,eth:ethertype:ip:tcp,,,,,,,,,,,0.0,Normal,0.0
1744302761564845,10.42.0.1,10.42.0.149,1883,54295,1,45,0,1,0,0,0,0,0,0,0,0,0,0.0,0,,0,0,,0,0,0,0,0,0,0,0,0.0,0,0,0,0,0,64.0,64196.0,0,0,0,54,eth:ethertype:ip:tcp,,,,,,,,,,,0.0,Normal,0.0
1744302761565194,10.42.0.1,10.42.0.149,1883,54295,1,45,0,1,0,0,1,0,4,0,0,0,0,0.0,0,,0,2,,0,0,0,0,2,0,0,0,0.0,0x00,0,0,0,0,64.0,64196.0,0,0,0,58,eth:ethertype:ip:tcp:mqtt,,,,,,,,,,,0.0,Normal,0.0
1744302761603065,10.42.0.1,10.42.0.149,1883,54295,5,231,0,1,0,0,0,0,0,0,0,0,0,0.0,0,,0,0,,0,0,0,0,0,0,0,0,0.0,0,0,0,0,0,64.0,64010.0,0,0,0,54,eth:ethertype:ip:tcp,,,,,,,,,,,0.0,Normal,0.0
1744302761603099,10.42.0.1,10.42.0.149,1883,54295,5,231,0,1,1,0,0,0,0,0,0,0,0,0.0,0,,0,0,,0,0,0,0,0,0,0,0,0.0,0,0,0,0,0,64.0,64010.0,0,0,0,54,eth:ethertype:ip:tcp,,,,,,,,,,,0.0,Normal,0.0
1744302762409663,10.42.0.1,10.42.0.139,1883,49973,0,1,1,1,0,0,0,0,0,0,0,0,0,0.0,0,,0,0,,0,0,0,0,0,0,0,0,0.0,0,0,0,0,0,64.0,64240.0,0,0,0,58,eth:ethertype:ip:tcp,,,,,,,,,,,0.0,Normal,0.0
1744302762415655,10.42.0.1,10.42.0.139,1883,49973,1,4,0,1,0,0,0,0,0,0,0,0,0,0.0,0,,0,0,,0,0,0,0,0,0,0,0,0.0,0,0,0,0,0,64.0,64237.0,0,0,0,54,eth:ethertype:ip:tcp,,,,,,,,,,,0.0,Normal,0.0
1744302762419097,10.42.0.1,10.42.0.139,1883,49973,1,33,0,1,0,0,0,0,0,0,0,0,0,0.0,0,,0,0,,0,0,0,0,0,0,0,0,0.0,0,0,0,0,0,64.0,64208.0,0,0,0,54,eth:ethertype:ip:tcp,,,,,,,,,,,0.0,Normal,0.0
1744302762422131,10.42.0.1,10.42.0.139,1883,49973,1,45,0,1,0,0,0,0,0,0,0,0,0,0.0,0,,0,0,,0,0,0,0,0,0,0,0,0.0,0,0,0,0,0,64.0,64196.0,0,0,0,54,eth:ethertype:ip:tcp,,,,,,,,,,,0.0,Normal,0.0
1744302762422504,10.42.0.1,10.42.0.139,1883,49973,1,45,0,1,0,0,1,0,4,0,0,0,0,0.0,0,,0,2,,0,0,0,0,2,0,0,0,0.0,0x00,0,0,0,0,64.0,64196.0,0,0,0,58,eth:ethertype:ip:tcp:mqtt,,,,,,,,,,,0.0,Normal,0.0
1744302762470108,10.42.0.1,10.42.0.139,1883,49973,5,234,0,1,0,0,0,0,0,0,0,0,0,0.0,0,,0,0,,0,0,0,0,0,0,0,0,0.0,0,0,0,0,0,64.0,64007.0,0,0,0,54,eth:ethertype:ip:tcp,,,,,,,,,,,0.0,Normal,0.0
1744302762470148,10.42.0.1,10.42.0.139,1883,49973,5,234,0,1,1,0,0,0,0,0,0,0,0,0.0,0,,0,0,,0,0,0,0,0,0,0,0,0.0,0,0,0,0,0,64.0,64007.0,0,0,0,54,eth:ethertype:ip:tcp,,,,,,,,,,,0.0,Normal,0.0
1744302776551682,10.42.0.1,10.42.0.3,1883,54295,0,1,1,1,0,0,0,0,0,0,0,0,0,0.0,0,,0,0,,0,0,0,0,0,0,0,0,0.0,0,0,0,0,0,64.0,64240.0,0,0,0,58,eth:ethertype:ip:tcp,,,,,,,,,,,0.0,Normal,0.0
1744302776558418,10.42.0.1,10.42.0.3,1883,54295,1,4,0,1,0,0,0,0,0,0,0,0,0,0.0,0,,0,0,,0,0,0,0,0,0,0,0,0.0,0,0,0,0,0,64.0,64237.0,0,0,0,54,eth:ethertype:ip:tcp,,,,,,,,,,,0.0,Normal,0.0
1744302776561925,10.42.0.1,10.42.0.3,1883,54295,1,35,0,1,0,0,0,0,0,0,0,0,0,0.0,0,,0,0,,0,0,0,0,0,0,0,0,0.0,0,0,0,0,0,64.0,64206.0,0,0,0,54,eth:ethertype:ip:tcp,,,,,,,,,,,0.0,Normal,0.0
1744302776564845,10.42.0.1,10.42.0.3,1883,54295,1,45,0,1,0,0,0,0,0,0,0,0,0,0.0,0,,0,0,,0,0,0,0,0,0,0,0,0.0,0,0,0,0,0,64.0,64196.0,0,0,0,54,eth:ethertype:ip:tcp,,,,,,,,,,,0.0,Normal,0.0
1744302776565194,10.42.0.1,10.42.0.3,1883,54295,1,45,0,1,0,0,1,0,4,0,0,0,0,0.0,0,,0,2,,0,0,0,0,2,0,0,0,0.0,0x00,0,0,0,0,64.0,64196.0,0,0,0,58,eth:ethertype:ip:tcp:mqtt,,,,,,,,,,,0.0,Normal,0.0
1744302776603065,10.42.0.1,10.42.0.3,1883,54295,5,231,0,1,0,0,0,0,0,0,0,0,0,0.0,0,,0,0,,0,0,0,0,0,0,0,0,0.0,0,0,0,0,0,64.0,64010.0,0,0,0,54,eth:ethertype:ip:tcp,,,,,,,,,,,0.0,Normal,0.0
1744302776603099,10.42.0.1,10.42.0.3,1883,54295,5,231,0,1,1,0,0,0,0,0,0,0,0,0.0,0,,0,0,,0,0,0,0,0,0,0,0,0.0,0,0,0,0,0,64.0,64010.0,0,0,0,54,eth:ethertype:ip:tcp,,,,,,,,,,,0.0,Normal,0.0
1744302777409663,10.42.0.1,10.42.0.2,1883,49973,0,1,1,1,0,0,0,0,0,0,0,0,0,0.0,0,,0,0,,0,0,0,0,0,0,0,0,0.0,0,0,0,0,0,64.0,64240.0,0,0,0,58,eth:ethertype:ip:tcp,,,,,,,,,,,0.0,Normal,0.0
1744302777415655,10.42.0.1,10.42.0.2,1883,49973,1,4,0,1,0,0,0,0,0,0,0,0,0,0.0,0,,0,0,,0,0,0,0,0,0,0,0,0.0,0,0,0,0,0,64.0,64237.0,0,0,0,54,eth:ethertype:ip:tcp,,,,,,,,,,,0.0,Normal,0.0
1744302777419097,10.42.0.1,10.42.0.2,1883,49973,1,33,0,1,0,0,0,0,0,0,0,0,0,0.0,0,,0,0,,0,0,0,0,0,0,0,0,0.0,0,0,0,0,0,64.0,64208.0,0,0,0,54,eth:ethertype:ip:tcp,,,,,,,,,,,0.0,Normal,0.0
1744302777422131,10.42.0.1,10.42.0.2,1883,49973,1,45,0,1,0,0,0,0,0,0,0,0,0,0.0,0,,0,0,,0,0,0,0,0,0,0,0,0.0,0,0,0,0,0,64.0,64196.0,0,0,0,54,eth:ethertype:ip:tcp,,,,,,,,,,,0.0,Normal,0.0
1744302777422504,10.42.0.1,10.42.0.2,1883,49973,1,45,0,1,0,0,1,0,4,0,0,0,0,0.0,0,,0,2,,0,0,0,0,2,0,0,0,0.0,0x00,0,0,0,0,64.0,64196.0,0,0,0,58,eth:ethertype:ip:tcp:mqtt,,,,,,,,,,,0.0,Normal,0.0
1744302777470108,10.42.0.1,10.42.0.2,1883,49973,5,234,0,1,0,0,0,0,0,0,0,0,0,0.0,0,,0,0,,0,0,0,0,0,0,0,0,0.0,0,0,0,0,0,64.0,64007.0,0,0,0,54,eth:ethertype:ip:tcp,,,,,,,,,,,0.0,Normal,0.0
1744302777470148,10.42.0.1,10.42.0.2,1883,49973,5,234,0,1,1,0,0,0,0,0,0,0,0,0.0,0,,0,0,,0,0,0,0,0,0,0,0,0.0,0,0,0,0,0,64.0,64007.0,0,0,0,54,eth:ethertype:ip:tcp,,,,,,,,,,,0.0,Normal,0.0
1744302791610502,10.42.0.1,10.42.0.149,1883,54296,0,1,1,1,0,0,0,0,0,0,0,0,0,0.0,0,,0,0,,0,0,0,0,0,0,0,0,0.0,0,0,0,0,0,64.0,64240.0,0,0,0,58,eth:ethertype:ip:tcp,,,,,,,,,,,0.0,Normal,0.0
1744302791616575,10.42.0.1,10.42.0.149,1883,54296,1,4,0,1,0,0,0,0,0,0,0,0,0,0.0,0,,0,0,,0,0,0,0,0,0,0,0,0.0,0,0,0,0,0,64.0,64237.0,0,0,0,54,eth:ethertype:ip:tcp,,,,,,,,,,,0.0,Normal,0.0
1744302791621957,10.42.0.1,10.42.0.149,1883,54296,1,33,0,1,0,0,0,0,0,0,0,0,0,0.0,0,,0,0,,0,0,0,0,0,0,0,0,0.0,0,0,0,0,0,64.0,64208.0,0,0,0,54,eth:ethertype:ip:tcp,,,,,,,,,,,0.0,Normal,0.0
1744302791624748,10.42.0.1,10.42.0.149,1883,54296,1,45,0,1,0,0,0,0,0,0,0,0,0,0.0,0,,0,0,,0,0,0,0,0,0,0,0,0.0,0,0,0,0,0,64.0,64196.0,0,0,0,54,eth:ethertype:ip:tcp,,,,,,,,,,,0.0,Normal,0.0
1744302791625141,10.42.0.1,10.42.0.149,1883,54296,1,45,0,1,0,0,1,0,4,0,0,0,0,0.0,0,,0,2,,0,0,0,0,2,0,0,0,0.0,0x00,0,0,0,0,64.0,64196.0,0,0,0,58,eth:ethertype:ip:tcp:mqtt,,,,,,,,,,,0.0,Normal,0.0
1744302791661430,10.42.0.1,10.42.0.149,1883,54296,5,231,0,1,0,0,0,0,0,0,0,0,0,0.0,0,,0,0,,0,0,0,0,0,0,0,0,0.0,0,0,0,0,0,64.0,64010.0,0,0,0,54,eth:ethertype:ip:tcp,,,,,,,,,,,0.0,Normal,0.0
1744302791661486,10.42.0.1,10.42.0.149,1883,54296,5,231,0,1,1,0,0,0,0,0,0,0,0,0.0,0,,0,0,,0,0,0,0,0,0,0,0,0.0,0,0,0,0,0,64.0,64010.0,0,0,0,54,eth:ethertype:ip:tcp,,,,,,,,,,,0.0,Normal,0.0
1744302792478827,10.42.0.1,10.42.0.139,1883,49974,0,1,1,1,0,0,0,0,0,0,0,0,0,0.0,0,,0,0,,0,0,0,0,0,0,0,0,0.0,0,0,0,0,0,64.0,64240.0,0,0,0,58,eth:ethertype:ip:tcp,,,,,,,,,,,0.0,Normal,0.0
1744302792496577,10.42.0.1,10.42.0.139,1883,49974,1,4,0,1,0,0,0,0,0,0,0,0,0,0.0,0,,0,0,,0,0,0,0,0,0,0,0,0.0,0,0,0,0,0,64.0,64237.0,0,0,0,54,eth:ethertype:ip:tcp,,,,,,,,,,,0.0,Normal,0.0
1744302792499395,10.42.0.1,10.42.0.139,1883,49974,1,45,0,1,0,0,0,0,0,0,0,0,0,0.0,0,,0,0,,0,0,0,0,0,0,0,0,0.0,0,0,0,0,0,64.0,64196.0,0,0,0,54,eth:ethertype:ip:tcp,,,,,,,,,,,0.0,Normal,0.0
1744302792499737,10.42.0.1,10.42.0.139,1883,49974,1,45,0,1,0,0,1,0,4,0,0,0,0,0.0,0,,0,2,,0,0,0,0,2,0,0,0,0.0,0x00,0,0,0,0,64.0,64196.0,0,0,0,58,eth:ethertype:ip:tcp:mqtt,,,,,,,,,,,0.0,Normal,0.0
1744302792549786,10.42.0.1,10.42.0.139,1883,49974,5,234,0,1,0,0,0,0,0,0,0,0,0,0.0,0,,0,0,,0,0,0,0,0,0,0,0,0.0,0,0,0,0,0,64.0,64007.0,0,0,0,54,eth:ethertype:ip:tcp,,,,,,,,,,,0.0,Normal,0.0
1744302792549829,10.42.0.1,10.42.0.139,1883,49974,5,234,0,1,1,0,0,0,0,0,0,0,0,0.0,0,,0,0,,0,0,0,0,0,0,0,0,0.0,0,0,0,0,0,64.0,64007.0,0,0,0,54,eth:ethertype:ip:tcp,,,,,,,,,,,0.0,Normal,0.0
1744302806610502,10.42.0.1,10.42.0.3,1883,54296,0,1,1,1,0,0,0,0,0,0,0,0,0,0.0,0,,0,0,,0,0,0,0,0,0,0,0,0.0,0,0,0,0,0,64.0,64240.0,0,0,0,58,eth:ethertype:ip:tcp,,,,,,,,,,,0.0,Normal,0.0
1744302806616575,10.42.0.1,10.42.0.3,1883,54296,1,4,0,1,0,0,0,0,0,0,0,0,0,0.0,0,,0,0,,0,0,0,0,0,0,0,0,0.0,0,0,0,0,0,64.0,64237.0,0,0,0,54,eth:ethertype:ip:tcp,,,,,,,,,,,0.0,Normal,0.0
1744302806621957,10.42.0.1,10.42.0.3,1883,54296,1,33,0,1,0,0,0,0,0,0,0,0,0,0.0,0,,0,0,,0,0,0,0,0,0,0,0,0.0,0,0,0,0,0,64.0,64208.0,0,0,0,54,eth:ethertype:ip:tcp,,,,,,,,,,,0.0,Normal,0.0
1744302806624748,10.42.0.1,10.42.0.3,1883,54296,1,45,0,1,0,0,0,0,0,0,0,0,0,0.0,0,,0,0,,0,0,0,0,0,0,0,0,0.0,0,0,0,0,0,64.0,64196.0,0,0,0,54,eth:ethertype:ip:tcp,,,,,,,,,,,0.0,Normal,0.0
1744302806625141,10.42.0.1,10.42.0.3,1883,54296,1,45,0,1,0,0,1,0,4,0,0,0,0,0.0,0,,0,2,,0,0,0,0,2,0,0,0,0.0,0x00,0,0,0,0,64.0,64196.0,0,0,0,58,eth:ethertype:ip:tcp:mqtt,,,,,,,,,,,0.0,Normal,0.0
1744302806661430,10.42.0.1,10.42.0.3,1883,54296,5,231,0,1,0,0,0,0,0,0,0,0,0,0.0,0,,0,0,,0,0,0,0,0,0,0,0,0.0,0,0,0,0,0,64.0,64010.0,0,0,0,54,eth:ethertype:ip:tcp,,,,,,,,,,,0.0,Normal,0.0
1744302806661486,10.42.0.1,10.42.0.3,1883,54296,5,231,0,1,1,0,0,0,0,0,0,0,0,0.0,0,,0,0,,0,0,0,0,0,0,0,0,0.0,0,0,0,0,0,64.0,64010.0,0,0,0,54,eth:ethertype:ip:tcp,,,,,,,,,,,0.0,Normal,0.0
1744302807478827,10.42.0.1,10.42.0.2,1883,49974,0,1,1,1,0,0,0,0,0,0,0,0,0,0.0,0,,0,0,,0,0,0,0,0,0,0,0,0.0,0,0,0,0,0,64.0,64240.0,0,0,0,58,eth:ethertype:ip:tcp,,,,,,,,,,,0.0,Normal,0.0
1744302807496577,10.42.0.1,10.42.0.2,1883,49974,1,4,0,1,0,0,0,0,0,0,0,0,0,0.0,0,,0,0,,0,0,0,0,0,0,0,0,0.0,0,0,0,0,0,64.0,64237.0,0,0,0,54,eth:ethertype:ip:tcp,,,,,,,,,,,0.0,Normal,0.0
1744302807499395,10.42.0.1,10.42.0.2,1883,49974,1,45,0,1,0,0,0,0,0,0,0,0,0,0.0,0,,0,0,,0,0,0,0,0,0,0,0,0.0,0,0,0,0,0,64.0,64196.0,0,0,0,54,eth:ethertype:ip:tcp,,,,,,,,,,,0.0,Normal,0.0
1744302807499737,10.42.0.1,10.42.0.2,1883,49974,1,45,0,1,0,0,1,0,4,0,0,0,0,0.0,0,,0,2,,0,0,0,0,2,0,0,0,0.0,0x00,0,0,0,0,64.0,64196.0,0,0,0,58,eth:ethertype:ip:tcp:mqtt,,,,,,,,,,,0.0,Normal,0.0
1744302807549786,10.42.0.1,10.42.0.2,1883,49974,5,234,0,1,0,0,0,0,0,0,0,0,0,0.0,0,,0,0,,0,0,0,0,0,0,0,0,0.0,0,0,0,0,0,64.0,64007.0,0,0,0,54,eth:ethertype:ip:tcp,,,,,,,,,,,0.0,Normal,0.0
1744302807549829,10.42.0.1,10.42.0.2,1883,49974,5,234,0,1,1,0,0,0,0,0,0,0,0,0.0,0,,0,0,,0,0,0,0,0,0,0,0,0.0,0,0,0,0,0,64.0,64007.0,0,0,0,54,eth:ethertype:ip:tcp,,,,,,,,,,,0.0,Normal,0.0
1744302821670945,10.42.0.1,10.42.0.149,1883,54297,0,1,1,1,0,0,0,0,0,0,0,0,0,0.0,0,,0,0,,0,0,0,0,0,0,0,0,0.0,0,0,0,0,0,64.0,64240.0,0,0,0,58,eth:ethertype:ip:tcp,,,,,,,,,,,0.0,Normal,0.0
1744302821677174,10.42.0.1,10.42.0.149,1883,54297,1,4,0,1,0,0,0,0,0,0,0,0,0,0.0,0,,0,0,,0,0,0,0,0,0,0,0,0.0,0,0,0,0,0,64.0,64237.0,0,0,0,54,eth:ethertype:ip:tcp,,,,,,,,,,,0.0,Normal,0.0
1744302821682915,10.42.0.1,10.42.0.149,1883,54297,1,33,0,1,0,0,0,0,0,0,0,0,0,0.0,0,,0,0,,0,0,0,0,0,0,0,0,0.0,0,0,0,0,0,64.0,64208.0,0,0,0,54,eth:ethertype:ip:tcp,,,,,,,,,,,0.0,Normal,0.0
1744302821685722,10.42.0.1,10.42.0.149,1883,54297,1,45,0,1,0,0,0,0,0,0,0,0,0,0.0,0,,0,0,,0,0,0,0,0,0,0,0,0.0,0,0,0,0,0,64.0,64196.0,0,0,0,54,eth:ethertype:ip:tcp,,,,,,,,,,,0.0,Normal,0.0
1744302821686075,10.42.0.1,10.42.0.149,1883,54297,1,45,0,1,0,0,1,0,4,0,0,0,0,0.0,0,,0,2,,0,0,0,0,2,0,0,0,0.0,0x00,0,0,0,0,64.0,64196.0,0,0,0,58,eth:ethertype:ip:tcp:mqtt,,,,,,,,,,,0.0,Normal,0.0
1744302821720164,10.42.0.1,10.42.0.149,1883,54297,5,231,0,1,0,0,0,0,0,0,0,0,0,0.0,0,,0,0,,0,0,0,0,0,0,0,0,0.0,0,0,0,0,0,64.0,64010.0,0,0,0,54,eth:ethertype:ip:tcp,,,,,,,,,,,0.0,Normal,0.0
1744302821720203,10.42.0.1,10.42.0.149,1883,54297,5,231,0,1,1,0,0,0,0,0,0,0,0,0.0,0,,0,0,,0,0,0,0,0,0,0,0,0.0,0,0,0,0,0,64.0,64010.0,0,0,0,54,eth:ethertype:ip:tcp,,,,,,,,,,,0.0,Normal,0.0
1744302822558665,10.42.0.1,10.42.0.139,1883,49975,0,1,1,1,0,0,0,0,0,0,0,0,0,0.0,0,,0,0,,0,0,0,0,0,0,0,0,0.0,0,0,0,0,0,64.0,64240.0,0,0,0,58,eth:ethertype:ip:tcp,,,,,,,,,,,0.0,Normal,0.0
1744302822566474,10.42.0.1,10.42.0.139,1883,49975,1,4,0,1,0,0,0,0,0,0,0,0,0,0.0,0,,0,0,,0,0,0,0,0,0,0,0,0.0,0,0,0,0,0,64.0,64237.0,0,0,0,54,eth:ethertype:ip:tcp,,,,,,,,,,,0.0,Normal,0.0
1744302822570378,10.42.0.1,10.42.0.139,1883,49975,1,15,0,1,0,0,0,0,0,0,0,0,0,0.0,0,,0,0,,0,0,0,0,0,0,0,0,0.0,0,0,0,0,0,64.0,64226.0,0,0,0,54,eth:ethertype:ip:tcp,,,,,,,,,,,0.0,Normal,0.0
1744302822573354,10.42.0.1,10.42.0.139,1883,49975,1,45,0,1,0,0,0,0,0,0,0,0,0,0.0,0,,0,0,,0,0,0,0,0,0,0,0,0.0,0,0,0,0,0,64.0,64196.0,0,0,0,54,eth:ethertype:ip:tcp,,,,,,,,,,,0.0,Normal,0.0
1744302822573653,10.42.0.1,10.42.0.139,1883,49975,1,45,0,1,0,0,1,0,4,0,0,0,0,0.0,0,,0,2,,0,0,0,0,2,0,0,0,0.0,0x00,0,0,0,0,64.0,64196.0,0,0,0,58,eth:ethertype:ip:tcp:mqtt,,,,,,,,,,,0.0,Normal,0.0
1744302822628711,10.42.0.1,10.42.0.139,1883,49975,5,234,0,1,0,0,0,0,0,0,0,0,0,0.0,0,,0,0,,0,0,0,0,0,0,0,0,0.0,0,0,0,0,0,64.0,64007.0,0,0,0,54,eth:ethertype:ip:tcp,,,,,,,,,,,0.0,Normal,0.0
1744302822628750,10.42.0.1,10.42.0.139,1883,49975,5,234,0,1,1,0,0,0,0,0,0,0,0,0.0,0,,0,0,,0,0,0,0,0,0,0,0,0.0,0,0,0,0,0,64.0,64007.0,0,0,0,54,eth:ethertype:ip:tcp,,,,,,,,,,,0.0,Normal,0.0
1744302836670945,10.42.0.1,10.42.0.3,1883,54297,0,1,1,1,0,0,0,0,0,0,0,0,0,0.0,0,,0,0,,0,0,0,0,0,0,0,0,0.0,0,0,0,0,0,64.0,64240.0,0,0,0,58,eth:ethertype:ip:tcp,,,,,,,,,,,0.0,Normal,0.0
1744302836677174,10.42.0.1,10.42.0.3,1883,54297,1,4,0,1,0,0,0,0,0,0,0,0,0,0.0,0,,0,0,,0,0,0,0,0,0,0,0,0.0,0,0,0,0,0,64.0,64237.0,0,0,0,54,eth:ethertype:ip:tcp,,,,,,,,,,,0.0,Normal,0.0
1744302836682915,10.42.0.1,10.42.0.3,1883,54297,1,33,0,1,0,0,0,0,0,0,0,0,0,0.0,0,,0,0,,0,0,0,0,0,0,0,0,0.0,0,0,0,0,0,64.0,64208.0,0,0,0,54,eth:ethertype:ip:tcp,,,,,,,,,,,0.0,Normal,0.0
1744302836685722,10.42.0.1,10.42.0.3,1883,54297,1,45,0,1,0,0,0,0,0,0,0,0,0,0.0,0,,0,0,,0,0,0,0,0,0,0,0,0.0,0,0,0,0,0,64.0,64196.0,0,0,0,54,eth:ethertype:ip:tcp,,,,,,,,,,,0.0,Normal,0.0
1744302836686075,10.42.0.1,10.42.0.3,1883,54297,1,45,0,1,0,0,1,0,4,0,0,0,0,0.0,0,,0,2,,0,0,0,0,2,0,0,0,0.0,0x00,0,0,0,0,64.0,64196.0,0,0,0,58,eth:ethertype:ip:tcp:mqtt,,,,,,,,,,,0.0,Normal,0.0
1744302836720164,10.42.0.1,10.42.0.3,1883,54297,5,231,0,1,0,0,0,0,0,0,0,0,0,0.0,0,,0,0,,0,0,0,0,0,0,0,0,0.0,0,0,0,0,0,64.0,64010.0,0,0,0,54,eth:ethertype:ip:tcp,,,,,,,,,,,0.0,Normal,0.0
1744302836720203,10.42.0.1,10.42.0.3,1883,54297,5,231,0,1,1,0,0,0,0,0,0,0,0,0.0,0,,0,0,,0,0,0,0,0,0,0,0,0.0,0,0,0,0,0,64.0,64010.0,0,0,0,54,eth:ethertype:ip:tcp,,,,,,,,,,,0.0,Normal,0.0
1744302837558665,10.42.0.1,10.42.0.2,1883,49975,0,1,1,1,0,0,0,0,0,0,0,0,0,0.0,0,,0,0,,0,0,0,0,0,0,0,0,0.0,0,0,0,0,0,64.0,64240.0,0,0,0,58,eth:ethertype:ip:tcp,,,,,,,,,,,0.0,Normal,0.0
1744302837566474,10.42.0.1,10.42.0.2,1883,49975,1,4,0,1,0,0,0,0,0,0,0,0,0,0.0,0,,0,0,,0,0,0,0,0,0,0,0,0.0,0,0,0,0,0,64.0,64237.0,0,0,0,54,eth:ethertype:ip:tcp,,,,,,,,,,,0.0,Normal,0.0
1744302837570378,10.42.0.1,10.42.0.2,1883,49975,1,15,0,1,0,0,0,0,0,0,0,0,0,0.0,0,,0,0,,0,0,0,0,0,0,0,0,0.0,0,0,0,0,0,64.0,64226.0,0,0,0,54,eth:ethertype:ip:tcp,,,,,,,,,,,0.0,Normal,0.0
1744302837573354,10.42.0.1,10.42.0.2,1883,49975,1,45,0,1,0,0,0,0,0,0,0,0,0,0.0,0,,0,0,,0,0,0,0,0,0,0,0,0.0,0,0,0,0,0,64.0,64196.0,0,0,0,54,eth:ethertype:ip:tcp,,,,,,,,,,,0.0,Normal,0.0
1744302837573653,10.42.0.1,10.42.0.2,1883,49975,1,45,0,1,0,0,1,0,4,0,0,0,0,0.0,0,,0,2,,0,0,0,0,2,0,0,0,0.0,0x00,0,0,0,0,64.0,64196.0,0,0,0,58,eth:ethertype:ip:tcp:mqtt,,,,,,,,,,,0.0,Normal,0.0
1744302837628711,10.42.0.1,10.42.0.2,1883,49975,5,234,0,1,0,0,0,0,0,0,0,0,0,0.0,0,,0,0,,0,0,0,0,0,0,0,0,0.0,0,0,0,0,0,64.0,64007.0,0,0,0,54,eth:ethertype:ip:tcp,,,,,,,,,,,0.0,Normal,0.0
1744302837628750,10.42.0.1,10.42.0.2,1883,49975,5,234,0,1,1,0,0,0,0,0,0,0,0,0.0,0,,0,0,,0,0,0,0,0,0,0,0,0.0,0,0,0,0,0,64.0,64007.0,0,0,0,54,eth:ethertype:ip:tcp,,,,,,,,,,,0.0,Normal,0.0
1744302851728730,10.42.0.1,10.42.0.149,1883,54298,0,1,1,1,0,0,0,0,0,0,0,0,0,0.0,0,,0,0,,0,0,0,0,0,0,0,0,0.0,0,0,0,0,0,64.0,64240.0,0,0,0,58,eth:ethertype:ip:tcp,,,,,,,,,,,0.0,Normal,0.0
1744302851734755,10.42.0.1,10.42.0.149,1883,54298,1,4,0,1,0,0,0,0,0,0,0,0,0,0.0,0,,0,0,,0,0,0,0,0,0,0,0,0.0,0,0,0,0,0,64.0,64237.0,0,0,0,54,eth:ethertype:ip:tcp,,,,,,,,,,,0.0,Normal,0.0
1744302851740175,10.42.0.1,10.42.0.149,1883,54298,1,33,0,1,0,0,0,0,0,0,0,0,0,0.0,0,,0,0,,0,0,0,0,0,0,0,0,0.0,0,0,0,0,0,64.0,64208.0,0,0,0,54,eth:ethertype:ip:tcp,,,,,,,,,,,0.0,Normal,0.0
1744302851742932,10.42.0.1,10.42.0.149,1883,54298,1,45,0,1,0,0,0,0,0,0,0,0,0,0.0,0,,0,0,,0,0,0,0,0,0,0,0,0.0,0,0,0,0,0,64.0,64196.0,0,0,0,54,eth:ethertype:ip:tcp,,,,,,,,,,,0.0,Normal,0.0
1744302851743291,10.42.0.1,10.42.0.149,1883,54298,1,45,0,1,0,0,1,0,4,0,0,0,0,0.0,0,,0,2,,0,0,0,0,2,0,0,0,0.0,0x00,0,0,0,0,64.0,64196.0,0,0,0,58,eth:ethertype:ip:tcp:mqtt,,,,,,,,,,,0.0,Normal,0.0
1744302851780681,10.42.0.1,10.42.0.149,1883,54298,5,231,0,1,0,0,0,0,0,0,0,0,0,0.0,0,,0,0,,0,0,0,0,0,0,0,0,0.0,0,0,0,0,0,64.0,64010.0,0,0,0,54,eth:ethertype:ip:tcp,,,,,,,,,,,0.0,Normal,0.0
1744302851780715,10.42.0.1,10.42.0.149,1883,54298,5,231,0,1,1,0,0,0,0,0,0,0,0,0.0,0,,0,0,,0,0,0,0,0,0,0,0,0.0,0,0,0,0,0,64.0,64010.0,0,0,0,54,eth:ethertype:ip:tcp,,,,,,,,,,,0.0,Normal,0.0
1744302852637902,10.42.0.1,10.42.0.139,1883,49976,0,1,1,1,0,0,0,0,0,0,0,0,0,0.0,0,,0,0,,0,0,0,0,0,0,0,0,0.0,0,0,0,0,0,64.0,64240.0,0,0,0,58,eth:ethertype:ip:tcp,,,,,,,,,,,0.0,Normal,0.0
1744302852644093,10.42.0.1,10.42.0.139,1883,49976,1,4,0,1,0,0,0,0,0,0,0,0,0,0.0,0,,0,0,,0,0,0,0,0,0,0,0,0.0,0,0,0,0,0,64.0,64237.0,0,0,0,54,eth:ethertype:ip:tcp,,,,,,,,,,,0.0,Normal,0.0
1744302852647535,10.42.0.1,10.42.0.139,1883,49976,1,33,0,1,0,0,0,0,0,0,0,0,0,0.0,0,,0,0,,0,0,0,0,0,0,0,0,0.0,0,0,0,0,0,64.0,64208.0,0,0,0,54,eth:ethertype:ip:tcp,,,,,,,,,,,0.0,Normal,0.0
1744302852652894,10.42.0.1,10.42.0.139,1883,49976,1,45,0,1,0,0,0,0,0,0,0,0,0,0.0,0,,0,0,,0,0,0,0,0,0,0,0,0.0,0,0,0,0,0,64.0,64196.0,0,0,0,54,eth:ethertype:ip:tcp,,,,,,,,,,,0.0,Normal,0.0
1744302852653180,10.42.0.1,10.42.0.139,1883,49976,1,45,0,1,0,0,1,0,4,0,0,0,0,0.0,0,,0,2,,0,0,0,0,2,0,0,0,0.0,0x00,0,0,0,0,64.0,64196.0,0,0,0,58,eth:ethertype:ip:tcp:mqtt,,,,,,,,,,,0.0,Normal,0.0
1744302852698608,10.42.0.1,10.42.0.139,1883,49976,5,234,0,1,0,0,0,0,0,0,0,0,0,0.0,0,,0,0,,0,0,0,0,0,0,0,0,0.0,0,0,0,0,0,64.0,64007.0,0,0,0,54,eth:ethertype:ip:tcp,,,,,,,,,,,0.0,Normal,0.0
1744302852698673,10.42.0.1,10.42.0.139,1883,49976,5,234,0,1,1,0,0,0,0,0,0,0,0,0.0,0,,0,0,,0,0,0,0,0,0,0,0,0.0,0,0,0,0,0,64.0,64007.0,0,0,0,54,eth:ethertype:ip:tcp,,,,,,,,,,,0.0,Normal,0.0
1744302866728730,10.42.0.1,10.42.0.3,1883,54298,0,1,1,1,0,0,0,0,0,0,0,0,0,0.0,0,,0,0,,0,0,0,0,0,0,0,0,0.0,0,0,0,0,0,64.0,64240.0,0,0,0,58,eth:ethertype:ip:tcp,,,,,,,,,,,0.0,Normal,0.0
1744302866734755,10.42.0.1,10.42.0.3,1883,54298,1,4,0,1,0,0,0,0,0,0,0,0,0,0.0,0,,0,0,,0,0,0,0,0,0,0,0,0.0,0,0,0,0,0,64.0,64237.0,0,0,0,54,eth:ethertype:ip:tcp,,,,,,,,,,,0.0,Normal,0.0
1744302866740175,10.42.0.1,10.42.0.3,1883,54298,1,33,0,1,0,0,0,0,0,0,0,0,0,0.0,0,,0,0,,0,0,0,0,0,0,0,0,0.0,0,0,0,0,0,64.0,64208.0,0,0,0,54,eth:ethertype:ip:tcp,,,,,,,,,,,0.0,Normal,0.0
1744302866742932,10.42.0.1,10.42.0.3,1883,54298,1,45,0,1,0,0,0,0,0,0,0,0,0,0.0,0,,0,0,,0,0,0,0,0,0,0,0,0.0,0,0,0,0,0,64.0,64196.0,0,0,0,54,eth:ethertype:ip:tcp,,,,,,,,,,,0.0,Normal,0.0
1744302866743291,10.42.0.1,10.42.0.3,1883,54298,1,45,0,1,0,0,1,0,4,0,0,0,0,0.0,0,,0,2,,0,0,0,0,2,0,0,0,0.0,0x00,0,0,0,0,64.0,64196.0,0,0,0,58,eth:ethertype:ip:tcp:mqtt,,,,,,,,,,,0.0,Normal,0.0
1744302866780681,10.42.0.1,10.42.0.3,1883,54298,5,231,0,1,0,0,0,0,0,0,0,0,0,0.0,0,,0,0,,0,0,0,0,0,0,0,0,0.0,0,0,0,0,0,64.0,64010.0,0,0,0,54,eth:ethertype:ip:tcp,,,,,,,,,,,0.0,Normal,0.0
1744302866780715,10.42.0.1,10.42.0.3,1883,54298,5,231,0,1,1,0,0,0,0,0,0,0,0,0.0,0,,0,0,,0,0,0,0,0,0,0,0,0.0,0,0,0,0,0,64.0,64010.0,0,0,0,54,eth:ethertype:ip:tcp,,,,,,,,,,,0.0,Normal,0.0
1744302867637902,10.42.0.1,10.42.0.2,1883,49976,0,1,1,1,0,0,0,0,0,0,0,0,0,0.0,0,,0,0,,0,0,0,0,0,0,0,0,0.0,0,0,0,0,0,64.0,64240.0,0,0,0,58,eth:ethertype:ip:tcp,,,,,,,,,,,0.0,Normal,0.0
1744302867644093,10.42.0.1,10.42.0.2,1883,49976,1,4,0,1,0,0,0,0,0,0,0,0,0,0.0,0,,0,0,,0,0,0,0,0,0,0,0,0.0,0,0,0,0,0,64.0,64237.0,0,0,0,54,eth:ethertype:ip:tcp,,,,,,,,,,,0.0,Normal,0.0
1744302867647535,10.42.0.1,10.42.0.2,1883,49976,1,33,0,1,0,0,0,0,0,0,0,0,0,0.0,0,,0,0,,0,0,0,0,0,0,0,0,0.0,0,0,0,0,0,64.0,64208.0,0,0,0,54,eth:ethertype:ip:tcp,,,,,,,,,,,0.0,Normal,0.0
1744302867652894,10.42.0.1,10.42.0.2,1883,49976,1,45,0,1,0,0,0,0,0,0,0,0,0,0.0,0,,0,0,,0,0,0,0,0,0,0,0,0.0,0,0,0,0,0,64.0,64196.0,0,0,0,54,eth:ethertype:ip:tcp,,,,,,,,,,,0.0,Normal,0.0
1744302867653180,10.42.0.1,10.42.0.2,1883,49976,1,45,0,1,0,0,1,0,4,0,0,0,0,0.0,0,,0,2,,0,0,0,0,2,0,0,0,0.0,0x00,0,0,0,0,64.0,64196.0,0,0,0,58,eth:ethertype:ip:tcp:mqtt,,,,,,,,,,,0.0,Normal,0.0
1744302867698608,10.42.0.1,10.42.0.2,1883,49976,5,234,0,1,0,0,0,0,0,0,0,0,0,0.0,0,,0,0,,0,0,0,0,0,0,0,0,0.0,0,0,0,0,0,64.0,64007.0,0,0,0,54,eth:ethertype:ip:tcp,,,,,,,,,,,0.0,Normal,0.0
1744302867698673,10.42.0.1,10.42.0.2,1883,49976,5,234,0,1,1,0,0,0,0,0,0,0,0,0.0,0,,0,0,,0,0,0,0,0,0,0,0,0.0,0,0,0,0,0,64.0,64007.0,0,0,0,54,eth:ethertype:ip:tcp,,,,,,,,,,,0.0,Normal,0.0
1744302881788907,10.42.0.1,10.42.0.149,1883,54299,0,1,1,1,0,0,0,0,0,0,0,0,0,0.0,0,,0,0,,0,0,0,0,0,0,0,0,0.0,0,0,0,0,0,64.0,64240.0,0,0,0,58,eth:ethertype:ip:tcp,,,,,,,,,,,0.0,Normal,0.0
1744302881795951,10.42.0.1,10.42.0.149,1883,54299,1,4,0,1,0,0,0,0,0,0,0,0,0,0.0,0,,0,0,,0,0,0,0,0,0,0,0,0.0,0,0,0,0,0,64.0,64237.0,0,0,0,54,eth:ethertype:ip:tcp,,,,,,,,,,,0.0,Normal,0.0
1744302881799292,10.42.0.1,10.42.0.149,1883,54299,1,33,0,1,0,0,0,0,0,0,0,0,0,0.0,0,,0,0,,0,0,0,0,0,0,0,0,0.0,0,0,0,0,0,64.0,64208.0,0,0,0,54,eth:ethertype:ip:tcp,,,,,,,,,,,0.0,Normal,0.0
1744302881802317,10.42.0.1,10.42.0.149,1883,54299,1,45,0,1,0,0,0,0,0,0,0,0,0,0.0,0,,0,0,,0,0,0,0,0,0,0,0,0.0,0,0,0,0,0,64.0,64196.0,0,0,0,54,eth:ethertype:ip:tcp,,,,,,,,,,,0.0,Normal,0.0
1744302881802591,10.42.0.1,10.42.0.149,1883,54299,1,45,0,1,0,0,1,0,4,0,0,0,0,0.0,0,,0,2,,0,0,0,0,2,0,0,0,0.0,0x00,0,0,0,0,64.0,64196.0,0,0,0,58,eth:ethertype:ip:tcp:mqtt,,,,,,,,,,,0.0,Normal,0.0
1744302881839279,10.42.0.1,10.42.0.149,1883,54299,5,231,0,1,0,0,0,0,0,0,0,0,0,0.0,0,,0,0,,0,0,0,0,0,0,0,0,0.0,0,0,0,0,0,64.0,64010.0,0,0,0,54,eth:ethertype:ip:tcp,,,,,,,,,,,0.0,Normal,0.0
1744302881839314,10.42.0.1,10.42.0.149,1883,54299,5,231,0,1,1,0,0,0,0,0,0,0,0,0.0,0,,0,0,,0,0,0,0,0,0,0,0,0.0,0,0,0,0,0,64.0,64010.0,0,0,0,54,eth:ethertype:ip:tcp,,,,,,,,,,,0.0,Normal,0.0
1744302882715392,10.42.0.1,10.42.0.139,1883,49977,0,1,1,1,0,0,0,0,0,0,0,0,0,0.0,0,,0,0,,0,0,0,0,0,0,0,0,0.0,0,0,0,0,0,64.0,64240.0,0,0,0,58,eth:ethertype:ip:tcp,,,,,,,,,,,0.0,Normal,0.0
1744302882721403,10.42.0.1,10.42.0.139,1883,49977,1,4,0,1,0,0,0,0,0,0,0,0,0,0.0,0,,0,0,,0,0,0,0,0,0,0,0,0.0,0,0,0,0,0,64.0,64237.0,0,0,0,54,eth:ethertype:ip:tcp,,,,,,,,,,,0.0,Normal,0.0
1744302882724855,10.42.0.1,10.42.0.139,1883,49977,1,33,0,1,0,0,0,0,0,0,0,0,0,0.0,0,,0,0,,0,0,0,0,0,0,0,0,0.0,0,0,0,0,0,64.0,64208.0,0,0,0,54,eth:ethertype:ip:tcp,,,,,,,,,,,0.0,Normal,0.0
1744302882727970,10.42.0.1,10.42.0.139,1883,49977,1,45,0,1,0,0,0,0,0,0,0,0,0,0.0,0,,0,0,,0,0,0,0,0,0,0,0,0.0,0,0,0,0,0,64.0,64196.0,0,0,0,54,eth:ethertype:ip:tcp,,,,,,,,,,,0.0,Normal,0.0
1744302882728285,10.42.0.1,10.42.0.139,1883,49977,1,45,0,1,0,0,1,0,4,0,0,0,0,0.0,0,,0,2,,0,0,0,0,2,0,0,0,0.0,0x00,0,0,0,0,64.0,64196.0,0,0,0,58,eth:ethertype:ip:tcp:mqtt,,,,,,,,,,,0.0,Normal,0.0
1744302882777687,10.42.0.1,10.42.0.139,1883,49977,5,234,0,1,0,0,0,0,0,0,0,0,0,0.0,0,,0,0,,0,0,0,0,0,0,0,0,0.0,0,0,0,0,0,64.0,64007.0,0,0,0,54,eth:ethertype:ip:tcp,,,,,,,,,,,0.0,Normal,0.0
1744302882777720,10.42.0.1,10.42.0.139,1883,49977,5,234,0,1,1,0,0,0,0,0,0,0,0,0.0,0,,0,0,,0,0,0,0,0,0,0,0,0.0,0,0,0,0,0,64.0,64007.0,0,0,0,54,eth:ethertype:ip:tcp,,,,,,,,,,,0.0,Normal,0.0
1744302896788907,10.42.0.1,10.42.0.3,1883,54299,0,1,1,1,0,0,0,0,0,0,0,0,0,0.0,0,,0,0,,0,0,0,0,0,0,0,0,0.0,0,0,0,0,0,64.0,64240.0,0,0,0,58,eth:ethertype:ip:tcp,,,,,,,,,,,0.0,Normal,0.0
1744302896795951,10.42.0.1,10.42.0.3,1883,54299,1,4,0,1,0,0,0,0,0,0,0,0,0,0.0,0,,0,0,,0,0,0,0,0,0,0,0,0.0,0,0,0,0,0,64.0,64237.0,0,0,0,54,eth:ethertype:ip:tcp,,,,,,,,,,,0.0,Normal,0.0
1744302896799292,10.42.0.1,10.42.0.3,1883,54299,1,33,0,1,0,0,0,0,0,0,0,0,0,0.0,0,,0,0,,0,0,0,0,0,0,0,0,0.0,0,0,0,0,0,64.0,64208.0,0,0,0,54,eth:ethertype:ip:tcp,,,,,,,,,,,0.0,Normal,0.0
1744302896802317,10.42.0.1,10.42.0.3,1883,54299,1,45,0,1,0,0,0,0,0,0,0,0,0,0.0,0,,0,0,,0,0,0,0,0,0,0,0,0.0,0,0,0,0,0,64.0,64196.0,0,0,0,54,eth:ethertype:ip:tcp,,,,,,,,,,,0.0,Normal,0.0
1744302896802591,10.42.0.1,10.42.0.3,1883,54299,1,45,0,1,0,0,1,0,4,0,0,0,0,0.0,0,,0,2,,0,0,0,0,2,0,0,0,0.0,0x00,0,0,0,0,64.0,64196.0,0,0,0,58,eth:ethertype:ip:tcp:mqtt,,,,,,,,,,,0.0,Normal,0.0
1744302896839279,10.42.0.1,10.42.0.3,1883,54299,5,231,0,1,0,0,0,0,0,0,0,0,0,0.0,0,,0,0,,0,0,0,0,0,0,0,0,0.0,0,0,0,0,0,64.0,64010.0,0,0,0,54,eth:ethertype:ip:tcp,,,,,,,,,,,0.0,Normal,0.0
1744302896839314,10.42.0.1,10.42.0.3,1883,54299,5,231,0,1,1,0,0,0,0,0,0,0,0,0.0,0,,0,0,,0,0,0,0,0,0,0,0,0.0,0,0,0,0,0,64.0,64010.0,0,0,0,54,eth:ethertype:ip:tcp,,,,,,,,,,,0.0,Normal,0.0
1744302897715392,10.42.0.1,10.42.0.2,1883,49977,0,1,1,1,0,0,0,0,0,0,0,0,0,0.0,0,,0,0,,0,0,0,0,0,0,0,0,0.0,0,0,0,0,0,64.0,64240.0,0,0,0,58,eth:ethertype:ip:tcp,,,,,,,,,,,0.0,Normal,0.0
1744302897721403,10.42.0.1,10.42.0.2,1883,49977,1,4,0,1,0,0,0,0,0,0,0,0,0,0.0,0,,0,0,,0,0,0,0,0,0,0,0,0.0,0,0,0,0,0,64.0,64237.0,0,0,0,54,eth:ethertype:ip:tcp,,,,,,,,,,,0.0,Normal,0.0
1744302897724855,10.42.0.1,10.42.0.2,1883,49977,1,33,0,1,0,0,0,0,0,0,0,0,0,0.0,0,,0,0,,0,0,0,0,0,0,0,0,0.0,0,0,0,0,0,64.0,64208.0,0,0,0,54,eth:ethertype:ip:tcp,,,,,,,,,,,0.0,Normal,0.0
1744302897727970,10.42.0.1,10.42.0.2,1883,49977,1,45,0,1,0,0,0,0,0,0,0,0,0,0.0,0,,0,0,,0,0,0,0,0,0,0,0,0.0,0,0,0,0,0,64.0,64196.0,0,0,0,54,eth:ethertype:ip:tcp,,,,,,,,,,,0.0,Normal,0.0
1744302897728285,10.42.0.1,10.42.0.2,1883,49977,1,45,0,1,0,0,1,0,4,0,0,0,0,0.0,0,,0,2,,0,0,0,0,2,0,0,0,0.0,0x00,0,0,0,0,64.0,64196.0,0,0,0,58,eth:ethertype:ip:tcp:mqtt,,,,,,,,,,,0.0,Normal,0.0
1744302897777687,10.42.0.1,10.42.0.2,1883,49977,5,234,0,1,0,0,0,0,0,0,0,0,0,0.0,0,,0,0,,0,0,0,0,0,0,0,0,0.0,0,0,0,0,0,64.0,64007.0,0,0,0,54,eth:ethertype:ip:tcp,,,,,,,,,,,0.0,Normal,0.0
1744302897777720,10.42.0.1,10.42.0.2,1883,49977,5,234,0,1,1,0,0,0,0,0,0,0,0,0.0,0,,0,0,,0,0,0,0,0,0,0,0,0.0,0,0,0,0,0,64.0,64007.0,0,0,0,54,eth:ethertype:ip:tcp,,,,,,,,,,,0.0,Normal,0.0
1744302911848014,10.42.0.1,10.42.0.149,1883,54300,0,1,1,1,0,0,0,0,0,0,0,0,0,0.0,0,,0,0,,0,0,0,0,0,0,0,0,0.0,0,0,0,0,0,64.0,64240.0,0,0,0,58,eth:ethertype:ip:tcp,,,,,,,,,,,0.0,Normal,0.0
1744302911854057,10.42.0.1,10.42.0.149,1883,54300,1,4,0,1,0,0,0,0,0,0,0,0,0,0.0,0,,0,0,,0,0,0,0,0,0,0,0,0.0,0,0,0,0,0,64.0,64237.0,0,0,0,54,eth:ethertype:ip:tcp,,,,,,,,,,,0.0,Normal,0.0
1744302911857460,10.42.0.1,10.42.0.149,1883,54300,1,33,0,1,0,0,0,0,0,0,0,0,0,0.0,0,,0,0,,0,0,0,0,0,0,0,0,0.0,0,0,0,0,0,64.0,64208.0,0,0,0,54,eth:ethertype:ip:tcp,,,,,,,,,,,0.0,Normal,0.0
1744302911860680,10.42.0.1,10.42.0.149,1883,54300,1,39,0,1,0,0,0,0,0,0,0,0,0,0.0,0,,0,0,,0,0,0,0,0,0,0,0,0.0,0,0,0,0,0,64.0,64202.0,0,0,0,54,eth:ethertype:ip:tcp,,,,,,,,,,,0.0,Normal,0.0
1744302911863348,10.42.0.1,10.42.0.149,1883,54300,1,45,0,1,0,0,0,0,0,0,0,0,0,0.0,0,,0,0,,0,0,0,0,0,0,0,0,0.0,0,0,0,0,0,64.0,64196.0,0,0,0,54,eth:ethertype:ip:tcp,,,,,,,,,,,0.0,Normal,0.0
1744302911863661,10.42.0.1,10.42.0.149,1883,54300,1,45,0,1,0,0,1,0,4,0,0,0,0,0.0,0,,0,2,,0,0,0,0,2,0,0,0,0.0,0x00,0,0,0,0,64.0,64196.0,0,0,0,58,eth:ethertype:ip:tcp:mqtt,,,,,,,,,,,0.0,Normal,0.0
1744302911898295,10.42.0.1,10.42.0.149,1883,54300,5,231,0,1,0,0,0,0,0,0,0,0,0,0.0,0,,0,0,,0,0,0,0,0,0,0,0,0.0,0,0,0,0,0,64.0,64010.0,0,0,0,54,eth:ethertype:ip:tcp,,,,,,,,,,,0.0,Normal,0.0
1744302911898330,10.42.0.1,10.42.0.149,1883,54300,5,231,0,1,1,0,0,0,0,0,0,0,0,0.0,0,,0,0,,0,0,0,0,0,0,0,0,0.0,0,0,0,0,0,64.0,64010.0,0,0,0,54,eth:ethertype:ip:tcp,,,,,,,,,,,0.0,Normal,0.0
1744302912785561,10.42.0.1,10.42.0.139,1883,49978,0,1,1,1,0,0,0,0,0,0,0,0,0,0.0,0,,0,0,,0,0,0,0,0,0,0,0,0.0,0,0,0,0,0,64.0,64240.0,0,0,0,58,eth:ethertype:ip:tcp,,,,,,,,,,,0.0,Normal,0.0
1744302912791683,10.42.0.1,10.42.0.139,1883,49978,1,4,0,1,0,0,0,0,0,0,0,0,0,0.0,0,,0,0,,0,0,0,0,0,0,0,0,0.0,0,0,0,0,0,64.0,64237.0,0,0,0,54,eth:ethertype:ip:tcp,,,,,,,,,,,0.0,Normal,0.0
1744302912796587,10.42.0.1,10.42.0.139,1883,49978,1,33,0,1,0,0,0,0,0,0,0,0,0,0.0,0,,0,0,,0,0,0,0,0,0,0,0,0.0,0,0,0,0,0,64.0,64208.0,0,0,0,54,eth:ethertype:ip:tcp,,,,,,,,,,,0.0,Normal,0.0
1744302912800657,10.42.0.1,10.42.0.139,1883,49978,1,45,0,1,0,0,0,0,0,0,0,0,0,0.0,0,,0,0,,0,0,0,0,0,0,0,0,0.0,0,0,0,0,0,64.0,64196.0,0,0,0,54,eth:ethertype:ip:tcp,,,,,,,,,,,0.0,Normal,0.0
1744302912800999,10.42.0.1,10.42.0.139,1883,49978,1,45,0,1,0,0,1,0,4,0,0,0,0,0.0,0,,0,2,,0,0,0,0,2,0,0,0,0.0,0x00,0,0,0,0,64.0,64196.0,0,0,0,58,eth:ethertype:ip:tcp:mqtt,,,,,,,,,,,0.0,Normal,0.0
1744302912846798,10.42.0.1,10.42.0.139,1883,49978,5,234,0,1,0,0,0,0,0,0,0,0,0,0.0,0,,0,0,,0,0,0,0,0,0,0,0,0.0,0,0,0,0,0,64.0,64007.0,0,0,0,54,eth:ethertype:ip:tcp,,,,,,,,,,,0.0,Normal,0.0
1744302912846839,10.42.0.1,10.42.0.139,1883,49978,5,234,0,1,1,0,0,0,0,0,0,0,0,0.0,0,,0,0,,0,0,0,0,0,0,0,0,0.0,0,0,0,0,0,64.0,64007.0,0,0,0,54,eth:ethertype:ip:tcp,,,,,,,,,,,0.0,Normal,0.0
1744302926848014,10.42.0.1,10.42.0.3,1883,54300,0,1,1,1,0,0,0,0,0,0,0,0,0,0.0,0,,0,0,,0,0,0,0,0,0,0,0,0.0,0,0,0,0,0,64.0,64240.0,0,0,0,58,eth:ethertype:ip:tcp,,,,,,,,,,,0.0,Normal,0.0
1744302926854057,10.42.0.1,10.42.0.3,1883,54300,1,4,0,1,0,0,0,0,0,0,0,0,0,0.0,0,,0,0,,0,0,0,0,0,0,0,0,0.0,0,0,0,0,0,64.0,64237.0,0,0,0,54,eth:ethertype:ip:tcp,,,,,,,,,,,0.0,Normal,0.0
1744302926857460,10.42.0.1,10.42.0.3,1883,54300,1,33,0,1,0,0,0,0,0,0,0,0,0,0.0,0,,0,0,,0,0,0,0,0,0,0,0,0.0,0,0,0,0,0,64.0,64208.0,0,0,0,54,eth:ethertype:ip:tcp,,,,,,,,,,,0.0,Normal,0.0
1744302926860680,10.42.0.1,10.42.0.3,1883,54300,1,39,0,1,0,0,0,0,0,0,0,0,0,0.0,0,,0,0,,0,0,0,0,0,0,0,0,0.0,0,0,0,0,0,64.0,64202.0,0,0,0,54,eth:ethertype:ip:tcp,,,,,,,,,,,0.0,Normal,0.0
1744302926863348,10.42.0.1,10.42.0.3,1883,54300,1,45,0,1,0,0,0,0,0,0,0,0,0,0.0,0,,0,0,,0,0,0,0,0,0,0,0,0.0,0,0,0,0,0,64.0,64196.0,0,0,0,54,eth:ethertype:ip:tcp,,,,,,,,,,,0.0,Normal,0.0
1744302926863661,10.42.0.1,10.42.0.3,1883,54300,1,45,0,1,0,0,1,0,4,0,0,0,0,0.0,0,,0,2,,0,0,0,0,2,0,0,0,0.0,0x00,0,0,0,0,64.0,64196.0,0,0,0,58,eth:ethertype:ip:tcp:mqtt,,,,,,,,,,,0.0,Normal,0.0
1744302926898295,10.42.0.1,10.42.0.3,1883,54300,5,231,0,1,0,0,0,0,0,0,0,0,0,0.0,0,,0,0,,0,0,0,0,0,0,0,0,0.0,0,0,0,0,0,64.0,64010.0,0,0,0,54,eth:ethertype:ip:tcp,,,,,,,,,,,0.0,Normal,0.0
1744302926898330,10.42.0.1,10.42.0.3,1883,54300,5,231,0,1,1,0,0,0,0,0,0,0,0,0.0,0,,0,0,,0,0,0,0,0,0,0,0,0.0,0,0,0,0,0,64.0,64010.0,0,0,0,54,eth:ethertype:ip:tcp,,,,,,,,,,,0.0,Normal,0.0
1744302927785561,10.42.0.1,10.42.0.2,1883,49978,0,1,1,1,0,0,0,0,0,0,0,0,0,0.0,0,,0,0,,0,0,0,0,0,0,0,0,0.0,0,0,0,0,0,64.0,64240.0,0,0,0,58,eth:ethertype:ip:tcp,,,,,,,,,,,0.0,Normal,0.0
1744302927791683,10.42.0.1,10.42.0.2,1883,49978,1,4,0,1,0,0,0,0,0,0,0,0,0,0.0,0,,0,0,,0,0,0,0,0,0,0,0,0.0,0,0,0,0,0,64.0,64237.0,0,0,0,54,eth:ethertype:ip:tcp,,,,,,,,,,,0.0,Normal,0.0
1744302927796587,10.42.0.1,10.42.0.2,1883,49978,1,33,0,1,0,0,0,0,0,0,0,0,0,0.0,0,,0,0,,0,0,0,0,0,0,0,0,0.0,0,0,0,0,0,64.0,64208.0,0,0,0,54,eth:ethertype:ip:tcp,,,,,,,,,,,0.0,Normal,0.0
1744302927800657,10.42.0.1,10.42.0.2,1883,49978,1,45,0,1,0,0,0,0,0,0,0,0,0,0.0,0,,0,0,,0,0,0,0,0,0,0,0,0.0,0,0,0,0,0,64.0,64196.0,0,0,0,54,eth:ethertype:ip:tcp,,,,,,,,,,,0.0,Normal,0.0
1744302927800999,10.42.0.1,10.42.0.2,1883,49978,1,45,0,1,0,0,1,0,4,0,0,0,0,0.0,0,,0,2,,0,0,0,0,2,0,0,0,0.0,0x00,0,0,0,0,64.0,64196.0,0,0,0,58,eth:ethertype:ip:tcp:mqtt,,,,,,,,,,,0.0,Normal,0.0
1744302927846798,10.42.0.1,10.42.0.2,1883,49978,5,234,0,1,0,0,0,0,0,0,0,0,0,0.0,0,,0,0,,0,0,0,0,0,0,0,0,0.0,0,0,0,0,0,64.0,64007.0,0,0,0,54,eth:ethertype:ip:tcp,,,,,,,,,,,0.0,Normal,0.0
1744302927846839,10.42.0.1,10.42.0.2,1883,49978,5,234,0,1,1,0,0,0,0,0,0,0,0,0.0,0,,0,0,,0,0,0,0,0,0,0,0,0.0,0,0,0,0,0,64.0,64007.0,0,0,0,54,eth:ethertype:ip:tcp,,,,,,,,,,,0.0,Normal,0.0
1744302941907290,10.42.0.1,10.42.0.149,1883,54301,0,1,1,1,0,0,0,0,0,0,0,0,0,0.0,0,,0,0,,0,0,0,0,0,0,0,0,0.0,0,0,0,0,0,64.0,64240.0,0,0,0,58,eth:ethertype:ip:tcp,,,,,,,,,,,0.0,Normal,0.0
1744302941913283,10.42.0.1,10.42.0.149,1883,54301,1,4,0,1,0,0,0,0,0,0,0,0,0,0.0,0,,0,0,,0,0,0,0,0,0,0,0,0.0,0,0,0,0,0,64.0,64237.0,0,0,0,54,eth:ethertype:ip:tcp,,,,,,,,,,,0.0,Normal,0.0
1744302941916767,10.42.0.1,10.42.0.149,1883,54301,1,33,0,1,0,0,0,0,0,0,0,0,0,0.0,0,,0,0,,0,0,0,0,0,0,0,0,0.0,0,0,0,0,0,64.0,64208.0,0,0,0,54,eth:ethertype:ip:tcp,,,,,,,,,,,0.0,Normal,0.0
1744302941919842,10.42.0.1,10.42.0.149,1883,54301,1,45,0,1,0,0,0,0,0,0,0,0,0,0.0,0,,0,0,,0,0,0,0,0,0,0,0,0.0,0,0,0,0,0,64.0,64196.0,0,0,0,54,eth:ethertype:ip:tcp,,,,,,,,,,,0.0,Normal,0.0
1744302941920189,10.42.0.1,10.42.0.149,1883,54301,1,45,0,1,0,0,1,0,4,0,0,0,0,0.0,0,,0,2,,0,0,0,0,2,0,0,0,0.0,0x00,0,0,0,0,64.0,64196.0,0,0,0,58,eth:ethertype:ip:tcp:mqtt,,,,,,,,,,,0.0,Normal,0.0
1744302941967683,10.42.0.1,10.42.0.149,1883,54301,5,231,0,1,0,0,0,0,0,0,0,0,0,0.0,0,,0,0,,0,0,0,0,0,0,0,0,0.0,0,0,0,0,0,64.0,64010.0,0,0,0,54,eth:ethertype:ip:tcp,,,,,,,,,,,0.0,Normal,0.0
1744302941967749,10.42.0.1,10.42.0.149,1883,54301,5,231,0,1,1,0,0,0,0,0,0,0,0,0.0,0,,0,0,,0,0,0,0,0,0,0,0,0.0,0,0,0,0,0,64.0,64010.0,0,0,0,54,eth:ethertype:ip:tcp,,,,,,,,,,,0.0,Normal,0.0
1744302942855495,10.42.0.1,10.42.0.139,1883,49979,0,1,1,1,0,0,0,0,0,0,0,0,0,0.0,0,,0,0,,0,0,0,0,0,0,0,0,0.0,0,0,0,0,0,64.0,64240.0,0,0,0,58,eth:ethertype:ip:tcp,,,,,,,,,,,0.0,Normal,0.0
1744302942862280,10.42.0.1,10.42.0.139,1883,49979,1,4,0,1,0,0,0,0,0,0,0,0,0,0.0,0,,0,0,,0,0,0,0,0,0,0,0,0.0,0,0,0,0,0,64.0,64237.0,0,0,0,54,eth:ethertype:ip:tcp,,,,,,,,,,,0.0,Normal,0.0
1744302942867881,10.42.0.1,10.42.0.139,1883,49979,1,35,0,1,0,0,0,0,0,0,0,0,0,0.0,0,,0,0,,0,0,0,0,0,0,0,0,0.0,0,0,0,0,0,64.0,64206.0,0,0,0,54,eth:ethertype:ip:tcp,,,,,,,,,,,0.0,Normal,0.0
1744302942873107,10.42.0.1,10.42.0.139,1883,49979,1,45,0,1,0,0,0,0,0,0,0,0,0,0.0,0,,0,0,,0,0,0,0,0,0,0,0,0.0,0,0,0,0,0,64.0,64196.0,0,0,0,54,eth:ethertype:ip:tcp,,,,,,,,,,,0.0,Normal,0.0
1744302942873384,10.42.0.1,10.42.0.139,1883,49979,1,45,0,1,0,0,1,0,4,0,0,0,0,0.0,0,,0,2,,0,0,0,0,2,0,0,0,0.0,0x00,0,0,0,0,64.0,64196.0,0,0,0,58,eth:ethertype:ip:tcp:mqtt,,,,,,,,,,,0.0,Normal,0.0
1744302942926015,10.42.0.1,10.42.0.139,1883,49979,5,234,0,1,0,0,0,0,0,0,0,0,0,0.0,0,,0,0,,0,0,0,0,0,0,0,0,0.0,0,0,0,0,0,64.0,64007.0,0,0,0,54,eth:ethertype:ip:tcp,,,,,,,,,,,0.0,Normal,0.0
1744302942926053,10.42.0.1,10.42.0.139,1883,49979,5,234,0,1,1,0,0,0,0,0,0,0,0,0.0,0,,0,0,,0,0,0,0,0,0,0,0,0.0,0,0,0,0,0,64.0,64007.0,0,0,0,54,eth:ethertype:ip:tcp,,,,,,,,,,,0.0,Normal,0.0
1744302956907290,10.42.0.1,10.42.0.3,1883,54301,0,1,1,1,0,0,0,0,0,0,0,0,0,0.0,0,,0,0,,0,0,0,0,0,0,0,0,0.0,0,0,0,0,0,64.0,64240.0,0,0,0,58,eth:ethertype:ip:tcp,,,,,,,,,,,0.0,Normal,0.0
1744302956913283,10.42.0.1,10.42.0.3,1883,54301,1,4,0,1,0,0,0,0,0,0,0,0,0,0.0,0,,0,0,,0,0,0,0,0,0,0,0,0.0,0,0,0,0,0,64.0,64237.0,0,0,0,54,eth:ethertype:ip:tcp,,,,,,,,,,,0.0,Normal,0.0
1744302956916767,10.42.0.1,10.42.0.3,1883,54301,1,33,0,1,0,0,0,0,0,0,0,0,0,0.0,0,,0,0,,0,0,0,0,0,0,0,0,0.0,0,0,0,0,0,64.0,64208.0,0,0,0,54,eth:ethertype:ip:tcp,,,,,,,,,,,0.0,Normal,0.0
1744302956919842,10.42.0.1,10.42.0.3,1883,54301,1,45,0,1,0,0,0,0,0,0,0,0,0,0.0,0,,0,0,,0,0,0,0,0,0,0,0,0.0,0,0,0,0,0,64.0,64196.0,0,0,0,54,eth:ethertype:ip:tcp,,,,,,,,,,,0.0,Normal,0.0
1744302956920189,10.42.0.1,10.42.0.3,1883,54301,1,45,0,1,0,0,1,0,4,0,0,0,0,0.0,0,,0,2,,0,0,0,0,2,0,0,0,0.0,0x00,0,0,0,0,64.0,64196.0,0,0,0,58,eth:ethertype:ip:tcp:mqtt,,,,,,,,,,,0.0,Normal,0.0
1744302956967683,10.42.0.1,10.42.0.3,1883,54301,5,231,0,1,0,0,0,0,0,0,0,0,0,0.0,0,,0,0,,0,0,0,0,0,0,0,0,0.0,0,0,0,0,0,64.0,64010.0,0,0,0,54,eth:ethertype:ip:tcp,,,,,,,,,,,0.0,Normal,0.0
1744302956967749,10.42.0.1,10.42.0.3,1883,54301,5,231,0,1,1,0,0,0,0,0,0,0,0,0.0,0,,0,0,,0,0,0,0,0,0,0,0,0.0,0,0,0,0,0,64.0,64010.0,0,0,0,54,eth:ethertype:ip:tcp,,,,,,,,,,,0.0,Normal,0.0
1744302957855495,10.42.0.1,10.42.0.2,1883,49979,0,1,1,1,0,0,0,0,0,0,0,0,0,0.0,0,,0,0,,0,0,0,0,0,0,0,0,0.0,0,0,0,0,0,64.0,64240.0,0,0,0,58,eth:ethertype:ip:tcp,,,,,,,,,,,0.0,Normal,0.0
1744302957862280,10.42.0.1,10.42.0.2,1883,49979,1,4,0,1,0,0,0,0,0,0,0,0,0,0.0,0,,0,0,,0,0,0,0,0,0,0,0,0.0,0,0,0,0,0,64.0,64237.0,0,0,0,54,eth:ethertype:ip:tcp,,,,,,,,,,,0.0,Normal,0.0
1744302957867881,10.42.0.1,10.42.0.2,1883,49979,1,35,0,1,0,0,0,0,0,0,0,0,0,0.0,0,,0,0,,0,0,0,0,0,0,0,0,0.0,0,0,0,0,0,64.0,64206.0,0,0,0,54,eth:ethertype:ip:tcp,,,,,,,,,,,0.0,Normal,0.0
1744302957873107,10.42.0.1,10.42.0.2,1883,49979,1,45,0,1,0,0,0,0,0,0,0,0,0,0.0,0,,0,0,,0,0,0,0,0,0,0,0,0.0,0,0,0,0,0,64.0,64196.0,0,0,0,54,eth:ethertype:ip:tcp,,,,,,,,,,,0.0,Normal,0.0
1744302957873384,10.42.0.1,10.42.0.2,1883,49979,1,45,0,1,0,0,1,0,4,0,0,0,0,0.0,0,,0,2,,0,0,0,0,2,0,0,0,0.0,0x00,0,0,0,0,64.0,64196.0,0,0,0,58,eth:ethertype:ip:tcp:mqtt,,,,,,,,,,,0.0,Normal,0.0
1744302957926015,10.42.0.1,10.42.0.2,1883,49979,5,234,0,1,0,0,0,0,0,0,0,0,0,0.0,0,,0,0,,0,0,0,0,0,0,0,0,0.0,0,0,0,0,0,64.0,64007.0,0,0,0,54,eth:ethertype:ip:tcp,,,,,,,,,,,0.0,Normal,0.0
1744302957926053,10.42.0.1,10.42.0.2,1883,49979,5,234,0,1,1,0,0,0,0,0,0,0,0,0.0,0,,0,0,,0,0,0,0,0,0,0,0,0.0,0,0,0,0,0,64.0,64007.0,0,0,0,54,eth:ethertype:ip:tcp,,,,,,,,,,,0.0,Normal,0.0
1744302971975730,10.42.0.1,10.42.0.149,1883,54302,0,1,1,1,0,0,0,0,0,0,0,0,0,0.0,0,,0,0,,0,0,0,0,0,0,0,0,0.0,0,0,0,0,0,64.0,64240.0,0,0,0,58,eth:ethertype:ip:tcp,,,,,,,,,,,0.0,Normal,0.0
1744302971983813,10.42.0.1,10.42.0.149,1883,54302,1,4,0,1,0,0,0,0,0,0,0,0,0,0.0,0,,0,0,,0,0,0,0,0,0,0,0,0.0,0,0,0,0,0,64.0,64237.0,0,0,0,54,eth:ethertype:ip:tcp,,,,,,,,,,,0.0,Normal,0.0
1744302971988510,10.42.0.1,10.42.0.149,1883,54302,1,45,0,1,0,0,0,0,0,0,0,0,0,0.0,0,,0,0,,0,0,0,0,0,0,0,0,0.0,0,0,0,0,0,64.0,64196.0,0,0,0,54,eth:ethertype:ip:tcp,,,,,,,,,,,0.0,Normal,0.0
1744302971988814,10.42.0.1,10.42.0.149,1883,54302,1,45,0,1,0,0,1,0,4,0,0,0,0,0.0,0,,0,2,,0,0,0,0,2,0,0,0,0.0,0x00,0,0,0,0,64.0,64196.0,0,0,0,58,eth:ethertype:ip:tcp:mqtt,,,,,,,,,,,0.0,Normal,0.0
1744302972027169,10.42.0.1,10.42.0.149,1883,54302,5,231,0,1,0,0,0,0,0,0,0,0,0,0.0,0,,0,0,,0,0,0,0,0,0,0,0,0.0,0,0,0,0,0,64.0,64010.0,0,0,0,54,eth:ethertype:ip:tcp,,,,,,,,,,,0.0,Normal,0.0
1744302972027203,10.42.0.1,10.42.0.149,1883,54302,5,231,0,1,1,0,0,0,0,0,0,0,0,0.0,0,,0,0,,0,0,0,0,0,0,0,0,0.0,0,0,0,0,0,64.0,64010.0,0,0,0,54,eth:ethertype:ip:tcp,,,,,,,,,,,0.0,Normal,0.0
1744302972934827,10.42.0.1,10.42.0.139,1883,49980,0,1,1,1,0,0,0,0,0,0,0,0,0,0.0,0,,0,0,,0,0,0,0,0,0,0,0,0.0,0,0,0,0,0,64.0,64240.0,0,0,0,58,eth:ethertype:ip:tcp,,,,,,,,,,,0.0,Normal,0.0
1744302972941091,10.42.0.1,10.42.0.139,1883,49980,1,4,0,1,0,0,0,0,0,0,0,0,0,0.0,0,,0,0,,0,0,0,0,0,0,0,0,0.0,0,0,0,0,0,64.0,64237.0,0,0,0,54,eth:ethertype:ip:tcp,,,,,,,,,,,0.0,Normal,0.0
1744302972944473,10.42.0.1,10.42.0.139,1883,49980,1,33,0,1,0,0,0,0,0,0,0,0,0,0.0,0,,0,0,,0,0,0,0,0,0,0,0,0.0,0,0,0,0,0,64.0,64208.0,0,0,0,54,eth:ethertype:ip:tcp,,,,,,,,,,,0.0,Normal,0.0
1744302972948443,10.42.0.1,10.42.0.139,1883,49980,1,39,0,1,0,0,0,0,0,0,0,0,0,0.0,0,,0,0,,0,0,0,0,0,0,0,0,0.0,0,0,0,0,0,64.0,64202.0,0,0,0,54,eth:ethertype:ip:tcp,,,,,,,,,,,0.0,Normal,0.0
1744302972952367,10.42.0.1,10.42.0.139,1883,49980,1,41,0,1,0,0,0,0,0,0,0,0,0,0.0,0,,0,0,,0,0,0,0,0,0,0,0,0.0,0,0,0,0,0,64.0,64200.0,0,0,0,54,eth:ethertype:ip:tcp,,,,,,,,,,,0.0,Normal,0.0
1744302972956041,10.42.0.1,10.42.0.139,1883,49980,1,45,0,1,0,0,0,0,0,0,0,0,0,0.0,0,,0,0,,0,0,0,0,0,0,0,0,0.0,0,0,0,0,0,64.0,64196.0,0,0,0,54,eth:ethertype:ip:tcp,,,,,,,,,,,0.0,Normal,0.0
1744302972956366,10.42.0.1,10.42.0.139,1883,49980,1,45,0,1,0,0,1,0,4,0,0,0,0,0.0,0,,0,2,,0,0,0,0,2,0,0,0,0.0,0x00,0,0,0,0,64.0,64196.0,0,0,0,58,eth:ethertype:ip:tcp:mqtt,,,,,,,,,,,0.0,Normal,0.0
1744302973005164,10.42.0.1,10.42.0.139,1883,49980,5,234,0,1,0,0,0,0,0,0,0,0,0,0.0,0,,0,0,,0,0,0,0,0,0,0,0,0.0,0,0,0,0,0,64.0,64007.0,0,0,0,54,eth:ethertype:ip:tcp,,,,,,,,,,,0.0,Normal,0.0
1744302973005198,10.42.0.1,10.42.0.139,1883,49980,5,234,0,1,1,0,0,0,0,0,0,0,0,0.0,0,,0,0,,0,0,0,0,0,0,0,0,0.0,0,0,0,0,0,64.0,64007.0,0,0,0,54,eth:ethertype:ip:tcp,,,,,,,,,,,0.0,Normal,0.0
1744302986975730,10.42.0.1,10.42.0.3,1883,54302,0,1,1,1,0,0,0,0,0,0,0,0,0,0.0,0,,0,0,,0,0,0,0,0,0,0,0,0.0,0,0,0,0,0,64.0,64240.0,0,0,0,58,eth:ethertype:ip:tcp,,,,,,,,,,,0.0,Normal,0.0
1744302986983813,10.42.0.1,10.42.0.3,1883,54302,1,4,0,1,0,0,0,0,0,0,0,0,0,0.0,0,,0,0,,0,0,0,0,0,0,0,0,0.0,0,0,0,0,0,64.0,64237.0,0,0,0,54,eth:ethertype:ip:tcp,,,,,,,,,,,0.0,Normal,0.0
1744302986988510,10.42.0.1,10.42.0.3,1883,54302,1,45,0,1,0,0,0,0,0,0,0,0,0,0.0,0,,0,0,,0,0,0,0,0,0,0,0,0.0,0,0,0,0,0,64.0,64196.0,0,0,0,54,eth:ethertype:ip:tcp,,,,,,,,,,,0.0,Normal,0.0
1744302986988814,10.42.0.1,10.42.0.3,1883,54302,1,45,0,1,0,0,1,0,4,0,0,0,0,0.0,0,,0,2,,0,0,0,0,2,0,0,0,0.0,0x00,0,0,0,0,64.0,64196.0,0,0,0,58,eth:ethertype:ip:tcp:mqtt,,,,,,,,,,,0.0,Normal,0.0
1744302987027169,10.42.0.1,10.42.0.3,1883,54302,5,231,0,1,0,0,0,0,0,0,0,0,0,0.0,0,,0,0,,0,0,0,0,0,0,0,0,0.0,0,0,0,0,0,64.0,64010.0,0,0,0,54,eth:ethertype:ip:tcp,,,,,,,,,,,0.0,Normal,0.0
1744302987027203,10.42.0.1,10.42.0.3,1883,54302,5,231,0,1,1,0,0,0,0,0,0,0,0,0.0,0,,0,0,,0,0,0,0,0,0,0,0,0.0,0,0,0,0,0,64.0,64010.0,0,0,0,54,eth:ethertype:ip:tcp,,,,,,,,,,,0.0,Normal,0.0
1744302987934827,10.42.0.1,10.42.0.2,1883,49980,0,1,1,1,0,0,0,0,0,0,0,0,0,0.0,0,,0,0,,0,0,0,0,0,0,0,0,0.0,0,0,0,0,0,64.0,64240.0,0,0,0,58,eth:ethertype:ip:tcp,,,,,,,,,,,0.0,Normal,0.0
1744302987941091,10.42.0.1,10.42.0.2,1883,49980,1,4,0,1,0,0,0,0,0,0,0,0,0,0.0,0,,0,0,,0,0,0,0,0,0,0,0,0.0,0,0,0,0,0,64.0,64237.0,0,0,0,54,eth:ethertype:ip:tcp,,,,,,,,,,,0.0,Normal,0.0
1744302987944473,10.42.0.1,10.42.0.2,1883,49980,1,33,0,1,0,0,0,0,0,0,0,0,0,0.0,0,,0,0,,0,0,0,0,0,0,0,0,0.0,0,0,0,0,0,64.0,64208.0,0,0,0,54,eth:ethertype:ip:tcp,,,,,,,,,,,0.0,Normal,0.0
1744302987948443,10.42.0.1,10.42.0.2,1883,49980,1,39,0,1,0,0,0,0,0,0,0,0,0,0.0,0,,0,0,,0,0,0,0,0,0,0,0,0.0,0,0,0,0,0,64.0,64202.0,0,0,0,54,eth:ethertype:ip:tcp,,,,,,,,,,,0.0,Normal,0.0
1744302987952367,10.42.0.1,10.42.0.2,1883,49980,1,41,0,1,0,0,0,0,0,0,0,0,0,0.0,0,,0,0,,0,0,0,0,0,0,0,0,0.0,0,0,0,0,0,64.0,64200.0,0,0,0,54,eth:ethertype:ip:tcp,,,,,,,,,,,0.0,Normal,0.0
1744302987956041,10.42.0.1,10.42.0.2,1883,49980,1,45,0,1,0,0,0,0,0,0,0,0,0,0.0,0,,0,0,,0,0,0,0,0,0,0,0,0.0,0,0,0,0,0,64.0,64196.0,0,0,0,54,eth:ethertype:ip:tcp,,,,,,,,,,,0.0,Normal,0.0
1744302987956366,10.42.0.1,10.42.0.2,1883,49980,1,45,0,1,0,0,1,0,4,0,0,0,0,0.0,0,,0,2,,0,0,0,0,2,0,0,0,0.0,0x00,0,0,0,0,64.0,64196.0,0,0,0,58,eth:ethertype:ip:tcp:mqtt,,,,,,,,,,,0.0,Normal,0.0
1744302988005164,10.42.0.1,10.42.0.2,1883,49980,5,234,0,1,0,0,0,0,0,0,0,0,0,0.0,0,,0,0,,0,0,0,0,0,0,0,0,0.0,0,0,0,0,0,64.0,64007.0,0,0,0,54,eth:ethertype:ip:tcp,,,,,,,,,,,0.0,Normal,0.0
1744302988005198,10.42.0.1,10.42.0.2,1883,49980,5,234,0,1,1,0,0,0,0,0,0,0,0,0.0,0,,0,0,,0,0,0,0,0,0,0,0,0.0,0,0,0,0,0,64.0,64007.0,0,0,0,54,eth:ethertype:ip:tcp,,,,,,,,,,,0.0,Normal,0.0
1744303002036178,10.42.0.1,10.42.0.149,1883,54303,0,1,1,1,0,0,0,0,0,0,0,0,0,0.0,0,,0,0,,0,0,0,0,0,0,0,0,0.0,0,0,0,0,0,64.0,64240.0,0,0,0,58,eth:ethertype:ip:tcp,,,,,,,,,,,0.0,Normal,0.0
1744303002042390,10.42.0.1,10.42.0.149,1883,54303,1,4,0,1,0,0,0,0,0,0,0,0,0,0.0,0,,0,0,,0,0,0,0,0,0,0,0,0.0,0,0,0,0,0,64.0,64237.0,0,0,0,54,eth:ethertype:ip:tcp,,,,,,,,,,,0.0,Normal,0.0
1744303002045824,10.42.0.1,10.42.0.149,1883,54303,1,33,0,1,0,0,0,0,0,0,0,0,0,0.0,0,,0,0,,0,0,0,0,0,0,0,0,0.0,0,0,0,0,0,64.0,64208.0,0,0,0,54,eth:ethertype:ip:tcp,,,,,,,,,,,0.0,Normal,0.0
1744303002049428,10.42.0.1,10.42.0.149,1883,54303,1,45,0,1,0,0,0,0,0,0,0,0,0,0.0,0,,0,0,,0,0,0,0,0,0,0,0,0.0,0,0,0,0,0,64.0,64196.0,0,0,0,54,eth:ethertype:ip:tcp,,,,,,,,,,,0.0,Normal,0.0
1744303002049772,10.42.0.1,10.42.0.149,1883,54303,1,45,0,1,0,0,1,0,4,0,0,0,0,0.0,0,,0,2,,0,0,0,0,2,0,0,0,0.0,0x00,0,0,0,0,64.0,64196.0,0,0,0,58,eth:ethertype:ip:tcp:mqtt,,,,,,,,,,,0.0,Normal,0.0
1744303002086478,10.42.0.1,10.42.0.149,1883,54303,5,231,0,1,0,0,0,0,0,0,0,0,0,0.0,0,,0,0,,0,0,0,0,0,0,0,0,0.0,0,0,0,0,0,64.0,64010.0,0,0,0,54,eth:ethertype:ip:tcp,,,,,,,,,,,0.0,Normal,0.0
1744303002086512,10.42.0.1,10.42.0.149,1883,54303,5,231,0,1,1,0,0,0,0,0,0,0,0,0.0,0,,0,0,,0,0,0,0,0,0,0,0,0.0,0,0,0,0,0,64.0,64010.0,0,0,0,54,eth:ethertype:ip:tcp,,,,,,,,,,,0.0,Normal,0.0
1744303003014231,10.42.0.1,10.42.0.139,1883,49981,0,1,1,1,0,0,0,0,0,0,0,0,0,0.0,0,,0,0,,0,0,0,0,0,0,0,0,0.0,0,0,0,0,0,64.0,64240.0,0,0,0,58,eth:ethertype:ip:tcp,,,,,,,,,,,0.0,Normal,0.0
1744303003020410,10.42.0.1,10.42.0.139,1883,49981,1,4,0,1,0,0,0,0,0,0,0,0,0,0.0,0,,0,0,,0,0,0,0,0,0,0,0,0.0,0,0,0,0,0,64.0,64237.0,0,0,0,54,eth:ethertype:ip:tcp,,,,,,,,,,,0.0,Normal,0.0
1744303003023800,10.42.0.1,10.42.0.139,1883,49981,1,33,0,1,0,0,0,0,0,0,0,0,0,0.0,0,,0,0,,0,0,0,0,0,0,0,0,0.0,0,0,0,0,0,64.0,64208.0,0,0,0,54,eth:ethertype:ip:tcp,,,,,,,,,,,0.0,Normal,0.0
1744303003026941,10.42.0.1,10.42.0.139,1883,49981,1,45,0,1,0,0,0,0,0,0,0,0,0,0.0,0,,0,0,,0,0,0,0,0,0,0,0,0.0,0,0,0,0,0,64.0,64196.0,0,0,0,54,eth:ethertype:ip:tcp,,,,,,,,,,,0.0,Normal,0.0
1744303003027221,10.42.0.1,10.42.0.139,1883,49981,1,45,0,1,0,0,1,0,4,0,0,0,0,0.0,0,,0,2,,0,0,0,0,2,0,0,0,0.0,0x00,0,0,0,0,64.0,64196.0,0,0,0,58,eth:ethertype:ip:tcp:mqtt,,,,,,,,,,,0.0,Normal,0.0
1744303003074978,10.42.0.1,10.42.0.139,1883,49981,5,234,0,1,0,0,0,0,0,0,0,0,0,0.0,0,,0,0,,0,0,0,0,0,0,0,0,0.0,0,0,0,0,0,64.0,64007.0,0,0,0,54,eth:ethertype:ip:tcp,,,,,,,,,,,0.0,Normal,0.0
1744303003075016,10.42.0.1,10.42.0.139,1883,49981,5,234,0,1,1,0,0,0,0,0,0,0,0,0.0,0,,0,0,,0,0,0,0,0,0,0,0,0.0,0,0,0,0,0,64.0,64007.0,0,0,0,54,eth:ethertype:ip:tcp,,,,,,,,,,,0.0,Normal,0.0
1744303017036178,10.42.0.1,10.42.0.3,1883,54303,0,1,1,1,0,0,0,0,0,0,0,0,0,0.0,0,,0,0,,0,0,0,0,0,0,0,0,0.0,0,0,0,0,0,64.0,64240.0,0,0,0,58,eth:ethertype:ip:tcp,,,,,,,,,,,0.0,Normal,0.0
1744303017042390,10.42.0.1,10.42.0.3,1883,54303,1,4,0,1,0,0,0,0,0,0,0,0,0,0.0,0,,0,0,,0,0,0,0,0,0,0,0,0.0,0,0,0,0,0,64.0,64237.0,0,0,0,54,eth:ethertype:ip:tcp,,,,,,,,,,,0.0,Normal,0.0
1744303017045824,10.42.0.1,10.42.0.3,1883,54303,1,33,0,1,0,0,0,0,0,0,0,0,0,0.0,0,,0,0,,0,0,0,0,0,0,0,0,0.0,0,0,0,0,0,64.0,64208.0,0,0,0,54,eth:ethertype:ip:tcp,,,,,,,,,,,0.0,Normal,0.0
1744303017049428,10.42.0.1,10.42.0.3,1883,54303,1,45,0,1,0,0,0,0,0,0,0,0,0,0.0,0,,0,0,,0,0,0,0,0,0,0,0,0.0,0,0,0,0,0,64.0,64196.0,0,0,0,54,eth:ethertype:ip:tcp,,,,,,,,,,,0.0,Normal,0.0
1744303017049772,10.42.0.1,10.42.0.3,1883,54303,1,45,0,1,0,0,1,0,4,0,0,0,0,0.0,0,,0,2,,0,0,0,0,2,0,0,0,0.0,0x00,0,0,0,0,64.0,64196.0,0,0,0,58,eth:ethertype:ip:tcp:mqtt,,,,,,,,,,,0.0,Normal,0.0
1744303017086478,10.42.0.1,10.42.0.3,1883,54303,5,231,0,1,0,0,0,0,0,0,0,0,0,0.0,0,,0,0,,0,0,0,0,0,0,0,0,0.0,0,0,0,0,0,64.0,64010.0,0,0,0,54,eth:ethertype:ip:tcp,,,,,,,,,,,0.0,Normal,0.0
1744303017086512,10.42.0.1,10.42.0.3,1883,54303,5,231,0,1,1,0,0,0,0,0,0,0,0,0.0,0,,0,0,,0,0,0,0,0,0,0,0,0.0,0,0,0,0,0,64.0,64010.0,0,0,0,54,eth:ethertype:ip:tcp,,,,,,,,,,,0.0,Normal,0.0
1744303018014231,10.42.0.1,10.42.0.2,1883,49981,0,1,1,1,0,0,0,0,0,0,0,0,0,0.0,0,,0,0,,0,0,0,0,0,0,0,0,0.0,0,0,0,0,0,64.0,64240.0,0,0,0,58,eth:ethertype:ip:tcp,,,,,,,,,,,0.0,Normal,0.0
1744303018020410,10.42.0.1,10.42.0.2,1883,49981,1,4,0,1,0,0,0,0,0,0,0,0,0,0.0,0,,0,0,,0,0,0,0,0,0,0,0,0.0,0,0,0,0,0,64.0,64237.0,0,0,0,54,eth:ethertype:ip:tcp,,,,,,,,,,,0.0,Normal,0.0
1744303018023800,10.42.0.1,10.42.0.2,1883,49981,1,33,0,1,0,0,0,0,0,0,0,0,0,0.0,0,,0,0,,0,0,0,0,0,0,0,0,0.0,0,0,0,0,0,64.0,64208.0,0,0,0,54,eth:ethertype:ip:tcp,,,,,,,,,,,0.0,Normal,0.0
1744303018026941,10.42.0.1,10.42.0.2,1883,49981,1,45,0,1,0,0,0,0,0,0,0,0,0,0.0,0,,0,0,,0,0,0,0,0,0,0,0,0.0,0,0,0,0,0,64.0,64196.0,0,0,0,54,eth:ethertype:ip:tcp,,,,,,,,,,,0.0,Normal,0.0
1744303018027221,10.42.0.1,10.42.0.2,1883,49981,1,45,0,1,0,0,1,0,4,0,0,0,0,0.0,0,,0,2,,0,0,0,0,2,0,0,0,0.0,0x00,0,0,0,0,64.0,64196.0,0,0,0,58,eth:ethertype:ip:tcp:mqtt,,,,,,,,,,,0.0,Normal,0.0
1744303018074978,10.42.0.1,10.42.0.2,1883,49981,5,234,0,1,0,0,0,0,0,0,0,0,0,0.0,0,,0,0,,0,0,0,0,0,0,0,0,0.0,0,0,0,0,0,64.0,64007.0,0,0,0,54,eth:ethertype:ip:tcp,,,,,,,,,,,0.0,Normal,0.0
1744303018075016,10.42.0.1,10.42.0.2,1883,49981,5,234,0,1,1,0,0,0,0,0,0,0,0,0.0,0,,0,0,,0,0,0,0,0,0,0,0,0.0,0,0,0,0,0,64.0,64007.0,0,0,0,54,eth:ethertype:ip:tcp,,,,,,,,,,,0.0,Normal,0.0
1744303032095542,10.42.0.1,10.42.0.149,1883,54304,0,1,1,1,0,0,0,0,0,0,0,0,0,0.0,0,,0,0,,0,0,0,0,0,0,0,0,0.0,0,0,0,0,0,64.0,64240.0,0,0,0,58,eth:ethertype:ip:tcp,,,,,,,,,,,0.0,Normal,0.0
1744303032101514,10.42.0.1,10.42.0.149,1883,54304,1,4,0,1,0,0,0,0,0,0,0,0,0,0.0,0,,0,0,,0,0,0,0,0,0,0,0,0.0,0,0,0,0,0,64.0,64237.0,0,0,0,54,eth:ethertype:ip:tcp,,,,,,,,,,,0.0,Normal,0.0
1744303032104855,10.42.0.1,10.42.0.149,1883,54304,1,33,0,1,0,0,0,0,0,0,0,0,0,0.0,0,,0,0,,0,0,0,0,0,0,0,0,0.0,0,0,0,0,0,64.0,64208.0,0,0,0,54,eth:ethertype:ip:tcp,,,,,,,,,,,0.0,Normal,0.0
1744303032107948,10.42.0.1,10.42.0.149,1883,54304,1,45,0,1,0,0,0,0,0,0,0,0,0,0.0,0,,0,0,,0,0,0,0,0,0,0,0,0.0,0,0,0,0,0,64.0,64196.0,0,0,0,54,eth:ethertype:ip:tcp,,,,,,,,,,,0.0,Normal,0.0
1744303032108306,10.42.0.1,10.42.0.149,1883,54304,1,45,0,1,0,0,1,0,4,0,0,0,0,0.0,0,,0,2,,0,0,0,0,2,0,0,0,0.0,0x00,0,0,0,0,64.0,64196.0,0,0,0,58,eth:ethertype:ip:tcp:mqtt,,,,,,,,,,,0.0,Normal,0.0
1744303032145949,10.42.0.1,10.42.0.149,1883,54304,5,231,0,1,0,0,0,0,0,0,0,0,0,0.0,0,,0,0,,0,0,0,0,0,0,0,0,0.0,0,0,0,0,0,64.0,64010.0,0,0,0,54,eth:ethertype:ip:tcp,,,,,,,,,,,0.0,Normal,0.0
1744303032145983,10.42.0.1,10.42.0.149,1883,54304,5,231,0,1,1,0,0,0,0,0,0,0,0,0.0,0,,0,0,,0,0,0,0,0,0,0,0,0.0,0,0,0,0,0,64.0,64010.0,0,0,0,54,eth:ethertype:ip:tcp,,,,,,,,,,,0.0,Normal,0.0
1744303033083700,10.42.0.1,10.42.0.139,1883,49982,0,1,1,1,0,0,0,0,0,0,0,0,0,0.0,0,,0,0,,0,0,0,0,0,0,0,0,0.0,0,0,0,0,0,64.0,64240.0,0,0,0,58,eth:ethertype:ip:tcp,,,,,,,,,,,0.0,Normal,0.0
1744303033089819,10.42.0.1,10.42.0.139,1883,49982,1,4,0,1,0,0,0,0,0,0,0,0,0,0.0,0,,0,0,,0,0,0,0,0,0,0,0,0.0,0,0,0,0,0,64.0,64237.0,0,0,0,54,eth:ethertype:ip:tcp,,,,,,,,,,,0.0,Normal,0.0
1744303033093242,10.42.0.1,10.42.0.139,1883,49982,1,33,0,1,0,0,0,0,0,0,0,0,0,0.0,0,,0,0,,0,0,0,0,0,0,0,0,0.0,0,0,0,0,0,64.0,64208.0,0,0,0,54,eth:ethertype:ip:tcp,,,,,,,,,,,0.0,Normal,0.0
1744303033096356,10.42.0.1,10.42.0.139,1883,49982,1,45,0,1,0,0,0,0,0,0,0,0,0,0.0,0,,0,0,,0,0,0,0,0,0,0,0,0.0,0,0,0,0,0,64.0,64196.0,0,0,0,54,eth:ethertype:ip:tcp,,,,,,,,,,,0.0,Normal,0.0
1744303033096734,10.42.0.1,10.42.0.139,1883,49982,1,45,0,1,0,0,1,0,4,0,0,0,0,0.0,0,,0,2,,0,0,0,0,2,0,0,0,0.0,0x00,0,0,0,0,64.0,64196.0,0,0,0,58,eth:ethertype:ip:tcp:mqtt,,,,,,,,,,,0.0,Normal,0.0
1744303033144142,10.42.0.1,10.42.0.139,1883,49982,5,234,0,1,0,0,0,0,0,0,0,0,0,0.0,0,,0,0,,0,0,0,0,0,0,0,0,0.0,0,0,0,0,0,64.0,64007.0,0,0,0,54,eth:ethertype:ip:tcp,,,,,,,,,,,0.0,Normal,0.0
1744303033144181,10.42.0.1,10.42.0.139,1883,49982,5,234,0,1,1,0,0,0,0,0,0,0,0,0.0,0,,0,0,,0,0,0,0,0,0,0,0,0.0,0,0,0,0,0,64.0,64007.0,0,0,0,54,eth:ethertype:ip:tcp,,,,,,,,,,,0.0,Normal,0.0
1744303047095542,10.42.0.1,10.42.0.3,1883,54304,0,1,1,1,0,0,0,0,0,0,0,0,0,0.0,0,,0,0,,0,0,0,0,0,0,0,0,0.0,0,0,0,0,0,64.0,64240.0,0,0,0,58,eth:ethertype:ip:tcp,,,,,,,,,,,0.0,Normal,0.0
1744303047101514,10.42.0.1,10.42.0.3,1883,54304,1,4,0,1,0,0,0,0,0,0,0,0,0,0.0,0,,0,0,,0,0,0,0,0,0,0,0,0.0,0,0,0,0,0,64.0,64237.0,0,0,0,54,eth:ethertype:ip:tcp,,,,,,,,,,,0.0,Normal,0.0
1744303047104855,10.42.0.1,10.42.0.3,1883,54304,1,33,0,1,0,0,0,0,0,0,0,0,0,0.0,0,,0,0,,0,0,0,0,0,0,0,0,0.0,0,0,0,0,0,64.0,64208.0,0,0,0,54,eth:ethertype:ip:tcp,,,,,,,,,,,0.0,Normal,0.0
1744303047107948,10.42.0.1,10.42.0.3,1883,54304,1,45,0,1,0,0,0,0,0,0,0,0,0,0.0,0,,0,0,,0,0,0,0,0,0,0,0,0.0,0,0,0,0,0,64.0,64196.0,0,0,0,54,eth:ethertype:ip:tcp,,,,,,,,,,,0.0,Normal,0.0
1744303047108306,10.42.0.1,10.42.0.3,1883,54304,1,45,0,1,0,0,1,0,4,0,0,0,0,0.0,0,,0,2,,0,0,0,0,2,0,0,0,0.0,0x00,0,0,0,0,64.0,64196.0,0,0,0,58,eth:ethertype:ip:tcp:mqtt,,,,,,,,,,,0.0,Normal,0.0
1744303047145949,10.42.0.1,10.42.0.3,1883,54304,5,231,0,1,0,0,0,0,0,0,0,0,0,0.0,0,,0,0,,0,0,0,0,0,0,0,0,0.0,0,0,0,0,0,64.0,64010.0,0,0,0,54,eth:ethertype:ip:tcp,,,,,,,,,,,0.0,Normal,0.0
1744303047145983,10.42.0.1,10.42.0.3,1883,54304,5,231,0,1,1,0,0,0,0,0,0,0,0,0.0,0,,0,0,,0,0,0,0,0,0,0,0,0.0,0,0,0,0,0,64.0,64010.0,0,0,0,54,eth:ethertype:ip:tcp,,,,,,,,,,,0.0,Normal,0.0
1744303048083700,10.42.0.1,10.42.0.2,1883,49982,0,1,1,1,0,0,0,0,0,0,0,0,0,0.0,0,,0,0,,0,0,0,0,0,0,0,0,0.0,0,0,0,0,0,64.0,64240.0,0,0,0,58,eth:ethertype:ip:tcp,,,,,,,,,,,0.0,Normal,0.0
1744303048089819,10.42.0.1,10.42.0.2,1883,49982,1,4,0,1,0,0,0,0,0,0,0,0,0,0.0,0,,0,0,,0,0,0,0,0,0,0,0,0.0,0,0,0,0,0,64.0,64237.0,0,0,0,54,eth:ethertype:ip:tcp,,,,,,,,,,,0.0,Normal,0.0
1744303048093242,10.42.0.1,10.42.0.2,1883,49982,1,33,0,1,0,0,0,0,0,0,0,0,0,0.0,0,,0,0,,0,0,0,0,0,0,0,0,0.0,0,0,0,0,0,64.0,64208.0,0,0,0,54,eth:ethertype:ip:tcp,,,,,,,,,,,0.0,Normal,0.0
1744303048096356,10.42.0.1,10.42.0.2,1883,49982,1,45,0,1,0,0,0,0,0,0,0,0,0,0.0,0,,0,0,,0,0,0,0,0,0,0,0,0.0,0,0,0,0,0,64.0,64196.0,0,0,0,54,eth:ethertype:ip:tcp,,,,,,,,,,,0.0,Normal,0.0
1744303048096734,10.42.0.1,10.42.0.2,1883,49982,1,45,0,1,0,0,1,0,4,0,0,0,0,0.0,0,,0,2,,0,0,0,0,2,0,0,0,0.0,0x00,0,0,0,0,64.0,64196.0,0,0,0,58,eth:ethertype:ip:tcp:mqtt,,,,,,,,,,,0.0,Normal,0.0
1744303048144142,10.42.0.1,10.42.0.2,1883,49982,5,234,0,1,0,0,0,0,0,0,0,0,0,0.0,0,,0,0,,0,0,0,0,0,0,0,0,0.0,0,0,0,0,0,64.0,64007.0,0,0,0,54,eth:ethertype:ip:tcp,,,,,,,,,,,0.0,Normal,0.0
1744303048144181,10.42.0.1,10.42.0.2,1883,49982,5,234,0,1,1,0,0,0,0,0,0,0,0,0.0,0,,0,0,,0,0,0,0,0,0,0,0,0.0,0,0,0,0,0,64.0,64007.0,0,0,0,54,eth:ethertype:ip:tcp,,,,,,,,,,,0.0,Normal,0.0
1744303062154758,10.42.0.1,10.42.0.149,1883,54305,0,1,1,1,0,0,0,0,0,0,0,0,0,0.0,0,,0,0,,0,0,0,0,0,0,0,0,0.0,0,0,0,0,0,64.0,64240.0,0,0,0,58,eth:ethertype:ip:tcp,,,,,,,,,,,0.0,Normal,0.0
1744303062160840,10.42.0.1,10.42.0.149,1883,54305,1,4,0,1,0,0,0,0,0,0,0,0,0,0.0,0,,0,0,,0,0,0,0,0,0,0,0,0.0,0,0,0,0,0,64.0,64237.0,0,0,0,54,eth:ethertype:ip:tcp,,,,,,,,,,,0.0,Normal,0.0
1744303062164574,10.42.0.1,10.42.0.149,1883,54305,1,35,0,1,0,0,0,0,0,0,0,0,0,0.0,0,,0,0,,0,0,0,0,0,0,0,0,0.0,0,0,0,0,0,64.0,64206.0,0,0,0,54,eth:ethertype:ip:tcp,,,,,,,,,,,0.0,Normal,0.0
1744303062167480,10.42.0.1,10.42.0.149,1883,54305,1,45,0,1,0,0,0,0,0,0,0,0,0,0.0,0,,0,0,,0,0,0,0,0,0,0,0,0.0,0,0,0,0,0,64.0,64196.0,0,0,0,54,eth:ethertype:ip:tcp,,,,,,,,,,,0.0,Normal,0.0
1744303062167798,10.42.0.1,10.42.0.149,1883,54305,1,45,0,1,0,0,1,0,4,0,0,0,0,0.0,0,,0,2,,0,0,0,0,2,0,0,0,0.0,0x00,0,0,0,0,64.0,64196.0,0,0,0,58,eth:ethertype:ip:tcp:mqtt,,,,,,,,,,,0.0,Normal,0.0
1744303062205996,10.42.0.1,10.42.0.149,1883,54305,5,231,0,1,0,0,0,0,0,0,0,0,0,0.0,0,,0,0,,0,0,0,0,0,0,0,0,0.0,0,0,0,0,0,64.0,64010.0,0,0,0,54,eth:ethertype:ip:tcp,,,,,,,,,,,0.0,Normal,0.0
1744303062206030,10.42.0.1,10.42.0.149,1883,54305,5,231,0,1,1,0,0,0,0,0,0,0,0,0.0,0,,0,0,,0,0,0,0,0,0,0,0,0.0,0,0,0,0,0,64.0,64010.0,0,0,0,54,eth:ethertype:ip:tcp,,,,,,,,,,,0.0,Normal,0.0
1744303063152838,10.42.0.1,10.42.0.139,1883,49983,0,1,1,1,0,0,0,0,0,0,0,0,0,0.0,0,,0,0,,0,0,0,0,0,0,0,0,0.0,0,0,0,0,0,64.0,64240.0,0,0,0,58,eth:ethertype:ip:tcp,,,,,,,,,,,0.0,Normal,0.0
1744303063158838,10.42.0.1,10.42.0.139,1883,49983,1,4,0,1,0,0,0,0,0,0,0,0,0,0.0,0,,0,0,,0,0,0,0,0,0,0,0,0.0,0,0,0,0,0,64.0,64237.0,0,0,0,54,eth:ethertype:ip:tcp,,,,,,,,,,,0.0,Normal,0.0
1744303063162355,10.42.0.1,10.42.0.139,1883,49983,1,33,0,1,0,0,0,0,0,0,0,0,0,0.0,0,,0,0,,0,0,0,0,0,0,0,0,0.0,0,0,0,0,0,64.0,64208.0,0,0,0,54,eth:ethertype:ip:tcp,,,,,,,,,,,0.0,Normal,0.0
1744303063165356,10.42.0.1,10.42.0.139,1883,49983,1,45,0,1,0,0,0,0,0,0,0,0,0,0.0,0,,0,0,,0,0,0,0,0,0,0,0,0.0,0,0,0,0,0,64.0,64196.0,0,0,0,54,eth:ethertype:ip:tcp,,,,,,,,,,,0.0,Normal,0.0
1744303063165720,10.42.0.1,10.42.0.139,1883,49983,1,45,0,1,0,0,1,0,4,0,0,0,0,0.0,0,,0,2,,0,0,0,0,2,0,0,0,0.0,0x00,0,0,0,0,64.0,64196.0,0,0,0,58,eth:ethertype:ip:tcp:mqtt,,,,,,,,,,,0.0,Normal,0.0
1744303063213258,10.42.0.1,10.42.0.139,1883,49983,5,234,0,1,0,0,0,0,0,0,0,0,0,0.0,0,,0,0,,0,0,0,0,0,0,0,0,0.0,0,0,0,0,0,64.0,64007.0,0,0,0,54,eth:ethertype:ip:tcp,,,,,,,,,,,0.0,Normal,0.0
1744303063213296,10.42.0.1,10.42.0.139,1883,49983,5,234,0,1,1,0,0,0,0,0,0,0,0,0.0,0,,0,0,,0,0,0,0,0,0,0,0,0.0,0,0,0,0,0,64.0,64007.0,0,0,0,54,eth:ethertype:ip:tcp,,,,,,,,,,,0.0,Normal,0.0
1744303077154758,10.42.0.1,10.42.0.3,1883,54305,0,1,1,1,0,0,0,0,0,0,0,0,0,0.0,0,,0,0,,0,0,0,0,0,0,0,0,0.0,0,0,0,0,0,64.0,64240.0,0,0,0,58,eth:ethertype:ip:tcp,,,,,,,,,,,0.0,Normal,0.0
1744303077160840,10.42.0.1,10.42.0.3,1883,54305,1,4,0,1,0,0,0,0,0,0,0,0,0,0.0,0,,0,0,,0,0,0,0,0,0,0,0,0.0,0,0,0,0,0,64.0,64237.0,0,0,0,54,eth:ethertype:ip:tcp,,,,,,,,,,,0.0,Normal,0.0
1744303077164574,10.42.0.1,10.42.0.3,1883,54305,1,35,0,1,0,0,0,0,0,0,0,0,0,0.0,0,,0,0,,0,0,0,0,0,0,0,0,0.0,0,0,0,0,0,64.0,64206.0,0,0,0,54,eth:ethertype:ip:tcp,,,,,,,,,,,0.0,Normal,0.0
1744303077167480,10.42.0.1,10.42.0.3,1883,54305,1,45,0,1,0,0,0,0,0,0,0,0,0,0.0,0,,0,0,,0,0,0,0,0,0,0,0,0.0,0,0,0,0,0,64.0,64196.0,0,0,0,54,eth:ethertype:ip:tcp,,,,,,,,,,,0.0,Normal,0.0
1744303077167798,10.42.0.1,10.42.0.3,1883,54305,1,45,0,1,0,0,1,0,4,0,0,0,0,0.0,0,,0,2,,0,0,0,0,2,0,0,0,0.0,0x00,0,0,0,0,64.0,64196.0,0,0,0,58,eth:ethertype:ip:tcp:mqtt,,,,,,,,,,,0.0,Normal,0.0
1744303077205996,10.42.0.1,10.42.0.3,1883,54305,5,231,0,1,0,0,0,0,0,0,0,0,0,0.0,0,,0,0,,0,0,0,0,0,0,0,0,0.0,0,0,0,0,0,64.0,64010.0,0,0,0,54,eth:ethertype:ip:tcp,,,,,,,,,,,0.0,Normal,0.0
1744303077206030,10.42.0.1,10.42.0.3,1883,54305,5,231,0,1,1,0,0,0,0,0,0,0,0,0.0,0,,0,0,,0,0,0,0,0,0,0,0,0.0,0,0,0,0,0,64.0,64010.0,0,0,0,54,eth:ethertype:ip:tcp,,,,,,,,,,,0.0,Normal,0.0
1744303078152838,10.42.0.1,10.42.0.2,1883,49983,0,1,1,1,0,0,0,0,0,0,0,0,0,0.0,0,,0,0,,0,0,0,0,0,0,0,0,0.0,0,0,0,0,0,64.0,64240.0,0,0,0,58,eth:ethertype:ip:tcp,,,,,,,,,,,0.0,Normal,0.0
1744303078158838,10.42.0.1,10.42.0.2,1883,49983,1,4,0,1,0,0,0,0,0,0,0,0,0,0.0,0,,0,0,,0,0,0,0,0,0,0,0,0.0,0,0,0,0,0,64.0,64237.0,0,0,0,54,eth:ethertype:ip:tcp,,,,,,,,,,,0.0,Normal,0.0
1744303078162355,10.42.0.1,10.42.0.2,1883,49983,1,33,0,1,0,0,0,0,0,0,0,0,0,0.0,0,,0,0,,0,0,0,0,0,0,0,0,0.0,0,0,0,0,0,64.0,64208.0,0,0,0,54,eth:ethertype:ip:tcp,,,,,,,,,,,0.0,Normal,0.0
1744303078165356,10.42.0.1,10.42.0.2,1883,49983,1,45,0,1,0,0,0,0,0,0,0,0,0,0.0,0,,0,0,,0,0,0,0,0,0,0,0,0.0,0,0,0,0,0,64.0,64196.0,0,0,0,54,eth:ethertype:ip:tcp,,,,,,,,,,,0.0,Normal,0.0
1744303078165720,10.42.0.1,10.42.0.2,1883,49983,1,45,0,1,0,0,1,0,4,0,0,0,0,0.0,0,,0,2,,0,0,0,0,2,0,0,0,0.0,0x00,0,0,0,0,64.0,64196.0,0,0,0,58,eth:ethertype:ip:tcp:mqtt,,,,,,,,,,,0.0,Normal,0.0
1744303078213258,10.42.0.1,10.42.0.2,1883,49983,5,234,0,1,0,0,0,0,0,0,0,0,0,0.0,0,,0,0,,0,0,0,0,0,0,0,0,0.0,0,0,0,0,0,64.0,64007.0,0,0,0,54,eth:ethertype:ip:tcp,,,,,,,,,,,0.0,Normal,0.0
1744303078213296,10.42.0.1,10.42.0.2,1883,49983,5,234,0,1,1,0,0,0,0,0,0,0,0,0.0,0,,0,0,,0,0,0,0,0,0,0,0,0.0,0,0,0,0,0,64.0,64007.0,0,0,0,54,eth:ethertype:ip:tcp,,,,,,,,,,,0.0,Normal,0.0
1744303092214407,10.42.0.1,10.42.0.149,1883,54306,0,1,1,1,0,0,0,0,0,0,0,0,0,0.0,0,,0,0,,0,0,0,0,0,0,0,0,0.0,0,0,0,0,0,64.0,64240.0,0,0,0,58,eth:ethertype:ip:tcp,,,,,,,,,,,0.0,Normal,0.0
1744303092220709,10.42.0.1,10.42.0.149,1883,54306,1,4,0,1,0,0,0,0,0,0,0,0,0,0.0,0,,0,0,,0,0,0,0,0,0,0,0,0.0,0,0,0,0,0,64.0,64237.0,0,0,0,54,eth:ethertype:ip:tcp,,,,,,,,,,,0.0,Normal,0.0
1744303092224174,10.42.0.1,10.42.0.149,1883,54306,1,33,0,1,0,0,0,0,0,0,0,0,0,0.0,0,,0,0,,0,0,0,0,0,0,0,0,0.0,0,0,0,0,0,64.0,64208.0,0,0,0,54,eth:ethertype:ip:tcp,,,,,,,,,,,0.0,Normal,0.0
1744303092227448,10.42.0.1,10.42.0.149,1883,54306,1,45,0,1,0,0,0,0,0,0,0,0,0,0.0,0,,0,0,,0,0,0,0,0,0,0,0,0.0,0,0,0,0,0,64.0,64196.0,0,0,0,54,eth:ethertype:ip:tcp,,,,,,,,,,,0.0,Normal,0.0
1744303092227999,10.42.0.1,10.42.0.149,1883,54306,1,45,0,1,0,0,1,0,4,0,0,0,0,0.0,0,,0,2,,0,0,0,0,2,0,0,0,0.0,0x00,0,0,0,0,64.0,64196.0,0,0,0,58,eth:ethertype:ip:tcp:mqtt,,,,,,,,,,,0.0,Normal,0.0
1744303092264608,10.42.0.1,10.42.0.149,1883,54306,5,231,0,1,0,0,0,0,0,0,0,0,0,0.0,0,,0,0,,0,0,0,0,0,0,0,0,0.0,0,0,0,0,0,64.0,64010.0,0,0,0,54,eth:ethertype:ip:tcp,,,,,,,,,,,0.0,Normal,0.0
1744303092264692,10.42.0.1,10.42.0.149,1883,54306,5,231,0,1,1,0,0,0,0,0,0,0,0,0.0,0,,0,0,,0,0,0,0,0,0,0,0,0.0,0,0,0,0,0,64.0,64010.0,0,0,0,54,eth:ethertype:ip:tcp,,,,,,,,,,,0.0,Normal,0.0
1744303093222054,10.42.0.1,10.42.0.139,1883,49984,0,1,1,1,0,0,0,0,0,0,0,0,0,0.0,0,,0,0,,0,0,0,0,0,0,0,0,0.0,0,0,0,0,0,64.0,64240.0,0,0,0,58,eth:ethertype:ip:tcp,,,,,,,,,,,0.0,Normal,0.0
1744303093236942,10.42.0.1,10.42.0.139,1883,49984,1,4,0,1,0,0,0,0,0,0,0,0,0,0.0,0,,0,0,,0,0,0,0,0,0,0,0,0.0,0,0,0,0,0,64.0,64237.0,0,0,0,54,eth:ethertype:ip:tcp,,,,,,,,,,,0.0,Normal,0.0
1744303093240573,10.42.0.1,10.42.0.139,1883,49984,1,33,0,1,0,0,0,0,0,0,0,0,0,0.0,0,,0,0,,0,0,0,0,0,0,0,0,0.0,0,0,0,0,0,64.0,64208.0,0,0,0,54,eth:ethertype:ip:tcp,,,,,,,,,,,0.0,Normal,0.0
1744303093243728,10.42.0.1,10.42.0.139,1883,49984,1,45,0,1,0,0,0,0,0,0,0,0,0,0.0,0,,0,0,,0,0,0,0,0,0,0,0,0.0,0,0,0,0,0,64.0,64196.0,0,0,0,54,eth:ethertype:ip:tcp,,,,,,,,,,,0.0,Normal,0.0
1744303093244084,10.42.0.1,10.42.0.139,1883,49984,1,45,0,1,0,0,1,0,4,0,0,0,0,0.0,0,,0,2,,0,0,0,0,2,0,0,0,0.0,0x00,0,0,0,0,64.0,64196.0,0,0,0,58,eth:ethertype:ip:tcp:mqtt,,,,,,,,,,,0.0,Normal,0.0
1744303093292576,10.42.0.1,10.42.0.139,1883,49984,5,234,0,1,0,0,0,0,0,0,0,0,0,0.0,0,,0,0,,0,0,0,0,0,0,0,0,0.0,0,0,0,0,0,64.0,64007.0,0,0,0,54,eth:ethertype:ip:tcp,,,,,,,,,,,0.0,Normal,0.0
1744303093292616,10.42.0.1,10.42.0.139,1883,49984,5,234,0,1,1,0,0,0,0,0,0,0,0,0.0,0,,0,0,,0,0,0,0,0,0,0,0,0.0,0,0,0,0,0,64.0,64007.0,0,0,0,54,eth:ethertype:ip:tcp,,,,,,,,,,,0.0,Normal,0.0
1744303107214407,10.42.0.1,10.42.0.3,1883,54306,0,1,1,1,0,0,0,0,0,0,0,0,0,0.0,0,,0,0,,0,0,0,0,0,0,0,0,0.0,0,0,0,0,0,64.0,64240.0,0,0,0,58,eth:ethertype:ip:tcp,,,,,,,,,,,0.0,Normal,0.0
1744303107220709,10.42.0.1,10.42.0.3,1883,54306,1,4,0,1,0,0,0,0,0,0,0,0,0,0.0,0,,0,0,,0,0,0,0,0,0,0,0,0.0,0,0,0,0,0,64.0,64237.0,0,0,0,54,eth:ethertype:ip:tcp,,,,,,,,,,,0.0,Normal,0.0
1744303107224174,10.42.0.1,10.42.0.3,1883,54306,1,33,0,1,0,0,0,0,0,0,0,0,0,0.0,0,,0,0,,0,0,0,0,0,0,0,0,0.0,0,0,0,0,0,64.0,64208.0,0,0,0,54,eth:ethertype:ip:tcp,,,,,,,,,,,0.0,Normal,0.0
1744303107227448,10.42.0.1,10.42.0.3,1883,54306,1,45,0,1,0,0,0,0,0,0,0,0,0,0.0,0,,0,0,,0,0,0,0,0,0,0,0,0.0,0,0,0,0,0,64.0,64196.0,0,0,0,54,eth:ethertype:ip:tcp,,,,,,,,,,,0.0,Normal,0.0
1744303107227999,10.42.0.1,10.42.0.3,1883,54306,1,45,0,1,0,0,1,0,4,0,0,0,0,0.0,0,,0,2,,0,0,0,0,2,0,0,0,0.0,0x00,0,0,0,0,64.0,64196.0,0,0,0,58,eth:ethertype:ip:tcp:mqtt,,,,,,,,,,,0.0,Normal,0.0
1744303107264608,10.42.0.1,10.42.0.3,1883,54306,5,231,0,1,0,0,0,0,0,0,0,0,0,0.0,0,,0,0,,0,0,0,0,0,0,0,0,0.0,0,0,0,0,0,64.0,64010.0,0,0,0,54,eth:ethertype:ip:tcp,,,,,,,,,,,0.0,Normal,0.0
1744303107264692,10.42.0.1,10.42.0.3,1883,54306,5,231,0,1,1,0,0,0,0,0,0,0,0,0.0,0,,0,0,,0,0,0,0,0,0,0,0,0.0,0,0,0,0,0,64.0,64010.0,0,0,0,54,eth:ethertype:ip:tcp,,,,,,,,,,,0.0,Normal,0.0
1744303108222054,10.42.0.1,10.42.0.2,1883,49984,0,1,1,1,0,0,0,0,0,0,0,0,0,0.0,0,,0,0,,0,0,0,0,0,0,0,0,0.0,0,0,0,0,0,64.0,64240.0,0,0,0,58,eth:ethertype:ip:tcp,,,,,,,,,,,0.0,Normal,0.0
1744303108236942,10.42.0.1,10.42.0.2,1883,49984,1,4,0,1,0,0,0,0,0,0,0,0,0,0.0,0,,0,0,,0,0,0,0,0,0,0,0,0.0,0,0,0,0,0,64.0,64237.0,0,0,0,54,eth:ethertype:ip:tcp,,,,,,,,,,,0.0,Normal,0.0
1744303108240573,10.42.0.1,10.42.0.2,1883,49984,1,33,0,1,0,0,0,0,0,0,0,0,0,0.0,0,,0,0,,0,0,0,0,0,0,0,0,0.0,0,0,0,0,0,64.0,64208.0,0,0,0,54,eth:ethertype:ip:tcp,,,,,,,,,,,0.0,Normal,0.0
1744303108243728,10.42.0.1,10.42.0.2,1883,49984,1,45,0,1,0,0,0,0,0,0,0,0,0,0.0,0,,0,0,,0,0,0,0,0,0,0,0,0.0,0,0,0,0,0,64.0,64196.0,0,0,0,54,eth:ethertype:ip:tcp,,,,,,,,,,,0.0,Normal,0.0
1744303108244084,10.42.0.1,10.42.0.2,1883,49984,1,45,0,1,0,0,1,0,4,0,0,0,0,0.0,0,,0,2,,0,0,0,0,2,0,0,0,0.0,0x00,0,0,0,0,64.0,64196.0,0,0,0,58,eth:ethertype:ip:tcp:mqtt,,,,,,,,,,,0.0,Normal,0.0
1744303108292576,10.42.0.1,10.42.0.2,1883,49984,5,234,0,1,0,0,0,0,0,0,0,0,0,0.0,0,,0,0,,0,0,0,0,0,0,0,0,0.0,0,0,0,0,0,64.0,64007.0,0,0,0,54,eth:ethertype:ip:tcp,,,,,,,,,,,0.0,Normal,0.0
1744303108292616,10.42.0.1,10.42.0.2,1883,49984,5,234,0,1,1,0,0,0,0,0,0,0,0,0.0,0,,0,0,,0,0,0,0,0,0,0,0,0.0,0,0,0,0,0,64.0,64007.0,0,0,0,54,eth:ethertype:ip:tcp,,,,,,,,,,,0.0,Normal,0.0
1744303109900491,10.42.0.1,10.42.0.139,0,0,0,0,0,0,0,0,0,0,0,0,0,0,0,0.0,0,,0,0,,0,0,0,0,0,0,0,0,0.0,0,0,0,0,0,64.0,0.0,0,0,0,342,eth:ethertype:ip:udp:dhcp,,,,,,,,,,,0.0,Normal,0.0
1744303122273000,10.42.0.1,10.42.0.149,1883,54307,0,1,1,1,0,0,0,0,0,0,0,0,0,0.0,0,,0,0,,0,0,0,0,0,0,0,0,0.0,0,0,0,0,0,64.0,64240.0,0,0,0,58,eth:ethertype:ip:tcp,,,,,,,,,,,0.0,Normal,0.0
1744303122279263,10.42.0.1,10.42.0.149,1883,54307,1,4,0,1,0,0,0,0,0,0,0,0,0,0.0,0,,0,0,,0,0,0,0,0,0,0,0,0.0,0,0,0,0,0,64.0,64237.0,0,0,0,54,eth:ethertype:ip:tcp,,,,,,,,,,,0.0,Normal,0.0
1744303122282666,10.42.0.1,10.42.0.149,1883,54307,1,33,0,1,0,0,0,0,0,0,0,0,0,0.0,0,,0,0,,0,0,0,0,0,0,0,0,0.0,0,0,0,0,0,64.0,64208.0,0,0,0,54,eth:ethertype:ip:tcp,,,,,,,,,,,0.0,Normal,0.0
1744303122286996,10.42.0.1,10.42.0.149,1883,54307,1,45,0,1,0,0,0,0,0,0,0,0,0,0.0,0,,0,0,,0,0,0,0,0,0,0,0,0.0,0,0,0,0,0,64.0,64196.0,0,0,0,54,eth:ethertype:ip:tcp,,,,,,,,,,,0.0,Normal,0.0
1744303122287331,10.42.0.1,10.42.0.149,1883,54307,1,45,0,1,0,0,1,0,4,0,0,0,0,0.0,0,,0,2,,0,0,0,0,2,0,0,0,0.0,0x00,0,0,0,0,64.0,64196.0,0,0,0,58,eth:ethertype:ip:tcp:mqtt,,,,,,,,,,,0.0,Normal,0.0
1744303122324113,10.42.0.1,10.42.0.149,1883,54307,5,231,0,1,0,0,0,0,0,0,0,0,0,0.0,0,,0,0,,0,0,0,0,0,0,0,0,0.0,0,0,0,0,0,64.0,64010.0,0,0,0,54,eth:ethertype:ip:tcp,,,,,,,,,,,0.0,Normal,0.0
1744303122324170,10.42.0.1,10.42.0.149,1883,54307,5,231,0,1,1,0,0,0,0,0,0,0,0,0.0,0,,0,0,,0,0,0,0,0,0,0,0,0.0,0,0,0,0,0,64.0,64010.0,0,0,0,54,eth:ethertype:ip:tcp,,,,,,,,,,,0.0,Normal,0.0
1744303123308964,10.42.0.1,10.42.0.139,1883,49985,0,1,1,1,0,0,0,0,0,0,0,0,0,0.0,0,,0,0,,0,0,0,0,0,0,0,0,0.0,0,0,0,0,0,64.0,64240.0,0,0,0,58,eth:ethertype:ip:tcp,,,,,,,,,,,0.0,Normal,0.0
1744303123314961,10.42.0.1,10.42.0.139,1883,49985,1,4,0,1,0,0,0,0,0,0,0,0,0,0.0,0,,0,0,,0,0,0,0,0,0,0,0,0.0,0,0,0,0,0,64.0,64237.0,0,0,0,54,eth:ethertype:ip:tcp,,,,,,,,,,,0.0,Normal,0.0
1744303123318343,10.42.0.1,10.42.0.139,1883,49985,1,33,0,1,0,0,0,0,0,0,0,0,0,0.0,0,,0,0,,0,0,0,0,0,0,0,0,0.0,0,0,0,0,0,64.0,64208.0,0,0,0,54,eth:ethertype:ip:tcp,,,,,,,,,,,0.0,Normal,0.0
1744303123321426,10.42.0.1,10.42.0.139,1883,49985,1,45,0,1,0,0,0,0,0,0,0,0,0,0.0,0,,0,0,,0,0,0,0,0,0,0,0,0.0,0,0,0,0,0,64.0,64196.0,0,0,0,54,eth:ethertype:ip:tcp,,,,,,,,,,,0.0,Normal,0.0
1744303123321719,10.42.0.1,10.42.0.139,1883,49985,1,45,0,1,0,0,1,0,4,0,0,0,0,0.0,0,,0,2,,0,0,0,0,2,0,0,0,0.0,0x00,0,0,0,0,64.0,64196.0,0,0,0,58,eth:ethertype:ip:tcp:mqtt,,,,,,,,,,,0.0,Normal,0.0
1744303123371886,10.42.0.1,10.42.0.139,1883,49985,5,234,0,1,0,0,0,0,0,0,0,0,0,0.0,0,,0,0,,0,0,0,0,0,0,0,0,0.0,0,0,0,0,0,64.0,64007.0,0,0,0,54,eth:ethertype:ip:tcp,,,,,,,,,,,0.0,Normal,0.0
1744303123371927,10.42.0.1,10.42.0.139,1883,49985,5,234,0,1,1,0,0,0,0,0,0,0,0,0.0,0,,0,0,,0,0,0,0,0,0,0,0,0.0,0,0,0,0,0,64.0,64007.0,0,0,0,54,eth:ethertype:ip:tcp,,,,,,,,,,,0.0,Normal,0.0
1744303124900491,10.42.0.1,10.42.0.2,0,0,0,0,0,0,0,0,0,0,0,0,0,0,0,0.0,0,,0,0,,0,0,0,0,0,0,0,0,0.0,0,0,0,0,0,64.0,0.0,0,0,0,342,eth:ethertype:ip:udp:dhcp,,,,,,,,,,,0.0,Normal,0.0
1744303137273000,10.42.0.1,10.42.0.3,1883,54307,0,1,1,1,0,0,0,0,0,0,0,0,0,0.0,0,,0,0,,0,0,0,0,0,0,0,0,0.0,0,0,0,0,0,64.0,64240.0,0,0,0,58,eth:ethertype:ip:tcp,,,,,,,,,,,0.0,Normal,0.0
1744303137279263,10.42.0.1,10.42.0.3,1883,54307,1,4,0,1,0,0,0,0,0,0,0,0,0,0.0,0,,0,0,,0,0,0,0,0,0,0,0,0.0,0,0,0,0,0,64.0,64237.0,0,0,0,54,eth:ethertype:ip:tcp,,,,,,,,,,,0.0,Normal,0.0
1744303137282666,10.42.0.1,10.42.0.3,1883,54307,1,33,0,1,0,0,0,0,0,0,0,0,0,0.0,0,,0,0,,0,0,0,0,0,0,0,0,0.0,0,0,0,0,0,64.0,64208.0,0,0,0,54,eth:ethertype:ip:tcp,,,,,,,,,,,0.0,Normal,0.0
1744303137286996,10.42.0.1,10.42.0.3,1883,54307,1,45,0,1,0,0,0,0,0,0,0,0,0,0.0,0,,0,0,,0,0,0,0,0,0,0,0,0.0,0,0,0,0,0,64.0,64196.0,0,0,0,54,eth:ethertype:ip:tcp,,,,,,,,,,,0.0,Normal,0.0
1744303137287331,10.42.0.1,10.42.0.3,1883,54307,1,45,0,1,0,0,1,0,4,0,0,0,0,0.0,0,,0,2,,0,0,0,0,2,0,0,0,0.0,0x00,0,0,0,0,64.0,64196.0,0,0,0,58,eth:ethertype:ip:tcp:mqtt,,,,,,,,,,,0.0,Normal,0.0
1744303137324113,10.42.0.1,10.42.0.3,1883,54307,5,231,0,1,0,0,0,0,0,0,0,0,0,0.0,0,,0,0,,0,0,0,0,0,0,0,0,0.0,0,0,0,0,0,64.0,64010.0,0,0,0,54,eth:ethertype:ip:tcp,,,,,,,,,,,0.0,Normal,0.0
1744303137324170,10.42.0.1,10.42.0.3,1883,54307,5,231,0,1,1,0,0,0,0,0,0,0,0,0.0,0,,0,0,,0,0,0,0,0,0,0,0,0.0,0,0,0,0,0,64.0,64010.0,0,0,0,54,eth:ethertype:ip:tcp,,,,,,,,,,,0.0,Normal,0.0
1744303138308964,10.42.0.1,10.42.0.2,1883,49985,0,1,1,1,0,0,0,0,0,0,0,0,0,0.0,0,,0,0,,0,0,0,0,0,0,0,0,0.0,0,0,0,0,0,64.0,64240.0,0,0,0,58,eth:ethertype:ip:tcp,,,,,,,,,,,0.0,Normal,0.0
1744303138314961,10.42.0.1,10.42.0.2,1883,49985,1,4,0,1,0,0,0,0,0,0,0,0,0,0.0,0,,0,0,,0,0,0,0,0,0,0,0,0.0,0,0,0,0,0,64.0,64237.0,0,0,0,54,eth:ethertype:ip:tcp,,,,,,,,,,,0.0,Normal,0.0
1744303138318343,10.42.0.1,10.42.0.2,1883,49985,1,33,0,1,0,0,0,0,0,0,0,0,0,0.0,0,,0,0,,0,0,0,0,0,0,0,0,0.0,0,0,0,0,0,64.0,64208.0,0,0,0,54,eth:ethertype:ip:tcp,,,,,,,,,,,0.0,Normal,0.0
1744303138321426,10.42.0.1,10.42.0.2,1883,49985,1,45,0,1,0,0,0,0,0,0,0,0,0,0.0,0,,0,0,,0,0,0,0,0,0,0,0,0.0,0,0,0,0,0,64.0,64196.0,0,0,0,54,eth:ethertype:ip:tcp,,,,,,,,,,,0.0,Normal,0.0
1744303138321719,10.42.0.1,10.42.0.2,1883,49985,1,45,0,1,0,0,1,0,4,0,0,0,0,0.0,0,,0,2,,0,0,0,0,2,0,0,0,0.0,0x00,0,0,0,0,64.0,64196.0,0,0,0,58,eth:ethertype:ip:tcp:mqtt,,,,,,,,,,,0.0,Normal,0.0
1744303138371886,10.42.0.1,10.42.0.2,1883,49985,5,234,0,1,0,0,0,0,0,0,0,0,0,0.0,0,,0,0,,0,0,0,0,0,0,0,0,0.0,0,0,0,0,0,64.0,64007.0,0,0,0,54,eth:ethertype:ip:tcp,,,,,,,,,,,0.0,Normal,0.0
1744303138371927,10.42.0.1,10.42.0.2,1883,49985,5,234,0,1,1,0,0,0,0,0,0,0,0,0.0,0,,0,0,,0,0,0,0,0,0,0,0,0.0,0,0,0,0,0,64.0,64007.0,0,0,0,54,eth:ethertype:ip:tcp,,,,,,,,,,,0.0,Normal,0.0
1744303152340222,10.42.0.1,10.42.0.149,1883,54308,0,1,1,1,0,0,0,0,0,0,0,0,0,0.0,0,,0,0,,0,0,0,0,0,0,0,0,0.0,0,0,0,0,0,64.0,64240.0,0,0,0,58,eth:ethertype:ip:tcp,,,,,,,,,,,0.0,Normal,0.0
1744303152348811,10.42.0.1,10.42.0.149,1883,54308,1,4,0,1,0,0,0,0,0,0,0,0,0,0.0,0,,0,0,,0,0,0,0,0,0,0,0,0.0,0,0,0,0,0,64.0,64237.0,0,0,0,54,eth:ethertype:ip:tcp,,,,,,,,,,,0.0,Normal,0.0
1744303152351605,10.42.0.1,10.42.0.149,1883,54308,1,45,0,1,0,0,0,0,0,0,0,0,0,0.0,0,,0,0,,0,0,0,0,0,0,0,0,0.0,0,0,0,0,0,64.0,64196.0,0,0,0,54,eth:ethertype:ip:tcp,,,,,,,,,,,0.0,Normal,0.0
1744303152351921,10.42.0.1,10.42.0.149,1883,54308,1,45,0,1,0,0,1,0,4,0,0,0,0,0.0,0,,0,2,,0,0,0,0,2,0,0,0,0.0,0x00,0,0,0,0,64.0,64196.0,0,0,0,58,eth:ethertype:ip:tcp:mqtt,,,,,,,,,,,0.0,Normal,0.0
1744303152393388,10.42.0.1,10.42.0.149,1883,54308,5,231,0,1,0,0,0,0,0,0,0,0,0,0.0,0,,0,0,,0,0,0,0,0,0,0,0,0.0,0,0,0,0,0,64.0,64010.0,0,0,0,54,eth:ethertype:ip:tcp,,,,,,,,,,,0.0,Normal,0.0
1744303152393475,10.42.0.1,10.42.0.149,1883,54308,5,231,0,1,1,0,0,0,0,0,0,0,0,0.0,0,,0,0,,0,0,0,0,0,0,0,0,0.0,0,0,0,0,0,64.0,64010.0,0,0,0,54,eth:ethertype:ip:tcp,,,,,,,,,,,0.0,Normal,0.0
1744303153380977,10.42.0.1,10.42.0.139,1883,49986,0,1,1,1,0,0,0,0,0,0,0,0,0,0.0,0,,0,0,,0,0,0,0,0,0,0,0,0.0,0,0,0,0,0,64.0,64240.0,0,0,0,58,eth:ethertype:ip:tcp,,,,,,,,,,,0.0,Normal,0.0
1744303153387058,10.42.0.1,10.42.0.139,1883,49986,1,4,0,1,0,0,0,0,0,0,0,0,0,0.0,0,,0,0,,0,0,0,0,0,0,0,0,0.0,0,0,0,0,0,64.0,64237.0,0,0,0,54,eth:ethertype:ip:tcp,,,,,,,,,,,0.0,Normal,0.0
1744303153390971,10.42.0.1,10.42.0.139,1883,49986,1,33,0,1,0,0,0,0,0,0,0,0,0,0.0,0,,0,0,,0,0,0,0,0,0,0,0,0.0,0,0,0,0,0,64.0,64208.0,0,0,0,54,eth:ethertype:ip:tcp,,,,,,,,,,,0.0,Normal,0.0
1744303153394185,10.42.0.1,10.42.0.139,1883,49986,1,45,0,1,0,0,0,0,0,0,0,0,0,0.0,0,,0,0,,0,0,0,0,0,0,0,0,0.0,0,0,0,0,0,64.0,64196.0,0,0,0,54,eth:ethertype:ip:tcp,,,,,,,,,,,0.0,Normal,0.0
1744303153394506,10.42.0.1,10.42.0.139,1883,49986,1,45,0,1,0,0,1,0,4,0,0,0,0,0.0,0,,0,2,,0,0,0,0,2,0,0,0,0.0,0x00,0,0,0,0,64.0,64196.0,0,0,0,58,eth:ethertype:ip:tcp:mqtt,,,,,,,,,,,0.0,Normal,0.0
1744303153441939,10.42.0.1,10.42.0.139,1883,49986,5,234,0,1,0,0,0,0,0,0,0,0,0,0.0,0,,0,0,,0,0,0,0,0,0,0,0,0.0,0,0,0,0,0,64.0,64007.0,0,0,0,54,eth:ethertype:ip:tcp,,,,,,,,,,,0.0,Normal,0.0
1744303153441979,10.42.0.1,10.42.0.139,1883,49986,5,234,0,1,1,0,0,0,0,0,0,0,0,0.0,0,,0,0,,0,0,0,0,0,0,0,0,0.0,0,0,0,0,0,64.0,64007.0,0,0,0,54,eth:ethertype:ip:tcp,,,,,,,,,,,0.0,Normal,0.0
1744303167340222,10.42.0.1,10.42.0.3,1883,54308,0,1,1,1,0,0,0,0,0,0,0,0,0,0.0,0,,0,0,,0,0,0,0,0,0,0,0,0.0,0,0,0,0,0,64.0,64240.0,0,0,0,58,eth:ethertype:ip:tcp,,,,,,,,,,,0.0,Normal,0.0
1744303167348811,10.42.0.1,10.42.0.3,1883,54308,1,4,0,1,0,0,0,0,0,0,0,0,0,0.0,0,,0,0,,0,0,0,0,0,0,0,0,0.0,0,0,0,0,0,64.0,64237.0,0,0,0,54,eth:ethertype:ip:tcp,,,,,,,,,,,0.0,Normal,0.0
1744303167351605,10.42.0.1,10.42.0.3,1883,54308,1,45,0,1,0,0,0,0,0,0,0,0,0,0.0,0,,0,0,,0,0,0,0,0,0,0,0,0.0,0,0,0,0,0,64.0,64196.0,0,0,0,54,eth:ethertype:ip:tcp,,,,,,,,,,,0.0,Normal,0.0
1744303167351921,10.42.0.1,10.42.0.3,1883,54308,1,45,0,1,0,0,1,0,4,0,0,0,0,0.0,0,,0,2,,0,0,0,0,2,0,0,0,0.0,0x00,0,0,0,0,64.0,64196.0,0,0,0,58,eth:ethertype:ip:tcp:mqtt,,,,,,,,,,,0.0,Normal,0.0
1744303167393388,10.42.0.1,10.42.0.3,1883,54308,5,231,0,1,0,0,0,0,0,0,0,0,0,0.0,0,,0,0,,0,0,0,0,0,0,0,0,0.0,0,0,0,0,0,64.0,64010.0,0,0,0,54,eth:ethertype:ip:tcp,,,,,,,,,,,0.0,Normal,0.0
1744303167393475,10.42.0.1,10.42.0.3,1883,54308,5,231,0,1,1,0,0,0,0,0,0,0,0,0.0,0,,0,0,,0,0,0,0,0,0,0,0,0.0,0,0,0,0,0,64.0,64010.0,0,0,0,54,eth:ethertype:ip:tcp,,,,,,,,,,,0.0,Normal,0.0
1744303168380977,10.42.0.1,10.42.0.2,1883,49986,0,1,1,1,0,0,0,0,0,0,0,0,0,0.0,0,,0,0,,0,0,0,0,0,0,0,0,0.0,0,0,0,0,0,64.0,64240.0,0,0,0,58,eth:ethertype:ip:tcp,,,,,,,,,,,0.0,Normal,0.0
1744303168387058,10.42.0.1,10.42.0.2,1883,49986,1,4,0,1,0,0,0,0,0,0,0,0,0,0.0,0,,0,0,,0,0,0,0,0,0,0,0,0.0,0,0,0,0,0,64.0,64237.0,0,0,0,54,eth:ethertype:ip:tcp,,,,,,,,,,,0.0,Normal,0.0
1744303168390971,10.42.0.1,10.42.0.2,1883,49986,1,33,0,1,0,0,0,0,0,0,0,0,0,0.0,0,,0,0,,0,0,0,0,0,0,0,0,0.0,0,0,0,0,0,64.0,64208.0,0,0,0,54,eth:ethertype:ip:tcp,,,,,,,,,,,0.0,Normal,0.0
1744303168394185,10.42.0.1,10.42.0.2,1883,49986,1,45,0,1,0,0,0,0,0,0,0,0,0,0.0,0,,0,0,,0,0,0,0,0,0,0,0,0.0,0,0,0,0,0,64.0,64196.0,0,0,0,54,eth:ethertype:ip:tcp,,,,,,,,,,,0.0,Normal,0.0
1744303168394506,10.42.0.1,10.42.0.2,1883,49986,1,45,0,1,0,0,1,0,4,0,0,0,0,0.0,0,,0,2,,0,0,0,0,2,0,0,0,0.0,0x00,0,0,0,0,64.0,64196.0,0,0,0,58,eth:ethertype:ip:tcp:mqtt,,,,,,,,,,,0.0,Normal,0.0
1744303168441939,10.42.0.1,10.42.0.2,1883,49986,5,234,0,1,0,0,0,0,0,0,0,0,0,0.0,0,,0,0,,0,0,0,0,0,0,0,0,0.0,0,0,0,0,0,64.0,64007.0,0,0,0,54,eth:ethertype:ip:tcp,,,,,,,,,,,0.0,Normal,0.0
1744303168441979,10.42.0.1,10.42.0.2,1883,49986,5,234,0,1,1,0,0,0,0,0,0,0,0,0.0,0,,0,0,,0,0,0,0,0,0,0,0,0.0,0,0,0,0,0,64.0,64007.0,0,0,0,54,eth:ethertype:ip:tcp,,,,,,,,,,,0.0,Normal,0.0
1744303182402447,10.42.0.1,10.42.0.149,1883,54309,0,1,1,1,0,0,0,0,0,0,0,0,0,0.0,0,,0,0,,0,0,0,0,0,0,0,0,0.0,0,0,0,0,0,64.0,64240.0,0,0,0,58,eth:ethertype:ip:tcp,,,,,,,,,,,0.0,Normal,0.0
1744303182410654,10.42.0.1,10.42.0.149,1883,54309,1,4,0,1,0,0,0,0,0,0,0,0,0,0.0,0,,0,0,,0,0,0,0,0,0,0,0,0.0,0,0,0,0,0,64.0,64237.0,0,0,0,54,eth:ethertype:ip:tcp,,,,,,,,,,,0.0,Normal,0.0
1744303182420039,10.42.0.1,10.42.0.149,1883,54309,1,45,0,1,0,0,0,0,0,0,0,0,0,0.0,0,,0,0,,0,0,0,0,0,0,0,0,0.0,0,0,0,0,0,64.0,64196.0,0,0,0,54,eth:ethertype:ip:tcp,,,,,,,,,,,0.0,Normal,0.0
1744303182420354,10.42.0.1,10.42.0.149,1883,54309,1,45,0,1,0,0,1,0,4,0,0,0,0,0.0,0,,0,2,,0,0,0,0,2,0,0,0,0.0,0x00,0,0,0,0,64.0,64196.0,0,0,0,58,eth:ethertype:ip:tcp:mqtt,,,,,,,,,,,0.0,Normal,0.0
1744303182454547,10.42.0.1,10.42.0.149,1883,54309,5,231,0,1,0,0,0,0,0,0,0,0,0,0.0,0,,0,0,,0,0,0,0,0,0,0,0,0.0,0,0,0,0,0,64.0,64010.0,0,0,0,54,eth:ethertype:ip:tcp,,,,,,,,,,,0.0,Normal,0.0
1744303182454582,10.42.0.1,10.42.0.149,1883,54309,5,231,0,1,1,0,0,0,0,0,0,0,0,0.0,0,,0,0,,0,0,0,0,0,0,0,0,0.0,0,0,0,0,0,64.0,64010.0,0,0,0,54,eth:ethertype:ip:tcp,,,,,,,,,,,0.0,Normal,0.0
1744303183450337,10.42.0.1,10.42.0.139,1883,49987,0,1,1,1,0,0,0,0,0,0,0,0,0,0.0,0,,0,0,,0,0,0,0,0,0,0,0,0.0,0,0,0,0,0,64.0,64240.0,0,0,0,58,eth:ethertype:ip:tcp,,,,,,,,,,,0.0,Normal,0.0
1744303183456327,10.42.0.1,10.42.0.139,1883,49987,1,4,0,1,0,0,0,0,0,0,0,0,0,0.0,0,,0,0,,0,0,0,0,0,0,0,0,0.0,0,0,0,0,0,64.0,64237.0,0,0,0,54,eth:ethertype:ip:tcp,,,,,,,,,,,0.0,Normal,0.0
1744303183459725,10.42.0.1,10.42.0.139,1883,49987,1,33,0,1,0,0,0,0,0,0,0,0,0,0.0,0,,0,0,,0,0,0,0,0,0,0,0,0.0,0,0,0,0,0,64.0,64208.0,0,0,0,54,eth:ethertype:ip:tcp,,,,,,,,,,,0.0,Normal,0.0
1744303183463116,10.42.0.1,10.42.0.139,1883,49987,1,45,0,1,0,0,0,0,0,0,0,0,0,0.0,0,,0,0,,0,0,0,0,0,0,0,0,0.0,0,0,0,0,0,64.0,64196.0,0,0,0,54,eth:ethertype:ip:tcp,,,,,,,,,,,0.0,Normal,0.0
1744303183463519,10.42.0.1,10.42.0.139,1883,49987,1,45,0,1,0,0,1,0,4,0,0,0,0,0.0,0,,0,2,,0,0,0,0,2,0,0,0,0.0,0x00,0,0,0,0,64.0,64196.0,0,0,0,58,eth:ethertype:ip:tcp:mqtt,,,,,,,,,,,0.0,Normal,0.0
1744303183510956,10.42.0.1,10.42.0.139,1883,49987,5,234,0,1,0,0,0,0,0,0,0,0,0,0.0,0,,0,0,,0,0,0,0,0,0,0,0,0.0,0,0,0,0,0,64.0,64007.0,0,0,0,54,eth:ethertype:ip:tcp,,,,,,,,,,,0.0,Normal,0.0
1744303183510994,10.42.0.1,10.42.0.139,1883,49987,5,234,0,1,1,0,0,0,0,0,0,0,0,0.0,0,,0,0,,0,0,0,0,0,0,0,0,0.0,0,0,0,0,0,64.0,64007.0,0,0,0,54,eth:ethertype:ip:tcp,,,,,,,,,,,0.0,Normal,0.0
1744303197402447,10.42.0.1,10.42.0.3,1883,54309,0,1,1,1,0,0,0,0,0,0,0,0,0,0.0,0,,0,0,,0,0,0,0,0,0,0,0,0.0,0,0,0,0,0,64.0,64240.0,0,0,0,58,eth:ethertype:ip:tcp,,,,,,,,,,,0.0,Normal,0.0
1744303197410654,10.42.0.1,10.42.0.3,1883,54309,1,4,0,1,0,0,0,0,0,0,0,0,0,0.0,0,,0,0,,0,0,0,0,0,0,0,0,0.0,0,0,0,0,0,64.0,64237.0,0,0,0,54,eth:ethertype:ip:tcp,,,,,,,,,,,0.0,Normal,0.0
1744303197420039,10.42.0.1,10.42.0.3,1883,54309,1,45,0,1,0,0,0,0,0,0,0,0,0,0.0,0,,0,0,,0,0,0,0,0,0,0,0,0.0,0,0,0,0,0,64.0,64196.0,0,0,0,54,eth:ethertype:ip:tcp,,,,,,,,,,,0.0,Normal,0.0
1744303197420354,10.42.0.1,10.42.0.3,1883,54309,1,45,0,1,0,0,1,0,4,0,0,0,0,0.0,0,,0,2,,0,0,0,0,2,0,0,0,0.0,0x00,0,0,0,0,64.0,64196.0,0,0,0,58,eth:ethertype:ip:tcp:mqtt,,,,,,,,,,,0.0,Normal,0.0
1744303197454547,10.42.0.1,10.42.0.3,1883,54309,5,231,0,1,0,0,0,0,0,0,0,0,0,0.0,0,,0,0,,0,0,0,0,0,0,0,0,0.0,0,0,0,0,0,64.0,64010.0,0,0,0,54,eth:ethertype:ip:tcp,,,,,,,,,,,0.0,Normal,0.0
1744303197454582,10.42.0.1,10.42.0.3,1883,54309,5,231,0,1,1,0,0,0,0,0,0,0,0,0.0,0,,0,0,,0,0,0,0,0,0,0,0,0.0,0,0,0,0,0,64.0,64010.0,0,0,0,54,eth:ethertype:ip:tcp,,,,,,,,,,,0.0,Normal,0.0
1744303198450337,10.42.0.1,10.42.0.2,1883,49987,0,1,1,1,0,0,0,0,0,0,0,0,0,0.0,0,,0,0,,0,0,0,0,0,0,0,0,0.0,0,0,0,0,0,64.0,64240.0,0,0,0,58,eth:ethertype:ip:tcp,,,,,,,,,,,0.0,Normal,0.0
1744303198456327,10.42.0.1,10.42.0.2,1883,49987,1,4,0,1,0,0,0,0,0,0,0,0,0,0.0,0,,0,0,,0,0,0,0,0,0,0,0,0.0,0,0,0,0,0,64.0,64237.0,0,0,0,54,eth:ethertype:ip:tcp,,,,,,,,,,,0.0,Normal,0.0
1744303198459725,10.42.0.1,10.42.0.2,1883,49987,1,33,0,1,0,0,0,0,0,0,0,0,0,0.0,0,,0,0,,0,0,0,0,0,0,0,0,0.0,0,0,0,0,0,64.0,64208.0,0,0,0,54,eth:ethertype:ip:tcp,,,,,,,,,,,0.0,Normal,0.0
1744303198463116,10.42.0.1,10.42.0.2,1883,49987,1,45,0,1,0,0,0,0,0,0,0,0,0,0.0,0,,0,0,,0,0,0,0,0,0,0,0,0.0,0,0,0,0,0,64.0,64196.0,0,0,0,54,eth:ethertype:ip:tcp,,,,,,,,,,,0.0,Normal,0.0
1744303198463519,10.42.0.1,10.42.0.2,1883,49987,1,45,0,1,0,0,1,0,4,0,0,0,0,0.0,0,,0,2,,0,0,0,0,2,0,0,0,0.0,0x00,0,0,0,0,64.0,64196.0,0,0,0,58,eth:ethertype:ip:tcp:mqtt,,,,,,,,,,,0.0,Normal,0.0
1744303198510956,10.42.0.1,10.42.0.2,1883,49987,5,234,0,1,0,0,0,0,0,0,0,0,0,0.0,0,,0,0,,0,0,0,0,0,0,0,0,0.0,0,0,0,0,0,64.0,64007.0,0,0,0,54,eth:ethertype:ip:tcp,,,,,,,,,,,0.0,Normal,0.0
1744303198510994,10.42.0.1,10.42.0.2,1883,49987,5,234,0,1,1,0,0,0,0,0,0,0,0,0.0,0,,0,0,,0,0,0,0,0,0,0,0,0.0,0,0,0,0,0,64.0,64007.0,0,0,0,54,eth:ethertype:ip:tcp,,,,,,,,,,,0.0,Normal,0.0
1744303212470146,10.42.0.1,10.42.0.149,1883,54310,0,1,1,1,0,0,0,0,0,0,0,0,0,0.0,0,,0,0,,0,0,0,0,0,0,0,0,0.0,0,0,0,0,0,64.0,64240.0,0,0,0,58,eth:ethertype:ip:tcp,,,,,,,,,,,0.0,Normal,0.0
1744303212479708,10.42.0.1,10.42.0.149,1883,54310,1,4,0,1,0,0,0,0,0,0,0,0,0,0.0,0,,0,0,,0,0,0,0,0,0,0,0,0.0,0,0,0,0,0,64.0,64237.0,0,0,0,54,eth:ethertype:ip:tcp,,,,,,,,,,,0.0,Normal,0.0
1744303212482733,10.42.0.1,10.42.0.149,1883,54310,1,45,0,1,0,0,0,0,0,0,0,0,0,0.0,0,,0,0,,0,0,0,0,0,0,0,0,0.0,0,0,0,0,0,64.0,64196.0,0,0,0,54,eth:ethertype:ip:tcp,,,,,,,,,,,0.0,Normal,0.0
1744303212483074,10.42.0.1,10.42.0.149,1883,54310,1,45,0,1,0,0,1,0,4,0,0,0,0,0.0,0,,0,2,,0,0,0,0,2,0,0,0,0.0,0x00,0,0,0,0,64.0,64196.0,0,0,0,58,eth:ethertype:ip:tcp:mqtt,,,,,,,,,,,0.0,Normal,0.0
1744303212522141,10.42.0.1,10.42.0.149,1883,54310,5,231,0,1,0,0,0,0,0,0,0,0,0,0.0,0,,0,0,,0,0,0,0,0,0,0,0,0.0,0,0,0,0,0,64.0,64010.0,0,0,0,54,eth:ethertype:ip:tcp,,,,,,,,,,,0.0,Normal,0.0
1744303212522175,10.42.0.1,10.42.0.149,1883,54310,5,231,0,1,1,0,0,0,0,0,0,0,0,0.0,0,,0,0,,0,0,0,0,0,0,0,0,0.0,0,0,0,0,0,64.0,64010.0,0,0,0,54,eth:ethertype:ip:tcp,,,,,,,,,,,0.0,Normal,0.0
1744303213519457,10.42.0.1,10.42.0.139,1883,49988,0,1,1,1,0,0,0,0,0,0,0,0,0,0.0,0,,0,0,,0,0,0,0,0,0,0,0,0.0,0,0,0,0,0,64.0,64240.0,0,0,0,58,eth:ethertype:ip:tcp,,,,,,,,,,,0.0,Normal,0.0
1744303213525547,10.42.0.1,10.42.0.139,1883,49988,1,4,0,1,0,0,0,0,0,0,0,0,0,0.0,0,,0,0,,0,0,0,0,0,0,0,0,0.0,0,0,0,0,0,64.0,64237.0,0,0,0,54,eth:ethertype:ip:tcp,,,,,,,,,,,0.0,Normal,0.0
1744303213528947,10.42.0.1,10.42.0.139,1883,49988,1,33,0,1,0,0,0,0,0,0,0,0,0,0.0,0,,0,0,,0,0,0,0,0,0,0,0,0.0,0,0,0,0,0,64.0,64208.0,0,0,0,54,eth:ethertype:ip:tcp,,,,,,,,,,,0.0,Normal,0.0
1744303213532752,10.42.0.1,10.42.0.139,1883,49988,1,45,0,1,0,0,0,0,0,0,0,0,0,0.0,0,,0,0,,0,0,0,0,0,0,0,0,0.0,0,0,0,0,0,64.0,64196.0,0,0,0,54,eth:ethertype:ip:tcp,,,,,,,,,,,0.0,Normal,0.0
1744303213533097,10.42.0.1,10.42.0.139,1883,49988,1,45,0,1,0,0,1,0,4,0,0,0,0,0.0,0,,0,2,,0,0,0,0,2,0,0,0,0.0,0x00,0,0,0,0,64.0,64196.0,0,0,0,58,eth:ethertype:ip:tcp:mqtt,,,,,,,,,,,0.0,Normal,0.0
1744303213580039,10.42.0.1,10.42.0.139,1883,49988,5,234,0,1,0,0,0,0,0,0,0,0,0,0.0,0,,0,0,,0,0,0,0,0,0,0,0,0.0,0,0,0,0,0,64.0,64007.0,0,0,0,54,eth:ethertype:ip:tcp,,,,,,,,,,,0.0,Normal,0.0
1744303213580077,10.42.0.1,10.42.0.139,1883,49988,5,234,0,1,1,0,0,0,0,0,0,0,0,0.0,0,,0,0,,0,0,0,0,0,0,0,0,0.0,0,0,0,0,0,64.0,64007.0,0,0,0,54,eth:ethertype:ip:tcp,,,,,,,,,,,0.0,Normal,0.0
1744303227470146,10.42.0.1,10.42.0.3,1883,54310,0,1,1,1,0,0,0,0,0,0,0,0,0,0.0,0,,0,0,,0,0,0,0,0,0,0,0,0.0,0,0,0,0,0,64.0,64240.0,0,0,0,58,eth:ethertype:ip:tcp,,,,,,,,,,,0.0,Normal,0.0
1744303227479708,10.42.0.1,10.42.0.3,1883,54310,1,4,0,1,0,0,0,0,0,0,0,0,0,0.0,0,,0,0,,0,0,0,0,0,0,0,0,0.0,0,0,0,0,0,64.0,64237.0,0,0,0,54,eth:ethertype:ip:tcp,,,,,,,,,,,0.0,Normal,0.0
1744303227482733,10.42.0.1,10.42.0.3,1883,54310,1,45,0,1,0,0,0,0,0,0,0,0,0,0.0,0,,0,0,,0,0,0,0,0,0,0,0,0.0,0,0,0,0,0,64.0,64196.0,0,0,0,54,eth:ethertype:ip:tcp,,,,,,,,,,,0.0,Normal,0.0
1744303227483074,10.42.0.1,10.42.0.3,1883,54310,1,45,0,1,0,0,1,0,4,0,0,0,0,0.0,0,,0,2,,0,0,0,0,2,0,0,0,0.0,0x00,0,0,0,0,64.0,64196.0,0,0,0,58,eth:ethertype:ip:tcp:mqtt,,,,,,,,,,,0.0,Normal,0.0
1744303227522141,10.42.0.1,10.42.0.3,1883,54310,5,231,0,1,0,0,0,0,0,0,0,0,0,0.0,0,,0,0,,0,0,0,0,0,0,0,0,0.0,0,0,0,0,0,64.0,64010.0,0,0,0,54,eth:ethertype:ip:tcp,,,,,,,,,,,0.0,Normal,0.0
1744303227522175,10.42.0.1,10.42.0.3,1883,54310,5,231,0,1,1,0,0,0,0,0,0,0,0,0.0,0,,0,0,,0,0,0,0,0,0,0,0,0.0,0,0,0,0,0,64.0,64010.0,0,0,0,54,eth:ethertype:ip:tcp,,,,,,,,,,,0.0,Normal,0.0
1744303228519457,10.42.0.1,10.42.0.2,1883,49988,0,1,1,1,0,0,0,0,0,0,0,0,0,0.0,0,,0,0,,0,0,0,0,0,0,0,0,0.0,0,0,0,0,0,64.0,64240.0,0,0,0,58,eth:ethertype:ip:tcp,,,,,,,,,,,0.0,Normal,0.0
1744303228525547,10.42.0.1,10.42.0.2,1883,49988,1,4,0,1,0,0,0,0,0,0,0,0,0,0.0,0,,0,0,,0,0,0,0,0,0,0,0,0.0,0,0,0,0,0,64.0,64237.0,0,0,0,54,eth:ethertype:ip:tcp,,,,,,,,,,,0.0,Normal,0.0
1744303228528947,10.42.0.1,10.42.0.2,1883,49988,1,33,0,1,0,0,0,0,0,0,0,0,0,0.0,0,,0,0,,0,0,0,0,0,0,0,0,0.0,0,0,0,0,0,64.0,64208.0,0,0,0,54,eth:ethertype:ip:tcp,,,,,,,,,,,0.0,Normal,0.0
1744303228532752,10.42.0.1,10.42.0.2,1883,49988,1,45,0,1,0,0,0,0,0,0,0,0,0,0.0,0,,0,0,,0,0,0,0,0,0,0,0,0.0,0,0,0,0,0,64.0,64196.0,0,0,0,54,eth:ethertype:ip:tcp,,,,,,,,,,,0.0,Normal,0.0
1744303228533097,10.42.0.1,10.42.0.2,1883,49988,1,45,0,1,0,0,1,0,4,0,0,0,0,0.0,0,,0,2,,0,0,0,0,2,0,0,0,0.0,0x00,0,0,0,0,64.0,64196.0,0,0,0,58,eth:ethertype:ip:tcp:mqtt,,,,,,,,,,,0.0,Normal,0.0
1744303228580039,10.42.0.1,10.42.0.2,1883,49988,5,234,0,1,0,0,0,0,0,0,0,0,0,0.0,0,,0,0,,0,0,0,0,0,0,0,0,0.0,0,0,0,0,0,64.0,64007.0,0,0,0,54,eth:ethertype:ip:tcp,,,,,,,,,,,0.0,Normal,0.0
1744303228580077,10.42.0.1,10.42.0.2,1883,49988,5,234,0,1,1,0,0,0,0,0,0,0,0,0.0,0,,0,0,,0,0,0,0,0,0,0,0,0.0,0,0,0,0,0,64.0,64007.0,0,0,0,54,eth:ethertype:ip:tcp,,,,,,,,,,,0.0,Normal,0.0
1744303242532079,10.42.0.1,10.42.0.149,1883,54311,0,1,1,1,0,0,0,0,0,0,0,0,0,0.0,0,,0,0,,0,0,0,0,0,0,0,0,0.0,0,0,0,0,0,64.0,64240.0,0,0,0,58,eth:ethertype:ip:tcp,,,,,,,,,,,0.0,Normal,0.0
1744303242538983,10.42.0.1,10.42.0.149,1883,54311,1,4,0,1,0,0,0,0,0,0,0,0,0,0.0,0,,0,0,,0,0,0,0,0,0,0,0,0.0,0,0,0,0,0,64.0,64237.0,0,0,0,54,eth:ethertype:ip:tcp,,,,,,,,,,,0.0,Normal,0.0
1744303242542376,10.42.0.1,10.42.0.149,1883,54311,1,33,0,1,0,0,0,0,0,0,0,0,0,0.0,0,,0,0,,0,0,0,0,0,0,0,0,0.0,0,0,0,0,0,64.0,64208.0,0,0,0,54,eth:ethertype:ip:tcp,,,,,,,,,,,0.0,Normal,0.0
1744303242546472,10.42.0.1,10.42.0.149,1883,54311,1,45,0,1,0,0,0,0,0,0,0,0,0,0.0,0,,0,0,,0,0,0,0,0,0,0,0,0.0,0,0,0,0,0,64.0,64196.0,0,0,0,54,eth:ethertype:ip:tcp,,,,,,,,,,,0.0,Normal,0.0
1744303242546806,10.42.0.1,10.42.0.149,1883,54311,1,45,0,1,0,0,1,0,4,0,0,0,0,0.0,0,,0,2,,0,0,0,0,2,0,0,0,0.0,0x00,0,0,0,0,64.0,64196.0,0,0,0,58,eth:ethertype:ip:tcp:mqtt,,,,,,,,,,,0.0,Normal,0.0
1744303242581429,10.42.0.1,10.42.0.149,1883,54311,5,231,0,1,0,0,0,0,0,0,0,0,0,0.0,0,,0,0,,0,0,0,0,0,0,0,0,0.0,0,0,0,0,0,64.0,64010.0,0,0,0,54,eth:ethertype:ip:tcp,,,,,,,,,,,0.0,Normal,0.0
1744303242581461,10.42.0.1,10.42.0.149,1883,54311,5,231,0,1,1,0,0,0,0,0,0,0,0,0.0,0,,0,0,,0,0,0,0,0,0,0,0,0.0,0,0,0,0,0,64.0,64010.0,0,0,0,54,eth:ethertype:ip:tcp,,,,,,,,,,,0.0,Normal,0.0
1744303243588688,10.42.0.1,10.42.0.139,1883,49989,0,1,1,1,0,0,0,0,0,0,0,0,0,0.0,0,,0,0,,0,0,0,0,0,0,0,0,0.0,0,0,0,0,0,64.0,64240.0,0,0,0,58,eth:ethertype:ip:tcp,,,,,,,,,,,0.0,Normal,0.0
1744303243594712,10.42.0.1,10.42.0.139,1883,49989,1,4,0,1,0,0,0,0,0,0,0,0,0,0.0,0,,0,0,,0,0,0,0,0,0,0,0,0.0,0,0,0,0,0,64.0,64237.0,0,0,0,54,eth:ethertype:ip:tcp,,,,,,,,,,,0.0,Normal,0.0
1744303243598149,10.42.0.1,10.42.0.139,1883,49989,1,33,0,1,0,0,0,0,0,0,0,0,0,0.0,0,,0,0,,0,0,0,0,0,0,0,0,0.0,0,0,0,0,0,64.0,64208.0,0,0,0,54,eth:ethertype:ip:tcp,,,,,,,,,,,0.0,Normal,0.0
1744303243601290,10.42.0.1,10.42.0.139,1883,49989,1,45,0,1,0,0,0,0,0,0,0,0,0,0.0,0,,0,0,,0,0,0,0,0,0,0,0,0.0,0,0,0,0,0,64.0,64196.0,0,0,0,54,eth:ethertype:ip:tcp,,,,,,,,,,,0.0,Normal,0.0
1744303243601633,10.42.0.1,10.42.0.139,1883,49989,1,45,0,1,0,0,1,0,4,0,0,0,0,0.0,0,,0,2,,0,0,0,0,2,0,0,0,0.0,0x00,0,0,0,0,64.0,64196.0,0,0,0,58,eth:ethertype:ip:tcp:mqtt,,,,,,,,,,,0.0,Normal,0.0
1744303243649156,10.42.0.1,10.42.0.139,1883,49989,5,234,0,1,0,0,0,0,0,0,0,0,0,0.0,0,,0,0,,0,0,0,0,0,0,0,0,0.0,0,0,0,0,0,64.0,64007.0,0,0,0,54,eth:ethertype:ip:tcp,,,,,,,,,,,0.0,Normal,0.0
1744303243649196,10.42.0.1,10.42.0.139,1883,49989,5,234,0,1,1,0,0,0,0,0,0,0,0,0.0,0,,0,0,,0,0,0,0,0,0,0,0,0.0,0,0,0,0,0,64.0,64007.0,0,0,0,54,eth:ethertype:ip:tcp,,,,,,,,,,,0.0,Normal,0.0
1744303257532079,10.42.0.1,10.42.0.3,1883,54311,0,1,1,1,0,0,0,0,0,0,0,0,0,0.0,0,,0,0,,0,0,0,0,0,0,0,0,0.0,0,0,0,0,0,64.0,64240.0,0,0,0,58,eth:ethertype:ip:tcp,,,,,,,,,,,0.0,Normal,0.0
1744303257538983,10.42.0.1,10.42.0.3,1883,54311,1,4,0,1,0,0,0,0,0,0,0,0,0,0.0,0,,0,0,,0,0,0,0,0,0,0,0,0.0,0,0,0,0,0,64.0,64237.0,0,0,0,54,eth:ethertype:ip:tcp,,,,,,,,,,,0.0,Normal,0.0
1744303257542376,10.42.0.1,10.42.0.3,1883,54311,1,33,0,1,0,0,0,0,0,0,0,0,0,0.0,0,,0,0,,0,0,0,0,0,0,0,0,0.0,0,0,0,0,0,64.0,64208.0,0,0,0,54,eth:ethertype:ip:tcp,,,,,,,,,,,0.0,Normal,0.0
1744303257546472,10.42.0.1,10.42.0.3,1883,54311,1,45,0,1,0,0,0,0,0,0,0,0,0,0.0,0,,0,0,,0,0,0,0,0,0,0,0,0.0,0,0,0,0,0,64.0,64196.0,0,0,0,54,eth:ethertype:ip:tcp,,,,,,,,,,,0.0,Normal,0.0
1744303257546806,10.42.0.1,10.42.0.3,1883,54311,1,45,0,1,0,0,1,0,4,0,0,0,0,0.0,0,,0,2,,0,0,0,0,2,0,0,0,0.0,0x00,0,0,0,0,64.0,64196.0,0,0,0,58,eth:ethertype:ip:tcp:mqtt,,,,,,,,,,,0.0,Normal,0.0
1744303257581429,10.42.0.1,10.42.0.3,1883,54311,5,231,0,1,0,0,0,0,0,0,0,0,0,0.0,0,,0,0,,0,0,0,0,0,0,0,0,0.0,0,0,0,0,0,64.0,64010.0,0,0,0,54,eth:ethertype:ip:tcp,,,,,,,,,,,0.0,Normal,0.0
1744303257581461,10.42.0.1,10.42.0.3,1883,54311,5,231,0,1,1,0,0,0,0,0,0,0,0,0.0,0,,0,0,,0,0,0,0,0,0,0,0,0.0,0,0,0,0,0,64.0,64010.0,0,0,0,54,eth:ethertype:ip:tcp,,,,,,,,,,,0.0,Normal,0.0
1744303258588688,10.42.0.1,10.42.0.2,1883,49989,0,1,1,1,0,0,0,0,0,0,0,0,0,0.0,0,,0,0,,0,0,0,0,0,0,0,0,0.0,0,0,0,0,0,64.0,64240.0,0,0,0,58,eth:ethertype:ip:tcp,,,,,,,,,,,0.0,Normal,0.0
1744303258594712,10.42.0.1,10.42.0.2,1883,49989,1,4,0,1,0,0,0,0,0,0,0,0,0,0.0,0,,0,0,,0,0,0,0,0,0,0,0,0.0,0,0,0,0,0,64.0,64237.0,0,0,0,54,eth:ethertype:ip:tcp,,,,,,,,,,,0.0,Normal,0.0
1744303258598149,10.42.0.1,10.42.0.2,1883,49989,1,33,0,1,0,0,0,0,0,0,0,0,0,0.0,0,,0,0,,0,0,0,0,0,0,0,0,0.0,0,0,0,0,0,64.0,64208.0,0,0,0,54,eth:ethertype:ip:tcp,,,,,,,,,,,0.0,Normal,0.0
1744303258601290,10.42.0.1,10.42.0.2,1883,49989,1,45,0,1,0,0,0,0,0,0,0,0,0,0.0,0,,0,0,,0,0,0,0,0,0,0,0,0.0,0,0,0,0,0,64.0,64196.0,0,0,0,54,eth:ethertype:ip:tcp,,,,,,,,,,,0.0,Normal,0.0
1744303258601633,10.42.0.1,10.42.0.2,1883,49989,1,45,0,1,0,0,1,0,4,0,0,0,0,0.0,0,,0,2,,0,0,0,0,2,0,0,0,0.0,0x00,0,0,0,0,64.0,64196.0,0,0,0,58,eth:ethertype:ip:tcp:mqtt,,,,,,,,,,,0.0,Normal,0.0
1744303258649156,10.42.0.1,10.42.0.2,1883,49989,5,234,0,1,0,0,0,0,0,0,0,0,0,0.0,0,,0,0,,0,0,0,0,0,0,0,0,0.0,0,0,0,0,0,64.0,64007.0,0,0,0,54,eth:ethertype:ip:tcp,,,,,,,,,,,0.0,Normal,0.0
1744303258649196,10.42.0.1,10.42.0.2,1883,49989,5,234,0,1,1,0,0,0,0,0,0,0,0,0.0,0,,0,0,,0,0,0,0,0,0,0,0,0.0,0,0,0,0,0,64.0,64007.0,0,0,0,54,eth:ethertype:ip:tcp,,,,,,,,,,,0.0,Normal,0.0
1744303272590449,10.42.0.1,10.42.0.149,1883,54312,0,1,1,1,0,0,0,0,0,0,0,0,0,0.0,0,,0,0,,0,0,0,0,0,0,0,0,0.0,0,0,0,0,0,64.0,64240.0,0,0,0,58,eth:ethertype:ip:tcp,,,,,,,,,,,0.0,Normal,0.0
1744303272596342,10.42.0.1,10.42.0.149,1883,54312,1,4,0,1,0,0,0,0,0,0,0,0,0,0.0,0,,0,0,,0,0,0,0,0,0,0,0,0.0,0,0,0,0,0,64.0,64237.0,0,0,0,54,eth:ethertype:ip:tcp,,,,,,,,,,,0.0,Normal,0.0
1744303272600039,10.42.0.1,10.42.0.149,1883,54312,1,33,0,1,0,0,0,0,0,0,0,0,0,0.0,0,,0,0,,0,0,0,0,0,0,0,0,0.0,0,0,0,0,0,64.0,64208.0,0,0,0,54,eth:ethertype:ip:tcp,,,,,,,,,,,0.0,Normal,0.0
1744303272603153,10.42.0.1,10.42.0.149,1883,54312,1,45,0,1,0,0,0,0,0,0,0,0,0,0.0,0,,0,0,,0,0,0,0,0,0,0,0,0.0,0,0,0,0,0,64.0,64196.0,0,0,0,54,eth:ethertype:ip:tcp,,,,,,,,,,,0.0,Normal,0.0
1744303272603530,10.42.0.1,10.42.0.149,1883,54312,1,45,0,1,0,0,1,0,4,0,0,0,0,0.0,0,,0,2,,0,0,0,0,2,0,0,0,0.0,0x00,0,0,0,0,64.0,64196.0,0,0,0,58,eth:ethertype:ip:tcp:mqtt,,,,,,,,,,,0.0,Normal,0.0
1744303272641696,10.42.0.1,10.42.0.149,1883,54312,5,231,0,1,0,0,0,0,0,0,0,0,0,0.0,0,,0,0,,0,0,0,0,0,0,0,0,0.0,0,0,0,0,0,64.0,64010.0,0,0,0,54,eth:ethertype:ip:tcp,,,,,,,,,,,0.0,Normal,0.0
1744303272641780,10.42.0.1,10.42.0.149,1883,54312,5,231,0,1,1,0,0,0,0,0,0,0,0,0.0,0,,0,0,,0,0,0,0,0,0,0,0,0.0,0,0,0,0,0,64.0,64010.0,0,0,0,54,eth:ethertype:ip:tcp,,,,,,,,,,,0.0,Normal,0.0
1744303273659180,10.42.0.1,10.42.0.139,1883,49990,0,1,1,1,0,0,0,0,0,0,0,0,0,0.0,0,,0,0,,0,0,0,0,0,0,0,0,0.0,0,0,0,0,0,64.0,64240.0,0,0,0,58,eth:ethertype:ip:tcp,,,,,,,,,,,0.0,Normal,0.0
1744303273665302,10.42.0.1,10.42.0.139,1883,49990,1,4,0,1,0,0,0,0,0,0,0,0,0,0.0,0,,0,0,,0,0,0,0,0,0,0,0,0.0,0,0,0,0,0,64.0,64237.0,0,0,0,54,eth:ethertype:ip:tcp,,,,,,,,,,,0.0,Normal,0.0
1744303273668634,10.42.0.1,10.42.0.139,1883,49990,1,33,0,1,0,0,0,0,0,0,0,0,0,0.0,0,,0,0,,0,0,0,0,0,0,0,0,0.0,0,0,0,0,0,64.0,64208.0,0,0,0,54,eth:ethertype:ip:tcp,,,,,,,,,,,0.0,Normal,0.0
1744303273671546,10.42.0.1,10.42.0.139,1883,49990,1,45,0,1,0,0,0,0,0,0,0,0,0,0.0,0,,0,0,,0,0,0,0,0,0,0,0,0.0,0,0,0,0,0,64.0,64196.0,0,0,0,54,eth:ethertype:ip:tcp,,,,,,,,,,,0.0,Normal,0.0
1744303273671839,10.42.0.1,10.42.0.139,1883,49990,1,45,0,1,0,0,1,0,4,0,0,0,0,0.0,0,,0,2,,0,0,0,0,2,0,0,0,0.0,0x00,0,0,0,0,64.0,64196.0,0,0,0,58,eth:ethertype:ip:tcp:mqtt,,,,,,,,,,,0.0,Normal,0.0
1744303273718411,10.42.0.1,10.42.0.139,1883,49990,5,234,0,1,0,0,0,0,0,0,0,0,0,0.0,0,,0,0,,0,0,0,0,0,0,0,0,0.0,0,0,0,0,0,64.0,64007.0,0,0,0,54,eth:ethertype:ip:tcp,,,,,,,,,,,0.0,Normal,0.0
1744303273718475,10.42.0.1,10.42.0.139,1883,49990,5,234,0,1,1,0,0,0,0,0,0,0,0,0.0,0,,0,0,,0,0,0,0,0,0,0,0,0.0,0,0,0,0,0,64.0,64007.0,0,0,0,54,eth:ethertype:ip:tcp,,,,,,,,,,,0.0,Normal,0.0
1744303287590449,10.42.0.1,10.42.0.3,1883,54312,0,1,1,1,0,0,0,0,0,0,0,0,0,0.0,0,,0,0,,0,0,0,0,0,0,0,0,0.0,0,0,0,0,0,64.0,64240.0,0,0,0,58,eth:ethertype:ip:tcp,,,,,,,,,,,0.0,Normal,0.0
1744303287596342,10.42.0.1,10.42.0.3,1883,54312,1,4,0,1,0,0,0,0,0,0,0,0,0,0.0,0,,0,0,,0,0,0,0,0,0,0,0,0.0,0,0,0,0,0,64.0,64237.0,0,0,0,54,eth:ethertype:ip:tcp,,,,,,,,,,,0.0,Normal,0.0
1744303287600039,10.42.0.1,10.42.0.3,1883,54312,1,33,0,1,0,0,0,0,0,0,0,0,0,0.0,0,,0,0,,0,0,0,0,0,0,0,0,0.0,0,0,0,0,0,64.0,64208.0,0,0,0,54,eth:ethertype:ip:tcp,,,,,,,,,,,0.0,Normal,0.0
1744303287603153,10.42.0.1,10.42.0.3,1883,54312,1,45,0,1,0,0,0,0,0,0,0,0,0,0.0,0,,0,0,,0,0,0,0,0,0,0,0,0.0,0,0,0,0,0,64.0,64196.0,0,0,0,54,eth:ethertype:ip:tcp,,,,,,,,,,,0.0,Normal,0.0
1744303287603530,10.42.0.1,10.42.0.3,1883,54312,1,45,0,1,0,0,1,0,4,0,0,0,0,0.0,0,,0,2,,0,0,0,0,2,0,0,0,0.0,0x00,0,0,0,0,64.0,64196.0,0,0,0,58,eth:ethertype:ip:tcp:mqtt,,,,,,,,,,,0.0,Normal,0.0
1744303287641696,10.42.0.1,10.42.0.3,1883,54312,5,231,0,1,0,0,0,0,0,0,0,0,0,0.0,0,,0,0,,0,0,0,0,0,0,0,0,0.0,0,0,0,0,0,64.0,64010.0,0,0,0,54,eth:ethertype:ip:tcp,,,,,,,,,,,0.0,Normal,0.0
1744303287641780,10.42.0.1,10.42.0.3,1883,54312,5,231,0,1,1,0,0,0,0,0,0,0,0,0.0,0,,0,0,,0,0,0,0,0,0,0,0,0.0,0,0,0,0,0,64.0,64010.0,0,0,0,54,eth:ethertype:ip:tcp,,,,,,,,,,,0.0,Normal,0.0
1744303288659180,10.42.0.1,10.42.0.2,1883,49990,0,1,1,1,0,0,0,0,0,0,0,0,0,0.0,0,,0,0,,0,0,0,0,0,0,0,0,0.0,0,0,0,0,0,64.0,64240.0,0,0,0,58,eth:ethertype:ip:tcp,,,,,,,,,,,0.0,Normal,0.0
1744303288665302,10.42.0.1,10.42.0.2,1883,49990,1,4,0,1,0,0,0,0,0,0,0,0,0,0.0,0,,0,0,,0,0,0,0,0,0,0,0,0.0,0,0,0,0,0,64.0,64237.0,0,0,0,54,eth:ethertype:ip:tcp,,,,,,,,,,,0.0,Normal,0.0
1744303288668634,10.42.0.1,10.42.0.2,1883,49990,1,33,0,1,0,0,0,0,0,0,0,0,0,0.0,0,,0,0,,0,0,0,0,0,0,0,0,0.0,0,0,0,0,0,64.0,64208.0,0,0,0,54,eth:ethertype:ip:tcp,,,,,,,,,,,0.0,Normal,0.0
1744303288671546,10.42.0.1,10.42.0.2,1883,49990,1,45,0,1,0,0,0,0,0,0,0,0,0,0.0,0,,0,0,,0,0,0,0,0,0,0,0,0.0,0,0,0,0,0,64.0,64196.0,0,0,0,54,eth:ethertype:ip:tcp,,,,,,,,,,,0.0,Normal,0.0
1744303288671839,10.42.0.1,10.42.0.2,1883,49990,1,45,0,1,0,0,1,0,4,0,0,0,0,0.0,0,,0,2,,0,0,0,0,2,0,0,0,0.0,0x00,0,0,0,0,64.0,64196.0,0,0,0,58,eth:ethertype:ip:tcp:mqtt,,,,,,,,,,,0.0,Normal,0.0
1744303288718411,10.42.0.1,10.42.0.2,1883,49990,5,234,0,1,0,0,0,0,0,0,0,0,0,0.0,0,,0,0,,0,0,0,0,0,0,0,0,0.0,0,0,0,0,0,64.0,64007.0,0,0,0,54,eth:ethertype:ip:tcp,,,,,,,,,,,0.0,Normal,0.0
1744303288718475,10.42.0.1,10.42.0.2,1883,49990,5,234,0,1,1,0,0,0,0,0,0,0,0,0.0,0,,0,0,,0,0,0,0,0,0,0,0,0.0,0,0,0,0,0,64.0,64007.0,0,0,0,54,eth:ethertype:ip:tcp,,,,,,,,,,,0.0,Normal,0.0
1744303302650130,10.42.0.1,10.42.0.149,1883,54313,0,1,1,1,0,0,0,0,0,0,0,0,0,0.0,0,,0,0,,0,0,0,0,0,0,0,0,0.0,0,0,0,0,0,64.0,64240.0,0,0,0,58,eth:ethertype:ip:tcp,,,,,,,,,,,0.0,Normal,0.0
1744303302656307,10.42.0.1,10.42.0.149,1883,54313,1,4,0,1,0,0,0,0,0,0,0,0,0,0.0,0,,0,0,,0,0,0,0,0,0,0,0,0.0,0,0,0,0,0,64.0,64237.0,0,0,0,54,eth:ethertype:ip:tcp,,,,,,,,,,,0.0,Normal,0.0
1744303302659689,10.42.0.1,10.42.0.149,1883,54313,1,33,0,1,0,0,0,0,0,0,0,0,0,0.0,0,,0,0,,0,0,0,0,0,0,0,0,0.0,0,0,0,0,0,64.0,64208.0,0,0,0,54,eth:ethertype:ip:tcp,,,,,,,,,,,0.0,Normal,0.0
1744303302662972,10.42.0.1,10.42.0.149,1883,54313,1,45,0,1,0,0,0,0,0,0,0,0,0,0.0,0,,0,0,,0,0,0,0,0,0,0,0,0.0,0,0,0,0,0,64.0,64196.0,0,0,0,54,eth:ethertype:ip:tcp,,,,,,,,,,,0.0,Normal,0.0
1744303302663355,10.42.0.1,10.42.0.149,1883,54313,1,45,0,1,0,0,1,0,4,0,0,0,0,0.0,0,,0,2,,0,0,0,0,2,0,0,0,0.0,0x00,0,0,0,0,64.0,64196.0,0,0,0,58,eth:ethertype:ip:tcp:mqtt,,,,,,,,,,,0.0,Normal,0.0
1744303302701025,10.42.0.1,10.42.0.149,1883,54313,5,231,0,1,0,0,0,0,0,0,0,0,0,0.0,0,,0,0,,0,0,0,0,0,0,0,0,0.0,0,0,0,0,0,64.0,64010.0,0,0,0,54,eth:ethertype:ip:tcp,,,,,,,,,,,0.0,Normal,0.0
1744303302701113,10.42.0.1,10.42.0.149,1883,54313,5,231,0,1,1,0,0,0,0,0,0,0,0,0.0,0,,0,0,,0,0,0,0,0,0,0,0,0.0,0,0,0,0,0,64.0,64010.0,0,0,0,54,eth:ethertype:ip:tcp,,,,,,,,,,,0.0,Normal,0.0
1744303303726547,10.42.0.1,10.42.0.139,1883,49991,0,1,1,1,0,0,0,0,0,0,0,0,0,0.0,0,,0,0,,0,0,0,0,0,0,0,0,0.0,0,0,0,0,0,64.0,64240.0,0,0,0,58,eth:ethertype:ip:tcp,,,,,,,,,,,0.0,Normal,0.0
1744303303732707,10.42.0.1,10.42.0.139,1883,49991,1,4,0,1,0,0,0,0,0,0,0,0,0,0.0,0,,0,0,,0,0,0,0,0,0,0,0,0.0,0,0,0,0,0,64.0,64237.0,0,0,0,54,eth:ethertype:ip:tcp,,,,,,,,,,,0.0,Normal,0.0
1744303303736156,10.42.0.1,10.42.0.139,1883,49991,1,33,0,1,0,0,0,0,0,0,0,0,0,0.0,0,,0,0,,0,0,0,0,0,0,0,0,0.0,0,0,0,0,0,64.0,64208.0,0,0,0,54,eth:ethertype:ip:tcp,,,,,,,,,,,0.0,Normal,0.0
1744303303745262,10.42.0.1,10.42.0.139,1883,49991,1,45,0,1,0,0,0,0,0,0,0,0,0,0.0,0,,0,0,,0,0,0,0,0,0,0,0,0.0,0,0,0,0,0,64.0,64196.0,0,0,0,54,eth:ethertype:ip:tcp,,,,,,,,,,,0.0,Normal,0.0
1744303303745641,10.42.0.1,10.42.0.139,1883,49991,1,45,0,1,0,0,1,0,4,0,0,0,0,0.0,0,,0,2,,0,0,0,0,2,0,0,0,0.0,0x00,0,0,0,0,64.0,64196.0,0,0,0,58,eth:ethertype:ip:tcp:mqtt,,,,,,,,,,,0.0,Normal,0.0
1744303303797760,10.42.0.1,10.42.0.139,1883,49991,5,234,0,1,0,0,0,0,0,0,0,0,0,0.0,0,,0,0,,0,0,0,0,0,0,0,0,0.0,0,0,0,0,0,64.0,64007.0,0,0,0,54,eth:ethertype:ip:tcp,,,,,,,,,,,0.0,Normal,0.0
1744303303797861,10.42.0.1,10.42.0.139,1883,49991,5,234,0,1,1,0,0,0,0,0,0,0,0,0.0,0,,0,0,,0,0,0,0,0,0,0,0,0.0,0,0,0,0,0,64.0,64007.0,0,0,0,54,eth:ethertype:ip:tcp,,,,,,,,,,,0.0,Normal,0.0
1744303317650130,10.42.0.1,10.42.0.3,1883,54313,0,1,1,1,0,0,0,0,0,0,0,0,0,0.0,0,,0,0,,0,0,0,0,0,0,0,0,0.0,0,0,0,0,0,64.0,64240.0,0,0,0,58,eth:ethertype:ip:tcp,,,,,,,,,,,0.0,Normal,0.0
1744303317656307,10.42.0.1,10.42.0.3,1883,54313,1,4,0,1,0,0,0,0,0,0,0,0,0,0.0,0,,0,0,,0,0,0,0,0,0,0,0,0.0,0,0,0,0,0,64.0,64237.0,0,0,0,54,eth:ethertype:ip:tcp,,,,,,,,,,,0.0,Normal,0.0
1744303317659689,10.42.0.1,10.42.0.3,1883,54313,1,33,0,1,0,0,0,0,0,0,0,0,0,0.0,0,,0,0,,0,0,0,0,0,0,0,0,0.0,0,0,0,0,0,64.0,64208.0,0,0,0,54,eth:ethertype:ip:tcp,,,,,,,,,,,0.0,Normal,0.0
1744303317662972,10.42.0.1,10.42.0.3,1883,54313,1,45,0,1,0,0,0,0,0,0,0,0,0,0.0,0,,0,0,,0,0,0,0,0,0,0,0,0.0,0,0,0,0,0,64.0,64196.0,0,0,0,54,eth:ethertype:ip:tcp,,,,,,,,,,,0.0,Normal,0.0
1744303317663355,10.42.0.1,10.42.0.3,1883,54313,1,45,0,1,0,0,1,0,4,0,0,0,0,0.0,0,,0,2,,0,0,0,0,2,0,0,0,0.0,0x00,0,0,0,0,64.0,64196.0,0,0,0,58,eth:ethertype:ip:tcp:mqtt,,,,,,,,,,,0.0,Normal,0.0
1744303317701025,10.42.0.1,10.42.0.3,1883,54313,5,231,0,1,0,0,0,0,0,0,0,0,0,0.0,0,,0,0,,0,0,0,0,0,0,0,0,0.0,0,0,0,0,0,64.0,64010.0,0,0,0,54,eth:ethertype:ip:tcp,,,,,,,,,,,0.0,Normal,0.0
1744303317701113,10.42.0.1,10.42.0.3,1883,54313,5,231,0,1,1,0,0,0,0,0,0,0,0,0.0,0,,0,0,,0,0,0,0,0,0,0,0,0.0,0,0,0,0,0,64.0,64010.0,0,0,0,54,eth:ethertype:ip:tcp,,,,,,,,,,,0.0,Normal,0.0
1744303318726547,10.42.0.1,10.42.0.2,1883,49991,0,1,1,1,0,0,0,0,0,0,0,0,0,0.0,0,,0,0,,0,0,0,0,0,0,0,0,0.0,0,0,0,0,0,64.0,64240.0,0,0,0,58,eth:ethertype:ip:tcp,,,,,,,,,,,0.0,Normal,0.0
1744303318732707,10.42.0.1,10.42.0.2,1883,49991,1,4,0,1,0,0,0,0,0,0,0,0,0,0.0,0,,0,0,,0,0,0,0,0,0,0,0,0.0,0,0,0,0,0,64.0,64237.0,0,0,0,54,eth:ethertype:ip:tcp,,,,,,,,,,,0.0,Normal,0.0
1744303318736156,10.42.0.1,10.42.0.2,1883,49991,1,33,0,1,0,0,0,0,0,0,0,0,0,0.0,0,,0,0,,0,0,0,0,0,0,0,0,0.0,0,0,0,0,0,64.0,64208.0,0,0,0,54,eth:ethertype:ip:tcp,,,,,,,,,,,0.0,Normal,0.0
1744303318745262,10.42.0.1,10.42.0.2,1883,49991,1,45,0,1,0,0,0,0,0,0,0,0,0,0.0,0,,0,0,,0,0,0,0,0,0,0,0,0.0,0,0,0,0,0,64.0,64196.0,0,0,0,54,eth:ethertype:ip:tcp,,,,,,,,,,,0.0,Normal,0.0
1744303318745641,10.42.0.1,10.42.0.2,1883,49991,1,45,0,1,0,0,1,0,4,0,0,0,0,0.0,0,,0,2,,0,0,0,0,2,0,0,0,0.0,0x00,0,0,0,0,64.0,64196.0,0,0,0,58,eth:ethertype:ip:tcp:mqtt,,,,,,,,,,,0.0,Normal,0.0
1744303318797760,10.42.0.1,10.42.0.2,1883,49991,5,234,0,1,0,0,0,0,0,0,0,0,0,0.0,0,,0,0,,0,0,0,0,0,0,0,0,0.0,0,0,0,0,0,64.0,64007.0,0,0,0,54,eth:ethertype:ip:tcp,,,,,,,,,,,0.0,Normal,0.0
1744303318797861,10.42.0.1,10.42.0.2,1883,49991,5,234,0,1,1,0,0,0,0,0,0,0,0,0.0,0,,0,0,,0,0,0,0,0,0,0,0,0.0,0,0,0,0,0,64.0,64007.0,0,0,0,54,eth:ethertype:ip:tcp,,,,,,,,,,,0.0,Normal,0.0
1744303332709500,10.42.0.1,10.42.0.149,1883,54314,0,1,1,1,0,0,0,0,0,0,0,0,0,0.0,0,,0,0,,0,0,0,0,0,0,0,0,0.0,0,0,0,0,0,64.0,64240.0,0,0,0,58,eth:ethertype:ip:tcp,,,,,,,,,,,0.0,Normal,0.0
1744303332715540,10.42.0.1,10.42.0.149,1883,54314,1,4,0,1,0,0,0,0,0,0,0,0,0,0.0,0,,0,0,,0,0,0,0,0,0,0,0,0.0,0,0,0,0,0,64.0,64237.0,0,0,0,54,eth:ethertype:ip:tcp,,,,,,,,,,,0.0,Normal,0.0
1744303332719026,10.42.0.1,10.42.0.149,1883,54314,1,33,0,1,0,0,0,0,0,0,0,0,0,0.0,0,,0,0,,0,0,0,0,0,0,0,0,0.0,0,0,0,0,0,64.0,64208.0,0,0,0,54,eth:ethertype:ip:tcp,,,,,,,,,,,0.0,Normal,0.0
1744303332722258,10.42.0.1,10.42.0.149,1883,54314,1,45,0,1,0,0,0,0,0,0,0,0,0,0.0,0,,0,0,,0,0,0,0,0,0,0,0,0.0,0,0,0,0,0,64.0,64196.0,0,0,0,54,eth:ethertype:ip:tcp,,,,,,,,,,,0.0,Normal,0.0
1744303332722658,10.42.0.1,10.42.0.149,1883,54314,1,45,0,1,0,0,1,0,4,0,0,0,0,0.0,0,,0,2,,0,0,0,0,2,0,0,0,0.0,0x00,0,0,0,0,64.0,64196.0,0,0,0,58,eth:ethertype:ip:tcp:mqtt,,,,,,,,,,,0.0,Normal,0.0
1744303332761324,10.42.0.1,10.42.0.149,1883,54314,5,231,0,1,0,0,0,0,0,0,0,0,0,0.0,0,,0,0,,0,0,0,0,0,0,0,0,0.0,0,0,0,0,0,64.0,64010.0,0,0,0,54,eth:ethertype:ip:tcp,,,,,,,,,,,0.0,Normal,0.0
1744303332761433,10.42.0.1,10.42.0.149,1883,54314,5,231,0,1,1,0,0,0,0,0,0,0,0,0.0,0,,0,0,,0,0,0,0,0,0,0,0,0.0,0,0,0,0,0,64.0,64010.0,0,0,0,54,eth:ethertype:ip:tcp,,,,,,,,,,,0.0,Normal,0.0
1744303333806711,10.42.0.1,10.42.0.139,1883,49992,0,1,1,1,0,0,0,0,0,0,0,0,0,0.0,0,,0,0,,0,0,0,0,0,0,0,0,0.0,0,0,0,0,0,64.0,64240.0,0,0,0,58,eth:ethertype:ip:tcp,,,,,,,,,,,0.0,Normal,0.0
1744303333812863,10.42.0.1,10.42.0.139,1883,49992,1,4,0,1,0,0,0,0,0,0,0,0,0,0.0,0,,0,0,,0,0,0,0,0,0,0,0,0.0,0,0,0,0,0,64.0,64237.0,0,0,0,54,eth:ethertype:ip:tcp,,,,,,,,,,,0.0,Normal,0.0
1744303333816293,10.42.0.1,10.42.0.139,1883,49992,1,33,0,1,0,0,0,0,0,0,0,0,0,0.0,0,,0,0,,0,0,0,0,0,0,0,0,0.0,0,0,0,0,0,64.0,64208.0,0,0,0,54,eth:ethertype:ip:tcp,,,,,,,,,,,0.0,Normal,0.0
1744303333819517,10.42.0.1,10.42.0.139,1883,49992,1,45,0,1,0,0,0,0,0,0,0,0,0,0.0,0,,0,0,,0,0,0,0,0,0,0,0,0.0,0,0,0,0,0,64.0,64196.0,0,0,0,54,eth:ethertype:ip:tcp,,,,,,,,,,,0.0,Normal,0.0
1744303333819763,10.42.0.1,10.42.0.139,1883,49992,1,45,0,1,0,0,1,0,4,0,0,0,0,0.0,0,,0,2,,0,0,0,0,2,0,0,0,0.0,0x00,0,0,0,0,64.0,64196.0,0,0,0,58,eth:ethertype:ip:tcp:mqtt,,,,,,,,,,,0.0,Normal,0.0
1744303333869333,10.42.0.1,10.42.0.139,1883,49992,5,234,0,1,0,0,0,0,0,0,0,0,0,0.0,0,,0,0,,0,0,0,0,0,0,0,0,0.0,0,0,0,0,0,64.0,64007.0,0,0,0,54,eth:ethertype:ip:tcp,,,,,,,,,,,0.0,Normal,0.0
1744303333869442,10.42.0.1,10.42.0.139,1883,49992,5,234,0,1,1,0,0,0,0,0,0,0,0,0.0,0,,0,0,,0,0,0,0,0,0,0,0,0.0,0,0,0,0,0,64.0,64007.0,0,0,0,54,eth:ethertype:ip:tcp,,,,,,,,,,,0.0,Normal,0.0
1744303347709500,10.42.0.1,10.42.0.3,1883,54314,0,1,1,1,0,0,0,0,0,0,0,0,0,0.0,0,,0,0,,0,0,0,0,0,0,0,0,0.0,0,0,0,0,0,64.0,64240.0,0,0,0,58,eth:ethertype:ip:tcp,,,,,,,,,,,0.0,Normal,0.0
1744303347715540,10.42.0.1,10.42.0.3,1883,54314,1,4,0,1,0,0,0,0,0,0,0,0,0,0.0,0,,0,0,,0,0,0,0,0,0,0,0,0.0,0,0,0,0,0,64.0,64237.0,0,0,0,54,eth:ethertype:ip:tcp,,,,,,,,,,,0.0,Normal,0.0
1744303347719026,10.42.0.1,10.42.0.3,1883,54314,1,33,0,1,0,0,0,0,0,0,0,0,0,0.0,0,,0,0,,0,0,0,0,0,0,0,0,0.0,0,0,0,0,0,64.0,64208.0,0,0,0,54,eth:ethertype:ip:tcp,,,,,,,,,,,0.0,Normal,0.0
1744303347722258,10.42.0.1,10.42.0.3,1883,54314,1,45,0,1,0,0,0,0,0,0,0,0,0,0.0,0,,0,0,,0,0,0,0,0,0,0,0,0.0,0,0,0,0,0,64.0,64196.0,0,0,0,54,eth:ethertype:ip:tcp,,,,,,,,,,,0.0,Normal,0.0
1744303347722658,10.42.0.1,10.42.0.3,1883,54314,1,45,0,1,0,0,1,0,4,0,0,0,0,0.0,0,,0,2,,0,0,0,0,2,0,0,0,0.0,0x00,0,0,0,0,64.0,64196.0,0,0,0,58,eth:ethertype:ip:tcp:mqtt,,,,,,,,,,,0.0,Normal,0.0
1744303347761324,10.42.0.1,10.42.0.3,1883,54314,5,231,0,1,0,0,0,0,0,0,0,0,0,0.0,0,,0,0,,0,0,0,0,0,0,0,0,0.0,0,0,0,0,0,64.0,64010.0,0,0,0,54,eth:ethertype:ip:tcp,,,,,,,,,,,0.0,Normal,0.0
1744303347761433,10.42.0.1,10.42.0.3,1883,54314,5,231,0,1,1,0,0,0,0,0,0,0,0,0.0,0,,0,0,,0,0,0,0,0,0,0,0,0.0,0,0,0,0,0,64.0,64010.0,0,0,0,54,eth:ethertype:ip:tcp,,,,,,,,,,,0.0,Normal,0.0
1744303348806711,10.42.0.1,10.42.0.2,1883,49992,0,1,1,1,0,0,0,0,0,0,0,0,0,0.0,0,,0,0,,0,0,0,0,0,0,0,0,0.0,0,0,0,0,0,64.0,64240.0,0,0,0,58,eth:ethertype:ip:tcp,,,,,,,,,,,0.0,Normal,0.0
1744303348812863,10.42.0.1,10.42.0.2,1883,49992,1,4,0,1,0,0,0,0,0,0,0,0,0,0.0,0,,0,0,,0,0,0,0,0,0,0,0,0.0,0,0,0,0,0,64.0,64237.0,0,0,0,54,eth:ethertype:ip:tcp,,,,,,,,,,,0.0,Normal,0.0
1744303348816293,10.42.0.1,10.42.0.2,1883,49992,1,33,0,1,0,0,0,0,0,0,0,0,0,0.0,0,,0,0,,0,0,0,0,0,0,0,0,0.0,0,0,0,0,0,64.0,64208.0,0,0,0,54,eth:ethertype:ip:tcp,,,,,,,,,,,0.0,Normal,0.0
1744303348819517,10.42.0.1,10.42.0.2,1883,49992,1,45,0,1,0,0,0,0,0,0,0,0,0,0.0,0,,0,0,,0,0,0,0,0,0,0,0,0.0,0,0,0,0,0,64.0,64196.0,0,0,0,54,eth:ethertype:ip:tcp,,,,,,,,,,,0.0,Normal,0.0
1744303348819763,10.42.0.1,10.42.0.2,1883,49992,1,45,0,1,0,0,1,0,4,0,0,0,0,0.0,0,,0,2,,0,0,0,0,2,0,0,0,0.0,0x00,0,0,0,0,64.0,64196.0,0,0,0,58,eth:ethertype:ip:tcp:mqtt,,,,,,,,,,,0.0,Normal,0.0
1744303348869333,10.42.0.1,10.42.0.2,1883,49992,5,234,0,1,0,0,0,0,0,0,0,0,0,0.0,0,,0,0,,0,0,0,0,0,0,0,0,0.0,0,0,0,0,0,64.0,64007.0,0,0,0,54,eth:ethertype:ip:tcp,,,,,,,,,,,0.0,Normal,0.0
1744303348869442,10.42.0.1,10.42.0.2,1883,49992,5,234,0,1,1,0,0,0,0,0,0,0,0,0.0,0,,0,0,,0,0,0,0,0,0,0,0,0.0,0,0,0,0,0,64.0,64007.0,0,0,0,54,eth:ethertype:ip:tcp,,,,,,,,,,,0.0,Normal,0.0
1744303362768729,10.42.0.1,10.42.0.149,1883,54315,0,1,1,1,0,0,0,0,0,0,0,0,0,0.0,0,,0,0,,0,0,0,0,0,0,0,0,0.0,0,0,0,0,0,64.0,64240.0,0,0,0,58,eth:ethertype:ip:tcp,,,,,,,,,,,0.0,Normal,0.0
1744303362774895,10.42.0.1,10.42.0.149,1883,54315,1,4,0,1,0,0,0,0,0,0,0,0,0,0.0,0,,0,0,,0,0,0,0,0,0,0,0,0.0,0,0,0,0,0,64.0,64237.0,0,0,0,54,eth:ethertype:ip:tcp,,,,,,,,,,,0.0,Normal,0.0
1744303362779705,10.42.0.1,10.42.0.149,1883,54315,1,45,0,1,0,0,0,0,0,0,0,0,0,0.0,0,,0,0,,0,0,0,0,0,0,0,0,0.0,0,0,0,0,0,64.0,64196.0,0,0,0,54,eth:ethertype:ip:tcp,,,,,,,,,,,0.0,Normal,0.0
1744303362780085,10.42.0.1,10.42.0.149,1883,54315,1,45,0,1,0,0,1,0,4,0,0,0,0,0.0,0,,0,2,,0,0,0,0,2,0,0,0,0.0,0x00,0,0,0,0,64.0,64196.0,0,0,0,58,eth:ethertype:ip:tcp:mqtt,,,,,,,,,,,0.0,Normal,0.0
1744303362819093,10.42.0.1,10.42.0.149,1883,54315,5,231,0,1,0,0,0,0,0,0,0,0,0,0.0,0,,0,0,,0,0,0,0,0,0,0,0,0.0,0,0,0,0,0,64.0,64010.0,0,0,0,54,eth:ethertype:ip:tcp,,,,,,,,,,,0.0,Normal,0.0
1744303362819127,10.42.0.1,10.42.0.149,1883,54315,5,231,0,1,1,0,0,0,0,0,0,0,0,0.0,0,,0,0,,0,0,0,0,0,0,0,0,0.0,0,0,0,0,0,64.0,64010.0,0,0,0,54,eth:ethertype:ip:tcp,,,,,,,,,,,0.0,Normal,0.0
1744303363876185,10.42.0.1,10.42.0.139,1883,49993,0,1,1,1,0,0,0,0,0,0,0,0,0,0.0,0,,0,0,,0,0,0,0,0,0,0,0,0.0,0,0,0,0,0,64.0,64240.0,0,0,0,58,eth:ethertype:ip:tcp,,,,,,,,,,,0.0,Normal,0.0
1744303363882299,10.42.0.1,10.42.0.139,1883,49993,1,4,0,1,0,0,0,0,0,0,0,0,0,0.0,0,,0,0,,0,0,0,0,0,0,0,0,0.0,0,0,0,0,0,64.0,64237.0,0,0,0,54,eth:ethertype:ip:tcp,,,,,,,,,,,0.0,Normal,0.0
1744303363885713,10.42.0.1,10.42.0.139,1883,49993,1,33,0,1,0,0,0,0,0,0,0,0,0,0.0,0,,0,0,,0,0,0,0,0,0,0,0,0.0,0,0,0,0,0,64.0,64208.0,0,0,0,54,eth:ethertype:ip:tcp,,,,,,,,,,,0.0,Normal,0.0
1744303363888973,10.42.0.1,10.42.0.139,1883,49993,1,45,0,1,0,0,0,0,0,0,0,0,0,0.0,0,,0,0,,0,0,0,0,0,0,0,0,0.0,0,0,0,0,0,64.0,64196.0,0,0,0,54,eth:ethertype:ip:tcp,,,,,,,,,,,0.0,Normal,0.0
1744303363889343,10.42.0.1,10.42.0.139,1883,49993,1,45,0,1,0,0,1,0,4,0,0,0,0,0.0,0,,0,2,,0,0,0,0,2,0,0,0,0.0,0x00,0,0,0,0,64.0,64196.0,0,0,0,58,eth:ethertype:ip:tcp:mqtt,,,,,,,,,,,0.0,Normal,0.0
1744303363936953,10.42.0.1,10.42.0.139,1883,49993,5,234,0,1,0,0,0,0,0,0,0,0,0,0.0,0,,0,0,,0,0,0,0,0,0,0,0,0.0,0,0,0,0,0,64.0,64007.0,0,0,0,54,eth:ethertype:ip:tcp,,,,,,,,,,,0.0,Normal,0.0
1744303363936994,10.42.0.1,10.42.0.139,1883,49993,5,234,0,1,1,0,0,0,0,0,0,0,0,0.0,0,,0,0,,0,0,0,0,0,0,0,0,0.0,0,0,0,0,0,64.0,64007.0,0,0,0,54,eth:ethertype:ip:tcp,,,,,,,,,,,0.0,Normal,0.0
1744303377768729,10.42.0.1,10.42.0.3,1883,54315,0,1,1,1,0,0,0,0,0,0,0,0,0,0.0,0,,0,0,,0,0,0,0,0,0,0,0,0.0,0,0,0,0,0,64.0,64240.0,0,0,0,58,eth:ethertype:ip:tcp,,,,,,,,,,,0.0,Normal,0.0
1744303377774895,10.42.0.1,10.42.0.3,1883,54315,1,4,0,1,0,0,0,0,0,0,0,0,0,0.0,0,,0,0,,0,0,0,0,0,0,0,0,0.0,0,0,0,0,0,64.0,64237.0,0,0,0,54,eth:ethertype:ip:tcp,,,,,,,,,,,0.0,Normal,0.0
1744303377779705,10.42.0.1,10.42.0.3,1883,54315,1,45,0,1,0,0,0,0,0,0,0,0,0,0.0,0,,0,0,,0,0,0,0,0,0,0,0,0.0,0,0,0,0,0,64.0,64196.0,0,0,0,54,eth:ethertype:ip:tcp,,,,,,,,,,,0.0,Normal,0.0
1744303377780085,10.42.0.1,10.42.0.3,1883,54315,1,45,0,1,0,0,1,0,4,0,0,0,0,0.0,0,,0,2,,0,0,0,0,2,0,0,0,0.0,0x00,0,0,0,0,64.0,64196.0,0,0,0,58,eth:ethertype:ip:tcp:mqtt,,,,,,,,,,,0.0,Normal,0.0
1744303377819093,10.42.0.1,10.42.0.3,1883,54315,5,231,0,1,0,0,0,0,0,0,0,0,0,0.0,0,,0,0,,0,0,0,0,0,0,0,0,0.0,0,0,0,0,0,64.0,64010.0,0,0,0,54,eth:ethertype:ip:tcp,,,,,,,,,,,0.0,Normal,0.0
1744303377819127,10.42.0.1,10.42.0.3,1883,54315,5,231,0,1,1,0,0,0,0,0,0,0,0,0.0,0,,0,0,,0,0,0,0,0,0,0,0,0.0,0,0,0,0,0,64.0,64010.0,0,0,0,54,eth:ethertype:ip:tcp,,,,,,,,,,,0.0,Normal,0.0
1744303378876185,10.42.0.1,10.42.0.2,1883,49993,0,1,1,1,0,0,0,0,0,0,0,0,0,0.0,0,,0,0,,0,0,0,0,0,0,0,0,0.0,0,0,0,0,0,64.0,64240.0,0,0,0,58,eth:ethertype:ip:tcp,,,,,,,,,,,0.0,Normal,0.0
1744303378882299,10.42.0.1,10.42.0.2,1883,49993,1,4,0,1,0,0,0,0,0,0,0,0,0,0.0,0,,0,0,,0,0,0,0,0,0,0,0,0.0,0,0,0,0,0,64.0,64237.0,0,0,0,54,eth:ethertype:ip:tcp,,,,,,,,,,,0.0,Normal,0.0
1744303378885713,10.42.0.1,10.42.0.2,1883,49993,1,33,0,1,0,0,0,0,0,0,0,0,0,0.0,0,,0,0,,0,0,0,0,0,0,0,0,0.0,0,0,0,0,0,64.0,64208.0,0,0,0,54,eth:ethertype:ip:tcp,,,,,,,,,,,0.0,Normal,0.0
1744303378888973,10.42.0.1,10.42.0.2,1883,49993,1,45,0,1,0,0,0,0,0,0,0,0,0,0.0,0,,0,0,,0,0,0,0,0,0,0,0,0.0,0,0,0,0,0,64.0,64196.0,0,0,0,54,eth:ethertype:ip:tcp,,,,,,,,,,,0.0,Normal,0.0
1744303378889343,10.42.0.1,10.42.0.2,1883,49993,1,45,0,1,0,0,1,0,4,0,0,0,0,0.0,0,,0,2,,0,0,0,0,2,0,0,0,0.0,0x00,0,0,0,0,64.0,64196.0,0,0,0,58,eth:ethertype:ip:tcp:mqtt,,,,,,,,,,,0.0,Normal,0.0
1744303378936953,10.42.0.1,10.42.0.2,1883,49993,5,234,0,1,0,0,0,0,0,0,0,0,0,0.0,0,,0,0,,0,0,0,0,0,0,0,0,0.0,0,0,0,0,0,64.0,64007.0,0,0,0,54,eth:ethertype:ip:tcp,,,,,,,,,,,0.0,Normal,0.0
1744303378936994,10.42.0.1,10.42.0.2,1883,49993,5,234,0,1,1,0,0,0,0,0,0,0,0,0.0,0,,0,0,,0,0,0,0,0,0,0,0,0.0,0,0,0,0,0,64.0,64007.0,0,0,0,54,eth:ethertype:ip:tcp,,,,,,,,,,,0.0,Normal,0.0
1744303392826965,10.42.0.1,10.42.0.149,1883,54316,0,1,1,1,0,0,0,0,0,0,0,0,0,0.0,0,,0,0,,0,0,0,0,0,0,0,0,0.0,0,0,0,0,0,64.0,64240.0,0,0,0,58,eth:ethertype:ip:tcp,,,,,,,,,,,0.0,Normal,0.0
1744303392833045,10.42.0.1,10.42.0.149,1883,54316,1,4,0,1,0,0,0,0,0,0,0,0,0,0.0,0,,0,0,,0,0,0,0,0,0,0,0,0.0,0,0,0,0,0,64.0,64237.0,0,0,0,54,eth:ethertype:ip:tcp,,,,,,,,,,,0.0,Normal,0.0
1744303392836516,10.42.0.1,10.42.0.149,1883,54316,1,33,0,1,0,0,0,0,0,0,0,0,0,0.0,0,,0,0,,0,0,0,0,0,0,0,0,0.0,0,0,0,0,0,64.0,64208.0,0,0,0,54,eth:ethertype:ip:tcp,,,,,,,,,,,0.0,Normal,0.0
1744303392839513,10.42.0.1,10.42.0.149,1883,54316,1,45,0,1,0,0,0,0,0,0,0,0,0,0.0,0,,0,0,,0,0,0,0,0,0,0,0,0.0,0,0,0,0,0,64.0,64196.0,0,0,0,54,eth:ethertype:ip:tcp,,,,,,,,,,,0.0,Normal,0.0
1744303392839862,10.42.0.1,10.42.0.149,1883,54316,1,45,0,1,0,0,1,0,4,0,0,0,0,0.0,0,,0,2,,0,0,0,0,2,0,0,0,0.0,0x00,0,0,0,0,64.0,64196.0,0,0,0,58,eth:ethertype:ip:tcp:mqtt,,,,,,,,,,,0.0,Normal,0.0
1744303392878262,10.42.0.1,10.42.0.149,1883,54316,5,231,0,1,0,0,0,0,0,0,0,0,0,0.0,0,,0,0,,0,0,0,0,0,0,0,0,0.0,0,0,0,0,0,64.0,64010.0,0,0,0,54,eth:ethertype:ip:tcp,,,,,,,,,,,0.0,Normal,0.0
1744303392878347,10.42.0.1,10.42.0.149,1883,54316,5,231,0,1,1,0,0,0,0,0,0,0,0,0.0,0,,0,0,,0,0,0,0,0,0,0,0,0.0,0,0,0,0,0,64.0,64010.0,0,0,0,54,eth:ethertype:ip:tcp,,,,,,,,,,,0.0,Normal,0.0
1744303393945583,10.42.0.1,10.42.0.139,1883,49994,0,1,1,1,0,0,0,0,0,0,0,0,0,0.0,0,,0,0,,0,0,0,0,0,0,0,0,0.0,0,0,0,0,0,64.0,64240.0,0,0,0,58,eth:ethertype:ip:tcp,,,,,,,,,,,0.0,Normal,0.0
1744303393951753,10.42.0.1,10.42.0.139,1883,49994,1,4,0,1,0,0,0,0,0,0,0,0,0,0.0,0,,0,0,,0,0,0,0,0,0,0,0,0.0,0,0,0,0,0,64.0,64237.0,0,0,0,54,eth:ethertype:ip:tcp,,,,,,,,,,,0.0,Normal,0.0
1744303393955179,10.42.0.1,10.42.0.139,1883,49994,1,33,0,1,0,0,0,0,0,0,0,0,0,0.0,0,,0,0,,0,0,0,0,0,0,0,0,0.0,0,0,0,0,0,64.0,64208.0,0,0,0,54,eth:ethertype:ip:tcp,,,,,,,,,,,0.0,Normal,0.0
1744303393958303,10.42.0.1,10.42.0.139,1883,49994,1,45,0,1,0,0,0,0,0,0,0,0,0,0.0,0,,0,0,,0,0,0,0,0,0,0,0,0.0,0,0,0,0,0,64.0,64196.0,0,0,0,54,eth:ethertype:ip:tcp,,,,,,,,,,,0.0,Normal,0.0
1744303393958657,10.42.0.1,10.42.0.139,1883,49994,1,45,0,1,0,0,1,0,4,0,0,0,0,0.0,0,,0,2,,0,0,0,0,2,0,0,0,0.0,0x00,0,0,0,0,64.0,64196.0,0,0,0,58,eth:ethertype:ip:tcp:mqtt,,,,,,,,,,,0.0,Normal,0.0
1744303394010642,10.42.0.1,10.42.0.139,1883,49994,5,234,0,1,0,0,0,0,0,0,0,0,0,0.0,0,,0,0,,0,0,0,0,0,0,0,0,0.0,0,0,0,0,0,64.0,64007.0,0,0,0,54,eth:ethertype:ip:tcp,,,,,,,,,,,0.0,Normal,0.0
1744303394010743,10.42.0.1,10.42.0.139,1883,49994,5,234,0,1,1,0,0,0,0,0,0,0,0,0.0,0,,0,0,,0,0,0,0,0,0,0,0,0.0,0,0,0,0,0,64.0,64007.0,0,0,0,54,eth:ethertype:ip:tcp,,,,,,,,,,,0.0,Normal,0.0
1744303407826965,10.42.0.1,10.42.0.3,1883,54316,0,1,1,1,0,0,0,0,0,0,0,0,0,0.0,0,,0,0,,0,0,0,0,0,0,0,0,0.0,0,0,0,0,0,64.0,64240.0,0,0,0,58,eth:ethertype:ip:tcp,,,,,,,,,,,0.0,Normal,0.0
1744303407833045,10.42.0.1,10.42.0.3,1883,54316,1,4,0,1,0,0,0,0,0,0,0,0,0,0.0,0,,0,0,,0,0,0,0,0,0,0,0,0.0,0,0,0,0,0,64.0,64237.0,0,0,0,54,eth:ethertype:ip:tcp,,,,,,,,,,,0.0,Normal,0.0
1744303407836516,10.42.0.1,10.42.0.3,1883,54316,1,33,0,1,0,0,0,0,0,0,0,0,0,0.0,0,,0,0,,0,0,0,0,0,0,0,0,0.0,0,0,0,0,0,64.0,64208.0,0,0,0,54,eth:ethertype:ip:tcp,,,,,,,,,,,0.0,Normal,0.0
1744303407839513,10.42.0.1,10.42.0.3,1883,54316,1,45,0,1,0,0,0,0,0,0,0,0,0,0.0,0,,0,0,,0,0,0,0,0,0,0,0,0.0,0,0,0,0,0,64.0,64196.0,0,0,0,54,eth:ethertype:ip:tcp,,,,,,,,,,,0.0,Normal,0.0
1744303407839862,10.42.0.1,10.42.0.3,1883,54316,1,45,0,1,0,0,1,0,4,0,0,0,0,0.0,0,,0,2,,0,0,0,0,2,0,0,0,0.0,0x00,0,0,0,0,64.0,64196.0,0,0,0,58,eth:ethertype:ip:tcp:mqtt,,,,,,,,,,,0.0,Normal,0.0
1744303407878262,10.42.0.1,10.42.0.3,1883,54316,5,231,0,1,0,0,0,0,0,0,0,0,0,0.0,0,,0,0,,0,0,0,0,0,0,0,0,0.0,0,0,0,0,0,64.0,64010.0,0,0,0,54,eth:ethertype:ip:tcp,,,,,,,,,,,0.0,Normal,0.0
1744303407878347,10.42.0.1,10.42.0.3,1883,54316,5,231,0,1,1,0,0,0,0,0,0,0,0,0.0,0,,0,0,,0,0,0,0,0,0,0,0,0.0,0,0,0,0,0,64.0,64010.0,0,0,0,54,eth:ethertype:ip:tcp,,,,,,,,,,,0.0,Normal,0.0
1744303408945583,10.42.0.1,10.42.0.2,1883,49994,0,1,1,1,0,0,0,0,0,0,0,0,0,0.0,0,,0,0,,0,0,0,0,0,0,0,0,0.0,0,0,0,0,0,64.0,64240.0,0,0,0,58,eth:ethertype:ip:tcp,,,,,,,,,,,0.0,Normal,0.0
1744303408951753,10.42.0.1,10.42.0.2,1883,49994,1,4,0,1,0,0,0,0,0,0,0,0,0,0.0,0,,0,0,,0,0,0,0,0,0,0,0,0.0,0,0,0,0,0,64.0,64237.0,0,0,0,54,eth:ethertype:ip:tcp,,,,,,,,,,,0.0,Normal,0.0
1744303408955179,10.42.0.1,10.42.0.2,1883,49994,1,33,0,1,0,0,0,0,0,0,0,0,0,0.0,0,,0,0,,0,0,0,0,0,0,0,0,0.0,0,0,0,0,0,64.0,64208.0,0,0,0,54,eth:ethertype:ip:tcp,,,,,,,,,,,0.0,Normal,0.0
1744303408958303,10.42.0.1,10.42.0.2,1883,49994,1,45,0,1,0,0,0,0,0,0,0,0,0,0.0,0,,0,0,,0,0,0,0,0,0,0,0,0.0,0,0,0,0,0,64.0,64196.0,0,0,0,54,eth:ethertype:ip:tcp,,,,,,,,,,,0.0,Normal,0.0
1744303408958657,10.42.0.1,10.42.0.2,1883,49994,1,45,0,1,0,0,1,0,4,0,0,0,0,0.0,0,,0,2,,0,0,0,0,2,0,0,0,0.0,0x00,0,0,0,0,64.0,64196.0,0,0,0,58,eth:ethertype:ip:tcp:mqtt,,,,,,,,,,,0.0,Normal,0.0
1744303409010642,10.42.0.1,10.42.0.2,1883,49994,5,234,0,1,0,0,0,0,0,0,0,0,0,0.0,0,,0,0,,0,0,0,0,0,0,0,0,0.0,0,0,0,0,0,64.0,64007.0,0,0,0,54,eth:ethertype:ip:tcp,,,,,,,,,,,0.0,Normal,0.0
1744303409010743,10.42.0.1,10.42.0.2,1883,49994,5,234,0,1,1,0,0,0,0,0,0,0,0,0.0,0,,0,0,,0,0,0,0,0,0,0,0,0.0,0,0,0,0,0,64.0,64007.0,0,0,0,54,eth:ethertype:ip:tcp,,,,,,,,,,,0.0,Normal,0.0
1744303422887443,10.42.0.1,10.42.0.149,1883,54317,0,1,1,1,0,0,0,0,0,0,0,0,0,0.0,0,,0,0,,0,0,0,0,0,0,0,0,0.0,0,0,0,0,0,64.0,64240.0,0,0,0,58,eth:ethertype:ip:tcp,,,,,,,,,,,0.0,Normal,0.0
1744303422893526,10.42.0.1,10.42.0.149,1883,54317,1,4,0,1,0,0,0,0,0,0,0,0,0,0.0,0,,0,0,,0,0,0,0,0,0,0,0,0.0,0,0,0,0,0,64.0,64237.0,0,0,0,54,eth:ethertype:ip:tcp,,,,,,,,,,,0.0,Normal,0.0
1744303422897975,10.42.0.1,10.42.0.149,1883,54317,1,33,0,1,0,0,0,0,0,0,0,0,0,0.0,0,,0,0,,0,0,0,0,0,0,0,0,0.0,0,0,0,0,0,64.0,64208.0,0,0,0,54,eth:ethertype:ip:tcp,,,,,,,,,,,0.0,Normal,0.0
1744303422900982,10.42.0.1,10.42.0.149,1883,54317,1,45,0,1,0,0,0,0,0,0,0,0,0,0.0,0,,0,0,,0,0,0,0,0,0,0,0,0.0,0,0,0,0,0,64.0,64196.0,0,0,0,54,eth:ethertype:ip:tcp,,,,,,,,,,,0.0,Normal,0.0
1744303422901289,10.42.0.1,10.42.0.149,1883,54317,1,45,0,1,0,0,1,0,4,0,0,0,0,0.0,0,,0,2,,0,0,0,0,2,0,0,0,0.0,0x00,0,0,0,0,64.0,64196.0,0,0,0,58,eth:ethertype:ip:tcp:mqtt,,,,,,,,,,,0.0,Normal,0.0
1744303422938099,10.42.0.1,10.42.0.149,1883,54317,5,231,0,1,0,0,0,0,0,0,0,0,0,0.0,0,,0,0,,0,0,0,0,0,0,0,0,0.0,0,0,0,0,0,64.0,64010.0,0,0,0,54,eth:ethertype:ip:tcp,,,,,,,,,,,0.0,Normal,0.0
1744303422938172,10.42.0.1,10.42.0.149,1883,54317,5,231,0,1,1,0,0,0,0,0,0,0,0,0.0,0,,0,0,,0,0,0,0,0,0,0,0,0.0,0,0,0,0,0,64.0,64010.0,0,0,0,54,eth:ethertype:ip:tcp,,,,,,,,,,,0.0,Normal,0.0
1744303424014563,10.42.0.1,10.42.0.139,1883,49995,0,1,1,1,0,0,0,0,0,0,0,0,0,0.0,0,,0,0,,0,0,0,0,0,0,0,0,0.0,0,0,0,0,0,64.0,64240.0,0,0,0,58,eth:ethertype:ip:tcp,,,,,,,,,,,0.0,Normal,0.0
1744303424020512,10.42.0.1,10.42.0.139,1883,49995,1,4,0,1,0,0,0,0,0,0,0,0,0,0.0,0,,0,0,,0,0,0,0,0,0,0,0,0.0,0,0,0,0,0,64.0,64237.0,0,0,0,54,eth:ethertype:ip:tcp,,,,,,,,,,,0.0,Normal,0.0
1744303424023991,10.42.0.1,10.42.0.139,1883,49995,1,33,0,1,0,0,0,0,0,0,0,0,0,0.0,0,,0,0,,0,0,0,0,0,0,0,0,0.0,0,0,0,0,0,64.0,64208.0,0,0,0,54,eth:ethertype:ip:tcp,,,,,,,,,,,0.0,Normal,0.0
1744303424027070,10.42.0.1,10.42.0.139,1883,49995,1,45,0,1,0,0,0,0,0,0,0,0,0,0.0,0,,0,0,,0,0,0,0,0,0,0,0,0.0,0,0,0,0,0,64.0,64196.0,0,0,0,54,eth:ethertype:ip:tcp,,,,,,,,,,,0.0,Normal,0.0
1744303424027495,10.42.0.1,10.42.0.139,1883,49995,1,45,0,1,0,0,1,0,4,0,0,0,0,0.0,0,,0,2,,0,0,0,0,2,0,0,0,0.0,0x00,0,0,0,0,64.0,64196.0,0,0,0,58,eth:ethertype:ip:tcp:mqtt,,,,,,,,,,,0.0,Normal,0.0
1744303424075075,10.42.0.1,10.42.0.139,1883,49995,5,234,0,1,0,0,0,0,0,0,0,0,0,0.0,0,,0,0,,0,0,0,0,0,0,0,0,0.0,0,0,0,0,0,64.0,64007.0,0,0,0,54,eth:ethertype:ip:tcp,,,,,,,,,,,0.0,Normal,0.0
1744303424075183,10.42.0.1,10.42.0.139,1883,49995,5,234,0,1,1,0,0,0,0,0,0,0,0,0.0,0,,0,0,,0,0,0,0,0,0,0,0,0.0,0,0,0,0,0,64.0,64007.0,0,0,0,54,eth:ethertype:ip:tcp,,,,,,,,,,,0.0,Normal,0.0
1744303437887443,10.42.0.1,10.42.0.3,1883,54317,0,1,1,1,0,0,0,0,0,0,0,0,0,0.0,0,,0,0,,0,0,0,0,0,0,0,0,0.0,0,0,0,0,0,64.0,64240.0,0,0,0,58,eth:ethertype:ip:tcp,,,,,,,,,,,0.0,Normal,0.0
1744303437893526,10.42.0.1,10.42.0.3,1883,54317,1,4,0,1,0,0,0,0,0,0,0,0,0,0.0,0,,0,0,,0,0,0,0,0,0,0,0,0.0,0,0,0,0,0,64.0,64237.0,0,0,0,54,eth:ethertype:ip:tcp,,,,,,,,,,,0.0,Normal,0.0
1744303437897975,10.42.0.1,10.42.0.3,1883,54317,1,33,0,1,0,0,0,0,0,0,0,0,0,0.0,0,,0,0,,0,0,0,0,0,0,0,0,0.0,0,0,0,0,0,64.0,64208.0,0,0,0,54,eth:ethertype:ip:tcp,,,,,,,,,,,0.0,Normal,0.0
1744303437900982,10.42.0.1,10.42.0.3,1883,54317,1,45,0,1,0,0,0,0,0,0,0,0,0,0.0,0,,0,0,,0,0,0,0,0,0,0,0,0.0,0,0,0,0,0,64.0,64196.0,0,0,0,54,eth:ethertype:ip:tcp,,,,,,,,,,,0.0,Normal,0.0
1744303437901289,10.42.0.1,10.42.0.3,1883,54317,1,45,0,1,0,0,1,0,4,0,0,0,0,0.0,0,,0,2,,0,0,0,0,2,0,0,0,0.0,0x00,0,0,0,0,64.0,64196.0,0,0,0,58,eth:ethertype:ip:tcp:mqtt,,,,,,,,,,,0.0,Normal,0.0
1744303437938099,10.42.0.1,10.42.0.3,1883,54317,5,231,0,1,0,0,0,0,0,0,0,0,0,0.0,0,,0,0,,0,0,0,0,0,0,0,0,0.0,0,0,0,0,0,64.0,64010.0,0,0,0,54,eth:ethertype:ip:tcp,,,,,,,,,,,0.0,Normal,0.0
1744303437938172,10.42.0.1,10.42.0.3,1883,54317,5,231,0,1,1,0,0,0,0,0,0,0,0,0.0,0,,0,0,,0,0,0,0,0,0,0,0,0.0,0,0,0,0,0,64.0,64010.0,0,0,0,54,eth:ethertype:ip:tcp,,,,,,,,,,,0.0,Normal,0.0
1744303439014563,10.42.0.1,10.42.0.2,1883,49995,0,1,1,1,0,0,0,0,0,0,0,0,0,0.0,0,,0,0,,0,0,0,0,0,0,0,0,0.0,0,0,0,0,0,64.0,64240.0,0,0,0,58,eth:ethertype:ip:tcp,,,,,,,,,,,0.0,Normal,0.0
1744303439020512,10.42.0.1,10.42.0.2,1883,49995,1,4,0,1,0,0,0,0,0,0,0,0,0,0.0,0,,0,0,,0,0,0,0,0,0,0,0,0.0,0,0,0,0,0,64.0,64237.0,0,0,0,54,eth:ethertype:ip:tcp,,,,,,,,,,,0.0,Normal,0.0
1744303439023991,10.42.0.1,10.42.0.2,1883,49995,1,33,0,1,0,0,0,0,0,0,0,0,0,0.0,0,,0,0,,0,0,0,0,0,0,0,0,0.0,0,0,0,0,0,64.0,64208.0,0,0,0,54,eth:ethertype:ip:tcp,,,,,,,,,,,0.0,Normal,0.0
1744303439027070,10.42.0.1,10.42.0.2,1883,49995,1,45,0,1,0,0,0,0,0,0,0,0,0,0.0,0,,0,0,,0,0,0,0,0,0,0,0,0.0,0,0,0,0,0,64.0,64196.0,0,0,0,54,eth:ethertype:ip:tcp,,,,,,,,,,,0.0,Normal,0.0
1744303439027495,10.42.0.1,10.42.0.2,1883,49995,1,45,0,1,0,0,1,0,4,0,0,0,0,0.0,0,,0,2,,0,0,0,0,2,0,0,0,0.0,0x00,0,0,0,0,64.0,64196.0,0,0,0,58,eth:ethertype:ip:tcp:mqtt,,,,,,,,,,,0.0,Normal,0.0
1744303439075075,10.42.0.1,10.42.0.2,1883,49995,5,234,0,1,0,0,0,0,0,0,0,0,0,0.0,0,,0,0,,0,0,0,0,0,0,0,0,0.0,0,0,0,0,0,64.0,64007.0,0,0,0,54,eth:ethertype:ip:tcp,,,,,,,,,,,0.0,Normal,0.0
1744303439075183,10.42.0.1,10.42.0.2,1883,49995,5,234,0,1,1,0,0,0,0,0,0,0,0,0.0,0,,0,0,,0,0,0,0,0,0,0,0,0.0,0,0,0,0,0,64.0,64007.0,0,0,0,54,eth:ethertype:ip:tcp,,,,,,,,,,,0.0,Normal,0.0
1744303452948647,10.42.0.1,10.42.0.149,1883,54318,0,1,1,1,0,0,0,0,0,0,0,0,0,0.0,0,,0,0,,0,0,0,0,0,0,0,0,0.0,0,0,0,0,0,64.0,64240.0,0,0,0,58,eth:ethertype:ip:tcp,,,,,,,,,,,0.0,Normal,0.0
1744303452958413,10.42.0.1,10.42.0.149,1883,54318,1,4,0,1,0,0,0,0,0,0,0,0,0,0.0,0,,0,0,,0,0,0,0,0,0,0,0,0.0,0,0,0,0,0,64.0,64237.0,0,0,0,54,eth:ethertype:ip:tcp,,,,,,,,,,,0.0,Normal,0.0
1744303452967483,10.42.0.1,10.42.0.149,1883,54318,1,45,0,1,0,0,0,0,0,0,0,0,0,0.0,0,,0,0,,0,0,0,0,0,0,0,0,0.0,0,0,0,0,0,64.0,64196.0,0,0,0,54,eth:ethertype:ip:tcp,,,,,,,,,,,0.0,Normal,0.0
1744303452967784,10.42.0.1,10.42.0.149,1883,54318,1,45,0,1,0,0,1,0,4,0,0,0,0,0.0,0,,0,2,,0,0,0,0,2,0,0,0,0.0,0x00,0,0,0,0,64.0,64196.0,0,0,0,58,eth:ethertype:ip:tcp:mqtt,,,,,,,,,,,0.0,Normal,0.0
1744303453007174,10.42.0.1,10.42.0.149,1883,54318,5,231,0,1,0,0,0,0,0,0,0,0,0,0.0,0,,0,0,,0,0,0,0,0,0,0,0,0.0,0,0,0,0,0,64.0,64010.0,0,0,0,54,eth:ethertype:ip:tcp,,,,,,,,,,,0.0,Normal,0.0
1744303453007208,10.42.0.1,10.42.0.149,1883,54318,5,231,0,1,1,0,0,0,0,0,0,0,0,0.0,0,,0,0,,0,0,0,0,0,0,0,0,0.0,0,0,0,0,0,64.0,64010.0,0,0,0,54,eth:ethertype:ip:tcp,,,,,,,,,,,0.0,Normal,0.0
1744303454084794,10.42.0.1,10.42.0.139,1883,49996,0,1,1,1,0,0,0,0,0,0,0,0,0,0.0,0,,0,0,,0,0,0,0,0,0,0,0,0.0,0,0,0,0,0,64.0,64240.0,0,0,0,58,eth:ethertype:ip:tcp,,,,,,,,,,,0.0,Normal,0.0
1744303454092297,10.42.0.1,10.42.0.139,1883,49996,1,4,0,1,0,0,0,0,0,0,0,0,0,0.0,0,,0,0,,0,0,0,0,0,0,0,0,0.0,0,0,0,0,0,64.0,64237.0,0,0,0,54,eth:ethertype:ip:tcp,,,,,,,,,,,0.0,Normal,0.0
1744303454095725,10.42.0.1,10.42.0.139,1883,49996,1,33,0,1,0,0,0,0,0,0,0,0,0,0.0,0,,0,0,,0,0,0,0,0,0,0,0,0.0,0,0,0,0,0,64.0,64208.0,0,0,0,54,eth:ethertype:ip:tcp,,,,,,,,,,,0.0,Normal,0.0
1744303454098722,10.42.0.1,10.42.0.139,1883,49996,1,45,0,1,0,0,0,0,0,0,0,0,0,0.0,0,,0,0,,0,0,0,0,0,0,0,0,0.0,0,0,0,0,0,64.0,64196.0,0,0,0,54,eth:ethertype:ip:tcp,,,,,,,,,,,0.0,Normal,0.0
1744303454099112,10.42.0.1,10.42.0.139,1883,49996,1,45,0,1,0,0,1,0,4,0,0,0,0,0.0,0,,0,2,,0,0,0,0,2,0,0,0,0.0,0x00,0,0,0,0,64.0,64196.0,0,0,0,58,eth:ethertype:ip:tcp:mqtt,,,,,,,,,,,0.0,Normal,0.0
1744303454144455,10.42.0.1,10.42.0.139,1883,49996,5,234,0,1,0,0,0,0,0,0,0,0,0,0.0,0,,0,0,,0,0,0,0,0,0,0,0,0.0,0,0,0,0,0,64.0,64007.0,0,0,0,54,eth:ethertype:ip:tcp,,,,,,,,,,,0.0,Normal,0.0
1744303454144491,10.42.0.1,10.42.0.139,1883,49996,5,234,0,1,1,0,0,0,0,0,0,0,0,0.0,0,,0,0,,0,0,0,0,0,0,0,0,0.0,0,0,0,0,0,64.0,64007.0,0,0,0,54,eth:ethertype:ip:tcp,,,,,,,,,,,0.0,Normal,0.0
1744303467948647,10.42.0.1,10.42.0.3,1883,54318,0,1,1,1,0,0,0,0,0,0,0,0,0,0.0,0,,0,0,,0,0,0,0,0,0,0,0,0.0,0,0,0,0,0,64.0,64240.0,0,0,0,58,eth:ethertype:ip:tcp,,,,,,,,,,,0.0,Normal,0.0
1744303467958413,10.42.0.1,10.42.0.3,1883,54318,1,4,0,1,0,0,0,0,0,0,0,0,0,0.0,0,,0,0,,0,0,0,0,0,0,0,0,0.0,0,0,0,0,0,64.0,64237.0,0,0,0,54,eth:ethertype:ip:tcp,,,,,,,,,,,0.0,Normal,0.0
1744303467967483,10.42.0.1,10.42.0.3,1883,54318,1,45,0,1,0,0,0,0,0,0,0,0,0,0.0,0,,0,0,,0,0,0,0,0,0,0,0,0.0,0,0,0,0,0,64.0,64196.0,0,0,0,54,eth:ethertype:ip:tcp,,,,,,,,,,,0.0,Normal,0.0
1744303467967784,10.42.0.1,10.42.0.3,1883,54318,1,45,0,1,0,0,1,0,4,0,0,0,0,0.0,0,,0,2,,0,0,0,0,2,0,0,0,0.0,0x00,0,0,0,0,64.0,64196.0,0,0,0,58,eth:ethertype:ip:tcp:mqtt,,,,,,,,,,,0.0,Normal,0.0
1744303468007174,10.42.0.1,10.42.0.3,1883,54318,5,231,0,1,0,0,0,0,0,0,0,0,0,0.0,0,,0,0,,0,0,0,0,0,0,0,0,0.0,0,0,0,0,0,64.0,64010.0,0,0,0,54,eth:ethertype:ip:tcp,,,,,,,,,,,0.0,Normal,0.0
1744303468007208,10.42.0.1,10.42.0.3,1883,54318,5,231,0,1,1,0,0,0,0,0,0,0,0,0.0,0,,0,0,,0,0,0,0,0,0,0,0,0.0,0,0,0,0,0,64.0,64010.0,0,0,0,54,eth:ethertype:ip:tcp,,,,,,,,,,,0.0,Normal,0.0
1744303469084794,10.42.0.1,10.42.0.2,1883,49996,0,1,1,1,0,0,0,0,0,0,0,0,0,0.0,0,,0,0,,0,0,0,0,0,0,0,0,0.0,0,0,0,0,0,64.0,64240.0,0,0,0,58,eth:ethertype:ip:tcp,,,,,,,,,,,0.0,Normal,0.0
1744303469092297,10.42.0.1,10.42.0.2,1883,49996,1,4,0,1,0,0,0,0,0,0,0,0,0,0.0,0,,0,0,,0,0,0,0,0,0,0,0,0.0,0,0,0,0,0,64.0,64237.0,0,0,0,54,eth:ethertype:ip:tcp,,,,,,,,,,,0.0,Normal,0.0
1744303469095725,10.42.0.1,10.42.0.2,1883,49996,1,33,0,1,0,0,0,0,0,0,0,0,0,0.0,0,,0,0,,0,0,0,0,0,0,0,0,0.0,0,0,0,0,0,64.0,64208.0,0,0,0,54,eth:ethertype:ip:tcp,,,,,,,,,,,0.0,Normal,0.0
1744303469098722,10.42.0.1,10.42.0.2,1883,49996,1,45,0,1,0,0,0,0,0,0,0,0,0,0.0,0,,0,0,,0,0,0,0,0,0,0,0,0.0,0,0,0,0,0,64.0,64196.0,0,0,0,54,eth:ethertype:ip:tcp,,,,,,,,,,,0.0,Normal,0.0
1744303469099112,10.42.0.1,10.42.0.2,1883,49996,1,45,0,1,0,0,1,0,4,0,0,0,0,0.0,0,,0,2,,0,0,0,0,2,0,0,0,0.0,0x00,0,0,0,0,64.0,64196.0,0,0,0,58,eth:ethertype:ip:tcp:mqtt,,,,,,,,,,,0.0,Normal,0.0
1744303469144455,10.42.0.1,10.42.0.2,1883,49996,5,234,0,1,0,0,0,0,0,0,0,0,0,0.0,0,,0,0,,0,0,0,0,0,0,0,0,0.0,0,0,0,0,0,64.0,64007.0,0,0,0,54,eth:ethertype:ip:tcp,,,,,,,,,,,0.0,Normal,0.0
1744303469144491,10.42.0.1,10.42.0.2,1883,49996,5,234,0,1,1,0,0,0,0,0,0,0,0,0.0,0,,0,0,,0,0,0,0,0,0,0,0,0.0,0,0,0,0,0,64.0,64007.0,0,0,0,54,eth:ethertype:ip:tcp,,,,,,,,,,,0.0,Normal,0.0
1744303483015877,10.42.0.1,10.42.0.149,1883,54319,0,1,1,1,0,0,0,0,0,0,0,0,0,0.0,0,,0,0,,0,0,0,0,0,0,0,0,0.0,0,0,0,0,0,64.0,64240.0,0,0,0,58,eth:ethertype:ip:tcp,,,,,,,,,,,0.0,Normal,0.0
1744303483022168,10.42.0.1,10.42.0.149,1883,54319,1,4,0,1,0,0,0,0,0,0,0,0,0,0.0,0,,0,0,,0,0,0,0,0,0,0,0,0.0,0,0,0,0,0,64.0,64237.0,0,0,0,54,eth:ethertype:ip:tcp,,,,,,,,,,,0.0,Normal,0.0
1744303483027370,10.42.0.1,10.42.0.149,1883,54319,1,33,0,1,0,0,0,0,0,0,0,0,0,0.0,0,,0,0,,0,0,0,0,0,0,0,0,0.0,0,0,0,0,0,64.0,64208.0,0,0,0,54,eth:ethertype:ip:tcp,,,,,,,,,,,0.0,Normal,0.0
1744303483030660,10.42.0.1,10.42.0.149,1883,54319,1,45,0,1,0,0,0,0,0,0,0,0,0,0.0,0,,0,0,,0,0,0,0,0,0,0,0,0.0,0,0,0,0,0,64.0,64196.0,0,0,0,54,eth:ethertype:ip:tcp,,,,,,,,,,,0.0,Normal,0.0
1744303483031013,10.42.0.1,10.42.0.149,1883,54319,1,45,0,1,0,0,1,0,4,0,0,0,0,0.0,0,,0,2,,0,0,0,0,2,0,0,0,0.0,0x00,0,0,0,0,64.0,64196.0,0,0,0,58,eth:ethertype:ip:tcp:mqtt,,,,,,,,,,,0.0,Normal,0.0
1744303483068143,10.42.0.1,10.42.0.149,1883,54319,5,231,0,1,0,0,0,0,0,0,0,0,0,0.0,0,,0,0,,0,0,0,0,0,0,0,0,0.0,0,0,0,0,0,64.0,64010.0,0,0,0,54,eth:ethertype:ip:tcp,,,,,,,,,,,0.0,Normal,0.0
1744303483068179,10.42.0.1,10.42.0.149,1883,54319,5,231,0,1,1,0,0,0,0,0,0,0,0,0.0,0,,0,0,,0,0,0,0,0,0,0,0,0.0,0,0,0,0,0,64.0,64010.0,0,0,0,54,eth:ethertype:ip:tcp,,,,,,,,,,,0.0,Normal,0.0
1744303484160852,10.42.0.1,10.42.0.139,1883,49997,0,1,1,1,0,0,0,0,0,0,0,0,0,0.0,0,,0,0,,0,0,0,0,0,0,0,0,0.0,0,0,0,0,0,64.0,64240.0,0,0,0,58,eth:ethertype:ip:tcp,,,,,,,,,,,0.0,Normal,0.0
1744303484166829,10.42.0.1,10.42.0.139,1883,49997,1,4,0,1,0,0,0,0,0,0,0,0,0,0.0,0,,0,0,,0,0,0,0,0,0,0,0,0.0,0,0,0,0,0,64.0,64237.0,0,0,0,54,eth:ethertype:ip:tcp,,,,,,,,,,,0.0,Normal,0.0
1744303484170229,10.42.0.1,10.42.0.139,1883,49997,1,33,0,1,0,0,0,0,0,0,0,0,0,0.0,0,,0,0,,0,0,0,0,0,0,0,0,0.0,0,0,0,0,0,64.0,64208.0,0,0,0,54,eth:ethertype:ip:tcp,,,,,,,,,,,0.0,Normal,0.0
1744303484173414,10.42.0.1,10.42.0.139,1883,49997,1,45,0,1,0,0,0,0,0,0,0,0,0,0.0,0,,0,0,,0,0,0,0,0,0,0,0,0.0,0,0,0,0,0,64.0,64196.0,0,0,0,54,eth:ethertype:ip:tcp,,,,,,,,,,,0.0,Normal,0.0
1744303484173686,10.42.0.1,10.42.0.139,1883,49997,1,45,0,1,0,0,1,0,4,0,0,0,0,0.0,0,,0,2,,0,0,0,0,2,0,0,0,0.0,0x00,0,0,0,0,64.0,64196.0,0,0,0,58,eth:ethertype:ip:tcp:mqtt,,,,,,,,,,,0.0,Normal,0.0
1744303484223792,10.42.0.1,10.42.0.139,1883,49997,5,234,0,1,0,0,0,0,0,0,0,0,0,0.0,0,,0,0,,0,0,0,0,0,0,0,0,0.0,0,0,0,0,0,64.0,64007.0,0,0,0,54,eth:ethertype:ip:tcp,,,,,,,,,,,0.0,Normal,0.0
1744303484223829,10.42.0.1,10.42.0.139,1883,49997,5,234,0,1,1,0,0,0,0,0,0,0,0,0.0,0,,0,0,,0,0,0,0,0,0,0,0,0.0,0,0,0,0,0,64.0,64007.0,0,0,0,54,eth:ethertype:ip:tcp,,,,,,,,,,,0.0,Normal,0.0
1744303498015877,10.42.0.1,10.42.0.3,1883,54319,0,1,1,1,0,0,0,0,0,0,0,0,0,0.0,0,,0,0,,0,0,0,0,0,0,0,0,0.0,0,0,0,0,0,64.0,64240.0,0,0,0,58,eth:ethertype:ip:tcp,,,,,,,,,,,0.0,Normal,0.0
1744303498022168,10.42.0.1,10.42.0.3,1883,54319,1,4,0,1,0,0,0,0,0,0,0,0,0,0.0,0,,0,0,,0,0,0,0,0,0,0,0,0.0,0,0,0,0,0,64.0,64237.0,0,0,0,54,eth:ethertype:ip:tcp,,,,,,,,,,,0.0,Normal,0.0
1744303498027370,10.42.0.1,10.42.0.3,1883,54319,1,33,0,1,0,0,0,0,0,0,0,0,0,0.0,0,,0,0,,0,0,0,0,0,0,0,0,0.0,0,0,0,0,0,64.0,64208.0,0,0,0,54,eth:ethertype:ip:tcp,,,,,,,,,,,0.0,Normal,0.0
1744303498030660,10.42.0.1,10.42.0.3,1883,54319,1,45,0,1,0,0,0,0,0,0,0,0,0,0.0,0,,0,0,,0,0,0,0,0,0,0,0,0.0,0,0,0,0,0,64.0,64196.0,0,0,0,54,eth:ethertype:ip:tcp,,,,,,,,,,,0.0,Normal,0.0
1744303498031013,10.42.0.1,10.42.0.3,1883,54319,1,45,0,1,0,0,1,0,4,0,0,0,0,0.0,0,,0,2,,0,0,0,0,2,0,0,0,0.0,0x00,0,0,0,0,64.0,64196.0,0,0,0,58,eth:ethertype:ip:tcp:mqtt,,,,,,,,,,,0.0,Normal,0.0
1744303498068143,10.42.0.1,10.42.0.3,1883,54319,5,231,0,1,0,0,0,0,0,0,0,0,0,0.0,0,,0,0,,0,0,0,0,0,0,0,0,0.0,0,0,0,0,0,64.0,64010.0,0,0,0,54,eth:ethertype:ip:tcp,,,,,,,,,,,0.0,Normal,0.0
1744303498068179,10.42.0.1,10.42.0.3,1883,54319,5,231,0,1,1,0,0,0,0,0,0,0,0,0.0,0,,0,0,,0,0,0,0,0,0,0,0,0.0,0,0,0,0,0,64.0,64010.0,0,0,0,54,eth:ethertype:ip:tcp,,,,,,,,,,,0.0,Normal,0.0
1744303499160852,10.42.0.1,10.42.0.2,1883,49997,0,1,1,1,0,0,0,0,0,0,0,0,0,0.0,0,,0,0,,0,0,0,0,0,0,0,0,0.0,0,0,0,0,0,64.0,64240.0,0,0,0,58,eth:ethertype:ip:tcp,,,,,,,,,,,0.0,Normal,0.0
1744303499166829,10.42.0.1,10.42.0.2,1883,49997,1,4,0,1,0,0,0,0,0,0,0,0,0,0.0,0,,0,0,,0,0,0,0,0,0,0,0,0.0,0,0,0,0,0,64.0,64237.0,0,0,0,54,eth:ethertype:ip:tcp,,,,,,,,,,,0.0,Normal,0.0
1744303499170229,10.42.0.1,10.42.0.2,1883,49997,1,33,0,1,0,0,0,0,0,0,0,0,0,0.0,0,,0,0,,0,0,0,0,0,0,0,0,0.0,0,0,0,0,0,64.0,64208.0,0,0,0,54,eth:ethertype:ip:tcp,,,,,,,,,,,0.0,Normal,0.0
1744303499173414,10.42.0.1,10.42.0.2,1883,49997,1,45,0,1,0,0,0,0,0,0,0,0,0,0.0,0,,0,0,,0,0,0,0,0,0,0,0,0.0,0,0,0,0,0,64.0,64196.0,0,0,0,54,eth:ethertype:ip:tcp,,,,,,,,,,,0.0,Normal,0.0
1744303499173686,10.42.0.1,10.42.0.2,1883,49997,1,45,0,1,0,0,1,0,4,0,0,0,0,0.0,0,,0,2,,0,0,0,0,2,0,0,0,0.0,0x00,0,0,0,0,64.0,64196.0,0,0,0,58,eth:ethertype:ip:tcp:mqtt,,,,,,,,,,,0.0,Normal,0.0
1744303499223792,10.42.0.1,10.42.0.2,1883,49997,5,234,0,1,0,0,0,0,0,0,0,0,0,0.0,0,,0,0,,0,0,0,0,0,0,0,0,0.0,0,0,0,0,0,64.0,64007.0,0,0,0,54,eth:ethertype:ip:tcp,,,,,,,,,,,0.0,Normal,0.0
1744303499223829,10.42.0.1,10.42.0.2,1883,49997,5,234,0,1,1,0,0,0,0,0,0,0,0,0.0,0,,0,0,,0,0,0,0,0,0,0,0,0.0,0,0,0,0,0,64.0,64007.0,0,0,0,54,eth:ethertype:ip:tcp,,,,,,,,,,,0.0,Normal,0.0
1744303513077347,10.42.0.1,10.42.0.149,1883,54320,0,1,1,1,0,0,0,0,0,0,0,0,0,0.0,0,,0,0,,0,0,0,0,0,0,0,0,0.0,0,0,0,0,0,64.0,64240.0,0,0,0,58,eth:ethertype:ip:tcp,,,,,,,,,,,0.0,Normal,0.0
1744303513086824,10.42.0.1,10.42.0.149,1883,54320,1,4,0,1,0,0,0,0,0,0,0,0,0,0.0,0,,0,0,,0,0,0,0,0,0,0,0,0.0,0,0,0,0,0,64.0,64237.0,0,0,0,54,eth:ethertype:ip:tcp,,,,,,,,,,,0.0,Normal,0.0
1744303513090229,10.42.0.1,10.42.0.149,1883,54320,1,45,0,1,0,0,0,0,0,0,0,0,0,0.0,0,,0,0,,0,0,0,0,0,0,0,0,0.0,0,0,0,0,0,64.0,64196.0,0,0,0,54,eth:ethertype:ip:tcp,,,,,,,,,,,0.0,Normal,0.0
1744303513090577,10.42.0.1,10.42.0.149,1883,54320,1,45,0,1,0,0,1,0,4,0,0,0,0,0.0,0,,0,2,,0,0,0,0,2,0,0,0,0.0,0x00,0,0,0,0,64.0,64196.0,0,0,0,58,eth:ethertype:ip:tcp:mqtt,,,,,,,,,,,0.0,Normal,0.0
1744303513126030,10.42.0.1,10.42.0.149,1883,54320,5,231,0,1,0,0,0,0,0,0,0,0,0,0.0,0,,0,0,,0,0,0,0,0,0,0,0,0.0,0,0,0,0,0,64.0,64010.0,0,0,0,54,eth:ethertype:ip:tcp,,,,,,,,,,,0.0,Normal,0.0
1744303513126112,10.42.0.1,10.42.0.149,1883,54320,5,231,0,1,1,0,0,0,0,0,0,0,0,0.0,0,,0,0,,0,0,0,0,0,0,0,0,0.0,0,0,0,0,0,64.0,64010.0,0,0,0,54,eth:ethertype:ip:tcp,,,,,,,,,,,0.0,Normal,0.0
1744303514232621,10.42.0.1,10.42.0.139,1883,49998,0,1,1,1,0,0,0,0,0,0,0,0,0,0.0,0,,0,0,,0,0,0,0,0,0,0,0,0.0,0,0,0,0,0,64.0,64240.0,0,0,0,58,eth:ethertype:ip:tcp,,,,,,,,,,,0.0,Normal,0.0
1744303514239508,10.42.0.1,10.42.0.139,1883,49998,1,4,0,1,0,0,0,0,0,0,0,0,0,0.0,0,,0,0,,0,0,0,0,0,0,0,0,0.0,0,0,0,0,0,64.0,64237.0,0,0,0,54,eth:ethertype:ip:tcp,,,,,,,,,,,0.0,Normal,0.0
1744303514242662,10.42.0.1,10.42.0.139,1883,49998,1,45,0,1,0,0,0,0,0,0,0,0,0,0.0,0,,0,0,,0,0,0,0,0,0,0,0,0.0,0,0,0,0,0,64.0,64196.0,0,0,0,54,eth:ethertype:ip:tcp,,,,,,,,,,,0.0,Normal,0.0
1744303514242946,10.42.0.1,10.42.0.139,1883,49998,1,45,0,1,0,0,1,0,4,0,0,0,0,0.0,0,,0,2,,0,0,0,0,2,0,0,0,0.0,0x00,0,0,0,0,64.0,64196.0,0,0,0,58,eth:ethertype:ip:tcp:mqtt,,,,,,,,,,,0.0,Normal,0.0
1744303514296672,10.42.0.1,10.42.0.139,1883,49998,5,234,0,1,0,0,0,0,0,0,0,0,0,0.0,0,,0,0,,0,0,0,0,0,0,0,0,0.0,0,0,0,0,0,64.0,64007.0,0,0,0,54,eth:ethertype:ip:tcp,,,,,,,,,,,0.0,Normal,0.0
1744303514296709,10.42.0.1,10.42.0.139,1883,49998,5,234,0,1,1,0,0,0,0,0,0,0,0,0.0,0,,0,0,,0,0,0,0,0,0,0,0,0.0,0,0,0,0,0,64.0,64007.0,0,0,0,54,eth:ethertype:ip:tcp,,,,,,,,,,,0.0,Normal,0.0
1744303528077347,10.42.0.1,10.42.0.3,1883,54320,0,1,1,1,0,0,0,0,0,0,0,0,0,0.0,0,,0,0,,0,0,0,0,0,0,0,0,0.0,0,0,0,0,0,64.0,64240.0,0,0,0,58,eth:ethertype:ip:tcp,,,,,,,,,,,0.0,Normal,0.0
1744303528086824,10.42.0.1,10.42.0.3,1883,54320,1,4,0,1,0,0,0,0,0,0,0,0,0,0.0,0,,0,0,,0,0,0,0,0,0,0,0,0.0,0,0,0,0,0,64.0,64237.0,0,0,0,54,eth:ethertype:ip:tcp,,,,,,,,,,,0.0,Normal,0.0
1744303528090229,10.42.0.1,10.42.0.3,1883,54320,1,45,0,1,0,0,0,0,0,0,0,0,0,0.0,0,,0,0,,0,0,0,0,0,0,0,0,0.0,0,0,0,0,0,64.0,64196.0,0,0,0,54,eth:ethertype:ip:tcp,,,,,,,,,,,0.0,Normal,0.0
1744303528090577,10.42.0.1,10.42.0.3,1883,54320,1,45,0,1,0,0,1,0,4,0,0,0,0,0.0,0,,0,2,,0,0,0,0,2,0,0,0,0.0,0x00,0,0,0,0,64.0,64196.0,0,0,0,58,eth:ethertype:ip:tcp:mqtt,,,,,,,,,,,0.0,Normal,0.0
1744303528126030,10.42.0.1,10.42.0.3,1883,54320,5,231,0,1,0,0,0,0,0,0,0,0,0,0.0,0,,0,0,,0,0,0,0,0,0,0,0,0.0,0,0,0,0,0,64.0,64010.0,0,0,0,54,eth:ethertype:ip:tcp,,,,,,,,,,,0.0,Normal,0.0
1744303528126112,10.42.0.1,10.42.0.3,1883,54320,5,231,0,1,1,0,0,0,0,0,0,0,0,0.0,0,,0,0,,0,0,0,0,0,0,0,0,0.0,0,0,0,0,0,64.0,64010.0,0,0,0,54,eth:ethertype:ip:tcp,,,,,,,,,,,0.0,Normal,0.0
1744303529232621,10.42.0.1,10.42.0.2,1883,49998,0,1,1,1,0,0,0,0,0,0,0,0,0,0.0,0,,0,0,,0,0,0,0,0,0,0,0,0.0,0,0,0,0,0,64.0,64240.0,0,0,0,58,eth:ethertype:ip:tcp,,,,,,,,,,,0.0,Normal,0.0
1744303529239508,10.42.0.1,10.42.0.2,1883,49998,1,4,0,1,0,0,0,0,0,0,0,0,0,0.0,0,,0,0,,0,0,0,0,0,0,0,0,0.0,0,0,0,0,0,64.0,64237.0,0,0,0,54,eth:ethertype:ip:tcp,,,,,,,,,,,0.0,Normal,0.0
1744303529242662,10.42.0.1,10.42.0.2,1883,49998,1,45,0,1,0,0,0,0,0,0,0,0,0,0.0,0,,0,0,,0,0,0,0,0,0,0,0,0.0,0,0,0,0,0,64.0,64196.0,0,0,0,54,eth:ethertype:ip:tcp,,,,,,,,,,,0.0,Normal,0.0
1744303529242946,10.42.0.1,10.42.0.2,1883,49998,1,45,0,1,0,0,1,0,4,0,0,0,0,0.0,0,,0,2,,0,0,0,0,2,0,0,0,0.0,0x00,0,0,0,0,64.0,64196.0,0,0,0,58,eth:ethertype:ip:tcp:mqtt,,,,,,,,,,,0.0,Normal,0.0
1744303529296672,10.42.0.1,10.42.0.2,1883,49998,5,234,0,1,0,0,0,0,0,0,0,0,0,0.0,0,,0,0,,0,0,0,0,0,0,0,0,0.0,0,0,0,0,0,64.0,64007.0,0,0,0,54,eth:ethertype:ip:tcp,,,,,,,,,,,0.0,Normal,0.0
1744303529296709,10.42.0.1,10.42.0.2,1883,49998,5,234,0,1,1,0,0,0,0,0,0,0,0,0.0,0,,0,0,,0,0,0,0,0,0,0,0,0.0,0,0,0,0,0,64.0,64007.0,0,0,0,54,eth:ethertype:ip:tcp,,,,,,,,,,,0.0,Normal,0.0
1744303544301930,10.42.0.1,10.42.0.139,1883,49999,0,1,1,1,0,0,0,0,0,0,0,0,0,0.0,0,,0,0,,0,0,0,0,0,0,0,0,0.0,0,0,0,0,0,64.0,64240.0,0,0,0,58,eth:ethertype:ip:tcp,,,,,,,,,,,0.0,Normal,0.0
1744303544307975,10.42.0.1,10.42.0.139,1883,49999,1,4,0,1,0,0,0,0,0,0,0,0,0,0.0,0,,0,0,,0,0,0,0,0,0,0,0,0.0,0,0,0,0,0,64.0,64237.0,0,0,0,54,eth:ethertype:ip:tcp,,,,,,,,,,,0.0,Normal,0.0
1744303544311333,10.42.0.1,10.42.0.139,1883,49999,1,33,0,1,0,0,0,0,0,0,0,0,0,0.0,0,,0,0,,0,0,0,0,0,0,0,0,0.0,0,0,0,0,0,64.0,64208.0,0,0,0,54,eth:ethertype:ip:tcp,,,,,,,,,,,0.0,Normal,0.0
1744303544314331,10.42.0.1,10.42.0.139,1883,49999,1,45,0,1,0,0,0,0,0,0,0,0,0,0.0,0,,0,0,,0,0,0,0,0,0,0,0,0.0,0,0,0,0,0,64.0,64196.0,0,0,0,54,eth:ethertype:ip:tcp,,,,,,,,,,,0.0,Normal,0.0
1744303544314627,10.42.0.1,10.42.0.139,1883,49999,1,45,0,1,0,0,1,0,4,0,0,0,0,0.0,0,,0,2,,0,0,0,0,2,0,0,0,0.0,0x00,0,0,0,0,64.0,64196.0,0,0,0,58,eth:ethertype:ip:tcp:mqtt,,,,,,,,,,,0.0,Normal,0.0
1744303544362989,10.42.0.1,10.42.0.139,1883,49999,5,234,0,1,0,0,0,0,0,0,0,0,0,0.0,0,,0,0,,0,0,0,0,0,0,0,0,0.0,0,0,0,0,0,64.0,64007.0,0,0,0,54,eth:ethertype:ip:tcp,,,,,,,,,,,0.0,Normal,0.0
1744303544363059,10.42.0.1,10.42.0.139,1883,49999,5,234,0,1,1,0,0,0,0,0,0,0,0,0.0,0,,0,0,,0,0,0,0,0,0,0,0,0.0,0,0,0,0,0,64.0,64007.0,0,0,0,54,eth:ethertype:ip:tcp,,,,,,,,,,,0.0,Normal,0.0
1744303559301930,10.42.0.1,10.42.0.2,1883,49999,0,1,1,1,0,0,0,0,0,0,0,0,0,0.0,0,,0,0,,0,0,0,0,0,0,0,0,0.0,0,0,0,0,0,64.0,64240.0,0,0,0,58,eth:ethertype:ip:tcp,,,,,,,,,,,0.0,Normal,0.0
1744303559307975,10.42.0.1,10.42.0.2,1883,49999,1,4,0,1,0,0,0,0,0,0,0,0,0,0.0,0,,0,0,,0,0,0,0,0,0,0,0,0.0,0,0,0,0,0,64.0,64237.0,0,0,0,54,eth:ethertype:ip:tcp,,,,,,,,,,,0.0,Normal,0.0
1744303559311333,10.42.0.1,10.42.0.2,1883,49999,1,33,0,1,0,0,0,0,0,0,0,0,0,0.0,0,,0,0,,0,0,0,0,0,0,0,0,0.0,0,0,0,0,0,64.0,64208.0,0,0,0,54,eth:ethertype:ip:tcp,,,,,,,,,,,0.0,Normal,0.0
1744303559314331,10.42.0.1,10.42.0.2,1883,49999,1,45,0,1,0,0,0,0,0,0,0,0,0,0.0,0,,0,0,,0,0,0,0,0,0,0,0,0.0,0,0,0,0,0,64.0,64196.0,0,0,0,54,eth:ethertype:ip:tcp,,,,,,,,,,,0.0,Normal,0.0
1744303559314627,10.42.0.1,10.42.0.2,1883,49999,1,45,0,1,0,0,1,0,4,0,0,0,0,0.0,0,,0,2,,0,0,0,0,2,0,0,0,0.0,0x00,0,0,0,0,64.0,64196.0,0,0,0,58,eth:ethertype:ip:tcp:mqtt,,,,,,,,,,,0.0,Normal,0.0
1744303559362989,10.42.0.1,10.42.0.2,1883,49999,5,234,0,1,0,0,0,0,0,0,0,0,0,0.0,0,,0,0,,0,0,0,0,0,0,0,0,0.0,0,0,0,0,0,64.0,64007.0,0,0,0,54,eth:ethertype:ip:tcp,,,,,,,,,,,0.0,Normal,0.0
1744303559363059,10.42.0.1,10.42.0.2,1883,49999,5,234,0,1,1,0,0,0,0,0,0,0,0,0.0,0,,0,0,,0,0,0,0,0,0,0,0,0.0,0,0,0,0,0,64.0,64007.0,0,0,0,54,eth:ethertype:ip:tcp,,,,,,,,,,,0.0,Normal,0.0
1744303574371428,10.42.0.1,10.42.0.139,1883,50000,0,1,1,1,0,0,0,0,0,0,0,0,0,0.0,0,,0,0,,0,0,0,0,0,0,0,0,0.0,0,0,0,0,0,64.0,64240.0,0,0,0,58,eth:ethertype:ip:tcp,,,,,,,,,,,0.0,Normal,0.0
1744303574377389,10.42.0.1,10.42.0.139,1883,50000,1,4,0,1,0,0,0,0,0,0,0,0,0,0.0,0,,0,0,,0,0,0,0,0,0,0,0,0.0,0,0,0,0,0,64.0,64237.0,0,0,0,54,eth:ethertype:ip:tcp,,,,,,,,,,,0.0,Normal,0.0
1744303574380808,10.42.0.1,10.42.0.139,1883,50000,1,33,0,1,0,0,0,0,0,0,0,0,0,0.0,0,,0,0,,0,0,0,0,0,0,0,0,0.0,0,0,0,0,0,64.0,64208.0,0,0,0,54,eth:ethertype:ip:tcp,,,,,,,,,,,0.0,Normal,0.0
1744303574383803,10.42.0.1,10.42.0.139,1883,50000,1,45,0,1,0,0,0,0,0,0,0,0,0,0.0,0,,0,0,,0,0,0,0,0,0,0,0,0.0,0,0,0,0,0,64.0,64196.0,0,0,0,54,eth:ethertype:ip:tcp,,,,,,,,,,,0.0,Normal,0.0
1744303574384113,10.42.0.1,10.42.0.139,1883,50000,1,45,0,1,0,0,1,0,4,0,0,0,0,0.0,0,,0,2,,0,0,0,0,2,0,0,0,0.0,0x00,0,0,0,0,64.0,64196.0,0,0,0,58,eth:ethertype:ip:tcp:mqtt,,,,,,,,,,,0.0,Normal,0.0
1744303574431725,10.42.0.1,10.42.0.139,1883,50000,5,234,0,1,0,0,0,0,0,0,0,0,0,0.0,0,,0,0,,0,0,0,0,0,0,0,0,0.0,0,0,0,0,0,64.0,64007.0,0,0,0,54,eth:ethertype:ip:tcp,,,,,,,,,,,0.0,Normal,0.0
1744303574431810,10.42.0.1,10.42.0.139,1883,50000,5,234,0,1,1,0,0,0,0,0,0,0,0,0.0,0,,0,0,,0,0,0,0,0,0,0,0,0.0,0,0,0,0,0,64.0,64007.0,0,0,0,54,eth:ethertype:ip:tcp,,,,,,,,,,,0.0,Normal,0.0
1744303589371428,10.42.0.1,10.42.0.2,1883,50000,0,1,1,1,0,0,0,0,0,0,0,0,0,0.0,0,,0,0,,0,0,0,0,0,0,0,0,0.0,0,0,0,0,0,64.0,64240.0,0,0,0,58,eth:ethertype:ip:tcp,,,,,,,,,,,0.0,Normal,0.0
1744303589377389,10.42.0.1,10.42.0.2,1883,50000,1,4,0,1,0,0,0,0,0,0,0,0,0,0.0,0,,0,0,,0,0,0,0,0,0,0,0,0.0,0,0,0,0,0,64.0,64237.0,0,0,0,54,eth:ethertype:ip:tcp,,,,,,,,,,,0.0,Normal,0.0
1744303589380808,10.42.0.1,10.42.0.2,1883,50000,1,33,0,1,0,0,0,0,0,0,0,0,0,0.0,0,,0,0,,0,0,0,0,0,0,0,0,0.0,0,0,0,0,0,64.0,64208.0,0,0,0,54,eth:ethertype:ip:tcp,,,,,,,,,,,0.0,Normal,0.0
1744303589383803,10.42.0.1,10.42.0.2,1883,50000,1,45,0,1,0,0,0,0,0,0,0,0,0,0.0,0,,0,0,,0,0,0,0,0,0,0,0,0.0,0,0,0,0,0,64.0,64196.0,0,0,0,54,eth:ethertype:ip:tcp,,,,,,,,,,,0.0,Normal,0.0
1744303589384113,10.42.0.1,10.42.0.2,1883,50000,1,45,0,1,0,0,1,0,4,0,0,0,0,0.0,0,,0,2,,0,0,0,0,2,0,0,0,0.0,0x00,0,0,0,0,64.0,64196.0,0,0,0,58,eth:ethertype:ip:tcp:mqtt,,,,,,,,,,,0.0,Normal,0.0
1744303589431725,10.42.0.1,10.42.0.2,1883,50000,5,234,0,1,0,0,0,0,0,0,0,0,0,0.0,0,,0,0,,0,0,0,0,0,0,0,0,0.0,0,0,0,0,0,64.0,64007.0,0,0,0,54,eth:ethertype:ip:tcp,,,,,,,,,,,0.0,Normal,0.0
1744303589431810,10.42.0.1,10.42.0.2,1883,50000,5,234,0,1,1,0,0,0,0,0,0,0,0,0.0,0,,0,0,,0,0,0,0,0,0,0,0,0.0,0,0,0,0,0,64.0,64007.0,0,0,0,54,eth:ethertype:ip:tcp,,,,,,,,,,,0.0,Normal,0.0
1744303604440672,10.42.0.1,10.42.0.139,1883,50001,0,1,1,1,0,0,0,0,0,0,0,0,0,0.0,0,,0,0,,0,0,0,0,0,0,0,0,0.0,0,0,0,0,0,64.0,64240.0,0,0,0,58,eth:ethertype:ip:tcp,,,,,,,,,,,0.0,Normal,0.0
1744303604446957,10.42.0.1,10.42.0.139,1883,50001,1,4,0,1,0,0,0,0,0,0,0,0,0,0.0,0,,0,0,,0,0,0,0,0,0,0,0,0.0,0,0,0,0,0,64.0,64237.0,0,0,0,54,eth:ethertype:ip:tcp,,,,,,,,,,,0.0,Normal,0.0
1744303604450451,10.42.0.1,10.42.0.139,1883,50001,1,33,0,1,0,0,0,0,0,0,0,0,0,0.0,0,,0,0,,0,0,0,0,0,0,0,0,0.0,0,0,0,0,0,64.0,64208.0,0,0,0,54,eth:ethertype:ip:tcp,,,,,,,,,,,0.0,Normal,0.0
1744303604454176,10.42.0.1,10.42.0.139,1883,50001,1,35,0,1,0,0,0,0,0,0,0,0,0,0.0,0,,0,0,,0,0,0,0,0,0,0,0,0.0,0,0,0,0,0,64.0,64206.0,0,0,0,54,eth:ethertype:ip:tcp,,,,,,,,,,,0.0,Normal,0.0
1744303604458278,10.42.0.1,10.42.0.139,1883,50001,1,39,0,1,0,0,0,0,0,0,0,0,0,0.0,0,,0,0,,0,0,0,0,0,0,0,0,0.0,0,0,0,0,0,64.0,64202.0,0,0,0,54,eth:ethertype:ip:tcp,,,,,,,,,,,0.0,Normal,0.0
1744303604461476,10.42.0.1,10.42.0.139,1883,50001,1,45,0,1,0,0,0,0,0,0,0,0,0,0.0,0,,0,0,,0,0,0,0,0,0,0,0,0.0,0,0,0,0,0,64.0,64196.0,0,0,0,54,eth:ethertype:ip:tcp,,,,,,,,,,,0.0,Normal,0.0
1744303604461832,10.42.0.1,10.42.0.139,1883,50001,1,45,0,1,0,0,1,0,4,0,0,0,0,0.0,0,,0,2,,0,0,0,0,2,0,0,0,0.0,0x00,0,0,0,0,64.0,64196.0,0,0,0,58,eth:ethertype:ip:tcp:mqtt,,,,,,,,,,,0.0,Normal,0.0
1744303604511828,10.42.0.1,10.42.0.139,1883,50001,5,234,0,1,0,0,0,0,0,0,0,0,0,0.0,0,,0,0,,0,0,0,0,0,0,0,0,0.0,0,0,0,0,0,64.0,64007.0,0,0,0,54,eth:ethertype:ip:tcp,,,,,,,,,,,0.0,Normal,0.0
1744303604511886,10.42.0.1,10.42.0.139,1883,50001,5,234,0,1,1,0,0,0,0,0,0,0,0,0.0,0,,0,0,,0,0,0,0,0,0,0,0,0.0,0,0,0,0,0,64.0,64007.0,0,0,0,54,eth:ethertype:ip:tcp,,,,,,,,,,,0.0,Normal,0.0
1744303619440672,10.42.0.1,10.42.0.2,1883,50001,0,1,1,1,0,0,0,0,0,0,0,0,0,0.0,0,,0,0,,0,0,0,0,0,0,0,0,0.0,0,0,0,0,0,64.0,64240.0,0,0,0,58,eth:ethertype:ip:tcp,,,,,,,,,,,0.0,Normal,0.0
1744303619446957,10.42.0.1,10.42.0.2,1883,50001,1,4,0,1,0,0,0,0,0,0,0,0,0,0.0,0,,0,0,,0,0,0,0,0,0,0,0,0.0,0,0,0,0,0,64.0,64237.0,0,0,0,54,eth:ethertype:ip:tcp,,,,,,,,,,,0.0,Normal,0.0
1744303619450451,10.42.0.1,10.42.0.2,1883,50001,1,33,0,1,0,0,0,0,0,0,0,0,0,0.0,0,,0,0,,0,0,0,0,0,0,0,0,0.0,0,0,0,0,0,64.0,64208.0,0,0,0,54,eth:ethertype:ip:tcp,,,,,,,,,,,0.0,Normal,0.0
1744303619454176,10.42.0.1,10.42.0.2,1883,50001,1,35,0,1,0,0,0,0,0,0,0,0,0,0.0,0,,0,0,,0,0,0,0,0,0,0,0,0.0,0,0,0,0,0,64.0,64206.0,0,0,0,54,eth:ethertype:ip:tcp,,,,,,,,,,,0.0,Normal,0.0
1744303619458278,10.42.0.1,10.42.0.2,1883,50001,1,39,0,1,0,0,0,0,0,0,0,0,0,0.0,0,,0,0,,0,0,0,0,0,0,0,0,0.0,0,0,0,0,0,64.0,64202.0,0,0,0,54,eth:ethertype:ip:tcp,,,,,,,,,,,0.0,Normal,0.0
1744303619461476,10.42.0.1,10.42.0.2,1883,50001,1,45,0,1,0,0,0,0,0,0,0,0,0,0.0,0,,0,0,,0,0,0,0,0,0,0,0,0.0,0,0,0,0,0,64.0,64196.0,0,0,0,54,eth:ethertype:ip:tcp,,,,,,,,,,,0.0,Normal,0.0
1744303619461832,10.42.0.1,10.42.0.2,1883,50001,1,45,0,1,0,0,1,0,4,0,0,0,0,0.0,0,,0,2,,0,0,0,0,2,0,0,0,0.0,0x00,0,0,0,0,64.0,64196.0,0,0,0,58,eth:ethertype:ip:tcp:mqtt,,,,,,,,,,,0.0,Normal,0.0
1744303619511828,10.42.0.1,10.42.0.2,1883,50001,5,234,0,1,0,0,0,0,0,0,0,0,0,0.0,0,,0,0,,0,0,0,0,0,0,0,0,0.0,0,0,0,0,0,64.0,64007.0,0,0,0,54,eth:ethertype:ip:tcp,,,,,,,,,,,0.0,Normal,0.0
1744303619511886,10.42.0.1,10.42.0.2,1883,50001,5,234,0,1,1,0,0,0,0,0,0,0,0,0.0,0,,0,0,,0,0,0,0,0,0,0,0,0.0,0,0,0,0,0,64.0,64007.0,0,0,0,54,eth:ethertype:ip:tcp,,,,,,,,,,,0.0,Normal,0.0
1744303634520676,10.42.0.1,10.42.0.139,1883,50002,0,1,1,1,0,0,0,0,0,0,0,0,0,0.0,0,,0,0,,0,0,0,0,0,0,0,0,0.0,0,0,0,0,0,64.0,64240.0,0,0,0,58,eth:ethertype:ip:tcp,,,,,,,,,,,0.0,Normal,0.0
1744303634526931,10.42.0.1,10.42.0.139,1883,50002,1,4,0,1,0,0,0,0,0,0,0,0,0,0.0,0,,0,0,,0,0,0,0,0,0,0,0,0.0,0,0,0,0,0,64.0,64237.0,0,0,0,54,eth:ethertype:ip:tcp,,,,,,,,,,,0.0,Normal,0.0
1744303634530329,10.42.0.1,10.42.0.139,1883,50002,1,33,0,1,0,0,0,0,0,0,0,0,0,0.0,0,,0,0,,0,0,0,0,0,0,0,0,0.0,0,0,0,0,0,64.0,64208.0,0,0,0,54,eth:ethertype:ip:tcp,,,,,,,,,,,0.0,Normal,0.0
1744303634533444,10.42.0.1,10.42.0.139,1883,50002,1,45,0,1,0,0,0,0,0,0,0,0,0,0.0,0,,0,0,,0,0,0,0,0,0,0,0,0.0,0,0,0,0,0,64.0,64196.0,0,0,0,54,eth:ethertype:ip:tcp,,,,,,,,,,,0.0,Normal,0.0
1744303634533704,10.42.0.1,10.42.0.139,1883,50002,1,45,0,1,0,0,1,0,4,0,0,0,0,0.0,0,,0,2,,0,0,0,0,2,0,0,0,0.0,0x00,0,0,0,0,64.0,64196.0,0,0,0,58,eth:ethertype:ip:tcp:mqtt,,,,,,,,,,,0.0,Normal,0.0
1744303634580747,10.42.0.1,10.42.0.139,1883,50002,5,234,0,1,0,0,0,0,0,0,0,0,0,0.0,0,,0,0,,0,0,0,0,0,0,0,0,0.0,0,0,0,0,0,64.0,64007.0,0,0,0,54,eth:ethertype:ip:tcp,,,,,,,,,,,0.0,Normal,0.0
1744303634580813,10.42.0.1,10.42.0.139,1883,50002,5,234,0,1,1,0,0,0,0,0,0,0,0,0.0,0,,0,0,,0,0,0,0,0,0,0,0,0.0,0,0,0,0,0,64.0,64007.0,0,0,0,54,eth:ethertype:ip:tcp,,,,,,,,,,,0.0,Normal,0.0
1744303649520676,10.42.0.1,10.42.0.2,1883,50002,0,1,1,1,0,0,0,0,0,0,0,0,0,0.0,0,,0,0,,0,0,0,0,0,0,0,0,0.0,0,0,0,0,0,64.0,64240.0,0,0,0,58,eth:ethertype:ip:tcp,,,,,,,,,,,0.0,Normal,0.0
1744303649526931,10.42.0.1,10.42.0.2,1883,50002,1,4,0,1,0,0,0,0,0,0,0,0,0,0.0,0,,0,0,,0,0,0,0,0,0,0,0,0.0,0,0,0,0,0,64.0,64237.0,0,0,0,54,eth:ethertype:ip:tcp,,,,,,,,,,,0.0,Normal,0.0
1744303649530329,10.42.0.1,10.42.0.2,1883,50002,1,33,0,1,0,0,0,0,0,0,0,0,0,0.0,0,,0,0,,0,0,0,0,0,0,0,0,0.0,0,0,0,0,0,64.0,64208.0,0,0,0,54,eth:ethertype:ip:tcp,,,,,,,,,,,0.0,Normal,0.0
1744303649533444,10.42.0.1,10.42.0.2,1883,50002,1,45,0,1,0,0,0,0,0,0,0,0,0,0.0,0,,0,0,,0,0,0,0,0,0,0,0,0.0,0,0,0,0,0,64.0,64196.0,0,0,0,54,eth:ethertype:ip:tcp,,,,,,,,,,,0.0,Normal,0.0
1744303649533704,10.42.0.1,10.42.0.2,1883,50002,1,45,0,1,0,0,1,0,4,0,0,0,0,0.0,0,,0,2,,0,0,0,0,2,0,0,0,0.0,0x00,0,0,0,0,64.0,64196.0,0,0,0,58,eth:ethertype:ip:tcp:mqtt,,,,,,,,,,,0.0,Normal,0.0
1744303649580747,10.42.0.1,10.42.0.2,1883,50002,5,234,0,1,0,0,0,0,0,0,0,0,0,0.0,0,,0,0,,0,0,0,0,0,0,0,0,0.0,0,0,0,0,0,64.0,64007.0,0,0,0,54,eth:ethertype:ip:tcp,,,,,,,,,,,0.0,Normal,0.0
1744303649580813,10.42.0.1,10.42.0.2,1883,50002,5,234,0,1,1,0,0,0,0,0,0,0,0,0.0,0,,0,0,,0,0,0,0,0,0,0,0,0.0,0,0,0,0,0,64.0,64007.0,0,0,0,54,eth:ethertype:ip:tcp,,,,,,,,,,,0.0,Normal,0.0
1744303664588778,10.42.0.1,10.42.0.139,1883,50003,0,1,1,1,0,0,0,0,0,0,0,0,0,0.0,0,,0,0,,0,0,0,0,0,0,0,0,0.0,0,0,0,0,0,64.0,64240.0,0,0,0,58,eth:ethertype:ip:tcp,,,,,,,,,,,0.0,Normal,0.0
1744303664594684,10.42.0.1,10.42.0.139,1883,50003,1,4,0,1,0,0,0,0,0,0,0,0,0,0.0,0,,0,0,,0,0,0,0,0,0,0,0,0.0,0,0,0,0,0,64.0,64237.0,0,0,0,54,eth:ethertype:ip:tcp,,,,,,,,,,,0.0,Normal,0.0
1744303664598059,10.42.0.1,10.42.0.139,1883,50003,1,33,0,1,0,0,0,0,0,0,0,0,0,0.0,0,,0,0,,0,0,0,0,0,0,0,0,0.0,0,0,0,0,0,64.0,64208.0,0,0,0,54,eth:ethertype:ip:tcp,,,,,,,,,,,0.0,Normal,0.0
1744303664601064,10.42.0.1,10.42.0.139,1883,50003,1,45,0,1,0,0,0,0,0,0,0,0,0,0.0,0,,0,0,,0,0,0,0,0,0,0,0,0.0,0,0,0,0,0,64.0,64196.0,0,0,0,54,eth:ethertype:ip:tcp,,,,,,,,,,,0.0,Normal,0.0
1744303664601441,10.42.0.1,10.42.0.139,1883,50003,1,45,0,1,0,0,1,0,4,0,0,0,0,0.0,0,,0,2,,0,0,0,0,2,0,0,0,0.0,0x00,0,0,0,0,64.0,64196.0,0,0,0,58,eth:ethertype:ip:tcp:mqtt,,,,,,,,,,,0.0,Normal,0.0
1744303664649574,10.42.0.1,10.42.0.139,1883,50003,5,234,0,1,0,0,0,0,0,0,0,0,0,0.0,0,,0,0,,0,0,0,0,0,0,0,0,0.0,0,0,0,0,0,64.0,64007.0,0,0,0,54,eth:ethertype:ip:tcp,,,,,,,,,,,0.0,Normal,0.0
1744303664649634,10.42.0.1,10.42.0.139,1883,50003,5,234,0,1,1,0,0,0,0,0,0,0,0,0.0,0,,0,0,,0,0,0,0,0,0,0,0,0.0,0,0,0,0,0,64.0,64007.0,0,0,0,54,eth:ethertype:ip:tcp,,,,,,,,,,,0.0,Normal,0.0
1744303679588778,10.42.0.1,10.42.0.2,1883,50003,0,1,1,1,0,0,0,0,0,0,0,0,0,0.0,0,,0,0,,0,0,0,0,0,0,0,0,0.0,0,0,0,0,0,64.0,64240.0,0,0,0,58,eth:ethertype:ip:tcp,,,,,,,,,,,0.0,Normal,0.0
1744303679594684,10.42.0.1,10.42.0.2,1883,50003,1,4,0,1,0,0,0,0,0,0,0,0,0,0.0,0,,0,0,,0,0,0,0,0,0,0,0,0.0,0,0,0,0,0,64.0,64237.0,0,0,0,54,eth:ethertype:ip:tcp,,,,,,,,,,,0.0,Normal,0.0
1744303679598059,10.42.0.1,10.42.0.2,1883,50003,1,33,0,1,0,0,0,0,0,0,0,0,0,0.0,0,,0,0,,0,0,0,0,0,0,0,0,0.0,0,0,0,0,0,64.0,64208.0,0,0,0,54,eth:ethertype:ip:tcp,,,,,,,,,,,0.0,Normal,0.0
1744303679601064,10.42.0.1,10.42.0.2,1883,50003,1,45,0,1,0,0,0,0,0,0,0,0,0,0.0,0,,0,0,,0,0,0,0,0,0,0,0,0.0,0,0,0,0,0,64.0,64196.0,0,0,0,54,eth:ethertype:ip:tcp,,,,,,,,,,,0.0,Normal,0.0
1744303679601441,10.42.0.1,10.42.0.2,1883,50003,1,45,0,1,0,0,1,0,4,0,0,0,0,0.0,0,,0,2,,0,0,0,0,2,0,0,0,0.0,0x00,0,0,0,0,64.0,64196.0,0,0,0,58,eth:ethertype:ip:tcp:mqtt,,,,,,,,,,,0.0,Normal,0.0
1744303679649574,10.42.0.1,10.42.0.2,1883,50003,5,234,0,1,0,0,0,0,0,0,0,0,0,0.0,0,,0,0,,0,0,0,0,0,0,0,0,0.0,0,0,0,0,0,64.0,64007.0,0,0,0,54,eth:ethertype:ip:tcp,,,,,,,,,,,0.0,Normal,0.0
1744303679649634,10.42.0.1,10.42.0.2,1883,50003,5,234,0,1,1,0,0,0,0,0,0,0,0,0.0,0,,0,0,,0,0,0,0,0,0,0,0,0.0,0,0,0,0,0,64.0,64007.0,0,0,0,54,eth:ethertype:ip:tcp,,,,,,,,,,,0.0,Normal,0.0
1744303694658630,10.42.0.1,10.42.0.139,1883,50004,0,1,1,1,0,0,0,0,0,0,0,0,0,0.0,0,,0,0,,0,0,0,0,0,0,0,0,0.0,0,0,0,0,0,64.0,64240.0,0,0,0,58,eth:ethertype:ip:tcp,,,,,,,,,,,0.0,Normal,0.0
1744303694664739,10.42.0.1,10.42.0.139,1883,50004,1,4,0,1,0,0,0,0,0,0,0,0,0,0.0,0,,0,0,,0,0,0,0,0,0,0,0,0.0,0,0,0,0,0,64.0,64237.0,0,0,0,54,eth:ethertype:ip:tcp,,,,,,,,,,,0.0,Normal,0.0
1744303694668156,10.42.0.1,10.42.0.139,1883,50004,1,33,0,1,0,0,0,0,0,0,0,0,0,0.0,0,,0,0,,0,0,0,0,0,0,0,0,0.0,0,0,0,0,0,64.0,64208.0,0,0,0,54,eth:ethertype:ip:tcp,,,,,,,,,,,0.0,Normal,0.0
1744303694671255,10.42.0.1,10.42.0.139,1883,50004,1,45,0,1,0,0,0,0,0,0,0,0,0,0.0,0,,0,0,,0,0,0,0,0,0,0,0,0.0,0,0,0,0,0,64.0,64196.0,0,0,0,54,eth:ethertype:ip:tcp,,,,,,,,,,,0.0,Normal,0.0
1744303694671573,10.42.0.1,10.42.0.139,1883,50004,1,45,0,1,0,0,1,0,4,0,0,0,0,0.0,0,,0,2,,0,0,0,0,2,0,0,0,0.0,0x00,0,0,0,0,64.0,64196.0,0,0,0,58,eth:ethertype:ip:tcp:mqtt,,,,,,,,,,,0.0,Normal,0.0
1744303694718985,10.42.0.1,10.42.0.139,1883,50004,5,234,0,1,0,0,0,0,0,0,0,0,0,0.0,0,,0,0,,0,0,0,0,0,0,0,0,0.0,0,0,0,0,0,64.0,64007.0,0,0,0,54,eth:ethertype:ip:tcp,,,,,,,,,,,0.0,Normal,0.0
1744303694719085,10.42.0.1,10.42.0.139,1883,50004,5,234,0,1,1,0,0,0,0,0,0,0,0,0.0,0,,0,0,,0,0,0,0,0,0,0,0,0.0,0,0,0,0,0,64.0,64007.0,0,0,0,54,eth:ethertype:ip:tcp,,,,,,,,,,,0.0,Normal,0.0
1744303709658630,10.42.0.1,10.42.0.2,1883,50004,0,1,1,1,0,0,0,0,0,0,0,0,0,0.0,0,,0,0,,0,0,0,0,0,0,0,0,0.0,0,0,0,0,0,64.0,64240.0,0,0,0,58,eth:ethertype:ip:tcp,,,,,,,,,,,0.0,Normal,0.0
1744303709664739,10.42.0.1,10.42.0.2,1883,50004,1,4,0,1,0,0,0,0,0,0,0,0,0,0.0,0,,0,0,,0,0,0,0,0,0,0,0,0.0,0,0,0,0,0,64.0,64237.0,0,0,0,54,eth:ethertype:ip:tcp,,,,,,,,,,,0.0,Normal,0.0
1744303709668156,10.42.0.1,10.42.0.2,1883,50004,1,33,0,1,0,0,0,0,0,0,0,0,0,0.0,0,,0,0,,0,0,0,0,0,0,0,0,0.0,0,0,0,0,0,64.0,64208.0,0,0,0,54,eth:ethertype:ip:tcp,,,,,,,,,,,0.0,Normal,0.0
1744303709671255,10.42.0.1,10.42.0.2,1883,50004,1,45,0,1,0,0,0,0,0,0,0,0,0,0.0,0,,0,0,,0,0,0,0,0,0,0,0,0.0,0,0,0,0,0,64.0,64196.0,0,0,0,54,eth:ethertype:ip:tcp,,,,,,,,,,,0.0,Normal,0.0
1744303709671573,10.42.0.1,10.42.0.2,1883,50004,1,45,0,1,0,0,1,0,4,0,0,0,0,0.0,0,,0,2,,0,0,0,0,2,0,0,0,0.0,0x00,0,0,0,0,64.0,64196.0,0,0,0,58,eth:ethertype:ip:tcp:mqtt,,,,,,,,,,,0.0,Normal,0.0
1744303709718985,10.42.0.1,10.42.0.2,1883,50004,5,234,0,1,0,0,0,0,0,0,0,0,0,0.0,0,,0,0,,0,0,0,0,0,0,0,0,0.0,0,0,0,0,0,64.0,64007.0,0,0,0,54,eth:ethertype:ip:tcp,,,,,,,,,,,0.0,Normal,0.0
1744303709719085,10.42.0.1,10.42.0.2,1883,50004,5,234,0,1,1,0,0,0,0,0,0,0,0,0.0,0,,0,0,,0,0,0,0,0,0,0,0,0.0,0,0,0,0,0,64.0,64007.0,0,0,0,54,eth:ethertype:ip:tcp,,,,,,,,,,,0.0,Normal,0.0
1744303724729576,10.42.0.1,10.42.0.139,1883,50005,0,1,1,1,0,0,0,0,0,0,0,0,0,0.0,0,,0,0,,0,0,0,0,0,0,0,0,0.0,0,0,0,0,0,64.0,64240.0,0,0,0,58,eth:ethertype:ip:tcp,,,,,,,,,,,0.0,Normal,0.0
1744303724735673,10.42.0.1,10.42.0.139,1883,50005,1,4,0,1,0,0,0,0,0,0,0,0,0,0.0,0,,0,0,,0,0,0,0,0,0,0,0,0.0,0,0,0,0,0,64.0,64237.0,0,0,0,54,eth:ethertype:ip:tcp,,,,,,,,,,,0.0,Normal,0.0
1744303724739064,10.42.0.1,10.42.0.139,1883,50005,1,33,0,1,0,0,0,0,0,0,0,0,0,0.0,0,,0,0,,0,0,0,0,0,0,0,0,0.0,0,0,0,0,0,64.0,64208.0,0,0,0,54,eth:ethertype:ip:tcp,,,,,,,,,,,0.0,Normal,0.0
1744303724742155,10.42.0.1,10.42.0.139,1883,50005,1,45,0,1,0,0,0,0,0,0,0,0,0,0.0,0,,0,0,,0,0,0,0,0,0,0,0,0.0,0,0,0,0,0,64.0,64196.0,0,0,0,54,eth:ethertype:ip:tcp,,,,,,,,,,,0.0,Normal,0.0
1744303724742482,10.42.0.1,10.42.0.139,1883,50005,1,45,0,1,0,0,1,0,4,0,0,0,0,0.0,0,,0,2,,0,0,0,0,2,0,0,0,0.0,0x00,0,0,0,0,64.0,64196.0,0,0,0,58,eth:ethertype:ip:tcp:mqtt,,,,,,,,,,,0.0,Normal,0.0
1744303724788830,10.42.0.1,10.42.0.139,1883,50005,5,234,0,1,0,0,0,0,0,0,0,0,0,0.0,0,,0,0,,0,0,0,0,0,0,0,0,0.0,0,0,0,0,0,64.0,64007.0,0,0,0,54,eth:ethertype:ip:tcp,,,,,,,,,,,0.0,Normal,0.0
1744303724788905,10.42.0.1,10.42.0.139,1883,50005,5,234,0,1,1,0,0,0,0,0,0,0,0,0.0,0,,0,0,,0,0,0,0,0,0,0,0,0.0,0,0,0,0,0,64.0,64007.0,0,0,0,54,eth:ethertype:ip:tcp,,,,,,,,,,,0.0,Normal,0.0
1744303739729576,10.42.0.1,10.42.0.2,1883,50005,0,1,1,1,0,0,0,0,0,0,0,0,0,0.0,0,,0,0,,0,0,0,0,0,0,0,0,0.0,0,0,0,0,0,64.0,64240.0,0,0,0,58,eth:ethertype:ip:tcp,,,,,,,,,,,0.0,Normal,0.0
1744303739735673,10.42.0.1,10.42.0.2,1883,50005,1,4,0,1,0,0,0,0,0,0,0,0,0,0.0,0,,0,0,,0,0,0,0,0,0,0,0,0.0,0,0,0,0,0,64.0,64237.0,0,0,0,54,eth:ethertype:ip:tcp,,,,,,,,,,,0.0,Normal,0.0
1744303739739064,10.42.0.1,10.42.0.2,1883,50005,1,33,0,1,0,0,0,0,0,0,0,0,0,0.0,0,,0,0,,0,0,0,0,0,0,0,0,0.0,0,0,0,0,0,64.0,64208.0,0,0,0,54,eth:ethertype:ip:tcp,,,,,,,,,,,0.0,Normal,0.0
1744303739742155,10.42.0.1,10.42.0.2,1883,50005,1,45,0,1,0,0,0,0,0,0,0,0,0,0.0,0,,0,0,,0,0,0,0,0,0,0,0,0.0,0,0,0,0,0,64.0,64196.0,0,0,0,54,eth:ethertype:ip:tcp,,,,,,,,,,,0.0,Normal,0.0
1744303739742482,10.42.0.1,10.42.0.2,1883,50005,1,45,0,1,0,0,1,0,4,0,0,0,0,0.0,0,,0,2,,0,0,0,0,2,0,0,0,0.0,0x00,0,0,0,0,64.0,64196.0,0,0,0,58,eth:ethertype:ip:tcp:mqtt,,,,,,,,,,,0.0,Normal,0.0
1744303739788830,10.42.0.1,10.42.0.2,1883,50005,5,234,0,1,0,0,0,0,0,0,0,0,0,0.0,0,,0,0,,0,0,0,0,0,0,0,0,0.0,0,0,0,0,0,64.0,64007.0,0,0,0,54,eth:ethertype:ip:tcp,,,,,,,,,,,0.0,Normal,0.0
1744303739788905,10.42.0.1,10.42.0.2,1883,50005,5,234,0,1,1,0,0,0,0,0,0,0,0,0.0,0,,0,0,,0,0,0,0,0,0,0,0,0.0,0,0,0,0,0,64.0,64007.0,0,0,0,54,eth:ethertype:ip:tcp,,,,,,,,,,,0.0,Normal,0.0
1744303754797279,10.42.0.1,10.42.0.139,1883,50006,0,1,1,1,0,0,0,0,0,0,0,0,0,0.0,0,,0,0,,0,0,0,0,0,0,0,0,0.0,0,0,0,0,0,64.0,64240.0,0,0,0,58,eth:ethertype:ip:tcp,,,,,,,,,,,0.0,Normal,0.0
1744303754803303,10.42.0.1,10.42.0.139,1883,50006,1,4,0,1,0,0,0,0,0,0,0,0,0,0.0,0,,0,0,,0,0,0,0,0,0,0,0,0.0,0,0,0,0,0,64.0,64237.0,0,0,0,54,eth:ethertype:ip:tcp,,,,,,,,,,,0.0,Normal,0.0
1744303754806657,10.42.0.1,10.42.0.139,1883,50006,1,33,0,1,0,0,0,0,0,0,0,0,0,0.0,0,,0,0,,0,0,0,0,0,0,0,0,0.0,0,0,0,0,0,64.0,64208.0,0,0,0,54,eth:ethertype:ip:tcp,,,,,,,,,,,0.0,Normal,0.0
1744303754810470,10.42.0.1,10.42.0.139,1883,50006,1,35,0,1,0,0,0,0,0,0,0,0,0,0.0,0,,0,0,,0,0,0,0,0,0,0,0,0.0,0,0,0,0,0,64.0,64206.0,0,0,0,54,eth:ethertype:ip:tcp,,,,,,,,,,,0.0,Normal,0.0
1744303754814488,10.42.0.1,10.42.0.139,1883,50006,1,39,0,1,0,0,0,0,0,0,0,0,0,0.0,0,,0,0,,0,0,0,0,0,0,0,0,0.0,0,0,0,0,0,64.0,64202.0,0,0,0,54,eth:ethertype:ip:tcp,,,,,,,,,,,0.0,Normal,0.0
1744303754817703,10.42.0.1,10.42.0.139,1883,50006,1,41,0,1,0,0,0,0,0,0,0,0,0,0.0,0,,0,0,,0,0,0,0,0,0,0,0,0.0,0,0,0,0,0,64.0,64200.0,0,0,0,54,eth:ethertype:ip:tcp,,,,,,,,,,,0.0,Normal,0.0
1744303754820487,10.42.0.1,10.42.0.139,1883,50006,1,45,0,1,0,0,0,0,0,0,0,0,0,0.0,0,,0,0,,0,0,0,0,0,0,0,0,0.0,0,0,0,0,0,64.0,64196.0,0,0,0,54,eth:ethertype:ip:tcp,,,,,,,,,,,0.0,Normal,0.0
1744303754820803,10.42.0.1,10.42.0.139,1883,50006,1,45,0,1,0,0,1,0,4,0,0,0,0,0.0,0,,0,2,,0,0,0,0,2,0,0,0,0.0,0x00,0,0,0,0,64.0,64196.0,0,0,0,58,eth:ethertype:ip:tcp:mqtt,,,,,,,,,,,0.0,Normal,0.0
1744303754867892,10.42.0.1,10.42.0.139,1883,50006,5,234,0,1,0,0,0,0,0,0,0,0,0,0.0,0,,0,0,,0,0,0,0,0,0,0,0,0.0,0,0,0,0,0,64.0,64007.0,0,0,0,54,eth:ethertype:ip:tcp,,,,,,,,,,,0.0,Normal,0.0
1744303754867960,10.42.0.1,10.42.0.139,1883,50006,5,234,0,1,1,0,0,0,0,0,0,0,0,0.0,0,,0,0,,0,0,0,0,0,0,0,0,0.0,0,0,0,0,0,64.0,64007.0,0,0,0,54,eth:ethertype:ip:tcp,,,,,,,,,,,0.0,Normal,0.0
1744303769797279,10.42.0.1,10.42.0.2,1883,50006,0,1,1,1,0,0,0,0,0,0,0,0,0,0.0,0,,0,0,,0,0,0,0,0,0,0,0,0.0,0,0,0,0,0,64.0,64240.0,0,0,0,58,eth:ethertype:ip:tcp,,,,,,,,,,,0.0,Normal,0.0
1744303769803303,10.42.0.1,10.42.0.2,1883,50006,1,4,0,1,0,0,0,0,0,0,0,0,0,0.0,0,,0,0,,0,0,0,0,0,0,0,0,0.0,0,0,0,0,0,64.0,64237.0,0,0,0,54,eth:ethertype:ip:tcp,,,,,,,,,,,0.0,Normal,0.0
1744303769806657,10.42.0.1,10.42.0.2,1883,50006,1,33,0,1,0,0,0,0,0,0,0,0,0,0.0,0,,0,0,,0,0,0,0,0,0,0,0,0.0,0,0,0,0,0,64.0,64208.0,0,0,0,54,eth:ethertype:ip:tcp,,,,,,,,,,,0.0,Normal,0.0
1744303769810470,10.42.0.1,10.42.0.2,1883,50006,1,35,0,1,0,0,0,0,0,0,0,0,0,0.0,0,,0,0,,0,0,0,0,0,0,0,0,0.0,0,0,0,0,0,64.0,64206.0,0,0,0,54,eth:ethertype:ip:tcp,,,,,,,,,,,0.0,Normal,0.0
1744303769814488,10.42.0.1,10.42.0.2,1883,50006,1,39,0,1,0,0,0,0,0,0,0,0,0,0.0,0,,0,0,,0,0,0,0,0,0,0,0,0.0,0,0,0,0,0,64.0,64202.0,0,0,0,54,eth:ethertype:ip:tcp,,,,,,,,,,,0.0,Normal,0.0
1744303769817703,10.42.0.1,10.42.0.2,1883,50006,1,41,0,1,0,0,0,0,0,0,0,0,0,0.0,0,,0,0,,0,0,0,0,0,0,0,0,0.0,0,0,0,0,0,64.0,64200.0,0,0,0,54,eth:ethertype:ip:tcp,,,,,,,,,,,0.0,Normal,0.0
1744303769820487,10.42.0.1,10.42.0.2,1883,50006,1,45,0,1,0,0,0,0,0,0,0,0,0,0.0,0,,0,0,,0,0,0,0,0,0,0,0,0.0,0,0,0,0,0,64.0,64196.0,0,0,0,54,eth:ethertype:ip:tcp,,,,,,,,,,,0.0,Normal,0.0
1744303769820803,10.42.0.1,10.42.0.2,1883,50006,1,45,0,1,0,0,1,0,4,0,0,0,0,0.0,0,,0,2,,0,0,0,0,2,0,0,0,0.0,0x00,0,0,0,0,64.0,64196.0,0,0,0,58,eth:ethertype:ip:tcp:mqtt,,,,,,,,,,,0.0,Normal,0.0
1744303769867892,10.42.0.1,10.42.0.2,1883,50006,5,234,0,1,0,0,0,0,0,0,0,0,0,0.0,0,,0,0,,0,0,0,0,0,0,0,0,0.0,0,0,0,0,0,64.0,64007.0,0,0,0,54,eth:ethertype:ip:tcp,,,,,,,,,,,0.0,Normal,0.0
1744303769867960,10.42.0.1,10.42.0.2,1883,50006,5,234,0,1,1,0,0,0,0,0,0,0,0,0.0,0,,0,0,,0,0,0,0,0,0,0,0,0.0,0,0,0,0,0,64.0,64007.0,0,0,0,54,eth:ethertype:ip:tcp,,,,,,,,,,,0.0,Normal,0.0
1744303784876657,10.42.0.1,10.42.0.139,1883,50007,0,1,1,1,0,0,0,0,0,0,0,0,0,0.0,0,,0,0,,0,0,0,0,0,0,0,0,0.0,0,0,0,0,0,64.0,64240.0,0,0,0,58,eth:ethertype:ip:tcp,,,,,,,,,,,0.0,Normal,0.0
1744303784882717,10.42.0.1,10.42.0.139,1883,50007,1,4,0,1,0,0,0,0,0,0,0,0,0,0.0,0,,0,0,,0,0,0,0,0,0,0,0,0.0,0,0,0,0,0,64.0,64237.0,0,0,0,54,eth:ethertype:ip:tcp,,,,,,,,,,,0.0,Normal,0.0
1744303784886173,10.42.0.1,10.42.0.139,1883,50007,1,33,0,1,0,0,0,0,0,0,0,0,0,0.0,0,,0,0,,0,0,0,0,0,0,0,0,0.0,0,0,0,0,0,64.0,64208.0,0,0,0,54,eth:ethertype:ip:tcp,,,,,,,,,,,0.0,Normal,0.0
1744303784889226,10.42.0.1,10.42.0.139,1883,50007,1,45,0,1,0,0,0,0,0,0,0,0,0,0.0,0,,0,0,,0,0,0,0,0,0,0,0,0.0,0,0,0,0,0,64.0,64196.0,0,0,0,54,eth:ethertype:ip:tcp,,,,,,,,,,,0.0,Normal,0.0
1744303784889480,10.42.0.1,10.42.0.139,1883,50007,1,45,0,1,0,0,1,0,4,0,0,0,0,0.0,0,,0,2,,0,0,0,0,2,0,0,0,0.0,0x00,0,0,0,0,64.0,64196.0,0,0,0,58,eth:ethertype:ip:tcp:mqtt,,,,,,,,,,,0.0,Normal,0.0
1744303784941693,10.42.0.1,10.42.0.139,1883,50007,5,234,0,1,0,0,0,0,0,0,0,0,0,0.0,0,,0,0,,0,0,0,0,0,0,0,0,0.0,0,0,0,0,0,64.0,64007.0,0,0,0,54,eth:ethertype:ip:tcp,,,,,,,,,,,0.0,Normal,0.0
1744303784941765,10.42.0.1,10.42.0.139,1883,50007,5,234,0,1,1,0,0,0,0,0,0,0,0,0.0,0,,0,0,,0,0,0,0,0,0,0,0,0.0,0,0,0,0,0,64.0,64007.0,0,0,0,54,eth:ethertype:ip:tcp,,,,,,,,,,,0.0,Normal,0.0
1744303799876657,10.42.0.1,10.42.0.2,1883,50007,0,1,1,1,0,0,0,0,0,0,0,0,0,0.0,0,,0,0,,0,0,0,0,0,0,0,0,0.0,0,0,0,0,0,64.0,64240.0,0,0,0,58,eth:ethertype:ip:tcp,,,,,,,,,,,0.0,Normal,0.0
1744303799882717,10.42.0.1,10.42.0.2,1883,50007,1,4,0,1,0,0,0,0,0,0,0,0,0,0.0,0,,0,0,,0,0,0,0,0,0,0,0,0.0,0,0,0,0,0,64.0,64237.0,0,0,0,54,eth:ethertype:ip:tcp,,,,,,,,,,,0.0,Normal,0.0
1744303799886173,10.42.0.1,10.42.0.2,1883,50007,1,33,0,1,0,0,0,0,0,0,0,0,0,0.0,0,,0,0,,0,0,0,0,0,0,0,0,0.0,0,0,0,0,0,64.0,64208.0,0,0,0,54,eth:ethertype:ip:tcp,,,,,,,,,,,0.0,Normal,0.0
1744303799889226,10.42.0.1,10.42.0.2,1883,50007,1,45,0,1,0,0,0,0,0,0,0,0,0,0.0,0,,0,0,,0,0,0,0,0,0,0,0,0.0,0,0,0,0,0,64.0,64196.0,0,0,0,54,eth:ethertype:ip:tcp,,,,,,,,,,,0.0,Normal,0.0
1744303799889480,10.42.0.1,10.42.0.2,1883,50007,1,45,0,1,0,0,1,0,4,0,0,0,0,0.0,0,,0,2,,0,0,0,0,2,0,0,0,0.0,0x00,0,0,0,0,64.0,64196.0,0,0,0,58,eth:ethertype:ip:tcp:mqtt,,,,,,,,,,,0.0,Normal,0.0
1744303799941693,10.42.0.1,10.42.0.2,1883,50007,5,234,0,1,0,0,0,0,0,0,0,0,0,0.0,0,,0,0,,0,0,0,0,0,0,0,0,0.0,0,0,0,0,0,64.0,64007.0,0,0,0,54,eth:ethertype:ip:tcp,,,,,,,,,,,0.0,Normal,0.0
1744303799941765,10.42.0.1,10.42.0.2,1883,50007,5,234,0,1,1,0,0,0,0,0,0,0,0,0.0,0,,0,0,,0,0,0,0,0,0,0,0,0.0,0,0,0,0,0,64.0,64007.0,0,0,0,54,eth:ethertype:ip:tcp,,,,,,,,,,,0.0,Normal,0.0
1744303814946727,10.42.0.1,10.42.0.139,1883,50008,0,1,1,1,0,0,0,0,0,0,0,0,0,0.0,0,,0,0,,0,0,0,0,0,0,0,0,0.0,0,0,0,0,0,64.0,64240.0,0,0,0,58,eth:ethertype:ip:tcp,,,,,,,,,,,0.0,Normal,0.0
1744303814952862,10.42.0.1,10.42.0.139,1883,50008,1,4,0,1,0,0,0,0,0,0,0,0,0,0.0,0,,0,0,,0,0,0,0,0,0,0,0,0.0,0,0,0,0,0,64.0,64237.0,0,0,0,54,eth:ethertype:ip:tcp,,,,,,,,,,,0.0,Normal,0.0
1744303814956341,10.42.0.1,10.42.0.139,1883,50008,1,33,0,1,0,0,0,0,0,0,0,0,0,0.0,0,,0,0,,0,0,0,0,0,0,0,0,0.0,0,0,0,0,0,64.0,64208.0,0,0,0,54,eth:ethertype:ip:tcp,,,,,,,,,,,0.0,Normal,0.0
1744303814959882,10.42.0.1,10.42.0.139,1883,50008,1,45,0,1,0,0,0,0,0,0,0,0,0,0.0,0,,0,0,,0,0,0,0,0,0,0,0,0.0,0,0,0,0,0,64.0,64196.0,0,0,0,54,eth:ethertype:ip:tcp,,,,,,,,,,,0.0,Normal,0.0
1744303814960213,10.42.0.1,10.42.0.139,1883,50008,1,45,0,1,0,0,1,0,4,0,0,0,0,0.0,0,,0,2,,0,0,0,0,2,0,0,0,0.0,0x00,0,0,0,0,64.0,64196.0,0,0,0,58,eth:ethertype:ip:tcp:mqtt,,,,,,,,,,,0.0,Normal,0.0
1744303815008233,10.42.0.1,10.42.0.139,1883,50008,5,234,0,1,0,0,0,0,0,0,0,0,0,0.0,0,,0,0,,0,0,0,0,0,0,0,0,0.0,0,0,0,0,0,64.0,64007.0,0,0,0,54,eth:ethertype:ip:tcp,,,,,,,,,,,0.0,Normal,0.0
1744303815008328,10.42.0.1,10.42.0.139,1883,50008,5,234,0,1,1,0,0,0,0,0,0,0,0,0.0,0,,0,0,,0,0,0,0,0,0,0,0,0.0,0,0,0,0,0,64.0,64007.0,0,0,0,54,eth:ethertype:ip:tcp,,,,,,,,,,,0.0,Normal,0.0
1744303829946727,10.42.0.1,10.42.0.2,1883,50008,0,1,1,1,0,0,0,0,0,0,0,0,0,0.0,0,,0,0,,0,0,0,0,0,0,0,0,0.0,0,0,0,0,0,64.0,64240.0,0,0,0,58,eth:ethertype:ip:tcp,,,,,,,,,,,0.0,Normal,0.0
1744303829952862,10.42.0.1,10.42.0.2,1883,50008,1,4,0,1,0,0,0,0,0,0,0,0,0,0.0,0,,0,0,,0,0,0,0,0,0,0,0,0.0,0,0,0,0,0,64.0,64237.0,0,0,0,54,eth:ethertype:ip:tcp,,,,,,,,,,,0.0,Normal,0.0
1744303829956341,10.42.0.1,10.42.0.2,1883,50008,1,33,0,1,0,0,0,0,0,0,0,0,0,0.0,0,,0,0,,0,0,0,0,0,0,0,0,0.0,0,0,0,0,0,64.0,64208.0,0,0,0,54,eth:ethertype:ip:tcp,,,,,,,,,,,0.0,Normal,0.0
1744303829959882,10.42.0.1,10.42.0.2,1883,50008,1,45,0,1,0,0,0,0,0,0,0,0,0,0.0,0,,0,0,,0,0,0,0,0,0,0,0,0.0,0,0,0,0,0,64.0,64196.0,0,0,0,54,eth:ethertype:ip:tcp,,,,,,,,,,,0.0,Normal,0.0
1744303829960213,10.42.0.1,10.42.0.2,1883,50008,1,45,0,1,0,0,1,0,4,0,0,0,0,0.0,0,,0,2,,0,0,0,0,2,0,0,0,0.0,0x00,0,0,0,0,64.0,64196.0,0,0,0,58,eth:ethertype:ip:tcp:mqtt,,,,,,,,,,,0.0,Normal,0.0
1744303830008233,10.42.0.1,10.42.0.2,1883,50008,5,234,0,1,0,0,0,0,0,0,0,0,0,0.0,0,,0,0,,0,0,0,0,0,0,0,0,0.0,0,0,0,0,0,64.0,64007.0,0,0,0,54,eth:ethertype:ip:tcp,,,,,,,,,,,0.0,Normal,0.0
1744303830008328,10.42.0.1,10.42.0.2,1883,50008,5,234,0,1,1,0,0,0,0,0,0,0,0,0.0,0,,0,0,,0,0,0,0,0,0,0,0,0.0,0,0,0,0,0,64.0,64007.0,0,0,0,54,eth:ethertype:ip:tcp,,,,,,,,,,,0.0,Normal,0.0
1744303845014304,10.42.0.1,10.42.0.139,1883,50009,0,1,1,1,0,0,0,0,0,0,0,0,0,0.0,0,,0,0,,0,0,0,0,0,0,0,0,0.0,0,0,0,0,0,64.0,64240.0,0,0,0,58,eth:ethertype:ip:tcp,,,,,,,,,,,0.0,Normal,0.0
1744303845020469,10.42.0.1,10.42.0.139,1883,50009,1,4,0,1,0,0,0,0,0,0,0,0,0,0.0,0,,0,0,,0,0,0,0,0,0,0,0,0.0,0,0,0,0,0,64.0,64237.0,0,0,0,54,eth:ethertype:ip:tcp,,,,,,,,,,,0.0,Normal,0.0
1744303845023841,10.42.0.1,10.42.0.139,1883,50009,1,33,0,1,0,0,0,0,0,0,0,0,0,0.0,0,,0,0,,0,0,0,0,0,0,0,0,0.0,0,0,0,0,0,64.0,64208.0,0,0,0,54,eth:ethertype:ip:tcp,,,,,,,,,,,0.0,Normal,0.0
1744303845027005,10.42.0.1,10.42.0.139,1883,50009,1,45,0,1,0,0,0,0,0,0,0,0,0,0.0,0,,0,0,,0,0,0,0,0,0,0,0,0.0,0,0,0,0,0,64.0,64196.0,0,0,0,54,eth:ethertype:ip:tcp,,,,,,,,,,,0.0,Normal,0.0
1744303845027374,10.42.0.1,10.42.0.139,1883,50009,1,45,0,1,0,0,1,0,4,0,0,0,0,0.0,0,,0,2,,0,0,0,0,2,0,0,0,0.0,0x00,0,0,0,0,64.0,64196.0,0,0,0,58,eth:ethertype:ip:tcp:mqtt,,,,,,,,,,,0.0,Normal,0.0
1744303845075702,10.42.0.1,10.42.0.139,1883,50009,5,234,0,1,0,0,0,0,0,0,0,0,0,0.0,0,,0,0,,0,0,0,0,0,0,0,0,0.0,0,0,0,0,0,64.0,64007.0,0,0,0,54,eth:ethertype:ip:tcp,,,,,,,,,,,0.0,Normal,0.0
1744303845075738,10.42.0.1,10.42.0.139,1883,50009,5,234,0,1,1,0,0,0,0,0,0,0,0,0.0,0,,0,0,,0,0,0,0,0,0,0,0,0.0,0,0,0,0,0,64.0,64007.0,0,0,0,54,eth:ethertype:ip:tcp,,,,,,,,,,,0.0,Normal,0.0
1744303860014304,10.42.0.1,10.42.0.2,1883,50009,0,1,1,1,0,0,0,0,0,0,0,0,0,0.0,0,,0,0,,0,0,0,0,0,0,0,0,0.0,0,0,0,0,0,64.0,64240.0,0,0,0,58,eth:ethertype:ip:tcp,,,,,,,,,,,0.0,Normal,0.0
1744303860020469,10.42.0.1,10.42.0.2,1883,50009,1,4,0,1,0,0,0,0,0,0,0,0,0,0.0,0,,0,0,,0,0,0,0,0,0,0,0,0.0,0,0,0,0,0,64.0,64237.0,0,0,0,54,eth:ethertype:ip:tcp,,,,,,,,,,,0.0,Normal,0.0
1744303860023841,10.42.0.1,10.42.0.2,1883,50009,1,33,0,1,0,0,0,0,0,0,0,0,0,0.0,0,,0,0,,0,0,0,0,0,0,0,0,0.0,0,0,0,0,0,64.0,64208.0,0,0,0,54,eth:ethertype:ip:tcp,,,,,,,,,,,0.0,Normal,0.0
1744303860027005,10.42.0.1,10.42.0.2,1883,50009,1,45,0,1,0,0,0,0,0,0,0,0,0,0.0,0,,0,0,,0,0,0,0,0,0,0,0,0.0,0,0,0,0,0,64.0,64196.0,0,0,0,54,eth:ethertype:ip:tcp,,,,,,,,,,,0.0,Normal,0.0
1744303860027374,10.42.0.1,10.42.0.2,1883,50009,1,45,0,1,0,0,1,0,4,0,0,0,0,0.0,0,,0,2,,0,0,0,0,2,0,0,0,0.0,0x00,0,0,0,0,64.0,64196.0,0,0,0,58,eth:ethertype:ip:tcp:mqtt,,,,,,,,,,,0.0,Normal,0.0
1744303860075702,10.42.0.1,10.42.0.2,1883,50009,5,234,0,1,0,0,0,0,0,0,0,0,0,0.0,0,,0,0,,0,0,0,0,0,0,0,0,0.0,0,0,0,0,0,64.0,64007.0,0,0,0,54,eth:ethertype:ip:tcp,,,,,,,,,,,0.0,Normal,0.0
1744303860075738,10.42.0.1,10.42.0.2,1883,50009,5,234,0,1,1,0,0,0,0,0,0,0,0,0.0,0,,0,0,,0,0,0,0,0,0,0,0,0.0,0,0,0,0,0,64.0,64007.0,0,0,0,54,eth:ethertype:ip:tcp,,,,,,,,,,,0.0,Normal,0.0
1744303875084484,10.42.0.1,10.42.0.139,1883,50010,0,1,1,1,0,0,0,0,0,0,0,0,0,0.0,0,,0,0,,0,0,0,0,0,0,0,0,0.0,0,0,0,0,0,64.0,64240.0,0,0,0,58,eth:ethertype:ip:tcp,,,,,,,,,,,0.0,Normal,0.0
1744303875090494,10.42.0.1,10.42.0.139,1883,50010,1,4,0,1,0,0,0,0,0,0,0,0,0,0.0,0,,0,0,,0,0,0,0,0,0,0,0,0.0,0,0,0,0,0,64.0,64237.0,0,0,0,54,eth:ethertype:ip:tcp,,,,,,,,,,,0.0,Normal,0.0
1744303875093957,10.42.0.1,10.42.0.139,1883,50010,1,33,0,1,0,0,0,0,0,0,0,0,0,0.0,0,,0,0,,0,0,0,0,0,0,0,0,0.0,0,0,0,0,0,64.0,64208.0,0,0,0,54,eth:ethertype:ip:tcp,,,,,,,,,,,0.0,Normal,0.0
1744303875097187,10.42.0.1,10.42.0.139,1883,50010,1,45,0,1,0,0,0,0,0,0,0,0,0,0.0,0,,0,0,,0,0,0,0,0,0,0,0,0.0,0,0,0,0,0,64.0,64196.0,0,0,0,54,eth:ethertype:ip:tcp,,,,,,,,,,,0.0,Normal,0.0
1744303875097575,10.42.0.1,10.42.0.139,1883,50010,1,45,0,1,0,0,1,0,4,0,0,0,0,0.0,0,,0,2,,0,0,0,0,2,0,0,0,0.0,0x00,0,0,0,0,64.0,64196.0,0,0,0,58,eth:ethertype:ip:tcp:mqtt,,,,,,,,,,,0.0,Normal,0.0
1744303875144945,10.42.0.1,10.42.0.139,1883,50010,5,234,0,1,0,0,0,0,0,0,0,0,0,0.0,0,,0,0,,0,0,0,0,0,0,0,0,0.0,0,0,0,0,0,64.0,64007.0,0,0,0,54,eth:ethertype:ip:tcp,,,,,,,,,,,0.0,Normal,0.0
1744303875145044,10.42.0.1,10.42.0.139,1883,50010,5,234,0,1,1,0,0,0,0,0,0,0,0,0.0,0,,0,0,,0,0,0,0,0,0,0,0,0.0,0,0,0,0,0,64.0,64007.0,0,0,0,54,eth:ethertype:ip:tcp,,,,,,,,,,,0.0,Normal,0.0
1744303890084484,10.42.0.1,10.42.0.2,1883,50010,0,1,1,1,0,0,0,0,0,0,0,0,0,0.0,0,,0,0,,0,0,0,0,0,0,0,0,0.0,0,0,0,0,0,64.0,64240.0,0,0,0,58,eth:ethertype:ip:tcp,,,,,,,,,,,0.0,Normal,0.0
1744303890090494,10.42.0.1,10.42.0.2,1883,50010,1,4,0,1,0,0,0,0,0,0,0,0,0,0.0,0,,0,0,,0,0,0,0,0,0,0,0,0.0,0,0,0,0,0,64.0,64237.0,0,0,0,54,eth:ethertype:ip:tcp,,,,,,,,,,,0.0,Normal,0.0
1744303890093957,10.42.0.1,10.42.0.2,1883,50010,1,33,0,1,0,0,0,0,0,0,0,0,0,0.0,0,,0,0,,0,0,0,0,0,0,0,0,0.0,0,0,0,0,0,64.0,64208.0,0,0,0,54,eth:ethertype:ip:tcp,,,,,,,,,,,0.0,Normal,0.0
1744303890097187,10.42.0.1,10.42.0.2,1883,50010,1,45,0,1,0,0,0,0,0,0,0,0,0,0.0,0,,0,0,,0,0,0,0,0,0,0,0,0.0,0,0,0,0,0,64.0,64196.0,0,0,0,54,eth:ethertype:ip:tcp,,,,,,,,,,,0.0,Normal,0.0
1744303890097575,10.42.0.1,10.42.0.2,1883,50010,1,45,0,1,0,0,1,0,4,0,0,0,0,0.0,0,,0,2,,0,0,0,0,2,0,0,0,0.0,0x00,0,0,0,0,64.0,64196.0,0,0,0,58,eth:ethertype:ip:tcp:mqtt,,,,,,,,,,,0.0,Normal,0.0
1744303890144945,10.42.0.1,10.42.0.2,1883,50010,5,234,0,1,0,0,0,0,0,0,0,0,0,0.0,0,,0,0,,0,0,0,0,0,0,0,0,0.0,0,0,0,0,0,64.0,64007.0,0,0,0,54,eth:ethertype:ip:tcp,,,,,,,,,,,0.0,Normal,0.0
1744303890145044,10.42.0.1,10.42.0.2,1883,50010,5,234,0,1,1,0,0,0,0,0,0,0,0,0.0,0,,0,0,,0,0,0,0,0,0,0,0,0.0,0,0,0,0,0,64.0,64007.0,0,0,0,54,eth:ethertype:ip:tcp,,,,,,,,,,,0.0,Normal,0.0
1744303905153871,10.42.0.1,10.42.0.139,1883,50011,0,1,1,1,0,0,0,0,0,0,0,0,0,0.0,0,,0,0,,0,0,0,0,0,0,0,0,0.0,0,0,0,0,0,64.0,64240.0,0,0,0,58,eth:ethertype:ip:tcp,,,,,,,,,,,0.0,Normal,0.0
1744303905164074,10.42.0.1,10.42.0.139,1883,50011,1,4,0,1,0,0,0,0,0,0,0,0,0,0.0,0,,0,0,,0,0,0,0,0,0,0,0,0.0,0,0,0,0,0,64.0,64237.0,0,0,0,54,eth:ethertype:ip:tcp,,,,,,,,,,,0.0,Normal,0.0
1744303905167585,10.42.0.1,10.42.0.139,1883,50011,1,33,0,1,0,0,0,0,0,0,0,0,0,0.0,0,,0,0,,0,0,0,0,0,0,0,0,0.0,0,0,0,0,0,64.0,64208.0,0,0,0,54,eth:ethertype:ip:tcp,,,,,,,,,,,0.0,Normal,0.0
1744303905170786,10.42.0.1,10.42.0.139,1883,50011,1,45,0,1,0,0,0,0,0,0,0,0,0,0.0,0,,0,0,,0,0,0,0,0,0,0,0,0.0,0,0,0,0,0,64.0,64196.0,0,0,0,54,eth:ethertype:ip:tcp,,,,,,,,,,,0.0,Normal,0.0
1744303905171104,10.42.0.1,10.42.0.139,1883,50011,1,45,0,1,0,0,1,0,4,0,0,0,0,0.0,0,,0,2,,0,0,0,0,2,0,0,0,0.0,0x00,0,0,0,0,64.0,64196.0,0,0,0,58,eth:ethertype:ip:tcp:mqtt,,,,,,,,,,,0.0,Normal,0.0
1744303905224499,10.42.0.1,10.42.0.139,1883,50011,5,234,0,1,0,0,0,0,0,0,0,0,0,0.0,0,,0,0,,0,0,0,0,0,0,0,0,0.0,0,0,0,0,0,64.0,64007.0,0,0,0,54,eth:ethertype:ip:tcp,,,,,,,,,,,0.0,Normal,0.0
1744303905224580,10.42.0.1,10.42.0.139,1883,50011,5,234,0,1,1,0,0,0,0,0,0,0,0,0.0,0,,0,0,,0,0,0,0,0,0,0,0,0.0,0,0,0,0,0,64.0,64007.0,0,0,0,54,eth:ethertype:ip:tcp,,,,,,,,,,,0.0,Normal,0.0
1744303920153871,10.42.0.1,10.42.0.2,1883,50011,0,1,1,1,0,0,0,0,0,0,0,0,0,0.0,0,,0,0,,0,0,0,0,0,0,0,0,0.0,0,0,0,0,0,64.0,64240.0,0,0,0,58,eth:ethertype:ip:tcp,,,,,,,,,,,0.0,Normal,0.0
1744303920164074,10.42.0.1,10.42.0.2,1883,50011,1,4,0,1,0,0,0,0,0,0,0,0,0,0.0,0,,0,0,,0,0,0,0,0,0,0,0,0.0,0,0,0,0,0,64.0,64237.0,0,0,0,54,eth:ethertype:ip:tcp,,,,,,,,,,,0.0,Normal,0.0
1744303920167585,10.42.0.1,10.42.0.2,1883,50011,1,33,0,1,0,0,0,0,0,0,0,0,0,0.0,0,,0,0,,0,0,0,0,0,0,0,0,0.0,0,0,0,0,0,64.0,64208.0,0,0,0,54,eth:ethertype:ip:tcp,,,,,,,,,,,0.0,Normal,0.0
1744303920170786,10.42.0.1,10.42.0.2,1883,50011,1,45,0,1,0,0,0,0,0,0,0,0,0,0.0,0,,0,0,,0,0,0,0,0,0,0,0,0.0,0,0,0,0,0,64.0,64196.0,0,0,0,54,eth:ethertype:ip:tcp,,,,,,,,,,,0.0,Normal,0.0
1744303920171104,10.42.0.1,10.42.0.2,1883,50011,1,45,0,1,0,0,1,0,4,0,0,0,0,0.0,0,,0,2,,0,0,0,0,2,0,0,0,0.0,0x00,0,0,0,0,64.0,64196.0,0,0,0,58,eth:ethertype:ip:tcp:mqtt,,,,,,,,,,,0.0,Normal,0.0
1744303920224499,10.42.0.1,10.42.0.2,1883,50011,5,234,0,1,0,0,0,0,0,0,0,0,0,0.0,0,,0,0,,0,0,0,0,0,0,0,0,0.0,0,0,0,0,0,64.0,64007.0,0,0,0,54,eth:ethertype:ip:tcp,,,,,,,,,,,0.0,Normal,0.0
1744303920224580,10.42.0.1,10.42.0.2,1883,50011,5,234,0,1,1,0,0,0,0,0,0,0,0,0.0,0,,0,0,,0,0,0,0,0,0,0,0,0.0,0,0,0,0,0,64.0,64007.0,0,0,0,54,eth:ethertype:ip:tcp,,,,,,,,,,,0.0,Normal,0.0
1744303935233224,10.42.0.1,10.42.0.139,1883,50012,0,1,1,1,0,0,0,0,0,0,0,0,0,0.0,0,,0,0,,0,0,0,0,0,0,0,0,0.0,0,0,0,0,0,64.0,64240.0,0,0,0,58,eth:ethertype:ip:tcp,,,,,,,,,,,0.0,Normal,0.0
1744303935239269,10.42.0.1,10.42.0.139,1883,50012,1,4,0,1,0,0,0,0,0,0,0,0,0,0.0,0,,0,0,,0,0,0,0,0,0,0,0,0.0,0,0,0,0,0,64.0,64237.0,0,0,0,54,eth:ethertype:ip:tcp,,,,,,,,,,,0.0,Normal,0.0
1744303935242675,10.42.0.1,10.42.0.139,1883,50012,1,33,0,1,0,0,0,0,0,0,0,0,0,0.0,0,,0,0,,0,0,0,0,0,0,0,0,0.0,0,0,0,0,0,64.0,64208.0,0,0,0,54,eth:ethertype:ip:tcp,,,,,,,,,,,0.0,Normal,0.0
1744303935245704,10.42.0.1,10.42.0.139,1883,50012,1,45,0,1,0,0,0,0,0,0,0,0,0,0.0,0,,0,0,,0,0,0,0,0,0,0,0,0.0,0,0,0,0,0,64.0,64196.0,0,0,0,54,eth:ethertype:ip:tcp,,,,,,,,,,,0.0,Normal,0.0
1744303935246060,10.42.0.1,10.42.0.139,1883,50012,1,45,0,1,0,0,1,0,4,0,0,0,0,0.0,0,,0,2,,0,0,0,0,2,0,0,0,0.0,0x00,0,0,0,0,64.0,64196.0,0,0,0,58,eth:ethertype:ip:tcp:mqtt,,,,,,,,,,,0.0,Normal,0.0
1744303935293569,10.42.0.1,10.42.0.139,1883,50012,5,234,0,1,0,0,0,0,0,0,0,0,0,0.0,0,,0,0,,0,0,0,0,0,0,0,0,0.0,0,0,0,0,0,64.0,64007.0,0,0,0,54,eth:ethertype:ip:tcp,,,,,,,,,,,0.0,Normal,0.0
1744303935293602,10.42.0.1,10.42.0.139,1883,50012,5,234,0,1,1,0,0,0,0,0,0,0,0,0.0,0,,0,0,,0,0,0,0,0,0,0,0,0.0,0,0,0,0,0,64.0,64007.0,0,0,0,54,eth:ethertype:ip:tcp,,,,,,,,,,,0.0,Normal,0.0
1744303950233224,10.42.0.1,10.42.0.2,1883,50012,0,1,1,1,0,0,0,0,0,0,0,0,0,0.0,0,,0,0,,0,0,0,0,0,0,0,0,0.0,0,0,0,0,0,64.0,64240.0,0,0,0,58,eth:ethertype:ip:tcp,,,,,,,,,,,0.0,Normal,0.0
1744303950239269,10.42.0.1,10.42.0.2,1883,50012,1,4,0,1,0,0,0,0,0,0,0,0,0,0.0,0,,0,0,,0,0,0,0,0,0,0,0,0.0,0,0,0,0,0,64.0,64237.0,0,0,0,54,eth:ethertype:ip:tcp,,,,,,,,,,,0.0,Normal,0.0
1744303950242675,10.42.0.1,10.42.0.2,1883,50012,1,33,0,1,0,0,0,0,0,0,0,0,0,0.0,0,,0,0,,0,0,0,0,0,0,0,0,0.0,0,0,0,0,0,64.0,64208.0,0,0,0,54,eth:ethertype:ip:tcp,,,,,,,,,,,0.0,Normal,0.0
1744303950245704,10.42.0.1,10.42.0.2,1883,50012,1,45,0,1,0,0,0,0,0,0,0,0,0,0.0,0,,0,0,,0,0,0,0,0,0,0,0,0.0,0,0,0,0,0,64.0,64196.0,0,0,0,54,eth:ethertype:ip:tcp,,,,,,,,,,,0.0,Normal,0.0
1744303950246060,10.42.0.1,10.42.0.2,1883,50012,1,45,0,1,0,0,1,0,4,0,0,0,0,0.0,0,,0,2,,0,0,0,0,2,0,0,0,0.0,0x00,0,0,0,0,64.0,64196.0,0,0,0,58,eth:ethertype:ip:tcp:mqtt,,,,,,,,,,,0.0,Normal,0.0
1744303950293569,10.42.0.1,10.42.0.2,1883,50012,5,234,0,1,0,0,0,0,0,0,0,0,0,0.0,0,,0,0,,0,0,0,0,0,0,0,0,0.0,0,0,0,0,0,64.0,64007.0,0,0,0,54,eth:ethertype:ip:tcp,,,,,,,,,,,0.0,Normal,0.0
1744303950293602,10.42.0.1,10.42.0.2,1883,50012,5,234,0,1,1,0,0,0,0,0,0,0,0,0.0,0,,0,0,,0,0,0,0,0,0,0,0,0.0,0,0,0,0,0,64.0,64007.0,0,0,0,54,eth:ethertype:ip:tcp,,,,,,,,,,,0.0,Normal,0.0
1744303965302466,10.42.0.1,10.42.0.139,1883,50013,0,1,1,1,0,0,0,0,0,0,0,0,0,0.0,0,,0,0,,0,0,0,0,0,0,0,0,0.0,0,0,0,0,0,64.0,64240.0,0,0,0,58,eth:ethertype:ip:tcp,,,,,,,,,,,0.0,Normal,0.0
1744303965308439,10.42.0.1,10.42.0.139,1883,50013,1,4,0,1,0,0,0,0,0,0,0,0,0,0.0,0,,0,0,,0,0,0,0,0,0,0,0,0.0,0,0,0,0,0,64.0,64237.0,0,0,0,54,eth:ethertype:ip:tcp,,,,,,,,,,,0.0,Normal,0.0
1744303965311824,10.42.0.1,10.42.0.139,1883,50013,1,33,0,1,0,0,0,0,0,0,0,0,0,0.0,0,,0,0,,0,0,0,0,0,0,0,0,0.0,0,0,0,0,0,64.0,64208.0,0,0,0,54,eth:ethertype:ip:tcp,,,,,,,,,,,0.0,Normal,0.0
1744303965314949,10.42.0.1,10.42.0.139,1883,50013,1,45,0,1,0,0,0,0,0,0,0,0,0,0.0,0,,0,0,,0,0,0,0,0,0,0,0,0.0,0,0,0,0,0,64.0,64196.0,0,0,0,54,eth:ethertype:ip:tcp,,,,,,,,,,,0.0,Normal,0.0
1744303965315305,10.42.0.1,10.42.0.139,1883,50013,1,45,0,1,0,0,1,0,4,0,0,0,0,0.0,0,,0,2,,0,0,0,0,2,0,0,0,0.0,0x00,0,0,0,0,64.0,64196.0,0,0,0,58,eth:ethertype:ip:tcp:mqtt,,,,,,,,,,,0.0,Normal,0.0
1744303965363337,10.42.0.1,10.42.0.139,1883,50013,5,234,0,1,0,0,0,0,0,0,0,0,0,0.0,0,,0,0,,0,0,0,0,0,0,0,0,0.0,0,0,0,0,0,64.0,64007.0,0,0,0,54,eth:ethertype:ip:tcp,,,,,,,,,,,0.0,Normal,0.0
1744303965363377,10.42.0.1,10.42.0.139,1883,50013,5,234,0,1,1,0,0,0,0,0,0,0,0,0.0,0,,0,0,,0,0,0,0,0,0,0,0,0.0,0,0,0,0,0,64.0,64007.0,0,0,0,54,eth:ethertype:ip:tcp,,,,,,,,,,,0.0,Normal,0.0
1744303980302466,10.42.0.1,10.42.0.2,1883,50013,0,1,1,1,0,0,0,0,0,0,0,0,0,0.0,0,,0,0,,0,0,0,0,0,0,0,0,0.0,0,0,0,0,0,64.0,64240.0,0,0,0,58,eth:ethertype:ip:tcp,,,,,,,,,,,0.0,Normal,0.0
1744303980308439,10.42.0.1,10.42.0.2,1883,50013,1,4,0,1,0,0,0,0,0,0,0,0,0,0.0,0,,0,0,,0,0,0,0,0,0,0,0,0.0,0,0,0,0,0,64.0,64237.0,0,0,0,54,eth:ethertype:ip:tcp,,,,,,,,,,,0.0,Normal,0.0
1744303980311824,10.42.0.1,10.42.0.2,1883,50013,1,33,0,1,0,0,0,0,0,0,0,0,0,0.0,0,,0,0,,0,0,0,0,0,0,0,0,0.0,0,0,0,0,0,64.0,64208.0,0,0,0,54,eth:ethertype:ip:tcp,,,,,,,,,,,0.0,Normal,0.0
1744303980314949,10.42.0.1,10.42.0.2,1883,50013,1,45,0,1,0,0,0,0,0,0,0,0,0,0.0,0,,0,0,,0,0,0,0,0,0,0,0,0.0,0,0,0,0,0,64.0,64196.0,0,0,0,54,eth:ethertype:ip:tcp,,,,,,,,,,,0.0,Normal,0.0
1744303980315305,10.42.0.1,10.42.0.2,1883,50013,1,45,0,1,0,0,1,0,4,0,0,0,0,0.0,0,,0,2,,0,0,0,0,2,0,0,0,0.0,0x00,0,0,0,0,64.0,64196.0,0,0,0,58,eth:ethertype:ip:tcp:mqtt,,,,,,,,,,,0.0,Normal,0.0
1744303980363337,10.42.0.1,10.42.0.2,1883,50013,5,234,0,1,0,0,0,0,0,0,0,0,0,0.0,0,,0,0,,0,0,0,0,0,0,0,0,0.0,0,0,0,0,0,64.0,64007.0,0,0,0,54,eth:ethertype:ip:tcp,,,,,,,,,,,0.0,Normal,0.0
1744303980363377,10.42.0.1,10.42.0.2,1883,50013,5,234,0,1,1,0,0,0,0,0,0,0,0,0.0,0,,0,0,,0,0,0,0,0,0,0,0,0.0,0,0,0,0,0,64.0,64007.0,0,0,0,54,eth:ethertype:ip:tcp,,,,,,,,,,,0.0,Normal,0.0
1744303995378545,10.42.0.1,10.42.0.139,1883,50014,0,1,1,1,0,0,0,0,0,0,0,0,0,0.0,0,,0,0,,0,0,0,0,0,0,0,0,0.0,0,0,0,0,0,64.0,64240.0,0,0,0,58,eth:ethertype:ip:tcp,,,,,,,,,,,0.0,Normal,0.0
1744303995384388,10.42.0.1,10.42.0.139,1883,50014,1,4,0,1,0,0,0,0,0,0,0,0,0,0.0,0,,0,0,,0,0,0,0,0,0,0,0,0.0,0,0,0,0,0,64.0,64237.0,0,0,0,54,eth:ethertype:ip:tcp,,,,,,,,,,,0.0,Normal,0.0
1744303995387626,10.42.0.1,10.42.0.139,1883,50014,1,33,0,1,0,0,0,0,0,0,0,0,0,0.0,0,,0,0,,0,0,0,0,0,0,0,0,0.0,0,0,0,0,0,64.0,64208.0,0,0,0,54,eth:ethertype:ip:tcp,,,,,,,,,,,0.0,Normal,0.0
1744303995390862,10.42.0.1,10.42.0.139,1883,50014,1,45,0,1,0,0,0,0,0,0,0,0,0,0.0,0,,0,0,,0,0,0,0,0,0,0,0,0.0,0,0,0,0,0,64.0,64196.0,0,0,0,54,eth:ethertype:ip:tcp,,,,,,,,,,,0.0,Normal,0.0
1744303995391186,10.42.0.1,10.42.0.139,1883,50014,1,45,0,1,0,0,1,0,4,0,0,0,0,0.0,0,,0,2,,0,0,0,0,2,0,0,0,0.0,0x00,0,0,0,0,64.0,64196.0,0,0,0,58,eth:ethertype:ip:tcp:mqtt,,,,,,,,,,,0.0,Normal,0.0
1744303995442284,10.42.0.1,10.42.0.139,1883,50014,5,234,0,1,0,0,0,0,0,0,0,0,0,0.0,0,,0,0,,0,0,0,0,0,0,0,0,0.0,0,0,0,0,0,64.0,64007.0,0,0,0,54,eth:ethertype:ip:tcp,,,,,,,,,,,0.0,Normal,0.0
1744303995442350,10.42.0.1,10.42.0.139,1883,50014,5,234,0,1,1,0,0,0,0,0,0,0,0,0.0,0,,0,0,,0,0,0,0,0,0,0,0,0.0,0,0,0,0,0,64.0,64007.0,0,0,0,54,eth:ethertype:ip:tcp,,,,,,,,,,,0.0,Normal,0.0
1744304010378545,10.42.0.1,10.42.0.2,1883,50014,0,1,1,1,0,0,0,0,0,0,0,0,0,0.0,0,,0,0,,0,0,0,0,0,0,0,0,0.0,0,0,0,0,0,64.0,64240.0,0,0,0,58,eth:ethertype:ip:tcp,,,,,,,,,,,0.0,Normal,0.0
1744304010384388,10.42.0.1,10.42.0.2,1883,50014,1,4,0,1,0,0,0,0,0,0,0,0,0,0.0,0,,0,0,,0,0,0,0,0,0,0,0,0.0,0,0,0,0,0,64.0,64237.0,0,0,0,54,eth:ethertype:ip:tcp,,,,,,,,,,,0.0,Normal,0.0
1744304010387626,10.42.0.1,10.42.0.2,1883,50014,1,33,0,1,0,0,0,0,0,0,0,0,0,0.0,0,,0,0,,0,0,0,0,0,0,0,0,0.0,0,0,0,0,0,64.0,64208.0,0,0,0,54,eth:ethertype:ip:tcp,,,,,,,,,,,0.0,Normal,0.0
1744304010390862,10.42.0.1,10.42.0.2,1883,50014,1,45,0,1,0,0,0,0,0,0,0,0,0,0.0,0,,0,0,,0,0,0,0,0,0,0,0,0.0,0,0,0,0,0,64.0,64196.0,0,0,0,54,eth:ethertype:ip:tcp,,,,,,,,,,,0.0,Normal,0.0
1744304010391186,10.42.0.1,10.42.0.2,1883,50014,1,45,0,1,0,0,1,0,4,0,0,0,0,0.0,0,,0,2,,0,0,0,0,2,0,0,0,0.0,0x00,0,0,0,0,64.0,64196.0,0,0,0,58,eth:ethertype:ip:tcp:mqtt,,,,,,,,,,,0.0,Normal,0.0
1744304010442284,10.42.0.1,10.42.0.2,1883,50014,5,234,0,1,0,0,0,0,0,0,0,0,0,0.0,0,,0,0,,0,0,0,0,0,0,0,0,0.0,0,0,0,0,0,64.0,64007.0,0,0,0,54,eth:ethertype:ip:tcp,,,,,,,,,,,0.0,Normal,0.0
1744304010442350,10.42.0.1,10.42.0.2,1883,50014,5,234,0,1,1,0,0,0,0,0,0,0,0,0.0,0,,0,0,,0,0,0,0,0,0,0,0,0.0,0,0,0,0,0,64.0,64007.0,0,0,0,54,eth:ethertype:ip:tcp,,,,,,,,,,,0.0,Normal,0.0
1744304025470011,10.42.0.1,10.42.0.139,1883,50015,0,1,1,1,0,0,0,0,0,0,0,0,0,0.0,0,,0,0,,0,0,0,0,0,0,0,0,0.0,0,0,0,0,0,64.0,64240.0,0,0,0,58,eth:ethertype:ip:tcp,,,,,,,,,,,0.0,Normal,0.0
1744304025476500,10.42.0.1,10.42.0.139,1883,50015,1,4,0,1,0,0,0,0,0,0,0,0,0,0.0,0,,0,0,,0,0,0,0,0,0,0,0,0.0,0,0,0,0,0,64.0,64237.0,0,0,0,54,eth:ethertype:ip:tcp,,,,,,,,,,,0.0,Normal,0.0
1744304025481948,10.42.0.1,10.42.0.139,1883,50015,1,45,0,1,0,0,0,0,0,0,0,0,0,0.0,0,,0,0,,0,0,0,0,0,0,0,0,0.0,0,0,0,0,0,64.0,64196.0,0,0,0,54,eth:ethertype:ip:tcp,,,,,,,,,,,0.0,Normal,0.0
1744304025482268,10.42.0.1,10.42.0.139,1883,50015,1,45,0,1,0,0,1,0,4,0,0,0,0,0.0,0,,0,2,,0,0,0,0,2,0,0,0,0.0,0x00,0,0,0,0,64.0,64196.0,0,0,0,58,eth:ethertype:ip:tcp:mqtt,,,,,,,,,,,0.0,Normal,0.0
1744304025531394,10.42.0.1,10.42.0.139,1883,50015,5,234,0,1,0,0,0,0,0,0,0,0,0,0.0,0,,0,0,,0,0,0,0,0,0,0,0,0.0,0,0,0,0,0,64.0,64007.0,0,0,0,54,eth:ethertype:ip:tcp,,,,,,,,,,,0.0,Normal,0.0
1744304025531443,10.42.0.1,10.42.0.139,1883,50015,5,234,0,1,1,0,0,0,0,0,0,0,0,0.0,0,,0,0,,0,0,0,0,0,0,0,0,0.0,0,0,0,0,0,64.0,64007.0,0,0,0,54,eth:ethertype:ip:tcp,,,,,,,,,,,0.0,Normal,0.0
1744304040470011,10.42.0.1,10.42.0.2,1883,50015,0,1,1,1,0,0,0,0,0,0,0,0,0,0.0,0,,0,0,,0,0,0,0,0,0,0,0,0.0,0,0,0,0,0,64.0,64240.0,0,0,0,58,eth:ethertype:ip:tcp,,,,,,,,,,,0.0,Normal,0.0
1744304040476500,10.42.0.1,10.42.0.2,1883,50015,1,4,0,1,0,0,0,0,0,0,0,0,0,0.0,0,,0,0,,0,0,0,0,0,0,0,0,0.0,0,0,0,0,0,64.0,64237.0,0,0,0,54,eth:ethertype:ip:tcp,,,,,,,,,,,0.0,Normal,0.0
1744304040481948,10.42.0.1,10.42.0.2,1883,50015,1,45,0,1,0,0,0,0,0,0,0,0,0,0.0,0,,0,0,,0,0,0,0,0,0,0,0,0.0,0,0,0,0,0,64.0,64196.0,0,0,0,54,eth:ethertype:ip:tcp,,,,,,,,,,,0.0,Normal,0.0
1744304040482268,10.42.0.1,10.42.0.2,1883,50015,1,45,0,1,0,0,1,0,4,0,0,0,0,0.0,0,,0,2,,0,0,0,0,2,0,0,0,0.0,0x00,0,0,0,0,64.0,64196.0,0,0,0,58,eth:ethertype:ip:tcp:mqtt,,,,,,,,,,,0.0,Normal,0.0
1744304040531394,10.42.0.1,10.42.0.2,1883,50015,5,234,0,1,0,0,0,0,0,0,0,0,0,0.0,0,,0,0,,0,0,0,0,0,0,0,0,0.0,0,0,0,0,0,64.0,64007.0,0,0,0,54,eth:ethertype:ip:tcp,,,,,,,,,,,0.0,Normal,0.0
1744304040531443,10.42.0.1,10.42.0.2,1883,50015,5,234,0,1,1,0,0,0,0,0,0,0,0,0.0,0,,0,0,,0,0,0,0,0,0,0,0,0.0,0,0,0,0,0,64.0,64007.0,0,0,0,54,eth:ethertype:ip:tcp,,,,,,,,,,,0.0,Normal,0.0
1744304055540512,10.42.0.1,10.42.0.139,1883,50016,0,1,1,1,0,0,0,0,0,0,0,0,0,0.0,0,,0,0,,0,0,0,0,0,0,0,0,0.0,0,0,0,0,0,64.0,64240.0,0,0,0,58,eth:ethertype:ip:tcp,,,,,,,,,,,0.0,Normal,0.0
1744304055546915,10.42.0.1,10.42.0.139,1883,50016,1,4,0,1,0,0,0,0,0,0,0,0,0,0.0,0,,0,0,,0,0,0,0,0,0,0,0,0.0,0,0,0,0,0,64.0,64237.0,0,0,0,54,eth:ethertype:ip:tcp,,,,,,,,,,,0.0,Normal,0.0
1744304055550371,10.42.0.1,10.42.0.139,1883,50016,1,33,0,1,0,0,0,0,0,0,0,0,0,0.0,0,,0,0,,0,0,0,0,0,0,0,0,0.0,0,0,0,0,0,64.0,64208.0,0,0,0,54,eth:ethertype:ip:tcp,,,,,,,,,,,0.0,Normal,0.0
1744304055553393,10.42.0.1,10.42.0.139,1883,50016,1,45,0,1,0,0,0,0,0,0,0,0,0,0.0,0,,0,0,,0,0,0,0,0,0,0,0,0.0,0,0,0,0,0,64.0,64196.0,0,0,0,54,eth:ethertype:ip:tcp,,,,,,,,,,,0.0,Normal,0.0
1744304055553725,10.42.0.1,10.42.0.139,1883,50016,1,45,0,1,0,0,1,0,4,0,0,0,0,0.0,0,,0,2,,0,0,0,0,2,0,0,0,0.0,0x00,0,0,0,0,64.0,64196.0,0,0,0,58,eth:ethertype:ip:tcp:mqtt,,,,,,,,,,,0.0,Normal,0.0
1744304055600727,10.42.0.1,10.42.0.139,1883,50016,5,234,0,1,0,0,0,0,0,0,0,0,0,0.0,0,,0,0,,0,0,0,0,0,0,0,0,0.0,0,0,0,0,0,64.0,64007.0,0,0,0,54,eth:ethertype:ip:tcp,,,,,,,,,,,0.0,Normal,0.0
1744304055600813,10.42.0.1,10.42.0.139,1883,50016,5,234,0,1,1,0,0,0,0,0,0,0,0,0.0,0,,0,0,,0,0,0,0,0,0,0,0,0.0,0,0,0,0,0,64.0,64007.0,0,0,0,54,eth:ethertype:ip:tcp,,,,,,,,,,,0.0,Normal,0.0
1744304070540512,10.42.0.1,10.42.0.2,1883,50016,0,1,1,1,0,0,0,0,0,0,0,0,0,0.0,0,,0,0,,0,0,0,0,0,0,0,0,0.0,0,0,0,0,0,64.0,64240.0,0,0,0,58,eth:ethertype:ip:tcp,,,,,,,,,,,0.0,Normal,0.0
1744304070546915,10.42.0.1,10.42.0.2,1883,50016,1,4,0,1,0,0,0,0,0,0,0,0,0,0.0,0,,0,0,,0,0,0,0,0,0,0,0,0.0,0,0,0,0,0,64.0,64237.0,0,0,0,54,eth:ethertype:ip:tcp,,,,,,,,,,,0.0,Normal,0.0
1744304070550371,10.42.0.1,10.42.0.2,1883,50016,1,33,0,1,0,0,0,0,0,0,0,0,0,0.0,0,,0,0,,0,0,0,0,0,0,0,0,0.0,0,0,0,0,0,64.0,64208.0,0,0,0,54,eth:ethertype:ip:tcp,,,,,,,,,,,0.0,Normal,0.0
1744304070553393,10.42.0.1,10.42.0.2,1883,50016,1,45,0,1,0,0,0,0,0,0,0,0,0,0.0,0,,0,0,,0,0,0,0,0,0,0,0,0.0,0,0,0,0,0,64.0,64196.0,0,0,0,54,eth:ethertype:ip:tcp,,,,,,,,,,,0.0,Normal,0.0
1744304070553725,10.42.0.1,10.42.0.2,1883,50016,1,45,0,1,0,0,1,0,4,0,0,0,0,0.0,0,,0,2,,0,0,0,0,2,0,0,0,0.0,0x00,0,0,0,0,64.0,64196.0,0,0,0,58,eth:ethertype:ip:tcp:mqtt,,,,,,,,,,,0.0,Normal,0.0
1744304070600727,10.42.0.1,10.42.0.2,1883,50016,5,234,0,1,0,0,0,0,0,0,0,0,0,0.0,0,,0,0,,0,0,0,0,0,0,0,0,0.0,0,0,0,0,0,64.0,64007.0,0,0,0,54,eth:ethertype:ip:tcp,,,,,,,,,,,0.0,Normal,0.0
1744304070600813,10.42.0.1,10.42.0.2,1883,50016,5,234,0,1,1,0,0,0,0,0,0,0,0,0.0,0,,0,0,,0,0,0,0,0,0,0,0,0.0,0,0,0,0,0,64.0,64007.0,0,0,0,54,eth:ethertype:ip:tcp,,,,,,,,,,,0.0,Normal,0.0
1744304085609865,10.42.0.1,10.42.0.139,1883,50017,0,1,1,1,0,0,0,0,0,0,0,0,0,0.0,0,,0,0,,0,0,0,0,0,0,0,0,0.0,0,0,0,0,0,64.0,64240.0,0,0,0,58,eth:ethertype:ip:tcp,,,,,,,,,,,0.0,Normal,0.0
1744304085616003,10.42.0.1,10.42.0.139,1883,50017,1,4,0,1,0,0,0,0,0,0,0,0,0,0.0,0,,0,0,,0,0,0,0,0,0,0,0,0.0,0,0,0,0,0,64.0,64237.0,0,0,0,54,eth:ethertype:ip:tcp,,,,,,,,,,,0.0,Normal,0.0
1744304085619516,10.42.0.1,10.42.0.139,1883,50017,1,33,0,1,0,0,0,0,0,0,0,0,0,0.0,0,,0,0,,0,0,0,0,0,0,0,0,0.0,0,0,0,0,0,64.0,64208.0,0,0,0,54,eth:ethertype:ip:tcp,,,,,,,,,,,0.0,Normal,0.0
1744304085622534,10.42.0.1,10.42.0.139,1883,50017,1,45,0,1,0,0,0,0,0,0,0,0,0,0.0,0,,0,0,,0,0,0,0,0,0,0,0,0.0,0,0,0,0,0,64.0,64196.0,0,0,0,54,eth:ethertype:ip:tcp,,,,,,,,,,,0.0,Normal,0.0
1744304085622791,10.42.0.1,10.42.0.139,1883,50017,1,45,0,1,0,0,1,0,4,0,0,0,0,0.0,0,,0,2,,0,0,0,0,2,0,0,0,0.0,0x00,0,0,0,0,64.0,64196.0,0,0,0,58,eth:ethertype:ip:tcp:mqtt,,,,,,,,,,,0.0,Normal,0.0
1744304085670230,10.42.0.1,10.42.0.139,1883,50017,5,234,0,1,0,0,0,0,0,0,0,0,0,0.0,0,,0,0,,0,0,0,0,0,0,0,0,0.0,0,0,0,0,0,64.0,64007.0,0,0,0,54,eth:ethertype:ip:tcp,,,,,,,,,,,0.0,Normal,0.0
1744304085670306,10.42.0.1,10.42.0.139,1883,50017,5,234,0,1,1,0,0,0,0,0,0,0,0,0.0,0,,0,0,,0,0,0,0,0,0,0,0,0.0,0,0,0,0,0,64.0,64007.0,0,0,0,54,eth:ethertype:ip:tcp,,,,,,,,,,,0.0,Normal,0.0
1744304100609865,10.42.0.1,10.42.0.2,1883,50017,0,1,1,1,0,0,0,0,0,0,0,0,0,0.0,0,,0,0,,0,0,0,0,0,0,0,0,0.0,0,0,0,0,0,64.0,64240.0,0,0,0,58,eth:ethertype:ip:tcp,,,,,,,,,,,0.0,Normal,0.0
1744304100616003,10.42.0.1,10.42.0.2,1883,50017,1,4,0,1,0,0,0,0,0,0,0,0,0,0.0,0,,0,0,,0,0,0,0,0,0,0,0,0.0,0,0,0,0,0,64.0,64237.0,0,0,0,54,eth:ethertype:ip:tcp,,,,,,,,,,,0.0,Normal,0.0
1744304100619516,10.42.0.1,10.42.0.2,1883,50017,1,33,0,1,0,0,0,0,0,0,0,0,0,0.0,0,,0,0,,0,0,0,0,0,0,0,0,0.0,0,0,0,0,0,64.0,64208.0,0,0,0,54,eth:ethertype:ip:tcp,,,,,,,,,,,0.0,Normal,0.0
1744304100622534,10.42.0.1,10.42.0.2,1883,50017,1,45,0,1,0,0,0,0,0,0,0,0,0,0.0,0,,0,0,,0,0,0,0,0,0,0,0,0.0,0,0,0,0,0,64.0,64196.0,0,0,0,54,eth:ethertype:ip:tcp,,,,,,,,,,,0.0,Normal,0.0
1744304100622791,10.42.0.1,10.42.0.2,1883,50017,1,45,0,1,0,0,1,0,4,0,0,0,0,0.0,0,,0,2,,0,0,0,0,2,0,0,0,0.0,0x00,0,0,0,0,64.0,64196.0,0,0,0,58,eth:ethertype:ip:tcp:mqtt,,,,,,,,,,,0.0,Normal,0.0
1744304100670230,10.42.0.1,10.42.0.2,1883,50017,5,234,0,1,0,0,0,0,0,0,0,0,0,0.0,0,,0,0,,0,0,0,0,0,0,0,0,0.0,0,0,0,0,0,64.0,64007.0,0,0,0,54,eth:ethertype:ip:tcp,,,,,,,,,,,0.0,Normal,0.0
1744304100670306,10.42.0.1,10.42.0.2,1883,50017,5,234,0,1,1,0,0,0,0,0,0,0,0,0.0,0,,0,0,,0,0,0,0,0,0,0,0,0.0,0,0,0,0,0,64.0,64007.0,0,0,0,54,eth:ethertype:ip:tcp,,,,,,,,,,,0.0,Normal,0.0
1744304115681004,10.42.0.1,10.42.0.139,1883,50018,0,1,1,1,0,0,0,0,0,0,0,0,0,0.0,0,,0,0,,0,0,0,0,0,0,0,0,0.0,0,0,0,0,0,64.0,64240.0,0,0,0,58,eth:ethertype:ip:tcp,,,,,,,,,,,0.0,Normal,0.0
1744304115686973,10.42.0.1,10.42.0.139,1883,50018,1,4,0,1,0,0,0,0,0,0,0,0,0,0.0,0,,0,0,,0,0,0,0,0,0,0,0,0.0,0,0,0,0,0,64.0,64237.0,0,0,0,54,eth:ethertype:ip:tcp,,,,,,,,,,,0.0,Normal,0.0
1744304115690944,10.42.0.1,10.42.0.139,1883,50018,1,33,0,1,0,0,0,0,0,0,0,0,0,0.0,0,,0,0,,0,0,0,0,0,0,0,0,0.0,0,0,0,0,0,64.0,64208.0,0,0,0,54,eth:ethertype:ip:tcp,,,,,,,,,,,0.0,Normal,0.0
1744304115695775,10.42.0.1,10.42.0.139,1883,50018,1,45,0,1,0,0,0,0,0,0,0,0,0,0.0,0,,0,0,,0,0,0,0,0,0,0,0,0.0,0,0,0,0,0,64.0,64196.0,0,0,0,54,eth:ethertype:ip:tcp,,,,,,,,,,,0.0,Normal,0.0
1744304115696165,10.42.0.1,10.42.0.139,1883,50018,1,45,0,1,0,0,1,0,4,0,0,0,0,0.0,0,,0,2,,0,0,0,0,2,0,0,0,0.0,0x00,0,0,0,0,64.0,64196.0,0,0,0,58,eth:ethertype:ip:tcp:mqtt,,,,,,,,,,,0.0,Normal,0.0
1744304115749605,10.42.0.1,10.42.0.139,1883,50018,5,234,0,1,0,0,0,0,0,0,0,0,0,0.0,0,,0,0,,0,0,0,0,0,0,0,0,0.0,0,0,0,0,0,64.0,64007.0,0,0,0,54,eth:ethertype:ip:tcp,,,,,,,,,,,0.0,Normal,0.0
1744304115749670,10.42.0.1,10.42.0.139,1883,50018,5,234,0,1,1,0,0,0,0,0,0,0,0,0.0,0,,0,0,,0,0,0,0,0,0,0,0,0.0,0,0,0,0,0,64.0,64007.0,0,0,0,54,eth:ethertype:ip:tcp,,,,,,,,,,,0.0,Normal,0.0
1744304130681004,10.42.0.1,10.42.0.2,1883,50018,0,1,1,1,0,0,0,0,0,0,0,0,0,0.0,0,,0,0,,0,0,0,0,0,0,0,0,0.0,0,0,0,0,0,64.0,64240.0,0,0,0,58,eth:ethertype:ip:tcp,,,,,,,,,,,0.0,Normal,0.0
1744304130686973,10.42.0.1,10.42.0.2,1883,50018,1,4,0,1,0,0,0,0,0,0,0,0,0,0.0,0,,0,0,,0,0,0,0,0,0,0,0,0.0,0,0,0,0,0,64.0,64237.0,0,0,0,54,eth:ethertype:ip:tcp,,,,,,,,,,,0.0,Normal,0.0
1744304130690944,10.42.0.1,10.42.0.2,1883,50018,1,33,0,1,0,0,0,0,0,0,0,0,0,0.0,0,,0,0,,0,0,0,0,0,0,0,0,0.0,0,0,0,0,0,64.0,64208.0,0,0,0,54,eth:ethertype:ip:tcp,,,,,,,,,,,0.0,Normal,0.0
1744304130695775,10.42.0.1,10.42.0.2,1883,50018,1,45,0,1,0,0,0,0,0,0,0,0,0,0.0,0,,0,0,,0,0,0,0,0,0,0,0,0.0,0,0,0,0,0,64.0,64196.0,0,0,0,54,eth:ethertype:ip:tcp,,,,,,,,,,,0.0,Normal,0.0
1744304130696165,10.42.0.1,10.42.0.2,1883,50018,1,45,0,1,0,0,1,0,4,0,0,0,0,0.0,0,,0,2,,0,0,0,0,2,0,0,0,0.0,0x00,0,0,0,0,64.0,64196.0,0,0,0,58,eth:ethertype:ip:tcp:mqtt,,,,,,,,,,,0.0,Normal,0.0
1744304130749605,10.42.0.1,10.42.0.2,1883,50018,5,234,0,1,0,0,0,0,0,0,0,0,0,0.0,0,,0,0,,0,0,0,0,0,0,0,0,0.0,0,0,0,0,0,64.0,64007.0,0,0,0,54,eth:ethertype:ip:tcp,,,,,,,,,,,0.0,Normal,0.0
1744304130749670,10.42.0.1,10.42.0.2,1883,50018,5,234,0,1,1,0,0,0,0,0,0,0,0,0.0,0,,0,0,,0,0,0,0,0,0,0,0,0.0,0,0,0,0,0,64.0,64007.0,0,0,0,54,eth:ethertype:ip:tcp,,,,,,,,,,,0.0,Normal,0.0
1744304145758274,10.42.0.1,10.42.0.139,1883,50019,0,1,1,1,0,0,0,0,0,0,0,0,0,0.0,0,,0,0,,0,0,0,0,0,0,0,0,0.0,0,0,0,0,0,64.0,64240.0,0,0,0,58,eth:ethertype:ip:tcp,,,,,,,,,,,0.0,Normal,0.0
1744304145784364,10.42.0.1,10.42.0.139,1883,50019,1,4,0,1,0,0,0,0,0,0,0,0,0,0.0,0,,0,0,,0,0,0,0,0,0,0,0,0.0,0,0,0,0,0,64.0,64237.0,0,0,0,54,eth:ethertype:ip:tcp,,,,,,,,,,,0.0,Normal,0.0
1744304145787244,10.42.0.1,10.42.0.139,1883,50019,1,45,0,1,0,0,0,0,0,0,0,0,0,0.0,0,,0,0,,0,0,0,0,0,0,0,0,0.0,0,0,0,0,0,64.0,64196.0,0,0,0,54,eth:ethertype:ip:tcp,,,,,,,,,,,0.0,Normal,0.0
1744304145787512,10.42.0.1,10.42.0.139,1883,50019,1,45,0,1,0,0,1,0,4,0,0,0,0,0.0,0,,0,2,,0,0,0,0,2,0,0,0,0.0,0x00,0,0,0,0,64.0,64196.0,0,0,0,58,eth:ethertype:ip:tcp:mqtt,,,,,,,,,,,0.0,Normal,0.0
1744304145838851,10.42.0.1,10.42.0.139,1883,50019,5,234,0,1,0,0,0,0,0,0,0,0,0,0.0,0,,0,0,,0,0,0,0,0,0,0,0,0.0,0,0,0,0,0,64.0,64007.0,0,0,0,54,eth:ethertype:ip:tcp,,,,,,,,,,,0.0,Normal,0.0
1744304145838897,10.42.0.1,10.42.0.139,1883,50019,5,234,0,1,1,0,0,0,0,0,0,0,0,0.0,0,,0,0,,0,0,0,0,0,0,0,0,0.0,0,0,0,0,0,64.0,64007.0,0,0,0,54,eth:ethertype:ip:tcp,,,,,,,,,,,0.0,Normal,0.0
1744304160758274,10.42.0.1,10.42.0.2,1883,50019,0,1,1,1,0,0,0,0,0,0,0,0,0,0.0,0,,0,0,,0,0,0,0,0,0,0,0,0.0,0,0,0,0,0,64.0,64240.0,0,0,0,58,eth:ethertype:ip:tcp,,,,,,,,,,,0.0,Normal,0.0
1744304160784364,10.42.0.1,10.42.0.2,1883,50019,1,4,0,1,0,0,0,0,0,0,0,0,0,0.0,0,,0,0,,0,0,0,0,0,0,0,0,0.0,0,0,0,0,0,64.0,64237.0,0,0,0,54,eth:ethertype:ip:tcp,,,,,,,,,,,0.0,Normal,0.0
1744304160787244,10.42.0.1,10.42.0.2,1883,50019,1,45,0,1,0,0,0,0,0,0,0,0,0,0.0,0,,0,0,,0,0,0,0,0,0,0,0,0.0,0,0,0,0,0,64.0,64196.0,0,0,0,54,eth:ethertype:ip:tcp,,,,,,,,,,,0.0,Normal,0.0
1744304160787512,10.42.0.1,10.42.0.2,1883,50019,1,45,0,1,0,0,1,0,4,0,0,0,0,0.0,0,,0,2,,0,0,0,0,2,0,0,0,0.0,0x00,0,0,0,0,64.0,64196.0,0,0,0,58,eth:ethertype:ip:tcp:mqtt,,,,,,,,,,,0.0,Normal,0.0
1744304160838851,10.42.0.1,10.42.0.2,1883,50019,5,234,0,1,0,0,0,0,0,0,0,0,0,0.0,0,,0,0,,0,0,0,0,0,0,0,0,0.0,0,0,0,0,0,64.0,64007.0,0,0,0,54,eth:ethertype:ip:tcp,,,,,,,,,,,0.0,Normal,0.0
1744304160838897,10.42.0.1,10.42.0.2,1883,50019,5,234,0,1,1,0,0,0,0,0,0,0,0,0.0,0,,0,0,,0,0,0,0,0,0,0,0,0.0,0,0,0,0,0,64.0,64007.0,0,0,0,54,eth:ethertype:ip:tcp,,,,,,,,,,,0.0,Normal,0.0
1744304175847798,10.42.0.1,10.42.0.139,1883,50020,0,1,1,1,0,0,0,0,0,0,0,0,0,0.0,0,,0,0,,0,0,0,0,0,0,0,0,0.0,0,0,0,0,0,64.0,64240.0,0,0,0,58,eth:ethertype:ip:tcp,,,,,,,,,,,0.0,Normal,0.0
1744304175853880,10.42.0.1,10.42.0.139,1883,50020,1,4,0,1,0,0,0,0,0,0,0,0,0,0.0,0,,0,0,,0,0,0,0,0,0,0,0,0.0,0,0,0,0,0,64.0,64237.0,0,0,0,54,eth:ethertype:ip:tcp,,,,,,,,,,,0.0,Normal,0.0
1744304175857504,10.42.0.1,10.42.0.139,1883,50020,1,35,0,1,0,0,0,0,0,0,0,0,0,0.0,0,,0,0,,0,0,0,0,0,0,0,0,0.0,0,0,0,0,0,64.0,64206.0,0,0,0,54,eth:ethertype:ip:tcp,,,,,,,,,,,0.0,Normal,0.0
1744304175861728,10.42.0.1,10.42.0.139,1883,50020,1,39,0,1,0,0,0,0,0,0,0,0,0,0.0,0,,0,0,,0,0,0,0,0,0,0,0,0.0,0,0,0,0,0,64.0,64202.0,0,0,0,54,eth:ethertype:ip:tcp,,,,,,,,,,,0.0,Normal,0.0
1744304175865581,10.42.0.1,10.42.0.139,1883,50020,1,41,0,1,0,0,0,0,0,0,0,0,0,0.0,0,,0,0,,0,0,0,0,0,0,0,0,0.0,0,0,0,0,0,64.0,64200.0,0,0,0,54,eth:ethertype:ip:tcp,,,,,,,,,,,0.0,Normal,0.0
1744304175868831,10.42.0.1,10.42.0.139,1883,50020,1,45,0,1,0,0,0,0,0,0,0,0,0,0.0,0,,0,0,,0,0,0,0,0,0,0,0,0.0,0,0,0,0,0,64.0,64196.0,0,0,0,54,eth:ethertype:ip:tcp,,,,,,,,,,,0.0,Normal,0.0
1744304175869081,10.42.0.1,10.42.0.139,1883,50020,1,45,0,1,0,0,1,0,4,0,0,0,0,0.0,0,,0,2,,0,0,0,0,2,0,0,0,0.0,0x00,0,0,0,0,64.0,64196.0,0,0,0,58,eth:ethertype:ip:tcp:mqtt,,,,,,,,,,,0.0,Normal,0.0
1744304175931849,10.42.0.1,10.42.0.139,1883,50020,5,234,0,1,0,0,0,0,0,0,0,0,0,0.0,0,,0,0,,0,0,0,0,0,0,0,0,0.0,0,0,0,0,0,64.0,64007.0,0,0,0,54,eth:ethertype:ip:tcp,,,,,,,,,,,0.0,Normal,0.0
1744304175931963,10.42.0.1,10.42.0.139,1883,50020,5,234,0,1,1,0,0,0,0,0,0,0,0,0.0,0,,0,0,,0,0,0,0,0,0,0,0,0.0,0,0,0,0,0,64.0,64007.0,0,0,0,54,eth:ethertype:ip:tcp,,,,,,,,,,,0.0,Normal,0.0
1744304190847798,10.42.0.1,10.42.0.2,1883,50020,0,1,1,1,0,0,0,0,0,0,0,0,0,0.0,0,,0,0,,0,0,0,0,0,0,0,0,0.0,0,0,0,0,0,64.0,64240.0,0,0,0,58,eth:ethertype:ip:tcp,,,,,,,,,,,0.0,Normal,0.0
1744304190853880,10.42.0.1,10.42.0.2,1883,50020,1,4,0,1,0,0,0,0,0,0,0,0,0,0.0,0,,0,0,,0,0,0,0,0,0,0,0,0.0,0,0,0,0,0,64.0,64237.0,0,0,0,54,eth:ethertype:ip:tcp,,,,,,,,,,,0.0,Normal,0.0
1744304190857504,10.42.0.1,10.42.0.2,1883,50020,1,35,0,1,0,0,0,0,0,0,0,0,0,0.0,0,,0,0,,0,0,0,0,0,0,0,0,0.0,0,0,0,0,0,64.0,64206.0,0,0,0,54,eth:ethertype:ip:tcp,,,,,,,,,,,0.0,Normal,0.0
1744304190861728,10.42.0.1,10.42.0.2,1883,50020,1,39,0,1,0,0,0,0,0,0,0,0,0,0.0,0,,0,0,,0,0,0,0,0,0,0,0,0.0,0,0,0,0,0,64.0,64202.0,0,0,0,54,eth:ethertype:ip:tcp,,,,,,,,,,,0.0,Normal,0.0
1744304190865581,10.42.0.1,10.42.0.2,1883,50020,1,41,0,1,0,0,0,0,0,0,0,0,0,0.0,0,,0,0,,0,0,0,0,0,0,0,0,0.0,0,0,0,0,0,64.0,64200.0,0,0,0,54,eth:ethertype:ip:tcp,,,,,,,,,,,0.0,Normal,0.0
1744304190868831,10.42.0.1,10.42.0.2,1883,50020,1,45,0,1,0,0,0,0,0,0,0,0,0,0.0,0,,0,0,,0,0,0,0,0,0,0,0,0.0,0,0,0,0,0,64.0,64196.0,0,0,0,54,eth:ethertype:ip:tcp,,,,,,,,,,,0.0,Normal,0.0
1744304190869081,10.42.0.1,10.42.0.2,1883,50020,1,45,0,1,0,0,1,0,4,0,0,0,0,0.0,0,,0,2,,0,0,0,0,2,0,0,0,0.0,0x00,0,0,0,0,64.0,64196.0,0,0,0,58,eth:ethertype:ip:tcp:mqtt,,,,,,,,,,,0.0,Normal,0.0
1744304190931849,10.42.0.1,10.42.0.2,1883,50020,5,234,0,1,0,0,0,0,0,0,0,0,0,0.0,0,,0,0,,0,0,0,0,0,0,0,0,0.0,0,0,0,0,0,64.0,64007.0,0,0,0,54,eth:ethertype:ip:tcp,,,,,,,,,,,0.0,Normal,0.0
1744304190931963,10.42.0.1,10.42.0.2,1883,50020,5,234,0,1,1,0,0,0,0,0,0,0,0,0.0,0,,0,0,,0,0,0,0,0,0,0,0,0.0,0,0,0,0,0,64.0,64007.0,0,0,0,54,eth:ethertype:ip:tcp,,,,,,,,,,,0.0,Normal,0.0
1744304205926211,10.42.0.1,10.42.0.139,1883,50021,0,1,1,1,0,0,0,0,0,0,0,0,0,0.0,0,,0,0,,0,0,0,0,0,0,0,0,0.0,0,0,0,0,0,64.0,64240.0,0,0,0,58,eth:ethertype:ip:tcp,,,,,,,,,,,0.0,Normal,0.0
1744304205932087,10.42.0.1,10.42.0.139,1883,50021,1,4,0,1,0,0,0,0,0,0,0,0,0,0.0,0,,0,0,,0,0,0,0,0,0,0,0,0.0,0,0,0,0,0,64.0,64237.0,0,0,0,54,eth:ethertype:ip:tcp,,,,,,,,,,,0.0,Normal,0.0
1744304205935542,10.42.0.1,10.42.0.139,1883,50021,1,33,0,1,0,0,0,0,0,0,0,0,0,0.0,0,,0,0,,0,0,0,0,0,0,0,0,0.0,0,0,0,0,0,64.0,64208.0,0,0,0,54,eth:ethertype:ip:tcp,,,,,,,,,,,0.0,Normal,0.0
1744304205938670,10.42.0.1,10.42.0.139,1883,50021,1,45,0,1,0,0,0,0,0,0,0,0,0,0.0,0,,0,0,,0,0,0,0,0,0,0,0,0.0,0,0,0,0,0,64.0,64196.0,0,0,0,54,eth:ethertype:ip:tcp,,,,,,,,,,,0.0,Normal,0.0
1744304205939030,10.42.0.1,10.42.0.139,1883,50021,1,45,0,1,0,0,1,0,4,0,0,0,0,0.0,0,,0,2,,0,0,0,0,2,0,0,0,0.0,0x00,0,0,0,0,64.0,64196.0,0,0,0,58,eth:ethertype:ip:tcp:mqtt,,,,,,,,,,,0.0,Normal,0.0
1744304206005277,10.42.0.1,10.42.0.139,1883,50021,5,234,0,1,0,0,0,0,0,0,0,0,0,0.0,0,,0,0,,0,0,0,0,0,0,0,0,0.0,0,0,0,0,0,64.0,64007.0,0,0,0,54,eth:ethertype:ip:tcp,,,,,,,,,,,0.0,Normal,0.0
1744304206005489,10.42.0.1,10.42.0.139,1883,50021,5,234,0,1,1,0,0,0,0,0,0,0,0,0.0,0,,0,0,,0,0,0,0,0,0,0,0,0.0,0,0,0,0,0,64.0,64007.0,0,0,0,54,eth:ethertype:ip:tcp,,,,,,,,,,,0.0,Normal,0.0
1744304220926211,10.42.0.1,10.42.0.2,1883,50021,0,1,1,1,0,0,0,0,0,0,0,0,0,0.0,0,,0,0,,0,0,0,0,0,0,0,0,0.0,0,0,0,0,0,64.0,64240.0,0,0,0,58,eth:ethertype:ip:tcp,,,,,,,,,,,0.0,Normal,0.0
1744304220932087,10.42.0.1,10.42.0.2,1883,50021,1,4,0,1,0,0,0,0,0,0,0,0,0,0.0,0,,0,0,,0,0,0,0,0,0,0,0,0.0,0,0,0,0,0,64.0,64237.0,0,0,0,54,eth:ethertype:ip:tcp,,,,,,,,,,,0.0,Normal,0.0
1744304220935542,10.42.0.1,10.42.0.2,1883,50021,1,33,0,1,0,0,0,0,0,0,0,0,0,0.0,0,,0,0,,0,0,0,0,0,0,0,0,0.0,0,0,0,0,0,64.0,64208.0,0,0,0,54,eth:ethertype:ip:tcp,,,,,,,,,,,0.0,Normal,0.0
1744304220938670,10.42.0.1,10.42.0.2,1883,50021,1,45,0,1,0,0,0,0,0,0,0,0,0,0.0,0,,0,0,,0,0,0,0,0,0,0,0,0.0,0,0,0,0,0,64.0,64196.0,0,0,0,54,eth:ethertype:ip:tcp,,,,,,,,,,,0.0,Normal,0.0
1744304220939030,10.42.0.1,10.42.0.2,1883,50021,1,45,0,1,0,0,1,0,4,0,0,0,0,0.0,0,,0,2,,0,0,0,0,2,0,0,0,0.0,0x00,0,0,0,0,64.0,64196.0,0,0,0,58,eth:ethertype:ip:tcp:mqtt,,,,,,,,,,,0.0,Normal,0.0
1744304221005277,10.42.0.1,10.42.0.2,1883,50021,5,234,0,1,0,0,0,0,0,0,0,0,0,0.0,0,,0,0,,0,0,0,0,0,0,0,0,0.0,0,0,0,0,0,64.0,64007.0,0,0,0,54,eth:ethertype:ip:tcp,,,,,,,,,,,0.0,Normal,0.0
1744304221005489,10.42.0.1,10.42.0.2,1883,50021,5,234,0,1,1,0,0,0,0,0,0,0,0,0.0,0,,0,0,,0,0,0,0,0,0,0,0,0.0,0,0,0,0,0,64.0,64007.0,0,0,0,54,eth:ethertype:ip:tcp,,,,,,,,,,,0.0,Normal,0.0
1744304235995427,10.42.0.1,10.42.0.139,1883,50022,0,1,1,1,0,0,0,0,0,0,0,0,0,0.0,0,,0,0,,0,0,0,0,0,0,0,0,0.0,0,0,0,0,0,64.0,64240.0,0,0,0,58,eth:ethertype:ip:tcp,,,,,,,,,,,0.0,Normal,0.0
1744304236001359,10.42.0.1,10.42.0.139,1883,50022,1,4,0,1,0,0,0,0,0,0,0,0,0,0.0,0,,0,0,,0,0,0,0,0,0,0,0,0.0,0,0,0,0,0,64.0,64237.0,0,0,0,54,eth:ethertype:ip:tcp,,,,,,,,,,,0.0,Normal,0.0
1744304236004750,10.42.0.1,10.42.0.139,1883,50022,1,33,0,1,0,0,0,0,0,0,0,0,0,0.0,0,,0,0,,0,0,0,0,0,0,0,0,0.0,0,0,0,0,0,64.0,64208.0,0,0,0,54,eth:ethertype:ip:tcp,,,,,,,,,,,0.0,Normal,0.0
1744304236007932,10.42.0.1,10.42.0.139,1883,50022,1,45,0,1,0,0,0,0,0,0,0,0,0,0.0,0,,0,0,,0,0,0,0,0,0,0,0,0.0,0,0,0,0,0,64.0,64196.0,0,0,0,54,eth:ethertype:ip:tcp,,,,,,,,,,,0.0,Normal,0.0
1744304236008178,10.42.0.1,10.42.0.139,1883,50022,1,45,0,1,0,0,1,0,4,0,0,0,0,0.0,0,,0,2,,0,0,0,0,2,0,0,0,0.0,0x00,0,0,0,0,64.0,64196.0,0,0,0,58,eth:ethertype:ip:tcp:mqtt,,,,,,,,,,,0.0,Normal,0.0
1744304236056804,10.42.0.1,10.42.0.139,1883,50022,5,234,0,1,0,0,0,0,0,0,0,0,0,0.0,0,,0,0,,0,0,0,0,0,0,0,0,0.0,0,0,0,0,0,64.0,64007.0,0,0,0,54,eth:ethertype:ip:tcp,,,,,,,,,,,0.0,Normal,0.0
1744304236056880,10.42.0.1,10.42.0.139,1883,50022,5,234,0,1,1,0,0,0,0,0,0,0,0,0.0,0,,0,0,,0,0,0,0,0,0,0,0,0.0,0,0,0,0,0,64.0,64007.0,0,0,0,54,eth:ethertype:ip:tcp,,,,,,,,,,,0.0,Normal,0.0
1744304250995427,10.42.0.1,10.42.0.2,1883,50022,0,1,1,1,0,0,0,0,0,0,0,0,0,0.0,0,,0,0,,0,0,0,0,0,0,0,0,0.0,0,0,0,0,0,64.0,64240.0,0,0,0,58,eth:ethertype:ip:tcp,,,,,,,,,,,0.0,Normal,0.0
1744304251001359,10.42.0.1,10.42.0.2,1883,50022,1,4,0,1,0,0,0,0,0,0,0,0,0,0.0,0,,0,0,,0,0,0,0,0,0,0,0,0.0,0,0,0,0,0,64.0,64237.0,0,0,0,54,eth:ethertype:ip:tcp,,,,,,,,,,,0.0,Normal,0.0
1744304251004750,10.42.0.1,10.42.0.2,1883,50022,1,33,0,1,0,0,0,0,0,0,0,0,0,0.0,0,,0,0,,0,0,0,0,0,0,0,0,0.0,0,0,0,0,0,64.0,64208.0,0,0,0,54,eth:ethertype:ip:tcp,,,,,,,,,,,0.0,Normal,0.0
1744304251007932,10.42.0.1,10.42.0.2,1883,50022,1,45,0,1,0,0,0,0,0,0,0,0,0,0.0,0,,0,0,,0,0,0,0,0,0,0,0,0.0,0,0,0,0,0,64.0,64196.0,0,0,0,54,eth:ethertype:ip:tcp,,,,,,,,,,,0.0,Normal,0.0
1744304251008178,10.42.0.1,10.42.0.2,1883,50022,1,45,0,1,0,0,1,0,4,0,0,0,0,0.0,0,,0,2,,0,0,0,0,2,0,0,0,0.0,0x00,0,0,0,0,64.0,64196.0,0,0,0,58,eth:ethertype:ip:tcp:mqtt,,,,,,,,,,,0.0,Normal,0.0
1744304251056804,10.42.0.1,10.42.0.2,1883,50022,5,234,0,1,0,0,0,0,0,0,0,0,0,0.0,0,,0,0,,0,0,0,0,0,0,0,0,0.0,0,0,0,0,0,64.0,64007.0,0,0,0,54,eth:ethertype:ip:tcp,,,,,,,,,,,0.0,Normal,0.0
1744304251056880,10.42.0.1,10.42.0.2,1883,50022,5,234,0,1,1,0,0,0,0,0,0,0,0,0.0,0,,0,0,,0,0,0,0,0,0,0,0,0.0,0,0,0,0,0,64.0,64007.0,0,0,0,54,eth:ethertype:ip:tcp,,,,,,,,,,,0.0,Normal,0.0
1744304266073985,10.42.0.1,10.42.0.139,1883,50023,0,1,1,1,0,0,0,0,0,0,0,0,0,0.0,0,,0,0,,0,0,0,0,0,0,0,0,0.0,0,0,0,0,0,64.0,64240.0,0,0,0,58,eth:ethertype:ip:tcp,,,,,,,,,,,0.0,Normal,0.0
1744304266080349,10.42.0.1,10.42.0.139,1883,50023,1,4,0,1,0,0,0,0,0,0,0,0,0,0.0,0,,0,0,,0,0,0,0,0,0,0,0,0.0,0,0,0,0,0,64.0,64237.0,0,0,0,54,eth:ethertype:ip:tcp,,,,,,,,,,,0.0,Normal,0.0
1744304266083821,10.42.0.1,10.42.0.139,1883,50023,1,33,0,1,0,0,0,0,0,0,0,0,0,0.0,0,,0,0,,0,0,0,0,0,0,0,0,0.0,0,0,0,0,0,64.0,64208.0,0,0,0,54,eth:ethertype:ip:tcp,,,,,,,,,,,0.0,Normal,0.0
1744304266087147,10.42.0.1,10.42.0.139,1883,50023,1,45,0,1,0,0,0,0,0,0,0,0,0,0.0,0,,0,0,,0,0,0,0,0,0,0,0,0.0,0,0,0,0,0,64.0,64196.0,0,0,0,54,eth:ethertype:ip:tcp,,,,,,,,,,,0.0,Normal,0.0
1744304266087528,10.42.0.1,10.42.0.139,1883,50023,1,45,0,1,0,0,1,0,4,0,0,0,0,0.0,0,,0,2,,0,0,0,0,2,0,0,0,0.0,0x00,0,0,0,0,64.0,64196.0,0,0,0,58,eth:ethertype:ip:tcp:mqtt,,,,,,,,,,,0.0,Normal,0.0
1744304266157866,10.42.0.1,10.42.0.139,1883,50023,5,234,0,1,0,0,0,0,0,0,0,0,0,0.0,0,,0,0,,0,0,0,0,0,0,0,0,0.0,0,0,0,0,0,64.0,64007.0,0,0,0,54,eth:ethertype:ip:tcp,,,,,,,,,,,0.0,Normal,0.0
1744304266158160,10.42.0.1,10.42.0.139,1883,50023,5,234,0,1,1,0,0,0,0,0,0,0,0,0.0,0,,0,0,,0,0,0,0,0,0,0,0,0.0,0,0,0,0,0,64.0,64007.0,0,0,0,54,eth:ethertype:ip:tcp,,,,,,,,,,,0.0,Normal,0.0
1744304281073985,10.42.0.1,10.42.0.2,1883,50023,0,1,1,1,0,0,0,0,0,0,0,0,0,0.0,0,,0,0,,0,0,0,0,0,0,0,0,0.0,0,0,0,0,0,64.0,64240.0,0,0,0,58,eth:ethertype:ip:tcp,,,,,,,,,,,0.0,Normal,0.0
1744304281080349,10.42.0.1,10.42.0.2,1883,50023,1,4,0,1,0,0,0,0,0,0,0,0,0,0.0,0,,0,0,,0,0,0,0,0,0,0,0,0.0,0,0,0,0,0,64.0,64237.0,0,0,0,54,eth:ethertype:ip:tcp,,,,,,,,,,,0.0,Normal,0.0
1744304281083821,10.42.0.1,10.42.0.2,1883,50023,1,33,0,1,0,0,0,0,0,0,0,0,0,0.0,0,,0,0,,0,0,0,0,0,0,0,0,0.0,0,0,0,0,0,64.0,64208.0,0,0,0,54,eth:ethertype:ip:tcp,,,,,,,,,,,0.0,Normal,0.0
1744304281087147,10.42.0.1,10.42.0.2,1883,50023,1,45,0,1,0,0,0,0,0,0,0,0,0,0.0,0,,0,0,,0,0,0,0,0,0,0,0,0.0,0,0,0,0,0,64.0,64196.0,0,0,0,54,eth:ethertype:ip:tcp,,,,,,,,,,,0.0,Normal,0.0
1744304281087528,10.42.0.1,10.42.0.2,1883,50023,1,45,0,1,0,0,1,0,4,0,0,0,0,0.0,0,,0,2,,0,0,0,0,2,0,0,0,0.0,0x00,0,0,0,0,64.0,64196.0,0,0,0,58,eth:ethertype:ip:tcp:mqtt,,,,,,,,,,,0.0,Normal,0.0
1744304281157866,10.42.0.1,10.42.0.2,1883,50023,5,234,0,1,0,0,0,0,0,0,0,0,0,0.0,0,,0,0,,0,0,0,0,0,0,0,0,0.0,0,0,0,0,0,64.0,64007.0,0,0,0,54,eth:ethertype:ip:tcp,,,,,,,,,,,0.0,Normal,0.0
1744304281158160,10.42.0.1,10.42.0.2,1883,50023,5,234,0,1,1,0,0,0,0,0,0,0,0,0.0,0,,0,0,,0,0,0,0,0,0,0,0,0.0,0,0,0,0,0,64.0,64007.0,0,0,0,54,eth:ethertype:ip:tcp,,,,,,,,,,,0.0,Normal,0.0
1744304296144971,10.42.0.1,10.42.0.139,1883,50024,0,1,1,1,0,0,0,0,0,0,0,0,0,0.0,0,,0,0,,0,0,0,0,0,0,0,0,0.0,0,0,0,0,0,64.0,64240.0,0,0,0,58,eth:ethertype:ip:tcp,,,,,,,,,,,0.0,Normal,0.0
1744304296151248,10.42.0.1,10.42.0.139,1883,50024,1,4,0,1,0,0,0,0,0,0,0,0,0,0.0,0,,0,0,,0,0,0,0,0,0,0,0,0.0,0,0,0,0,0,64.0,64237.0,0,0,0,54,eth:ethertype:ip:tcp,,,,,,,,,,,0.0,Normal,0.0
1744304296154693,10.42.0.1,10.42.0.139,1883,50024,1,33,0,1,0,0,0,0,0,0,0,0,0,0.0,0,,0,0,,0,0,0,0,0,0,0,0,0.0,0,0,0,0,0,64.0,64208.0,0,0,0,54,eth:ethertype:ip:tcp,,,,,,,,,,,0.0,Normal,0.0
1744304296157780,10.42.0.1,10.42.0.139,1883,50024,1,45,0,1,0,0,0,0,0,0,0,0,0,0.0,0,,0,0,,0,0,0,0,0,0,0,0,0.0,0,0,0,0,0,64.0,64196.0,0,0,0,54,eth:ethertype:ip:tcp,,,,,,,,,,,0.0,Normal,0.0
1744304296158131,10.42.0.1,10.42.0.139,1883,50024,1,45,0,1,0,0,1,0,4,0,0,0,0,0.0,0,,0,2,,0,0,0,0,2,0,0,0,0.0,0x00,0,0,0,0,64.0,64196.0,0,0,0,58,eth:ethertype:ip:tcp:mqtt,,,,,,,,,,,0.0,Normal,0.0
1744304296205631,10.42.0.1,10.42.0.139,1883,50024,5,234,0,1,0,0,0,0,0,0,0,0,0,0.0,0,,0,0,,0,0,0,0,0,0,0,0,0.0,0,0,0,0,0,64.0,64007.0,0,0,0,54,eth:ethertype:ip:tcp,,,,,,,,,,,0.0,Normal,0.0
1744304296205727,10.42.0.1,10.42.0.139,1883,50024,5,234,0,1,1,0,0,0,0,0,0,0,0,0.0,0,,0,0,,0,0,0,0,0,0,0,0,0.0,0,0,0,0,0,64.0,64007.0,0,0,0,54,eth:ethertype:ip:tcp,,,,,,,,,,,0.0,Normal,0.0
1744304311144971,10.42.0.1,10.42.0.2,1883,50024,0,1,1,1,0,0,0,0,0,0,0,0,0,0.0,0,,0,0,,0,0,0,0,0,0,0,0,0.0,0,0,0,0,0,64.0,64240.0,0,0,0,58,eth:ethertype:ip:tcp,,,,,,,,,,,0.0,Normal,0.0
1744304311151248,10.42.0.1,10.42.0.2,1883,50024,1,4,0,1,0,0,0,0,0,0,0,0,0,0.0,0,,0,0,,0,0,0,0,0,0,0,0,0.0,0,0,0,0,0,64.0,64237.0,0,0,0,54,eth:ethertype:ip:tcp,,,,,,,,,,,0.0,Normal,0.0
1744304311154693,10.42.0.1,10.42.0.2,1883,50024,1,33,0,1,0,0,0,0,0,0,0,0,0,0.0,0,,0,0,,0,0,0,0,0,0,0,0,0.0,0,0,0,0,0,64.0,64208.0,0,0,0,54,eth:ethertype:ip:tcp,,,,,,,,,,,0.0,Normal,0.0
1744304311157780,10.42.0.1,10.42.0.2,1883,50024,1,45,0,1,0,0,0,0,0,0,0,0,0,0.0,0,,0,0,,0,0,0,0,0,0,0,0,0.0,0,0,0,0,0,64.0,64196.0,0,0,0,54,eth:ethertype:ip:tcp,,,,,,,,,,,0.0,Normal,0.0
1744304311158131,10.42.0.1,10.42.0.2,1883,50024,1,45,0,1,0,0,1,0,4,0,0,0,0,0.0,0,,0,2,,0,0,0,0,2,0,0,0,0.0,0x00,0,0,0,0,64.0,64196.0,0,0,0,58,eth:ethertype:ip:tcp:mqtt,,,,,,,,,,,0.0,Normal,0.0
1744304311205631,10.42.0.1,10.42.0.2,1883,50024,5,234,0,1,0,0,0,0,0,0,0,0,0,0.0,0,,0,0,,0,0,0,0,0,0,0,0,0.0,0,0,0,0,0,64.0,64007.0,0,0,0,54,eth:ethertype:ip:tcp,,,,,,,,,,,0.0,Normal,0.0
1744304311205727,10.42.0.1,10.42.0.2,1883,50024,5,234,0,1,1,0,0,0,0,0,0,0,0,0.0,0,,0,0,,0,0,0,0,0,0,0,0,0.0,0,0,0,0,0,64.0,64007.0,0,0,0,54,eth:ethertype:ip:tcp,,,,,,,,,,,0.0,Normal,0.0
1744304326214730,10.42.0.1,10.42.0.139,1883,50025,0,1,1,1,0,0,0,0,0,0,0,0,0,0.0,0,,0,0,,0,0,0,0,0,0,0,0,0.0,0,0,0,0,0,64.0,64240.0,0,0,0,58,eth:ethertype:ip:tcp,,,,,,,,,,,0.0,Normal,0.0
1744304326220987,10.42.0.1,10.42.0.139,1883,50025,1,4,0,1,0,0,0,0,0,0,0,0,0,0.0,0,,0,0,,0,0,0,0,0,0,0,0,0.0,0,0,0,0,0,64.0,64237.0,0,0,0,54,eth:ethertype:ip:tcp,,,,,,,,,,,0.0,Normal,0.0
1744304326225592,10.42.0.1,10.42.0.139,1883,50025,1,33,0,1,0,0,0,0,0,0,0,0,0,0.0,0,,0,0,,0,0,0,0,0,0,0,0,0.0,0,0,0,0,0,64.0,64208.0,0,0,0,54,eth:ethertype:ip:tcp,,,,,,,,,,,0.0,Normal,0.0
1744304326230584,10.42.0.1,10.42.0.139,1883,50025,1,45,0,1,0,0,0,0,0,0,0,0,0,0.0,0,,0,0,,0,0,0,0,0,0,0,0,0.0,0,0,0,0,0,64.0,64196.0,0,0,0,54,eth:ethertype:ip:tcp,,,,,,,,,,,0.0,Normal,0.0
1744304326230913,10.42.0.1,10.42.0.139,1883,50025,1,45,0,1,0,0,1,0,4,0,0,0,0,0.0,0,,0,2,,0,0,0,0,2,0,0,0,0.0,0x00,0,0,0,0,64.0,64196.0,0,0,0,58,eth:ethertype:ip:tcp:mqtt,,,,,,,,,,,0.0,Normal,0.0
1744304326274581,10.42.0.1,10.42.0.139,1883,50025,5,234,0,1,0,0,0,0,0,0,0,0,0,0.0,0,,0,0,,0,0,0,0,0,0,0,0,0.0,0,0,0,0,0,64.0,64007.0,0,0,0,54,eth:ethertype:ip:tcp,,,,,,,,,,,0.0,Normal,0.0
1744304326274686,10.42.0.1,10.42.0.139,1883,50025,5,234,0,1,1,0,0,0,0,0,0,0,0,0.0,0,,0,0,,0,0,0,0,0,0,0,0,0.0,0,0,0,0,0,64.0,64007.0,0,0,0,54,eth:ethertype:ip:tcp,,,,,,,,,,,0.0,Normal,0.0
1744304341214730,10.42.0.1,10.42.0.2,1883,50025,0,1,1,1,0,0,0,0,0,0,0,0,0,0.0,0,,0,0,,0,0,0,0,0,0,0,0,0.0,0,0,0,0,0,64.0,64240.0,0,0,0,58,eth:ethertype:ip:tcp,,,,,,,,,,,0.0,Normal,0.0
1744304341220987,10.42.0.1,10.42.0.2,1883,50025,1,4,0,1,0,0,0,0,0,0,0,0,0,0.0,0,,0,0,,0,0,0,0,0,0,0,0,0.0,0,0,0,0,0,64.0,64237.0,0,0,0,54,eth:ethertype:ip:tcp,,,,,,,,,,,0.0,Normal,0.0
1744304341225592,10.42.0.1,10.42.0.2,1883,50025,1,33,0,1,0,0,0,0,0,0,0,0,0,0.0,0,,0,0,,0,0,0,0,0,0,0,0,0.0,0,0,0,0,0,64.0,64208.0,0,0,0,54,eth:ethertype:ip:tcp,,,,,,,,,,,0.0,Normal,0.0
1744304341230584,10.42.0.1,10.42.0.2,1883,50025,1,45,0,1,0,0,0,0,0,0,0,0,0,0.0,0,,0,0,,0,0,0,0,0,0,0,0,0.0,0,0,0,0,0,64.0,64196.0,0,0,0,54,eth:ethertype:ip:tcp,,,,,,,,,,,0.0,Normal,0.0
1744304341230913,10.42.0.1,10.42.0.2,1883,50025,1,45,0,1,0,0,1,0,4,0,0,0,0,0.0,0,,0,2,,0,0,0,0,2,0,0,0,0.0,0x00,0,0,0,0,64.0,64196.0,0,0,0,58,eth:ethertype:ip:tcp:mqtt,,,,,,,,,,,0.0,Normal,0.0
1744304341274581,10.42.0.1,10.42.0.2,1883,50025,5,234,0,1,0,0,0,0,0,0,0,0,0,0.0,0,,0,0,,0,0,0,0,0,0,0,0,0.0,0,0,0,0,0,64.0,64007.0,0,0,0,54,eth:ethertype:ip:tcp,,,,,,,,,,,0.0,Normal,0.0
1744304341274686,10.42.0.1,10.42.0.2,1883,50025,5,234,0,1,1,0,0,0,0,0,0,0,0,0.0,0,,0,0,,0,0,0,0,0,0,0,0,0.0,0,0,0,0,0,64.0,64007.0,0,0,0,54,eth:ethertype:ip:tcp,,,,,,,,,,,0.0,Normal,0.0
1744304356293014,10.42.0.1,10.42.0.139,1883,50026,0,1,1,1,0,0,0,0,0,0,0,0,0,0.0,0,,0,0,,0,0,0,0,0,0,0,0,0.0,0,0,0,0,0,64.0,64240.0,0,0,0,58,eth:ethertype:ip:tcp,,,,,,,,,,,0.0,Normal,0.0
1744304356301816,10.42.0.1,10.42.0.139,1883,50026,1,4,0,1,0,0,0,0,0,0,0,0,0,0.0,0,,0,0,,0,0,0,0,0,0,0,0,0.0,0,0,0,0,0,64.0,64237.0,0,0,0,54,eth:ethertype:ip:tcp,,,,,,,,,,,0.0,Normal,0.0
1744304356305305,10.42.0.1,10.42.0.139,1883,50026,1,33,0,1,0,0,0,0,0,0,0,0,0,0.0,0,,0,0,,0,0,0,0,0,0,0,0,0.0,0,0,0,0,0,64.0,64208.0,0,0,0,54,eth:ethertype:ip:tcp,,,,,,,,,,,0.0,Normal,0.0
1744304356309162,10.42.0.1,10.42.0.139,1883,50026,1,45,0,1,0,0,0,0,0,0,0,0,0,0.0,0,,0,0,,0,0,0,0,0,0,0,0,0.0,0,0,0,0,0,64.0,64196.0,0,0,0,54,eth:ethertype:ip:tcp,,,,,,,,,,,0.0,Normal,0.0
1744304356309619,10.42.0.1,10.42.0.139,1883,50026,1,45,0,1,0,0,1,0,4,0,0,0,0,0.0,0,,0,2,,0,0,0,0,2,0,0,0,0.0,0x00,0,0,0,0,64.0,64196.0,0,0,0,58,eth:ethertype:ip:tcp:mqtt,,,,,,,,,,,0.0,Normal,0.0
1744304356385885,10.42.0.1,10.42.0.139,1883,50026,5,234,0,1,0,0,0,0,0,0,0,0,0,0.0,0,,0,0,,0,0,0,0,0,0,0,0,0.0,0,0,0,0,0,64.0,64007.0,0,0,0,54,eth:ethertype:ip:tcp,,,,,,,,,,,0.0,Normal,0.0
1744304356386244,10.42.0.1,10.42.0.139,1883,50026,5,234,0,1,1,0,0,0,0,0,0,0,0,0.0,0,,0,0,,0,0,0,0,0,0,0,0,0.0,0,0,0,0,0,64.0,64007.0,0,0,0,54,eth:ethertype:ip:tcp,,,,,,,,,,,0.0,Normal,0.0
1744304371293014,10.42.0.1,10.42.0.2,1883,50026,0,1,1,1,0,0,0,0,0,0,0,0,0,0.0,0,,0,0,,0,0,0,0,0,0,0,0,0.0,0,0,0,0,0,64.0,64240.0,0,0,0,58,eth:ethertype:ip:tcp,,,,,,,,,,,0.0,Normal,0.0
1744304371301816,10.42.0.1,10.42.0.2,1883,50026,1,4,0,1,0,0,0,0,0,0,0,0,0,0.0,0,,0,0,,0,0,0,0,0,0,0,0,0.0,0,0,0,0,0,64.0,64237.0,0,0,0,54,eth:ethertype:ip:tcp,,,,,,,,,,,0.0,Normal,0.0
1744304371305305,10.42.0.1,10.42.0.2,1883,50026,1,33,0,1,0,0,0,0,0,0,0,0,0,0.0,0,,0,0,,0,0,0,0,0,0,0,0,0.0,0,0,0,0,0,64.0,64208.0,0,0,0,54,eth:ethertype:ip:tcp,,,,,,,,,,,0.0,Normal,0.0
1744304371309162,10.42.0.1,10.42.0.2,1883,50026,1,45,0,1,0,0,0,0,0,0,0,0,0,0.0,0,,0,0,,0,0,0,0,0,0,0,0,0.0,0,0,0,0,0,64.0,64196.0,0,0,0,54,eth:ethertype:ip:tcp,,,,,,,,,,,0.0,Normal,0.0
1744304371309619,10.42.0.1,10.42.0.2,1883,50026,1,45,0,1,0,0,1,0,4,0,0,0,0,0.0,0,,0,2,,0,0,0,0,2,0,0,0,0.0,0x00,0,0,0,0,64.0,64196.0,0,0,0,58,eth:ethertype:ip:tcp:mqtt,,,,,,,,,,,0.0,Normal,0.0
1744304371385885,10.42.0.1,10.42.0.2,1883,50026,5,234,0,1,0,0,0,0,0,0,0,0,0,0.0,0,,0,0,,0,0,0,0,0,0,0,0,0.0,0,0,0,0,0,64.0,64007.0,0,0,0,54,eth:ethertype:ip:tcp,,,,,,,,,,,0.0,Normal,0.0
1744304371386244,10.42.0.1,10.42.0.2,1883,50026,5,234,0,1,1,0,0,0,0,0,0,0,0,0.0,0,,0,0,,0,0,0,0,0,0,0,0,0.0,0,0,0,0,0,64.0,64007.0,0,0,0,54,eth:ethertype:ip:tcp,,,,,,,,,,,0.0,Normal,0.0
1744304386372950,10.42.0.1,10.42.0.139,1883,50027,0,1,1,1,0,0,0,0,0,0,0,0,0,0.0,0,,0,0,,0,0,0,0,0,0,0,0,0.0,0,0,0,0,0,64.0,64240.0,0,0,0,58,eth:ethertype:ip:tcp,,,,,,,,,,,0.0,Normal,0.0
1744304386378895,10.42.0.1,10.42.0.139,1883,50027,1,4,0,1,0,0,0,0,0,0,0,0,0,0.0,0,,0,0,,0,0,0,0,0,0,0,0,0.0,0,0,0,0,0,64.0,64237.0,0,0,0,54,eth:ethertype:ip:tcp,,,,,,,,,,,0.0,Normal,0.0
1744304386382343,10.42.0.1,10.42.0.139,1883,50027,1,33,0,1,0,0,0,0,0,0,0,0,0,0.0,0,,0,0,,0,0,0,0,0,0,0,0,0.0,0,0,0,0,0,64.0,64208.0,0,0,0,54,eth:ethertype:ip:tcp,,,,,,,,,,,0.0,Normal,0.0
1744304386385441,10.42.0.1,10.42.0.139,1883,50027,1,45,0,1,0,0,0,0,0,0,0,0,0,0.0,0,,0,0,,0,0,0,0,0,0,0,0,0.0,0,0,0,0,0,64.0,64196.0,0,0,0,54,eth:ethertype:ip:tcp,,,,,,,,,,,0.0,Normal,0.0
1744304386385692,10.42.0.1,10.42.0.139,1883,50027,1,45,0,1,0,0,1,0,4,0,0,0,0,0.0,0,,0,2,,0,0,0,0,2,0,0,0,0.0,0x00,0,0,0,0,64.0,64196.0,0,0,0,58,eth:ethertype:ip:tcp:mqtt,,,,,,,,,,,0.0,Normal,0.0
1744304386433312,10.42.0.1,10.42.0.139,1883,50027,5,234,0,1,0,0,0,0,0,0,0,0,0,0.0,0,,0,0,,0,0,0,0,0,0,0,0,0.0,0,0,0,0,0,64.0,64007.0,0,0,0,54,eth:ethertype:ip:tcp,,,,,,,,,,,0.0,Normal,0.0
1744304386433352,10.42.0.1,10.42.0.139,1883,50027,5,234,0,1,1,0,0,0,0,0,0,0,0,0.0,0,,0,0,,0,0,0,0,0,0,0,0,0.0,0,0,0,0,0,64.0,64007.0,0,0,0,54,eth:ethertype:ip:tcp,,,,,,,,,,,0.0,Normal,0.0
1744304401372950,10.42.0.1,10.42.0.2,1883,50027,0,1,1,1,0,0,0,0,0,0,0,0,0,0.0,0,,0,0,,0,0,0,0,0,0,0,0,0.0,0,0,0,0,0,64.0,64240.0,0,0,0,58,eth:ethertype:ip:tcp,,,,,,,,,,,0.0,Normal,0.0
1744304401378895,10.42.0.1,10.42.0.2,1883,50027,1,4,0,1,0,0,0,0,0,0,0,0,0,0.0,0,,0,0,,0,0,0,0,0,0,0,0,0.0,0,0,0,0,0,64.0,64237.0,0,0,0,54,eth:ethertype:ip:tcp,,,,,,,,,,,0.0,Normal,0.0
1744304401382343,10.42.0.1,10.42.0.2,1883,50027,1,33,0,1,0,0,0,0,0,0,0,0,0,0.0,0,,0,0,,0,0,0,0,0,0,0,0,0.0,0,0,0,0,0,64.0,64208.0,0,0,0,54,eth:ethertype:ip:tcp,,,,,,,,,,,0.0,Normal,0.0
1744304401385441,10.42.0.1,10.42.0.2,1883,50027,1,45,0,1,0,0,0,0,0,0,0,0,0,0.0,0,,0,0,,0,0,0,0,0,0,0,0,0.0,0,0,0,0,0,64.0,64196.0,0,0,0,54,eth:ethertype:ip:tcp,,,,,,,,,,,0.0,Normal,0.0
1744304401385692,10.42.0.1,10.42.0.2,1883,50027,1,45,0,1,0,0,1,0,4,0,0,0,0,0.0,0,,0,2,,0,0,0,0,2,0,0,0,0.0,0x00,0,0,0,0,64.0,64196.0,0,0,0,58,eth:ethertype:ip:tcp:mqtt,,,,,,,,,,,0.0,Normal,0.0
1744304401433312,10.42.0.1,10.42.0.2,1883,50027,5,234,0,1,0,0,0,0,0,0,0,0,0,0.0,0,,0,0,,0,0,0,0,0,0,0,0,0.0,0,0,0,0,0,64.0,64007.0,0,0,0,54,eth:ethertype:ip:tcp,,,,,,,,,,,0.0,Normal,0.0
1744304401433352,10.42.0.1,10.42.0.2,1883,50027,5,234,0,1,1,0,0,0,0,0,0,0,0,0.0,0,,0,0,,0,0,0,0,0,0,0,0,0.0,0,0,0,0,0,64.0,64007.0,0,0,0,54,eth:ethertype:ip:tcp,,,,,,,,,,,0.0,Normal,0.0
1744304416444206,10.42.0.1,10.42.0.139,1883,50028,0,1,1,1,0,0,0,0,0,0,0,0,0,0.0,0,,0,0,,0,0,0,0,0,0,0,0,0.0,0,0,0,0,0,64.0,64240.0,0,0,0,58,eth:ethertype:ip:tcp,,,,,,,,,,,0.0,Normal,0.0
1744304416460095,10.42.0.1,10.42.0.139,1883,50028,1,4,0,1,0,0,0,0,0,0,0,0,0,0.0,0,,0,0,,0,0,0,0,0,0,0,0,0.0,0,0,0,0,0,64.0,64237.0,0,0,0,54,eth:ethertype:ip:tcp,,,,,,,,,,,0.0,Normal,0.0
1744304416462842,10.42.0.1,10.42.0.139,1883,50028,1,45,0,1,0,0,0,0,0,0,0,0,0,0.0,0,,0,0,,0,0,0,0,0,0,0,0,0.0,0,0,0,0,0,64.0,64196.0,0,0,0,54,eth:ethertype:ip:tcp,,,,,,,,,,,0.0,Normal,0.0
1744304416463208,10.42.0.1,10.42.0.139,1883,50028,1,45,0,1,0,0,1,0,4,0,0,0,0,0.0,0,,0,2,,0,0,0,0,2,0,0,0,0.0,0x00,0,0,0,0,64.0,64196.0,0,0,0,58,eth:ethertype:ip:tcp:mqtt,,,,,,,,,,,0.0,Normal,0.0
1744304416512849,10.42.0.1,10.42.0.139,1883,50028,5,234,0,1,0,0,0,0,0,0,0,0,0,0.0,0,,0,0,,0,0,0,0,0,0,0,0,0.0,0,0,0,0,0,64.0,64007.0,0,0,0,54,eth:ethertype:ip:tcp,,,,,,,,,,,0.0,Normal,0.0
1744304416512933,10.42.0.1,10.42.0.139,1883,50028,5,234,0,1,1,0,0,0,0,0,0,0,0,0.0,0,,0,0,,0,0,0,0,0,0,0,0,0.0,0,0,0,0,0,64.0,64007.0,0,0,0,54,eth:ethertype:ip:tcp,,,,,,,,,,,0.0,Normal,0.0
1744304431444206,10.42.0.1,10.42.0.2,1883,50028,0,1,1,1,0,0,0,0,0,0,0,0,0,0.0,0,,0,0,,0,0,0,0,0,0,0,0,0.0,0,0,0,0,0,64.0,64240.0,0,0,0,58,eth:ethertype:ip:tcp,,,,,,,,,,,0.0,Normal,0.0
1744304431460095,10.42.0.1,10.42.0.2,1883,50028,1,4,0,1,0,0,0,0,0,0,0,0,0,0.0,0,,0,0,,0,0,0,0,0,0,0,0,0.0,0,0,0,0,0,64.0,64237.0,0,0,0,54,eth:ethertype:ip:tcp,,,,,,,,,,,0.0,Normal,0.0
1744304431462842,10.42.0.1,10.42.0.2,1883,50028,1,45,0,1,0,0,0,0,0,0,0,0,0,0.0,0,,0,0,,0,0,0,0,0,0,0,0,0.0,0,0,0,0,0,64.0,64196.0,0,0,0,54,eth:ethertype:ip:tcp,,,,,,,,,,,0.0,Normal,0.0
1744304431463208,10.42.0.1,10.42.0.2,1883,50028,1,45,0,1,0,0,1,0,4,0,0,0,0,0.0,0,,0,2,,0,0,0,0,2,0,0,0,0.0,0x00,0,0,0,0,64.0,64196.0,0,0,0,58,eth:ethertype:ip:tcp:mqtt,,,,,,,,,,,0.0,Normal,0.0
1744304431512849,10.42.0.1,10.42.0.2,1883,50028,5,234,0,1,0,0,0,0,0,0,0,0,0,0.0,0,,0,0,,0,0,0,0,0,0,0,0,0.0,0,0,0,0,0,64.0,64007.0,0,0,0,54,eth:ethertype:ip:tcp,,,,,,,,,,,0.0,Normal,0.0
1744304431512933,10.42.0.1,10.42.0.2,1883,50028,5,234,0,1,1,0,0,0,0,0,0,0,0,0.0,0,,0,0,,0,0,0,0,0,0,0,0,0.0,0,0,0,0,0,64.0,64007.0,0,0,0,54,eth:ethertype:ip:tcp,,,,,,,,,,,0.0,Normal,0.0
1744304446520780,10.42.0.1,10.42.0.139,1883,50029,0,1,1,1,0,0,0,0,0,0,0,0,0,0.0,0,,0,0,,0,0,0,0,0,0,0,0,0.0,0,0,0,0,0,64.0,64240.0,0,0,0,58,eth:ethertype:ip:tcp,,,,,,,,,,,0.0,Normal,0.0
1744304446526715,10.42.0.1,10.42.0.139,1883,50029,1,4,0,1,0,0,0,0,0,0,0,0,0,0.0,0,,0,0,,0,0,0,0,0,0,0,0,0.0,0,0,0,0,0,64.0,64237.0,0,0,0,54,eth:ethertype:ip:tcp,,,,,,,,,,,0.0,Normal,0.0
1744304446557074,10.42.0.1,10.42.0.139,1883,50029,1,33,0,1,0,0,0,0,0,0,0,0,0,0.0,0,,0,0,,0,0,0,0,0,0,0,0,0.0,0,0,0,0,0,64.0,64208.0,0,0,0,54,eth:ethertype:ip:tcp,,,,,,,,,,,0.0,Normal,0.0
1744304446559937,10.42.0.1,10.42.0.139,1883,50029,1,45,0,1,0,0,0,0,0,0,0,0,0,0.0,0,,0,0,,0,0,0,0,0,0,0,0,0.0,0,0,0,0,0,64.0,64196.0,0,0,0,54,eth:ethertype:ip:tcp,,,,,,,,,,,0.0,Normal,0.0
1744304446560325,10.42.0.1,10.42.0.139,1883,50029,1,45,0,1,0,0,1,0,4,0,0,0,0,0.0,0,,0,2,,0,0,0,0,2,0,0,0,0.0,0x00,0,0,0,0,64.0,64196.0,0,0,0,58,eth:ethertype:ip:tcp:mqtt,,,,,,,,,,,0.0,Normal,0.0
1744304446612174,10.42.0.1,10.42.0.139,1883,50029,5,234,0,1,0,0,0,0,0,0,0,0,0,0.0,0,,0,0,,0,0,0,0,0,0,0,0,0.0,0,0,0,0,0,64.0,64007.0,0,0,0,54,eth:ethertype:ip:tcp,,,,,,,,,,,0.0,Normal,0.0
1744304446612276,10.42.0.1,10.42.0.139,1883,50029,5,234,0,1,1,0,0,0,0,0,0,0,0,0.0,0,,0,0,,0,0,0,0,0,0,0,0,0.0,0,0,0,0,0,64.0,64007.0,0,0,0,54,eth:ethertype:ip:tcp,,,,,,,,,,,0.0,Normal,0.0
1744304461520780,10.42.0.1,10.42.0.2,1883,50029,0,1,1,1,0,0,0,0,0,0,0,0,0,0.0,0,,0,0,,0,0,0,0,0,0,0,0,0.0,0,0,0,0,0,64.0,64240.0,0,0,0,58,eth:ethertype:ip:tcp,,,,,,,,,,,0.0,Normal,0.0
1744304461526715,10.42.0.1,10.42.0.2,1883,50029,1,4,0,1,0,0,0,0,0,0,0,0,0,0.0,0,,0,0,,0,0,0,0,0,0,0,0,0.0,0,0,0,0,0,64.0,64237.0,0,0,0,54,eth:ethertype:ip:tcp,,,,,,,,,,,0.0,Normal,0.0
1744304461557074,10.42.0.1,10.42.0.2,1883,50029,1,33,0,1,0,0,0,0,0,0,0,0,0,0.0,0,,0,0,,0,0,0,0,0,0,0,0,0.0,0,0,0,0,0,64.0,64208.0,0,0,0,54,eth:ethertype:ip:tcp,,,,,,,,,,,0.0,Normal,0.0
1744304461559937,10.42.0.1,10.42.0.2,1883,50029,1,45,0,1,0,0,0,0,0,0,0,0,0,0.0,0,,0,0,,0,0,0,0,0,0,0,0,0.0,0,0,0,0,0,64.0,64196.0,0,0,0,54,eth:ethertype:ip:tcp,,,,,,,,,,,0.0,Normal,0.0
1744304461560325,10.42.0.1,10.42.0.2,1883,50029,1,45,0,1,0,0,1,0,4,0,0,0,0,0.0,0,,0,2,,0,0,0,0,2,0,0,0,0.0,0x00,0,0,0,0,64.0,64196.0,0,0,0,58,eth:ethertype:ip:tcp:mqtt,,,,,,,,,,,0.0,Normal,0.0
1744304461612174,10.42.0.1,10.42.0.2,1883,50029,5,234,0,1,0,0,0,0,0,0,0,0,0,0.0,0,,0,0,,0,0,0,0,0,0,0,0,0.0,0,0,0,0,0,64.0,64007.0,0,0,0,54,eth:ethertype:ip:tcp,,,,,,,,,,,0.0,Normal,0.0
1744304461612276,10.42.0.1,10.42.0.2,1883,50029,5,234,0,1,1,0,0,0,0,0,0,0,0,0.0,0,,0,0,,0,0,0,0,0,0,0,0,0.0,0,0,0,0,0,64.0,64007.0,0,0,0,54,eth:ethertype:ip:tcp,,,,,,,,,,,0.0,Normal,0.0
1744304476620600,10.42.0.1,10.42.0.139,1883,50030,0,1,1,1,0,0,0,0,0,0,0,0,0,0.0,0,,0,0,,0,0,0,0,0,0,0,0,0.0,0,0,0,0,0,64.0,64240.0,0,0,0,58,eth:ethertype:ip:tcp,,,,,,,,,,,0.0,Normal,0.0
1744304476626524,10.42.0.1,10.42.0.139,1883,50030,1,4,0,1,0,0,0,0,0,0,0,0,0,0.0,0,,0,0,,0,0,0,0,0,0,0,0,0.0,0,0,0,0,0,64.0,64237.0,0,0,0,54,eth:ethertype:ip:tcp,,,,,,,,,,,0.0,Normal,0.0
1744304476629828,10.42.0.1,10.42.0.139,1883,50030,1,33,0,1,0,0,0,0,0,0,0,0,0,0.0,0,,0,0,,0,0,0,0,0,0,0,0,0.0,0,0,0,0,0,64.0,64208.0,0,0,0,54,eth:ethertype:ip:tcp,,,,,,,,,,,0.0,Normal,0.0
1744304476632920,10.42.0.1,10.42.0.139,1883,50030,1,45,0,1,0,0,0,0,0,0,0,0,0,0.0,0,,0,0,,0,0,0,0,0,0,0,0,0.0,0,0,0,0,0,64.0,64196.0,0,0,0,54,eth:ethertype:ip:tcp,,,,,,,,,,,0.0,Normal,0.0
1744304476633257,10.42.0.1,10.42.0.139,1883,50030,1,45,0,1,0,0,1,0,4,0,0,0,0,0.0,0,,0,2,,0,0,0,0,2,0,0,0,0.0,0x00,0,0,0,0,64.0,64196.0,0,0,0,58,eth:ethertype:ip:tcp:mqtt,,,,,,,,,,,0.0,Normal,0.0
1744304476681185,10.42.0.1,10.42.0.139,1883,50030,5,234,0,1,0,0,0,0,0,0,0,0,0,0.0,0,,0,0,,0,0,0,0,0,0,0,0,0.0,0,0,0,0,0,64.0,64007.0,0,0,0,54,eth:ethertype:ip:tcp,,,,,,,,,,,0.0,Normal,0.0
1744304476681282,10.42.0.1,10.42.0.139,1883,50030,5,234,0,1,1,0,0,0,0,0,0,0,0,0.0,0,,0,0,,0,0,0,0,0,0,0,0,0.0,0,0,0,0,0,64.0,64007.0,0,0,0,54,eth:ethertype:ip:tcp,,,,,,,,,,,0.0,Normal,0.0
1744304491620600,10.42.0.1,10.42.0.2,1883,50030,0,1,1,1,0,0,0,0,0,0,0,0,0,0.0,0,,0,0,,0,0,0,0,0,0,0,0,0.0,0,0,0,0,0,64.0,64240.0,0,0,0,58,eth:ethertype:ip:tcp,,,,,,,,,,,0.0,Normal,0.0
1744304491626524,10.42.0.1,10.42.0.2,1883,50030,1,4,0,1,0,0,0,0,0,0,0,0,0,0.0,0,,0,0,,0,0,0,0,0,0,0,0,0.0,0,0,0,0,0,64.0,64237.0,0,0,0,54,eth:ethertype:ip:tcp,,,,,,,,,,,0.0,Normal,0.0
1744304491629828,10.42.0.1,10.42.0.2,1883,50030,1,33,0,1,0,0,0,0,0,0,0,0,0,0.0,0,,0,0,,0,0,0,0,0,0,0,0,0.0,0,0,0,0,0,64.0,64208.0,0,0,0,54,eth:ethertype:ip:tcp,,,,,,,,,,,0.0,Normal,0.0
1744304491632920,10.42.0.1,10.42.0.2,1883,50030,1,45,0,1,0,0,0,0,0,0,0,0,0,0.0,0,,0,0,,0,0,0,0,0,0,0,0,0.0,0,0,0,0,0,64.0,64196.0,0,0,0,54,eth:ethertype:ip:tcp,,,,,,,,,,,0.0,Normal,0.0
1744304491633257,10.42.0.1,10.42.0.2,1883,50030,1,45,0,1,0,0,1,0,4,0,0,0,0,0.0,0,,0,2,,0,0,0,0,2,0,0,0,0.0,0x00,0,0,0,0,64.0,64196.0,0,0,0,58,eth:ethertype:ip:tcp:mqtt,,,,,,,,,,,0.0,Normal,0.0
1744304491681185,10.42.0.1,10.42.0.2,1883,50030,5,234,0,1,0,0,0,0,0,0,0,0,0,0.0,0,,0,0,,0,0,0,0,0,0,0,0,0.0,0,0,0,0,0,64.0,64007.0,0,0,0,54,eth:ethertype:ip:tcp,,,,,,,,,,,0.0,Normal,0.0
1744304491681282,10.42.0.1,10.42.0.2,1883,50030,5,234,0,1,1,0,0,0,0,0,0,0,0,0.0,0,,0,0,,0,0,0,0,0,0,0,0,0.0,0,0,0,0,0,64.0,64007.0,0,0,0,54,eth:ethertype:ip:tcp,,,,,,,,,,,0.0,Normal,0.0
1744304506690131,10.42.0.1,10.42.0.139,1883,50031,0,1,1,1,0,0,0,0,0,0,0,0,0,0.0,0,,0,0,,0,0,0,0,0,0,0,0,0.0,0,0,0,0,0,64.0,64240.0,0,0,0,58,eth:ethertype:ip:tcp,,,,,,,,,,,0.0,Normal,0.0
1744304506696343,10.42.0.1,10.42.0.139,1883,50031,1,4,0,1,0,0,0,0,0,0,0,0,0,0.0,0,,0,0,,0,0,0,0,0,0,0,0,0.0,0,0,0,0,0,64.0,64237.0,0,0,0,54,eth:ethertype:ip:tcp,,,,,,,,,,,0.0,Normal,0.0
1744304506699808,10.42.0.1,10.42.0.139,1883,50031,1,33,0,1,0,0,0,0,0,0,0,0,0,0.0,0,,0,0,,0,0,0,0,0,0,0,0,0.0,0,0,0,0,0,64.0,64208.0,0,0,0,54,eth:ethertype:ip:tcp,,,,,,,,,,,0.0,Normal,0.0
1744304506726490,10.42.0.1,10.42.0.139,1883,50031,1,45,0,1,0,0,0,0,0,0,0,0,0,0.0,0,,0,0,,0,0,0,0,0,0,0,0,0.0,0,0,0,0,0,64.0,64196.0,0,0,0,54,eth:ethertype:ip:tcp,,,,,,,,,,,0.0,Normal,0.0
1744304506726825,10.42.0.1,10.42.0.139,1883,50031,1,45,0,1,0,0,1,0,4,0,0,0,0,0.0,0,,0,2,,0,0,0,0,2,0,0,0,0.0,0x00,0,0,0,0,64.0,64196.0,0,0,0,58,eth:ethertype:ip:tcp:mqtt,,,,,,,,,,,0.0,Normal,0.0
1744304506780581,10.42.0.1,10.42.0.139,1883,50031,5,234,0,1,0,0,0,0,0,0,0,0,0,0.0,0,,0,0,,0,0,0,0,0,0,0,0,0.0,0,0,0,0,0,64.0,64007.0,0,0,0,54,eth:ethertype:ip:tcp,,,,,,,,,,,0.0,Normal,0.0
1744304506780621,10.42.0.1,10.42.0.139,1883,50031,5,234,0,1,1,0,0,0,0,0,0,0,0,0.0,0,,0,0,,0,0,0,0,0,0,0,0,0.0,0,0,0,0,0,64.0,64007.0,0,0,0,54,eth:ethertype:ip:tcp,,,,,,,,,,,0.0,Normal,0.0
1744304521690131,10.42.0.1,10.42.0.2,1883,50031,0,1,1,1,0,0,0,0,0,0,0,0,0,0.0,0,,0,0,,0,0,0,0,0,0,0,0,0.0,0,0,0,0,0,64.0,64240.0,0,0,0,58,eth:ethertype:ip:tcp,,,,,,,,,,,0.0,Normal,0.0
1744304521696343,10.42.0.1,10.42.0.2,1883,50031,1,4,0,1,0,0,0,0,0,0,0,0,0,0.0,0,,0,0,,0,0,0,0,0,0,0,0,0.0,0,0,0,0,0,64.0,64237.0,0,0,0,54,eth:ethertype:ip:tcp,,,,,,,,,,,0.0,Normal,0.0
1744304521699808,10.42.0.1,10.42.0.2,1883,50031,1,33,0,1,0,0,0,0,0,0,0,0,0,0.0,0,,0,0,,0,0,0,0,0,0,0,0,0.0,0,0,0,0,0,64.0,64208.0,0,0,0,54,eth:ethertype:ip:tcp,,,,,,,,,,,0.0,Normal,0.0
1744304521726490,10.42.0.1,10.42.0.2,1883,50031,1,45,0,1,0,0,0,0,0,0,0,0,0,0.0,0,,0,0,,0,0,0,0,0,0,0,0,0.0,0,0,0,0,0,64.0,64196.0,0,0,0,54,eth:ethertype:ip:tcp,,,,,,,,,,,0.0,Normal,0.0
1744304521726825,10.42.0.1,10.42.0.2,1883,50031,1,45,0,1,0,0,1,0,4,0,0,0,0,0.0,0,,0,2,,0,0,0,0,2,0,0,0,0.0,0x00,0,0,0,0,64.0,64196.0,0,0,0,58,eth:ethertype:ip:tcp:mqtt,,,,,,,,,,,0.0,Normal,0.0
1744304521780581,10.42.0.1,10.42.0.2,1883,50031,5,234,0,1,0,0,0,0,0,0,0,0,0,0.0,0,,0,0,,0,0,0,0,0,0,0,0,0.0,0,0,0,0,0,64.0,64007.0,0,0,0,54,eth:ethertype:ip:tcp,,,,,,,,,,,0.0,Normal,0.0
1744304521780621,10.42.0.1,10.42.0.2,1883,50031,5,234,0,1,1,0,0,0,0,0,0,0,0,0.0,0,,0,0,,0,0,0,0,0,0,0,0,0.0,0,0,0,0,0,64.0,64007.0,0,0,0,54,eth:ethertype:ip:tcp,,,,,,,,,,,0.0,Normal,0.0
1744304536789447,10.42.0.1,10.42.0.139,1883,50032,0,1,1,1,0,0,0,0,0,0,0,0,0,0.0,0,,0,0,,0,0,0,0,0,0,0,0,0.0,0,0,0,0,0,64.0,64240.0,0,0,0,58,eth:ethertype:ip:tcp,,,,,,,,,,,0.0,Normal,0.0
1744304536795449,10.42.0.1,10.42.0.139,1883,50032,1,4,0,1,0,0,0,0,0,0,0,0,0,0.0,0,,0,0,,0,0,0,0,0,0,0,0,0.0,0,0,0,0,0,64.0,64237.0,0,0,0,54,eth:ethertype:ip:tcp,,,,,,,,,,,0.0,Normal,0.0
1744304536798764,10.42.0.1,10.42.0.139,1883,50032,1,33,0,1,0,0,0,0,0,0,0,0,0,0.0,0,,0,0,,0,0,0,0,0,0,0,0,0.0,0,0,0,0,0,64.0,64208.0,0,0,0,54,eth:ethertype:ip:tcp,,,,,,,,,,,0.0,Normal,0.0
1744304536801936,10.42.0.1,10.42.0.139,1883,50032,1,45,0,1,0,0,0,0,0,0,0,0,0,0.0,0,,0,0,,0,0,0,0,0,0,0,0,0.0,0,0,0,0,0,64.0,64196.0,0,0,0,54,eth:ethertype:ip:tcp,,,,,,,,,,,0.0,Normal,0.0
1744304536802283,10.42.0.1,10.42.0.139,1883,50032,1,45,0,1,0,0,1,0,4,0,0,0,0,0.0,0,,0,2,,0,0,0,0,2,0,0,0,0.0,0x00,0,0,0,0,64.0,64196.0,0,0,0,58,eth:ethertype:ip:tcp:mqtt,,,,,,,,,,,0.0,Normal,0.0
1744304536850485,10.42.0.1,10.42.0.139,1883,50032,5,234,0,1,0,0,0,0,0,0,0,0,0,0.0,0,,0,0,,0,0,0,0,0,0,0,0,0.0,0,0,0,0,0,64.0,64007.0,0,0,0,54,eth:ethertype:ip:tcp,,,,,,,,,,,0.0,Normal,0.0
1744304536850560,10.42.0.1,10.42.0.139,1883,50032,5,234,0,1,1,0,0,0,0,0,0,0,0,0.0,0,,0,0,,0,0,0,0,0,0,0,0,0.0,0,0,0,0,0,64.0,64007.0,0,0,0,54,eth:ethertype:ip:tcp,,,,,,,,,,,0.0,Normal,0.0
1744304551789447,10.42.0.1,10.42.0.2,1883,50032,0,1,1,1,0,0,0,0,0,0,0,0,0,0.0,0,,0,0,,0,0,0,0,0,0,0,0,0.0,0,0,0,0,0,64.0,64240.0,0,0,0,58,eth:ethertype:ip:tcp,,,,,,,,,,,0.0,Normal,0.0
1744304551795449,10.42.0.1,10.42.0.2,1883,50032,1,4,0,1,0,0,0,0,0,0,0,0,0,0.0,0,,0,0,,0,0,0,0,0,0,0,0,0.0,0,0,0,0,0,64.0,64237.0,0,0,0,54,eth:ethertype:ip:tcp,,,,,,,,,,,0.0,Normal,0.0
1744304551798764,10.42.0.1,10.42.0.2,1883,50032,1,33,0,1,0,0,0,0,0,0,0,0,0,0.0,0,,0,0,,0,0,0,0,0,0,0,0,0.0,0,0,0,0,0,64.0,64208.0,0,0,0,54,eth:ethertype:ip:tcp,,,,,,,,,,,0.0,Normal,0.0
1744304551801936,10.42.0.1,10.42.0.2,1883,50032,1,45,0,1,0,0,0,0,0,0,0,0,0,0.0,0,,0,0,,0,0,0,0,0,0,0,0,0.0,0,0,0,0,0,64.0,64196.0,0,0,0,54,eth:ethertype:ip:tcp,,,,,,,,,,,0.0,Normal,0.0
1744304551802283,10.42.0.1,10.42.0.2,1883,50032,1,45,0,1,0,0,1,0,4,0,0,0,0,0.0,0,,0,2,,0,0,0,0,2,0,0,0,0.0,0x00,0,0,0,0,64.0,64196.0,0,0,0,58,eth:ethertype:ip:tcp:mqtt,,,,,,,,,,,0.0,Normal,0.0
1744304551850485,10.42.0.1,10.42.0.2,1883,50032,5,234,0,1,0,0,0,0,0,0,0,0,0,0.0,0,,0,0,,0,0,0,0,0,0,0,0,0.0,0,0,0,0,0,64.0,64007.0,0,0,0,54,eth:ethertype:ip:tcp,,,,,,,,,,,0.0,Normal,0.0
1744304551850560,10.42.0.1,10.42.0.2,1883,50032,5,234,0,1,1,0,0,0,0,0,0,0,0,0.0,0,,0,0,,0,0,0,0,0,0,0,0,0.0,0,0,0,0,0,64.0,64007.0,0,0,0,54,eth:ethertype:ip:tcp,,,,,,,,,,,0.0,Normal,0.0
1744304566859028,10.42.0.1,10.42.0.139,1883,50033,0,1,1,1,0,0,0,0,0,0,0,0,0,0.0,0,,0,0,,0,0,0,0,0,0,0,0,0.0,0,0,0,0,0,64.0,64240.0,0,0,0,58,eth:ethertype:ip:tcp,,,,,,,,,,,0.0,Normal,0.0
1744304566865925,10.42.0.1,10.42.0.139,1883,50033,1,4,0,1,0,0,0,0,0,0,0,0,0,0.0,0,,0,0,,0,0,0,0,0,0,0,0,0.0,0,0,0,0,0,64.0,64237.0,0,0,0,54,eth:ethertype:ip:tcp,,,,,,,,,,,0.0,Normal,0.0
1744304566872464,10.42.0.1,10.42.0.139,1883,50033,1,45,0,1,0,0,0,0,0,0,0,0,0,0.0,0,,0,0,,0,0,0,0,0,0,0,0,0.0,0,0,0,0,0,64.0,64196.0,0,0,0,54,eth:ethertype:ip:tcp,,,,,,,,,,,0.0,Normal,0.0
1744304566872820,10.42.0.1,10.42.0.139,1883,50033,1,45,0,1,0,0,1,0,4,0,0,0,0,0.0,0,,0,2,,0,0,0,0,2,0,0,0,0.0,0x00,0,0,0,0,64.0,64196.0,0,0,0,58,eth:ethertype:ip:tcp:mqtt,,,,,,,,,,,0.0,Normal,0.0
1744304566919958,10.42.0.1,10.42.0.139,1883,50033,5,234,0,1,0,0,0,0,0,0,0,0,0,0.0,0,,0,0,,0,0,0,0,0,0,0,0,0.0,0,0,0,0,0,64.0,64007.0,0,0,0,54,eth:ethertype:ip:tcp,,,,,,,,,,,0.0,Normal,0.0
1744304566920023,10.42.0.1,10.42.0.139,1883,50033,5,234,0,1,1,0,0,0,0,0,0,0,0,0.0,0,,0,0,,0,0,0,0,0,0,0,0,0.0,0,0,0,0,0,64.0,64007.0,0,0,0,54,eth:ethertype:ip:tcp,,,,,,,,,,,0.0,Normal,0.0
1744304581859028,10.42.0.1,10.42.0.2,1883,50033,0,1,1,1,0,0,0,0,0,0,0,0,0,0.0,0,,0,0,,0,0,0,0,0,0,0,0,0.0,0,0,0,0,0,64.0,64240.0,0,0,0,58,eth:ethertype:ip:tcp,,,,,,,,,,,0.0,Normal,0.0
1744304581865925,10.42.0.1,10.42.0.2,1883,50033,1,4,0,1,0,0,0,0,0,0,0,0,0,0.0,0,,0,0,,0,0,0,0,0,0,0,0,0.0,0,0,0,0,0,64.0,64237.0,0,0,0,54,eth:ethertype:ip:tcp,,,,,,,,,,,0.0,Normal,0.0
1744304581872464,10.42.0.1,10.42.0.2,1883,50033,1,45,0,1,0,0,0,0,0,0,0,0,0,0.0,0,,0,0,,0,0,0,0,0,0,0,0,0.0,0,0,0,0,0,64.0,64196.0,0,0,0,54,eth:ethertype:ip:tcp,,,,,,,,,,,0.0,Normal,0.0
1744304581872820,10.42.0.1,10.42.0.2,1883,50033,1,45,0,1,0,0,1,0,4,0,0,0,0,0.0,0,,0,2,,0,0,0,0,2,0,0,0,0.0,0x00,0,0,0,0,64.0,64196.0,0,0,0,58,eth:ethertype:ip:tcp:mqtt,,,,,,,,,,,0.0,Normal,0.0
1744304581919958,10.42.0.1,10.42.0.2,1883,50033,5,234,0,1,0,0,0,0,0,0,0,0,0,0.0,0,,0,0,,0,0,0,0,0,0,0,0,0.0,0,0,0,0,0,64.0,64007.0,0,0,0,54,eth:ethertype:ip:tcp,,,,,,,,,,,0.0,Normal,0.0
1744304581920023,10.42.0.1,10.42.0.2,1883,50033,5,234,0,1,1,0,0,0,0,0,0,0,0,0.0,0,,0,0,,0,0,0,0,0,0,0,0,0.0,0,0,0,0,0,64.0,64007.0,0,0,0,54,eth:ethertype:ip:tcp,,,,,,,,,,,0.0,Normal,0.0
1744304596928323,10.42.0.1,10.42.0.139,1883,50034,0,1,1,1,0,0,0,0,0,0,0,0,0,0.0,0,,0,0,,0,0,0,0,0,0,0,0,0.0,0,0,0,0,0,64.0,64240.0,0,0,0,58,eth:ethertype:ip:tcp,,,,,,,,,,,0.0,Normal,0.0
1744304596934424,10.42.0.1,10.42.0.139,1883,50034,1,4,0,1,0,0,0,0,0,0,0,0,0,0.0,0,,0,0,,0,0,0,0,0,0,0,0,0.0,0,0,0,0,0,64.0,64237.0,0,0,0,54,eth:ethertype:ip:tcp,,,,,,,,,,,0.0,Normal,0.0
1744304596938062,10.42.0.1,10.42.0.139,1883,50034,1,33,0,1,0,0,0,0,0,0,0,0,0,0.0,0,,0,0,,0,0,0,0,0,0,0,0,0.0,0,0,0,0,0,64.0,64208.0,0,0,0,54,eth:ethertype:ip:tcp,,,,,,,,,,,0.0,Normal,0.0
1744304596941296,10.42.0.1,10.42.0.139,1883,50034,1,45,0,1,0,0,0,0,0,0,0,0,0,0.0,0,,0,0,,0,0,0,0,0,0,0,0,0.0,0,0,0,0,0,64.0,64196.0,0,0,0,54,eth:ethertype:ip:tcp,,,,,,,,,,,0.0,Normal,0.0
1744304596941645,10.42.0.1,10.42.0.139,1883,50034,1,45,0,1,0,0,1,0,4,0,0,0,0,0.0,0,,0,2,,0,0,0,0,2,0,0,0,0.0,0x00,0,0,0,0,64.0,64196.0,0,0,0,58,eth:ethertype:ip:tcp:mqtt,,,,,,,,,,,0.0,Normal,0.0
1744304596988567,10.42.0.1,10.42.0.139,1883,50034,5,234,0,1,0,0,0,0,0,0,0,0,0,0.0,0,,0,0,,0,0,0,0,0,0,0,0,0.0,0,0,0,0,0,64.0,64007.0,0,0,0,54,eth:ethertype:ip:tcp,,,,,,,,,,,0.0,Normal,0.0
1744304596988604,10.42.0.1,10.42.0.139,1883,50034,5,234,0,1,1,0,0,0,0,0,0,0,0,0.0,0,,0,0,,0,0,0,0,0,0,0,0,0.0,0,0,0,0,0,64.0,64007.0,0,0,0,54,eth:ethertype:ip:tcp,,,,,,,,,,,0.0,Normal,0.0
1744304611928323,10.42.0.1,10.42.0.2,1883,50034,0,1,1,1,0,0,0,0,0,0,0,0,0,0.0,0,,0,0,,0,0,0,0,0,0,0,0,0.0,0,0,0,0,0,64.0,64240.0,0,0,0,58,eth:ethertype:ip:tcp,,,,,,,,,,,0.0,Normal,0.0
1744304611934424,10.42.0.1,10.42.0.2,1883,50034,1,4,0,1,0,0,0,0,0,0,0,0,0,0.0,0,,0,0,,0,0,0,0,0,0,0,0,0.0,0,0,0,0,0,64.0,64237.0,0,0,0,54,eth:ethertype:ip:tcp,,,,,,,,,,,0.0,Normal,0.0
1744304611938062,10.42.0.1,10.42.0.2,1883,50034,1,33,0,1,0,0,0,0,0,0,0,0,0,0.0,0,,0,0,,0,0,0,0,0,0,0,0,0.0,0,0,0,0,0,64.0,64208.0,0,0,0,54,eth:ethertype:ip:tcp,,,,,,,,,,,0.0,Normal,0.0
1744304611941296,10.42.0.1,10.42.0.2,1883,50034,1,45,0,1,0,0,0,0,0,0,0,0,0,0.0,0,,0,0,,0,0,0,0,0,0,0,0,0.0,0,0,0,0,0,64.0,64196.0,0,0,0,54,eth:ethertype:ip:tcp,,,,,,,,,,,0.0,Normal,0.0
1744304611941645,10.42.0.1,10.42.0.2,1883,50034,1,45,0,1,0,0,1,0,4,0,0,0,0,0.0,0,,0,2,,0,0,0,0,2,0,0,0,0.0,0x00,0,0,0,0,64.0,64196.0,0,0,0,58,eth:ethertype:ip:tcp:mqtt,,,,,,,,,,,0.0,Normal,0.0
1744304611988567,10.42.0.1,10.42.0.2,1883,50034,5,234,0,1,0,0,0,0,0,0,0,0,0,0.0,0,,0,0,,0,0,0,0,0,0,0,0,0.0,0,0,0,0,0,64.0,64007.0,0,0,0,54,eth:ethertype:ip:tcp,,,,,,,,,,,0.0,Normal,0.0
1744304611988604,10.42.0.1,10.42.0.2,1883,50034,5,234,0,1,1,0,0,0,0,0,0,0,0,0.0,0,,0,0,,0,0,0,0,0,0,0,0,0.0,0,0,0,0,0,64.0,64007.0,0,0,0,54,eth:ethertype:ip:tcp,,,,,,,,,,,0.0,Normal,0.0
1744304626997445,10.42.0.1,10.42.0.139,1883,50035,0,1,1,1,0,0,0,0,0,0,0,0,0,0.0,0,,0,0,,0,0,0,0,0,0,0,0,0.0,0,0,0,0,0,64.0,64240.0,0,0,0,58,eth:ethertype:ip:tcp,,,,,,,,,,,0.0,Normal,0.0
1744304627003536,10.42.0.1,10.42.0.139,1883,50035,1,4,0,1,0,0,0,0,0,0,0,0,0,0.0,0,,0,0,,0,0,0,0,0,0,0,0,0.0,0,0,0,0,0,64.0,64237.0,0,0,0,54,eth:ethertype:ip:tcp,,,,,,,,,,,0.0,Normal,0.0
1744304627007028,10.42.0.1,10.42.0.139,1883,50035,1,33,0,1,0,0,0,0,0,0,0,0,0,0.0,0,,0,0,,0,0,0,0,0,0,0,0,0.0,0,0,0,0,0,64.0,64208.0,0,0,0,54,eth:ethertype:ip:tcp,,,,,,,,,,,0.0,Normal,0.0
1744304627010084,10.42.0.1,10.42.0.139,1883,50035,1,45,0,1,0,0,0,0,0,0,0,0,0,0.0,0,,0,0,,0,0,0,0,0,0,0,0,0.0,0,0,0,0,0,64.0,64196.0,0,0,0,54,eth:ethertype:ip:tcp,,,,,,,,,,,0.0,Normal,0.0
1744304627010456,10.42.0.1,10.42.0.139,1883,50035,1,45,0,1,0,0,1,0,4,0,0,0,0,0.0,0,,0,2,,0,0,0,0,2,0,0,0,0.0,0x00,0,0,0,0,64.0,64196.0,0,0,0,58,eth:ethertype:ip:tcp:mqtt,,,,,,,,,,,0.0,Normal,0.0
1744304627057985,10.42.0.1,10.42.0.139,1883,50035,5,234,0,1,0,0,0,0,0,0,0,0,0,0.0,0,,0,0,,0,0,0,0,0,0,0,0,0.0,0,0,0,0,0,64.0,64007.0,0,0,0,54,eth:ethertype:ip:tcp,,,,,,,,,,,0.0,Normal,0.0
1744304627058029,10.42.0.1,10.42.0.139,1883,50035,5,234,0,1,1,0,0,0,0,0,0,0,0,0.0,0,,0,0,,0,0,0,0,0,0,0,0,0.0,0,0,0,0,0,64.0,64007.0,0,0,0,54,eth:ethertype:ip:tcp,,,,,,,,,,,0.0,Normal,0.0
1744304641997445,10.42.0.1,10.42.0.2,1883,50035,0,1,1,1,0,0,0,0,0,0,0,0,0,0.0,0,,0,0,,0,0,0,0,0,0,0,0,0.0,0,0,0,0,0,64.0,64240.0,0,0,0,58,eth:ethertype:ip:tcp,,,,,,,,,,,0.0,Normal,0.0
1744304642003536,10.42.0.1,10.42.0.2,1883,50035,1,4,0,1,0,0,0,0,0,0,0,0,0,0.0,0,,0,0,,0,0,0,0,0,0,0,0,0.0,0,0,0,0,0,64.0,64237.0,0,0,0,54,eth:ethertype:ip:tcp,,,,,,,,,,,0.0,Normal,0.0
1744304642007028,10.42.0.1,10.42.0.2,1883,50035,1,33,0,1,0,0,0,0,0,0,0,0,0,0.0,0,,0,0,,0,0,0,0,0,0,0,0,0.0,0,0,0,0,0,64.0,64208.0,0,0,0,54,eth:ethertype:ip:tcp,,,,,,,,,,,0.0,Normal,0.0
1744304642010084,10.42.0.1,10.42.0.2,1883,50035,1,45,0,1,0,0,0,0,0,0,0,0,0,0.0,0,,0,0,,0,0,0,0,0,0,0,0,0.0,0,0,0,0,0,64.0,64196.0,0,0,0,54,eth:ethertype:ip:tcp,,,,,,,,,,,0.0,Normal,0.0
1744304642010456,10.42.0.1,10.42.0.2,1883,50035,1,45,0,1,0,0,1,0,4,0,0,0,0,0.0,0,,0,2,,0,0,0,0,2,0,0,0,0.0,0x00,0,0,0,0,64.0,64196.0,0,0,0,58,eth:ethertype:ip:tcp:mqtt,,,,,,,,,,,0.0,Normal,0.0
1744304642057985,10.42.0.1,10.42.0.2,1883,50035,5,234,0,1,0,0,0,0,0,0,0,0,0,0.0,0,,0,0,,0,0,0,0,0,0,0,0,0.0,0,0,0,0,0,64.0,64007.0,0,0,0,54,eth:ethertype:ip:tcp,,,,,,,,,,,0.0,Normal,0.0
1744304642058029,10.42.0.1,10.42.0.2,1883,50035,5,234,0,1,1,0,0,0,0,0,0,0,0,0.0,0,,0,0,,0,0,0,0,0,0,0,0,0.0,0,0,0,0,0,64.0,64007.0,0,0,0,54,eth:ethertype:ip:tcp,,,,,,,,,,,0.0,Normal,0.0
1744304657065950,10.42.0.1,10.42.0.139,1883,50036,0,1,1,1,0,0,0,0,0,0,0,0,0,0.0,0,,0,0,,0,0,0,0,0,0,0,0,0.0,0,0,0,0,0,64.0,64240.0,0,0,0,58,eth:ethertype:ip:tcp,,,,,,,,,,,0.0,Normal,0.0
1744304657071665,10.42.0.1,10.42.0.139,1883,50036,1,4,0,1,0,0,0,0,0,0,0,0,0,0.0,0,,0,0,,0,0,0,0,0,0,0,0,0.0,0,0,0,0,0,64.0,64237.0,0,0,0,54,eth:ethertype:ip:tcp,,,,,,,,,,,0.0,Normal,0.0
1744304657075334,10.42.0.1,10.42.0.139,1883,50036,1,33,0,1,0,0,0,0,0,0,0,0,0,0.0,0,,0,0,,0,0,0,0,0,0,0,0,0.0,0,0,0,0,0,64.0,64208.0,0,0,0,54,eth:ethertype:ip:tcp,,,,,,,,,,,0.0,Normal,0.0
1744304657080455,10.42.0.1,10.42.0.139,1883,50036,1,45,0,1,0,0,0,0,0,0,0,0,0,0.0,0,,0,0,,0,0,0,0,0,0,0,0,0.0,0,0,0,0,0,64.0,64196.0,0,0,0,54,eth:ethertype:ip:tcp,,,,,,,,,,,0.0,Normal,0.0
1744304657080813,10.42.0.1,10.42.0.139,1883,50036,1,45,0,1,0,0,1,0,4,0,0,0,0,0.0,0,,0,2,,0,0,0,0,2,0,0,0,0.0,0x00,0,0,0,0,64.0,64196.0,0,0,0,58,eth:ethertype:ip:tcp:mqtt,,,,,,,,,,,0.0,Normal,0.0
1744304657127259,10.42.0.1,10.42.0.139,1883,50036,5,234,0,1,0,0,0,0,0,0,0,0,0,0.0,0,,0,0,,0,0,0,0,0,0,0,0,0.0,0,0,0,0,0,64.0,64007.0,0,0,0,54,eth:ethertype:ip:tcp,,,,,,,,,,,0.0,Normal,0.0
1744304657127299,10.42.0.1,10.42.0.139,1883,50036,5,234,0,1,1,0,0,0,0,0,0,0,0,0.0,0,,0,0,,0,0,0,0,0,0,0,0,0.0,0,0,0,0,0,64.0,64007.0,0,0,0,54,eth:ethertype:ip:tcp,,,,,,,,,,,0.0,Normal,0.0
1744304672065950,10.42.0.1,10.42.0.2,1883,50036,0,1,1,1,0,0,0,0,0,0,0,0,0,0.0,0,,0,0,,0,0,0,0,0,0,0,0,0.0,0,0,0,0,0,64.0,64240.0,0,0,0,58,eth:ethertype:ip:tcp,,,,,,,,,,,0.0,Normal,0.0
1744304672071665,10.42.0.1,10.42.0.2,1883,50036,1,4,0,1,0,0,0,0,0,0,0,0,0,0.0,0,,0,0,,0,0,0,0,0,0,0,0,0.0,0,0,0,0,0,64.0,64237.0,0,0,0,54,eth:ethertype:ip:tcp,,,,,,,,,,,0.0,Normal,0.0
1744304672075334,10.42.0.1,10.42.0.2,1883,50036,1,33,0,1,0,0,0,0,0,0,0,0,0,0.0,0,,0,0,,0,0,0,0,0,0,0,0,0.0,0,0,0,0,0,64.0,64208.0,0,0,0,54,eth:ethertype:ip:tcp,,,,,,,,,,,0.0,Normal,0.0
1744304672080455,10.42.0.1,10.42.0.2,1883,50036,1,45,0,1,0,0,0,0,0,0,0,0,0,0.0,0,,0,0,,0,0,0,0,0,0,0,0,0.0,0,0,0,0,0,64.0,64196.0,0,0,0,54,eth:ethertype:ip:tcp,,,,,,,,,,,0.0,Normal,0.0
1744304672080813,10.42.0.1,10.42.0.2,1883,50036,1,45,0,1,0,0,1,0,4,0,0,0,0,0.0,0,,0,2,,0,0,0,0,2,0,0,0,0.0,0x00,0,0,0,0,64.0,64196.0,0,0,0,58,eth:ethertype:ip:tcp:mqtt,,,,,,,,,,,0.0,Normal,0.0
1744304672127259,10.42.0.1,10.42.0.2,1883,50036,5,234,0,1,0,0,0,0,0,0,0,0,0,0.0,0,,0,0,,0,0,0,0,0,0,0,0,0.0,0,0,0,0,0,64.0,64007.0,0,0,0,54,eth:ethertype:ip:tcp,,,,,,,,,,,0.0,Normal,0.0
1744304672127299,10.42.0.1,10.42.0.2,1883,50036,5,234,0,1,1,0,0,0,0,0,0,0,0,0.0,0,,0,0,,0,0,0,0,0,0,0,0,0.0,0,0,0,0,0,64.0,64007.0,0,0,0,54,eth:ethertype:ip:tcp,,,,,,,,,,,0.0,Normal,0.0
1744304685876932,10.42.0.1,10.42.0.139,0,0,0,0,0,0,0,0,0,0,0,0,0,0,0,0.0,0,,0,0,,0,0,0,0,0,0,0,0,0.0,0,0,0,0,0,64.0,0.0,0,0,0,342,eth:ethertype:ip:udp:dhcp,,,,,,,,,,,0.0,Normal,0.0
1744304687144599,10.42.0.1,10.42.0.139,1883,50037,0,1,1,1,0,0,0,0,0,0,0,0,0,0.0,0,,0,0,,0,0,0,0,0,0,0,0,0.0,0,0,0,0,0,64.0,64240.0,0,0,0,58,eth:ethertype:ip:tcp,,,,,,,,,,,0.0,Normal,0.0
1744304687151050,10.42.0.1,10.42.0.139,1883,50037,1,4,0,1,0,0,0,0,0,0,0,0,0,0.0,0,,0,0,,0,0,0,0,0,0,0,0,0.0,0,0,0,0,0,64.0,64237.0,0,0,0,54,eth:ethertype:ip:tcp,,,,,,,,,,,0.0,Normal,0.0
1744304687154516,10.42.0.1,10.42.0.139,1883,50037,1,33,0,1,0,0,0,0,0,0,0,0,0,0.0,0,,0,0,,0,0,0,0,0,0,0,0,0.0,0,0,0,0,0,64.0,64208.0,0,0,0,54,eth:ethertype:ip:tcp,,,,,,,,,,,0.0,Normal,0.0
1744304687157617,10.42.0.1,10.42.0.139,1883,50037,1,45,0,1,0,0,0,0,0,0,0,0,0,0.0,0,,0,0,,0,0,0,0,0,0,0,0,0.0,0,0,0,0,0,64.0,64196.0,0,0,0,54,eth:ethertype:ip:tcp,,,,,,,,,,,0.0,Normal,0.0
1744304687157947,10.42.0.1,10.42.0.139,1883,50037,1,45,0,1,0,0,1,0,4,0,0,0,0,0.0,0,,0,2,,0,0,0,0,2,0,0,0,0.0,0x00,0,0,0,0,64.0,64196.0,0,0,0,58,eth:ethertype:ip:tcp:mqtt,,,,,,,,,,,0.0,Normal,0.0
1744304687206616,10.42.0.1,10.42.0.139,1883,50037,5,234,0,1,0,0,0,0,0,0,0,0,0,0.0,0,,0,0,,0,0,0,0,0,0,0,0,0.0,0,0,0,0,0,64.0,64007.0,0,0,0,54,eth:ethertype:ip:tcp,,,,,,,,,,,0.0,Normal,0.0
1744304687206665,10.42.0.1,10.42.0.139,1883,50037,5,234,0,1,1,0,0,0,0,0,0,0,0,0.0,0,,0,0,,0,0,0,0,0,0,0,0,0.0,0,0,0,0,0,64.0,64007.0,0,0,0,54,eth:ethertype:ip:tcp,,,,,,,,,,,0.0,Normal,0.0
1744304700876932,10.42.0.1,10.42.0.2,0,0,0,0,0,0,0,0,0,0,0,0,0,0,0,0.0,0,,0,0,,0,0,0,0,0,0,0,0,0.0,0,0,0,0,0,64.0,0.0,0,0,0,342,eth:ethertype:ip:udp:dhcp,,,,,,,,,,,0.0,Normal,0.0
1744304702144599,10.42.0.1,10.42.0.2,1883,50037,0,1,1,1,0,0,0,0,0,0,0,0,0,0.0,0,,0,0,,0,0,0,0,0,0,0,0,0.0,0,0,0,0,0,64.0,64240.0,0,0,0,58,eth:ethertype:ip:tcp,,,,,,,,,,,0.0,Normal,0.0
1744304702151050,10.42.0.1,10.42.0.2,1883,50037,1,4,0,1,0,0,0,0,0,0,0,0,0,0.0,0,,0,0,,0,0,0,0,0,0,0,0,0.0,0,0,0,0,0,64.0,64237.0,0,0,0,54,eth:ethertype:ip:tcp,,,,,,,,,,,0.0,Normal,0.0
1744304702154516,10.42.0.1,10.42.0.2,1883,50037,1,33,0,1,0,0,0,0,0,0,0,0,0,0.0,0,,0,0,,0,0,0,0,0,0,0,0,0.0,0,0,0,0,0,64.0,64208.0,0,0,0,54,eth:ethertype:ip:tcp,,,,,,,,,,,0.0,Normal,0.0
1744304702157617,10.42.0.1,10.42.0.2,1883,50037,1,45,0,1,0,0,0,0,0,0,0,0,0,0.0,0,,0,0,,0,0,0,0,0,0,0,0,0.0,0,0,0,0,0,64.0,64196.0,0,0,0,54,eth:ethertype:ip:tcp,,,,,,,,,,,0.0,Normal,0.0
1744304702157947,10.42.0.1,10.42.0.2,1883,50037,1,45,0,1,0,0,1,0,4,0,0,0,0,0.0,0,,0,2,,0,0,0,0,2,0,0,0,0.0,0x00,0,0,0,0,64.0,64196.0,0,0,0,58,eth:ethertype:ip:tcp:mqtt,,,,,,,,,,,0.0,Normal,0.0
1744304702206616,10.42.0.1,10.42.0.2,1883,50037,5,234,0,1,0,0,0,0,0,0,0,0,0,0.0,0,,0,0,,0,0,0,0,0,0,0,0,0.0,0,0,0,0,0,64.0,64007.0,0,0,0,54,eth:ethertype:ip:tcp,,,,,,,,,,,0.0,Normal,0.0
1744304702206665,10.42.0.1,10.42.0.2,1883,50037,5,234,0,1,1,0,0,0,0,0,0,0,0,0.0,0,,0,0,,0,0,0,0,0,0,0,0,0.0,0,0,0,0,0,64.0,64007.0,0,0,0,54,eth:ethertype:ip:tcp,,,,,,,,,,,0.0,Normal,0.0
1744304717215360,10.42.0.1,10.42.0.139,1883,50038,0,1,1,1,0,0,0,0,0,0,0,0,0,0.0,0,,0,0,,0,0,0,0,0,0,0,0,0.0,0,0,0,0,0,64.0,64240.0,0,0,0,58,eth:ethertype:ip:tcp,,,,,,,,,,,0.0,Normal,0.0
1744304717221408,10.42.0.1,10.42.0.139,1883,50038,1,4,0,1,0,0,0,0,0,0,0,0,0,0.0,0,,0,0,,0,0,0,0,0,0,0,0,0.0,0,0,0,0,0,64.0,64237.0,0,0,0,54,eth:ethertype:ip:tcp,,,,,,,,,,,0.0,Normal,0.0
1744304717224818,10.42.0.1,10.42.0.139,1883,50038,1,33,0,1,0,0,0,0,0,0,0,0,0,0.0,0,,0,0,,0,0,0,0,0,0,0,0,0.0,0,0,0,0,0,64.0,64208.0,0,0,0,54,eth:ethertype:ip:tcp,,,,,,,,,,,0.0,Normal,0.0
1744304717227958,10.42.0.1,10.42.0.139,1883,50038,1,45,0,1,0,0,0,0,0,0,0,0,0,0.0,0,,0,0,,0,0,0,0,0,0,0,0,0.0,0,0,0,0,0,64.0,64196.0,0,0,0,54,eth:ethertype:ip:tcp,,,,,,,,,,,0.0,Normal,0.0
1744304717228281,10.42.0.1,10.42.0.139,1883,50038,1,45,0,1,0,0,1,0,4,0,0,0,0,0.0,0,,0,2,,0,0,0,0,2,0,0,0,0.0,0x00,0,0,0,0,64.0,64196.0,0,0,0,58,eth:ethertype:ip:tcp:mqtt,,,,,,,,,,,0.0,Normal,0.0
1744304717276119,10.42.0.1,10.42.0.139,1883,50038,5,234,0,1,0,0,0,0,0,0,0,0,0,0.0,0,,0,0,,0,0,0,0,0,0,0,0,0.0,0,0,0,0,0,64.0,64007.0,0,0,0,54,eth:ethertype:ip:tcp,,,,,,,,,,,0.0,Normal,0.0
1744304717276157,10.42.0.1,10.42.0.139,1883,50038,5,234,0,1,1,0,0,0,0,0,0,0,0,0.0,0,,0,0,,0,0,0,0,0,0,0,0,0.0,0,0,0,0,0,64.0,64007.0,0,0,0,54,eth:ethertype:ip:tcp,,,,,,,,,,,0.0,Normal,0.0
1744304732215360,10.42.0.1,10.42.0.2,1883,50038,0,1,1,1,0,0,0,0,0,0,0,0,0,0.0,0,,0,0,,0,0,0,0,0,0,0,0,0.0,0,0,0,0,0,64.0,64240.0,0,0,0,58,eth:ethertype:ip:tcp,,,,,,,,,,,0.0,Normal,0.0
1744304732221408,10.42.0.1,10.42.0.2,1883,50038,1,4,0,1,0,0,0,0,0,0,0,0,0,0.0,0,,0,0,,0,0,0,0,0,0,0,0,0.0,0,0,0,0,0,64.0,64237.0,0,0,0,54,eth:ethertype:ip:tcp,,,,,,,,,,,0.0,Normal,0.0
1744304732224818,10.42.0.1,10.42.0.2,1883,50038,1,33,0,1,0,0,0,0,0,0,0,0,0,0.0,0,,0,0,,0,0,0,0,0,0,0,0,0.0,0,0,0,0,0,64.0,64208.0,0,0,0,54,eth:ethertype:ip:tcp,,,,,,,,,,,0.0,Normal,0.0
1744304732227958,10.42.0.1,10.42.0.2,1883,50038,1,45,0,1,0,0,0,0,0,0,0,0,0,0.0,0,,0,0,,0,0,0,0,0,0,0,0,0.0,0,0,0,0,0,64.0,64196.0,0,0,0,54,eth:ethertype:ip:tcp,,,,,,,,,,,0.0,Normal,0.0
1744304732228281,10.42.0.1,10.42.0.2,1883,50038,1,45,0,1,0,0,1,0,4,0,0,0,0,0.0,0,,0,2,,0,0,0,0,2,0,0,0,0.0,0x00,0,0,0,0,64.0,64196.0,0,0,0,58,eth:ethertype:ip:tcp:mqtt,,,,,,,,,,,0.0,Normal,0.0
1744304732276119,10.42.0.1,10.42.0.2,1883,50038,5,234,0,1,0,0,0,0,0,0,0,0,0,0.0,0,,0,0,,0,0,0,0,0,0,0,0,0.0,0,0,0,0,0,64.0,64007.0,0,0,0,54,eth:ethertype:ip:tcp,,,,,,,,,,,0.0,Normal,0.0
1744304732276157,10.42.0.1,10.42.0.2,1883,50038,5,234,0,1,1,0,0,0,0,0,0,0,0,0.0,0,,0,0,,0,0,0,0,0,0,0,0,0.0,0,0,0,0,0,64.0,64007.0,0,0,0,54,eth:ethertype:ip:tcp,,,,,,,,,,,0.0,Normal,0.0
1744304747284830,10.42.0.1,10.42.0.139,1883,50039,0,1,1,1,0,0,0,0,0,0,0,0,0,0.0,0,,0,0,,0,0,0,0,0,0,0,0,0.0,0,0,0,0,0,64.0,64240.0,0,0,0,58,eth:ethertype:ip:tcp,,,,,,,,,,,0.0,Normal,0.0
1744304747290986,10.42.0.1,10.42.0.139,1883,50039,1,4,0,1,0,0,0,0,0,0,0,0,0,0.0,0,,0,0,,0,0,0,0,0,0,0,0,0.0,0,0,0,0,0,64.0,64237.0,0,0,0,54,eth:ethertype:ip:tcp,,,,,,,,,,,0.0,Normal,0.0
1744304747294811,10.42.0.1,10.42.0.139,1883,50039,1,33,0,1,0,0,0,0,0,0,0,0,0,0.0,0,,0,0,,0,0,0,0,0,0,0,0,0.0,0,0,0,0,0,64.0,64208.0,0,0,0,54,eth:ethertype:ip:tcp,,,,,,,,,,,0.0,Normal,0.0
1744304747299615,10.42.0.1,10.42.0.139,1883,50039,1,45,0,1,0,0,0,0,0,0,0,0,0,0.0,0,,0,0,,0,0,0,0,0,0,0,0,0.0,0,0,0,0,0,64.0,64196.0,0,0,0,54,eth:ethertype:ip:tcp,,,,,,,,,,,0.0,Normal,0.0
1744304747299950,10.42.0.1,10.42.0.139,1883,50039,1,45,0,1,0,0,1,0,4,0,0,0,0,0.0,0,,0,2,,0,0,0,0,2,0,0,0,0.0,0x00,0,0,0,0,64.0,64196.0,0,0,0,58,eth:ethertype:ip:tcp:mqtt,,,,,,,,,,,0.0,Normal,0.0
1744304747355983,10.42.0.1,10.42.0.139,1883,50039,5,234,0,1,0,0,0,0,0,0,0,0,0,0.0,0,,0,0,,0,0,0,0,0,0,0,0,0.0,0,0,0,0,0,64.0,64007.0,0,0,0,54,eth:ethertype:ip:tcp,,,,,,,,,,,0.0,Normal,0.0
1744304747356017,10.42.0.1,10.42.0.139,1883,50039,5,234,0,1,1,0,0,0,0,0,0,0,0,0.0,0,,0,0,,0,0,0,0,0,0,0,0,0.0,0,0,0,0,0,64.0,64007.0,0,0,0,54,eth:ethertype:ip:tcp,,,,,,,,,,,0.0,Normal,0.0
1744304762284830,10.42.0.1,10.42.0.2,1883,50039,0,1,1,1,0,0,0,0,0,0,0,0,0,0.0,0,,0,0,,0,0,0,0,0,0,0,0,0.0,0,0,0,0,0,64.0,64240.0,0,0,0,58,eth:ethertype:ip:tcp,,,,,,,,,,,0.0,Normal,0.0
1744304762290986,10.42.0.1,10.42.0.2,1883,50039,1,4,0,1,0,0,0,0,0,0,0,0,0,0.0,0,,0,0,,0,0,0,0,0,0,0,0,0.0,0,0,0,0,0,64.0,64237.0,0,0,0,54,eth:ethertype:ip:tcp,,,,,,,,,,,0.0,Normal,0.0
1744304762294811,10.42.0.1,10.42.0.2,1883,50039,1,33,0,1,0,0,0,0,0,0,0,0,0,0.0,0,,0,0,,0,0,0,0,0,0,0,0,0.0,0,0,0,0,0,64.0,64208.0,0,0,0,54,eth:ethertype:ip:tcp,,,,,,,,,,,0.0,Normal,0.0
1744304762299615,10.42.0.1,10.42.0.2,1883,50039,1,45,0,1,0,0,0,0,0,0,0,0,0,0.0,0,,0,0,,0,0,0,0,0,0,0,0,0.0,0,0,0,0,0,64.0,64196.0,0,0,0,54,eth:ethertype:ip:tcp,,,,,,,,,,,0.0,Normal,0.0
1744304762299950,10.42.0.1,10.42.0.2,1883,50039,1,45,0,1,0,0,1,0,4,0,0,0,0,0.0,0,,0,2,,0,0,0,0,2,0,0,0,0.0,0x00,0,0,0,0,64.0,64196.0,0,0,0,58,eth:ethertype:ip:tcp:mqtt,,,,,,,,,,,0.0,Normal,0.0
1744304762355983,10.42.0.1,10.42.0.2,1883,50039,5,234,0,1,0,0,0,0,0,0,0,0,0,0.0,0,,0,0,,0,0,0,0,0,0,0,0,0.0,0,0,0,0,0,64.0,64007.0,0,0,0,54,eth:ethertype:ip:tcp,,,,,,,,,,,0.0,Normal,0.0
1744304762356017,10.42.0.1,10.42.0.2,1883,50039,5,234,0,1,1,0,0,0,0,0,0,0,0,0.0,0,,0,0,,0,0,0,0,0,0,0,0,0.0,0,0,0,0,0,64.0,64007.0,0,0,0,54,eth:ethertype:ip:tcp,,,,,,,,,,,0.0,Normal,0.0
1744304777364392,10.42.0.1,10.42.0.139,1883,50040,0,1,1,1,0,0,0,0,0,0,0,0,0,0.0,0,,0,0,,0,0,0,0,0,0,0,0,0.0,0,0,0,0,0,64.0,64240.0,0,0,0,58,eth:ethertype:ip:tcp,,,,,,,,,,,0.0,Normal,0.0
1744304777370453,10.42.0.1,10.42.0.139,1883,50040,1,4,0,1,0,0,0,0,0,0,0,0,0,0.0,0,,0,0,,0,0,0,0,0,0,0,0,0.0,0,0,0,0,0,64.0,64237.0,0,0,0,54,eth:ethertype:ip:tcp,,,,,,,,,,,0.0,Normal,0.0
1744304777373969,10.42.0.1,10.42.0.139,1883,50040,1,33,0,1,0,0,0,0,0,0,0,0,0,0.0,0,,0,0,,0,0,0,0,0,0,0,0,0.0,0,0,0,0,0,64.0,64208.0,0,0,0,54,eth:ethertype:ip:tcp,,,,,,,,,,,0.0,Normal,0.0
1744304777377346,10.42.0.1,10.42.0.139,1883,50040,1,45,0,1,0,0,0,0,0,0,0,0,0,0.0,0,,0,0,,0,0,0,0,0,0,0,0,0.0,0,0,0,0,0,64.0,64196.0,0,0,0,54,eth:ethertype:ip:tcp,,,,,,,,,,,0.0,Normal,0.0
1744304777377718,10.42.0.1,10.42.0.139,1883,50040,1,45,0,1,0,0,1,0,4,0,0,0,0,0.0,0,,0,2,,0,0,0,0,2,0,0,0,0.0,0x00,0,0,0,0,64.0,64196.0,0,0,0,58,eth:ethertype:ip:tcp:mqtt,,,,,,,,,,,0.0,Normal,0.0
1744304777424376,10.42.0.1,10.42.0.139,1883,50040,5,234,0,1,0,0,0,0,0,0,0,0,0,0.0,0,,0,0,,0,0,0,0,0,0,0,0,0.0,0,0,0,0,0,64.0,64007.0,0,0,0,54,eth:ethertype:ip:tcp,,,,,,,,,,,0.0,Normal,0.0
1744304777424446,10.42.0.1,10.42.0.139,1883,50040,5,234,0,1,1,0,0,0,0,0,0,0,0,0.0,0,,0,0,,0,0,0,0,0,0,0,0,0.0,0,0,0,0,0,64.0,64007.0,0,0,0,54,eth:ethertype:ip:tcp,,,,,,,,,,,0.0,Normal,0.0
1744304792364392,10.42.0.1,10.42.0.2,1883,50040,0,1,1,1,0,0,0,0,0,0,0,0,0,0.0,0,,0,0,,0,0,0,0,0,0,0,0,0.0,0,0,0,0,0,64.0,64240.0,0,0,0,58,eth:ethertype:ip:tcp,,,,,,,,,,,0.0,Normal,0.0
1744304792370453,10.42.0.1,10.42.0.2,1883,50040,1,4,0,1,0,0,0,0,0,0,0,0,0,0.0,0,,0,0,,0,0,0,0,0,0,0,0,0.0,0,0,0,0,0,64.0,64237.0,0,0,0,54,eth:ethertype:ip:tcp,,,,,,,,,,,0.0,Normal,0.0
1744304792373969,10.42.0.1,10.42.0.2,1883,50040,1,33,0,1,0,0,0,0,0,0,0,0,0,0.0,0,,0,0,,0,0,0,0,0,0,0,0,0.0,0,0,0,0,0,64.0,64208.0,0,0,0,54,eth:ethertype:ip:tcp,,,,,,,,,,,0.0,Normal,0.0
1744304792377346,10.42.0.1,10.42.0.2,1883,50040,1,45,0,1,0,0,0,0,0,0,0,0,0,0.0,0,,0,0,,0,0,0,0,0,0,0,0,0.0,0,0,0,0,0,64.0,64196.0,0,0,0,54,eth:ethertype:ip:tcp,,,,,,,,,,,0.0,Normal,0.0
1744304792377718,10.42.0.1,10.42.0.2,1883,50040,1,45,0,1,0,0,1,0,4,0,0,0,0,0.0,0,,0,2,,0,0,0,0,2,0,0,0,0.0,0x00,0,0,0,0,64.0,64196.0,0,0,0,58,eth:ethertype:ip:tcp:mqtt,,,,,,,,,,,0.0,Normal,0.0
1744304792424376,10.42.0.1,10.42.0.2,1883,50040,5,234,0,1,0,0,0,0,0,0,0,0,0,0.0,0,,0,0,,0,0,0,0,0,0,0,0,0.0,0,0,0,0,0,64.0,64007.0,0,0,0,54,eth:ethertype:ip:tcp,,,,,,,,,,,0.0,Normal,0.0
1744304792424446,10.42.0.1,10.42.0.2,1883,50040,5,234,0,1,1,0,0,0,0,0,0,0,0,0.0,0,,0,0,,0,0,0,0,0,0,0,0,0.0,0,0,0,0,0,64.0,64007.0,0,0,0,54,eth:ethertype:ip:tcp,,,,,,,,,,,0.0,Normal,0.0
1744304807433493,10.42.0.1,10.42.0.139,1883,50041,0,1,1,1,0,0,0,0,0,0,0,0,0,0.0,0,,0,0,,0,0,0,0,0,0,0,0,0.0,0,0,0,0,0,64.0,64240.0,0,0,0,58,eth:ethertype:ip:tcp,,,,,,,,,,,0.0,Normal,0.0
1744304807439508,10.42.0.1,10.42.0.139,1883,50041,1,4,0,1,0,0,0,0,0,0,0,0,0,0.0,0,,0,0,,0,0,0,0,0,0,0,0,0.0,0,0,0,0,0,64.0,64237.0,0,0,0,54,eth:ethertype:ip:tcp,,,,,,,,,,,0.0,Normal,0.0
1744304807442938,10.42.0.1,10.42.0.139,1883,50041,1,33,0,1,0,0,0,0,0,0,0,0,0,0.0,0,,0,0,,0,0,0,0,0,0,0,0,0.0,0,0,0,0,0,64.0,64208.0,0,0,0,54,eth:ethertype:ip:tcp,,,,,,,,,,,0.0,Normal,0.0
1744304807446024,10.42.0.1,10.42.0.139,1883,50041,1,45,0,1,0,0,0,0,0,0,0,0,0,0.0,0,,0,0,,0,0,0,0,0,0,0,0,0.0,0,0,0,0,0,64.0,64196.0,0,0,0,54,eth:ethertype:ip:tcp,,,,,,,,,,,0.0,Normal,0.0
1744304807446335,10.42.0.1,10.42.0.139,1883,50041,1,45,0,1,0,0,1,0,4,0,0,0,0,0.0,0,,0,2,,0,0,0,0,2,0,0,0,0.0,0x00,0,0,0,0,64.0,64196.0,0,0,0,58,eth:ethertype:ip:tcp:mqtt,,,,,,,,,,,0.0,Normal,0.0
1744304807493749,10.42.0.1,10.42.0.139,1883,50041,5,234,0,1,0,0,0,0,0,0,0,0,0,0.0,0,,0,0,,0,0,0,0,0,0,0,0,0.0,0,0,0,0,0,64.0,64007.0,0,0,0,54,eth:ethertype:ip:tcp,,,,,,,,,,,0.0,Normal,0.0
1744304807493788,10.42.0.1,10.42.0.139,1883,50041,5,234,0,1,1,0,0,0,0,0,0,0,0,0.0,0,,0,0,,0,0,0,0,0,0,0,0,0.0,0,0,0,0,0,64.0,64007.0,0,0,0,54,eth:ethertype:ip:tcp,,,,,,,,,,,0.0,Normal,0.0
1744304822433493,10.42.0.1,10.42.0.2,1883,50041,0,1,1,1,0,0,0,0,0,0,0,0,0,0.0,0,,0,0,,0,0,0,0,0,0,0,0,0.0,0,0,0,0,0,64.0,64240.0,0,0,0,58,eth:ethertype:ip:tcp,,,,,,,,,,,0.0,Normal,0.0
1744304822439508,10.42.0.1,10.42.0.2,1883,50041,1,4,0,1,0,0,0,0,0,0,0,0,0,0.0,0,,0,0,,0,0,0,0,0,0,0,0,0.0,0,0,0,0,0,64.0,64237.0,0,0,0,54,eth:ethertype:ip:tcp,,,,,,,,,,,0.0,Normal,0.0
1744304822442938,10.42.0.1,10.42.0.2,1883,50041,1,33,0,1,0,0,0,0,0,0,0,0,0,0.0,0,,0,0,,0,0,0,0,0,0,0,0,0.0,0,0,0,0,0,64.0,64208.0,0,0,0,54,eth:ethertype:ip:tcp,,,,,,,,,,,0.0,Normal,0.0
1744304822446024,10.42.0.1,10.42.0.2,1883,50041,1,45,0,1,0,0,0,0,0,0,0,0,0,0.0,0,,0,0,,0,0,0,0,0,0,0,0,0.0,0,0,0,0,0,64.0,64196.0,0,0,0,54,eth:ethertype:ip:tcp,,,,,,,,,,,0.0,Normal,0.0
1744304822446335,10.42.0.1,10.42.0.2,1883,50041,1,45,0,1,0,0,1,0,4,0,0,0,0,0.0,0,,0,2,,0,0,0,0,2,0,0,0,0.0,0x00,0,0,0,0,64.0,64196.0,0,0,0,58,eth:ethertype:ip:tcp:mqtt,,,,,,,,,,,0.0,Normal,0.0
1744304822493749,10.42.0.1,10.42.0.2,1883,50041,5,234,0,1,0,0,0,0,0,0,0,0,0,0.0,0,,0,0,,0,0,0,0,0,0,0,0,0.0,0,0,0,0,0,64.0,64007.0,0,0,0,54,eth:ethertype:ip:tcp,,,,,,,,,,,0.0,Normal,0.0
1744304822493788,10.42.0.1,10.42.0.2,1883,50041,5,234,0,1,1,0,0,0,0,0,0,0,0,0.0,0,,0,0,,0,0,0,0,0,0,0,0,0.0,0,0,0,0,0,64.0,64007.0,0,0,0,54,eth:ethertype:ip:tcp,,,,,,,,,,,0.0,Normal,0.0
1744304837502000,10.42.0.1,10.42.0.139,1883,50042,0,1,1,1,0,0,0,0,0,0,0,0,0,0.0,0,,0,0,,0,0,0,0,0,0,0,0,0.0,0,0,0,0,0,64.0,64240.0,0,0,0,58,eth:ethertype:ip:tcp,,,,,,,,,,,0.0,Normal,0.0
1744304837509387,10.42.0.1,10.42.0.139,1883,50042,1,4,0,1,0,0,0,0,0,0,0,0,0,0.0,0,,0,0,,0,0,0,0,0,0,0,0,0.0,0,0,0,0,0,64.0,64237.0,0,0,0,54,eth:ethertype:ip:tcp,,,,,,,,,,,0.0,Normal,0.0
1744304837514390,10.42.0.1,10.42.0.139,1883,50042,1,45,0,1,0,0,0,0,0,0,0,0,0,0.0,0,,0,0,,0,0,0,0,0,0,0,0,0.0,0,0,0,0,0,64.0,64196.0,0,0,0,54,eth:ethertype:ip:tcp,,,,,,,,,,,0.0,Normal,0.0
1744304837514709,10.42.0.1,10.42.0.139,1883,50042,1,45,0,1,0,0,1,0,4,0,0,0,0,0.0,0,,0,2,,0,0,0,0,2,0,0,0,0.0,0x00,0,0,0,0,64.0,64196.0,0,0,0,58,eth:ethertype:ip:tcp:mqtt,,,,,,,,,,,0.0,Normal,0.0
1744304837563213,10.42.0.1,10.42.0.139,1883,50042,5,234,0,1,0,0,0,0,0,0,0,0,0,0.0,0,,0,0,,0,0,0,0,0,0,0,0,0.0,0,0,0,0,0,64.0,64007.0,0,0,0,54,eth:ethertype:ip:tcp,,,,,,,,,,,0.0,Normal,0.0
1744304837563255,10.42.0.1,10.42.0.139,1883,50042,5,234,0,1,1,0,0,0,0,0,0,0,0,0.0,0,,0,0,,0,0,0,0,0,0,0,0,0.0,0,0,0,0,0,64.0,64007.0,0,0,0,54,eth:ethertype:ip:tcp,,,,,,,,,,,0.0,Normal,0.0
1744304852502000,10.42.0.1,10.42.0.2,1883,50042,0,1,1,1,0,0,0,0,0,0,0,0,0,0.0,0,,0,0,,0,0,0,0,0,0,0,0,0.0,0,0,0,0,0,64.0,64240.0,0,0,0,58,eth:ethertype:ip:tcp,,,,,,,,,,,0.0,Normal,0.0
1744304852509387,10.42.0.1,10.42.0.2,1883,50042,1,4,0,1,0,0,0,0,0,0,0,0,0,0.0,0,,0,0,,0,0,0,0,0,0,0,0,0.0,0,0,0,0,0,64.0,64237.0,0,0,0,54,eth:ethertype:ip:tcp,,,,,,,,,,,0.0,Normal,0.0
1744304852514390,10.42.0.1,10.42.0.2,1883,50042,1,45,0,1,0,0,0,0,0,0,0,0,0,0.0,0,,0,0,,0,0,0,0,0,0,0,0,0.0,0,0,0,0,0,64.0,64196.0,0,0,0,54,eth:ethertype:ip:tcp,,,,,,,,,,,0.0,Normal,0.0
1744304852514709,10.42.0.1,10.42.0.2,1883,50042,1,45,0,1,0,0,1,0,4,0,0,0,0,0.0,0,,0,2,,0,0,0,0,2,0,0,0,0.0,0x00,0,0,0,0,64.0,64196.0,0,0,0,58,eth:ethertype:ip:tcp:mqtt,,,,,,,,,,,0.0,Normal,0.0
1744304852563213,10.42.0.1,10.42.0.2,1883,50042,5,234,0,1,0,0,0,0,0,0,0,0,0,0.0,0,,0,0,,0,0,0,0,0,0,0,0,0.0,0,0,0,0,0,64.0,64007.0,0,0,0,54,eth:ethertype:ip:tcp,,,,,,,,,,,0.0,Normal,0.0
1744304852563255,10.42.0.1,10.42.0.2,1883,50042,5,234,0,1,1,0,0,0,0,0,0,0,0,0.0,0,,0,0,,0,0,0,0,0,0,0,0,0.0,0,0,0,0,0,64.0,64007.0,0,0,0,54,eth:ethertype:ip:tcp,,,,,,,,,,,0.0,Normal,0.0
1744304867571998,10.42.0.1,10.42.0.139,1883,50043,0,1,1,1,0,0,0,0,0,0,0,0,0,0.0,0,,0,0,,0,0,0,0,0,0,0,0,0.0,0,0,0,0,0,64.0,64240.0,0,0,0,58,eth:ethertype:ip:tcp,,,,,,,,,,,0.0,Normal,0.0
1744304867578411,10.42.0.1,10.42.0.139,1883,50043,1,4,0,1,0,0,0,0,0,0,0,0,0,0.0,0,,0,0,,0,0,0,0,0,0,0,0,0.0,0,0,0,0,0,64.0,64237.0,0,0,0,54,eth:ethertype:ip:tcp,,,,,,,,,,,0.0,Normal,0.0
1744304867581784,10.42.0.1,10.42.0.139,1883,50043,1,33,0,1,0,0,0,0,0,0,0,0,0,0.0,0,,0,0,,0,0,0,0,0,0,0,0,0.0,0,0,0,0,0,64.0,64208.0,0,0,0,54,eth:ethertype:ip:tcp,,,,,,,,,,,0.0,Normal,0.0
1744304867584938,10.42.0.1,10.42.0.139,1883,50043,1,45,0,1,0,0,0,0,0,0,0,0,0,0.0,0,,0,0,,0,0,0,0,0,0,0,0,0.0,0,0,0,0,0,64.0,64196.0,0,0,0,54,eth:ethertype:ip:tcp,,,,,,,,,,,0.0,Normal,0.0
1744304867585227,10.42.0.1,10.42.0.139,1883,50043,1,45,0,1,0,0,1,0,4,0,0,0,0,0.0,0,,0,2,,0,0,0,0,2,0,0,0,0.0,0x00,0,0,0,0,64.0,64196.0,0,0,0,58,eth:ethertype:ip:tcp:mqtt,,,,,,,,,,,0.0,Normal,0.0
1744304867632459,10.42.0.1,10.42.0.139,1883,50043,5,234,0,1,0,0,0,0,0,0,0,0,0,0.0,0,,0,0,,0,0,0,0,0,0,0,0,0.0,0,0,0,0,0,64.0,64007.0,0,0,0,54,eth:ethertype:ip:tcp,,,,,,,,,,,0.0,Normal,0.0
1744304867632538,10.42.0.1,10.42.0.139,1883,50043,5,234,0,1,1,0,0,0,0,0,0,0,0,0.0,0,,0,0,,0,0,0,0,0,0,0,0,0.0,0,0,0,0,0,64.0,64007.0,0,0,0,54,eth:ethertype:ip:tcp,,,,,,,,,,,0.0,Normal,0.0
1744304882571998,10.42.0.1,10.42.0.2,1883,50043,0,1,1,1,0,0,0,0,0,0,0,0,0,0.0,0,,0,0,,0,0,0,0,0,0,0,0,0.0,0,0,0,0,0,64.0,64240.0,0,0,0,58,eth:ethertype:ip:tcp,,,,,,,,,,,0.0,Normal,0.0
1744304882578411,10.42.0.1,10.42.0.2,1883,50043,1,4,0,1,0,0,0,0,0,0,0,0,0,0.0,0,,0,0,,0,0,0,0,0,0,0,0,0.0,0,0,0,0,0,64.0,64237.0,0,0,0,54,eth:ethertype:ip:tcp,,,,,,,,,,,0.0,Normal,0.0
1744304882581784,10.42.0.1,10.42.0.2,1883,50043,1,33,0,1,0,0,0,0,0,0,0,0,0,0.0,0,,0,0,,0,0,0,0,0,0,0,0,0.0,0,0,0,0,0,64.0,64208.0,0,0,0,54,eth:ethertype:ip:tcp,,,,,,,,,,,0.0,Normal,0.0
1744304882584938,10.42.0.1,10.42.0.2,1883,50043,1,45,0,1,0,0,0,0,0,0,0,0,0,0.0,0,,0,0,,0,0,0,0,0,0,0,0,0.0,0,0,0,0,0,64.0,64196.0,0,0,0,54,eth:ethertype:ip:tcp,,,,,,,,,,,0.0,Normal,0.0
1744304882585227,10.42.0.1,10.42.0.2,1883,50043,1,45,0,1,0,0,1,0,4,0,0,0,0,0.0,0,,0,2,,0,0,0,0,2,0,0,0,0.0,0x00,0,0,0,0,64.0,64196.0,0,0,0,58,eth:ethertype:ip:tcp:mqtt,,,,,,,,,,,0.0,Normal,0.0
1744304882632459,10.42.0.1,10.42.0.2,1883,50043,5,234,0,1,0,0,0,0,0,0,0,0,0,0.0,0,,0,0,,0,0,0,0,0,0,0,0,0.0,0,0,0,0,0,64.0,64007.0,0,0,0,54,eth:ethertype:ip:tcp,,,,,,,,,,,0.0,Normal,0.0
1744304882632538,10.42.0.1,10.42.0.2,1883,50043,5,234,0,1,1,0,0,0,0,0,0,0,0,0.0,0,,0,0,,0,0,0,0,0,0,0,0,0.0,0,0,0,0,0,64.0,64007.0,0,0,0,54,eth:ethertype:ip:tcp,,,,,,,,,,,0.0,Normal,0.0
1744304897641269,10.42.0.1,10.42.0.139,1883,50044,0,1,1,1,0,0,0,0,0,0,0,0,0,0.0,0,,0,0,,0,0,0,0,0,0,0,0,0.0,0,0,0,0,0,64.0,64240.0,0,0,0,58,eth:ethertype:ip:tcp,,,,,,,,,,,0.0,Normal,0.0
1744304897647280,10.42.0.1,10.42.0.139,1883,50044,1,4,0,1,0,0,0,0,0,0,0,0,0,0.0,0,,0,0,,0,0,0,0,0,0,0,0,0.0,0,0,0,0,0,64.0,64237.0,0,0,0,54,eth:ethertype:ip:tcp,,,,,,,,,,,0.0,Normal,0.0
1744304897650916,10.42.0.1,10.42.0.139,1883,50044,1,33,0,1,0,0,0,0,0,0,0,0,0,0.0,0,,0,0,,0,0,0,0,0,0,0,0,0.0,0,0,0,0,0,64.0,64208.0,0,0,0,54,eth:ethertype:ip:tcp,,,,,,,,,,,0.0,Normal,0.0
1744304897654066,10.42.0.1,10.42.0.139,1883,50044,1,45,0,1,0,0,0,0,0,0,0,0,0,0.0,0,,0,0,,0,0,0,0,0,0,0,0,0.0,0,0,0,0,0,64.0,64196.0,0,0,0,54,eth:ethertype:ip:tcp,,,,,,,,,,,0.0,Normal,0.0
1744304897654465,10.42.0.1,10.42.0.139,1883,50044,1,45,0,1,0,0,1,0,4,0,0,0,0,0.0,0,,0,2,,0,0,0,0,2,0,0,0,0.0,0x00,0,0,0,0,64.0,64196.0,0,0,0,58,eth:ethertype:ip:tcp:mqtt,,,,,,,,,,,0.0,Normal,0.0
1744304897702140,10.42.0.1,10.42.0.139,1883,50044,5,234,0,1,0,0,0,0,0,0,0,0,0,0.0,0,,0,0,,0,0,0,0,0,0,0,0,0.0,0,0,0,0,0,64.0,64007.0,0,0,0,54,eth:ethertype:ip:tcp,,,,,,,,,,,0.0,Normal,0.0
1744304897702202,10.42.0.1,10.42.0.139,1883,50044,5,234,0,1,1,0,0,0,0,0,0,0,0,0.0,0,,0,0,,0,0,0,0,0,0,0,0,0.0,0,0,0,0,0,64.0,64007.0,0,0,0,54,eth:ethertype:ip:tcp,,,,,,,,,,,0.0,Normal,0.0
1744304912641269,10.42.0.1,10.42.0.2,1883,50044,0,1,1,1,0,0,0,0,0,0,0,0,0,0.0,0,,0,0,,0,0,0,0,0,0,0,0,0.0,0,0,0,0,0,64.0,64240.0,0,0,0,58,eth:ethertype:ip:tcp,,,,,,,,,,,0.0,Normal,0.0
1744304912647280,10.42.0.1,10.42.0.2,1883,50044,1,4,0,1,0,0,0,0,0,0,0,0,0,0.0,0,,0,0,,0,0,0,0,0,0,0,0,0.0,0,0,0,0,0,64.0,64237.0,0,0,0,54,eth:ethertype:ip:tcp,,,,,,,,,,,0.0,Normal,0.0
1744304912650916,10.42.0.1,10.42.0.2,1883,50044,1,33,0,1,0,0,0,0,0,0,0,0,0,0.0,0,,0,0,,0,0,0,0,0,0,0,0,0.0,0,0,0,0,0,64.0,64208.0,0,0,0,54,eth:ethertype:ip:tcp,,,,,,,,,,,0.0,Normal,0.0
1744304912654066,10.42.0.1,10.42.0.2,1883,50044,1,45,0,1,0,0,0,0,0,0,0,0,0,0.0,0,,0,0,,0,0,0,0,0,0,0,0,0.0,0,0,0,0,0,64.0,64196.0,0,0,0,54,eth:ethertype:ip:tcp,,,,,,,,,,,0.0,Normal,0.0
1744304912654465,10.42.0.1,10.42.0.2,1883,50044,1,45,0,1,0,0,1,0,4,0,0,0,0,0.0,0,,0,2,,0,0,0,0,2,0,0,0,0.0,0x00,0,0,0,0,64.0,64196.0,0,0,0,58,eth:ethertype:ip:tcp:mqtt,,,,,,,,,,,0.0,Normal,0.0
1744304912702140,10.42.0.1,10.42.0.2,1883,50044,5,234,0,1,0,0,0,0,0,0,0,0,0,0.0,0,,0,0,,0,0,0,0,0,0,0,0,0.0,0,0,0,0,0,64.0,64007.0,0,0,0,54,eth:ethertype:ip:tcp,,,,,,,,,,,0.0,Normal,0.0
1744304912702202,10.42.0.1,10.42.0.2,1883,50044,5,234,0,1,1,0,0,0,0,0,0,0,0,0.0,0,,0,0,,0,0,0,0,0,0,0,0,0.0,0,0,0,0,0,64.0,64007.0,0,0,0,54,eth:ethertype:ip:tcp,,,,,,,,,,,0.0,Normal,0.0
1744304927710640,10.42.0.1,10.42.0.139,1883,50045,0,1,1,1,0,0,0,0,0,0,0,0,0,0.0,0,,0,0,,0,0,0,0,0,0,0,0,0.0,0,0,0,0,0,64.0,64240.0,0,0,0,58,eth:ethertype:ip:tcp,,,,,,,,,,,0.0,Normal,0.0
1744304927716714,10.42.0.1,10.42.0.139,1883,50045,1,4,0,1,0,0,0,0,0,0,0,0,0,0.0,0,,0,0,,0,0,0,0,0,0,0,0,0.0,0,0,0,0,0,64.0,64237.0,0,0,0,54,eth:ethertype:ip:tcp,,,,,,,,,,,0.0,Normal,0.0
1744304927720047,10.42.0.1,10.42.0.139,1883,50045,1,33,0,1,0,0,0,0,0,0,0,0,0,0.0,0,,0,0,,0,0,0,0,0,0,0,0,0.0,0,0,0,0,0,64.0,64208.0,0,0,0,54,eth:ethertype:ip:tcp,,,,,,,,,,,0.0,Normal,0.0
1744304927723915,10.42.0.1,10.42.0.139,1883,50045,1,45,0,1,0,0,0,0,0,0,0,0,0,0.0,0,,0,0,,0,0,0,0,0,0,0,0,0.0,0,0,0,0,0,64.0,64196.0,0,0,0,54,eth:ethertype:ip:tcp,,,,,,,,,,,0.0,Normal,0.0
1744304927724295,10.42.0.1,10.42.0.139,1883,50045,1,45,0,1,0,0,1,0,4,0,0,0,0,0.0,0,,0,2,,0,0,0,0,2,0,0,0,0.0,0x00,0,0,0,0,64.0,64196.0,0,0,0,58,eth:ethertype:ip:tcp:mqtt,,,,,,,,,,,0.0,Normal,0.0
1744304927771100,10.42.0.1,10.42.0.139,1883,50045,5,234,0,1,0,0,0,0,0,0,0,0,0,0.0,0,,0,0,,0,0,0,0,0,0,0,0,0.0,0,0,0,0,0,64.0,64007.0,0,0,0,54,eth:ethertype:ip:tcp,,,,,,,,,,,0.0,Normal,0.0
1744304927771204,10.42.0.1,10.42.0.139,1883,50045,5,234,0,1,1,0,0,0,0,0,0,0,0,0.0,0,,0,0,,0,0,0,0,0,0,0,0,0.0,0,0,0,0,0,64.0,64007.0,0,0,0,54,eth:ethertype:ip:tcp,,,,,,,,,,,0.0,Normal,0.0
1744304942710640,10.42.0.1,10.42.0.2,1883,50045,0,1,1,1,0,0,0,0,0,0,0,0,0,0.0,0,,0,0,,0,0,0,0,0,0,0,0,0.0,0,0,0,0,0,64.0,64240.0,0,0,0,58,eth:ethertype:ip:tcp,,,,,,,,,,,0.0,Normal,0.0
1744304942716714,10.42.0.1,10.42.0.2,1883,50045,1,4,0,1,0,0,0,0,0,0,0,0,0,0.0,0,,0,0,,0,0,0,0,0,0,0,0,0.0,0,0,0,0,0,64.0,64237.0,0,0,0,54,eth:ethertype:ip:tcp,,,,,,,,,,,0.0,Normal,0.0
1744304942720047,10.42.0.1,10.42.0.2,1883,50045,1,33,0,1,0,0,0,0,0,0,0,0,0,0.0,0,,0,0,,0,0,0,0,0,0,0,0,0.0,0,0,0,0,0,64.0,64208.0,0,0,0,54,eth:ethertype:ip:tcp,,,,,,,,,,,0.0,Normal,0.0
1744304942723915,10.42.0.1,10.42.0.2,1883,50045,1,45,0,1,0,0,0,0,0,0,0,0,0,0.0,0,,0,0,,0,0,0,0,0,0,0,0,0.0,0,0,0,0,0,64.0,64196.0,0,0,0,54,eth:ethertype:ip:tcp,,,,,,,,,,,0.0,Normal,0.0
1744304942724295,10.42.0.1,10.42.0.2,1883,50045,1,45,0,1,0,0,1,0,4,0,0,0,0,0.0,0,,0,2,,0,0,0,0,2,0,0,0,0.0,0x00,0,0,0,0,64.0,64196.0,0,0,0,58,eth:ethertype:ip:tcp:mqtt,,,,,,,,,,,0.0,Normal,0.0
1744304942771100,10.42.0.1,10.42.0.2,1883,50045,5,234,0,1,0,0,0,0,0,0,0,0,0,0.0,0,,0,0,,0,0,0,0,0,0,0,0,0.0,0,0,0,0,0,64.0,64007.0,0,0,0,54,eth:ethertype:ip:tcp,,,,,,,,,,,0.0,Normal,0.0
1744304942771204,10.42.0.1,10.42.0.2,1883,50045,5,234,0,1,1,0,0,0,0,0,0,0,0,0.0,0,,0,0,,0,0,0,0,0,0,0,0,0.0,0,0,0,0,0,64.0,64007.0,0,0,0,54,eth:ethertype:ip:tcp,,,,,,,,,,,0.0,Normal,0.0
1744304957779946,10.42.0.1,10.42.0.139,1883,50046,0,1,1,1,0,0,0,0,0,0,0,0,0,0.0,0,,0,0,,0,0,0,0,0,0,0,0,0.0,0,0,0,0,0,64.0,64240.0,0,0,0,58,eth:ethertype:ip:tcp,,,,,,,,,,,0.0,Normal,0.0
1744304957785936,10.42.0.1,10.42.0.139,1883,50046,1,4,0,1,0,0,0,0,0,0,0,0,0,0.0,0,,0,0,,0,0,0,0,0,0,0,0,0.0,0,0,0,0,0,64.0,64237.0,0,0,0,54,eth:ethertype:ip:tcp,,,,,,,,,,,0.0,Normal,0.0
1744304957789421,10.42.0.1,10.42.0.139,1883,50046,1,33,0,1,0,0,0,0,0,0,0,0,0,0.0,0,,0,0,,0,0,0,0,0,0,0,0,0.0,0,0,0,0,0,64.0,64208.0,0,0,0,54,eth:ethertype:ip:tcp,,,,,,,,,,,0.0,Normal,0.0
1744304957792516,10.42.0.1,10.42.0.139,1883,50046,1,45,0,1,0,0,0,0,0,0,0,0,0,0.0,0,,0,0,,0,0,0,0,0,0,0,0,0.0,0,0,0,0,0,64.0,64196.0,0,0,0,54,eth:ethertype:ip:tcp,,,,,,,,,,,0.0,Normal,0.0
1744304957792860,10.42.0.1,10.42.0.139,1883,50046,1,45,0,1,0,0,1,0,4,0,0,0,0,0.0,0,,0,2,,0,0,0,0,2,0,0,0,0.0,0x00,0,0,0,0,64.0,64196.0,0,0,0,58,eth:ethertype:ip:tcp:mqtt,,,,,,,,,,,0.0,Normal,0.0
1744304957841270,10.42.0.1,10.42.0.139,1883,50046,5,234,0,1,0,0,0,0,0,0,0,0,0,0.0,0,,0,0,,0,0,0,0,0,0,0,0,0.0,0,0,0,0,0,64.0,64007.0,0,0,0,54,eth:ethertype:ip:tcp,,,,,,,,,,,0.0,Normal,0.0
1744304957841312,10.42.0.1,10.42.0.139,1883,50046,5,234,0,1,1,0,0,0,0,0,0,0,0,0.0,0,,0,0,,0,0,0,0,0,0,0,0,0.0,0,0,0,0,0,64.0,64007.0,0,0,0,54,eth:ethertype:ip:tcp,,,,,,,,,,,0.0,Normal,0.0
1744304972779946,10.42.0.1,10.42.0.2,1883,50046,0,1,1,1,0,0,0,0,0,0,0,0,0,0.0,0,,0,0,,0,0,0,0,0,0,0,0,0.0,0,0,0,0,0,64.0,64240.0,0,0,0,58,eth:ethertype:ip:tcp,,,,,,,,,,,0.0,Normal,0.0
1744304972785936,10.42.0.1,10.42.0.2,1883,50046,1,4,0,1,0,0,0,0,0,0,0,0,0,0.0,0,,0,0,,0,0,0,0,0,0,0,0,0.0,0,0,0,0,0,64.0,64237.0,0,0,0,54,eth:ethertype:ip:tcp,,,,,,,,,,,0.0,Normal,0.0
1744304972789421,10.42.0.1,10.42.0.2,1883,50046,1,33,0,1,0,0,0,0,0,0,0,0,0,0.0,0,,0,0,,0,0,0,0,0,0,0,0,0.0,0,0,0,0,0,64.0,64208.0,0,0,0,54,eth:ethertype:ip:tcp,,,,,,,,,,,0.0,Normal,0.0
1744304972792516,10.42.0.1,10.42.0.2,1883,50046,1,45,0,1,0,0,0,0,0,0,0,0,0,0.0,0,,0,0,,0,0,0,0,0,0,0,0,0.0,0,0,0,0,0,64.0,64196.0,0,0,0,54,eth:ethertype:ip:tcp,,,,,,,,,,,0.0,Normal,0.0
1744304972792860,10.42.0.1,10.42.0.2,1883,50046,1,45,0,1,0,0,1,0,4,0,0,0,0,0.0,0,,0,2,,0,0,0,0,2,0,0,0,0.0,0x00,0,0,0,0,64.0,64196.0,0,0,0,58,eth:ethertype:ip:tcp:mqtt,,,,,,,,,,,0.0,Normal,0.0
1744304972841270,10.42.0.1,10.42.0.2,1883,50046,5,234,0,1,0,0,0,0,0,0,0,0,0,0.0,0,,0,0,,0,0,0,0,0,0,0,0,0.0,0,0,0,0,0,64.0,64007.0,0,0,0,54,eth:ethertype:ip:tcp,,,,,,,,,,,0.0,Normal,0.0
1744304972841312,10.42.0.1,10.42.0.2,1883,50046,5,234,0,1,1,0,0,0,0,0,0,0,0,0.0,0,,0,0,,0,0,0,0,0,0,0,0,0.0,0,0,0,0,0,64.0,64007.0,0,0,0,54,eth:ethertype:ip:tcp,,,,,,,,,,,0.0,Normal,0.0
1744304987849444,10.42.0.1,10.42.0.139,1883,50047,0,1,1,1,0,0,0,0,0,0,0,0,0,0.0,0,,0,0,,0,0,0,0,0,0,0,0,0.0,0,0,0,0,0,64.0,64240.0,0,0,0,58,eth:ethertype:ip:tcp,,,,,,,,,,,0.0,Normal,0.0
1744304987855490,10.42.0.1,10.42.0.139,1883,50047,1,4,0,1,0,0,0,0,0,0,0,0,0,0.0,0,,0,0,,0,0,0,0,0,0,0,0,0.0,0,0,0,0,0,64.0,64237.0,0,0,0,54,eth:ethertype:ip:tcp,,,,,,,,,,,0.0,Normal,0.0
1744304987858796,10.42.0.1,10.42.0.139,1883,50047,1,33,0,1,0,0,0,0,0,0,0,0,0,0.0,0,,0,0,,0,0,0,0,0,0,0,0,0.0,0,0,0,0,0,64.0,64208.0,0,0,0,54,eth:ethertype:ip:tcp,,,,,,,,,,,0.0,Normal,0.0
1744304987861752,10.42.0.1,10.42.0.139,1883,50047,1,45,0,1,0,0,0,0,0,0,0,0,0,0.0,0,,0,0,,0,0,0,0,0,0,0,0,0.0,0,0,0,0,0,64.0,64196.0,0,0,0,54,eth:ethertype:ip:tcp,,,,,,,,,,,0.0,Normal,0.0
1744304987862114,10.42.0.1,10.42.0.139,1883,50047,1,45,0,1,0,0,1,0,4,0,0,0,0,0.0,0,,0,2,,0,0,0,0,2,0,0,0,0.0,0x00,0,0,0,0,64.0,64196.0,0,0,0,58,eth:ethertype:ip:tcp:mqtt,,,,,,,,,,,0.0,Normal,0.0
1744304987909749,10.42.0.1,10.42.0.139,1883,50047,5,234,0,1,0,0,0,0,0,0,0,0,0,0.0,0,,0,0,,0,0,0,0,0,0,0,0,0.0,0,0,0,0,0,64.0,64007.0,0,0,0,54,eth:ethertype:ip:tcp,,,,,,,,,,,0.0,Normal,0.0
1744304987909854,10.42.0.1,10.42.0.139,1883,50047,5,234,0,1,1,0,0,0,0,0,0,0,0,0.0,0,,0,0,,0,0,0,0,0,0,0,0,0.0,0,0,0,0,0,64.0,64007.0,0,0,0,54,eth:ethertype:ip:tcp,,,,,,,,,,,0.0,Normal,0.0
1744305002849444,10.42.0.1,10.42.0.2,1883,50047,0,1,1,1,0,0,0,0,0,0,0,0,0,0.0,0,,0,0,,0,0,0,0,0,0,0,0,0.0,0,0,0,0,0,64.0,64240.0,0,0,0,58,eth:ethertype:ip:tcp,,,,,,,,,,,0.0,Normal,0.0
1744305002855490,10.42.0.1,10.42.0.2,1883,50047,1,4,0,1,0,0,0,0,0,0,0,0,0,0.0,0,,0,0,,0,0,0,0,0,0,0,0,0.0,0,0,0,0,0,64.0,64237.0,0,0,0,54,eth:ethertype:ip:tcp,,,,,,,,,,,0.0,Normal,0.0
1744305002858796,10.42.0.1,10.42.0.2,1883,50047,1,33,0,1,0,0,0,0,0,0,0,0,0,0.0,0,,0,0,,0,0,0,0,0,0,0,0,0.0,0,0,0,0,0,64.0,64208.0,0,0,0,54,eth:ethertype:ip:tcp,,,,,,,,,,,0.0,Normal,0.0
1744305002861752,10.42.0.1,10.42.0.2,1883,50047,1,45,0,1,0,0,0,0,0,0,0,0,0,0.0,0,,0,0,,0,0,0,0,0,0,0,0,0.0,0,0,0,0,0,64.0,64196.0,0,0,0,54,eth:ethertype:ip:tcp,,,,,,,,,,,0.0,Normal,0.0
1744305002862114,10.42.0.1,10.42.0.2,1883,50047,1,45,0,1,0,0,1,0,4,0,0,0,0,0.0,0,,0,2,,0,0,0,0,2,0,0,0,0.0,0x00,0,0,0,0,64.0,64196.0,0,0,0,58,eth:ethertype:ip:tcp:mqtt,,,,,,,,,,,0.0,Normal,0.0
1744305002909749,10.42.0.1,10.42.0.2,1883,50047,5,234,0,1,0,0,0,0,0,0,0,0,0,0.0,0,,0,0,,0,0,0,0,0,0,0,0,0.0,0,0,0,0,0,64.0,64007.0,0,0,0,54,eth:ethertype:ip:tcp,,,,,,,,,,,0.0,Normal,0.0
1744305002909854,10.42.0.1,10.42.0.2,1883,50047,5,234,0,1,1,0,0,0,0,0,0,0,0,0.0,0,,0,0,,0,0,0,0,0,0,0,0,0.0,0,0,0,0,0,64.0,64007.0,0,0,0,54,eth:ethertype:ip:tcp,,,,,,,,,,,0.0,Normal,0.0
1744305017918085,10.42.0.1,10.42.0.139,1883,50048,0,1,1,1,0,0,0,0,0,0,0,0,0,0.0,0,,0,0,,0,0,0,0,0,0,0,0,0.0,0,0,0,0,0,64.0,64240.0,0,0,0,58,eth:ethertype:ip:tcp,,,,,,,,,,,0.0,Normal,0.0
1744305017924901,10.42.0.1,10.42.0.139,1883,50048,1,4,0,1,0,0,0,0,0,0,0,0,0,0.0,0,,0,0,,0,0,0,0,0,0,0,0,0.0,0,0,0,0,0,64.0,64237.0,0,0,0,54,eth:ethertype:ip:tcp,,,,,,,,,,,0.0,Normal,0.0
1744305017928341,10.42.0.1,10.42.0.139,1883,50048,1,33,0,1,0,0,0,0,0,0,0,0,0,0.0,0,,0,0,,0,0,0,0,0,0,0,0,0.0,0,0,0,0,0,64.0,64208.0,0,0,0,54,eth:ethertype:ip:tcp,,,,,,,,,,,0.0,Normal,0.0
1744305017932209,10.42.0.1,10.42.0.139,1883,50048,1,35,0,1,0,0,0,0,0,0,0,0,0,0.0,0,,0,0,,0,0,0,0,0,0,0,0,0.0,0,0,0,0,0,64.0,64206.0,0,0,0,54,eth:ethertype:ip:tcp,,,,,,,,,,,0.0,Normal,0.0
1744305017938413,10.42.0.1,10.42.0.139,1883,50048,1,45,0,1,0,0,0,0,0,0,0,0,0,0.0,0,,0,0,,0,0,0,0,0,0,0,0,0.0,0,0,0,0,0,64.0,64196.0,0,0,0,54,eth:ethertype:ip:tcp,,,,,,,,,,,0.0,Normal,0.0
1744305017938763,10.42.0.1,10.42.0.139,1883,50048,1,45,0,1,0,0,1,0,4,0,0,0,0,0.0,0,,0,2,,0,0,0,0,2,0,0,0,0.0,0x00,0,0,0,0,64.0,64196.0,0,0,0,58,eth:ethertype:ip:tcp:mqtt,,,,,,,,,,,0.0,Normal,0.0
1744305017988954,10.42.0.1,10.42.0.139,1883,50048,5,234,0,1,0,0,0,0,0,0,0,0,0,0.0,0,,0,0,,0,0,0,0,0,0,0,0,0.0,0,0,0,0,0,64.0,64007.0,0,0,0,54,eth:ethertype:ip:tcp,,,,,,,,,,,0.0,Normal,0.0
1744305017988993,10.42.0.1,10.42.0.139,1883,50048,5,234,0,1,1,0,0,0,0,0,0,0,0,0.0,0,,0,0,,0,0,0,0,0,0,0,0,0.0,0,0,0,0,0,64.0,64007.0,0,0,0,54,eth:ethertype:ip:tcp,,,,,,,,,,,0.0,Normal,0.0
1744305032918085,10.42.0.1,10.42.0.2,1883,50048,0,1,1,1,0,0,0,0,0,0,0,0,0,0.0,0,,0,0,,0,0,0,0,0,0,0,0,0.0,0,0,0,0,0,64.0,64240.0,0,0,0,58,eth:ethertype:ip:tcp,,,,,,,,,,,0.0,Normal,0.0
1744305032924901,10.42.0.1,10.42.0.2,1883,50048,1,4,0,1,0,0,0,0,0,0,0,0,0,0.0,0,,0,0,,0,0,0,0,0,0,0,0,0.0,0,0,0,0,0,64.0,64237.0,0,0,0,54,eth:ethertype:ip:tcp,,,,,,,,,,,0.0,Normal,0.0
1744305032928341,10.42.0.1,10.42.0.2,1883,50048,1,33,0,1,0,0,0,0,0,0,0,0,0,0.0,0,,0,0,,0,0,0,0,0,0,0,0,0.0,0,0,0,0,0,64.0,64208.0,0,0,0,54,eth:ethertype:ip:tcp,,,,,,,,,,,0.0,Normal,0.0
1744305032932209,10.42.0.1,10.42.0.2,1883,50048,1,35,0,1,0,0,0,0,0,0,0,0,0,0.0,0,,0,0,,0,0,0,0,0,0,0,0,0.0,0,0,0,0,0,64.0,64206.0,0,0,0,54,eth:ethertype:ip:tcp,,,,,,,,,,,0.0,Normal,0.0
1744305032938413,10.42.0.1,10.42.0.2,1883,50048,1,45,0,1,0,0,0,0,0,0,0,0,0,0.0,0,,0,0,,0,0,0,0,0,0,0,0,0.0,0,0,0,0,0,64.0,64196.0,0,0,0,54,eth:ethertype:ip:tcp,,,,,,,,,,,0.0,Normal,0.0
1744305032938763,10.42.0.1,10.42.0.2,1883,50048,1,45,0,1,0,0,1,0,4,0,0,0,0,0.0,0,,0,2,,0,0,0,0,2,0,0,0,0.0,0x00,0,0,0,0,64.0,64196.0,0,0,0,58,eth:ethertype:ip:tcp:mqtt,,,,,,,,,,,0.0,Normal,0.0
1744305032988954,10.42.0.1,10.42.0.2,1883,50048,5,234,0,1,0,0,0,0,0,0,0,0,0,0.0,0,,0,0,,0,0,0,0,0,0,0,0,0.0,0,0,0,0,0,64.0,64007.0,0,0,0,54,eth:ethertype:ip:tcp,,,,,,,,,,,0.0,Normal,0.0
1744305032988993,10.42.0.1,10.42.0.2,1883,50048,5,234,0,1,1,0,0,0,0,0,0,0,0,0.0,0,,0,0,,0,0,0,0,0,0,0,0,0.0,0,0,0,0,0,64.0,64007.0,0,0,0,54,eth:ethertype:ip:tcp,,,,,,,,,,,0.0,Normal,0.0
1744305047998027,10.42.0.1,10.42.0.139,1883,50049,0,1,1,1,0,0,0,0,0,0,0,0,0,0.0,0,,0,0,,0,0,0,0,0,0,0,0,0.0,0,0,0,0,0,64.0,64240.0,0,0,0,58,eth:ethertype:ip:tcp,,,,,,,,,,,0.0,Normal,0.0
1744305048004545,10.42.0.1,10.42.0.139,1883,50049,1,4,0,1,0,0,0,0,0,0,0,0,0,0.0,0,,0,0,,0,0,0,0,0,0,0,0,0.0,0,0,0,0,0,64.0,64237.0,0,0,0,54,eth:ethertype:ip:tcp,,,,,,,,,,,0.0,Normal,0.0
1744305048008006,10.42.0.1,10.42.0.139,1883,50049,1,33,0,1,0,0,0,0,0,0,0,0,0,0.0,0,,0,0,,0,0,0,0,0,0,0,0,0.0,0,0,0,0,0,64.0,64208.0,0,0,0,54,eth:ethertype:ip:tcp,,,,,,,,,,,0.0,Normal,0.0
1744305048011157,10.42.0.1,10.42.0.139,1883,50049,1,45,0,1,0,0,0,0,0,0,0,0,0,0.0,0,,0,0,,0,0,0,0,0,0,0,0,0.0,0,0,0,0,0,64.0,64196.0,0,0,0,54,eth:ethertype:ip:tcp,,,,,,,,,,,0.0,Normal,0.0
1744305048011558,10.42.0.1,10.42.0.139,1883,50049,1,45,0,1,0,0,1,0,4,0,0,0,0,0.0,0,,0,2,,0,0,0,0,2,0,0,0,0.0,0x00,0,0,0,0,64.0,64196.0,0,0,0,58,eth:ethertype:ip:tcp:mqtt,,,,,,,,,,,0.0,Normal,0.0
1744305048058605,10.42.0.1,10.42.0.139,1883,50049,5,234,0,1,0,0,0,0,0,0,0,0,0,0.0,0,,0,0,,0,0,0,0,0,0,0,0,0.0,0,0,0,0,0,64.0,64007.0,0,0,0,54,eth:ethertype:ip:tcp,,,,,,,,,,,0.0,Normal,0.0
1744305048058664,10.42.0.1,10.42.0.139,1883,50049,5,234,0,1,1,0,0,0,0,0,0,0,0,0.0,0,,0,0,,0,0,0,0,0,0,0,0,0.0,0,0,0,0,0,64.0,64007.0,0,0,0,54,eth:ethertype:ip:tcp,,,,,,,,,,,0.0,Normal,0.0
1744305062998027,10.42.0.1,10.42.0.2,1883,50049,0,1,1,1,0,0,0,0,0,0,0,0,0,0.0,0,,0,0,,0,0,0,0,0,0,0,0,0.0,0,0,0,0,0,64.0,64240.0,0,0,0,58,eth:ethertype:ip:tcp,,,,,,,,,,,0.0,Normal,0.0
1744305063004545,10.42.0.1,10.42.0.2,1883,50049,1,4,0,1,0,0,0,0,0,0,0,0,0,0.0,0,,0,0,,0,0,0,0,0,0,0,0,0.0,0,0,0,0,0,64.0,64237.0,0,0,0,54,eth:ethertype:ip:tcp,,,,,,,,,,,0.0,Normal,0.0
1744305063008006,10.42.0.1,10.42.0.2,1883,50049,1,33,0,1,0,0,0,0,0,0,0,0,0,0.0,0,,0,0,,0,0,0,0,0,0,0,0,0.0,0,0,0,0,0,64.0,64208.0,0,0,0,54,eth:ethertype:ip:tcp,,,,,,,,,,,0.0,Normal,0.0
1744305063011157,10.42.0.1,10.42.0.2,1883,50049,1,45,0,1,0,0,0,0,0,0,0,0,0,0.0,0,,0,0,,0,0,0,0,0,0,0,0,0.0,0,0,0,0,0,64.0,64196.0,0,0,0,54,eth:ethertype:ip:tcp,,,,,,,,,,,0.0,Normal,0.0
1744305063011558,10.42.0.1,10.42.0.2,1883,50049,1,45,0,1,0,0,1,0,4,0,0,0,0,0.0,0,,0,2,,0,0,0,0,2,0,0,0,0.0,0x00,0,0,0,0,64.0,64196.0,0,0,0,58,eth:ethertype:ip:tcp:mqtt,,,,,,,,,,,0.0,Normal,0.0
1744305063058605,10.42.0.1,10.42.0.2,1883,50049,5,234,0,1,0,0,0,0,0,0,0,0,0,0.0,0,,0,0,,0,0,0,0,0,0,0,0,0.0,0,0,0,0,0,64.0,64007.0,0,0,0,54,eth:ethertype:ip:tcp,,,,,,,,,,,0.0,Normal,0.0
1744305063058664,10.42.0.1,10.42.0.2,1883,50049,5,234,0,1,1,0,0,0,0,0,0,0,0,0.0,0,,0,0,,0,0,0,0,0,0,0,0,0.0,0,0,0,0,0,64.0,64007.0,0,0,0,54,eth:ethertype:ip:tcp,,,,,,,,,,,0.0,Normal,0.0
1744305078067221,10.42.0.1,10.42.0.139,1883,50050,0,1,1,1,0,0,0,0,0,0,0,0,0,0.0,0,,0,0,,0,0,0,0,0,0,0,0,0.0,0,0,0,0,0,64.0,64240.0,0,0,0,58,eth:ethertype:ip:tcp,,,,,,,,,,,0.0,Normal,0.0
1744305078073205,10.42.0.1,10.42.0.139,1883,50050,1,4,0,1,0,0,0,0,0,0,0,0,0,0.0,0,,0,0,,0,0,0,0,0,0,0,0,0.0,0,0,0,0,0,64.0,64237.0,0,0,0,54,eth:ethertype:ip:tcp,,,,,,,,,,,0.0,Normal,0.0
1744305078076634,10.42.0.1,10.42.0.139,1883,50050,1,33,0,1,0,0,0,0,0,0,0,0,0,0.0,0,,0,0,,0,0,0,0,0,0,0,0,0.0,0,0,0,0,0,64.0,64208.0,0,0,0,54,eth:ethertype:ip:tcp,,,,,,,,,,,0.0,Normal,0.0
1744305078079642,10.42.0.1,10.42.0.139,1883,50050,1,45,0,1,0,0,0,0,0,0,0,0,0,0.0,0,,0,0,,0,0,0,0,0,0,0,0,0.0,0,0,0,0,0,64.0,64196.0,0,0,0,54,eth:ethertype:ip:tcp,,,,,,,,,,,0.0,Normal,0.0
1744305078080028,10.42.0.1,10.42.0.139,1883,50050,1,45,0,1,0,0,1,0,4,0,0,0,0,0.0,0,,0,2,,0,0,0,0,2,0,0,0,0.0,0x00,0,0,0,0,64.0,64196.0,0,0,0,58,eth:ethertype:ip:tcp:mqtt,,,,,,,,,,,0.0,Normal,0.0
1744305078127666,10.42.0.1,10.42.0.139,1883,50050,5,234,0,1,0,0,0,0,0,0,0,0,0,0.0,0,,0,0,,0,0,0,0,0,0,0,0,0.0,0,0,0,0,0,64.0,64007.0,0,0,0,54,eth:ethertype:ip:tcp,,,,,,,,,,,0.0,Normal,0.0
1744305078127724,10.42.0.1,10.42.0.139,1883,50050,5,234,0,1,1,0,0,0,0,0,0,0,0,0.0,0,,0,0,,0,0,0,0,0,0,0,0,0.0,0,0,0,0,0,64.0,64007.0,0,0,0,54,eth:ethertype:ip:tcp,,,,,,,,,,,0.0,Normal,0.0
1744305093067221,10.42.0.1,10.42.0.2,1883,50050,0,1,1,1,0,0,0,0,0,0,0,0,0,0.0,0,,0,0,,0,0,0,0,0,0,0,0,0.0,0,0,0,0,0,64.0,64240.0,0,0,0,58,eth:ethertype:ip:tcp,,,,,,,,,,,0.0,Normal,0.0
1744305093073205,10.42.0.1,10.42.0.2,1883,50050,1,4,0,1,0,0,0,0,0,0,0,0,0,0.0,0,,0,0,,0,0,0,0,0,0,0,0,0.0,0,0,0,0,0,64.0,64237.0,0,0,0,54,eth:ethertype:ip:tcp,,,,,,,,,,,0.0,Normal,0.0
1744305093076634,10.42.0.1,10.42.0.2,1883,50050,1,33,0,1,0,0,0,0,0,0,0,0,0,0.0,0,,0,0,,0,0,0,0,0,0,0,0,0.0,0,0,0,0,0,64.0,64208.0,0,0,0,54,eth:ethertype:ip:tcp,,,,,,,,,,,0.0,Normal,0.0
1744305093079642,10.42.0.1,10.42.0.2,1883,50050,1,45,0,1,0,0,0,0,0,0,0,0,0,0.0,0,,0,0,,0,0,0,0,0,0,0,0,0.0,0,0,0,0,0,64.0,64196.0,0,0,0,54,eth:ethertype:ip:tcp,,,,,,,,,,,0.0,Normal,0.0
1744305093080028,10.42.0.1,10.42.0.2,1883,50050,1,45,0,1,0,0,1,0,4,0,0,0,0,0.0,0,,0,2,,0,0,0,0,2,0,0,0,0.0,0x00,0,0,0,0,64.0,64196.0,0,0,0,58,eth:ethertype:ip:tcp:mqtt,,,,,,,,,,,0.0,Normal,0.0
1744305093127666,10.42.0.1,10.42.0.2,1883,50050,5,234,0,1,0,0,0,0,0,0,0,0,0,0.0,0,,0,0,,0,0,0,0,0,0,0,0,0.0,0,0,0,0,0,64.0,64007.0,0,0,0,54,eth:ethertype:ip:tcp,,,,,,,,,,,0.0,Normal,0.0
1744305093127724,10.42.0.1,10.42.0.2,1883,50050,5,234,0,1,1,0,0,0,0,0,0,0,0,0.0,0,,0,0,,0,0,0,0,0,0,0,0,0.0,0,0,0,0,0,64.0,64007.0,0,0,0,54,eth:ethertype:ip:tcp,,,,,,,,,,,0.0,Normal,0.0
1744305108136631,10.42.0.1,10.42.0.139,1883,50051,0,1,1,1,0,0,0,0,0,0,0,0,0,0.0,0,,0,0,,0,0,0,0,0,0,0,0,0.0,0,0,0,0,0,64.0,64240.0,0,0,0,58,eth:ethertype:ip:tcp,,,,,,,,,,,0.0,Normal,0.0
1744305108142798,10.42.0.1,10.42.0.139,1883,50051,1,4,0,1,0,0,0,0,0,0,0,0,0,0.0,0,,0,0,,0,0,0,0,0,0,0,0,0.0,0,0,0,0,0,64.0,64237.0,0,0,0,54,eth:ethertype:ip:tcp,,,,,,,,,,,0.0,Normal,0.0
1744305108146244,10.42.0.1,10.42.0.139,1883,50051,1,33,0,1,0,0,0,0,0,0,0,0,0,0.0,0,,0,0,,0,0,0,0,0,0,0,0,0.0,0,0,0,0,0,64.0,64208.0,0,0,0,54,eth:ethertype:ip:tcp,,,,,,,,,,,0.0,Normal,0.0
1744305108149285,10.42.0.1,10.42.0.139,1883,50051,1,45,0,1,0,0,0,0,0,0,0,0,0,0.0,0,,0,0,,0,0,0,0,0,0,0,0,0.0,0,0,0,0,0,64.0,64196.0,0,0,0,54,eth:ethertype:ip:tcp,,,,,,,,,,,0.0,Normal,0.0
1744305108149555,10.42.0.1,10.42.0.139,1883,50051,1,45,0,1,0,0,1,0,4,0,0,0,0,0.0,0,,0,2,,0,0,0,0,2,0,0,0,0.0,0x00,0,0,0,0,64.0,64196.0,0,0,0,58,eth:ethertype:ip:tcp:mqtt,,,,,,,,,,,0.0,Normal,0.0
1744305108207100,10.42.0.1,10.42.0.139,1883,50051,5,234,0,1,0,0,0,0,0,0,0,0,0,0.0,0,,0,0,,0,0,0,0,0,0,0,0,0.0,0,0,0,0,0,64.0,64007.0,0,0,0,54,eth:ethertype:ip:tcp,,,,,,,,,,,0.0,Normal,0.0
1744305108207157,10.42.0.1,10.42.0.139,1883,50051,5,234,0,1,1,0,0,0,0,0,0,0,0,0.0,0,,0,0,,0,0,0,0,0,0,0,0,0.0,0,0,0,0,0,64.0,64007.0,0,0,0,54,eth:ethertype:ip:tcp,,,,,,,,,,,0.0,Normal,0.0
1744305123136631,10.42.0.1,10.42.0.2,1883,50051,0,1,1,1,0,0,0,0,0,0,0,0,0,0.0,0,,0,0,,0,0,0,0,0,0,0,0,0.0,0,0,0,0,0,64.0,64240.0,0,0,0,58,eth:ethertype:ip:tcp,,,,,,,,,,,0.0,Normal,0.0
1744305123142798,10.42.0.1,10.42.0.2,1883,50051,1,4,0,1,0,0,0,0,0,0,0,0,0,0.0,0,,0,0,,0,0,0,0,0,0,0,0,0.0,0,0,0,0,0,64.0,64237.0,0,0,0,54,eth:ethertype:ip:tcp,,,,,,,,,,,0.0,Normal,0.0
1744305123146244,10.42.0.1,10.42.0.2,1883,50051,1,33,0,1,0,0,0,0,0,0,0,0,0,0.0,0,,0,0,,0,0,0,0,0,0,0,0,0.0,0,0,0,0,0,64.0,64208.0,0,0,0,54,eth:ethertype:ip:tcp,,,,,,,,,,,0.0,Normal,0.0
1744305123149285,10.42.0.1,10.42.0.2,1883,50051,1,45,0,1,0,0,0,0,0,0,0,0,0,0.0,0,,0,0,,0,0,0,0,0,0,0,0,0.0,0,0,0,0,0,64.0,64196.0,0,0,0,54,eth:ethertype:ip:tcp,,,,,,,,,,,0.0,Normal,0.0
1744305123149555,10.42.0.1,10.42.0.2,1883,50051,1,45,0,1,0,0,1,0,4,0,0,0,0,0.0,0,,0,2,,0,0,0,0,2,0,0,0,0.0,0x00,0,0,0,0,64.0,64196.0,0,0,0,58,eth:ethertype:ip:tcp:mqtt,,,,,,,,,,,0.0,Normal,0.0
1744305123207100,10.42.0.1,10.42.0.2,1883,50051,5,234,0,1,0,0,0,0,0,0,0,0,0,0.0,0,,0,0,,0,0,0,0,0,0,0,0,0.0,0,0,0,0,0,64.0,64007.0,0,0,0,54,eth:ethertype:ip:tcp,,,,,,,,,,,0.0,Normal,0.0
1744305123207157,10.42.0.1,10.42.0.2,1883,50051,5,234,0,1,1,0,0,0,0,0,0,0,0,0.0,0,,0,0,,0,0,0,0,0,0,0,0,0.0,0,0,0,0,0,64.0,64007.0,0,0,0,54,eth:ethertype:ip:tcp,,,,,,,,,,,0.0,Normal,0.0
1744305138215870,10.42.0.1,10.42.0.139,1883,50052,0,1,1,1,0,0,0,0,0,0,0,0,0,0.0,0,,0,0,,0,0,0,0,0,0,0,0,0.0,0,0,0,0,0,64.0,64240.0,0,0,0,58,eth:ethertype:ip:tcp,,,,,,,,,,,0.0,Normal,0.0
1744305138222021,10.42.0.1,10.42.0.139,1883,50052,1,4,0,1,0,0,0,0,0,0,0,0,0,0.0,0,,0,0,,0,0,0,0,0,0,0,0,0.0,0,0,0,0,0,64.0,64237.0,0,0,0,54,eth:ethertype:ip:tcp,,,,,,,,,,,0.0,Normal,0.0
1744305138225450,10.42.0.1,10.42.0.139,1883,50052,1,33,0,1,0,0,0,0,0,0,0,0,0,0.0,0,,0,0,,0,0,0,0,0,0,0,0,0.0,0,0,0,0,0,64.0,64208.0,0,0,0,54,eth:ethertype:ip:tcp,,,,,,,,,,,0.0,Normal,0.0
1744305138229041,10.42.0.1,10.42.0.139,1883,50052,1,45,0,1,0,0,0,0,0,0,0,0,0,0.0,0,,0,0,,0,0,0,0,0,0,0,0,0.0,0,0,0,0,0,64.0,64196.0,0,0,0,54,eth:ethertype:ip:tcp,,,,,,,,,,,0.0,Normal,0.0
1744305138229439,10.42.0.1,10.42.0.139,1883,50052,1,45,0,1,0,0,1,0,4,0,0,0,0,0.0,0,,0,2,,0,0,0,0,2,0,0,0,0.0,0x00,0,0,0,0,64.0,64196.0,0,0,0,58,eth:ethertype:ip:tcp:mqtt,,,,,,,,,,,0.0,Normal,0.0
1744305138276613,10.42.0.1,10.42.0.139,1883,50052,5,234,0,1,0,0,0,0,0,0,0,0,0,0.0,0,,0,0,,0,0,0,0,0,0,0,0,0.0,0,0,0,0,0,64.0,64007.0,0,0,0,54,eth:ethertype:ip:tcp,,,,,,,,,,,0.0,Normal,0.0
1744305138276670,10.42.0.1,10.42.0.139,1883,50052,5,234,0,1,1,0,0,0,0,0,0,0,0,0.0,0,,0,0,,0,0,0,0,0,0,0,0,0.0,0,0,0,0,0,64.0,64007.0,0,0,0,54,eth:ethertype:ip:tcp,,,,,,,,,,,0.0,Normal,0.0
1744305153215870,10.42.0.1,10.42.0.2,1883,50052,0,1,1,1,0,0,0,0,0,0,0,0,0,0.0,0,,0,0,,0,0,0,0,0,0,0,0,0.0,0,0,0,0,0,64.0,64240.0,0,0,0,58,eth:ethertype:ip:tcp,,,,,,,,,,,0.0,Normal,0.0
1744305153222021,10.42.0.1,10.42.0.2,1883,50052,1,4,0,1,0,0,0,0,0,0,0,0,0,0.0,0,,0,0,,0,0,0,0,0,0,0,0,0.0,0,0,0,0,0,64.0,64237.0,0,0,0,54,eth:ethertype:ip:tcp,,,,,,,,,,,0.0,Normal,0.0
1744305153225450,10.42.0.1,10.42.0.2,1883,50052,1,33,0,1,0,0,0,0,0,0,0,0,0,0.0,0,,0,0,,0,0,0,0,0,0,0,0,0.0,0,0,0,0,0,64.0,64208.0,0,0,0,54,eth:ethertype:ip:tcp,,,,,,,,,,,0.0,Normal,0.0
1744305153229041,10.42.0.1,10.42.0.2,1883,50052,1,45,0,1,0,0,0,0,0,0,0,0,0,0.0,0,,0,0,,0,0,0,0,0,0,0,0,0.0,0,0,0,0,0,64.0,64196.0,0,0,0,54,eth:ethertype:ip:tcp,,,,,,,,,,,0.0,Normal,0.0
1744305153229439,10.42.0.1,10.42.0.2,1883,50052,1,45,0,1,0,0,1,0,4,0,0,0,0,0.0,0,,0,2,,0,0,0,0,2,0,0,0,0.0,0x00,0,0,0,0,64.0,64196.0,0,0,0,58,eth:ethertype:ip:tcp:mqtt,,,,,,,,,,,0.0,Normal,0.0
1744305153276613,10.42.0.1,10.42.0.2,1883,50052,5,234,0,1,0,0,0,0,0,0,0,0,0,0.0,0,,0,0,,0,0,0,0,0,0,0,0,0.0,0,0,0,0,0,64.0,64007.0,0,0,0,54,eth:ethertype:ip:tcp,,,,,,,,,,,0.0,Normal,0.0
1744305153276670,10.42.0.1,10.42.0.2,1883,50052,5,234,0,1,1,0,0,0,0,0,0,0,0,0.0,0,,0,0,,0,0,0,0,0,0,0,0,0.0,0,0,0,0,0,64.0,64007.0,0,0,0,54,eth:ethertype:ip:tcp,,,,,,,,,,,0.0,Normal,0.0
1744305168285133,10.42.0.1,10.42.0.139,1883,50053,0,1,1,1,0,0,0,0,0,0,0,0,0,0.0,0,,0,0,,0,0,0,0,0,0,0,0,0.0,0,0,0,0,0,64.0,64240.0,0,0,0,58,eth:ethertype:ip:tcp,,,,,,,,,,,0.0,Normal,0.0
1744305168291378,10.42.0.1,10.42.0.139,1883,50053,1,4,0,1,0,0,0,0,0,0,0,0,0,0.0,0,,0,0,,0,0,0,0,0,0,0,0,0.0,0,0,0,0,0,64.0,64237.0,0,0,0,54,eth:ethertype:ip:tcp,,,,,,,,,,,0.0,Normal,0.0
1744305168294920,10.42.0.1,10.42.0.139,1883,50053,1,33,0,1,0,0,0,0,0,0,0,0,0,0.0,0,,0,0,,0,0,0,0,0,0,0,0,0.0,0,0,0,0,0,64.0,64208.0,0,0,0,54,eth:ethertype:ip:tcp,,,,,,,,,,,0.0,Normal,0.0
1744305168297935,10.42.0.1,10.42.0.139,1883,50053,1,45,0,1,0,0,0,0,0,0,0,0,0,0.0,0,,0,0,,0,0,0,0,0,0,0,0,0.0,0,0,0,0,0,64.0,64196.0,0,0,0,54,eth:ethertype:ip:tcp,,,,,,,,,,,0.0,Normal,0.0
1744305168298283,10.42.0.1,10.42.0.139,1883,50053,1,45,0,1,0,0,1,0,4,0,0,0,0,0.0,0,,0,2,,0,0,0,0,2,0,0,0,0.0,0x00,0,0,0,0,64.0,64196.0,0,0,0,58,eth:ethertype:ip:tcp:mqtt,,,,,,,,,,,0.0,Normal,0.0
1744305168345808,10.42.0.1,10.42.0.139,1883,50053,5,234,0,1,0,0,0,0,0,0,0,0,0,0.0,0,,0,0,,0,0,0,0,0,0,0,0,0.0,0,0,0,0,0,64.0,64007.0,0,0,0,54,eth:ethertype:ip:tcp,,,,,,,,,,,0.0,Normal,0.0
1744305168345846,10.42.0.1,10.42.0.139,1883,50053,5,234,0,1,1,0,0,0,0,0,0,0,0,0.0,0,,0,0,,0,0,0,0,0,0,0,0,0.0,0,0,0,0,0,64.0,64007.0,0,0,0,54,eth:ethertype:ip:tcp,,,,,,,,,,,0.0,Normal,0.0
1744305183285133,10.42.0.1,10.42.0.2,1883,50053,0,1,1,1,0,0,0,0,0,0,0,0,0,0.0,0,,0,0,,0,0,0,0,0,0,0,0,0.0,0,0,0,0,0,64.0,64240.0,0,0,0,58,eth:ethertype:ip:tcp,,,,,,,,,,,0.0,Normal,0.0
1744305183291378,10.42.0.1,10.42.0.2,1883,50053,1,4,0,1,0,0,0,0,0,0,0,0,0,0.0,0,,0,0,,0,0,0,0,0,0,0,0,0.0,0,0,0,0,0,64.0,64237.0,0,0,0,54,eth:ethertype:ip:tcp,,,,,,,,,,,0.0,Normal,0.0
1744305183294920,10.42.0.1,10.42.0.2,1883,50053,1,33,0,1,0,0,0,0,0,0,0,0,0,0.0,0,,0,0,,0,0,0,0,0,0,0,0,0.0,0,0,0,0,0,64.0,64208.0,0,0,0,54,eth:ethertype:ip:tcp,,,,,,,,,,,0.0,Normal,0.0
1744305183297935,10.42.0.1,10.42.0.2,1883,50053,1,45,0,1,0,0,0,0,0,0,0,0,0,0.0,0,,0,0,,0,0,0,0,0,0,0,0,0.0,0,0,0,0,0,64.0,64196.0,0,0,0,54,eth:ethertype:ip:tcp,,,,,,,,,,,0.0,Normal,0.0
1744305183298283,10.42.0.1,10.42.0.2,1883,50053,1,45,0,1,0,0,1,0,4,0,0,0,0,0.0,0,,0,2,,0,0,0,0,2,0,0,0,0.0,0x00,0,0,0,0,64.0,64196.0,0,0,0,58,eth:ethertype:ip:tcp:mqtt,,,,,,,,,,,0.0,Normal,0.0
1744305183345808,10.42.0.1,10.42.0.2,1883,50053,5,234,0,1,0,0,0,0,0,0,0,0,0,0.0,0,,0,0,,0,0,0,0,0,0,0,0,0.0,0,0,0,0,0,64.0,64007.0,0,0,0,54,eth:ethertype:ip:tcp,,,,,,,,,,,0.0,Normal,0.0
1744305183345846,10.42.0.1,10.42.0.2,1883,50053,5,234,0,1,1,0,0,0,0,0,0,0,0,0.0,0,,0,0,,0,0,0,0,0,0,0,0,0.0,0,0,0,0,0,64.0,64007.0,0,0,0,54,eth:ethertype:ip:tcp,,,,,,,,,,,0.0,Normal,0.0
1744305198353901,10.42.0.1,10.42.0.139,1883,50054,0,1,1,1,0,0,0,0,0,0,0,0,0,0.0,0,,0,0,,0,0,0,0,0,0,0,0,0.0,0,0,0,0,0,64.0,64240.0,0,0,0,58,eth:ethertype:ip:tcp,,,,,,,,,,,0.0,Normal,0.0
1744305198359743,10.42.0.1,10.42.0.139,1883,50054,1,4,0,1,0,0,0,0,0,0,0,0,0,0.0,0,,0,0,,0,0,0,0,0,0,0,0,0.0,0,0,0,0,0,64.0,64237.0,0,0,0,54,eth:ethertype:ip:tcp,,,,,,,,,,,0.0,Normal,0.0
1744305198363260,10.42.0.1,10.42.0.139,1883,50054,1,33,0,1,0,0,0,0,0,0,0,0,0,0.0,0,,0,0,,0,0,0,0,0,0,0,0,0.0,0,0,0,0,0,64.0,64208.0,0,0,0,54,eth:ethertype:ip:tcp,,,,,,,,,,,0.0,Normal,0.0
1744305198367568,10.42.0.1,10.42.0.139,1883,50054,1,45,0,1,0,0,0,0,0,0,0,0,0,0.0,0,,0,0,,0,0,0,0,0,0,0,0,0.0,0,0,0,0,0,64.0,64196.0,0,0,0,54,eth:ethertype:ip:tcp,,,,,,,,,,,0.0,Normal,0.0
1744305198367964,10.42.0.1,10.42.0.139,1883,50054,1,45,0,1,0,0,1,0,4,0,0,0,0,0.0,0,,0,2,,0,0,0,0,2,0,0,0,0.0,0x00,0,0,0,0,64.0,64196.0,0,0,0,58,eth:ethertype:ip:tcp:mqtt,,,,,,,,,,,0.0,Normal,0.0
1744305198414907,10.42.0.1,10.42.0.139,1883,50054,5,234,0,1,0,0,0,0,0,0,0,0,0,0.0,0,,0,0,,0,0,0,0,0,0,0,0,0.0,0,0,0,0,0,64.0,64007.0,0,0,0,54,eth:ethertype:ip:tcp,,,,,,,,,,,0.0,Normal,0.0
1744305198414965,10.42.0.1,10.42.0.139,1883,50054,5,234,0,1,1,0,0,0,0,0,0,0,0,0.0,0,,0,0,,0,0,0,0,0,0,0,0,0.0,0,0,0,0,0,64.0,64007.0,0,0,0,54,eth:ethertype:ip:tcp,,,,,,,,,,,0.0,Normal,0.0
1744305213353901,10.42.0.1,10.42.0.2,1883,50054,0,1,1,1,0,0,0,0,0,0,0,0,0,0.0,0,,0,0,,0,0,0,0,0,0,0,0,0.0,0,0,0,0,0,64.0,64240.0,0,0,0,58,eth:ethertype:ip:tcp,,,,,,,,,,,0.0,Normal,0.0
1744305213359743,10.42.0.1,10.42.0.2,1883,50054,1,4,0,1,0,0,0,0,0,0,0,0,0,0.0,0,,0,0,,0,0,0,0,0,0,0,0,0.0,0,0,0,0,0,64.0,64237.0,0,0,0,54,eth:ethertype:ip:tcp,,,,,,,,,,,0.0,Normal,0.0
1744305213363260,10.42.0.1,10.42.0.2,1883,50054,1,33,0,1,0,0,0,0,0,0,0,0,0,0.0,0,,0,0,,0,0,0,0,0,0,0,0,0.0,0,0,0,0,0,64.0,64208.0,0,0,0,54,eth:ethertype:ip:tcp,,,,,,,,,,,0.0,Normal,0.0
1744305213367568,10.42.0.1,10.42.0.2,1883,50054,1,45,0,1,0,0,0,0,0,0,0,0,0,0.0,0,,0,0,,0,0,0,0,0,0,0,0,0.0,0,0,0,0,0,64.0,64196.0,0,0,0,54,eth:ethertype:ip:tcp,,,,,,,,,,,0.0,Normal,0.0
1744305213367964,10.42.0.1,10.42.0.2,1883,50054,1,45,0,1,0,0,1,0,4,0,0,0,0,0.0,0,,0,2,,0,0,0,0,2,0,0,0,0.0,0x00,0,0,0,0,64.0,64196.0,0,0,0,58,eth:ethertype:ip:tcp:mqtt,,,,,,,,,,,0.0,Normal,0.0
1744305213414907,10.42.0.1,10.42.0.2,1883,50054,5,234,0,1,0,0,0,0,0,0,0,0,0,0.0,0,,0,0,,0,0,0,0,0,0,0,0,0.0,0,0,0,0,0,64.0,64007.0,0,0,0,54,eth:ethertype:ip:tcp,,,,,,,,,,,0.0,Normal,0.0
1744305213414965,10.42.0.1,10.42.0.2,1883,50054,5,234,0,1,1,0,0,0,0,0,0,0,0,0.0,0,,0,0,,0,0,0,0,0,0,0,0,0.0,0,0,0,0,0,64.0,64007.0,0,0,0,54,eth:ethertype:ip:tcp,,,,,,,,,,,0.0,Normal,0.0
1744305228423877,10.42.0.1,10.42.0.139,1883,50055,0,1,1,1,0,0,0,0,0,0,0,0,0,0.0,0,,0,0,,0,0,0,0,0,0,0,0,0.0,0,0,0,0,0,64.0,64240.0,0,0,0,58,eth:ethertype:ip:tcp,,,,,,,,,,,0.0,Normal,0.0
1744305228430055,10.42.0.1,10.42.0.139,1883,50055,1,4,0,1,0,0,0,0,0,0,0,0,0,0.0,0,,0,0,,0,0,0,0,0,0,0,0,0.0,0,0,0,0,0,64.0,64237.0,0,0,0,54,eth:ethertype:ip:tcp,,,,,,,,,,,0.0,Normal,0.0
1744305228435157,10.42.0.1,10.42.0.139,1883,50055,1,35,0,1,0,0,0,0,0,0,0,0,0,0.0,0,,0,0,,0,0,0,0,0,0,0,0,0.0,0,0,0,0,0,64.0,64206.0,0,0,0,54,eth:ethertype:ip:tcp,,,,,,,,,,,0.0,Normal,0.0
1744305228438019,10.42.0.1,10.42.0.139,1883,50055,1,45,0,1,0,0,0,0,0,0,0,0,0,0.0,0,,0,0,,0,0,0,0,0,0,0,0,0.0,0,0,0,0,0,64.0,64196.0,0,0,0,54,eth:ethertype:ip:tcp,,,,,,,,,,,0.0,Normal,0.0
1744305228438298,10.42.0.1,10.42.0.139,1883,50055,1,45,0,1,0,0,1,0,4,0,0,0,0,0.0,0,,0,2,,0,0,0,0,2,0,0,0,0.0,0x00,0,0,0,0,64.0,64196.0,0,0,0,58,eth:ethertype:ip:tcp:mqtt,,,,,,,,,,,0.0,Normal,0.0
1744305228485536,10.42.0.1,10.42.0.139,1883,50055,5,234,0,1,0,0,0,0,0,0,0,0,0,0.0,0,,0,0,,0,0,0,0,0,0,0,0,0.0,0,0,0,0,0,64.0,64007.0,0,0,0,54,eth:ethertype:ip:tcp,,,,,,,,,,,0.0,Normal,0.0
1744305228485575,10.42.0.1,10.42.0.139,1883,50055,5,234,0,1,1,0,0,0,0,0,0,0,0,0.0,0,,0,0,,0,0,0,0,0,0,0,0,0.0,0,0,0,0,0,64.0,64007.0,0,0,0,54,eth:ethertype:ip:tcp,,,,,,,,,,,0.0,Normal,0.0
1744305243423877,10.42.0.1,10.42.0.2,1883,50055,0,1,1,1,0,0,0,0,0,0,0,0,0,0.0,0,,0,0,,0,0,0,0,0,0,0,0,0.0,0,0,0,0,0,64.0,64240.0,0,0,0,58,eth:ethertype:ip:tcp,,,,,,,,,,,0.0,Normal,0.0
1744305243430055,10.42.0.1,10.42.0.2,1883,50055,1,4,0,1,0,0,0,0,0,0,0,0,0,0.0,0,,0,0,,0,0,0,0,0,0,0,0,0.0,0,0,0,0,0,64.0,64237.0,0,0,0,54,eth:ethertype:ip:tcp,,,,,,,,,,,0.0,Normal,0.0
1744305243435157,10.42.0.1,10.42.0.2,1883,50055,1,35,0,1,0,0,0,0,0,0,0,0,0,0.0,0,,0,0,,0,0,0,0,0,0,0,0,0.0,0,0,0,0,0,64.0,64206.0,0,0,0,54,eth:ethertype:ip:tcp,,,,,,,,,,,0.0,Normal,0.0
1744305243438019,10.42.0.1,10.42.0.2,1883,50055,1,45,0,1,0,0,0,0,0,0,0,0,0,0.0,0,,0,0,,0,0,0,0,0,0,0,0,0.0,0,0,0,0,0,64.0,64196.0,0,0,0,54,eth:ethertype:ip:tcp,,,,,,,,,,,0.0,Normal,0.0
1744305243438298,10.42.0.1,10.42.0.2,1883,50055,1,45,0,1,0,0,1,0,4,0,0,0,0,0.0,0,,0,2,,0,0,0,0,2,0,0,0,0.0,0x00,0,0,0,0,64.0,64196.0,0,0,0,58,eth:ethertype:ip:tcp:mqtt,,,,,,,,,,,0.0,Normal,0.0
1744305243485536,10.42.0.1,10.42.0.2,1883,50055,5,234,0,1,0,0,0,0,0,0,0,0,0,0.0,0,,0,0,,0,0,0,0,0,0,0,0,0.0,0,0,0,0,0,64.0,64007.0,0,0,0,54,eth:ethertype:ip:tcp,,,,,,,,,,,0.0,Normal,0.0
1744305243485575,10.42.0.1,10.42.0.2,1883,50055,5,234,0,1,1,0,0,0,0,0,0,0,0,0.0,0,,0,0,,0,0,0,0,0,0,0,0,0.0,0,0,0,0,0,64.0,64007.0,0,0,0,54,eth:ethertype:ip:tcp,,,,,,,,,,,0.0,Normal,0.0
1744305258498107,10.42.0.1,10.42.0.139,1883,50056,0,1,1,1,0,0,0,0,0,0,0,0,0,0.0,0,,0,0,,0,0,0,0,0,0,0,0,0.0,0,0,0,0,0,64.0,64240.0,0,0,0,58,eth:ethertype:ip:tcp,,,,,,,,,,,0.0,Normal,0.0
1744305258504234,10.42.0.1,10.42.0.139,1883,50056,1,4,0,1,0,0,0,0,0,0,0,0,0,0.0,0,,0,0,,0,0,0,0,0,0,0,0,0.0,0,0,0,0,0,64.0,64237.0,0,0,0,54,eth:ethertype:ip:tcp,,,,,,,,,,,0.0,Normal,0.0
1744305258507620,10.42.0.1,10.42.0.139,1883,50056,1,33,0,1,0,0,0,0,0,0,0,0,0,0.0,0,,0,0,,0,0,0,0,0,0,0,0,0.0,0,0,0,0,0,64.0,64208.0,0,0,0,54,eth:ethertype:ip:tcp,,,,,,,,,,,0.0,Normal,0.0
1744305258510661,10.42.0.1,10.42.0.139,1883,50056,1,45,0,1,0,0,0,0,0,0,0,0,0,0.0,0,,0,0,,0,0,0,0,0,0,0,0,0.0,0,0,0,0,0,64.0,64196.0,0,0,0,54,eth:ethertype:ip:tcp,,,,,,,,,,,0.0,Normal,0.0
1744305258510994,10.42.0.1,10.42.0.139,1883,50056,1,45,0,1,0,0,1,0,4,0,0,0,0,0.0,0,,0,2,,0,0,0,0,2,0,0,0,0.0,0x00,0,0,0,0,64.0,64196.0,0,0,0,58,eth:ethertype:ip:tcp:mqtt,,,,,,,,,,,0.0,Normal,0.0
1744305258563682,10.42.0.1,10.42.0.139,1883,50056,5,234,0,1,0,0,0,0,0,0,0,0,0,0.0,0,,0,0,,0,0,0,0,0,0,0,0,0.0,0,0,0,0,0,64.0,64007.0,0,0,0,54,eth:ethertype:ip:tcp,,,,,,,,,,,0.0,Normal,0.0
1744305258563723,10.42.0.1,10.42.0.139,1883,50056,5,234,0,1,1,0,0,0,0,0,0,0,0,0.0,0,,0,0,,0,0,0,0,0,0,0,0,0.0,0,0,0,0,0,64.0,64007.0,0,0,0,54,eth:ethertype:ip:tcp,,,,,,,,,,,0.0,Normal,0.0
1744305273498107,10.42.0.1,10.42.0.2,1883,50056,0,1,1,1,0,0,0,0,0,0,0,0,0,0.0,0,,0,0,,0,0,0,0,0,0,0,0,0.0,0,0,0,0,0,64.0,64240.0,0,0,0,58,eth:ethertype:ip:tcp,,,,,,,,,,,0.0,Normal,0.0
1744305273504234,10.42.0.1,10.42.0.2,1883,50056,1,4,0,1,0,0,0,0,0,0,0,0,0,0.0,0,,0,0,,0,0,0,0,0,0,0,0,0.0,0,0,0,0,0,64.0,64237.0,0,0,0,54,eth:ethertype:ip:tcp,,,,,,,,,,,0.0,Normal,0.0
1744305273507620,10.42.0.1,10.42.0.2,1883,50056,1,33,0,1,0,0,0,0,0,0,0,0,0,0.0,0,,0,0,,0,0,0,0,0,0,0,0,0.0,0,0,0,0,0,64.0,64208.0,0,0,0,54,eth:ethertype:ip:tcp,,,,,,,,,,,0.0,Normal,0.0
1744305273510661,10.42.0.1,10.42.0.2,1883,50056,1,45,0,1,0,0,0,0,0,0,0,0,0,0.0,0,,0,0,,0,0,0,0,0,0,0,0,0.0,0,0,0,0,0,64.0,64196.0,0,0,0,54,eth:ethertype:ip:tcp,,,,,,,,,,,0.0,Normal,0.0
1744305273510994,10.42.0.1,10.42.0.2,1883,50056,1,45,0,1,0,0,1,0,4,0,0,0,0,0.0,0,,0,2,,0,0,0,0,2,0,0,0,0.0,0x00,0,0,0,0,64.0,64196.0,0,0,0,58,eth:ethertype:ip:tcp:mqtt,,,,,,,,,,,0.0,Normal,0.0
1744305273563682,10.42.0.1,10.42.0.2,1883,50056,5,234,0,1,0,0,0,0,0,0,0,0,0,0.0,0,,0,0,,0,0,0,0,0,0,0,0,0.0,0,0,0,0,0,64.0,64007.0,0,0,0,54,eth:ethertype:ip:tcp,,,,,,,,,,,0.0,Normal,0.0
1744305273563723,10.42.0.1,10.42.0.2,1883,50056,5,234,0,1,1,0,0,0,0,0,0,0,0,0.0,0,,0,0,,0,0,0,0,0,0,0,0,0.0,0,0,0,0,0,64.0,64007.0,0,0,0,54,eth:ethertype:ip:tcp,,,,,,,,,,,0.0,Normal,0.0
1744305288572847,10.42.0.1,10.42.0.139,1883,50057,0,1,1,1,0,0,0,0,0,0,0,0,0,0.0,0,,0,0,,0,0,0,0,0,0,0,0,0.0,0,0,0,0,0,64.0,64240.0,0,0,0,58,eth:ethertype:ip:tcp,,,,,,,,,,,0.0,Normal,0.0
1744305288578849,10.42.0.1,10.42.0.139,1883,50057,1,4,0,1,0,0,0,0,0,0,0,0,0,0.0,0,,0,0,,0,0,0,0,0,0,0,0,0.0,0,0,0,0,0,64.0,64237.0,0,0,0,54,eth:ethertype:ip:tcp,,,,,,,,,,,0.0,Normal,0.0
1744305288586077,10.42.0.1,10.42.0.139,1883,50057,1,45,0,1,0,0,0,0,0,0,0,0,0,0.0,0,,0,0,,0,0,0,0,0,0,0,0,0.0,0,0,0,0,0,64.0,64196.0,0,0,0,54,eth:ethertype:ip:tcp,,,,,,,,,,,0.0,Normal,0.0
1744305288586410,10.42.0.1,10.42.0.139,1883,50057,1,45,0,1,0,0,1,0,4,0,0,0,0,0.0,0,,0,2,,0,0,0,0,2,0,0,0,0.0,0x00,0,0,0,0,64.0,64196.0,0,0,0,58,eth:ethertype:ip:tcp:mqtt,,,,,,,,,,,0.0,Normal,0.0
1744305288632870,10.42.0.1,10.42.0.139,1883,50057,5,234,0,1,0,0,0,0,0,0,0,0,0,0.0,0,,0,0,,0,0,0,0,0,0,0,0,0.0,0,0,0,0,0,64.0,64007.0,0,0,0,54,eth:ethertype:ip:tcp,,,,,,,,,,,0.0,Normal,0.0
1744305288632910,10.42.0.1,10.42.0.139,1883,50057,5,234,0,1,1,0,0,0,0,0,0,0,0,0.0,0,,0,0,,0,0,0,0,0,0,0,0,0.0,0,0,0,0,0,64.0,64007.0,0,0,0,54,eth:ethertype:ip:tcp,,,,,,,,,,,0.0,Normal,0.0
1744305303572847,10.42.0.1,10.42.0.2,1883,50057,0,1,1,1,0,0,0,0,0,0,0,0,0,0.0,0,,0,0,,0,0,0,0,0,0,0,0,0.0,0,0,0,0,0,64.0,64240.0,0,0,0,58,eth:ethertype:ip:tcp,,,,,,,,,,,0.0,Normal,0.0
1744305303578849,10.42.0.1,10.42.0.2,1883,50057,1,4,0,1,0,0,0,0,0,0,0,0,0,0.0,0,,0,0,,0,0,0,0,0,0,0,0,0.0,0,0,0,0,0,64.0,64237.0,0,0,0,54,eth:ethertype:ip:tcp,,,,,,,,,,,0.0,Normal,0.0
1744305303586077,10.42.0.1,10.42.0.2,1883,50057,1,45,0,1,0,0,0,0,0,0,0,0,0,0.0,0,,0,0,,0,0,0,0,0,0,0,0,0.0,0,0,0,0,0,64.0,64196.0,0,0,0,54,eth:ethertype:ip:tcp,,,,,,,,,,,0.0,Normal,0.0
1744305303586410,10.42.0.1,10.42.0.2,1883,50057,1,45,0,1,0,0,1,0,4,0,0,0,0,0.0,0,,0,2,,0,0,0,0,2,0,0,0,0.0,0x00,0,0,0,0,64.0,64196.0,0,0,0,58,eth:ethertype:ip:tcp:mqtt,,,,,,,,,,,0.0,Normal,0.0
1744305303632870,10.42.0.1,10.42.0.2,1883,50057,5,234,0,1,0,0,0,0,0,0,0,0,0,0.0,0,,0,0,,0,0,0,0,0,0,0,0,0.0,0,0,0,0,0,64.0,64007.0,0,0,0,54,eth:ethertype:ip:tcp,,,,,,,,,,,0.0,Normal,0.0
1744305303632910,10.42.0.1,10.42.0.2,1883,50057,5,234,0,1,1,0,0,0,0,0,0,0,0,0.0,0,,0,0,,0,0,0,0,0,0,0,0,0.0,0,0,0,0,0,64.0,64007.0,0,0,0,54,eth:ethertype:ip:tcp,,,,,,,,,,,0.0,Normal,0.0
1744305318641863,10.42.0.1,10.42.0.139,1883,50058,0,1,1,1,0,0,0,0,0,0,0,0,0,0.0,0,,0,0,,0,0,0,0,0,0,0,0,0.0,0,0,0,0,0,64.0,64240.0,0,0,0,58,eth:ethertype:ip:tcp,,,,,,,,,,,0.0,Normal,0.0
1744305318647921,10.42.0.1,10.42.0.139,1883,50058,1,4,0,1,0,0,0,0,0,0,0,0,0,0.0,0,,0,0,,0,0,0,0,0,0,0,0,0.0,0,0,0,0,0,64.0,64237.0,0,0,0,54,eth:ethertype:ip:tcp,,,,,,,,,,,0.0,Normal,0.0
1744305318651278,10.42.0.1,10.42.0.139,1883,50058,1,33,0,1,0,0,0,0,0,0,0,0,0,0.0,0,,0,0,,0,0,0,0,0,0,0,0,0.0,0,0,0,0,0,64.0,64208.0,0,0,0,54,eth:ethertype:ip:tcp,,,,,,,,,,,0.0,Normal,0.0
1744305318654403,10.42.0.1,10.42.0.139,1883,50058,1,45,0,1,0,0,0,0,0,0,0,0,0,0.0,0,,0,0,,0,0,0,0,0,0,0,0,0.0,0,0,0,0,0,64.0,64196.0,0,0,0,54,eth:ethertype:ip:tcp,,,,,,,,,,,0.0,Normal,0.0
1744305318654709,10.42.0.1,10.42.0.139,1883,50058,1,45,0,1,0,0,1,0,4,0,0,0,0,0.0,0,,0,2,,0,0,0,0,2,0,0,0,0.0,0x00,0,0,0,0,64.0,64196.0,0,0,0,58,eth:ethertype:ip:tcp:mqtt,,,,,,,,,,,0.0,Normal,0.0
1744305318702382,10.42.0.1,10.42.0.139,1883,50058,5,234,0,1,0,0,0,0,0,0,0,0,0,0.0,0,,0,0,,0,0,0,0,0,0,0,0,0.0,0,0,0,0,0,64.0,64007.0,0,0,0,54,eth:ethertype:ip:tcp,,,,,,,,,,,0.0,Normal,0.0
1744305318702465,10.42.0.1,10.42.0.139,1883,50058,5,234,0,1,1,0,0,0,0,0,0,0,0,0.0,0,,0,0,,0,0,0,0,0,0,0,0,0.0,0,0,0,0,0,64.0,64007.0,0,0,0,54,eth:ethertype:ip:tcp,,,,,,,,,,,0.0,Normal,0.0
1744305333641863,10.42.0.1,10.42.0.2,1883,50058,0,1,1,1,0,0,0,0,0,0,0,0,0,0.0,0,,0,0,,0,0,0,0,0,0,0,0,0.0,0,0,0,0,0,64.0,64240.0,0,0,0,58,eth:ethertype:ip:tcp,,,,,,,,,,,0.0,Normal,0.0
1744305333647921,10.42.0.1,10.42.0.2,1883,50058,1,4,0,1,0,0,0,0,0,0,0,0,0,0.0,0,,0,0,,0,0,0,0,0,0,0,0,0.0,0,0,0,0,0,64.0,64237.0,0,0,0,54,eth:ethertype:ip:tcp,,,,,,,,,,,0.0,Normal,0.0
1744305333651278,10.42.0.1,10.42.0.2,1883,50058,1,33,0,1,0,0,0,0,0,0,0,0,0,0.0,0,,0,0,,0,0,0,0,0,0,0,0,0.0,0,0,0,0,0,64.0,64208.0,0,0,0,54,eth:ethertype:ip:tcp,,,,,,,,,,,0.0,Normal,0.0
1744305333654403,10.42.0.1,10.42.0.2,1883,50058,1,45,0,1,0,0,0,0,0,0,0,0,0,0.0,0,,0,0,,0,0,0,0,0,0,0,0,0.0,0,0,0,0,0,64.0,64196.0,0,0,0,54,eth:ethertype:ip:tcp,,,,,,,,,,,0.0,Normal,0.0
1744305333654709,10.42.0.1,10.42.0.2,1883,50058,1,45,0,1,0,0,1,0,4,0,0,0,0,0.0,0,,0,2,,0,0,0,0,2,0,0,0,0.0,0x00,0,0,0,0,64.0,64196.0,0,0,0,58,eth:ethertype:ip:tcp:mqtt,,,,,,,,,,,0.0,Normal,0.0
1744305333702382,10.42.0.1,10.42.0.2,1883,50058,5,234,0,1,0,0,0,0,0,0,0,0,0,0.0,0,,0,0,,0,0,0,0,0,0,0,0,0.0,0,0,0,0,0,64.0,64007.0,0,0,0,54,eth:ethertype:ip:tcp,,,,,,,,,,,0.0,Normal,0.0
1744305333702465,10.42.0.1,10.42.0.2,1883,50058,5,234,0,1,1,0,0,0,0,0,0,0,0,0.0,0,,0,0,,0,0,0,0,0,0,0,0,0.0,0,0,0,0,0,64.0,64007.0,0,0,0,54,eth:ethertype:ip:tcp,,,,,,,,,,,0.0,Normal,0.0
1744305348711115,10.42.0.1,10.42.0.139,1883,50059,0,1,1,1,0,0,0,0,0,0,0,0,0,0.0,0,,0,0,,0,0,0,0,0,0,0,0,0.0,0,0,0,0,0,64.0,64240.0,0,0,0,58,eth:ethertype:ip:tcp,,,,,,,,,,,0.0,Normal,0.0
1744305348717152,10.42.0.1,10.42.0.139,1883,50059,1,4,0,1,0,0,0,0,0,0,0,0,0,0.0,0,,0,0,,0,0,0,0,0,0,0,0,0.0,0,0,0,0,0,64.0,64237.0,0,0,0,54,eth:ethertype:ip:tcp,,,,,,,,,,,0.0,Normal,0.0
1744305348722757,10.42.0.1,10.42.0.139,1883,50059,1,33,0,1,0,0,0,0,0,0,0,0,0,0.0,0,,0,0,,0,0,0,0,0,0,0,0,0.0,0,0,0,0,0,64.0,64208.0,0,0,0,54,eth:ethertype:ip:tcp,,,,,,,,,,,0.0,Normal,0.0
1744305348725527,10.42.0.1,10.42.0.139,1883,50059,1,45,0,1,0,0,0,0,0,0,0,0,0,0.0,0,,0,0,,0,0,0,0,0,0,0,0,0.0,0,0,0,0,0,64.0,64196.0,0,0,0,54,eth:ethertype:ip:tcp,,,,,,,,,,,0.0,Normal,0.0
1744305348725904,10.42.0.1,10.42.0.139,1883,50059,1,45,0,1,0,0,1,0,4,0,0,0,0,0.0,0,,0,2,,0,0,0,0,2,0,0,0,0.0,0x00,0,0,0,0,64.0,64196.0,0,0,0,58,eth:ethertype:ip:tcp:mqtt,,,,,,,,,,,0.0,Normal,0.0
1744305348771522,10.42.0.1,10.42.0.139,1883,50059,5,234,0,1,0,0,0,0,0,0,0,0,0,0.0,0,,0,0,,0,0,0,0,0,0,0,0,0.0,0,0,0,0,0,64.0,64007.0,0,0,0,54,eth:ethertype:ip:tcp,,,,,,,,,,,0.0,Normal,0.0
1744305348771584,10.42.0.1,10.42.0.139,1883,50059,5,234,0,1,1,0,0,0,0,0,0,0,0,0.0,0,,0,0,,0,0,0,0,0,0,0,0,0.0,0,0,0,0,0,64.0,64007.0,0,0,0,54,eth:ethertype:ip:tcp,,,,,,,,,,,0.0,Normal,0.0
1744305363711115,10.42.0.1,10.42.0.2,1883,50059,0,1,1,1,0,0,0,0,0,0,0,0,0,0.0,0,,0,0,,0,0,0,0,0,0,0,0,0.0,0,0,0,0,0,64.0,64240.0,0,0,0,58,eth:ethertype:ip:tcp,,,,,,,,,,,0.0,Normal,0.0
1744305363717152,10.42.0.1,10.42.0.2,1883,50059,1,4,0,1,0,0,0,0,0,0,0,0,0,0.0,0,,0,0,,0,0,0,0,0,0,0,0,0.0,0,0,0,0,0,64.0,64237.0,0,0,0,54,eth:ethertype:ip:tcp,,,,,,,,,,,0.0,Normal,0.0
1744305363722757,10.42.0.1,10.42.0.2,1883,50059,1,33,0,1,0,0,0,0,0,0,0,0,0,0.0,0,,0,0,,0,0,0,0,0,0,0,0,0.0,0,0,0,0,0,64.0,64208.0,0,0,0,54,eth:ethertype:ip:tcp,,,,,,,,,,,0.0,Normal,0.0
1744305363725527,10.42.0.1,10.42.0.2,1883,50059,1,45,0,1,0,0,0,0,0,0,0,0,0,0.0,0,,0,0,,0,0,0,0,0,0,0,0,0.0,0,0,0,0,0,64.0,64196.0,0,0,0,54,eth:ethertype:ip:tcp,,,,,,,,,,,0.0,Normal,0.0
1744305363725904,10.42.0.1,10.42.0.2,1883,50059,1,45,0,1,0,0,1,0,4,0,0,0,0,0.0,0,,0,2,,0,0,0,0,2,0,0,0,0.0,0x00,0,0,0,0,64.0,64196.0,0,0,0,58,eth:ethertype:ip:tcp:mqtt,,,,,,,,,,,0.0,Normal,0.0
1744305363771522,10.42.0.1,10.42.0.2,1883,50059,5,234,0,1,0,0,0,0,0,0,0,0,0,0.0,0,,0,0,,0,0,0,0,0,0,0,0,0.0,0,0,0,0,0,64.0,64007.0,0,0,0,54,eth:ethertype:ip:tcp,,,,,,,,,,,0.0,Normal,0.0
1744305363771584,10.42.0.1,10.42.0.2,1883,50059,5,234,0,1,1,0,0,0,0,0,0,0,0,0.0,0,,0,0,,0,0,0,0,0,0,0,0,0.0,0,0,0,0,0,64.0,64007.0,0,0,0,54,eth:ethertype:ip:tcp,,,,,,,,,,,0.0,Normal,0.0
1744305378779902,10.42.0.1,10.42.0.139,1883,50060,0,1,1,1,0,0,0,0,0,0,0,0,0,0.0,0,,0,0,,0,0,0,0,0,0,0,0,0.0,0,0,0,0,0,64.0,64240.0,0,0,0,58,eth:ethertype:ip:tcp,,,,,,,,,,,0.0,Normal,0.0
1744305378785884,10.42.0.1,10.42.0.139,1883,50060,1,4,0,1,0,0,0,0,0,0,0,0,0,0.0,0,,0,0,,0,0,0,0,0,0,0,0,0.0,0,0,0,0,0,64.0,64237.0,0,0,0,54,eth:ethertype:ip:tcp,,,,,,,,,,,0.0,Normal,0.0
1744305378789370,10.42.0.1,10.42.0.139,1883,50060,1,33,0,1,0,0,0,0,0,0,0,0,0,0.0,0,,0,0,,0,0,0,0,0,0,0,0,0.0,0,0,0,0,0,64.0,64208.0,0,0,0,54,eth:ethertype:ip:tcp,,,,,,,,,,,0.0,Normal,0.0
1744305378792486,10.42.0.1,10.42.0.139,1883,50060,1,45,0,1,0,0,0,0,0,0,0,0,0,0.0,0,,0,0,,0,0,0,0,0,0,0,0,0.0,0,0,0,0,0,64.0,64196.0,0,0,0,54,eth:ethertype:ip:tcp,,,,,,,,,,,0.0,Normal,0.0
1744305378792725,10.42.0.1,10.42.0.139,1883,50060,1,45,0,1,0,0,1,0,4,0,0,0,0,0.0,0,,0,2,,0,0,0,0,2,0,0,0,0.0,0x00,0,0,0,0,64.0,64196.0,0,0,0,58,eth:ethertype:ip:tcp:mqtt,,,,,,,,,,,0.0,Normal,0.0
1744305378840924,10.42.0.1,10.42.0.139,1883,50060,5,234,0,1,0,0,0,0,0,0,0,0,0,0.0,0,,0,0,,0,0,0,0,0,0,0,0,0.0,0,0,0,0,0,64.0,64007.0,0,0,0,54,eth:ethertype:ip:tcp,,,,,,,,,,,0.0,Normal,0.0
1744305378840963,10.42.0.1,10.42.0.139,1883,50060,5,234,0,1,1,0,0,0,0,0,0,0,0,0.0,0,,0,0,,0,0,0,0,0,0,0,0,0.0,0,0,0,0,0,64.0,64007.0,0,0,0,54,eth:ethertype:ip:tcp,,,,,,,,,,,0.0,Normal,0.0
1744305393779902,10.42.0.1,10.42.0.2,1883,50060,0,1,1,1,0,0,0,0,0,0,0,0,0,0.0,0,,0,0,,0,0,0,0,0,0,0,0,0.0,0,0,0,0,0,64.0,64240.0,0,0,0,58,eth:ethertype:ip:tcp,,,,,,,,,,,0.0,Normal,0.0
1744305393785884,10.42.0.1,10.42.0.2,1883,50060,1,4,0,1,0,0,0,0,0,0,0,0,0,0.0,0,,0,0,,0,0,0,0,0,0,0,0,0.0,0,0,0,0,0,64.0,64237.0,0,0,0,54,eth:ethertype:ip:tcp,,,,,,,,,,,0.0,Normal,0.0
1744305393789370,10.42.0.1,10.42.0.2,1883,50060,1,33,0,1,0,0,0,0,0,0,0,0,0,0.0,0,,0,0,,0,0,0,0,0,0,0,0,0.0,0,0,0,0,0,64.0,64208.0,0,0,0,54,eth:ethertype:ip:tcp,,,,,,,,,,,0.0,Normal,0.0
1744305393792486,10.42.0.1,10.42.0.2,1883,50060,1,45,0,1,0,0,0,0,0,0,0,0,0,0.0,0,,0,0,,0,0,0,0,0,0,0,0,0.0,0,0,0,0,0,64.0,64196.0,0,0,0,54,eth:ethertype:ip:tcp,,,,,,,,,,,0.0,Normal,0.0
1744305393792725,10.42.0.1,10.42.0.2,1883,50060,1,45,0,1,0,0,1,0,4,0,0,0,0,0.0,0,,0,2,,0,0,0,0,2,0,0,0,0.0,0x00,0,0,0,0,64.0,64196.0,0,0,0,58,eth:ethertype:ip:tcp:mqtt,,,,,,,,,,,0.0,Normal,0.0
1744305393840924,10.42.0.1,10.42.0.2,1883,50060,5,234,0,1,0,0,0,0,0,0,0,0,0,0.0,0,,0,0,,0,0,0,0,0,0,0,0,0.0,0,0,0,0,0,64.0,64007.0,0,0,0,54,eth:ethertype:ip:tcp,,,,,,,,,,,0.0,Normal,0.0
1744305393840963,10.42.0.1,10.42.0.2,1883,50060,5,234,0,1,1,0,0,0,0,0,0,0,0,0.0,0,,0,0,,0,0,0,0,0,0,0,0,0.0,0,0,0,0,0,64.0,64007.0,0,0,0,54,eth:ethertype:ip:tcp,,,,,,,,,,,0.0,Normal,0.0
1744305408849894,10.42.0.1,10.42.0.139,1883,50061,0,1,1,1,0,0,0,0,0,0,0,0,0,0.0,0,,0,0,,0,0,0,0,0,0,0,0,0.0,0,0,0,0,0,64.0,64240.0,0,0,0,58,eth:ethertype:ip:tcp,,,,,,,,,,,0.0,Normal,0.0
1744305408855990,10.42.0.1,10.42.0.139,1883,50061,1,4,0,1,0,0,0,0,0,0,0,0,0,0.0,0,,0,0,,0,0,0,0,0,0,0,0,0.0,0,0,0,0,0,64.0,64237.0,0,0,0,54,eth:ethertype:ip:tcp,,,,,,,,,,,0.0,Normal,0.0
1744305408860411,10.42.0.1,10.42.0.139,1883,50061,1,33,0,1,0,0,0,0,0,0,0,0,0,0.0,0,,0,0,,0,0,0,0,0,0,0,0,0.0,0,0,0,0,0,64.0,64208.0,0,0,0,54,eth:ethertype:ip:tcp,,,,,,,,,,,0.0,Normal,0.0
1744305408863395,10.42.0.1,10.42.0.139,1883,50061,1,45,0,1,0,0,0,0,0,0,0,0,0,0.0,0,,0,0,,0,0,0,0,0,0,0,0,0.0,0,0,0,0,0,64.0,64196.0,0,0,0,54,eth:ethertype:ip:tcp,,,,,,,,,,,0.0,Normal,0.0
1744305408863734,10.42.0.1,10.42.0.139,1883,50061,1,45,0,1,0,0,1,0,4,0,0,0,0,0.0,0,,0,2,,0,0,0,0,2,0,0,0,0.0,0x00,0,0,0,0,64.0,64196.0,0,0,0,58,eth:ethertype:ip:tcp:mqtt,,,,,,,,,,,0.0,Normal,0.0
1744305408911094,10.42.0.1,10.42.0.139,1883,50061,5,234,0,1,0,0,0,0,0,0,0,0,0,0.0,0,,0,0,,0,0,0,0,0,0,0,0,0.0,0,0,0,0,0,64.0,64007.0,0,0,0,54,eth:ethertype:ip:tcp,,,,,,,,,,,0.0,Normal,0.0
1744305408911132,10.42.0.1,10.42.0.139,1883,50061,5,234,0,1,1,0,0,0,0,0,0,0,0,0.0,0,,0,0,,0,0,0,0,0,0,0,0,0.0,0,0,0,0,0,64.0,64007.0,0,0,0,54,eth:ethertype:ip:tcp,,,,,,,,,,,0.0,Normal,0.0
1744305423849894,10.42.0.1,10.42.0.2,1883,50061,0,1,1,1,0,0,0,0,0,0,0,0,0,0.0,0,,0,0,,0,0,0,0,0,0,0,0,0.0,0,0,0,0,0,64.0,64240.0,0,0,0,58,eth:ethertype:ip:tcp,,,,,,,,,,,0.0,Normal,0.0
1744305423855990,10.42.0.1,10.42.0.2,1883,50061,1,4,0,1,0,0,0,0,0,0,0,0,0,0.0,0,,0,0,,0,0,0,0,0,0,0,0,0.0,0,0,0,0,0,64.0,64237.0,0,0,0,54,eth:ethertype:ip:tcp,,,,,,,,,,,0.0,Normal,0.0
1744305423860411,10.42.0.1,10.42.0.2,1883,50061,1,33,0,1,0,0,0,0,0,0,0,0,0,0.0,0,,0,0,,0,0,0,0,0,0,0,0,0.0,0,0,0,0,0,64.0,64208.0,0,0,0,54,eth:ethertype:ip:tcp,,,,,,,,,,,0.0,Normal,0.0
1744305423863395,10.42.0.1,10.42.0.2,1883,50061,1,45,0,1,0,0,0,0,0,0,0,0,0,0.0,0,,0,0,,0,0,0,0,0,0,0,0,0.0,0,0,0,0,0,64.0,64196.0,0,0,0,54,eth:ethertype:ip:tcp,,,,,,,,,,,0.0,Normal,0.0
1744305423863734,10.42.0.1,10.42.0.2,1883,50061,1,45,0,1,0,0,1,0,4,0,0,0,0,0.0,0,,0,2,,0,0,0,0,2,0,0,0,0.0,0x00,0,0,0,0,64.0,64196.0,0,0,0,58,eth:ethertype:ip:tcp:mqtt,,,,,,,,,,,0.0,Normal,0.0
1744305423911094,10.42.0.1,10.42.0.2,1883,50061,5,234,0,1,0,0,0,0,0,0,0,0,0,0.0,0,,0,0,,0,0,0,0,0,0,0,0,0.0,0,0,0,0,0,64.0,64007.0,0,0,0,54,eth:ethertype:ip:tcp,,,,,,,,,,,0.0,Normal,0.0
1744305423911132,10.42.0.1,10.42.0.2,1883,50061,5,234,0,1,1,0,0,0,0,0,0,0,0,0.0,0,,0,0,,0,0,0,0,0,0,0,0,0.0,0,0,0,0,0,64.0,64007.0,0,0,0,54,eth:ethertype:ip:tcp,,,,,,,,,,,0.0,Normal,0.0
1744305438919368,10.42.0.1,10.42.0.139,1883,50062,0,1,1,1,0,0,0,0,0,0,0,0,0,0.0,0,,0,0,,0,0,0,0,0,0,0,0,0.0,0,0,0,0,0,64.0,64240.0,0,0,0,58,eth:ethertype:ip:tcp,,,,,,,,,,,0.0,Normal,0.0
1744305438925447,10.42.0.1,10.42.0.139,1883,50062,1,4,0,1,0,0,0,0,0,0,0,0,0,0.0,0,,0,0,,0,0,0,0,0,0,0,0,0.0,0,0,0,0,0,64.0,64237.0,0,0,0,54,eth:ethertype:ip:tcp,,,,,,,,,,,0.0,Normal,0.0
1744305438928894,10.42.0.1,10.42.0.139,1883,50062,1,33,0,1,0,0,0,0,0,0,0,0,0,0.0,0,,0,0,,0,0,0,0,0,0,0,0,0.0,0,0,0,0,0,64.0,64208.0,0,0,0,54,eth:ethertype:ip:tcp,,,,,,,,,,,0.0,Normal,0.0
1744305438931978,10.42.0.1,10.42.0.139,1883,50062,1,45,0,1,0,0,0,0,0,0,0,0,0,0.0,0,,0,0,,0,0,0,0,0,0,0,0,0.0,0,0,0,0,0,64.0,64196.0,0,0,0,54,eth:ethertype:ip:tcp,,,,,,,,,,,0.0,Normal,0.0
1744305438932293,10.42.0.1,10.42.0.139,1883,50062,1,45,0,1,0,0,1,0,4,0,0,0,0,0.0,0,,0,2,,0,0,0,0,2,0,0,0,0.0,0x00,0,0,0,0,64.0,64196.0,0,0,0,58,eth:ethertype:ip:tcp:mqtt,,,,,,,,,,,0.0,Normal,0.0
1744305438979514,10.42.0.1,10.42.0.139,1883,50062,5,234,0,1,0,0,0,0,0,0,0,0,0,0.0,0,,0,0,,0,0,0,0,0,0,0,0,0.0,0,0,0,0,0,64.0,64007.0,0,0,0,54,eth:ethertype:ip:tcp,,,,,,,,,,,0.0,Normal,0.0
1744305438979554,10.42.0.1,10.42.0.139,1883,50062,5,234,0,1,1,0,0,0,0,0,0,0,0,0.0,0,,0,0,,0,0,0,0,0,0,0,0,0.0,0,0,0,0,0,64.0,64007.0,0,0,0,54,eth:ethertype:ip:tcp,,,,,,,,,,,0.0,Normal,0.0
1744305453919368,10.42.0.1,10.42.0.2,1883,50062,0,1,1,1,0,0,0,0,0,0,0,0,0,0.0,0,,0,0,,0,0,0,0,0,0,0,0,0.0,0,0,0,0,0,64.0,64240.0,0,0,0,58,eth:ethertype:ip:tcp,,,,,,,,,,,0.0,Normal,0.0
1744305453925447,10.42.0.1,10.42.0.2,1883,50062,1,4,0,1,0,0,0,0,0,0,0,0,0,0.0,0,,0,0,,0,0,0,0,0,0,0,0,0.0,0,0,0,0,0,64.0,64237.0,0,0,0,54,eth:ethertype:ip:tcp,,,,,,,,,,,0.0,Normal,0.0
1744305453928894,10.42.0.1,10.42.0.2,1883,50062,1,33,0,1,0,0,0,0,0,0,0,0,0,0.0,0,,0,0,,0,0,0,0,0,0,0,0,0.0,0,0,0,0,0,64.0,64208.0,0,0,0,54,eth:ethertype:ip:tcp,,,,,,,,,,,0.0,Normal,0.0
1744305453931978,10.42.0.1,10.42.0.2,1883,50062,1,45,0,1,0,0,0,0,0,0,0,0,0,0.0,0,,0,0,,0,0,0,0,0,0,0,0,0.0,0,0,0,0,0,64.0,64196.0,0,0,0,54,eth:ethertype:ip:tcp,,,,,,,,,,,0.0,Normal,0.0
1744305453932293,10.42.0.1,10.42.0.2,1883,50062,1,45,0,1,0,0,1,0,4,0,0,0,0,0.0,0,,0,2,,0,0,0,0,2,0,0,0,0.0,0x00,0,0,0,0,64.0,64196.0,0,0,0,58,eth:ethertype:ip:tcp:mqtt,,,,,,,,,,,0.0,Normal,0.0
1744305453979514,10.42.0.1,10.42.0.2,1883,50062,5,234,0,1,0,0,0,0,0,0,0,0,0,0.0,0,,0,0,,0,0,0,0,0,0,0,0,0.0,0,0,0,0,0,64.0,64007.0,0,0,0,54,eth:ethertype:ip:tcp,,,,,,,,,,,0.0,Normal,0.0
1744305453979554,10.42.0.1,10.42.0.2,1883,50062,5,234,0,1,1,0,0,0,0,0,0,0,0,0.0,0,,0,0,,0,0,0,0,0,0,0,0,0.0,0,0,0,0,0,64.0,64007.0,0,0,0,54,eth:ethertype:ip:tcp,,,,,,,,,,,0.0,Normal,0.0
1744305468988563,10.42.0.1,10.42.0.139,1883,50063,0,1,1,1,0,0,0,0,0,0,0,0,0,0.0,0,,0,0,,0,0,0,0,0,0,0,0,0.0,0,0,0,0,0,64.0,64240.0,0,0,0,58,eth:ethertype:ip:tcp,,,,,,,,,,,0.0,Normal,0.0
1744305468994747,10.42.0.1,10.42.0.139,1883,50063,1,4,0,1,0,0,0,0,0,0,0,0,0,0.0,0,,0,0,,0,0,0,0,0,0,0,0,0.0,0,0,0,0,0,64.0,64237.0,0,0,0,54,eth:ethertype:ip:tcp,,,,,,,,,,,0.0,Normal,0.0
1744305468998038,10.42.0.1,10.42.0.139,1883,50063,1,33,0,1,0,0,0,0,0,0,0,0,0,0.0,0,,0,0,,0,0,0,0,0,0,0,0,0.0,0,0,0,0,0,64.0,64208.0,0,0,0,54,eth:ethertype:ip:tcp,,,,,,,,,,,0.0,Normal,0.0
1744305469001123,10.42.0.1,10.42.0.139,1883,50063,1,45,0,1,0,0,0,0,0,0,0,0,0,0.0,0,,0,0,,0,0,0,0,0,0,0,0,0.0,0,0,0,0,0,64.0,64196.0,0,0,0,54,eth:ethertype:ip:tcp,,,,,,,,,,,0.0,Normal,0.0
1744305469001379,10.42.0.1,10.42.0.139,1883,50063,1,45,0,1,0,0,1,0,4,0,0,0,0,0.0,0,,0,2,,0,0,0,0,2,0,0,0,0.0,0x00,0,0,0,0,64.0,64196.0,0,0,0,58,eth:ethertype:ip:tcp:mqtt,,,,,,,,,,,0.0,Normal,0.0
1744305469048945,10.42.0.1,10.42.0.139,1883,50063,5,234,0,1,0,0,0,0,0,0,0,0,0,0.0,0,,0,0,,0,0,0,0,0,0,0,0,0.0,0,0,0,0,0,64.0,64007.0,0,0,0,54,eth:ethertype:ip:tcp,,,,,,,,,,,0.0,Normal,0.0
1744305469048997,10.42.0.1,10.42.0.139,1883,50063,5,234,0,1,1,0,0,0,0,0,0,0,0,0.0,0,,0,0,,0,0,0,0,0,0,0,0,0.0,0,0,0,0,0,64.0,64007.0,0,0,0,54,eth:ethertype:ip:tcp,,,,,,,,,,,0.0,Normal,0.0
1744305483988563,10.42.0.1,10.42.0.2,1883,50063,0,1,1,1,0,0,0,0,0,0,0,0,0,0.0,0,,0,0,,0,0,0,0,0,0,0,0,0.0,0,0,0,0,0,64.0,64240.0,0,0,0,58,eth:ethertype:ip:tcp,,,,,,,,,,,0.0,Normal,0.0
1744305483994747,10.42.0.1,10.42.0.2,1883,50063,1,4,0,1,0,0,0,0,0,0,0,0,0,0.0,0,,0,0,,0,0,0,0,0,0,0,0,0.0,0,0,0,0,0,64.0,64237.0,0,0,0,54,eth:ethertype:ip:tcp,,,,,,,,,,,0.0,Normal,0.0
1744305483998038,10.42.0.1,10.42.0.2,1883,50063,1,33,0,1,0,0,0,0,0,0,0,0,0,0.0,0,,0,0,,0,0,0,0,0,0,0,0,0.0,0,0,0,0,0,64.0,64208.0,0,0,0,54,eth:ethertype:ip:tcp,,,,,,,,,,,0.0,Normal,0.0
1744305484001123,10.42.0.1,10.42.0.2,1883,50063,1,45,0,1,0,0,0,0,0,0,0,0,0,0.0,0,,0,0,,0,0,0,0,0,0,0,0,0.0,0,0,0,0,0,64.0,64196.0,0,0,0,54,eth:ethertype:ip:tcp,,,,,,,,,,,0.0,Normal,0.0
1744305484001379,10.42.0.1,10.42.0.2,1883,50063,1,45,0,1,0,0,1,0,4,0,0,0,0,0.0,0,,0,2,,0,0,0,0,2,0,0,0,0.0,0x00,0,0,0,0,64.0,64196.0,0,0,0,58,eth:ethertype:ip:tcp:mqtt,,,,,,,,,,,0.0,Normal,0.0
1744305484048945,10.42.0.1,10.42.0.2,1883,50063,5,234,0,1,0,0,0,0,0,0,0,0,0,0.0,0,,0,0,,0,0,0,0,0,0,0,0,0.0,0,0,0,0,0,64.0,64007.0,0,0,0,54,eth:ethertype:ip:tcp,,,,,,,,,,,0.0,Normal,0.0
1744305484048997,10.42.0.1,10.42.0.2,1883,50063,5,234,0,1,1,0,0,0,0,0,0,0,0,0.0,0,,0,0,,0,0,0,0,0,0,0,0,0.0,0,0,0,0,0,64.0,64007.0,0,0,0,54,eth:ethertype:ip:tcp,,,,,,,,,,,0.0,Normal,0.0
1744305499057829,10.42.0.1,10.42.0.139,1883,50064,0,1,1,1,0,0,0,0,0,0,0,0,0,0.0,0,,0,0,,0,0,0,0,0,0,0,0,0.0,0,0,0,0,0,64.0,64240.0,0,0,0,58,eth:ethertype:ip:tcp,,,,,,,,,,,0.0,Normal,0.0
1744305499064019,10.42.0.1,10.42.0.139,1883,50064,1,4,0,1,0,0,0,0,0,0,0,0,0,0.0,0,,0,0,,0,0,0,0,0,0,0,0,0.0,0,0,0,0,0,64.0,64237.0,0,0,0,54,eth:ethertype:ip:tcp,,,,,,,,,,,0.0,Normal,0.0
1744305499067448,10.42.0.1,10.42.0.139,1883,50064,1,33,0,1,0,0,0,0,0,0,0,0,0,0.0,0,,0,0,,0,0,0,0,0,0,0,0,0.0,0,0,0,0,0,64.0,64208.0,0,0,0,54,eth:ethertype:ip:tcp,,,,,,,,,,,0.0,Normal,0.0
1744305499070921,10.42.0.1,10.42.0.139,1883,50064,1,45,0,1,0,0,0,0,0,0,0,0,0,0.0,0,,0,0,,0,0,0,0,0,0,0,0,0.0,0,0,0,0,0,64.0,64196.0,0,0,0,54,eth:ethertype:ip:tcp,,,,,,,,,,,0.0,Normal,0.0
1744305499071262,10.42.0.1,10.42.0.139,1883,50064,1,45,0,1,0,0,1,0,4,0,0,0,0,0.0,0,,0,2,,0,0,0,0,2,0,0,0,0.0,0x00,0,0,0,0,64.0,64196.0,0,0,0,58,eth:ethertype:ip:tcp:mqtt,,,,,,,,,,,0.0,Normal,0.0
1744305499120390,10.42.0.1,10.42.0.139,1883,50064,5,234,0,1,0,0,0,0,0,0,0,0,0,0.0,0,,0,0,,0,0,0,0,0,0,0,0,0.0,0,0,0,0,0,64.0,64007.0,0,0,0,54,eth:ethertype:ip:tcp,,,,,,,,,,,0.0,Normal,0.0
1744305499120441,10.42.0.1,10.42.0.139,1883,50064,5,234,0,1,1,0,0,0,0,0,0,0,0,0.0,0,,0,0,,0,0,0,0,0,0,0,0,0.0,0,0,0,0,0,64.0,64007.0,0,0,0,54,eth:ethertype:ip:tcp,,,,,,,,,,,0.0,Normal,0.0
1744305514057829,10.42.0.1,10.42.0.2,1883,50064,0,1,1,1,0,0,0,0,0,0,0,0,0,0.0,0,,0,0,,0,0,0,0,0,0,0,0,0.0,0,0,0,0,0,64.0,64240.0,0,0,0,58,eth:ethertype:ip:tcp,,,,,,,,,,,0.0,Normal,0.0
1744305514064019,10.42.0.1,10.42.0.2,1883,50064,1,4,0,1,0,0,0,0,0,0,0,0,0,0.0,0,,0,0,,0,0,0,0,0,0,0,0,0.0,0,0,0,0,0,64.0,64237.0,0,0,0,54,eth:ethertype:ip:tcp,,,,,,,,,,,0.0,Normal,0.0
1744305514067448,10.42.0.1,10.42.0.2,1883,50064,1,33,0,1,0,0,0,0,0,0,0,0,0,0.0,0,,0,0,,0,0,0,0,0,0,0,0,0.0,0,0,0,0,0,64.0,64208.0,0,0,0,54,eth:ethertype:ip:tcp,,,,,,,,,,,0.0,Normal,0.0
1744305514070921,10.42.0.1,10.42.0.2,1883,50064,1,45,0,1,0,0,0,0,0,0,0,0,0,0.0,0,,0,0,,0,0,0,0,0,0,0,0,0.0,0,0,0,0,0,64.0,64196.0,0,0,0,54,eth:ethertype:ip:tcp,,,,,,,,,,,0.0,Normal,0.0
1744305514071262,10.42.0.1,10.42.0.2,1883,50064,1,45,0,1,0,0,1,0,4,0,0,0,0,0.0,0,,0,2,,0,0,0,0,2,0,0,0,0.0,0x00,0,0,0,0,64.0,64196.0,0,0,0,58,eth:ethertype:ip:tcp:mqtt,,,,,,,,,,,0.0,Normal,0.0
1744305514120390,10.42.0.1,10.42.0.2,1883,50064,5,234,0,1,0,0,0,0,0,0,0,0,0,0.0,0,,0,0,,0,0,0,0,0,0,0,0,0.0,0,0,0,0,0,64.0,64007.0,0,0,0,54,eth:ethertype:ip:tcp,,,,,,,,,,,0.0,Normal,0.0
1744305514120441,10.42.0.1,10.42.0.2,1883,50064,5,234,0,1,1,0,0,0,0,0,0,0,0,0.0,0,,0,0,,0,0,0,0,0,0,0,0,0.0,0,0,0,0,0,64.0,64007.0,0,0,0,54,eth:ethertype:ip:tcp,,,,,,,,,,,0.0,Normal,0.0
1744305529128530,10.42.0.1,10.42.0.139,1883,50065,0,1,1,1,0,0,0,0,0,0,0,0,0,0.0,0,,0,0,,0,0,0,0,0,0,0,0,0.0,0,0,0,0,0,64.0,64240.0,0,0,0,58,eth:ethertype:ip:tcp,,,,,,,,,,,0.0,Normal,0.0
1744305529134630,10.42.0.1,10.42.0.139,1883,50065,1,4,0,1,0,0,0,0,0,0,0,0,0,0.0,0,,0,0,,0,0,0,0,0,0,0,0,0.0,0,0,0,0,0,64.0,64237.0,0,0,0,54,eth:ethertype:ip:tcp,,,,,,,,,,,0.0,Normal,0.0
1744305529138100,10.42.0.1,10.42.0.139,1883,50065,1,33,0,1,0,0,0,0,0,0,0,0,0,0.0,0,,0,0,,0,0,0,0,0,0,0,0,0.0,0,0,0,0,0,64.0,64208.0,0,0,0,54,eth:ethertype:ip:tcp,,,,,,,,,,,0.0,Normal,0.0
1744305529141164,10.42.0.1,10.42.0.139,1883,50065,1,45,0,1,0,0,0,0,0,0,0,0,0,0.0,0,,0,0,,0,0,0,0,0,0,0,0,0.0,0,0,0,0,0,64.0,64196.0,0,0,0,54,eth:ethertype:ip:tcp,,,,,,,,,,,0.0,Normal,0.0
1744305529141512,10.42.0.1,10.42.0.139,1883,50065,1,45,0,1,0,0,1,0,4,0,0,0,0,0.0,0,,0,2,,0,0,0,0,2,0,0,0,0.0,0x00,0,0,0,0,64.0,64196.0,0,0,0,58,eth:ethertype:ip:tcp:mqtt,,,,,,,,,,,0.0,Normal,0.0
1744305529187523,10.42.0.1,10.42.0.139,1883,50065,5,234,0,1,0,0,0,0,0,0,0,0,0,0.0,0,,0,0,,0,0,0,0,0,0,0,0,0.0,0,0,0,0,0,64.0,64007.0,0,0,0,54,eth:ethertype:ip:tcp,,,,,,,,,,,0.0,Normal,0.0
1744305529187561,10.42.0.1,10.42.0.139,1883,50065,5,234,0,1,1,0,0,0,0,0,0,0,0,0.0,0,,0,0,,0,0,0,0,0,0,0,0,0.0,0,0,0,0,0,64.0,64007.0,0,0,0,54,eth:ethertype:ip:tcp,,,,,,,,,,,0.0,Normal,0.0
1744305544128530,10.42.0.1,10.42.0.2,1883,50065,0,1,1,1,0,0,0,0,0,0,0,0,0,0.0,0,,0,0,,0,0,0,0,0,0,0,0,0.0,0,0,0,0,0,64.0,64240.0,0,0,0,58,eth:ethertype:ip:tcp,,,,,,,,,,,0.0,Normal,0.0
1744305544134630,10.42.0.1,10.42.0.2,1883,50065,1,4,0,1,0,0,0,0,0,0,0,0,0,0.0,0,,0,0,,0,0,0,0,0,0,0,0,0.0,0,0,0,0,0,64.0,64237.0,0,0,0,54,eth:ethertype:ip:tcp,,,,,,,,,,,0.0,Normal,0.0
1744305544138100,10.42.0.1,10.42.0.2,1883,50065,1,33,0,1,0,0,0,0,0,0,0,0,0,0.0,0,,0,0,,0,0,0,0,0,0,0,0,0.0,0,0,0,0,0,64.0,64208.0,0,0,0,54,eth:ethertype:ip:tcp,,,,,,,,,,,0.0,Normal,0.0
1744305544141164,10.42.0.1,10.42.0.2,1883,50065,1,45,0,1,0,0,0,0,0,0,0,0,0,0.0,0,,0,0,,0,0,0,0,0,0,0,0,0.0,0,0,0,0,0,64.0,64196.0,0,0,0,54,eth:ethertype:ip:tcp,,,,,,,,,,,0.0,Normal,0.0
1744305544141512,10.42.0.1,10.42.0.2,1883,50065,1,45,0,1,0,0,1,0,4,0,0,0,0,0.0,0,,0,2,,0,0,0,0,2,0,0,0,0.0,0x00,0,0,0,0,64.0,64196.0,0,0,0,58,eth:ethertype:ip:tcp:mqtt,,,,,,,,,,,0.0,Normal,0.0
1744305544187523,10.42.0.1,10.42.0.2,1883,50065,5,234,0,1,0,0,0,0,0,0,0,0,0,0.0,0,,0,0,,0,0,0,0,0,0,0,0,0.0,0,0,0,0,0,64.0,64007.0,0,0,0,54,eth:ethertype:ip:tcp,,,,,,,,,,,0.0,Normal,0.0
1744305544187561,10.42.0.1,10.42.0.2,1883,50065,5,234,0,1,1,0,0,0,0,0,0,0,0,0.0,0,,0,0,,0,0,0,0,0,0,0,0,0.0,0,0,0,0,0,64.0,64007.0,0,0,0,54,eth:ethertype:ip:tcp,,,,,,,,,,,0.0,Normal,0.0
1744305559195604,10.42.0.1,10.42.0.139,1883,50066,0,1,1,1,0,0,0,0,0,0,0,0,0,0.0,0,,0,0,,0,0,0,0,0,0,0,0,0.0,0,0,0,0,0,64.0,64240.0,0,0,0,58,eth:ethertype:ip:tcp,,,,,,,,,,,0.0,Normal,0.0
1744305559201464,10.42.0.1,10.42.0.139,1883,50066,1,4,0,1,0,0,0,0,0,0,0,0,0,0.0,0,,0,0,,0,0,0,0,0,0,0,0,0.0,0,0,0,0,0,64.0,64237.0,0,0,0,54,eth:ethertype:ip:tcp,,,,,,,,,,,0.0,Normal,0.0
1744305559205011,10.42.0.1,10.42.0.139,1883,50066,1,33,0,1,0,0,0,0,0,0,0,0,0,0.0,0,,0,0,,0,0,0,0,0,0,0,0,0.0,0,0,0,0,0,64.0,64208.0,0,0,0,54,eth:ethertype:ip:tcp,,,,,,,,,,,0.0,Normal,0.0
1744305559208080,10.42.0.1,10.42.0.139,1883,50066,1,45,0,1,0,0,0,0,0,0,0,0,0,0.0,0,,0,0,,0,0,0,0,0,0,0,0,0.0,0,0,0,0,0,64.0,64196.0,0,0,0,54,eth:ethertype:ip:tcp,,,,,,,,,,,0.0,Normal,0.0
1744305559208447,10.42.0.1,10.42.0.139,1883,50066,1,45,0,1,0,0,1,0,4,0,0,0,0,0.0,0,,0,2,,0,0,0,0,2,0,0,0,0.0,0x00,0,0,0,0,64.0,64196.0,0,0,0,58,eth:ethertype:ip:tcp:mqtt,,,,,,,,,,,0.0,Normal,0.0
1744305559256835,10.42.0.1,10.42.0.139,1883,50066,5,234,0,1,0,0,0,0,0,0,0,0,0,0.0,0,,0,0,,0,0,0,0,0,0,0,0,0.0,0,0,0,0,0,64.0,64007.0,0,0,0,54,eth:ethertype:ip:tcp,,,,,,,,,,,0.0,Normal,0.0
1744305559256936,10.42.0.1,10.42.0.139,1883,50066,5,234,0,1,1,0,0,0,0,0,0,0,0,0.0,0,,0,0,,0,0,0,0,0,0,0,0,0.0,0,0,0,0,0,64.0,64007.0,0,0,0,54,eth:ethertype:ip:tcp,,,,,,,,,,,0.0,Normal,0.0
1744305574195604,10.42.0.1,10.42.0.2,1883,50066,0,1,1,1,0,0,0,0,0,0,0,0,0,0.0,0,,0,0,,0,0,0,0,0,0,0,0,0.0,0,0,0,0,0,64.0,64240.0,0,0,0,58,eth:ethertype:ip:tcp,,,,,,,,,,,0.0,Normal,0.0
1744305574201464,10.42.0.1,10.42.0.2,1883,50066,1,4,0,1,0,0,0,0,0,0,0,0,0,0.0,0,,0,0,,0,0,0,0,0,0,0,0,0.0,0,0,0,0,0,64.0,64237.0,0,0,0,54,eth:ethertype:ip:tcp,,,,,,,,,,,0.0,Normal,0.0
1744305574205011,10.42.0.1,10.42.0.2,1883,50066,1,33,0,1,0,0,0,0,0,0,0,0,0,0.0,0,,0,0,,0,0,0,0,0,0,0,0,0.0,0,0,0,0,0,64.0,64208.0,0,0,0,54,eth:ethertype:ip:tcp,,,,,,,,,,,0.0,Normal,0.0
1744305574208080,10.42.0.1,10.42.0.2,1883,50066,1,45,0,1,0,0,0,0,0,0,0,0,0,0.0,0,,0,0,,0,0,0,0,0,0,0,0,0.0,0,0,0,0,0,64.0,64196.0,0,0,0,54,eth:ethertype:ip:tcp,,,,,,,,,,,0.0,Normal,0.0
1744305574208447,10.42.0.1,10.42.0.2,1883,50066,1,45,0,1,0,0,1,0,4,0,0,0,0,0.0,0,,0,2,,0,0,0,0,2,0,0,0,0.0,0x00,0,0,0,0,64.0,64196.0,0,0,0,58,eth:ethertype:ip:tcp:mqtt,,,,,,,,,,,0.0,Normal,0.0
1744305574256835,10.42.0.1,10.42.0.2,1883,50066,5,234,0,1,0,0,0,0,0,0,0,0,0,0.0,0,,0,0,,0,0,0,0,0,0,0,0,0.0,0,0,0,0,0,64.0,64007.0,0,0,0,54,eth:ethertype:ip:tcp,,,,,,,,,,,0.0,Normal,0.0
1744305574256936,10.42.0.1,10.42.0.2,1883,50066,5,234,0,1,1,0,0,0,0,0,0,0,0,0.0,0,,0,0,,0,0,0,0,0,0,0,0,0.0,0,0,0,0,0,64.0,64007.0,0,0,0,54,eth:ethertype:ip:tcp,,,,,,,,,,,0.0,Normal,0.0
1744305589265740,10.42.0.1,10.42.0.139,1883,50067,0,1,1,1,0,0,0,0,0,0,0,0,0,0.0,0,,0,0,,0,0,0,0,0,0,0,0,0.0,0,0,0,0,0,64.0,64240.0,0,0,0,58,eth:ethertype:ip:tcp,,,,,,,,,,,0.0,Normal,0.0
1744305589271715,10.42.0.1,10.42.0.139,1883,50067,1,4,0,1,0,0,0,0,0,0,0,0,0,0.0,0,,0,0,,0,0,0,0,0,0,0,0,0.0,0,0,0,0,0,64.0,64237.0,0,0,0,54,eth:ethertype:ip:tcp,,,,,,,,,,,0.0,Normal,0.0
1744305589275353,10.42.0.1,10.42.0.139,1883,50067,1,35,0,1,0,0,0,0,0,0,0,0,0,0.0,0,,0,0,,0,0,0,0,0,0,0,0,0.0,0,0,0,0,0,64.0,64206.0,0,0,0,54,eth:ethertype:ip:tcp,,,,,,,,,,,0.0,Normal,0.0
1744305589278524,10.42.0.1,10.42.0.139,1883,50067,1,45,0,1,0,0,0,0,0,0,0,0,0,0.0,0,,0,0,,0,0,0,0,0,0,0,0,0.0,0,0,0,0,0,64.0,64196.0,0,0,0,54,eth:ethertype:ip:tcp,,,,,,,,,,,0.0,Normal,0.0
1744305589278802,10.42.0.1,10.42.0.139,1883,50067,1,45,0,1,0,0,1,0,4,0,0,0,0,0.0,0,,0,2,,0,0,0,0,2,0,0,0,0.0,0x00,0,0,0,0,64.0,64196.0,0,0,0,58,eth:ethertype:ip:tcp:mqtt,,,,,,,,,,,0.0,Normal,0.0
1744305589326563,10.42.0.1,10.42.0.139,1883,50067,5,234,0,1,0,0,0,0,0,0,0,0,0,0.0,0,,0,0,,0,0,0,0,0,0,0,0,0.0,0,0,0,0,0,64.0,64007.0,0,0,0,54,eth:ethertype:ip:tcp,,,,,,,,,,,0.0,Normal,0.0
1744305589326603,10.42.0.1,10.42.0.139,1883,50067,5,234,0,1,1,0,0,0,0,0,0,0,0,0.0,0,,0,0,,0,0,0,0,0,0,0,0,0.0,0,0,0,0,0,64.0,64007.0,0,0,0,54,eth:ethertype:ip:tcp,,,,,,,,,,,0.0,Normal,0.0
1744305604265740,10.42.0.1,10.42.0.2,1883,50067,0,1,1,1,0,0,0,0,0,0,0,0,0,0.0,0,,0,0,,0,0,0,0,0,0,0,0,0.0,0,0,0,0,0,64.0,64240.0,0,0,0,58,eth:ethertype:ip:tcp,,,,,,,,,,,0.0,Normal,0.0
1744305604271715,10.42.0.1,10.42.0.2,1883,50067,1,4,0,1,0,0,0,0,0,0,0,0,0,0.0,0,,0,0,,0,0,0,0,0,0,0,0,0.0,0,0,0,0,0,64.0,64237.0,0,0,0,54,eth:ethertype:ip:tcp,,,,,,,,,,,0.0,Normal,0.0
1744305604275353,10.42.0.1,10.42.0.2,1883,50067,1,35,0,1,0,0,0,0,0,0,0,0,0,0.0,0,,0,0,,0,0,0,0,0,0,0,0,0.0,0,0,0,0,0,64.0,64206.0,0,0,0,54,eth:ethertype:ip:tcp,,,,,,,,,,,0.0,Normal,0.0
1744305604278524,10.42.0.1,10.42.0.2,1883,50067,1,45,0,1,0,0,0,0,0,0,0,0,0,0.0,0,,0,0,,0,0,0,0,0,0,0,0,0.0,0,0,0,0,0,64.0,64196.0,0,0,0,54,eth:ethertype:ip:tcp,,,,,,,,,,,0.0,Normal,0.0
1744305604278802,10.42.0.1,10.42.0.2,1883,50067,1,45,0,1,0,0,1,0,4,0,0,0,0,0.0,0,,0,2,,0,0,0,0,2,0,0,0,0.0,0x00,0,0,0,0,64.0,64196.0,0,0,0,58,eth:ethertype:ip:tcp:mqtt,,,,,,,,,,,0.0,Normal,0.0
1744305604326563,10.42.0.1,10.42.0.2,1883,50067,5,234,0,1,0,0,0,0,0,0,0,0,0,0.0,0,,0,0,,0,0,0,0,0,0,0,0,0.0,0,0,0,0,0,64.0,64007.0,0,0,0,54,eth:ethertype:ip:tcp,,,,,,,,,,,0.0,Normal,0.0
1744305604326603,10.42.0.1,10.42.0.2,1883,50067,5,234,0,1,1,0,0,0,0,0,0,0,0,0.0,0,,0,0,,0,0,0,0,0,0,0,0,0.0,0,0,0,0,0,64.0,64007.0,0,0,0,54,eth:ethertype:ip:tcp,,,,,,,,,,,0.0,Normal,0.0
1744305619335300,10.42.0.1,10.42.0.139,1883,50068,0,1,1,1,0,0,0,0,0,0,0,0,0,0.0,0,,0,0,,0,0,0,0,0,0,0,0,0.0,0,0,0,0,0,64.0,64240.0,0,0,0,58,eth:ethertype:ip:tcp,,,,,,,,,,,0.0,Normal,0.0
1744305619341379,10.42.0.1,10.42.0.139,1883,50068,1,4,0,1,0,0,0,0,0,0,0,0,0,0.0,0,,0,0,,0,0,0,0,0,0,0,0,0.0,0,0,0,0,0,64.0,64237.0,0,0,0,54,eth:ethertype:ip:tcp,,,,,,,,,,,0.0,Normal,0.0
1744305619344809,10.42.0.1,10.42.0.139,1883,50068,1,33,0,1,0,0,0,0,0,0,0,0,0,0.0,0,,0,0,,0,0,0,0,0,0,0,0,0.0,0,0,0,0,0,64.0,64208.0,0,0,0,54,eth:ethertype:ip:tcp,,,,,,,,,,,0.0,Normal,0.0
1744305619348532,10.42.0.1,10.42.0.139,1883,50068,1,35,0,1,0,0,0,0,0,0,0,0,0,0.0,0,,0,0,,0,0,0,0,0,0,0,0,0.0,0,0,0,0,0,64.0,64206.0,0,0,0,54,eth:ethertype:ip:tcp,,,,,,,,,,,0.0,Normal,0.0
1744305619352636,10.42.0.1,10.42.0.139,1883,50068,1,39,0,1,0,0,0,0,0,0,0,0,0,0.0,0,,0,0,,0,0,0,0,0,0,0,0,0.0,0,0,0,0,0,64.0,64202.0,0,0,0,54,eth:ethertype:ip:tcp,,,,,,,,,,,0.0,Normal,0.0
1744305619355982,10.42.0.1,10.42.0.139,1883,50068,1,41,0,1,0,0,0,0,0,0,0,0,0,0.0,0,,0,0,,0,0,0,0,0,0,0,0,0.0,0,0,0,0,0,64.0,64200.0,0,0,0,54,eth:ethertype:ip:tcp,,,,,,,,,,,0.0,Normal,0.0
1744305619358616,10.42.0.1,10.42.0.139,1883,50068,1,45,0,1,0,0,0,0,0,0,0,0,0,0.0,0,,0,0,,0,0,0,0,0,0,0,0,0.0,0,0,0,0,0,64.0,64196.0,0,0,0,54,eth:ethertype:ip:tcp,,,,,,,,,,,0.0,Normal,0.0
1744305619358912,10.42.0.1,10.42.0.139,1883,50068,1,45,0,1,0,0,1,0,4,0,0,0,0,0.0,0,,0,2,,0,0,0,0,2,0,0,0,0.0,0x00,0,0,0,0,64.0,64196.0,0,0,0,58,eth:ethertype:ip:tcp:mqtt,,,,,,,,,,,0.0,Normal,0.0
1744305619405820,10.42.0.1,10.42.0.139,1883,50068,5,234,0,1,0,0,0,0,0,0,0,0,0,0.0,0,,0,0,,0,0,0,0,0,0,0,0,0.0,0,0,0,0,0,64.0,64007.0,0,0,0,54,eth:ethertype:ip:tcp,,,,,,,,,,,0.0,Normal,0.0
1744305619405858,10.42.0.1,10.42.0.139,1883,50068,5,234,0,1,1,0,0,0,0,0,0,0,0,0.0,0,,0,0,,0,0,0,0,0,0,0,0,0.0,0,0,0,0,0,64.0,64007.0,0,0,0,54,eth:ethertype:ip:tcp,,,,,,,,,,,0.0,Normal,0.0
1744305634335300,10.42.0.1,10.42.0.2,1883,50068,0,1,1,1,0,0,0,0,0,0,0,0,0,0.0,0,,0,0,,0,0,0,0,0,0,0,0,0.0,0,0,0,0,0,64.0,64240.0,0,0,0,58,eth:ethertype:ip:tcp,,,,,,,,,,,0.0,Normal,0.0
1744305634341379,10.42.0.1,10.42.0.2,1883,50068,1,4,0,1,0,0,0,0,0,0,0,0,0,0.0,0,,0,0,,0,0,0,0,0,0,0,0,0.0,0,0,0,0,0,64.0,64237.0,0,0,0,54,eth:ethertype:ip:tcp,,,,,,,,,,,0.0,Normal,0.0
1744305634344809,10.42.0.1,10.42.0.2,1883,50068,1,33,0,1,0,0,0,0,0,0,0,0,0,0.0,0,,0,0,,0,0,0,0,0,0,0,0,0.0,0,0,0,0,0,64.0,64208.0,0,0,0,54,eth:ethertype:ip:tcp,,,,,,,,,,,0.0,Normal,0.0
1744305634348532,10.42.0.1,10.42.0.2,1883,50068,1,35,0,1,0,0,0,0,0,0,0,0,0,0.0,0,,0,0,,0,0,0,0,0,0,0,0,0.0,0,0,0,0,0,64.0,64206.0,0,0,0,54,eth:ethertype:ip:tcp,,,,,,,,,,,0.0,Normal,0.0
1744305634352636,10.42.0.1,10.42.0.2,1883,50068,1,39,0,1,0,0,0,0,0,0,0,0,0,0.0,0,,0,0,,0,0,0,0,0,0,0,0,0.0,0,0,0,0,0,64.0,64202.0,0,0,0,54,eth:ethertype:ip:tcp,,,,,,,,,,,0.0,Normal,0.0
1744305634355982,10.42.0.1,10.42.0.2,1883,50068,1,41,0,1,0,0,0,0,0,0,0,0,0,0.0,0,,0,0,,0,0,0,0,0,0,0,0,0.0,0,0,0,0,0,64.0,64200.0,0,0,0,54,eth:ethertype:ip:tcp,,,,,,,,,,,0.0,Normal,0.0
1744305634358616,10.42.0.1,10.42.0.2,1883,50068,1,45,0,1,0,0,0,0,0,0,0,0,0,0.0,0,,0,0,,0,0,0,0,0,0,0,0,0.0,0,0,0,0,0,64.0,64196.0,0,0,0,54,eth:ethertype:ip:tcp,,,,,,,,,,,0.0,Normal,0.0
1744305634358912,10.42.0.1,10.42.0.2,1883,50068,1,45,0,1,0,0,1,0,4,0,0,0,0,0.0,0,,0,2,,0,0,0,0,2,0,0,0,0.0,0x00,0,0,0,0,64.0,64196.0,0,0,0,58,eth:ethertype:ip:tcp:mqtt,,,,,,,,,,,0.0,Normal,0.0
1744305634405820,10.42.0.1,10.42.0.2,1883,50068,5,234,0,1,0,0,0,0,0,0,0,0,0,0.0,0,,0,0,,0,0,0,0,0,0,0,0,0.0,0,0,0,0,0,64.0,64007.0,0,0,0,54,eth:ethertype:ip:tcp,,,,,,,,,,,0.0,Normal,0.0
1744305634405858,10.42.0.1,10.42.0.2,1883,50068,5,234,0,1,1,0,0,0,0,0,0,0,0,0.0,0,,0,0,,0,0,0,0,0,0,0,0,0.0,0,0,0,0,0,64.0,64007.0,0,0,0,54,eth:ethertype:ip:tcp,,,,,,,,,,,0.0,Normal,0.0
1744305649414473,10.42.0.1,10.42.0.139,1883,50069,0,1,1,1,0,0,0,0,0,0,0,0,0,0.0,0,,0,0,,0,0,0,0,0,0,0,0,0.0,0,0,0,0,0,64.0,64240.0,0,0,0,58,eth:ethertype:ip:tcp,,,,,,,,,,,0.0,Normal,0.0
1744305649420587,10.42.0.1,10.42.0.139,1883,50069,1,4,0,1,0,0,0,0,0,0,0,0,0,0.0,0,,0,0,,0,0,0,0,0,0,0,0,0.0,0,0,0,0,0,64.0,64237.0,0,0,0,54,eth:ethertype:ip:tcp,,,,,,,,,,,0.0,Normal,0.0
1744305649423964,10.42.0.1,10.42.0.139,1883,50069,1,33,0,1,0,0,0,0,0,0,0,0,0,0.0,0,,0,0,,0,0,0,0,0,0,0,0,0.0,0,0,0,0,0,64.0,64208.0,0,0,0,54,eth:ethertype:ip:tcp,,,,,,,,,,,0.0,Normal,0.0
1744305649427181,10.42.0.1,10.42.0.139,1883,50069,1,45,0,1,0,0,0,0,0,0,0,0,0,0.0,0,,0,0,,0,0,0,0,0,0,0,0,0.0,0,0,0,0,0,64.0,64196.0,0,0,0,54,eth:ethertype:ip:tcp,,,,,,,,,,,0.0,Normal,0.0
1744305649427527,10.42.0.1,10.42.0.139,1883,50069,1,45,0,1,0,0,1,0,4,0,0,0,0,0.0,0,,0,2,,0,0,0,0,2,0,0,0,0.0,0x00,0,0,0,0,64.0,64196.0,0,0,0,58,eth:ethertype:ip:tcp:mqtt,,,,,,,,,,,0.0,Normal,0.0
1744305649474878,10.42.0.1,10.42.0.139,1883,50069,5,234,0,1,0,0,0,0,0,0,0,0,0,0.0,0,,0,0,,0,0,0,0,0,0,0,0,0.0,0,0,0,0,0,64.0,64007.0,0,0,0,54,eth:ethertype:ip:tcp,,,,,,,,,,,0.0,Normal,0.0
1744305649474916,10.42.0.1,10.42.0.139,1883,50069,5,234,0,1,1,0,0,0,0,0,0,0,0,0.0,0,,0,0,,0,0,0,0,0,0,0,0,0.0,0,0,0,0,0,64.0,64007.0,0,0,0,54,eth:ethertype:ip:tcp,,,,,,,,,,,0.0,Normal,0.0
1744305664414473,10.42.0.1,10.42.0.2,1883,50069,0,1,1,1,0,0,0,0,0,0,0,0,0,0.0,0,,0,0,,0,0,0,0,0,0,0,0,0.0,0,0,0,0,0,64.0,64240.0,0,0,0,58,eth:ethertype:ip:tcp,,,,,,,,,,,0.0,Normal,0.0
1744305664420587,10.42.0.1,10.42.0.2,1883,50069,1,4,0,1,0,0,0,0,0,0,0,0,0,0.0,0,,0,0,,0,0,0,0,0,0,0,0,0.0,0,0,0,0,0,64.0,64237.0,0,0,0,54,eth:ethertype:ip:tcp,,,,,,,,,,,0.0,Normal,0.0
1744305664423964,10.42.0.1,10.42.0.2,1883,50069,1,33,0,1,0,0,0,0,0,0,0,0,0,0.0,0,,0,0,,0,0,0,0,0,0,0,0,0.0,0,0,0,0,0,64.0,64208.0,0,0,0,54,eth:ethertype:ip:tcp,,,,,,,,,,,0.0,Normal,0.0
1744305664427181,10.42.0.1,10.42.0.2,1883,50069,1,45,0,1,0,0,0,0,0,0,0,0,0,0.0,0,,0,0,,0,0,0,0,0,0,0,0,0.0,0,0,0,0,0,64.0,64196.0,0,0,0,54,eth:ethertype:ip:tcp,,,,,,,,,,,0.0,Normal,0.0
1744305664427527,10.42.0.1,10.42.0.2,1883,50069,1,45,0,1,0,0,1,0,4,0,0,0,0,0.0,0,,0,2,,0,0,0,0,2,0,0,0,0.0,0x00,0,0,0,0,64.0,64196.0,0,0,0,58,eth:ethertype:ip:tcp:mqtt,,,,,,,,,,,0.0,Normal,0.0
1744305664474878,10.42.0.1,10.42.0.2,1883,50069,5,234,0,1,0,0,0,0,0,0,0,0,0,0.0,0,,0,0,,0,0,0,0,0,0,0,0,0.0,0,0,0,0,0,64.0,64007.0,0,0,0,54,eth:ethertype:ip:tcp,,,,,,,,,,,0.0,Normal,0.0
1744305664474916,10.42.0.1,10.42.0.2,1883,50069,5,234,0,1,1,0,0,0,0,0,0,0,0,0.0,0,,0,0,,0,0,0,0,0,0,0,0,0.0,0,0,0,0,0,64.0,64007.0,0,0,0,54,eth:ethertype:ip:tcp,,,,,,,,,,,0.0,Normal,0.0
1744305673654587,10.42.0.1,239.255.255.250,0,0,0,0,0,0,0,0,0,0,0,0,0,0,0,0.0,0,,0,0,,0,0,0,0,0,0,0,0,0.0,0,0,0,0,0,1.0,0.0,0,0,0,844,eth:ethertype:ip:udp:xml,,,,,,,,,,,,,
1744305673864493,10.42.0.1,239.255.255.250,0,0,0,0,0,0,0,0,0,0,0,0,0,0,0,0.0,0,,0,0,,0,0,0,0,0,0,0,0,0.0,0,0,0,0,0,1.0,0.0,0,0,0,844,eth:ethertype:ip:udp:xml,,,,,,,,,,,,,
1744305674284578,10.42.0.1,239.255.255.250,0,0,0,0,0,0,0,0,0,0,0,0,0,0,0,0.0,0,,0,0,,0,0,0,0,0,0,0,0,0.0,0,0,0,0,0,1.0,0.0,0,0,0,844,eth:ethertype:ip:udp:xml,,,,,,,,,,,,,
1744305674786736,10.42.0.1,239.255.255.250,0,0,0,0,0,0,0,0,0,0,0,0,0,0,0,0.0,0,,0,0,,0,0,0,0,0,0,0,0,0.0,0,0,0,0,0,1.0,0.0,0,0,0,844,eth:ethertype:ip:udp:xml,,,,,,,,,,,,,
1744305679483949,10.42.0.1,10.42.0.139,1883,50070,0,1,1,1,0,0,0,0,0,0,0,0,0,0.0,0,,0,0,,0,0,0,0,0,0,0,0,0.0,0,0,0,0,0,64.0,64240.0,0,0,0,58,eth:ethertype:ip:tcp,,,,,,,,,,,0.0,Normal,0.0
1744305679491262,10.42.0.1,10.42.0.139,1883,50070,1,4,0,1,0,0,0,0,0,0,0,0,0,0.0,0,,0,0,,0,0,0,0,0,0,0,0,0.0,0,0,0,0,0,64.0,64237.0,0,0,0,54,eth:ethertype:ip:tcp,,,,,,,,,,,0.0,Normal,0.0
1744305679494662,10.42.0.1,10.42.0.139,1883,50070,1,33,0,1,0,0,0,0,0,0,0,0,0,0.0,0,,0,0,,0,0,0,0,0,0,0,0,0.0,0,0,0,0,0,64.0,64208.0,0,0,0,54,eth:ethertype:ip:tcp,,,,,,,,,,,0.0,Normal,0.0
1744305679497833,10.42.0.1,10.42.0.139,1883,50070,1,45,0,1,0,0,0,0,0,0,0,0,0,0.0,0,,0,0,,0,0,0,0,0,0,0,0,0.0,0,0,0,0,0,64.0,64196.0,0,0,0,54,eth:ethertype:ip:tcp,,,,,,,,,,,0.0,Normal,0.0
1744305679498150,10.42.0.1,10.42.0.139,1883,50070,1,45,0,1,0,0,1,0,4,0,0,0,0,0.0,0,,0,2,,0,0,0,0,2,0,0,0,0.0,0x00,0,0,0,0,64.0,64196.0,0,0,0,58,eth:ethertype:ip:tcp:mqtt,,,,,,,,,,,0.0,Normal,0.0
1744305679545923,10.42.0.1,10.42.0.139,1883,50070,5,234,0,1,0,0,0,0,0,0,0,0,0,0.0,0,,0,0,,0,0,0,0,0,0,0,0,0.0,0,0,0,0,0,64.0,64007.0,0,0,0,54,eth:ethertype:ip:tcp,,,,,,,,,,,0.0,Normal,0.0
1744305679545967,10.42.0.1,10.42.0.139,1883,50070,5,234,0,1,1,0,0,0,0,0,0,0,0,0.0,0,,0,0,,0,0,0,0,0,0,0,0,0.0,0,0,0,0,0,64.0,64007.0,0,0,0,54,eth:ethertype:ip:tcp,,,,,,,,,,,0.0,Normal,0.0
1744305688654587,10.42.0.1,239.255.255.250,0,0,0,0,0,0,0,0,0,0,0,0,0,0,0,0.0,0,,0,0,,0,0,0,0,0,0,0,0,0.0,0,0,0,0,0,1.0,0.0,0,0,0,844,eth:ethertype:ip:udp:xml,,,,,,,,,,,,,
1744305688864493,10.42.0.1,239.255.255.250,0,0,0,0,0,0,0,0,0,0,0,0,0,0,0,0.0,0,,0,0,,0,0,0,0,0,0,0,0,0.0,0,0,0,0,0,1.0,0.0,0,0,0,844,eth:ethertype:ip:udp:xml,,,,,,,,,,,,,
1744305689284578,10.42.0.1,239.255.255.250,0,0,0,0,0,0,0,0,0,0,0,0,0,0,0,0.0,0,,0,0,,0,0,0,0,0,0,0,0,0.0,0,0,0,0,0,1.0,0.0,0,0,0,844,eth:ethertype:ip:udp:xml,,,,,,,,,,,,,
1744305689786736,10.42.0.1,239.255.255.250,0,0,0,0,0,0,0,0,0,0,0,0,0,0,0,0.0,0,,0,0,,0,0,0,0,0,0,0,0,0.0,0,0,0,0,0,1.0,0.0,0,0,0,844,eth:ethertype:ip:udp:xml,,,,,,,,,,,,,
1744305694483949,10.42.0.1,10.42.0.2,1883,50070,0,1,1,1,0,0,0,0,0,0,0,0,0,0.0,0,,0,0,,0,0,0,0,0,0,0,0,0.0,0,0,0,0,0,64.0,64240.0,0,0,0,58,eth:ethertype:ip:tcp,,,,,,,,,,,0.0,Normal,0.0
1744305694491262,10.42.0.1,10.42.0.2,1883,50070,1,4,0,1,0,0,0,0,0,0,0,0,0,0.0,0,,0,0,,0,0,0,0,0,0,0,0,0.0,0,0,0,0,0,64.0,64237.0,0,0,0,54,eth:ethertype:ip:tcp,,,,,,,,,,,0.0,Normal,0.0
1744305694494662,10.42.0.1,10.42.0.2,1883,50070,1,33,0,1,0,0,0,0,0,0,0,0,0,0.0,0,,0,0,,0,0,0,0,0,0,0,0,0.0,0,0,0,0,0,64.0,64208.0,0,0,0,54,eth:ethertype:ip:tcp,,,,,,,,,,,0.0,Normal,0.0
1744305694497833,10.42.0.1,10.42.0.2,1883,50070,1,45,0,1,0,0,0,0,0,0,0,0,0,0.0,0,,0,0,,0,0,0,0,0,0,0,0,0.0,0,0,0,0,0,64.0,64196.0,0,0,0,54,eth:ethertype:ip:tcp,,,,,,,,,,,0.0,Normal,0.0
1744305694498150,10.42.0.1,10.42.0.2,1883,50070,1,45,0,1,0,0,1,0,4,0,0,0,0,0.0,0,,0,2,,0,0,0,0,2,0,0,0,0.0,0x00,0,0,0,0,64.0,64196.0,0,0,0,58,eth:ethertype:ip:tcp:mqtt,,,,,,,,,,,0.0,Normal,0.0
1744305694545923,10.42.0.1,10.42.0.2,1883,50070,5,234,0,1,0,0,0,0,0,0,0,0,0,0.0,0,,0,0,,0,0,0,0,0,0,0,0,0.0,0,0,0,0,0,64.0,64007.0,0,0,0,54,eth:ethertype:ip:tcp,,,,,,,,,,,0.0,Normal,0.0
1744305694545967,10.42.0.1,10.42.0.2,1883,50070,5,234,0,1,1,0,0,0,0,0,0,0,0,0.0,0,,0,0,,0,0,0,0,0,0,0,0,0.0,0,0,0,0,0,64.0,64007.0,0,0,0,54,eth:ethertype:ip:tcp,,,,,,,,,,,0.0,Normal,0.0
1744305709553892,10.42.0.1,10.42.0.139,1883,50071,0,1,1,1,0,0,0,0,0,0,0,0,0,0.0,0,,0,0,,0,0,0,0,0,0,0,0,0.0,0,0,0,0,0,64.0,64240.0,0,0,0,58,eth:ethertype:ip:tcp,,,,,,,,,,,0.0,Normal,0.0
1744305709559925,10.42.0.1,10.42.0.139,1883,50071,1,4,0,1,0,0,0,0,0,0,0,0,0,0.0,0,,0,0,,0,0,0,0,0,0,0,0,0.0,0,0,0,0,0,64.0,64237.0,0,0,0,54,eth:ethertype:ip:tcp,,,,,,,,,,,0.0,Normal,0.0
1744305709563571,10.42.0.1,10.42.0.139,1883,50071,1,33,0,1,0,0,0,0,0,0,0,0,0,0.0,0,,0,0,,0,0,0,0,0,0,0,0,0.0,0,0,0,0,0,64.0,64208.0,0,0,0,54,eth:ethertype:ip:tcp,,,,,,,,,,,0.0,Normal,0.0
1744305709566571,10.42.0.1,10.42.0.139,1883,50071,1,45,0,1,0,0,0,0,0,0,0,0,0,0.0,0,,0,0,,0,0,0,0,0,0,0,0,0.0,0,0,0,0,0,64.0,64196.0,0,0,0,54,eth:ethertype:ip:tcp,,,,,,,,,,,0.0,Normal,0.0
1744305709566950,10.42.0.1,10.42.0.139,1883,50071,1,45,0,1,0,0,1,0,4,0,0,0,0,0.0,0,,0,2,,0,0,0,0,2,0,0,0,0.0,0x00,0,0,0,0,64.0,64196.0,0,0,0,58,eth:ethertype:ip:tcp:mqtt,,,,,,,,,,,0.0,Normal,0.0
1744305709613745,10.42.0.1,10.42.0.139,1883,50071,5,234,0,1,0,0,0,0,0,0,0,0,0,0.0,0,,0,0,,0,0,0,0,0,0,0,0,0.0,0,0,0,0,0,64.0,64007.0,0,0,0,54,eth:ethertype:ip:tcp,,,,,,,,,,,0.0,Normal,0.0
1744305709613779,10.42.0.1,10.42.0.139,1883,50071,5,234,0,1,1,0,0,0,0,0,0,0,0,0.0,0,,0,0,,0,0,0,0,0,0,0,0,0.0,0,0,0,0,0,64.0,64007.0,0,0,0,54,eth:ethertype:ip:tcp,,,,,,,,,,,0.0,Normal,0.0
1744305724553892,10.42.0.1,10.42.0.2,1883,50071,0,1,1,1,0,0,0,0,0,0,0,0,0,0.0,0,,0,0,,0,0,0,0,0,0,0,0,0.0,0,0,0,0,0,64.0,64240.0,0,0,0,58,eth:ethertype:ip:tcp,,,,,,,,,,,0.0,Normal,0.0
1744305724559925,10.42.0.1,10.42.0.2,1883,50071,1,4,0,1,0,0,0,0,0,0,0,0,0,0.0,0,,0,0,,0,0,0,0,0,0,0,0,0.0,0,0,0,0,0,64.0,64237.0,0,0,0,54,eth:ethertype:ip:tcp,,,,,,,,,,,0.0,Normal,0.0
1744305724563571,10.42.0.1,10.42.0.2,1883,50071,1,33,0,1,0,0,0,0,0,0,0,0,0,0.0,0,,0,0,,0,0,0,0,0,0,0,0,0.0,0,0,0,0,0,64.0,64208.0,0,0,0,54,eth:ethertype:ip:tcp,,,,,,,,,,,0.0,Normal,0.0
1744305724566571,10.42.0.1,10.42.0.2,1883,50071,1,45,0,1,0,0,0,0,0,0,0,0,0,0.0,0,,0,0,,0,0,0,0,0,0,0,0,0.0,0,0,0,0,0,64.0,64196.0,0,0,0,54,eth:ethertype:ip:tcp,,,,,,,,,,,0.0,Normal,0.0
1744305724566950,10.42.0.1,10.42.0.2,1883,50071,1,45,0,1,0,0,1,0,4,0,0,0,0,0.0,0,,0,2,,0,0,0,0,2,0,0,0,0.0,0x00,0,0,0,0,64.0,64196.0,0,0,0,58,eth:ethertype:ip:tcp:mqtt,,,,,,,,,,,0.0,Normal,0.0
1744305724613745,10.42.0.1,10.42.0.2,1883,50071,5,234,0,1,0,0,0,0,0,0,0,0,0,0.0,0,,0,0,,0,0,0,0,0,0,0,0,0.0,0,0,0,0,0,64.0,64007.0,0,0,0,54,eth:ethertype:ip:tcp,,,,,,,,,,,0.0,Normal,0.0
1744305724613779,10.42.0.1,10.42.0.2,1883,50071,5,234,0,1,1,0,0,0,0,0,0,0,0,0.0,0,,0,0,,0,0,0,0,0,0,0,0,0.0,0,0,0,0,0,64.0,64007.0,0,0,0,54,eth:ethertype:ip:tcp,,,,,,,,,,,0.0,Normal,0.0
1744305739621507,10.42.0.1,10.42.0.139,1883,50072,0,1,1,1,0,0,0,0,0,0,0,0,0,0.0,0,,0,0,,0,0,0,0,0,0,0,0,0.0,0,0,0,0,0,64.0,64240.0,0,0,0,58,eth:ethertype:ip:tcp,,,,,,,,,,,0.0,Normal,0.0
1744305739627440,10.42.0.1,10.42.0.139,1883,50072,1,4,0,1,0,0,0,0,0,0,0,0,0,0.0,0,,0,0,,0,0,0,0,0,0,0,0,0.0,0,0,0,0,0,64.0,64237.0,0,0,0,54,eth:ethertype:ip:tcp,,,,,,,,,,,0.0,Normal,0.0
1744305739630869,10.42.0.1,10.42.0.139,1883,50072,1,33,0,1,0,0,0,0,0,0,0,0,0,0.0,0,,0,0,,0,0,0,0,0,0,0,0,0.0,0,0,0,0,0,64.0,64208.0,0,0,0,54,eth:ethertype:ip:tcp,,,,,,,,,,,0.0,Normal,0.0
1744305739633967,10.42.0.1,10.42.0.139,1883,50072,1,45,0,1,0,0,0,0,0,0,0,0,0,0.0,0,,0,0,,0,0,0,0,0,0,0,0,0.0,0,0,0,0,0,64.0,64196.0,0,0,0,54,eth:ethertype:ip:tcp,,,,,,,,,,,0.0,Normal,0.0
1744305739634287,10.42.0.1,10.42.0.139,1883,50072,1,45,0,1,0,0,1,0,4,0,0,0,0,0.0,0,,0,2,,0,0,0,0,2,0,0,0,0.0,0x00,0,0,0,0,64.0,64196.0,0,0,0,58,eth:ethertype:ip:tcp:mqtt,,,,,,,,,,,0.0,Normal,0.0
1744305739682912,10.42.0.1,10.42.0.139,1883,50072,5,234,0,1,0,0,0,0,0,0,0,0,0,0.0,0,,0,0,,0,0,0,0,0,0,0,0,0.0,0,0,0,0,0,64.0,64007.0,0,0,0,54,eth:ethertype:ip:tcp,,,,,,,,,,,0.0,Normal,0.0
1744305739682953,10.42.0.1,10.42.0.139,1883,50072,5,234,0,1,1,0,0,0,0,0,0,0,0,0.0,0,,0,0,,0,0,0,0,0,0,0,0,0.0,0,0,0,0,0,64.0,64007.0,0,0,0,54,eth:ethertype:ip:tcp,,,,,,,,,,,0.0,Normal,0.0
1744305754621507,10.42.0.1,10.42.0.2,1883,50072,0,1,1,1,0,0,0,0,0,0,0,0,0,0.0,0,,0,0,,0,0,0,0,0,0,0,0,0.0,0,0,0,0,0,64.0,64240.0,0,0,0,58,eth:ethertype:ip:tcp,,,,,,,,,,,0.0,Normal,0.0
1744305754627440,10.42.0.1,10.42.0.2,1883,50072,1,4,0,1,0,0,0,0,0,0,0,0,0,0.0,0,,0,0,,0,0,0,0,0,0,0,0,0.0,0,0,0,0,0,64.0,64237.0,0,0,0,54,eth:ethertype:ip:tcp,,,,,,,,,,,0.0,Normal,0.0
1744305754630869,10.42.0.1,10.42.0.2,1883,50072,1,33,0,1,0,0,0,0,0,0,0,0,0,0.0,0,,0,0,,0,0,0,0,0,0,0,0,0.0,0,0,0,0,0,64.0,64208.0,0,0,0,54,eth:ethertype:ip:tcp,,,,,,,,,,,0.0,Normal,0.0
1744305754633967,10.42.0.1,10.42.0.2,1883,50072,1,45,0,1,0,0,0,0,0,0,0,0,0,0.0,0,,0,0,,0,0,0,0,0,0,0,0,0.0,0,0,0,0,0,64.0,64196.0,0,0,0,54,eth:ethertype:ip:tcp,,,,,,,,,,,0.0,Normal,0.0
1744305754634287,10.42.0.1,10.42.0.2,1883,50072,1,45,0,1,0,0,1,0,4,0,0,0,0,0.0,0,,0,2,,0,0,0,0,2,0,0,0,0.0,0x00,0,0,0,0,64.0,64196.0,0,0,0,58,eth:ethertype:ip:tcp:mqtt,,,,,,,,,,,0.0,Normal,0.0
1744305754682912,10.42.0.1,10.42.0.2,1883,50072,5,234,0,1,0,0,0,0,0,0,0,0,0,0.0,0,,0,0,,0,0,0,0,0,0,0,0,0.0,0,0,0,0,0,64.0,64007.0,0,0,0,54,eth:ethertype:ip:tcp,,,,,,,,,,,0.0,Normal,0.0
1744305754682953,10.42.0.1,10.42.0.2,1883,50072,5,234,0,1,1,0,0,0,0,0,0,0,0,0.0,0,,0,0,,0,0,0,0,0,0,0,0,0.0,0,0,0,0,0,64.0,64007.0,0,0,0,54,eth:ethertype:ip:tcp,,,,,,,,,,,0.0,Normal,0.0
1744305769691704,10.42.0.1,10.42.0.139,1883,50073,0,1,1,1,0,0,0,0,0,0,0,0,0,0.0,0,,0,0,,0,0,0,0,0,0,0,0,0.0,0,0,0,0,0,64.0,64240.0,0,0,0,58,eth:ethertype:ip:tcp,,,,,,,,,,,0.0,Normal,0.0
1744305769697704,10.42.0.1,10.42.0.139,1883,50073,1,4,0,1,0,0,0,0,0,0,0,0,0,0.0,0,,0,0,,0,0,0,0,0,0,0,0,0.0,0,0,0,0,0,64.0,64237.0,0,0,0,54,eth:ethertype:ip:tcp,,,,,,,,,,,0.0,Normal,0.0
1744305769701135,10.42.0.1,10.42.0.139,1883,50073,1,33,0,1,0,0,0,0,0,0,0,0,0,0.0,0,,0,0,,0,0,0,0,0,0,0,0,0.0,0,0,0,0,0,64.0,64208.0,0,0,0,54,eth:ethertype:ip:tcp,,,,,,,,,,,0.0,Normal,0.0
1744305769704239,10.42.0.1,10.42.0.139,1883,50073,1,45,0,1,0,0,0,0,0,0,0,0,0,0.0,0,,0,0,,0,0,0,0,0,0,0,0,0.0,0,0,0,0,0,64.0,64196.0,0,0,0,54,eth:ethertype:ip:tcp,,,,,,,,,,,0.0,Normal,0.0
1744305769704548,10.42.0.1,10.42.0.139,1883,50073,1,45,0,1,0,0,1,0,4,0,0,0,0,0.0,0,,0,2,,0,0,0,0,2,0,0,0,0.0,0x00,0,0,0,0,64.0,64196.0,0,0,0,58,eth:ethertype:ip:tcp:mqtt,,,,,,,,,,,0.0,Normal,0.0
1744305769752135,10.42.0.1,10.42.0.139,1883,50073,5,234,0,1,0,0,0,0,0,0,0,0,0,0.0,0,,0,0,,0,0,0,0,0,0,0,0,0.0,0,0,0,0,0,64.0,64007.0,0,0,0,54,eth:ethertype:ip:tcp,,,,,,,,,,,0.0,Normal,0.0
1744305769752179,10.42.0.1,10.42.0.139,1883,50073,5,234,0,1,1,0,0,0,0,0,0,0,0,0.0,0,,0,0,,0,0,0,0,0,0,0,0,0.0,0,0,0,0,0,64.0,64007.0,0,0,0,54,eth:ethertype:ip:tcp,,,,,,,,,,,0.0,Normal,0.0
1744305784691704,10.42.0.1,10.42.0.2,1883,50073,0,1,1,1,0,0,0,0,0,0,0,0,0,0.0,0,,0,0,,0,0,0,0,0,0,0,0,0.0,0,0,0,0,0,64.0,64240.0,0,0,0,58,eth:ethertype:ip:tcp,,,,,,,,,,,0.0,Normal,0.0
1744305784697704,10.42.0.1,10.42.0.2,1883,50073,1,4,0,1,0,0,0,0,0,0,0,0,0,0.0,0,,0,0,,0,0,0,0,0,0,0,0,0.0,0,0,0,0,0,64.0,64237.0,0,0,0,54,eth:ethertype:ip:tcp,,,,,,,,,,,0.0,Normal,0.0
1744305784701135,10.42.0.1,10.42.0.2,1883,50073,1,33,0,1,0,0,0,0,0,0,0,0,0,0.0,0,,0,0,,0,0,0,0,0,0,0,0,0.0,0,0,0,0,0,64.0,64208.0,0,0,0,54,eth:ethertype:ip:tcp,,,,,,,,,,,0.0,Normal,0.0
1744305784704239,10.42.0.1,10.42.0.2,1883,50073,1,45,0,1,0,0,0,0,0,0,0,0,0,0.0,0,,0,0,,0,0,0,0,0,0,0,0,0.0,0,0,0,0,0,64.0,64196.0,0,0,0,54,eth:ethertype:ip:tcp,,,,,,,,,,,0.0,Normal,0.0
1744305784704548,10.42.0.1,10.42.0.2,1883,50073,1,45,0,1,0,0,1,0,4,0,0,0,0,0.0,0,,0,2,,0,0,0,0,2,0,0,0,0.0,0x00,0,0,0,0,64.0,64196.0,0,0,0,58,eth:ethertype:ip:tcp:mqtt,,,,,,,,,,,0.0,Normal,0.0
1744305784752135,10.42.0.1,10.42.0.2,1883,50073,5,234,0,1,0,0,0,0,0,0,0,0,0,0.0,0,,0,0,,0,0,0,0,0,0,0,0,0.0,0,0,0,0,0,64.0,64007.0,0,0,0,54,eth:ethertype:ip:tcp,,,,,,,,,,,0.0,Normal,0.0
1744305784752179,10.42.0.1,10.42.0.2,1883,50073,5,234,0,1,1,0,0,0,0,0,0,0,0,0.0,0,,0,0,,0,0,0,0,0,0,0,0,0.0,0,0,0,0,0,64.0,64007.0,0,0,0,54,eth:ethertype:ip:tcp,,,,,,,,,,,0.0,Normal,0.0
1744305799761075,10.42.0.1,10.42.0.139,1883,50074,0,1,1,1,0,0,0,0,0,0,0,0,0,0.0,0,,0,0,,0,0,0,0,0,0,0,0,0.0,0,0,0,0,0,64.0,64240.0,0,0,0,58,eth:ethertype:ip:tcp,,,,,,,,,,,0.0,Normal,0.0
1744305799770532,10.42.0.1,10.42.0.139,1883,50074,1,4,0,1,0,0,0,0,0,0,0,0,0,0.0,0,,0,0,,0,0,0,0,0,0,0,0,0.0,0,0,0,0,0,64.0,64237.0,0,0,0,54,eth:ethertype:ip:tcp,,,,,,,,,,,0.0,Normal,0.0
1744305799774065,10.42.0.1,10.42.0.139,1883,50074,1,33,0,1,0,0,0,0,0,0,0,0,0,0.0,0,,0,0,,0,0,0,0,0,0,0,0,0.0,0,0,0,0,0,64.0,64208.0,0,0,0,54,eth:ethertype:ip:tcp,,,,,,,,,,,0.0,Normal,0.0
1744305799778760,10.42.0.1,10.42.0.139,1883,50074,1,45,0,1,0,0,0,0,0,0,0,0,0,0.0,0,,0,0,,0,0,0,0,0,0,0,0,0.0,0,0,0,0,0,64.0,64196.0,0,0,0,54,eth:ethertype:ip:tcp,,,,,,,,,,,0.0,Normal,0.0
1744305799779061,10.42.0.1,10.42.0.139,1883,50074,1,45,0,1,0,0,1,0,4,0,0,0,0,0.0,0,,0,2,,0,0,0,0,2,0,0,0,0.0,0x00,0,0,0,0,64.0,64196.0,0,0,0,58,eth:ethertype:ip:tcp:mqtt,,,,,,,,,,,0.0,Normal,0.0
1744305799832089,10.42.0.1,10.42.0.139,1883,50074,5,234,0,1,0,0,0,0,0,0,0,0,0,0.0,0,,0,0,,0,0,0,0,0,0,0,0,0.0,0,0,0,0,0,64.0,64007.0,0,0,0,54,eth:ethertype:ip:tcp,,,,,,,,,,,0.0,Normal,0.0
1744305799832128,10.42.0.1,10.42.0.139,1883,50074,5,234,0,1,1,0,0,0,0,0,0,0,0,0.0,0,,0,0,,0,0,0,0,0,0,0,0,0.0,0,0,0,0,0,64.0,64007.0,0,0,0,54,eth:ethertype:ip:tcp,,,,,,,,,,,0.0,Normal,0.0
1744305814761075,10.42.0.1,10.42.0.2,1883,50074,0,1,1,1,0,0,0,0,0,0,0,0,0,0.0,0,,0,0,,0,0,0,0,0,0,0,0,0.0,0,0,0,0,0,64.0,64240.0,0,0,0,58,eth:ethertype:ip:tcp,,,,,,,,,,,0.0,Normal,0.0
1744305814770532,10.42.0.1,10.42.0.2,1883,50074,1,4,0,1,0,0,0,0,0,0,0,0,0,0.0,0,,0,0,,0,0,0,0,0,0,0,0,0.0,0,0,0,0,0,64.0,64237.0,0,0,0,54,eth:ethertype:ip:tcp,,,,,,,,,,,0.0,Normal,0.0
1744305814774065,10.42.0.1,10.42.0.2,1883,50074,1,33,0,1,0,0,0,0,0,0,0,0,0,0.0,0,,0,0,,0,0,0,0,0,0,0,0,0.0,0,0,0,0,0,64.0,64208.0,0,0,0,54,eth:ethertype:ip:tcp,,,,,,,,,,,0.0,Normal,0.0
1744305814778760,10.42.0.1,10.42.0.2,1883,50074,1,45,0,1,0,0,0,0,0,0,0,0,0,0.0,0,,0,0,,0,0,0,0,0,0,0,0,0.0,0,0,0,0,0,64.0,64196.0,0,0,0,54,eth:ethertype:ip:tcp,,,,,,,,,,,0.0,Normal,0.0
1744305814779061,10.42.0.1,10.42.0.2,1883,50074,1,45,0,1,0,0,1,0,4,0,0,0,0,0.0,0,,0,2,,0,0,0,0,2,0,0,0,0.0,0x00,0,0,0,0,64.0,64196.0,0,0,0,58,eth:ethertype:ip:tcp:mqtt,,,,,,,,,,,0.0,Normal,0.0
1744305814832089,10.42.0.1,10.42.0.2,1883,50074,5,234,0,1,0,0,0,0,0,0,0,0,0,0.0,0,,0,0,,0,0,0,0,0,0,0,0,0.0,0,0,0,0,0,64.0,64007.0,0,0,0,54,eth:ethertype:ip:tcp,,,,,,,,,,,0.0,Normal,0.0
1744305814832128,10.42.0.1,10.42.0.2,1883,50074,5,234,0,1,1,0,0,0,0,0,0,0,0,0.0,0,,0,0,,0,0,0,0,0,0,0,0,0.0,0,0,0,0,0,64.0,64007.0,0,0,0,54,eth:ethertype:ip:tcp,,,,,,,,,,,0.0,Normal,0.0
1744305829840611,10.42.0.1,10.42.0.139,1883,50075,0,1,1,1,0,0,0,0,0,0,0,0,0,0.0,0,,0,0,,0,0,0,0,0,0,0,0,0.0,0,0,0,0,0,64.0,64240.0,0,0,0,58,eth:ethertype:ip:tcp,,,,,,,,,,,0.0,Normal,0.0
1744305829846584,10.42.0.1,10.42.0.139,1883,50075,1,4,0,1,0,0,0,0,0,0,0,0,0,0.0,0,,0,0,,0,0,0,0,0,0,0,0,0.0,0,0,0,0,0,64.0,64237.0,0,0,0,54,eth:ethertype:ip:tcp,,,,,,,,,,,0.0,Normal,0.0
1744305829850656,10.42.0.1,10.42.0.139,1883,50075,1,33,0,1,0,0,0,0,0,0,0,0,0,0.0,0,,0,0,,0,0,0,0,0,0,0,0,0.0,0,0,0,0,0,64.0,64208.0,0,0,0,54,eth:ethertype:ip:tcp,,,,,,,,,,,0.0,Normal,0.0
1744305829853823,10.42.0.1,10.42.0.139,1883,50075,1,45,0,1,0,0,0,0,0,0,0,0,0,0.0,0,,0,0,,0,0,0,0,0,0,0,0,0.0,0,0,0,0,0,64.0,64196.0,0,0,0,54,eth:ethertype:ip:tcp,,,,,,,,,,,0.0,Normal,0.0
1744305829854223,10.42.0.1,10.42.0.139,1883,50075,1,45,0,1,0,0,1,0,4,0,0,0,0,0.0,0,,0,2,,0,0,0,0,2,0,0,0,0.0,0x00,0,0,0,0,64.0,64196.0,0,0,0,58,eth:ethertype:ip:tcp:mqtt,,,,,,,,,,,0.0,Normal,0.0
1744305829900861,10.42.0.1,10.42.0.139,1883,50075,5,234,0,1,0,0,0,0,0,0,0,0,0,0.0,0,,0,0,,0,0,0,0,0,0,0,0,0.0,0,0,0,0,0,64.0,64007.0,0,0,0,54,eth:ethertype:ip:tcp,,,,,,,,,,,0.0,Normal,0.0
1744305829900922,10.42.0.1,10.42.0.139,1883,50075,5,234,0,1,1,0,0,0,0,0,0,0,0,0.0,0,,0,0,,0,0,0,0,0,0,0,0,0.0,0,0,0,0,0,64.0,64007.0,0,0,0,54,eth:ethertype:ip:tcp,,,,,,,,,,,0.0,Normal,0.0
1744305844840611,10.42.0.1,10.42.0.2,1883,50075,0,1,1,1,0,0,0,0,0,0,0,0,0,0.0,0,,0,0,,0,0,0,0,0,0,0,0,0.0,0,0,0,0,0,64.0,64240.0,0,0,0,58,eth:ethertype:ip:tcp,,,,,,,,,,,0.0,Normal,0.0
1744305844846584,10.42.0.1,10.42.0.2,1883,50075,1,4,0,1,0,0,0,0,0,0,0,0,0,0.0,0,,0,0,,0,0,0,0,0,0,0,0,0.0,0,0,0,0,0,64.0,64237.0,0,0,0,54,eth:ethertype:ip:tcp,,,,,,,,,,,0.0,Normal,0.0
1744305844850656,10.42.0.1,10.42.0.2,1883,50075,1,33,0,1,0,0,0,0,0,0,0,0,0,0.0,0,,0,0,,0,0,0,0,0,0,0,0,0.0,0,0,0,0,0,64.0,64208.0,0,0,0,54,eth:ethertype:ip:tcp,,,,,,,,,,,0.0,Normal,0.0
1744305844853823,10.42.0.1,10.42.0.2,1883,50075,1,45,0,1,0,0,0,0,0,0,0,0,0,0.0,0,,0,0,,0,0,0,0,0,0,0,0,0.0,0,0,0,0,0,64.0,64196.0,0,0,0,54,eth:ethertype:ip:tcp,,,,,,,,,,,0.0,Normal,0.0
1744305844854223,10.42.0.1,10.42.0.2,1883,50075,1,45,0,1,0,0,1,0,4,0,0,0,0,0.0,0,,0,2,,0,0,0,0,2,0,0,0,0.0,0x00,0,0,0,0,64.0,64196.0,0,0,0,58,eth:ethertype:ip:tcp:mqtt,,,,,,,,,,,0.0,Normal,0.0
1744305844900861,10.42.0.1,10.42.0.2,1883,50075,5,234,0,1,0,0,0,0,0,0,0,0,0,0.0,0,,0,0,,0,0,0,0,0,0,0,0,0.0,0,0,0,0,0,64.0,64007.0,0,0,0,54,eth:ethertype:ip:tcp,,,,,,,,,,,0.0,Normal,0.0
1744305844900922,10.42.0.1,10.42.0.2,1883,50075,5,234,0,1,1,0,0,0,0,0,0,0,0,0.0,0,,0,0,,0,0,0,0,0,0,0,0,0.0,0,0,0,0,0,64.0,64007.0,0,0,0,54,eth:ethertype:ip:tcp,,,,,,,,,,,0.0,Normal,0.0
1744305859909653,10.42.0.1,10.42.0.139,1883,50076,0,1,1,1,0,0,0,0,0,0,0,0,0,0.0,0,,0,0,,0,0,0,0,0,0,0,0,0.0,0,0,0,0,0,64.0,64240.0,0,0,0,58,eth:ethertype:ip:tcp,,,,,,,,,,,0.0,Normal,0.0
1744305859915698,10.42.0.1,10.42.0.139,1883,50076,1,4,0,1,0,0,0,0,0,0,0,0,0,0.0,0,,0,0,,0,0,0,0,0,0,0,0,0.0,0,0,0,0,0,64.0,64237.0,0,0,0,54,eth:ethertype:ip:tcp,,,,,,,,,,,0.0,Normal,0.0
1744305859919158,10.42.0.1,10.42.0.139,1883,50076,1,33,0,1,0,0,0,0,0,0,0,0,0,0.0,0,,0,0,,0,0,0,0,0,0,0,0,0.0,0,0,0,0,0,64.0,64208.0,0,0,0,54,eth:ethertype:ip:tcp,,,,,,,,,,,0.0,Normal,0.0
1744305859922237,10.42.0.1,10.42.0.139,1883,50076,1,45,0,1,0,0,0,0,0,0,0,0,0,0.0,0,,0,0,,0,0,0,0,0,0,0,0,0.0,0,0,0,0,0,64.0,64196.0,0,0,0,54,eth:ethertype:ip:tcp,,,,,,,,,,,0.0,Normal,0.0
1744305859922616,10.42.0.1,10.42.0.139,1883,50076,1,45,0,1,0,0,1,0,4,0,0,0,0,0.0,0,,0,2,,0,0,0,0,2,0,0,0,0.0,0x00,0,0,0,0,64.0,64196.0,0,0,0,58,eth:ethertype:ip:tcp:mqtt,,,,,,,,,,,0.0,Normal,0.0
1744305859970256,10.42.0.1,10.42.0.139,1883,50076,5,234,0,1,0,0,0,0,0,0,0,0,0,0.0,0,,0,0,,0,0,0,0,0,0,0,0,0.0,0,0,0,0,0,64.0,64007.0,0,0,0,54,eth:ethertype:ip:tcp,,,,,,,,,,,0.0,Normal,0.0
1744305859970292,10.42.0.1,10.42.0.139,1883,50076,5,234,0,1,1,0,0,0,0,0,0,0,0,0.0,0,,0,0,,0,0,0,0,0,0,0,0,0.0,0,0,0,0,0,64.0,64007.0,0,0,0,54,eth:ethertype:ip:tcp,,,,,,,,,,,0.0,Normal,0.0
1744305874909653,10.42.0.1,10.42.0.2,1883,50076,0,1,1,1,0,0,0,0,0,0,0,0,0,0.0,0,,0,0,,0,0,0,0,0,0,0,0,0.0,0,0,0,0,0,64.0,64240.0,0,0,0,58,eth:ethertype:ip:tcp,,,,,,,,,,,0.0,Normal,0.0
1744305874915698,10.42.0.1,10.42.0.2,1883,50076,1,4,0,1,0,0,0,0,0,0,0,0,0,0.0,0,,0,0,,0,0,0,0,0,0,0,0,0.0,0,0,0,0,0,64.0,64237.0,0,0,0,54,eth:ethertype:ip:tcp,,,,,,,,,,,0.0,Normal,0.0
1744305874919158,10.42.0.1,10.42.0.2,1883,50076,1,33,0,1,0,0,0,0,0,0,0,0,0,0.0,0,,0,0,,0,0,0,0,0,0,0,0,0.0,0,0,0,0,0,64.0,64208.0,0,0,0,54,eth:ethertype:ip:tcp,,,,,,,,,,,0.0,Normal,0.0
1744305874922237,10.42.0.1,10.42.0.2,1883,50076,1,45,0,1,0,0,0,0,0,0,0,0,0,0.0,0,,0,0,,0,0,0,0,0,0,0,0,0.0,0,0,0,0,0,64.0,64196.0,0,0,0,54,eth:ethertype:ip:tcp,,,,,,,,,,,0.0,Normal,0.0
1744305874922616,10.42.0.1,10.42.0.2,1883,50076,1,45,0,1,0,0,1,0,4,0,0,0,0,0.0,0,,0,2,,0,0,0,0,2,0,0,0,0.0,0x00,0,0,0,0,64.0,64196.0,0,0,0,58,eth:ethertype:ip:tcp:mqtt,,,,,,,,,,,0.0,Normal,0.0
1744305874970256,10.42.0.1,10.42.0.2,1883,50076,5,234,0,1,0,0,0,0,0,0,0,0,0,0.0,0,,0,0,,0,0,0,0,0,0,0,0,0.0,0,0,0,0,0,64.0,64007.0,0,0,0,54,eth:ethertype:ip:tcp,,,,,,,,,,,0.0,Normal,0.0
1744305874970292,10.42.0.1,10.42.0.2,1883,50076,5,234,0,1,1,0,0,0,0,0,0,0,0,0.0,0,,0,0,,0,0,0,0,0,0,0,0,0.0,0,0,0,0,0,64.0,64007.0,0,0,0,54,eth:ethertype:ip:tcp,,,,,,,,,,,0.0,Normal,0.0
1744305889978263,10.42.0.1,10.42.0.139,1883,50077,0,1,1,1,0,0,0,0,0,0,0,0,0,0.0,0,,0,0,,0,0,0,0,0,0,0,0,0.0,0,0,0,0,0,64.0,64240.0,0,0,0,58,eth:ethertype:ip:tcp,,,,,,,,,,,0.0,Normal,0.0
1744305889985653,10.42.0.1,10.42.0.139,1883,50077,1,4,0,1,0,0,0,0,0,0,0,0,0,0.0,0,,0,0,,0,0,0,0,0,0,0,0,0.0,0,0,0,0,0,64.0,64237.0,0,0,0,54,eth:ethertype:ip:tcp,,,,,,,,,,,0.0,Normal,0.0
1744305889989284,10.42.0.1,10.42.0.139,1883,50077,1,35,0,1,0,0,0,0,0,0,0,0,0,0.0,0,,0,0,,0,0,0,0,0,0,0,0,0.0,0,0,0,0,0,64.0,64206.0,0,0,0,54,eth:ethertype:ip:tcp,,,,,,,,,,,0.0,Normal,0.0
1744305889993946,10.42.0.1,10.42.0.139,1883,50077,1,45,0,1,0,0,0,0,0,0,0,0,0,0.0,0,,0,0,,0,0,0,0,0,0,0,0,0.0,0,0,0,0,0,64.0,64196.0,0,0,0,54,eth:ethertype:ip:tcp,,,,,,,,,,,0.0,Normal,0.0
1744305889994213,10.42.0.1,10.42.0.139,1883,50077,1,45,0,1,0,0,1,0,4,0,0,0,0,0.0,0,,0,2,,0,0,0,0,2,0,0,0,0.0,0x00,0,0,0,0,64.0,64196.0,0,0,0,58,eth:ethertype:ip:tcp:mqtt,,,,,,,,,,,0.0,Normal,0.0
1744305890039485,10.42.0.1,10.42.0.139,1883,50077,5,234,0,1,0,0,0,0,0,0,0,0,0,0.0,0,,0,0,,0,0,0,0,0,0,0,0,0.0,0,0,0,0,0,64.0,64007.0,0,0,0,54,eth:ethertype:ip:tcp,,,,,,,,,,,0.0,Normal,0.0
1744305890039520,10.42.0.1,10.42.0.139,1883,50077,5,234,0,1,1,0,0,0,0,0,0,0,0,0.0,0,,0,0,,0,0,0,0,0,0,0,0,0.0,0,0,0,0,0,64.0,64007.0,0,0,0,54,eth:ethertype:ip:tcp,,,,,,,,,,,0.0,Normal,0.0
1744305904978263,10.42.0.1,10.42.0.2,1883,50077,0,1,1,1,0,0,0,0,0,0,0,0,0,0.0,0,,0,0,,0,0,0,0,0,0,0,0,0.0,0,0,0,0,0,64.0,64240.0,0,0,0,58,eth:ethertype:ip:tcp,,,,,,,,,,,0.0,Normal,0.0
1744305904985653,10.42.0.1,10.42.0.2,1883,50077,1,4,0,1,0,0,0,0,0,0,0,0,0,0.0,0,,0,0,,0,0,0,0,0,0,0,0,0.0,0,0,0,0,0,64.0,64237.0,0,0,0,54,eth:ethertype:ip:tcp,,,,,,,,,,,0.0,Normal,0.0
1744305904989284,10.42.0.1,10.42.0.2,1883,50077,1,35,0,1,0,0,0,0,0,0,0,0,0,0.0,0,,0,0,,0,0,0,0,0,0,0,0,0.0,0,0,0,0,0,64.0,64206.0,0,0,0,54,eth:ethertype:ip:tcp,,,,,,,,,,,0.0,Normal,0.0
1744305904993946,10.42.0.1,10.42.0.2,1883,50077,1,45,0,1,0,0,0,0,0,0,0,0,0,0.0,0,,0,0,,0,0,0,0,0,0,0,0,0.0,0,0,0,0,0,64.0,64196.0,0,0,0,54,eth:ethertype:ip:tcp,,,,,,,,,,,0.0,Normal,0.0
1744305904994213,10.42.0.1,10.42.0.2,1883,50077,1,45,0,1,0,0,1,0,4,0,0,0,0,0.0,0,,0,2,,0,0,0,0,2,0,0,0,0.0,0x00,0,0,0,0,64.0,64196.0,0,0,0,58,eth:ethertype:ip:tcp:mqtt,,,,,,,,,,,0.0,Normal,0.0
1744305905039485,10.42.0.1,10.42.0.2,1883,50077,5,234,0,1,0,0,0,0,0,0,0,0,0,0.0,0,,0,0,,0,0,0,0,0,0,0,0,0.0,0,0,0,0,0,64.0,64007.0,0,0,0,54,eth:ethertype:ip:tcp,,,,,,,,,,,0.0,Normal,0.0
1744305905039520,10.42.0.1,10.42.0.2,1883,50077,5,234,0,1,1,0,0,0,0,0,0,0,0,0.0,0,,0,0,,0,0,0,0,0,0,0,0,0.0,0,0,0,0,0,64.0,64007.0,0,0,0,54,eth:ethertype:ip:tcp,,,,,,,,,,,0.0,Normal,0.0
1744305920048184,10.42.0.1,10.42.0.139,1883,50078,0,1,1,1,0,0,0,0,0,0,0,0,0,0.0,0,,0,0,,0,0,0,0,0,0,0,0,0.0,0,0,0,0,0,64.0,64240.0,0,0,0,58,eth:ethertype:ip:tcp,,,,,,,,,,,0.0,Normal,0.0
1744305920054054,10.42.0.1,10.42.0.139,1883,50078,1,4,0,1,0,0,0,0,0,0,0,0,0,0.0,0,,0,0,,0,0,0,0,0,0,0,0,0.0,0,0,0,0,0,64.0,64237.0,0,0,0,54,eth:ethertype:ip:tcp,,,,,,,,,,,0.0,Normal,0.0
1744305920057596,10.42.0.1,10.42.0.139,1883,50078,1,33,0,1,0,0,0,0,0,0,0,0,0,0.0,0,,0,0,,0,0,0,0,0,0,0,0,0.0,0,0,0,0,0,64.0,64208.0,0,0,0,54,eth:ethertype:ip:tcp,,,,,,,,,,,0.0,Normal,0.0
1744305920060585,10.42.0.1,10.42.0.139,1883,50078,1,45,0,1,0,0,0,0,0,0,0,0,0,0.0,0,,0,0,,0,0,0,0,0,0,0,0,0.0,0,0,0,0,0,64.0,64196.0,0,0,0,54,eth:ethertype:ip:tcp,,,,,,,,,,,0.0,Normal,0.0
1744305920060956,10.42.0.1,10.42.0.139,1883,50078,1,45,0,1,0,0,1,0,4,0,0,0,0,0.0,0,,0,2,,0,0,0,0,2,0,0,0,0.0,0x00,0,0,0,0,64.0,64196.0,0,0,0,58,eth:ethertype:ip:tcp:mqtt,,,,,,,,,,,0.0,Normal,0.0
1744305920108926,10.42.0.1,10.42.0.139,1883,50078,5,234,0,1,0,0,0,0,0,0,0,0,0,0.0,0,,0,0,,0,0,0,0,0,0,0,0,0.0,0,0,0,0,0,64.0,64007.0,0,0,0,54,eth:ethertype:ip:tcp,,,,,,,,,,,0.0,Normal,0.0
1744305920108972,10.42.0.1,10.42.0.139,1883,50078,5,234,0,1,1,0,0,0,0,0,0,0,0,0.0,0,,0,0,,0,0,0,0,0,0,0,0,0.0,0,0,0,0,0,64.0,64007.0,0,0,0,54,eth:ethertype:ip:tcp,,,,,,,,,,,0.0,Normal,0.0
1744305935048184,10.42.0.1,10.42.0.2,1883,50078,0,1,1,1,0,0,0,0,0,0,0,0,0,0.0,0,,0,0,,0,0,0,0,0,0,0,0,0.0,0,0,0,0,0,64.0,64240.0,0,0,0,58,eth:ethertype:ip:tcp,,,,,,,,,,,0.0,Normal,0.0
1744305935054054,10.42.0.1,10.42.0.2,1883,50078,1,4,0,1,0,0,0,0,0,0,0,0,0,0.0,0,,0,0,,0,0,0,0,0,0,0,0,0.0,0,0,0,0,0,64.0,64237.0,0,0,0,54,eth:ethertype:ip:tcp,,,,,,,,,,,0.0,Normal,0.0
1744305935057596,10.42.0.1,10.42.0.2,1883,50078,1,33,0,1,0,0,0,0,0,0,0,0,0,0.0,0,,0,0,,0,0,0,0,0,0,0,0,0.0,0,0,0,0,0,64.0,64208.0,0,0,0,54,eth:ethertype:ip:tcp,,,,,,,,,,,0.0,Normal,0.0
1744305935060585,10.42.0.1,10.42.0.2,1883,50078,1,45,0,1,0,0,0,0,0,0,0,0,0,0.0,0,,0,0,,0,0,0,0,0,0,0,0,0.0,0,0,0,0,0,64.0,64196.0,0,0,0,54,eth:ethertype:ip:tcp,,,,,,,,,,,0.0,Normal,0.0
1744305935060956,10.42.0.1,10.42.0.2,1883,50078,1,45,0,1,0,0,1,0,4,0,0,0,0,0.0,0,,0,2,,0,0,0,0,2,0,0,0,0.0,0x00,0,0,0,0,64.0,64196.0,0,0,0,58,eth:ethertype:ip:tcp:mqtt,,,,,,,,,,,0.0,Normal,0.0
1744305935108926,10.42.0.1,10.42.0.2,1883,50078,5,234,0,1,0,0,0,0,0,0,0,0,0,0.0,0,,0,0,,0,0,0,0,0,0,0,0,0.0,0,0,0,0,0,64.0,64007.0,0,0,0,54,eth:ethertype:ip:tcp,,,,,,,,,,,0.0,Normal,0.0
1744305935108972,10.42.0.1,10.42.0.2,1883,50078,5,234,0,1,1,0,0,0,0,0,0,0,0,0.0,0,,0,0,,0,0,0,0,0,0,0,0,0.0,0,0,0,0,0,64.0,64007.0,0,0,0,54,eth:ethertype:ip:tcp,,,,,,,,,,,0.0,Normal,0.0
1744305950119143,10.42.0.1,10.42.0.139,1883,50079,0,1,1,1,0,0,0,0,0,0,0,0,0,0.0,0,,0,0,,0,0,0,0,0,0,0,0,0.0,0,0,0,0,0,64.0,64240.0,0,0,0,58,eth:ethertype:ip:tcp,,,,,,,,,,,0.0,Normal,0.0
1744305950125176,10.42.0.1,10.42.0.139,1883,50079,1,4,0,1,0,0,0,0,0,0,0,0,0,0.0,0,,0,0,,0,0,0,0,0,0,0,0,0.0,0,0,0,0,0,64.0,64237.0,0,0,0,54,eth:ethertype:ip:tcp,,,,,,,,,,,0.0,Normal,0.0
1744305950128534,10.42.0.1,10.42.0.139,1883,50079,1,33,0,1,0,0,0,0,0,0,0,0,0,0.0,0,,0,0,,0,0,0,0,0,0,0,0,0.0,0,0,0,0,0,64.0,64208.0,0,0,0,54,eth:ethertype:ip:tcp,,,,,,,,,,,0.0,Normal,0.0
1744305950131658,10.42.0.1,10.42.0.139,1883,50079,1,45,0,1,0,0,0,0,0,0,0,0,0,0.0,0,,0,0,,0,0,0,0,0,0,0,0,0.0,0,0,0,0,0,64.0,64196.0,0,0,0,54,eth:ethertype:ip:tcp,,,,,,,,,,,0.0,Normal,0.0
1744305950131988,10.42.0.1,10.42.0.139,1883,50079,1,45,0,1,0,0,1,0,4,0,0,0,0,0.0,0,,0,2,,0,0,0,0,2,0,0,0,0.0,0x00,0,0,0,0,64.0,64196.0,0,0,0,58,eth:ethertype:ip:tcp:mqtt,,,,,,,,,,,0.0,Normal,0.0
1744305950178662,10.42.0.1,10.42.0.139,1883,50079,5,234,0,1,0,0,0,0,0,0,0,0,0,0.0,0,,0,0,,0,0,0,0,0,0,0,0,0.0,0,0,0,0,0,64.0,64007.0,0,0,0,54,eth:ethertype:ip:tcp,,,,,,,,,,,0.0,Normal,0.0
1744305950178763,10.42.0.1,10.42.0.139,1883,50079,5,234,0,1,1,0,0,0,0,0,0,0,0,0.0,0,,0,0,,0,0,0,0,0,0,0,0,0.0,0,0,0,0,0,64.0,64007.0,0,0,0,54,eth:ethertype:ip:tcp,,,,,,,,,,,0.0,Normal,0.0
1744305965119143,10.42.0.1,10.42.0.2,1883,50079,0,1,1,1,0,0,0,0,0,0,0,0,0,0.0,0,,0,0,,0,0,0,0,0,0,0,0,0.0,0,0,0,0,0,64.0,64240.0,0,0,0,58,eth:ethertype:ip:tcp,,,,,,,,,,,0.0,Normal,0.0
1744305965125176,10.42.0.1,10.42.0.2,1883,50079,1,4,0,1,0,0,0,0,0,0,0,0,0,0.0,0,,0,0,,0,0,0,0,0,0,0,0,0.0,0,0,0,0,0,64.0,64237.0,0,0,0,54,eth:ethertype:ip:tcp,,,,,,,,,,,0.0,Normal,0.0
1744305965128534,10.42.0.1,10.42.0.2,1883,50079,1,33,0,1,0,0,0,0,0,0,0,0,0,0.0,0,,0,0,,0,0,0,0,0,0,0,0,0.0,0,0,0,0,0,64.0,64208.0,0,0,0,54,eth:ethertype:ip:tcp,,,,,,,,,,,0.0,Normal,0.0
1744305965131658,10.42.0.1,10.42.0.2,1883,50079,1,45,0,1,0,0,0,0,0,0,0,0,0,0.0,0,,0,0,,0,0,0,0,0,0,0,0,0.0,0,0,0,0,0,64.0,64196.0,0,0,0,54,eth:ethertype:ip:tcp,,,,,,,,,,,0.0,Normal,0.0
1744305965131988,10.42.0.1,10.42.0.2,1883,50079,1,45,0,1,0,0,1,0,4,0,0,0,0,0.0,0,,0,2,,0,0,0,0,2,0,0,0,0.0,0x00,0,0,0,0,64.0,64196.0,0,0,0,58,eth:ethertype:ip:tcp:mqtt,,,,,,,,,,,0.0,Normal,0.0
1744305965178662,10.42.0.1,10.42.0.2,1883,50079,5,234,0,1,0,0,0,0,0,0,0,0,0,0.0,0,,0,0,,0,0,0,0,0,0,0,0,0.0,0,0,0,0,0,64.0,64007.0,0,0,0,54,eth:ethertype:ip:tcp,,,,,,,,,,,0.0,Normal,0.0
1744305965178763,10.42.0.1,10.42.0.2,1883,50079,5,234,0,1,1,0,0,0,0,0,0,0,0,0.0,0,,0,0,,0,0,0,0,0,0,0,0,0.0,0,0,0,0,0,64.0,64007.0,0,0,0,54,eth:ethertype:ip:tcp,,,,,,,,,,,0.0,Normal,0.0
1744305980187365,10.42.0.1,10.42.0.139,1883,50080,0,1,1,1,0,0,0,0,0,0,0,0,0,0.0,0,,0,0,,0,0,0,0,0,0,0,0,0.0,0,0,0,0,0,64.0,64240.0,0,0,0,58,eth:ethertype:ip:tcp,,,,,,,,,,,0.0,Normal,0.0
1744305980193432,10.42.0.1,10.42.0.139,1883,50080,1,4,0,1,0,0,0,0,0,0,0,0,0,0.0,0,,0,0,,0,0,0,0,0,0,0,0,0.0,0,0,0,0,0,64.0,64237.0,0,0,0,54,eth:ethertype:ip:tcp,,,,,,,,,,,0.0,Normal,0.0
1744305980216533,10.42.0.1,10.42.0.139,1883,50080,1,45,0,1,0,0,0,0,0,0,0,0,0,0.0,0,,0,0,,0,0,0,0,0,0,0,0,0.0,0,0,0,0,0,64.0,64196.0,0,0,0,54,eth:ethertype:ip:tcp,,,,,,,,,,,0.0,Normal,0.0
1744305980216947,10.42.0.1,10.42.0.139,1883,50080,1,45,0,1,0,0,1,0,4,0,0,0,0,0.0,0,,0,2,,0,0,0,0,2,0,0,0,0.0,0x00,0,0,0,0,64.0,64196.0,0,0,0,58,eth:ethertype:ip:tcp:mqtt,,,,,,,,,,,0.0,Normal,0.0
1744305980267803,10.42.0.1,10.42.0.139,1883,50080,5,234,0,1,0,0,0,0,0,0,0,0,0,0.0,0,,0,0,,0,0,0,0,0,0,0,0,0.0,0,0,0,0,0,64.0,64007.0,0,0,0,54,eth:ethertype:ip:tcp,,,,,,,,,,,0.0,Normal,0.0
1744305980267907,10.42.0.1,10.42.0.139,1883,50080,5,234,0,1,1,0,0,0,0,0,0,0,0,0.0,0,,0,0,,0,0,0,0,0,0,0,0,0.0,0,0,0,0,0,64.0,64007.0,0,0,0,54,eth:ethertype:ip:tcp,,,,,,,,,,,0.0,Normal,0.0
1744305995187365,10.42.0.1,10.42.0.2,1883,50080,0,1,1,1,0,0,0,0,0,0,0,0,0,0.0,0,,0,0,,0,0,0,0,0,0,0,0,0.0,0,0,0,0,0,64.0,64240.0,0,0,0,58,eth:ethertype:ip:tcp,,,,,,,,,,,0.0,Normal,0.0
1744305995193432,10.42.0.1,10.42.0.2,1883,50080,1,4,0,1,0,0,0,0,0,0,0,0,0,0.0,0,,0,0,,0,0,0,0,0,0,0,0,0.0,0,0,0,0,0,64.0,64237.0,0,0,0,54,eth:ethertype:ip:tcp,,,,,,,,,,,0.0,Normal,0.0
1744305995216533,10.42.0.1,10.42.0.2,1883,50080,1,45,0,1,0,0,0,0,0,0,0,0,0,0.0,0,,0,0,,0,0,0,0,0,0,0,0,0.0,0,0,0,0,0,64.0,64196.0,0,0,0,54,eth:ethertype:ip:tcp,,,,,,,,,,,0.0,Normal,0.0
1744305995216947,10.42.0.1,10.42.0.2,1883,50080,1,45,0,1,0,0,1,0,4,0,0,0,0,0.0,0,,0,2,,0,0,0,0,2,0,0,0,0.0,0x00,0,0,0,0,64.0,64196.0,0,0,0,58,eth:ethertype:ip:tcp:mqtt,,,,,,,,,,,0.0,Normal,0.0
1744305995267803,10.42.0.1,10.42.0.2,1883,50080,5,234,0,1,0,0,0,0,0,0,0,0,0,0.0,0,,0,0,,0,0,0,0,0,0,0,0,0.0,0,0,0,0,0,64.0,64007.0,0,0,0,54,eth:ethertype:ip:tcp,,,,,,,,,,,0.0,Normal,0.0
1744305995267907,10.42.0.1,10.42.0.2,1883,50080,5,234,0,1,1,0,0,0,0,0,0,0,0,0.0,0,,0,0,,0,0,0,0,0,0,0,0,0.0,0,0,0,0,0,64.0,64007.0,0,0,0,54,eth:ethertype:ip:tcp,,,,,,,,,,,0.0,Normal,0.0
1744306010276530,10.42.0.1,10.42.0.139,1883,50081,0,1,1,1,0,0,0,0,0,0,0,0,0,0.0,0,,0,0,,0,0,0,0,0,0,0,0,0.0,0,0,0,0,0,64.0,64240.0,0,0,0,58,eth:ethertype:ip:tcp,,,,,,,,,,,0.0,Normal,0.0
1744306010286962,10.42.0.1,10.42.0.139,1883,50081,1,4,0,1,0,0,0,0,0,0,0,0,0,0.0,0,,0,0,,0,0,0,0,0,0,0,0,0.0,0,0,0,0,0,64.0,64237.0,0,0,0,54,eth:ethertype:ip:tcp,,,,,,,,,,,0.0,Normal,0.0
1744306010289705,10.42.0.1,10.42.0.139,1883,50081,1,45,0,1,0,0,0,0,0,0,0,0,0,0.0,0,,0,0,,0,0,0,0,0,0,0,0,0.0,0,0,0,0,0,64.0,64196.0,0,0,0,54,eth:ethertype:ip:tcp,,,,,,,,,,,0.0,Normal,0.0
1744306010290041,10.42.0.1,10.42.0.139,1883,50081,1,45,0,1,0,0,1,0,4,0,0,0,0,0.0,0,,0,2,,0,0,0,0,2,0,0,0,0.0,0x00,0,0,0,0,64.0,64196.0,0,0,0,58,eth:ethertype:ip:tcp:mqtt,,,,,,,,,,,0.0,Normal,0.0
1744306010337519,10.42.0.1,10.42.0.139,1883,50081,5,234,0,1,0,0,0,0,0,0,0,0,0,0.0,0,,0,0,,0,0,0,0,0,0,0,0,0.0,0,0,0,0,0,64.0,64007.0,0,0,0,54,eth:ethertype:ip:tcp,,,,,,,,,,,0.0,Normal,0.0
1744306010337603,10.42.0.1,10.42.0.139,1883,50081,5,234,0,1,1,0,0,0,0,0,0,0,0,0.0,0,,0,0,,0,0,0,0,0,0,0,0,0.0,0,0,0,0,0,64.0,64007.0,0,0,0,54,eth:ethertype:ip:tcp,,,,,,,,,,,0.0,Normal,0.0
1744306025276530,10.42.0.1,10.42.0.2,1883,50081,0,1,1,1,0,0,0,0,0,0,0,0,0,0.0,0,,0,0,,0,0,0,0,0,0,0,0,0.0,0,0,0,0,0,64.0,64240.0,0,0,0,58,eth:ethertype:ip:tcp,,,,,,,,,,,0.0,Normal,0.0
1744306025286962,10.42.0.1,10.42.0.2,1883,50081,1,4,0,1,0,0,0,0,0,0,0,0,0,0.0,0,,0,0,,0,0,0,0,0,0,0,0,0.0,0,0,0,0,0,64.0,64237.0,0,0,0,54,eth:ethertype:ip:tcp,,,,,,,,,,,0.0,Normal,0.0
1744306025289705,10.42.0.1,10.42.0.2,1883,50081,1,45,0,1,0,0,0,0,0,0,0,0,0,0.0,0,,0,0,,0,0,0,0,0,0,0,0,0.0,0,0,0,0,0,64.0,64196.0,0,0,0,54,eth:ethertype:ip:tcp,,,,,,,,,,,0.0,Normal,0.0
1744306025290041,10.42.0.1,10.42.0.2,1883,50081,1,45,0,1,0,0,1,0,4,0,0,0,0,0.0,0,,0,2,,0,0,0,0,2,0,0,0,0.0,0x00,0,0,0,0,64.0,64196.0,0,0,0,58,eth:ethertype:ip:tcp:mqtt,,,,,,,,,,,0.0,Normal,0.0
1744306025337519,10.42.0.1,10.42.0.2,1883,50081,5,234,0,1,0,0,0,0,0,0,0,0,0,0.0,0,,0,0,,0,0,0,0,0,0,0,0,0.0,0,0,0,0,0,64.0,64007.0,0,0,0,54,eth:ethertype:ip:tcp,,,,,,,,,,,0.0,Normal,0.0
1744306025337603,10.42.0.1,10.42.0.2,1883,50081,5,234,0,1,1,0,0,0,0,0,0,0,0,0.0,0,,0,0,,0,0,0,0,0,0,0,0,0.0,0,0,0,0,0,64.0,64007.0,0,0,0,54,eth:ethertype:ip:tcp,,,,,,,,,,,0.0,Normal,0.0
1744306040354177,10.42.0.1,10.42.0.139,1883,50082,0,1,1,1,0,0,0,0,0,0,0,0,0,0.0,0,,0,0,,0,0,0,0,0,0,0,0,0.0,0,0,0,0,0,64.0,64240.0,0,0,0,58,eth:ethertype:ip:tcp,,,,,,,,,,,0.0,Normal,0.0
1744306040360238,10.42.0.1,10.42.0.139,1883,50082,1,4,0,1,0,0,0,0,0,0,0,0,0,0.0,0,,0,0,,0,0,0,0,0,0,0,0,0.0,0,0,0,0,0,64.0,64237.0,0,0,0,54,eth:ethertype:ip:tcp,,,,,,,,,,,0.0,Normal,0.0
1744306040363688,10.42.0.1,10.42.0.139,1883,50082,1,33,0,1,0,0,0,0,0,0,0,0,0,0.0,0,,0,0,,0,0,0,0,0,0,0,0,0.0,0,0,0,0,0,64.0,64208.0,0,0,0,54,eth:ethertype:ip:tcp,,,,,,,,,,,0.0,Normal,0.0
1744306040366726,10.42.0.1,10.42.0.139,1883,50082,1,45,0,1,0,0,0,0,0,0,0,0,0,0.0,0,,0,0,,0,0,0,0,0,0,0,0,0.0,0,0,0,0,0,64.0,64196.0,0,0,0,54,eth:ethertype:ip:tcp,,,,,,,,,,,0.0,Normal,0.0
1744306040367038,10.42.0.1,10.42.0.139,1883,50082,1,45,0,1,0,0,1,0,4,0,0,0,0,0.0,0,,0,2,,0,0,0,0,2,0,0,0,0.0,0x00,0,0,0,0,64.0,64196.0,0,0,0,58,eth:ethertype:ip:tcp:mqtt,,,,,,,,,,,0.0,Normal,0.0
1744306040416974,10.42.0.1,10.42.0.139,1883,50082,5,234,0,1,0,0,0,0,0,0,0,0,0,0.0,0,,0,0,,0,0,0,0,0,0,0,0,0.0,0,0,0,0,0,64.0,64007.0,0,0,0,54,eth:ethertype:ip:tcp,,,,,,,,,,,0.0,Normal,0.0
1744306040417013,10.42.0.1,10.42.0.139,1883,50082,5,234,0,1,1,0,0,0,0,0,0,0,0,0.0,0,,0,0,,0,0,0,0,0,0,0,0,0.0,0,0,0,0,0,64.0,64007.0,0,0,0,54,eth:ethertype:ip:tcp,,,,,,,,,,,0.0,Normal,0.0
1744306055354177,10.42.0.1,10.42.0.2,1883,50082,0,1,1,1,0,0,0,0,0,0,0,0,0,0.0,0,,0,0,,0,0,0,0,0,0,0,0,0.0,0,0,0,0,0,64.0,64240.0,0,0,0,58,eth:ethertype:ip:tcp,,,,,,,,,,,0.0,Normal,0.0
1744306055360238,10.42.0.1,10.42.0.2,1883,50082,1,4,0,1,0,0,0,0,0,0,0,0,0,0.0,0,,0,0,,0,0,0,0,0,0,0,0,0.0,0,0,0,0,0,64.0,64237.0,0,0,0,54,eth:ethertype:ip:tcp,,,,,,,,,,,0.0,Normal,0.0
1744306055363688,10.42.0.1,10.42.0.2,1883,50082,1,33,0,1,0,0,0,0,0,0,0,0,0,0.0,0,,0,0,,0,0,0,0,0,0,0,0,0.0,0,0,0,0,0,64.0,64208.0,0,0,0,54,eth:ethertype:ip:tcp,,,,,,,,,,,0.0,Normal,0.0
1744306055366726,10.42.0.1,10.42.0.2,1883,50082,1,45,0,1,0,0,0,0,0,0,0,0,0,0.0,0,,0,0,,0,0,0,0,0,0,0,0,0.0,0,0,0,0,0,64.0,64196.0,0,0,0,54,eth:ethertype:ip:tcp,,,,,,,,,,,0.0,Normal,0.0
1744306055367038,10.42.0.1,10.42.0.2,1883,50082,1,45,0,1,0,0,1,0,4,0,0,0,0,0.0,0,,0,2,,0,0,0,0,2,0,0,0,0.0,0x00,0,0,0,0,64.0,64196.0,0,0,0,58,eth:ethertype:ip:tcp:mqtt,,,,,,,,,,,0.0,Normal,0.0
1744306055416974,10.42.0.1,10.42.0.2,1883,50082,5,234,0,1,0,0,0,0,0,0,0,0,0,0.0,0,,0,0,,0,0,0,0,0,0,0,0,0.0,0,0,0,0,0,64.0,64007.0,0,0,0,54,eth:ethertype:ip:tcp,,,,,,,,,,,0.0,Normal,0.0
1744306055417013,10.42.0.1,10.42.0.2,1883,50082,5,234,0,1,1,0,0,0,0,0,0,0,0,0.0,0,,0,0,,0,0,0,0,0,0,0,0,0.0,0,0,0,0,0,64.0,64007.0,0,0,0,54,eth:ethertype:ip:tcp,,,,,,,,,,,0.0,Normal,0.0
1744306070425332,10.42.0.1,10.42.0.139,1883,50083,0,1,1,1,0,0,0,0,0,0,0,0,0,0.0,0,,0,0,,0,0,0,0,0,0,0,0,0.0,0,0,0,0,0,64.0,64240.0,0,0,0,58,eth:ethertype:ip:tcp,,,,,,,,,,,0.0,Normal,0.0
1744306070432391,10.42.0.1,10.42.0.139,1883,50083,1,4,0,1,0,0,0,0,0,0,0,0,0,0.0,0,,0,0,,0,0,0,0,0,0,0,0,0.0,0,0,0,0,0,64.0,64237.0,0,0,0,54,eth:ethertype:ip:tcp,,,,,,,,,,,0.0,Normal,0.0
1744306070435510,10.42.0.1,10.42.0.139,1883,50083,1,45,0,1,0,0,0,0,0,0,0,0,0,0.0,0,,0,0,,0,0,0,0,0,0,0,0,0.0,0,0,0,0,0,64.0,64196.0,0,0,0,54,eth:ethertype:ip:tcp,,,,,,,,,,,0.0,Normal,0.0
1744306070435827,10.42.0.1,10.42.0.139,1883,50083,1,45,0,1,0,0,1,0,4,0,0,0,0,0.0,0,,0,2,,0,0,0,0,2,0,0,0,0.0,0x00,0,0,0,0,64.0,64196.0,0,0,0,58,eth:ethertype:ip:tcp:mqtt,,,,,,,,,,,0.0,Normal,0.0
1744306070485562,10.42.0.1,10.42.0.139,1883,50083,5,234,0,1,0,0,0,0,0,0,0,0,0,0.0,0,,0,0,,0,0,0,0,0,0,0,0,0.0,0,0,0,0,0,64.0,64007.0,0,0,0,54,eth:ethertype:ip:tcp,,,,,,,,,,,0.0,Normal,0.0
1744306070485637,10.42.0.1,10.42.0.139,1883,50083,5,234,0,1,1,0,0,0,0,0,0,0,0,0.0,0,,0,0,,0,0,0,0,0,0,0,0,0.0,0,0,0,0,0,64.0,64007.0,0,0,0,54,eth:ethertype:ip:tcp,,,,,,,,,,,0.0,Normal,0.0
1744306085425332,10.42.0.1,10.42.0.2,1883,50083,0,1,1,1,0,0,0,0,0,0,0,0,0,0.0,0,,0,0,,0,0,0,0,0,0,0,0,0.0,0,0,0,0,0,64.0,64240.0,0,0,0,58,eth:ethertype:ip:tcp,,,,,,,,,,,0.0,Normal,0.0
1744306085432391,10.42.0.1,10.42.0.2,1883,50083,1,4,0,1,0,0,0,0,0,0,0,0,0,0.0,0,,0,0,,0,0,0,0,0,0,0,0,0.0,0,0,0,0,0,64.0,64237.0,0,0,0,54,eth:ethertype:ip:tcp,,,,,,,,,,,0.0,Normal,0.0
1744306085435510,10.42.0.1,10.42.0.2,1883,50083,1,45,0,1,0,0,0,0,0,0,0,0,0,0.0,0,,0,0,,0,0,0,0,0,0,0,0,0.0,0,0,0,0,0,64.0,64196.0,0,0,0,54,eth:ethertype:ip:tcp,,,,,,,,,,,0.0,Normal,0.0
1744306085435827,10.42.0.1,10.42.0.2,1883,50083,1,45,0,1,0,0,1,0,4,0,0,0,0,0.0,0,,0,2,,0,0,0,0,2,0,0,0,0.0,0x00,0,0,0,0,64.0,64196.0,0,0,0,58,eth:ethertype:ip:tcp:mqtt,,,,,,,,,,,0.0,Normal,0.0
1744306085485562,10.42.0.1,10.42.0.2,1883,50083,5,234,0,1,0,0,0,0,0,0,0,0,0,0.0,0,,0,0,,0,0,0,0,0,0,0,0,0.0,0,0,0,0,0,64.0,64007.0,0,0,0,54,eth:ethertype:ip:tcp,,,,,,,,,,,0.0,Normal,0.0
1744306085485637,10.42.0.1,10.42.0.2,1883,50083,5,234,0,1,1,0,0,0,0,0,0,0,0,0.0,0,,0,0,,0,0,0,0,0,0,0,0,0.0,0,0,0,0,0,64.0,64007.0,0,0,0,54,eth:ethertype:ip:tcp,,,,,,,,,,,0.0,Normal,0.0
1744306100493679,10.42.0.1,10.42.0.139,1883,50084,0,1,1,1,0,0,0,0,0,0,0,0,0,0.0,0,,0,0,,0,0,0,0,0,0,0,0,0.0,0,0,0,0,0,64.0,64240.0,0,0,0,58,eth:ethertype:ip:tcp,,,,,,,,,,,0.0,Normal,0.0
1744306100499585,10.42.0.1,10.42.0.139,1883,50084,1,4,0,1,0,0,0,0,0,0,0,0,0,0.0,0,,0,0,,0,0,0,0,0,0,0,0,0.0,0,0,0,0,0,64.0,64237.0,0,0,0,54,eth:ethertype:ip:tcp,,,,,,,,,,,0.0,Normal,0.0
1744306100503127,10.42.0.1,10.42.0.139,1883,50084,1,33,0,1,0,0,0,0,0,0,0,0,0,0.0,0,,0,0,,0,0,0,0,0,0,0,0,0.0,0,0,0,0,0,64.0,64208.0,0,0,0,54,eth:ethertype:ip:tcp,,,,,,,,,,,0.0,Normal,0.0
1744306100507251,10.42.0.1,10.42.0.139,1883,50084,1,45,0,1,0,0,0,0,0,0,0,0,0,0.0,0,,0,0,,0,0,0,0,0,0,0,0,0.0,0,0,0,0,0,64.0,64196.0,0,0,0,54,eth:ethertype:ip:tcp,,,,,,,,,,,0.0,Normal,0.0
1744306100507574,10.42.0.1,10.42.0.139,1883,50084,1,45,0,1,0,0,1,0,4,0,0,0,0,0.0,0,,0,2,,0,0,0,0,2,0,0,0,0.0,0x00,0,0,0,0,64.0,64196.0,0,0,0,58,eth:ethertype:ip:tcp:mqtt,,,,,,,,,,,0.0,Normal,0.0
1744306100573257,10.42.0.1,10.42.0.139,1883,50084,5,234,0,1,0,0,0,0,0,0,0,0,0,0.0,0,,0,0,,0,0,0,0,0,0,0,0,0.0,0,0,0,0,0,64.0,64007.0,0,0,0,54,eth:ethertype:ip:tcp,,,,,,,,,,,0.0,Normal,0.0
1744306100573296,10.42.0.1,10.42.0.139,1883,50084,5,234,0,1,1,0,0,0,0,0,0,0,0,0.0,0,,0,0,,0,0,0,0,0,0,0,0,0.0,0,0,0,0,0,64.0,64007.0,0,0,0,54,eth:ethertype:ip:tcp,,,,,,,,,,,0.0,Normal,0.0
1744306115493679,10.42.0.1,10.42.0.2,1883,50084,0,1,1,1,0,0,0,0,0,0,0,0,0,0.0,0,,0,0,,0,0,0,0,0,0,0,0,0.0,0,0,0,0,0,64.0,64240.0,0,0,0,58,eth:ethertype:ip:tcp,,,,,,,,,,,0.0,Normal,0.0
1744306115499585,10.42.0.1,10.42.0.2,1883,50084,1,4,0,1,0,0,0,0,0,0,0,0,0,0.0,0,,0,0,,0,0,0,0,0,0,0,0,0.0,0,0,0,0,0,64.0,64237.0,0,0,0,54,eth:ethertype:ip:tcp,,,,,,,,,,,0.0,Normal,0.0
1744306115503127,10.42.0.1,10.42.0.2,1883,50084,1,33,0,1,0,0,0,0,0,0,0,0,0,0.0,0,,0,0,,0,0,0,0,0,0,0,0,0.0,0,0,0,0,0,64.0,64208.0,0,0,0,54,eth:ethertype:ip:tcp,,,,,,,,,,,0.0,Normal,0.0
1744306115507251,10.42.0.1,10.42.0.2,1883,50084,1,45,0,1,0,0,0,0,0,0,0,0,0,0.0,0,,0,0,,0,0,0,0,0,0,0,0,0.0,0,0,0,0,0,64.0,64196.0,0,0,0,54,eth:ethertype:ip:tcp,,,,,,,,,,,0.0,Normal,0.0
1744306115507574,10.42.0.1,10.42.0.2,1883,50084,1,45,0,1,0,0,1,0,4,0,0,0,0,0.0,0,,0,2,,0,0,0,0,2,0,0,0,0.0,0x00,0,0,0,0,64.0,64196.0,0,0,0,58,eth:ethertype:ip:tcp:mqtt,,,,,,,,,,,0.0,Normal,0.0
1744306115573257,10.42.0.1,10.42.0.2,1883,50084,5,234,0,1,0,0,0,0,0,0,0,0,0,0.0,0,,0,0,,0,0,0,0,0,0,0,0,0.0,0,0,0,0,0,64.0,64007.0,0,0,0,54,eth:ethertype:ip:tcp,,,,,,,,,,,0.0,Normal,0.0
1744306115573296,10.42.0.1,10.42.0.2,1883,50084,5,234,0,1,1,0,0,0,0,0,0,0,0,0.0,0,,0,0,,0,0,0,0,0,0,0,0,0.0,0,0,0,0,0,64.0,64007.0,0,0,0,54,eth:ethertype:ip:tcp,,,,,,,,,,,0.0,Normal,0.0
1744306130563907,10.42.0.1,10.42.0.139,1883,50085,0,1,1,1,0,0,0,0,0,0,0,0,0,0.0,0,,0,0,,0,0,0,0,0,0,0,0,0.0,0,0,0,0,0,64.0,64240.0,0,0,0,58,eth:ethertype:ip:tcp,,,,,,,,,,,0.0,Normal,0.0
1744306130570326,10.42.0.1,10.42.0.139,1883,50085,1,4,0,1,0,0,0,0,0,0,0,0,0,0.0,0,,0,0,,0,0,0,0,0,0,0,0,0.0,0,0,0,0,0,64.0,64237.0,0,0,0,54,eth:ethertype:ip:tcp,,,,,,,,,,,0.0,Normal,0.0
1744306130573683,10.42.0.1,10.42.0.139,1883,50085,1,33,0,1,0,0,0,0,0,0,0,0,0,0.0,0,,0,0,,0,0,0,0,0,0,0,0,0.0,0,0,0,0,0,64.0,64208.0,0,0,0,54,eth:ethertype:ip:tcp,,,,,,,,,,,0.0,Normal,0.0
1744306130577176,10.42.0.1,10.42.0.139,1883,50085,1,45,0,1,0,0,0,0,0,0,0,0,0,0.0,0,,0,0,,0,0,0,0,0,0,0,0,0.0,0,0,0,0,0,64.0,64196.0,0,0,0,54,eth:ethertype:ip:tcp,,,,,,,,,,,0.0,Normal,0.0
1744306130577519,10.42.0.1,10.42.0.139,1883,50085,1,45,0,1,0,0,1,0,4,0,0,0,0,0.0,0,,0,2,,0,0,0,0,2,0,0,0,0.0,0x00,0,0,0,0,64.0,64196.0,0,0,0,58,eth:ethertype:ip:tcp:mqtt,,,,,,,,,,,0.0,Normal,0.0
1744306130624972,10.42.0.1,10.42.0.139,1883,50085,5,234,0,1,0,0,0,0,0,0,0,0,0,0.0,0,,0,0,,0,0,0,0,0,0,0,0,0.0,0,0,0,0,0,64.0,64007.0,0,0,0,54,eth:ethertype:ip:tcp,,,,,,,,,,,0.0,Normal,0.0
1744306130625055,10.42.0.1,10.42.0.139,1883,50085,5,234,0,1,1,0,0,0,0,0,0,0,0,0.0,0,,0,0,,0,0,0,0,0,0,0,0,0.0,0,0,0,0,0,64.0,64007.0,0,0,0,54,eth:ethertype:ip:tcp,,,,,,,,,,,0.0,Normal,0.0
1744306145563907,10.42.0.1,10.42.0.2,1883,50085,0,1,1,1,0,0,0,0,0,0,0,0,0,0.0,0,,0,0,,0,0,0,0,0,0,0,0,0.0,0,0,0,0,0,64.0,64240.0,0,0,0,58,eth:ethertype:ip:tcp,,,,,,,,,,,0.0,Normal,0.0
1744306145570326,10.42.0.1,10.42.0.2,1883,50085,1,4,0,1,0,0,0,0,0,0,0,0,0,0.0,0,,0,0,,0,0,0,0,0,0,0,0,0.0,0,0,0,0,0,64.0,64237.0,0,0,0,54,eth:ethertype:ip:tcp,,,,,,,,,,,0.0,Normal,0.0
1744306145573683,10.42.0.1,10.42.0.2,1883,50085,1,33,0,1,0,0,0,0,0,0,0,0,0,0.0,0,,0,0,,0,0,0,0,0,0,0,0,0.0,0,0,0,0,0,64.0,64208.0,0,0,0,54,eth:ethertype:ip:tcp,,,,,,,,,,,0.0,Normal,0.0
1744306145577176,10.42.0.1,10.42.0.2,1883,50085,1,45,0,1,0,0,0,0,0,0,0,0,0,0.0,0,,0,0,,0,0,0,0,0,0,0,0,0.0,0,0,0,0,0,64.0,64196.0,0,0,0,54,eth:ethertype:ip:tcp,,,,,,,,,,,0.0,Normal,0.0
1744306145577519,10.42.0.1,10.42.0.2,1883,50085,1,45,0,1,0,0,1,0,4,0,0,0,0,0.0,0,,0,2,,0,0,0,0,2,0,0,0,0.0,0x00,0,0,0,0,64.0,64196.0,0,0,0,58,eth:ethertype:ip:tcp:mqtt,,,,,,,,,,,0.0,Normal,0.0
1744306145624972,10.42.0.1,10.42.0.2,1883,50085,5,234,0,1,0,0,0,0,0,0,0,0,0,0.0,0,,0,0,,0,0,0,0,0,0,0,0,0.0,0,0,0,0,0,64.0,64007.0,0,0,0,54,eth:ethertype:ip:tcp,,,,,,,,,,,0.0,Normal,0.0
1744306145625055,10.42.0.1,10.42.0.2,1883,50085,5,234,0,1,1,0,0,0,0,0,0,0,0,0.0,0,,0,0,,0,0,0,0,0,0,0,0,0.0,0,0,0,0,0,64.0,64007.0,0,0,0,54,eth:ethertype:ip:tcp,,,,,,,,,,,0.0,Normal,0.0
1744306160633359,10.42.0.1,10.42.0.139,1883,50086,0,1,1,1,0,0,0,0,0,0,0,0,0,0.0,0,,0,0,,0,0,0,0,0,0,0,0,0.0,0,0,0,0,0,64.0,64240.0,0,0,0,58,eth:ethertype:ip:tcp,,,,,,,,,,,0.0,Normal,0.0
1744306160640591,10.42.0.1,10.42.0.139,1883,50086,1,4,0,1,0,0,0,0,0,0,0,0,0,0.0,0,,0,0,,0,0,0,0,0,0,0,0,0.0,0,0,0,0,0,64.0,64237.0,0,0,0,54,eth:ethertype:ip:tcp,,,,,,,,,,,0.0,Normal,0.0
1744306160643820,10.42.0.1,10.42.0.139,1883,50086,1,45,0,1,0,0,0,0,0,0,0,0,0,0.0,0,,0,0,,0,0,0,0,0,0,0,0,0.0,0,0,0,0,0,64.0,64196.0,0,0,0,54,eth:ethertype:ip:tcp,,,,,,,,,,,0.0,Normal,0.0
1744306160644141,10.42.0.1,10.42.0.139,1883,50086,1,45,0,1,0,0,1,0,4,0,0,0,0,0.0,0,,0,2,,0,0,0,0,2,0,0,0,0.0,0x00,0,0,0,0,64.0,64196.0,0,0,0,58,eth:ethertype:ip:tcp:mqtt,,,,,,,,,,,0.0,Normal,0.0
1744306160694018,10.42.0.1,10.42.0.139,1883,50086,5,234,0,1,0,0,0,0,0,0,0,0,0,0.0,0,,0,0,,0,0,0,0,0,0,0,0,0.0,0,0,0,0,0,64.0,64007.0,0,0,0,54,eth:ethertype:ip:tcp,,,,,,,,,,,0.0,Normal,0.0
1744306160694100,10.42.0.1,10.42.0.139,1883,50086,5,234,0,1,1,0,0,0,0,0,0,0,0,0.0,0,,0,0,,0,0,0,0,0,0,0,0,0.0,0,0,0,0,0,64.0,64007.0,0,0,0,54,eth:ethertype:ip:tcp,,,,,,,,,,,0.0,Normal,0.0
1744306175633359,10.42.0.1,10.42.0.2,1883,50086,0,1,1,1,0,0,0,0,0,0,0,0,0,0.0,0,,0,0,,0,0,0,0,0,0,0,0,0.0,0,0,0,0,0,64.0,64240.0,0,0,0,58,eth:ethertype:ip:tcp,,,,,,,,,,,0.0,Normal,0.0
1744306175640591,10.42.0.1,10.42.0.2,1883,50086,1,4,0,1,0,0,0,0,0,0,0,0,0,0.0,0,,0,0,,0,0,0,0,0,0,0,0,0.0,0,0,0,0,0,64.0,64237.0,0,0,0,54,eth:ethertype:ip:tcp,,,,,,,,,,,0.0,Normal,0.0
1744306175643820,10.42.0.1,10.42.0.2,1883,50086,1,45,0,1,0,0,0,0,0,0,0,0,0,0.0,0,,0,0,,0,0,0,0,0,0,0,0,0.0,0,0,0,0,0,64.0,64196.0,0,0,0,54,eth:ethertype:ip:tcp,,,,,,,,,,,0.0,Normal,0.0
1744306175644141,10.42.0.1,10.42.0.2,1883,50086,1,45,0,1,0,0,1,0,4,0,0,0,0,0.0,0,,0,2,,0,0,0,0,2,0,0,0,0.0,0x00,0,0,0,0,64.0,64196.0,0,0,0,58,eth:ethertype:ip:tcp:mqtt,,,,,,,,,,,0.0,Normal,0.0
1744306175694018,10.42.0.1,10.42.0.2,1883,50086,5,234,0,1,0,0,0,0,0,0,0,0,0,0.0,0,,0,0,,0,0,0,0,0,0,0,0,0.0,0,0,0,0,0,64.0,64007.0,0,0,0,54,eth:ethertype:ip:tcp,,,,,,,,,,,0.0,Normal,0.0
1744306175694100,10.42.0.1,10.42.0.2,1883,50086,5,234,0,1,1,0,0,0,0,0,0,0,0,0.0,0,,0,0,,0,0,0,0,0,0,0,0,0.0,0,0,0,0,0,64.0,64007.0,0,0,0,54,eth:ethertype:ip:tcp,,,,,,,,,,,0.0,Normal,0.0
1744306190702643,10.42.0.1,10.42.0.139,1883,50087,0,1,1,1,0,0,0,0,0,0,0,0,0,0.0,0,,0,0,,0,0,0,0,0,0,0,0,0.0,0,0,0,0,0,64.0,64240.0,0,0,0,58,eth:ethertype:ip:tcp,,,,,,,,,,,0.0,Normal,0.0
1744306190708915,10.42.0.1,10.42.0.139,1883,50087,1,4,0,1,0,0,0,0,0,0,0,0,0,0.0,0,,0,0,,0,0,0,0,0,0,0,0,0.0,0,0,0,0,0,64.0,64237.0,0,0,0,54,eth:ethertype:ip:tcp,,,,,,,,,,,0.0,Normal,0.0
1744306190712263,10.42.0.1,10.42.0.139,1883,50087,1,33,0,1,0,0,0,0,0,0,0,0,0,0.0,0,,0,0,,0,0,0,0,0,0,0,0,0.0,0,0,0,0,0,64.0,64208.0,0,0,0,54,eth:ethertype:ip:tcp,,,,,,,,,,,0.0,Normal,0.0
1744306190715316,10.42.0.1,10.42.0.139,1883,50087,1,45,0,1,0,0,0,0,0,0,0,0,0,0.0,0,,0,0,,0,0,0,0,0,0,0,0,0.0,0,0,0,0,0,64.0,64196.0,0,0,0,54,eth:ethertype:ip:tcp,,,,,,,,,,,0.0,Normal,0.0
1744306190715628,10.42.0.1,10.42.0.139,1883,50087,1,45,0,1,0,0,1,0,4,0,0,0,0,0.0,0,,0,2,,0,0,0,0,2,0,0,0,0.0,0x00,0,0,0,0,64.0,64196.0,0,0,0,58,eth:ethertype:ip:tcp:mqtt,,,,,,,,,,,0.0,Normal,0.0
1744306190763005,10.42.0.1,10.42.0.139,1883,50087,5,234,0,1,0,0,0,0,0,0,0,0,0,0.0,0,,0,0,,0,0,0,0,0,0,0,0,0.0,0,0,0,0,0,64.0,64007.0,0,0,0,54,eth:ethertype:ip:tcp,,,,,,,,,,,0.0,Normal,0.0
1744306190763047,10.42.0.1,10.42.0.139,1883,50087,5,234,0,1,1,0,0,0,0,0,0,0,0,0.0,0,,0,0,,0,0,0,0,0,0,0,0,0.0,0,0,0,0,0,64.0,64007.0,0,0,0,54,eth:ethertype:ip:tcp,,,,,,,,,,,0.0,Normal,0.0
1744306205702643,10.42.0.1,10.42.0.2,1883,50087,0,1,1,1,0,0,0,0,0,0,0,0,0,0.0,0,,0,0,,0,0,0,0,0,0,0,0,0.0,0,0,0,0,0,64.0,64240.0,0,0,0,58,eth:ethertype:ip:tcp,,,,,,,,,,,0.0,Normal,0.0
1744306205708915,10.42.0.1,10.42.0.2,1883,50087,1,4,0,1,0,0,0,0,0,0,0,0,0,0.0,0,,0,0,,0,0,0,0,0,0,0,0,0.0,0,0,0,0,0,64.0,64237.0,0,0,0,54,eth:ethertype:ip:tcp,,,,,,,,,,,0.0,Normal,0.0
1744306205712263,10.42.0.1,10.42.0.2,1883,50087,1,33,0,1,0,0,0,0,0,0,0,0,0,0.0,0,,0,0,,0,0,0,0,0,0,0,0,0.0,0,0,0,0,0,64.0,64208.0,0,0,0,54,eth:ethertype:ip:tcp,,,,,,,,,,,0.0,Normal,0.0
1744306205715316,10.42.0.1,10.42.0.2,1883,50087,1,45,0,1,0,0,0,0,0,0,0,0,0,0.0,0,,0,0,,0,0,0,0,0,0,0,0,0.0,0,0,0,0,0,64.0,64196.0,0,0,0,54,eth:ethertype:ip:tcp,,,,,,,,,,,0.0,Normal,0.0
1744306205715628,10.42.0.1,10.42.0.2,1883,50087,1,45,0,1,0,0,1,0,4,0,0,0,0,0.0,0,,0,2,,0,0,0,0,2,0,0,0,0.0,0x00,0,0,0,0,64.0,64196.0,0,0,0,58,eth:ethertype:ip:tcp:mqtt,,,,,,,,,,,0.0,Normal,0.0
1744306205763005,10.42.0.1,10.42.0.2,1883,50087,5,234,0,1,0,0,0,0,0,0,0,0,0,0.0,0,,0,0,,0,0,0,0,0,0,0,0,0.0,0,0,0,0,0,64.0,64007.0,0,0,0,54,eth:ethertype:ip:tcp,,,,,,,,,,,0.0,Normal,0.0
1744306205763047,10.42.0.1,10.42.0.2,1883,50087,5,234,0,1,1,0,0,0,0,0,0,0,0,0.0,0,,0,0,,0,0,0,0,0,0,0,0,0.0,0,0,0,0,0,64.0,64007.0,0,0,0,54,eth:ethertype:ip:tcp,,,,,,,,,,,0.0,Normal,0.0
1744306220771845,10.42.0.1,10.42.0.139,1883,50088,0,1,1,1,0,0,0,0,0,0,0,0,0,0.0,0,,0,0,,0,0,0,0,0,0,0,0,0.0,0,0,0,0,0,64.0,64240.0,0,0,0,58,eth:ethertype:ip:tcp,,,,,,,,,,,0.0,Normal,0.0
1744306220778030,10.42.0.1,10.42.0.139,1883,50088,1,4,0,1,0,0,0,0,0,0,0,0,0,0.0,0,,0,0,,0,0,0,0,0,0,0,0,0.0,0,0,0,0,0,64.0,64237.0,0,0,0,54,eth:ethertype:ip:tcp,,,,,,,,,,,0.0,Normal,0.0
1744306220781616,10.42.0.1,10.42.0.139,1883,50088,1,33,0,1,0,0,0,0,0,0,0,0,0,0.0,0,,0,0,,0,0,0,0,0,0,0,0,0.0,0,0,0,0,0,64.0,64208.0,0,0,0,54,eth:ethertype:ip:tcp,,,,,,,,,,,0.0,Normal,0.0
1744306220784687,10.42.0.1,10.42.0.139,1883,50088,1,45,0,1,0,0,0,0,0,0,0,0,0,0.0,0,,0,0,,0,0,0,0,0,0,0,0,0.0,0,0,0,0,0,64.0,64196.0,0,0,0,54,eth:ethertype:ip:tcp,,,,,,,,,,,0.0,Normal,0.0
1744306220785015,10.42.0.1,10.42.0.139,1883,50088,1,45,0,1,0,0,1,0,4,0,0,0,0,0.0,0,,0,2,,0,0,0,0,2,0,0,0,0.0,0x00,0,0,0,0,64.0,64196.0,0,0,0,58,eth:ethertype:ip:tcp:mqtt,,,,,,,,,,,0.0,Normal,0.0
1744306220833483,10.42.0.1,10.42.0.139,1883,50088,5,234,0,1,0,0,0,0,0,0,0,0,0,0.0,0,,0,0,,0,0,0,0,0,0,0,0,0.0,0,0,0,0,0,64.0,64007.0,0,0,0,54,eth:ethertype:ip:tcp,,,,,,,,,,,0.0,Normal,0.0
1744306220833519,10.42.0.1,10.42.0.139,1883,50088,5,234,0,1,1,0,0,0,0,0,0,0,0,0.0,0,,0,0,,0,0,0,0,0,0,0,0,0.0,0,0,0,0,0,64.0,64007.0,0,0,0,54,eth:ethertype:ip:tcp,,,,,,,,,,,0.0,Normal,0.0
1744306229379426,10.42.0.1,224.0.0.251,0,0,0,0,0,0,0,0,0,0,0,0,0,0,0,0.0,0,,0,0,,0,0,0,0,0,0,0,0,0.0,0,0,0,0,0,255.0,0.0,0,0,0,160,eth:ethertype:ip:udp:mdns,,,,,,,,,,,,,
1744306235771845,10.42.0.1,10.42.0.2,1883,50088,0,1,1,1,0,0,0,0,0,0,0,0,0,0.0,0,,0,0,,0,0,0,0,0,0,0,0,0.0,0,0,0,0,0,64.0,64240.0,0,0,0,58,eth:ethertype:ip:tcp,,,,,,,,,,,0.0,Normal,0.0
1744306235778030,10.42.0.1,10.42.0.2,1883,50088,1,4,0,1,0,0,0,0,0,0,0,0,0,0.0,0,,0,0,,0,0,0,0,0,0,0,0,0.0,0,0,0,0,0,64.0,64237.0,0,0,0,54,eth:ethertype:ip:tcp,,,,,,,,,,,0.0,Normal,0.0
1744306235781616,10.42.0.1,10.42.0.2,1883,50088,1,33,0,1,0,0,0,0,0,0,0,0,0,0.0,0,,0,0,,0,0,0,0,0,0,0,0,0.0,0,0,0,0,0,64.0,64208.0,0,0,0,54,eth:ethertype:ip:tcp,,,,,,,,,,,0.0,Normal,0.0
1744306235784687,10.42.0.1,10.42.0.2,1883,50088,1,45,0,1,0,0,0,0,0,0,0,0,0,0.0,0,,0,0,,0,0,0,0,0,0,0,0,0.0,0,0,0,0,0,64.0,64196.0,0,0,0,54,eth:ethertype:ip:tcp,,,,,,,,,,,0.0,Normal,0.0
1744306235785015,10.42.0.1,10.42.0.2,1883,50088,1,45,0,1,0,0,1,0,4,0,0,0,0,0.0,0,,0,2,,0,0,0,0,2,0,0,0,0.0,0x00,0,0,0,0,64.0,64196.0,0,0,0,58,eth:ethertype:ip:tcp:mqtt,,,,,,,,,,,0.0,Normal,0.0
1744306235833483,10.42.0.1,10.42.0.2,1883,50088,5,234,0,1,0,0,0,0,0,0,0,0,0,0.0,0,,0,0,,0,0,0,0,0,0,0,0,0.0,0,0,0,0,0,64.0,64007.0,0,0,0,54,eth:ethertype:ip:tcp,,,,,,,,,,,0.0,Normal,0.0
1744306235833519,10.42.0.1,10.42.0.2,1883,50088,5,234,0,1,1,0,0,0,0,0,0,0,0,0.0,0,,0,0,,0,0,0,0,0,0,0,0,0.0,0,0,0,0,0,64.0,64007.0,0,0,0,54,eth:ethertype:ip:tcp,,,,,,,,,,,0.0,Normal,0.0
1744306244379426,10.42.0.1,224.0.0.251,0,0,0,0,0,0,0,0,0,0,0,0,0,0,0,0.0,0,,0,0,,0,0,0,0,0,0,0,0,0.0,0,0,0,0,0,255.0,0.0,0,0,0,160,eth:ethertype:ip:udp:mdns,,,,,,,,,,,,,
1744306250842129,10.42.0.1,10.42.0.139,1883,50089,0,1,1,1,0,0,0,0,0,0,0,0,0,0.0,0,,0,0,,0,0,0,0,0,0,0,0,0.0,0,0,0,0,0,64.0,64240.0,0,0,0,58,eth:ethertype:ip:tcp,,,,,,,,,,,0.0,Normal,0.0
1744306250848218,10.42.0.1,10.42.0.139,1883,50089,1,4,0,1,0,0,0,0,0,0,0,0,0,0.0,0,,0,0,,0,0,0,0,0,0,0,0,0.0,0,0,0,0,0,64.0,64237.0,0,0,0,54,eth:ethertype:ip:tcp,,,,,,,,,,,0.0,Normal,0.0
1744306250851521,10.42.0.1,10.42.0.139,1883,50089,1,33,0,1,0,0,0,0,0,0,0,0,0,0.0,0,,0,0,,0,0,0,0,0,0,0,0,0.0,0,0,0,0,0,64.0,64208.0,0,0,0,54,eth:ethertype:ip:tcp,,,,,,,,,,,0.0,Normal,0.0
1744306250854795,10.42.0.1,10.42.0.139,1883,50089,1,45,0,1,0,0,0,0,0,0,0,0,0,0.0,0,,0,0,,0,0,0,0,0,0,0,0,0.0,0,0,0,0,0,64.0,64196.0,0,0,0,54,eth:ethertype:ip:tcp,,,,,,,,,,,0.0,Normal,0.0
1744306250855034,10.42.0.1,10.42.0.139,1883,50089,1,45,0,1,0,0,1,0,4,0,0,0,0,0.0,0,,0,2,,0,0,0,0,2,0,0,0,0.0,0x00,0,0,0,0,64.0,64196.0,0,0,0,58,eth:ethertype:ip:tcp:mqtt,,,,,,,,,,,0.0,Normal,0.0
1744306250901710,10.42.0.1,10.42.0.139,1883,50089,5,234,0,1,0,0,0,0,0,0,0,0,0,0.0,0,,0,0,,0,0,0,0,0,0,0,0,0.0,0,0,0,0,0,64.0,64007.0,0,0,0,54,eth:ethertype:ip:tcp,,,,,,,,,,,0.0,Normal,0.0
1744306250901750,10.42.0.1,10.42.0.139,1883,50089,5,234,0,1,1,0,0,0,0,0,0,0,0,0.0,0,,0,0,,0,0,0,0,0,0,0,0,0.0,0,0,0,0,0,64.0,64007.0,0,0,0,54,eth:ethertype:ip:tcp,,,,,,,,,,,0.0,Normal,0.0
1744306265842129,10.42.0.1,10.42.0.2,1883,50089,0,1,1,1,0,0,0,0,0,0,0,0,0,0.0,0,,0,0,,0,0,0,0,0,0,0,0,0.0,0,0,0,0,0,64.0,64240.0,0,0,0,58,eth:ethertype:ip:tcp,,,,,,,,,,,0.0,Normal,0.0
1744306265848218,10.42.0.1,10.42.0.2,1883,50089,1,4,0,1,0,0,0,0,0,0,0,0,0,0.0,0,,0,0,,0,0,0,0,0,0,0,0,0.0,0,0,0,0,0,64.0,64237.0,0,0,0,54,eth:ethertype:ip:tcp,,,,,,,,,,,0.0,Normal,0.0
1744306265851521,10.42.0.1,10.42.0.2,1883,50089,1,33,0,1,0,0,0,0,0,0,0,0,0,0.0,0,,0,0,,0,0,0,0,0,0,0,0,0.0,0,0,0,0,0,64.0,64208.0,0,0,0,54,eth:ethertype:ip:tcp,,,,,,,,,,,0.0,Normal,0.0
1744306265854795,10.42.0.1,10.42.0.2,1883,50089,1,45,0,1,0,0,0,0,0,0,0,0,0,0.0,0,,0,0,,0,0,0,0,0,0,0,0,0.0,0,0,0,0,0,64.0,64196.0,0,0,0,54,eth:ethertype:ip:tcp,,,,,,,,,,,0.0,Normal,0.0
1744306265855034,10.42.0.1,10.42.0.2,1883,50089,1,45,0,1,0,0,1,0,4,0,0,0,0,0.0,0,,0,2,,0,0,0,0,2,0,0,0,0.0,0x00,0,0,0,0,64.0,64196.0,0,0,0,58,eth:ethertype:ip:tcp:mqtt,,,,,,,,,,,0.0,Normal,0.0
1744306265901710,10.42.0.1,10.42.0.2,1883,50089,5,234,0,1,0,0,0,0,0,0,0,0,0,0.0,0,,0,0,,0,0,0,0,0,0,0,0,0.0,0,0,0,0,0,64.0,64007.0,0,0,0,54,eth:ethertype:ip:tcp,,,,,,,,,,,0.0,Normal,0.0
1744306265901750,10.42.0.1,10.42.0.2,1883,50089,5,234,0,1,1,0,0,0,0,0,0,0,0,0.0,0,,0,0,,0,0,0,0,0,0,0,0,0.0,0,0,0,0,0,64.0,64007.0,0,0,0,54,eth:ethertype:ip:tcp,,,,,,,,,,,0.0,Normal,0.0
1744306280911894,10.42.0.1,10.42.0.139,1883,50090,0,1,1,1,0,0,0,0,0,0,0,0,0,0.0,0,,0,0,,0,0,0,0,0,0,0,0,0.0,0,0,0,0,0,64.0,64240.0,0,0,0,58,eth:ethertype:ip:tcp,,,,,,,,,,,0.0,Normal,0.0
1744306280918003,10.42.0.1,10.42.0.139,1883,50090,1,4,0,1,0,0,0,0,0,0,0,0,0,0.0,0,,0,0,,0,0,0,0,0,0,0,0,0.0,0,0,0,0,0,64.0,64237.0,0,0,0,54,eth:ethertype:ip:tcp,,,,,,,,,,,0.0,Normal,0.0
1744306280921567,10.42.0.1,10.42.0.139,1883,50090,1,33,0,1,0,0,0,0,0,0,0,0,0,0.0,0,,0,0,,0,0,0,0,0,0,0,0,0.0,0,0,0,0,0,64.0,64208.0,0,0,0,54,eth:ethertype:ip:tcp,,,,,,,,,,,0.0,Normal,0.0
1744306280924601,10.42.0.1,10.42.0.139,1883,50090,1,45,0,1,0,0,0,0,0,0,0,0,0,0.0,0,,0,0,,0,0,0,0,0,0,0,0,0.0,0,0,0,0,0,64.0,64196.0,0,0,0,54,eth:ethertype:ip:tcp,,,,,,,,,,,0.0,Normal,0.0
1744306280924948,10.42.0.1,10.42.0.139,1883,50090,1,45,0,1,0,0,1,0,4,0,0,0,0,0.0,0,,0,2,,0,0,0,0,2,0,0,0,0.0,0x00,0,0,0,0,64.0,64196.0,0,0,0,58,eth:ethertype:ip:tcp:mqtt,,,,,,,,,,,0.0,Normal,0.0
1744306280971087,10.42.0.1,10.42.0.139,1883,50090,5,234,0,1,0,0,0,0,0,0,0,0,0,0.0,0,,0,0,,0,0,0,0,0,0,0,0,0.0,0,0,0,0,0,64.0,64007.0,0,0,0,54,eth:ethertype:ip:tcp,,,,,,,,,,,0.0,Normal,0.0
1744306280971173,10.42.0.1,10.42.0.139,1883,50090,5,234,0,1,1,0,0,0,0,0,0,0,0,0.0,0,,0,0,,0,0,0,0,0,0,0,0,0.0,0,0,0,0,0,64.0,64007.0,0,0,0,54,eth:ethertype:ip:tcp,,,,,,,,,,,0.0,Normal,0.0
1744306291836630,10.42.0.1,10.42.0.139,0,0,0,0,0,0,0,0,0,0,0,0,0,0,0,0.0,0,,0,0,,0,0,0,0,0,0,0,0,0.0,0,0,0,0,0,64.0,0.0,0,0,0,342,eth:ethertype:ip:udp:dhcp,,,,,,,,,,,0.0,Normal,0.0
1744306295911894,10.42.0.1,10.42.0.2,1883,50090,0,1,1,1,0,0,0,0,0,0,0,0,0,0.0,0,,0,0,,0,0,0,0,0,0,0,0,0.0,0,0,0,0,0,64.0,64240.0,0,0,0,58,eth:ethertype:ip:tcp,,,,,,,,,,,0.0,Normal,0.0
1744306295918003,10.42.0.1,10.42.0.2,1883,50090,1,4,0,1,0,0,0,0,0,0,0,0,0,0.0,0,,0,0,,0,0,0,0,0,0,0,0,0.0,0,0,0,0,0,64.0,64237.0,0,0,0,54,eth:ethertype:ip:tcp,,,,,,,,,,,0.0,Normal,0.0
1744306295921567,10.42.0.1,10.42.0.2,1883,50090,1,33,0,1,0,0,0,0,0,0,0,0,0,0.0,0,,0,0,,0,0,0,0,0,0,0,0,0.0,0,0,0,0,0,64.0,64208.0,0,0,0,54,eth:ethertype:ip:tcp,,,,,,,,,,,0.0,Normal,0.0
1744306295924601,10.42.0.1,10.42.0.2,1883,50090,1,45,0,1,0,0,0,0,0,0,0,0,0,0.0,0,,0,0,,0,0,0,0,0,0,0,0,0.0,0,0,0,0,0,64.0,64196.0,0,0,0,54,eth:ethertype:ip:tcp,,,,,,,,,,,0.0,Normal,0.0
1744306295924948,10.42.0.1,10.42.0.2,1883,50090,1,45,0,1,0,0,1,0,4,0,0,0,0,0.0,0,,0,2,,0,0,0,0,2,0,0,0,0.0,0x00,0,0,0,0,64.0,64196.0,0,0,0,58,eth:ethertype:ip:tcp:mqtt,,,,,,,,,,,0.0,Normal,0.0
1744306295971087,10.42.0.1,10.42.0.2,1883,50090,5,234,0,1,0,0,0,0,0,0,0,0,0,0.0,0,,0,0,,0,0,0,0,0,0,0,0,0.0,0,0,0,0,0,64.0,64007.0,0,0,0,54,eth:ethertype:ip:tcp,,,,,,,,,,,0.0,Normal,0.0
1744306295971173,10.42.0.1,10.42.0.2,1883,50090,5,234,0,1,1,0,0,0,0,0,0,0,0,0.0,0,,0,0,,0,0,0,0,0,0,0,0,0.0,0,0,0,0,0,64.0,64007.0,0,0,0,54,eth:ethertype:ip:tcp,,,,,,,,,,,0.0,Normal,0.0
1744306306836630,10.42.0.1,10.42.0.2,0,0,0,0,0,0,0,0,0,0,0,0,0,0,0,0.0,0,,0,0,,0,0,0,0,0,0,0,0,0.0,0,0,0,0,0,64.0,0.0,0,0,0,342,eth:ethertype:ip:udp:dhcp,,,,,,,,,,,0.0,Normal,0.0
1744306311023215,10.42.0.1,10.42.0.139,1883,50091,0,1,1,1,0,0,0,0,0,0,0,0,0,0.0,0,,0,0,,0,0,0,0,0,0,0,0,0.0,0,0,0,0,0,64.0,64240.0,0,0,0,58,eth:ethertype:ip:tcp,,,,,,,,,,,0.0,Normal,0.0
1744306311029456,10.42.0.1,10.42.0.139,1883,50091,1,4,0,1,0,0,0,0,0,0,0,0,0,0.0,0,,0,0,,0,0,0,0,0,0,0,0,0.0,0,0,0,0,0,64.0,64237.0,0,0,0,54,eth:ethertype:ip:tcp,,,,,,,,,,,0.0,Normal,0.0
1744306311032860,10.42.0.1,10.42.0.139,1883,50091,1,33,0,1,0,0,0,0,0,0,0,0,0,0.0,0,,0,0,,0,0,0,0,0,0,0,0,0.0,0,0,0,0,0,64.0,64208.0,0,0,0,54,eth:ethertype:ip:tcp,,,,,,,,,,,0.0,Normal,0.0
1744306311036052,10.42.0.1,10.42.0.139,1883,50091,1,45,0,1,0,0,0,0,0,0,0,0,0,0.0,0,,0,0,,0,0,0,0,0,0,0,0,0.0,0,0,0,0,0,64.0,64196.0,0,0,0,54,eth:ethertype:ip:tcp,,,,,,,,,,,0.0,Normal,0.0
1744306311036392,10.42.0.1,10.42.0.139,1883,50091,1,45,0,1,0,0,1,0,4,0,0,0,0,0.0,0,,0,2,,0,0,0,0,2,0,0,0,0.0,0x00,0,0,0,0,64.0,64196.0,0,0,0,58,eth:ethertype:ip:tcp:mqtt,,,,,,,,,,,0.0,Normal,0.0
1744306311090448,10.42.0.1,10.42.0.139,1883,50091,5,234,0,1,0,0,0,0,0,0,0,0,0,0.0,0,,0,0,,0,0,0,0,0,0,0,0,0.0,0,0,0,0,0,64.0,64007.0,0,0,0,54,eth:ethertype:ip:tcp,,,,,,,,,,,0.0,Normal,0.0
1744306311090492,10.42.0.1,10.42.0.139,1883,50091,5,234,0,1,1,0,0,0,0,0,0,0,0,0.0,0,,0,0,,0,0,0,0,0,0,0,0,0.0,0,0,0,0,0,64.0,64007.0,0,0,0,54,eth:ethertype:ip:tcp,,,,,,,,,,,0.0,Normal,0.0
1744306326023215,10.42.0.1,10.42.0.2,1883,50091,0,1,1,1,0,0,0,0,0,0,0,0,0,0.0,0,,0,0,,0,0,0,0,0,0,0,0,0.0,0,0,0,0,0,64.0,64240.0,0,0,0,58,eth:ethertype:ip:tcp,,,,,,,,,,,0.0,Normal,0.0
1744306326029456,10.42.0.1,10.42.0.2,1883,50091,1,4,0,1,0,0,0,0,0,0,0,0,0,0.0,0,,0,0,,0,0,0,0,0,0,0,0,0.0,0,0,0,0,0,64.0,64237.0,0,0,0,54,eth:ethertype:ip:tcp,,,,,,,,,,,0.0,Normal,0.0
1744306326032860,10.42.0.1,10.42.0.2,1883,50091,1,33,0,1,0,0,0,0,0,0,0,0,0,0.0,0,,0,0,,0,0,0,0,0,0,0,0,0.0,0,0,0,0,0,64.0,64208.0,0,0,0,54,eth:ethertype:ip:tcp,,,,,,,,,,,0.0,Normal,0.0
1744306326036052,10.42.0.1,10.42.0.2,1883,50091,1,45,0,1,0,0,0,0,0,0,0,0,0,0.0,0,,0,0,,0,0,0,0,0,0,0,0,0.0,0,0,0,0,0,64.0,64196.0,0,0,0,54,eth:ethertype:ip:tcp,,,,,,,,,,,0.0,Normal,0.0
1744306326036392,10.42.0.1,10.42.0.2,1883,50091,1,45,0,1,0,0,1,0,4,0,0,0,0,0.0,0,,0,2,,0,0,0,0,2,0,0,0,0.0,0x00,0,0,0,0,64.0,64196.0,0,0,0,58,eth:ethertype:ip:tcp:mqtt,,,,,,,,,,,0.0,Normal,0.0
1744306326090448,10.42.0.1,10.42.0.2,1883,50091,5,234,0,1,0,0,0,0,0,0,0,0,0,0.0,0,,0,0,,0,0,0,0,0,0,0,0,0.0,0,0,0,0,0,64.0,64007.0,0,0,0,54,eth:ethertype:ip:tcp,,,,,,,,,,,0.0,Normal,0.0
1744306326090492,10.42.0.1,10.42.0.2,1883,50091,5,234,0,1,1,0,0,0,0,0,0,0,0,0.0,0,,0,0,,0,0,0,0,0,0,0,0,0.0,0,0,0,0,0,64.0,64007.0,0,0,0,54,eth:ethertype:ip:tcp,,,,,,,,,,,0.0,Normal,0.0
1744306341099243,10.42.0.1,10.42.0.139,1883,50092,0,1,1,1,0,0,0,0,0,0,0,0,0,0.0,0,,0,0,,0,0,0,0,0,0,0,0,0.0,0,0,0,0,0,64.0,64240.0,0,0,0,58,eth:ethertype:ip:tcp,,,,,,,,,,,0.0,Normal,0.0
1744306341105221,10.42.0.1,10.42.0.139,1883,50092,1,4,0,1,0,0,0,0,0,0,0,0,0,0.0,0,,0,0,,0,0,0,0,0,0,0,0,0.0,0,0,0,0,0,64.0,64237.0,0,0,0,54,eth:ethertype:ip:tcp,,,,,,,,,,,0.0,Normal,0.0
1744306341108668,10.42.0.1,10.42.0.139,1883,50092,1,33,0,1,0,0,0,0,0,0,0,0,0,0.0,0,,0,0,,0,0,0,0,0,0,0,0,0.0,0,0,0,0,0,64.0,64208.0,0,0,0,54,eth:ethertype:ip:tcp,,,,,,,,,,,0.0,Normal,0.0
1744306341112254,10.42.0.1,10.42.0.139,1883,50092,1,45,0,1,0,0,0,0,0,0,0,0,0,0.0,0,,0,0,,0,0,0,0,0,0,0,0,0.0,0,0,0,0,0,64.0,64196.0,0,0,0,54,eth:ethertype:ip:tcp,,,,,,,,,,,0.0,Normal,0.0
1744306341112608,10.42.0.1,10.42.0.139,1883,50092,1,45,0,1,0,0,1,0,4,0,0,0,0,0.0,0,,0,2,,0,0,0,0,2,0,0,0,0.0,0x00,0,0,0,0,64.0,64196.0,0,0,0,58,eth:ethertype:ip:tcp:mqtt,,,,,,,,,,,0.0,Normal,0.0
1744306341160365,10.42.0.1,10.42.0.139,1883,50092,5,234,0,1,0,0,0,0,0,0,0,0,0,0.0,0,,0,0,,0,0,0,0,0,0,0,0,0.0,0,0,0,0,0,64.0,64007.0,0,0,0,54,eth:ethertype:ip:tcp,,,,,,,,,,,0.0,Normal,0.0
1744306341160452,10.42.0.1,10.42.0.139,1883,50092,5,234,0,1,1,0,0,0,0,0,0,0,0,0.0,0,,0,0,,0,0,0,0,0,0,0,0,0.0,0,0,0,0,0,64.0,64007.0,0,0,0,54,eth:ethertype:ip:tcp,,,,,,,,,,,0.0,Normal,0.0
1744306356099243,10.42.0.1,10.42.0.2,1883,50092,0,1,1,1,0,0,0,0,0,0,0,0,0,0.0,0,,0,0,,0,0,0,0,0,0,0,0,0.0,0,0,0,0,0,64.0,64240.0,0,0,0,58,eth:ethertype:ip:tcp,,,,,,,,,,,0.0,Normal,0.0
1744306356105221,10.42.0.1,10.42.0.2,1883,50092,1,4,0,1,0,0,0,0,0,0,0,0,0,0.0,0,,0,0,,0,0,0,0,0,0,0,0,0.0,0,0,0,0,0,64.0,64237.0,0,0,0,54,eth:ethertype:ip:tcp,,,,,,,,,,,0.0,Normal,0.0
1744306356108668,10.42.0.1,10.42.0.2,1883,50092,1,33,0,1,0,0,0,0,0,0,0,0,0,0.0,0,,0,0,,0,0,0,0,0,0,0,0,0.0,0,0,0,0,0,64.0,64208.0,0,0,0,54,eth:ethertype:ip:tcp,,,,,,,,,,,0.0,Normal,0.0
1744306356112254,10.42.0.1,10.42.0.2,1883,50092,1,45,0,1,0,0,0,0,0,0,0,0,0,0.0,0,,0,0,,0,0,0,0,0,0,0,0,0.0,0,0,0,0,0,64.0,64196.0,0,0,0,54,eth:ethertype:ip:tcp,,,,,,,,,,,0.0,Normal,0.0
1744306356112608,10.42.0.1,10.42.0.2,1883,50092,1,45,0,1,0,0,1,0,4,0,0,0,0,0.0,0,,0,2,,0,0,0,0,2,0,0,0,0.0,0x00,0,0,0,0,64.0,64196.0,0,0,0,58,eth:ethertype:ip:tcp:mqtt,,,,,,,,,,,0.0,Normal,0.0
1744306356160365,10.42.0.1,10.42.0.2,1883,50092,5,234,0,1,0,0,0,0,0,0,0,0,0,0.0,0,,0,0,,0,0,0,0,0,0,0,0,0.0,0,0,0,0,0,64.0,64007.0,0,0,0,54,eth:ethertype:ip:tcp,,,,,,,,,,,0.0,Normal,0.0
1744306356160452,10.42.0.1,10.42.0.2,1883,50092,5,234,0,1,1,0,0,0,0,0,0,0,0,0.0,0,,0,0,,0,0,0,0,0,0,0,0,0.0,0,0,0,0,0,64.0,64007.0,0,0,0,54,eth:ethertype:ip:tcp,,,,,,,,,,,0.0,Normal,0.0
1744306371168736,10.42.0.1,10.42.0.139,1883,50093,0,1,1,1,0,0,0,0,0,0,0,0,0,0.0,0,,0,0,,0,0,0,0,0,0,0,0,0.0,0,0,0,0,0,64.0,64240.0,0,0,0,58,eth:ethertype:ip:tcp,,,,,,,,,,,0.0,Normal,0.0
1744306371175859,10.42.0.1,10.42.0.139,1883,50093,1,4,0,1,0,0,0,0,0,0,0,0,0,0.0,0,,0,0,,0,0,0,0,0,0,0,0,0.0,0,0,0,0,0,64.0,64237.0,0,0,0,54,eth:ethertype:ip:tcp,,,,,,,,,,,0.0,Normal,0.0
1744306371179027,10.42.0.1,10.42.0.139,1883,50093,1,45,0,1,0,0,0,0,0,0,0,0,0,0.0,0,,0,0,,0,0,0,0,0,0,0,0,0.0,0,0,0,0,0,64.0,64196.0,0,0,0,54,eth:ethertype:ip:tcp,,,,,,,,,,,0.0,Normal,0.0
1744306371179348,10.42.0.1,10.42.0.139,1883,50093,1,45,0,1,0,0,1,0,4,0,0,0,0,0.0,0,,0,2,,0,0,0,0,2,0,0,0,0.0,0x00,0,0,0,0,64.0,64196.0,0,0,0,58,eth:ethertype:ip:tcp:mqtt,,,,,,,,,,,0.0,Normal,0.0
1744306371229276,10.42.0.1,10.42.0.139,1883,50093,5,234,0,1,0,0,0,0,0,0,0,0,0,0.0,0,,0,0,,0,0,0,0,0,0,0,0,0.0,0,0,0,0,0,64.0,64007.0,0,0,0,54,eth:ethertype:ip:tcp,,,,,,,,,,,0.0,Normal,0.0
1744306371229361,10.42.0.1,10.42.0.139,1883,50093,5,234,0,1,1,0,0,0,0,0,0,0,0,0.0,0,,0,0,,0,0,0,0,0,0,0,0,0.0,0,0,0,0,0,64.0,64007.0,0,0,0,54,eth:ethertype:ip:tcp,,,,,,,,,,,0.0,Normal,0.0
1744306386168736,10.42.0.1,10.42.0.2,1883,50093,0,1,1,1,0,0,0,0,0,0,0,0,0,0.0,0,,0,0,,0,0,0,0,0,0,0,0,0.0,0,0,0,0,0,64.0,64240.0,0,0,0,58,eth:ethertype:ip:tcp,,,,,,,,,,,0.0,Normal,0.0
1744306386175859,10.42.0.1,10.42.0.2,1883,50093,1,4,0,1,0,0,0,0,0,0,0,0,0,0.0,0,,0,0,,0,0,0,0,0,0,0,0,0.0,0,0,0,0,0,64.0,64237.0,0,0,0,54,eth:ethertype:ip:tcp,,,,,,,,,,,0.0,Normal,0.0
1744306386179027,10.42.0.1,10.42.0.2,1883,50093,1,45,0,1,0,0,0,0,0,0,0,0,0,0.0,0,,0,0,,0,0,0,0,0,0,0,0,0.0,0,0,0,0,0,64.0,64196.0,0,0,0,54,eth:ethertype:ip:tcp,,,,,,,,,,,0.0,Normal,0.0
1744306386179348,10.42.0.1,10.42.0.2,1883,50093,1,45,0,1,0,0,1,0,4,0,0,0,0,0.0,0,,0,2,,0,0,0,0,2,0,0,0,0.0,0x00,0,0,0,0,64.0,64196.0,0,0,0,58,eth:ethertype:ip:tcp:mqtt,,,,,,,,,,,0.0,Normal,0.0
1744306386229276,10.42.0.1,10.42.0.2,1883,50093,5,234,0,1,0,0,0,0,0,0,0,0,0,0.0,0,,0,0,,0,0,0,0,0,0,0,0,0.0,0,0,0,0,0,64.0,64007.0,0,0,0,54,eth:ethertype:ip:tcp,,,,,,,,,,,0.0,Normal,0.0
1744306386229361,10.42.0.1,10.42.0.2,1883,50093,5,234,0,1,1,0,0,0,0,0,0,0,0,0.0,0,,0,0,,0,0,0,0,0,0,0,0,0.0,0,0,0,0,0,64.0,64007.0,0,0,0,54,eth:ethertype:ip:tcp,,,,,,,,,,,0.0,Normal,0.0
1744306401239993,10.42.0.1,10.42.0.139,1883,50094,0,1,1,1,0,0,0,0,0,0,0,0,0,0.0,0,,0,0,,0,0,0,0,0,0,0,0,0.0,0,0,0,0,0,64.0,64240.0,0,0,0,58,eth:ethertype:ip:tcp,,,,,,,,,,,0.0,Normal,0.0
1744306401246080,10.42.0.1,10.42.0.139,1883,50094,1,4,0,1,0,0,0,0,0,0,0,0,0,0.0,0,,0,0,,0,0,0,0,0,0,0,0,0.0,0,0,0,0,0,64.0,64237.0,0,0,0,54,eth:ethertype:ip:tcp,,,,,,,,,,,0.0,Normal,0.0
1744306401249504,10.42.0.1,10.42.0.139,1883,50094,1,33,0,1,0,0,0,0,0,0,0,0,0,0.0,0,,0,0,,0,0,0,0,0,0,0,0,0.0,0,0,0,0,0,64.0,64208.0,0,0,0,54,eth:ethertype:ip:tcp,,,,,,,,,,,0.0,Normal,0.0
1744306401252557,10.42.0.1,10.42.0.139,1883,50094,1,45,0,1,0,0,0,0,0,0,0,0,0,0.0,0,,0,0,,0,0,0,0,0,0,0,0,0.0,0,0,0,0,0,64.0,64196.0,0,0,0,54,eth:ethertype:ip:tcp,,,,,,,,,,,0.0,Normal,0.0
1744306401252799,10.42.0.1,10.42.0.139,1883,50094,1,45,0,1,0,0,1,0,4,0,0,0,0,0.0,0,,0,2,,0,0,0,0,2,0,0,0,0.0,0x00,0,0,0,0,64.0,64196.0,0,0,0,58,eth:ethertype:ip:tcp:mqtt,,,,,,,,,,,0.0,Normal,0.0
1744306401298443,10.42.0.1,10.42.0.139,1883,50094,5,234,0,1,0,0,0,0,0,0,0,0,0,0.0,0,,0,0,,0,0,0,0,0,0,0,0,0.0,0,0,0,0,0,64.0,64007.0,0,0,0,54,eth:ethertype:ip:tcp,,,,,,,,,,,0.0,Normal,0.0
1744306401298478,10.42.0.1,10.42.0.139,1883,50094,5,234,0,1,1,0,0,0,0,0,0,0,0,0.0,0,,0,0,,0,0,0,0,0,0,0,0,0.0,0,0,0,0,0,64.0,64007.0,0,0,0,54,eth:ethertype:ip:tcp,,,,,,,,,,,0.0,Normal,0.0
1744306416239993,10.42.0.1,10.42.0.2,1883,50094,0,1,1,1,0,0,0,0,0,0,0,0,0,0.0,0,,0,0,,0,0,0,0,0,0,0,0,0.0,0,0,0,0,0,64.0,64240.0,0,0,0,58,eth:ethertype:ip:tcp,,,,,,,,,,,0.0,Normal,0.0
1744306416246080,10.42.0.1,10.42.0.2,1883,50094,1,4,0,1,0,0,0,0,0,0,0,0,0,0.0,0,,0,0,,0,0,0,0,0,0,0,0,0.0,0,0,0,0,0,64.0,64237.0,0,0,0,54,eth:ethertype:ip:tcp,,,,,,,,,,,0.0,Normal,0.0
1744306416249504,10.42.0.1,10.42.0.2,1883,50094,1,33,0,1,0,0,0,0,0,0,0,0,0,0.0,0,,0,0,,0,0,0,0,0,0,0,0,0.0,0,0,0,0,0,64.0,64208.0,0,0,0,54,eth:ethertype:ip:tcp,,,,,,,,,,,0.0,Normal,0.0
1744306416252557,10.42.0.1,10.42.0.2,1883,50094,1,45,0,1,0,0,0,0,0,0,0,0,0,0.0,0,,0,0,,0,0,0,0,0,0,0,0,0.0,0,0,0,0,0,64.0,64196.0,0,0,0,54,eth:ethertype:ip:tcp,,,,,,,,,,,0.0,Normal,0.0
1744306416252799,10.42.0.1,10.42.0.2,1883,50094,1,45,0,1,0,0,1,0,4,0,0,0,0,0.0,0,,0,2,,0,0,0,0,2,0,0,0,0.0,0x00,0,0,0,0,64.0,64196.0,0,0,0,58,eth:ethertype:ip:tcp:mqtt,,,,,,,,,,,0.0,Normal,0.0
1744306416298443,10.42.0.1,10.42.0.2,1883,50094,5,234,0,1,0,0,0,0,0,0,0,0,0,0.0,0,,0,0,,0,0,0,0,0,0,0,0,0.0,0,0,0,0,0,64.0,64007.0,0,0,0,54,eth:ethertype:ip:tcp,,,,,,,,,,,0.0,Normal,0.0
1744306416298478,10.42.0.1,10.42.0.2,1883,50094,5,234,0,1,1,0,0,0,0,0,0,0,0,0.0,0,,0,0,,0,0,0,0,0,0,0,0,0.0,0,0,0,0,0,64.0,64007.0,0,0,0,54,eth:ethertype:ip:tcp,,,,,,,,,,,0.0,Normal,0.0
1744306431307360,10.42.0.1,10.42.0.139,1883,50095,0,1,1,1,0,0,0,0,0,0,0,0,0,0.0,0,,0,0,,0,0,0,0,0,0,0,0,0.0,0,0,0,0,0,64.0,64240.0,0,0,0,58,eth:ethertype:ip:tcp,,,,,,,,,,,0.0,Normal,0.0
1744306431313326,10.42.0.1,10.42.0.139,1883,50095,1,4,0,1,0,0,0,0,0,0,0,0,0,0.0,0,,0,0,,0,0,0,0,0,0,0,0,0.0,0,0,0,0,0,64.0,64237.0,0,0,0,54,eth:ethertype:ip:tcp,,,,,,,,,,,0.0,Normal,0.0
1744306431316734,10.42.0.1,10.42.0.139,1883,50095,1,33,0,1,0,0,0,0,0,0,0,0,0,0.0,0,,0,0,,0,0,0,0,0,0,0,0,0.0,0,0,0,0,0,64.0,64208.0,0,0,0,54,eth:ethertype:ip:tcp,,,,,,,,,,,0.0,Normal,0.0
1744306431319836,10.42.0.1,10.42.0.139,1883,50095,1,45,0,1,0,0,0,0,0,0,0,0,0,0.0,0,,0,0,,0,0,0,0,0,0,0,0,0.0,0,0,0,0,0,64.0,64196.0,0,0,0,54,eth:ethertype:ip:tcp,,,,,,,,,,,0.0,Normal,0.0
1744306431320198,10.42.0.1,10.42.0.139,1883,50095,1,45,0,1,0,0,1,0,4,0,0,0,0,0.0,0,,0,2,,0,0,0,0,2,0,0,0,0.0,0x00,0,0,0,0,64.0,64196.0,0,0,0,58,eth:ethertype:ip:tcp:mqtt,,,,,,,,,,,0.0,Normal,0.0
1744306431368356,10.42.0.1,10.42.0.139,1883,50095,5,234,0,1,0,0,0,0,0,0,0,0,0,0.0,0,,0,0,,0,0,0,0,0,0,0,0,0.0,0,0,0,0,0,64.0,64007.0,0,0,0,54,eth:ethertype:ip:tcp,,,,,,,,,,,0.0,Normal,0.0
1744306431368402,10.42.0.1,10.42.0.139,1883,50095,5,234,0,1,1,0,0,0,0,0,0,0,0,0.0,0,,0,0,,0,0,0,0,0,0,0,0,0.0,0,0,0,0,0,64.0,64007.0,0,0,0,54,eth:ethertype:ip:tcp,,,,,,,,,,,0.0,Normal,0.0
1744306446307360,10.42.0.1,10.42.0.2,1883,50095,0,1,1,1,0,0,0,0,0,0,0,0,0,0.0,0,,0,0,,0,0,0,0,0,0,0,0,0.0,0,0,0,0,0,64.0,64240.0,0,0,0,58,eth:ethertype:ip:tcp,,,,,,,,,,,0.0,Normal,0.0
1744306446313326,10.42.0.1,10.42.0.2,1883,50095,1,4,0,1,0,0,0,0,0,0,0,0,0,0.0,0,,0,0,,0,0,0,0,0,0,0,0,0.0,0,0,0,0,0,64.0,64237.0,0,0,0,54,eth:ethertype:ip:tcp,,,,,,,,,,,0.0,Normal,0.0
1744306446316734,10.42.0.1,10.42.0.2,1883,50095,1,33,0,1,0,0,0,0,0,0,0,0,0,0.0,0,,0,0,,0,0,0,0,0,0,0,0,0.0,0,0,0,0,0,64.0,64208.0,0,0,0,54,eth:ethertype:ip:tcp,,,,,,,,,,,0.0,Normal,0.0
1744306446319836,10.42.0.1,10.42.0.2,1883,50095,1,45,0,1,0,0,0,0,0,0,0,0,0,0.0,0,,0,0,,0,0,0,0,0,0,0,0,0.0,0,0,0,0,0,64.0,64196.0,0,0,0,54,eth:ethertype:ip:tcp,,,,,,,,,,,0.0,Normal,0.0
1744306446320198,10.42.0.1,10.42.0.2,1883,50095,1,45,0,1,0,0,1,0,4,0,0,0,0,0.0,0,,0,2,,0,0,0,0,2,0,0,0,0.0,0x00,0,0,0,0,64.0,64196.0,0,0,0,58,eth:ethertype:ip:tcp:mqtt,,,,,,,,,,,0.0,Normal,0.0
1744306446368356,10.42.0.1,10.42.0.2,1883,50095,5,234,0,1,0,0,0,0,0,0,0,0,0,0.0,0,,0,0,,0,0,0,0,0,0,0,0,0.0,0,0,0,0,0,64.0,64007.0,0,0,0,54,eth:ethertype:ip:tcp,,,,,,,,,,,0.0,Normal,0.0
1744306446368402,10.42.0.1,10.42.0.2,1883,50095,5,234,0,1,1,0,0,0,0,0,0,0,0,0.0,0,,0,0,,0,0,0,0,0,0,0,0,0.0,0,0,0,0,0,64.0,64007.0,0,0,0,54,eth:ethertype:ip:tcp,,,,,,,,,,,0.0,Normal,0.0
1744306461376415,10.42.0.1,10.42.0.139,1883,50096,0,1,1,1,0,0,0,0,0,0,0,0,0,0.0,0,,0,0,,0,0,0,0,0,0,0,0,0.0,0,0,0,0,0,64.0,64240.0,0,0,0,58,eth:ethertype:ip:tcp,,,,,,,,,,,0.0,Normal,0.0
1744306461400178,10.42.0.1,10.42.0.139,1883,50096,1,4,0,1,0,0,0,0,0,0,0,0,0,0.0,0,,0,0,,0,0,0,0,0,0,0,0,0.0,0,0,0,0,0,64.0,64237.0,0,0,0,54,eth:ethertype:ip:tcp,,,,,,,,,,,0.0,Normal,0.0
1744306461403877,10.42.0.1,10.42.0.139,1883,50096,1,33,0,1,0,0,0,0,0,0,0,0,0,0.0,0,,0,0,,0,0,0,0,0,0,0,0,0.0,0,0,0,0,0,64.0,64208.0,0,0,0,54,eth:ethertype:ip:tcp,,,,,,,,,,,0.0,Normal,0.0
1744306461406865,10.42.0.1,10.42.0.139,1883,50096,1,45,0,1,0,0,0,0,0,0,0,0,0,0.0,0,,0,0,,0,0,0,0,0,0,0,0,0.0,0,0,0,0,0,64.0,64196.0,0,0,0,54,eth:ethertype:ip:tcp,,,,,,,,,,,0.0,Normal,0.0
1744306461407183,10.42.0.1,10.42.0.139,1883,50096,1,45,0,1,0,0,1,0,4,0,0,0,0,0.0,0,,0,2,,0,0,0,0,2,0,0,0,0.0,0x00,0,0,0,0,64.0,64196.0,0,0,0,58,eth:ethertype:ip:tcp:mqtt,,,,,,,,,,,0.0,Normal,0.0
1744306461456983,10.42.0.1,10.42.0.139,1883,50096,5,234,0,1,0,0,0,0,0,0,0,0,0,0.0,0,,0,0,,0,0,0,0,0,0,0,0,0.0,0,0,0,0,0,64.0,64007.0,0,0,0,54,eth:ethertype:ip:tcp,,,,,,,,,,,0.0,Normal,0.0
1744306461457053,10.42.0.1,10.42.0.139,1883,50096,5,234,0,1,1,0,0,0,0,0,0,0,0,0.0,0,,0,0,,0,0,0,0,0,0,0,0,0.0,0,0,0,0,0,64.0,64007.0,0,0,0,54,eth:ethertype:ip:tcp,,,,,,,,,,,0.0,Normal,0.0
1744306476376415,10.42.0.1,10.42.0.2,1883,50096,0,1,1,1,0,0,0,0,0,0,0,0,0,0.0,0,,0,0,,0,0,0,0,0,0,0,0,0.0,0,0,0,0,0,64.0,64240.0,0,0,0,58,eth:ethertype:ip:tcp,,,,,,,,,,,0.0,Normal,0.0
1744306476400178,10.42.0.1,10.42.0.2,1883,50096,1,4,0,1,0,0,0,0,0,0,0,0,0,0.0,0,,0,0,,0,0,0,0,0,0,0,0,0.0,0,0,0,0,0,64.0,64237.0,0,0,0,54,eth:ethertype:ip:tcp,,,,,,,,,,,0.0,Normal,0.0
1744306476403877,10.42.0.1,10.42.0.2,1883,50096,1,33,0,1,0,0,0,0,0,0,0,0,0,0.0,0,,0,0,,0,0,0,0,0,0,0,0,0.0,0,0,0,0,0,64.0,64208.0,0,0,0,54,eth:ethertype:ip:tcp,,,,,,,,,,,0.0,Normal,0.0
1744306476406865,10.42.0.1,10.42.0.2,1883,50096,1,45,0,1,0,0,0,0,0,0,0,0,0,0.0,0,,0,0,,0,0,0,0,0,0,0,0,0.0,0,0,0,0,0,64.0,64196.0,0,0,0,54,eth:ethertype:ip:tcp,,,,,,,,,,,0.0,Normal,0.0
1744306476407183,10.42.0.1,10.42.0.2,1883,50096,1,45,0,1,0,0,1,0,4,0,0,0,0,0.0,0,,0,2,,0,0,0,0,2,0,0,0,0.0,0x00,0,0,0,0,64.0,64196.0,0,0,0,58,eth:ethertype:ip:tcp:mqtt,,,,,,,,,,,0.0,Normal,0.0
1744306476456983,10.42.0.1,10.42.0.2,1883,50096,5,234,0,1,0,0,0,0,0,0,0,0,0,0.0,0,,0,0,,0,0,0,0,0,0,0,0,0.0,0,0,0,0,0,64.0,64007.0,0,0,0,54,eth:ethertype:ip:tcp,,,,,,,,,,,0.0,Normal,0.0
1744306476457053,10.42.0.1,10.42.0.2,1883,50096,5,234,0,1,1,0,0,0,0,0,0,0,0,0.0,0,,0,0,,0,0,0,0,0,0,0,0,0.0,0,0,0,0,0,64.0,64007.0,0,0,0,54,eth:ethertype:ip:tcp,,,,,,,,,,,0.0,Normal,0.0
1744306491465056,10.42.0.1,10.42.0.139,1883,50097,0,1,1,1,0,0,0,0,0,0,0,0,0,0.0,0,,0,0,,0,0,0,0,0,0,0,0,0.0,0,0,0,0,0,64.0,64240.0,0,0,0,58,eth:ethertype:ip:tcp,,,,,,,,,,,0.0,Normal,0.0
1744306491470890,10.42.0.1,10.42.0.139,1883,50097,1,4,0,1,0,0,0,0,0,0,0,0,0,0.0,0,,0,0,,0,0,0,0,0,0,0,0,0.0,0,0,0,0,0,64.0,64237.0,0,0,0,54,eth:ethertype:ip:tcp,,,,,,,,,,,0.0,Normal,0.0
1744306491474293,10.42.0.1,10.42.0.139,1883,50097,1,33,0,1,0,0,0,0,0,0,0,0,0,0.0,0,,0,0,,0,0,0,0,0,0,0,0,0.0,0,0,0,0,0,64.0,64208.0,0,0,0,54,eth:ethertype:ip:tcp,,,,,,,,,,,0.0,Normal,0.0
1744306491480722,10.42.0.1,10.42.0.139,1883,50097,1,45,0,1,0,0,0,0,0,0,0,0,0,0.0,0,,0,0,,0,0,0,0,0,0,0,0,0.0,0,0,0,0,0,64.0,64196.0,0,0,0,54,eth:ethertype:ip:tcp,,,,,,,,,,,0.0,Normal,0.0
1744306491481127,10.42.0.1,10.42.0.139,1883,50097,1,45,0,1,0,0,1,0,4,0,0,0,0,0.0,0,,0,2,,0,0,0,0,2,0,0,0,0.0,0x00,0,0,0,0,64.0,64196.0,0,0,0,58,eth:ethertype:ip:tcp:mqtt,,,,,,,,,,,0.0,Normal,0.0
1744306491526304,10.42.0.1,10.42.0.139,1883,50097,5,234,0,1,0,0,0,0,0,0,0,0,0,0.0,0,,0,0,,0,0,0,0,0,0,0,0,0.0,0,0,0,0,0,64.0,64007.0,0,0,0,54,eth:ethertype:ip:tcp,,,,,,,,,,,0.0,Normal,0.0
1744306491526419,10.42.0.1,10.42.0.139,1883,50097,5,234,0,1,1,0,0,0,0,0,0,0,0,0.0,0,,0,0,,0,0,0,0,0,0,0,0,0.0,0,0,0,0,0,64.0,64007.0,0,0,0,54,eth:ethertype:ip:tcp,,,,,,,,,,,0.0,Normal,0.0
1744306506465056,10.42.0.1,10.42.0.2,1883,50097,0,1,1,1,0,0,0,0,0,0,0,0,0,0.0,0,,0,0,,0,0,0,0,0,0,0,0,0.0,0,0,0,0,0,64.0,64240.0,0,0,0,58,eth:ethertype:ip:tcp,,,,,,,,,,,0.0,Normal,0.0
1744306506470890,10.42.0.1,10.42.0.2,1883,50097,1,4,0,1,0,0,0,0,0,0,0,0,0,0.0,0,,0,0,,0,0,0,0,0,0,0,0,0.0,0,0,0,0,0,64.0,64237.0,0,0,0,54,eth:ethertype:ip:tcp,,,,,,,,,,,0.0,Normal,0.0
1744306506474293,10.42.0.1,10.42.0.2,1883,50097,1,33,0,1,0,0,0,0,0,0,0,0,0,0.0,0,,0,0,,0,0,0,0,0,0,0,0,0.0,0,0,0,0,0,64.0,64208.0,0,0,0,54,eth:ethertype:ip:tcp,,,,,,,,,,,0.0,Normal,0.0
1744306506480722,10.42.0.1,10.42.0.2,1883,50097,1,45,0,1,0,0,0,0,0,0,0,0,0,0.0,0,,0,0,,0,0,0,0,0,0,0,0,0.0,0,0,0,0,0,64.0,64196.0,0,0,0,54,eth:ethertype:ip:tcp,,,,,,,,,,,0.0,Normal,0.0
1744306506481127,10.42.0.1,10.42.0.2,1883,50097,1,45,0,1,0,0,1,0,4,0,0,0,0,0.0,0,,0,2,,0,0,0,0,2,0,0,0,0.0,0x00,0,0,0,0,64.0,64196.0,0,0,0,58,eth:ethertype:ip:tcp:mqtt,,,,,,,,,,,0.0,Normal,0.0
1744306506526304,10.42.0.1,10.42.0.2,1883,50097,5,234,0,1,0,0,0,0,0,0,0,0,0,0.0,0,,0,0,,0,0,0,0,0,0,0,0,0.0,0,0,0,0,0,64.0,64007.0,0,0,0,54,eth:ethertype:ip:tcp,,,,,,,,,,,0.0,Normal,0.0
1744306506526419,10.42.0.1,10.42.0.2,1883,50097,5,234,0,1,1,0,0,0,0,0,0,0,0,0.0,0,,0,0,,0,0,0,0,0,0,0,0,0.0,0,0,0,0,0,64.0,64007.0,0,0,0,54,eth:ethertype:ip:tcp,,,,,,,,,,,0.0,Normal,0.0
1744306521535369,10.42.0.1,10.42.0.139,1883,50098,0,1,1,1,0,0,0,0,0,0,0,0,0,0.0,0,,0,0,,0,0,0,0,0,0,0,0,0.0,0,0,0,0,0,64.0,64240.0,0,0,0,58,eth:ethertype:ip:tcp,,,,,,,,,,,0.0,Normal,0.0
1744306521542140,10.42.0.1,10.42.0.139,1883,50098,1,4,0,1,0,0,0,0,0,0,0,0,0,0.0,0,,0,0,,0,0,0,0,0,0,0,0,0.0,0,0,0,0,0,64.0,64237.0,0,0,0,54,eth:ethertype:ip:tcp,,,,,,,,,,,0.0,Normal,0.0
1744306521545684,10.42.0.1,10.42.0.139,1883,50098,1,35,0,1,0,0,0,0,0,0,0,0,0,0.0,0,,0,0,,0,0,0,0,0,0,0,0,0.0,0,0,0,0,0,64.0,64206.0,0,0,0,54,eth:ethertype:ip:tcp,,,,,,,,,,,0.0,Normal,0.0
1744306521548835,10.42.0.1,10.42.0.139,1883,50098,1,45,0,1,0,0,0,0,0,0,0,0,0,0.0,0,,0,0,,0,0,0,0,0,0,0,0,0.0,0,0,0,0,0,64.0,64196.0,0,0,0,54,eth:ethertype:ip:tcp,,,,,,,,,,,0.0,Normal,0.0
1744306521549185,10.42.0.1,10.42.0.139,1883,50098,1,45,0,1,0,0,1,0,4,0,0,0,0,0.0,0,,0,2,,0,0,0,0,2,0,0,0,0.0,0x00,0,0,0,0,64.0,64196.0,0,0,0,58,eth:ethertype:ip:tcp:mqtt,,,,,,,,,,,0.0,Normal,0.0
1744306521619664,10.42.0.1,10.42.0.139,1883,50098,5,234,0,1,0,0,0,0,0,0,0,0,0,0.0,0,,0,0,,0,0,0,0,0,0,0,0,0.0,0,0,0,0,0,64.0,64007.0,0,0,0,54,eth:ethertype:ip:tcp,,,,,,,,,,,0.0,Normal,0.0
1744306521619861,10.42.0.1,10.42.0.139,1883,50098,5,234,0,1,1,0,0,0,0,0,0,0,0,0.0,0,,0,0,,0,0,0,0,0,0,0,0,0.0,0,0,0,0,0,64.0,64007.0,0,0,0,54,eth:ethertype:ip:tcp,,,,,,,,,,,0.0,Normal,0.0
1744306536535369,10.42.0.1,10.42.0.2,1883,50098,0,1,1,1,0,0,0,0,0,0,0,0,0,0.0,0,,0,0,,0,0,0,0,0,0,0,0,0.0,0,0,0,0,0,64.0,64240.0,0,0,0,58,eth:ethertype:ip:tcp,,,,,,,,,,,0.0,Normal,0.0
1744306536542140,10.42.0.1,10.42.0.2,1883,50098,1,4,0,1,0,0,0,0,0,0,0,0,0,0.0,0,,0,0,,0,0,0,0,0,0,0,0,0.0,0,0,0,0,0,64.0,64237.0,0,0,0,54,eth:ethertype:ip:tcp,,,,,,,,,,,0.0,Normal,0.0
1744306536545684,10.42.0.1,10.42.0.2,1883,50098,1,35,0,1,0,0,0,0,0,0,0,0,0,0.0,0,,0,0,,0,0,0,0,0,0,0,0,0.0,0,0,0,0,0,64.0,64206.0,0,0,0,54,eth:ethertype:ip:tcp,,,,,,,,,,,0.0,Normal,0.0
1744306536548835,10.42.0.1,10.42.0.2,1883,50098,1,45,0,1,0,0,0,0,0,0,0,0,0,0.0,0,,0,0,,0,0,0,0,0,0,0,0,0.0,0,0,0,0,0,64.0,64196.0,0,0,0,54,eth:ethertype:ip:tcp,,,,,,,,,,,0.0,Normal,0.0
1744306536549185,10.42.0.1,10.42.0.2,1883,50098,1,45,0,1,0,0,1,0,4,0,0,0,0,0.0,0,,0,2,,0,0,0,0,2,0,0,0,0.0,0x00,0,0,0,0,64.0,64196.0,0,0,0,58,eth:ethertype:ip:tcp:mqtt,,,,,,,,,,,0.0,Normal,0.0
1744306536619664,10.42.0.1,10.42.0.2,1883,50098,5,234,0,1,0,0,0,0,0,0,0,0,0,0.0,0,,0,0,,0,0,0,0,0,0,0,0,0.0,0,0,0,0,0,64.0,64007.0,0,0,0,54,eth:ethertype:ip:tcp,,,,,,,,,,,0.0,Normal,0.0
1744306536619861,10.42.0.1,10.42.0.2,1883,50098,5,234,0,1,1,0,0,0,0,0,0,0,0,0.0,0,,0,0,,0,0,0,0,0,0,0,0,0.0,0,0,0,0,0,64.0,64007.0,0,0,0,54,eth:ethertype:ip:tcp,,,,,,,,,,,0.0,Normal,0.0
1744306551606369,10.42.0.1,10.42.0.139,1883,50099,0,1,1,1,0,0,0,0,0,0,0,0,0,0.0,0,,0,0,,0,0,0,0,0,0,0,0,0.0,0,0,0,0,0,64.0,64240.0,0,0,0,58,eth:ethertype:ip:tcp,,,,,,,,,,,0.0,Normal,0.0
1744306551612440,10.42.0.1,10.42.0.139,1883,50099,1,4,0,1,0,0,0,0,0,0,0,0,0,0.0,0,,0,0,,0,0,0,0,0,0,0,0,0.0,0,0,0,0,0,64.0,64237.0,0,0,0,54,eth:ethertype:ip:tcp,,,,,,,,,,,0.0,Normal,0.0
1744306551618120,10.42.0.1,10.42.0.139,1883,50099,1,33,0,1,0,0,0,0,0,0,0,0,0,0.0,0,,0,0,,0,0,0,0,0,0,0,0,0.0,0,0,0,0,0,64.0,64208.0,0,0,0,54,eth:ethertype:ip:tcp,,,,,,,,,,,0.0,Normal,0.0
1744306551620846,10.42.0.1,10.42.0.139,1883,50099,1,45,0,1,0,0,0,0,0,0,0,0,0,0.0,0,,0,0,,0,0,0,0,0,0,0,0,0.0,0,0,0,0,0,64.0,64196.0,0,0,0,54,eth:ethertype:ip:tcp,,,,,,,,,,,0.0,Normal,0.0
1744306551621244,10.42.0.1,10.42.0.139,1883,50099,1,45,0,1,0,0,1,0,4,0,0,0,0,0.0,0,,0,2,,0,0,0,0,2,0,0,0,0.0,0x00,0,0,0,0,64.0,64196.0,0,0,0,58,eth:ethertype:ip:tcp:mqtt,,,,,,,,,,,0.0,Normal,0.0
1744306551675197,10.42.0.1,10.42.0.139,1883,50099,5,234,0,1,0,0,0,0,0,0,0,0,0,0.0,0,,0,0,,0,0,0,0,0,0,0,0,0.0,0,0,0,0,0,64.0,64007.0,0,0,0,54,eth:ethertype:ip:tcp,,,,,,,,,,,0.0,Normal,0.0
1744306551675273,10.42.0.1,10.42.0.139,1883,50099,5,234,0,1,1,0,0,0,0,0,0,0,0,0.0,0,,0,0,,0,0,0,0,0,0,0,0,0.0,0,0,0,0,0,64.0,64007.0,0,0,0,54,eth:ethertype:ip:tcp,,,,,,,,,,,0.0,Normal,0.0
1744306566606369,10.42.0.1,10.42.0.2,1883,50099,0,1,1,1,0,0,0,0,0,0,0,0,0,0.0,0,,0,0,,0,0,0,0,0,0,0,0,0.0,0,0,0,0,0,64.0,64240.0,0,0,0,58,eth:ethertype:ip:tcp,,,,,,,,,,,0.0,Normal,0.0
1744306566612440,10.42.0.1,10.42.0.2,1883,50099,1,4,0,1,0,0,0,0,0,0,0,0,0,0.0,0,,0,0,,0,0,0,0,0,0,0,0,0.0,0,0,0,0,0,64.0,64237.0,0,0,0,54,eth:ethertype:ip:tcp,,,,,,,,,,,0.0,Normal,0.0
1744306566618120,10.42.0.1,10.42.0.2,1883,50099,1,33,0,1,0,0,0,0,0,0,0,0,0,0.0,0,,0,0,,0,0,0,0,0,0,0,0,0.0,0,0,0,0,0,64.0,64208.0,0,0,0,54,eth:ethertype:ip:tcp,,,,,,,,,,,0.0,Normal,0.0
1744306566620846,10.42.0.1,10.42.0.2,1883,50099,1,45,0,1,0,0,0,0,0,0,0,0,0,0.0,0,,0,0,,0,0,0,0,0,0,0,0,0.0,0,0,0,0,0,64.0,64196.0,0,0,0,54,eth:ethertype:ip:tcp,,,,,,,,,,,0.0,Normal,0.0
1744306566621244,10.42.0.1,10.42.0.2,1883,50099,1,45,0,1,0,0,1,0,4,0,0,0,0,0.0,0,,0,2,,0,0,0,0,2,0,0,0,0.0,0x00,0,0,0,0,64.0,64196.0,0,0,0,58,eth:ethertype:ip:tcp:mqtt,,,,,,,,,,,0.0,Normal,0.0
1744306566675197,10.42.0.1,10.42.0.2,1883,50099,5,234,0,1,0,0,0,0,0,0,0,0,0,0.0,0,,0,0,,0,0,0,0,0,0,0,0,0.0,0,0,0,0,0,64.0,64007.0,0,0,0,54,eth:ethertype:ip:tcp,,,,,,,,,,,0.0,Normal,0.0
1744306566675273,10.42.0.1,10.42.0.2,1883,50099,5,234,0,1,1,0,0,0,0,0,0,0,0,0.0,0,,0,0,,0,0,0,0,0,0,0,0,0.0,0,0,0,0,0,64.0,64007.0,0,0,0,54,eth:ethertype:ip:tcp,,,,,,,,,,,0.0,Normal,0.0
1744306581683855,10.42.0.1,10.42.0.139,1883,50100,0,1,1,1,0,0,0,0,0,0,0,0,0,0.0,0,,0,0,,0,0,0,0,0,0,0,0,0.0,0,0,0,0,0,64.0,64240.0,0,0,0,58,eth:ethertype:ip:tcp,,,,,,,,,,,0.0,Normal,0.0
1744306581691588,10.42.0.1,10.42.0.139,1883,50100,1,4,0,1,0,0,0,0,0,0,0,0,0,0.0,0,,0,0,,0,0,0,0,0,0,0,0,0.0,0,0,0,0,0,64.0,64237.0,0,0,0,54,eth:ethertype:ip:tcp,,,,,,,,,,,0.0,Normal,0.0
1744306581696494,10.42.0.1,10.42.0.139,1883,50100,1,45,0,1,0,0,0,0,0,0,0,0,0,0.0,0,,0,0,,0,0,0,0,0,0,0,0,0.0,0,0,0,0,0,64.0,64196.0,0,0,0,54,eth:ethertype:ip:tcp,,,,,,,,,,,0.0,Normal,0.0
1744306581696865,10.42.0.1,10.42.0.139,1883,50100,1,45,0,1,0,0,1,0,4,0,0,0,0,0.0,0,,0,2,,0,0,0,0,2,0,0,0,0.0,0x00,0,0,0,0,64.0,64196.0,0,0,0,58,eth:ethertype:ip:tcp:mqtt,,,,,,,,,,,0.0,Normal,0.0
1744306581744730,10.42.0.1,10.42.0.139,1883,50100,5,234,0,1,0,0,0,0,0,0,0,0,0,0.0,0,,0,0,,0,0,0,0,0,0,0,0,0.0,0,0,0,0,0,64.0,64007.0,0,0,0,54,eth:ethertype:ip:tcp,,,,,,,,,,,0.0,Normal,0.0
1744306581744782,10.42.0.1,10.42.0.139,1883,50100,5,234,0,1,1,0,0,0,0,0,0,0,0,0.0,0,,0,0,,0,0,0,0,0,0,0,0,0.0,0,0,0,0,0,64.0,64007.0,0,0,0,54,eth:ethertype:ip:tcp,,,,,,,,,,,0.0,Normal,0.0
1744306596683855,10.42.0.1,10.42.0.2,1883,50100,0,1,1,1,0,0,0,0,0,0,0,0,0,0.0,0,,0,0,,0,0,0,0,0,0,0,0,0.0,0,0,0,0,0,64.0,64240.0,0,0,0,58,eth:ethertype:ip:tcp,,,,,,,,,,,0.0,Normal,0.0
1744306596691588,10.42.0.1,10.42.0.2,1883,50100,1,4,0,1,0,0,0,0,0,0,0,0,0,0.0,0,,0,0,,0,0,0,0,0,0,0,0,0.0,0,0,0,0,0,64.0,64237.0,0,0,0,54,eth:ethertype:ip:tcp,,,,,,,,,,,0.0,Normal,0.0
1744306596696494,10.42.0.1,10.42.0.2,1883,50100,1,45,0,1,0,0,0,0,0,0,0,0,0,0.0,0,,0,0,,0,0,0,0,0,0,0,0,0.0,0,0,0,0,0,64.0,64196.0,0,0,0,54,eth:ethertype:ip:tcp,,,,,,,,,,,0.0,Normal,0.0
1744306596696865,10.42.0.1,10.42.0.2,1883,50100,1,45,0,1,0,0,1,0,4,0,0,0,0,0.0,0,,0,2,,0,0,0,0,2,0,0,0,0.0,0x00,0,0,0,0,64.0,64196.0,0,0,0,58,eth:ethertype:ip:tcp:mqtt,,,,,,,,,,,0.0,Normal,0.0
1744306596744730,10.42.0.1,10.42.0.2,1883,50100,5,234,0,1,0,0,0,0,0,0,0,0,0,0.0,0,,0,0,,0,0,0,0,0,0,0,0,0.0,0,0,0,0,0,64.0,64007.0,0,0,0,54,eth:ethertype:ip:tcp,,,,,,,,,,,0.0,Normal,0.0
1744306596744782,10.42.0.1,10.42.0.2,1883,50100,5,234,0,1,1,0,0,0,0,0,0,0,0,0.0,0,,0,0,,0,0,0,0,0,0,0,0,0.0,0,0,0,0,0,64.0,64007.0,0,0,0,54,eth:ethertype:ip:tcp,,,,,,,,,,,0.0,Normal,0.0
1744306611753339,10.42.0.1,10.42.0.139,1883,50101,0,1,1,1,0,0,0,0,0,0,0,0,0,0.0,0,,0,0,,0,0,0,0,0,0,0,0,0.0,0,0,0,0,0,64.0,64240.0,0,0,0,58,eth:ethertype:ip:tcp,,,,,,,,,,,0.0,Normal,0.0
1744306611759379,10.42.0.1,10.42.0.139,1883,50101,1,4,0,1,0,0,0,0,0,0,0,0,0,0.0,0,,0,0,,0,0,0,0,0,0,0,0,0.0,0,0,0,0,0,64.0,64237.0,0,0,0,54,eth:ethertype:ip:tcp,,,,,,,,,,,0.0,Normal,0.0
1744306611762858,10.42.0.1,10.42.0.139,1883,50101,1,33,0,1,0,0,0,0,0,0,0,0,0,0.0,0,,0,0,,0,0,0,0,0,0,0,0,0.0,0,0,0,0,0,64.0,64208.0,0,0,0,54,eth:ethertype:ip:tcp,,,,,,,,,,,0.0,Normal,0.0
1744306611765884,10.42.0.1,10.42.0.139,1883,50101,1,45,0,1,0,0,0,0,0,0,0,0,0,0.0,0,,0,0,,0,0,0,0,0,0,0,0,0.0,0,0,0,0,0,64.0,64196.0,0,0,0,54,eth:ethertype:ip:tcp,,,,,,,,,,,0.0,Normal,0.0
1744306611766244,10.42.0.1,10.42.0.139,1883,50101,1,45,0,1,0,0,1,0,4,0,0,0,0,0.0,0,,0,2,,0,0,0,0,2,0,0,0,0.0,0x00,0,0,0,0,64.0,64196.0,0,0,0,58,eth:ethertype:ip:tcp:mqtt,,,,,,,,,,,0.0,Normal,0.0
1744306611813726,10.42.0.1,10.42.0.139,1883,50101,5,234,0,1,0,0,0,0,0,0,0,0,0,0.0,0,,0,0,,0,0,0,0,0,0,0,0,0.0,0,0,0,0,0,64.0,64007.0,0,0,0,54,eth:ethertype:ip:tcp,,,,,,,,,,,0.0,Normal,0.0
1744306611813761,10.42.0.1,10.42.0.139,1883,50101,5,234,0,1,1,0,0,0,0,0,0,0,0,0.0,0,,0,0,,0,0,0,0,0,0,0,0,0.0,0,0,0,0,0,64.0,64007.0,0,0,0,54,eth:ethertype:ip:tcp,,,,,,,,,,,0.0,Normal,0.0
1744306626753339,10.42.0.1,10.42.0.2,1883,50101,0,1,1,1,0,0,0,0,0,0,0,0,0,0.0,0,,0,0,,0,0,0,0,0,0,0,0,0.0,0,0,0,0,0,64.0,64240.0,0,0,0,58,eth:ethertype:ip:tcp,,,,,,,,,,,0.0,Normal,0.0
1744306626759379,10.42.0.1,10.42.0.2,1883,50101,1,4,0,1,0,0,0,0,0,0,0,0,0,0.0,0,,0,0,,0,0,0,0,0,0,0,0,0.0,0,0,0,0,0,64.0,64237.0,0,0,0,54,eth:ethertype:ip:tcp,,,,,,,,,,,0.0,Normal,0.0
1744306626762858,10.42.0.1,10.42.0.2,1883,50101,1,33,0,1,0,0,0,0,0,0,0,0,0,0.0,0,,0,0,,0,0,0,0,0,0,0,0,0.0,0,0,0,0,0,64.0,64208.0,0,0,0,54,eth:ethertype:ip:tcp,,,,,,,,,,,0.0,Normal,0.0
1744306626765884,10.42.0.1,10.42.0.2,1883,50101,1,45,0,1,0,0,0,0,0,0,0,0,0,0.0,0,,0,0,,0,0,0,0,0,0,0,0,0.0,0,0,0,0,0,64.0,64196.0,0,0,0,54,eth:ethertype:ip:tcp,,,,,,,,,,,0.0,Normal,0.0
1744306626766244,10.42.0.1,10.42.0.2,1883,50101,1,45,0,1,0,0,1,0,4,0,0,0,0,0.0,0,,0,2,,0,0,0,0,2,0,0,0,0.0,0x00,0,0,0,0,64.0,64196.0,0,0,0,58,eth:ethertype:ip:tcp:mqtt,,,,,,,,,,,0.0,Normal,0.0
1744306626813726,10.42.0.1,10.42.0.2,1883,50101,5,234,0,1,0,0,0,0,0,0,0,0,0,0.0,0,,0,0,,0,0,0,0,0,0,0,0,0.0,0,0,0,0,0,64.0,64007.0,0,0,0,54,eth:ethertype:ip:tcp,,,,,,,,,,,0.0,Normal,0.0
1744306626813761,10.42.0.1,10.42.0.2,1883,50101,5,234,0,1,1,0,0,0,0,0,0,0,0,0.0,0,,0,0,,0,0,0,0,0,0,0,0,0.0,0,0,0,0,0,64.0,64007.0,0,0,0,54,eth:ethertype:ip:tcp,,,,,,,,,,,0.0,Normal,0.0
1744306641822615,10.42.0.1,10.42.0.139,1883,50102,0,1,1,1,0,0,0,0,0,0,0,0,0,0.0,0,,0,0,,0,0,0,0,0,0,0,0,0.0,0,0,0,0,0,64.0,64240.0,0,0,0,58,eth:ethertype:ip:tcp,,,,,,,,,,,0.0,Normal,0.0
1744306641828735,10.42.0.1,10.42.0.139,1883,50102,1,4,0,1,0,0,0,0,0,0,0,0,0,0.0,0,,0,0,,0,0,0,0,0,0,0,0,0.0,0,0,0,0,0,64.0,64237.0,0,0,0,54,eth:ethertype:ip:tcp,,,,,,,,,,,0.0,Normal,0.0
1744306641832042,10.42.0.1,10.42.0.139,1883,50102,1,33,0,1,0,0,0,0,0,0,0,0,0,0.0,0,,0,0,,0,0,0,0,0,0,0,0,0.0,0,0,0,0,0,64.0,64208.0,0,0,0,54,eth:ethertype:ip:tcp,,,,,,,,,,,0.0,Normal,0.0
1744306641835144,10.42.0.1,10.42.0.139,1883,50102,1,45,0,1,0,0,0,0,0,0,0,0,0,0.0,0,,0,0,,0,0,0,0,0,0,0,0,0.0,0,0,0,0,0,64.0,64196.0,0,0,0,54,eth:ethertype:ip:tcp,,,,,,,,,,,0.0,Normal,0.0
1744306641835479,10.42.0.1,10.42.0.139,1883,50102,1,45,0,1,0,0,1,0,4,0,0,0,0,0.0,0,,0,2,,0,0,0,0,2,0,0,0,0.0,0x00,0,0,0,0,64.0,64196.0,0,0,0,58,eth:ethertype:ip:tcp:mqtt,,,,,,,,,,,0.0,Normal,0.0
1744306641882966,10.42.0.1,10.42.0.139,1883,50102,5,234,0,1,0,0,0,0,0,0,0,0,0,0.0,0,,0,0,,0,0,0,0,0,0,0,0,0.0,0,0,0,0,0,64.0,64007.0,0,0,0,54,eth:ethertype:ip:tcp,,,,,,,,,,,0.0,Normal,0.0
1744306641883044,10.42.0.1,10.42.0.139,1883,50102,5,234,0,1,1,0,0,0,0,0,0,0,0,0.0,0,,0,0,,0,0,0,0,0,0,0,0,0.0,0,0,0,0,0,64.0,64007.0,0,0,0,54,eth:ethertype:ip:tcp,,,,,,,,,,,0.0,Normal,0.0
1744306656822615,10.42.0.1,10.42.0.2,1883,50102,0,1,1,1,0,0,0,0,0,0,0,0,0,0.0,0,,0,0,,0,0,0,0,0,0,0,0,0.0,0,0,0,0,0,64.0,64240.0,0,0,0,58,eth:ethertype:ip:tcp,,,,,,,,,,,0.0,Normal,0.0
1744306656828735,10.42.0.1,10.42.0.2,1883,50102,1,4,0,1,0,0,0,0,0,0,0,0,0,0.0,0,,0,0,,0,0,0,0,0,0,0,0,0.0,0,0,0,0,0,64.0,64237.0,0,0,0,54,eth:ethertype:ip:tcp,,,,,,,,,,,0.0,Normal,0.0
1744306656832042,10.42.0.1,10.42.0.2,1883,50102,1,33,0,1,0,0,0,0,0,0,0,0,0,0.0,0,,0,0,,0,0,0,0,0,0,0,0,0.0,0,0,0,0,0,64.0,64208.0,0,0,0,54,eth:ethertype:ip:tcp,,,,,,,,,,,0.0,Normal,0.0
1744306656835144,10.42.0.1,10.42.0.2,1883,50102,1,45,0,1,0,0,0,0,0,0,0,0,0,0.0,0,,0,0,,0,0,0,0,0,0,0,0,0.0,0,0,0,0,0,64.0,64196.0,0,0,0,54,eth:ethertype:ip:tcp,,,,,,,,,,,0.0,Normal,0.0
1744306656835479,10.42.0.1,10.42.0.2,1883,50102,1,45,0,1,0,0,1,0,4,0,0,0,0,0.0,0,,0,2,,0,0,0,0,2,0,0,0,0.0,0x00,0,0,0,0,64.0,64196.0,0,0,0,58,eth:ethertype:ip:tcp:mqtt,,,,,,,,,,,0.0,Normal,0.0
1744306656882966,10.42.0.1,10.42.0.2,1883,50102,5,234,0,1,0,0,0,0,0,0,0,0,0,0.0,0,,0,0,,0,0,0,0,0,0,0,0,0.0,0,0,0,0,0,64.0,64007.0,0,0,0,54,eth:ethertype:ip:tcp,,,,,,,,,,,0.0,Normal,0.0
1744306656883044,10.42.0.1,10.42.0.2,1883,50102,5,234,0,1,1,0,0,0,0,0,0,0,0,0.0,0,,0,0,,0,0,0,0,0,0,0,0,0.0,0,0,0,0,0,64.0,64007.0,0,0,0,54,eth:ethertype:ip:tcp,,,,,,,,,,,0.0,Normal,0.0
1744306671891127,10.42.0.1,10.42.0.139,1883,50103,0,1,1,1,0,0,0,0,0,0,0,0,0,0.0,0,,0,0,,0,0,0,0,0,0,0,0,0.0,0,0,0,0,0,64.0,64240.0,0,0,0,58,eth:ethertype:ip:tcp,,,,,,,,,,,0.0,Normal,0.0
1744306671896980,10.42.0.1,10.42.0.139,1883,50103,1,4,0,1,0,0,0,0,0,0,0,0,0,0.0,0,,0,0,,0,0,0,0,0,0,0,0,0.0,0,0,0,0,0,64.0,64237.0,0,0,0,54,eth:ethertype:ip:tcp,,,,,,,,,,,0.0,Normal,0.0
1744306671900500,10.42.0.1,10.42.0.139,1883,50103,1,33,0,1,0,0,0,0,0,0,0,0,0,0.0,0,,0,0,,0,0,0,0,0,0,0,0,0.0,0,0,0,0,0,64.0,64208.0,0,0,0,54,eth:ethertype:ip:tcp,,,,,,,,,,,0.0,Normal,0.0
1744306671903562,10.42.0.1,10.42.0.139,1883,50103,1,45,0,1,0,0,0,0,0,0,0,0,0,0.0,0,,0,0,,0,0,0,0,0,0,0,0,0.0,0,0,0,0,0,64.0,64196.0,0,0,0,54,eth:ethertype:ip:tcp,,,,,,,,,,,0.0,Normal,0.0
1744306671903866,10.42.0.1,10.42.0.139,1883,50103,1,45,0,1,0,0,1,0,4,0,0,0,0,0.0,0,,0,2,,0,0,0,0,2,0,0,0,0.0,0x00,0,0,0,0,64.0,64196.0,0,0,0,58,eth:ethertype:ip:tcp:mqtt,,,,,,,,,,,0.0,Normal,0.0
1744306671952367,10.42.0.1,10.42.0.139,1883,50103,5,234,0,1,0,0,0,0,0,0,0,0,0,0.0,0,,0,0,,0,0,0,0,0,0,0,0,0.0,0,0,0,0,0,64.0,64007.0,0,0,0,54,eth:ethertype:ip:tcp,,,,,,,,,,,0.0,Normal,0.0
1744306671952418,10.42.0.1,10.42.0.139,1883,50103,5,234,0,1,1,0,0,0,0,0,0,0,0,0.0,0,,0,0,,0,0,0,0,0,0,0,0,0.0,0,0,0,0,0,64.0,64007.0,0,0,0,54,eth:ethertype:ip:tcp,,,,,,,,,,,0.0,Normal,0.0
1744306686891127,10.42.0.1,10.42.0.2,1883,50103,0,1,1,1,0,0,0,0,0,0,0,0,0,0.0,0,,0,0,,0,0,0,0,0,0,0,0,0.0,0,0,0,0,0,64.0,64240.0,0,0,0,58,eth:ethertype:ip:tcp,,,,,,,,,,,0.0,Normal,0.0
1744306686896980,10.42.0.1,10.42.0.2,1883,50103,1,4,0,1,0,0,0,0,0,0,0,0,0,0.0,0,,0,0,,0,0,0,0,0,0,0,0,0.0,0,0,0,0,0,64.0,64237.0,0,0,0,54,eth:ethertype:ip:tcp,,,,,,,,,,,0.0,Normal,0.0
1744306686900500,10.42.0.1,10.42.0.2,1883,50103,1,33,0,1,0,0,0,0,0,0,0,0,0,0.0,0,,0,0,,0,0,0,0,0,0,0,0,0.0,0,0,0,0,0,64.0,64208.0,0,0,0,54,eth:ethertype:ip:tcp,,,,,,,,,,,0.0,Normal,0.0
1744306686903562,10.42.0.1,10.42.0.2,1883,50103,1,45,0,1,0,0,0,0,0,0,0,0,0,0.0,0,,0,0,,0,0,0,0,0,0,0,0,0.0,0,0,0,0,0,64.0,64196.0,0,0,0,54,eth:ethertype:ip:tcp,,,,,,,,,,,0.0,Normal,0.0
1744306686903866,10.42.0.1,10.42.0.2,1883,50103,1,45,0,1,0,0,1,0,4,0,0,0,0,0.0,0,,0,2,,0,0,0,0,2,0,0,0,0.0,0x00,0,0,0,0,64.0,64196.0,0,0,0,58,eth:ethertype:ip:tcp:mqtt,,,,,,,,,,,0.0,Normal,0.0
1744306686952367,10.42.0.1,10.42.0.2,1883,50103,5,234,0,1,0,0,0,0,0,0,0,0,0,0.0,0,,0,0,,0,0,0,0,0,0,0,0,0.0,0,0,0,0,0,64.0,64007.0,0,0,0,54,eth:ethertype:ip:tcp,,,,,,,,,,,0.0,Normal,0.0
1744306686952418,10.42.0.1,10.42.0.2,1883,50103,5,234,0,1,1,0,0,0,0,0,0,0,0,0.0,0,,0,0,,0,0,0,0,0,0,0,0,0.0,0,0,0,0,0,64.0,64007.0,0,0,0,54,eth:ethertype:ip:tcp,,,,,,,,,,,0.0,Normal,0.0
1744306701961359,10.42.0.1,10.42.0.139,1883,50104,0,1,1,1,0,0,0,0,0,0,0,0,0,0.0,0,,0,0,,0,0,0,0,0,0,0,0,0.0,0,0,0,0,0,64.0,64240.0,0,0,0,58,eth:ethertype:ip:tcp,,,,,,,,,,,0.0,Normal,0.0
1744306701967697,10.42.0.1,10.42.0.139,1883,50104,1,4,0,1,0,0,0,0,0,0,0,0,0,0.0,0,,0,0,,0,0,0,0,0,0,0,0,0.0,0,0,0,0,0,64.0,64237.0,0,0,0,54,eth:ethertype:ip:tcp,,,,,,,,,,,0.0,Normal,0.0
1744306701971510,10.42.0.1,10.42.0.139,1883,50104,1,33,0,1,0,0,0,0,0,0,0,0,0,0.0,0,,0,0,,0,0,0,0,0,0,0,0,0.0,0,0,0,0,0,64.0,64208.0,0,0,0,54,eth:ethertype:ip:tcp,,,,,,,,,,,0.0,Normal,0.0
1744306701974923,10.42.0.1,10.42.0.139,1883,50104,1,45,0,1,0,0,0,0,0,0,0,0,0,0.0,0,,0,0,,0,0,0,0,0,0,0,0,0.0,0,0,0,0,0,64.0,64196.0,0,0,0,54,eth:ethertype:ip:tcp,,,,,,,,,,,0.0,Normal,0.0
1744306701975262,10.42.0.1,10.42.0.139,1883,50104,1,45,0,1,0,0,1,0,4,0,0,0,0,0.0,0,,0,2,,0,0,0,0,2,0,0,0,0.0,0x00,0,0,0,0,64.0,64196.0,0,0,0,58,eth:ethertype:ip:tcp:mqtt,,,,,,,,,,,0.0,Normal,0.0
1744306702022324,10.42.0.1,10.42.0.139,1883,50104,5,234,0,1,0,0,0,0,0,0,0,0,0,0.0,0,,0,0,,0,0,0,0,0,0,0,0,0.0,0,0,0,0,0,64.0,64007.0,0,0,0,54,eth:ethertype:ip:tcp,,,,,,,,,,,0.0,Normal,0.0
1744306702022420,10.42.0.1,10.42.0.139,1883,50104,5,234,0,1,1,0,0,0,0,0,0,0,0,0.0,0,,0,0,,0,0,0,0,0,0,0,0,0.0,0,0,0,0,0,64.0,64007.0,0,0,0,54,eth:ethertype:ip:tcp,,,,,,,,,,,0.0,Normal,0.0
1744306716961359,10.42.0.1,10.42.0.2,1883,50104,0,1,1,1,0,0,0,0,0,0,0,0,0,0.0,0,,0,0,,0,0,0,0,0,0,0,0,0.0,0,0,0,0,0,64.0,64240.0,0,0,0,58,eth:ethertype:ip:tcp,,,,,,,,,,,0.0,Normal,0.0
1744306716967697,10.42.0.1,10.42.0.2,1883,50104,1,4,0,1,0,0,0,0,0,0,0,0,0,0.0,0,,0,0,,0,0,0,0,0,0,0,0,0.0,0,0,0,0,0,64.0,64237.0,0,0,0,54,eth:ethertype:ip:tcp,,,,,,,,,,,0.0,Normal,0.0
1744306716971510,10.42.0.1,10.42.0.2,1883,50104,1,33,0,1,0,0,0,0,0,0,0,0,0,0.0,0,,0,0,,0,0,0,0,0,0,0,0,0.0,0,0,0,0,0,64.0,64208.0,0,0,0,54,eth:ethertype:ip:tcp,,,,,,,,,,,0.0,Normal,0.0
1744306716974923,10.42.0.1,10.42.0.2,1883,50104,1,45,0,1,0,0,0,0,0,0,0,0,0,0.0,0,,0,0,,0,0,0,0,0,0,0,0,0.0,0,0,0,0,0,64.0,64196.0,0,0,0,54,eth:ethertype:ip:tcp,,,,,,,,,,,0.0,Normal,0.0
1744306716975262,10.42.0.1,10.42.0.2,1883,50104,1,45,0,1,0,0,1,0,4,0,0,0,0,0.0,0,,0,2,,0,0,0,0,2,0,0,0,0.0,0x00,0,0,0,0,64.0,64196.0,0,0,0,58,eth:ethertype:ip:tcp:mqtt,,,,,,,,,,,0.0,Normal,0.0
1744306717022324,10.42.0.1,10.42.0.2,1883,50104,5,234,0,1,0,0,0,0,0,0,0,0,0,0.0,0,,0,0,,0,0,0,0,0,0,0,0,0.0,0,0,0,0,0,64.0,64007.0,0,0,0,54,eth:ethertype:ip:tcp,,,,,,,,,,,0.0,Normal,0.0
1744306717022420,10.42.0.1,10.42.0.2,1883,50104,5,234,0,1,1,0,0,0,0,0,0,0,0,0.0,0,,0,0,,0,0,0,0,0,0,0,0,0.0,0,0,0,0,0,64.0,64007.0,0,0,0,54,eth:ethertype:ip:tcp,,,,,,,,,,,0.0,Normal,0.0
1744306732031173,10.42.0.1,10.42.0.139,1883,50105,0,1,1,1,0,0,0,0,0,0,0,0,0,0.0,0,,0,0,,0,0,0,0,0,0,0,0,0.0,0,0,0,0,0,64.0,64240.0,0,0,0,58,eth:ethertype:ip:tcp,,,,,,,,,,,0.0,Normal,0.0
1744306732038042,10.42.0.1,10.42.0.139,1883,50105,1,4,0,1,0,0,0,0,0,0,0,0,0,0.0,0,,0,0,,0,0,0,0,0,0,0,0,0.0,0,0,0,0,0,64.0,64237.0,0,0,0,54,eth:ethertype:ip:tcp,,,,,,,,,,,0.0,Normal,0.0
1744306732042298,10.42.0.1,10.42.0.139,1883,50105,1,41,0,1,0,0,0,0,0,0,0,0,0,0.0,0,,0,0,,0,0,0,0,0,0,0,0,0.0,0,0,0,0,0,64.0,64200.0,0,0,0,54,eth:ethertype:ip:tcp,,,,,,,,,,,0.0,Normal,0.0
1744306732044708,10.42.0.1,10.42.0.139,1883,50105,1,45,0,1,0,0,0,0,0,0,0,0,0,0.0,0,,0,0,,0,0,0,0,0,0,0,0,0.0,0,0,0,0,0,64.0,64196.0,0,0,0,54,eth:ethertype:ip:tcp,,,,,,,,,,,0.0,Normal,0.0
1744306732045066,10.42.0.1,10.42.0.139,1883,50105,1,45,0,1,0,0,1,0,4,0,0,0,0,0.0,0,,0,2,,0,0,0,0,2,0,0,0,0.0,0x00,0,0,0,0,64.0,64196.0,0,0,0,58,eth:ethertype:ip:tcp:mqtt,,,,,,,,,,,0.0,Normal,0.0
1744306732091020,10.42.0.1,10.42.0.139,1883,50105,5,234,0,1,0,0,0,0,0,0,0,0,0,0.0,0,,0,0,,0,0,0,0,0,0,0,0,0.0,0,0,0,0,0,64.0,64007.0,0,0,0,54,eth:ethertype:ip:tcp,,,,,,,,,,,0.0,Normal,0.0
1744306732091058,10.42.0.1,10.42.0.139,1883,50105,5,234,0,1,1,0,0,0,0,0,0,0,0,0.0,0,,0,0,,0,0,0,0,0,0,0,0,0.0,0,0,0,0,0,64.0,64007.0,0,0,0,54,eth:ethertype:ip:tcp,,,,,,,,,,,0.0,Normal,0.0
1744306747031173,10.42.0.1,10.42.0.2,1883,50105,0,1,1,1,0,0,0,0,0,0,0,0,0,0.0,0,,0,0,,0,0,0,0,0,0,0,0,0.0,0,0,0,0,0,64.0,64240.0,0,0,0,58,eth:ethertype:ip:tcp,,,,,,,,,,,0.0,Normal,0.0
1744306747038042,10.42.0.1,10.42.0.2,1883,50105,1,4,0,1,0,0,0,0,0,0,0,0,0,0.0,0,,0,0,,0,0,0,0,0,0,0,0,0.0,0,0,0,0,0,64.0,64237.0,0,0,0,54,eth:ethertype:ip:tcp,,,,,,,,,,,0.0,Normal,0.0
1744306747042298,10.42.0.1,10.42.0.2,1883,50105,1,41,0,1,0,0,0,0,0,0,0,0,0,0.0,0,,0,0,,0,0,0,0,0,0,0,0,0.0,0,0,0,0,0,64.0,64200.0,0,0,0,54,eth:ethertype:ip:tcp,,,,,,,,,,,0.0,Normal,0.0
1744306747044708,10.42.0.1,10.42.0.2,1883,50105,1,45,0,1,0,0,0,0,0,0,0,0,0,0.0,0,,0,0,,0,0,0,0,0,0,0,0,0.0,0,0,0,0,0,64.0,64196.0,0,0,0,54,eth:ethertype:ip:tcp,,,,,,,,,,,0.0,Normal,0.0
1744306747045066,10.42.0.1,10.42.0.2,1883,50105,1,45,0,1,0,0,1,0,4,0,0,0,0,0.0,0,,0,2,,0,0,0,0,2,0,0,0,0.0,0x00,0,0,0,0,64.0,64196.0,0,0,0,58,eth:ethertype:ip:tcp:mqtt,,,,,,,,,,,0.0,Normal,0.0
1744306747091020,10.42.0.1,10.42.0.2,1883,50105,5,234,0,1,0,0,0,0,0,0,0,0,0,0.0,0,,0,0,,0,0,0,0,0,0,0,0,0.0,0,0,0,0,0,64.0,64007.0,0,0,0,54,eth:ethertype:ip:tcp,,,,,,,,,,,0.0,Normal,0.0
1744306747091058,10.42.0.1,10.42.0.2,1883,50105,5,234,0,1,1,0,0,0,0,0,0,0,0,0.0,0,,0,0,,0,0,0,0,0,0,0,0,0.0,0,0,0,0,0,64.0,64007.0,0,0,0,54,eth:ethertype:ip:tcp,,,,,,,,,,,0.0,Normal,0.0
1744306762099848,10.42.0.1,10.42.0.139,1883,50106,0,1,1,1,0,0,0,0,0,0,0,0,0,0.0,0,,0,0,,0,0,0,0,0,0,0,0,0.0,0,0,0,0,0,64.0,64240.0,0,0,0,58,eth:ethertype:ip:tcp,,,,,,,,,,,0.0,Normal,0.0
1744306762105877,10.42.0.1,10.42.0.139,1883,50106,1,4,0,1,0,0,0,0,0,0,0,0,0,0.0,0,,0,0,,0,0,0,0,0,0,0,0,0.0,0,0,0,0,0,64.0,64237.0,0,0,0,54,eth:ethertype:ip:tcp,,,,,,,,,,,0.0,Normal,0.0
1744306762109341,10.42.0.1,10.42.0.139,1883,50106,1,33,0,1,0,0,0,0,0,0,0,0,0,0.0,0,,0,0,,0,0,0,0,0,0,0,0,0.0,0,0,0,0,0,64.0,64208.0,0,0,0,54,eth:ethertype:ip:tcp,,,,,,,,,,,0.0,Normal,0.0
1744306762112400,10.42.0.1,10.42.0.139,1883,50106,1,45,0,1,0,0,0,0,0,0,0,0,0,0.0,0,,0,0,,0,0,0,0,0,0,0,0,0.0,0,0,0,0,0,64.0,64196.0,0,0,0,54,eth:ethertype:ip:tcp,,,,,,,,,,,0.0,Normal,0.0
1744306762112724,10.42.0.1,10.42.0.139,1883,50106,1,45,0,1,0,0,1,0,4,0,0,0,0,0.0,0,,0,2,,0,0,0,0,2,0,0,0,0.0,0x00,0,0,0,0,64.0,64196.0,0,0,0,58,eth:ethertype:ip:tcp:mqtt,,,,,,,,,,,0.0,Normal,0.0
1744306762160445,10.42.0.1,10.42.0.139,1883,50106,5,234,0,1,0,0,0,0,0,0,0,0,0,0.0,0,,0,0,,0,0,0,0,0,0,0,0,0.0,0,0,0,0,0,64.0,64007.0,0,0,0,54,eth:ethertype:ip:tcp,,,,,,,,,,,0.0,Normal,0.0
1744306762160484,10.42.0.1,10.42.0.139,1883,50106,5,234,0,1,1,0,0,0,0,0,0,0,0,0.0,0,,0,0,,0,0,0,0,0,0,0,0,0.0,0,0,0,0,0,64.0,64007.0,0,0,0,54,eth:ethertype:ip:tcp,,,,,,,,,,,0.0,Normal,0.0
1744306777099848,10.42.0.1,10.42.0.2,1883,50106,0,1,1,1,0,0,0,0,0,0,0,0,0,0.0,0,,0,0,,0,0,0,0,0,0,0,0,0.0,0,0,0,0,0,64.0,64240.0,0,0,0,58,eth:ethertype:ip:tcp,,,,,,,,,,,0.0,Normal,0.0
1744306777105877,10.42.0.1,10.42.0.2,1883,50106,1,4,0,1,0,0,0,0,0,0,0,0,0,0.0,0,,0,0,,0,0,0,0,0,0,0,0,0.0,0,0,0,0,0,64.0,64237.0,0,0,0,54,eth:ethertype:ip:tcp,,,,,,,,,,,0.0,Normal,0.0
1744306777109341,10.42.0.1,10.42.0.2,1883,50106,1,33,0,1,0,0,0,0,0,0,0,0,0,0.0,0,,0,0,,0,0,0,0,0,0,0,0,0.0,0,0,0,0,0,64.0,64208.0,0,0,0,54,eth:ethertype:ip:tcp,,,,,,,,,,,0.0,Normal,0.0
1744306777112400,10.42.0.1,10.42.0.2,1883,50106,1,45,0,1,0,0,0,0,0,0,0,0,0,0.0,0,,0,0,,0,0,0,0,0,0,0,0,0.0,0,0,0,0,0,64.0,64196.0,0,0,0,54,eth:ethertype:ip:tcp,,,,,,,,,,,0.0,Normal,0.0
1744306777112724,10.42.0.1,10.42.0.2,1883,50106,1,45,0,1,0,0,1,0,4,0,0,0,0,0.0,0,,0,2,,0,0,0,0,2,0,0,0,0.0,0x00,0,0,0,0,64.0,64196.0,0,0,0,58,eth:ethertype:ip:tcp:mqtt,,,,,,,,,,,0.0,Normal,0.0
1744306777160445,10.42.0.1,10.42.0.2,1883,50106,5,234,0,1,0,0,0,0,0,0,0,0,0,0.0,0,,0,0,,0,0,0,0,0,0,0,0,0.0,0,0,0,0,0,64.0,64007.0,0,0,0,54,eth:ethertype:ip:tcp,,,,,,,,,,,0.0,Normal,0.0
1744306777160484,10.42.0.1,10.42.0.2,1883,50106,5,234,0,1,1,0,0,0,0,0,0,0,0,0.0,0,,0,0,,0,0,0,0,0,0,0,0,0.0,0,0,0,0,0,64.0,64007.0,0,0,0,54,eth:ethertype:ip:tcp,,,,,,,,,,,0.0,Normal,0.0
1744306792169381,10.42.0.1,10.42.0.139,1883,50107,0,1,1,1,0,0,0,0,0,0,0,0,0,0.0,0,,0,0,,0,0,0,0,0,0,0,0,0.0,0,0,0,0,0,64.0,64240.0,0,0,0,58,eth:ethertype:ip:tcp,,,,,,,,,,,0.0,Normal,0.0
1744306792175371,10.42.0.1,10.42.0.139,1883,50107,1,4,0,1,0,0,0,0,0,0,0,0,0,0.0,0,,0,0,,0,0,0,0,0,0,0,0,0.0,0,0,0,0,0,64.0,64237.0,0,0,0,54,eth:ethertype:ip:tcp,,,,,,,,,,,0.0,Normal,0.0
1744306792178720,10.42.0.1,10.42.0.139,1883,50107,1,33,0,1,0,0,0,0,0,0,0,0,0,0.0,0,,0,0,,0,0,0,0,0,0,0,0,0.0,0,0,0,0,0,64.0,64208.0,0,0,0,54,eth:ethertype:ip:tcp,,,,,,,,,,,0.0,Normal,0.0
1744306792181958,10.42.0.1,10.42.0.139,1883,50107,1,45,0,1,0,0,0,0,0,0,0,0,0,0.0,0,,0,0,,0,0,0,0,0,0,0,0,0.0,0,0,0,0,0,64.0,64196.0,0,0,0,54,eth:ethertype:ip:tcp,,,,,,,,,,,0.0,Normal,0.0
1744306792182244,10.42.0.1,10.42.0.139,1883,50107,1,45,0,1,0,0,1,0,4,0,0,0,0,0.0,0,,0,2,,0,0,0,0,2,0,0,0,0.0,0x00,0,0,0,0,64.0,64196.0,0,0,0,58,eth:ethertype:ip:tcp:mqtt,,,,,,,,,,,0.0,Normal,0.0
1744306792230502,10.42.0.1,10.42.0.139,1883,50107,5,234,0,1,0,0,0,0,0,0,0,0,0,0.0,0,,0,0,,0,0,0,0,0,0,0,0,0.0,0,0,0,0,0,64.0,64007.0,0,0,0,54,eth:ethertype:ip:tcp,,,,,,,,,,,0.0,Normal,0.0
1744306792230546,10.42.0.1,10.42.0.139,1883,50107,5,234,0,1,1,0,0,0,0,0,0,0,0,0.0,0,,0,0,,0,0,0,0,0,0,0,0,0.0,0,0,0,0,0,64.0,64007.0,0,0,0,54,eth:ethertype:ip:tcp,,,,,,,,,,,0.0,Normal,0.0
1744306807169381,10.42.0.1,10.42.0.2,1883,50107,0,1,1,1,0,0,0,0,0,0,0,0,0,0.0,0,,0,0,,0,0,0,0,0,0,0,0,0.0,0,0,0,0,0,64.0,64240.0,0,0,0,58,eth:ethertype:ip:tcp,,,,,,,,,,,0.0,Normal,0.0
1744306807175371,10.42.0.1,10.42.0.2,1883,50107,1,4,0,1,0,0,0,0,0,0,0,0,0,0.0,0,,0,0,,0,0,0,0,0,0,0,0,0.0,0,0,0,0,0,64.0,64237.0,0,0,0,54,eth:ethertype:ip:tcp,,,,,,,,,,,0.0,Normal,0.0
1744306807178720,10.42.0.1,10.42.0.2,1883,50107,1,33,0,1,0,0,0,0,0,0,0,0,0,0.0,0,,0,0,,0,0,0,0,0,0,0,0,0.0,0,0,0,0,0,64.0,64208.0,0,0,0,54,eth:ethertype:ip:tcp,,,,,,,,,,,0.0,Normal,0.0
1744306807181958,10.42.0.1,10.42.0.2,1883,50107,1,45,0,1,0,0,0,0,0,0,0,0,0,0.0,0,,0,0,,0,0,0,0,0,0,0,0,0.0,0,0,0,0,0,64.0,64196.0,0,0,0,54,eth:ethertype:ip:tcp,,,,,,,,,,,0.0,Normal,0.0
1744306807182244,10.42.0.1,10.42.0.2,1883,50107,1,45,0,1,0,0,1,0,4,0,0,0,0,0.0,0,,0,2,,0,0,0,0,2,0,0,0,0.0,0x00,0,0,0,0,64.0,64196.0,0,0,0,58,eth:ethertype:ip:tcp:mqtt,,,,,,,,,,,0.0,Normal,0.0
1744306807230502,10.42.0.1,10.42.0.2,1883,50107,5,234,0,1,0,0,0,0,0,0,0,0,0,0.0,0,,0,0,,0,0,0,0,0,0,0,0,0.0,0,0,0,0,0,64.0,64007.0,0,0,0,54,eth:ethertype:ip:tcp,,,,,,,,,,,0.0,Normal,0.0
1744306807230546,10.42.0.1,10.42.0.2,1883,50107,5,234,0,1,1,0,0,0,0,0,0,0,0,0.0,0,,0,0,,0,0,0,0,0,0,0,0,0.0,0,0,0,0,0,64.0,64007.0,0,0,0,54,eth:ethertype:ip:tcp,,,,,,,,,,,0.0,Normal,0.0
1744306822239727,10.42.0.1,10.42.0.139,1883,50108,0,1,1,1,0,0,0,0,0,0,0,0,0,0.0,0,,0,0,,0,0,0,0,0,0,0,0,0.0,0,0,0,0,0,64.0,64240.0,0,0,0,58,eth:ethertype:ip:tcp,,,,,,,,,,,0.0,Normal,0.0
1744306822245796,10.42.0.1,10.42.0.139,1883,50108,1,4,0,1,0,0,0,0,0,0,0,0,0,0.0,0,,0,0,,0,0,0,0,0,0,0,0,0.0,0,0,0,0,0,64.0,64237.0,0,0,0,54,eth:ethertype:ip:tcp,,,,,,,,,,,0.0,Normal,0.0
1744306822251919,10.42.0.1,10.42.0.139,1883,50108,1,33,0,1,0,0,0,0,0,0,0,0,0,0.0,0,,0,0,,0,0,0,0,0,0,0,0,0.0,0,0,0,0,0,64.0,64208.0,0,0,0,54,eth:ethertype:ip:tcp,,,,,,,,,,,0.0,Normal,0.0
1744306822255145,10.42.0.1,10.42.0.139,1883,50108,1,45,0,1,0,0,0,0,0,0,0,0,0,0.0,0,,0,0,,0,0,0,0,0,0,0,0,0.0,0,0,0,0,0,64.0,64196.0,0,0,0,54,eth:ethertype:ip:tcp,,,,,,,,,,,0.0,Normal,0.0
1744306822255520,10.42.0.1,10.42.0.139,1883,50108,1,45,0,1,0,0,1,0,4,0,0,0,0,0.0,0,,0,2,,0,0,0,0,2,0,0,0,0.0,0x00,0,0,0,0,64.0,64196.0,0,0,0,58,eth:ethertype:ip:tcp:mqtt,,,,,,,,,,,0.0,Normal,0.0
1744306822309187,10.42.0.1,10.42.0.139,1883,50108,5,234,0,1,0,0,0,0,0,0,0,0,0,0.0,0,,0,0,,0,0,0,0,0,0,0,0,0.0,0,0,0,0,0,64.0,64007.0,0,0,0,54,eth:ethertype:ip:tcp,,,,,,,,,,,0.0,Normal,0.0
1744306822309225,10.42.0.1,10.42.0.139,1883,50108,5,234,0,1,1,0,0,0,0,0,0,0,0,0.0,0,,0,0,,0,0,0,0,0,0,0,0,0.0,0,0,0,0,0,64.0,64007.0,0,0,0,54,eth:ethertype:ip:tcp,,,,,,,,,,,0.0,Normal,0.0
1744306837239727,10.42.0.1,10.42.0.2,1883,50108,0,1,1,1,0,0,0,0,0,0,0,0,0,0.0,0,,0,0,,0,0,0,0,0,0,0,0,0.0,0,0,0,0,0,64.0,64240.0,0,0,0,58,eth:ethertype:ip:tcp,,,,,,,,,,,0.0,Normal,0.0
1744306837245796,10.42.0.1,10.42.0.2,1883,50108,1,4,0,1,0,0,0,0,0,0,0,0,0,0.0,0,,0,0,,0,0,0,0,0,0,0,0,0.0,0,0,0,0,0,64.0,64237.0,0,0,0,54,eth:ethertype:ip:tcp,,,,,,,,,,,0.0,Normal,0.0
1744306837251919,10.42.0.1,10.42.0.2,1883,50108,1,33,0,1,0,0,0,0,0,0,0,0,0,0.0,0,,0,0,,0,0,0,0,0,0,0,0,0.0,0,0,0,0,0,64.0,64208.0,0,0,0,54,eth:ethertype:ip:tcp,,,,,,,,,,,0.0,Normal,0.0
1744306837255145,10.42.0.1,10.42.0.2,1883,50108,1,45,0,1,0,0,0,0,0,0,0,0,0,0.0,0,,0,0,,0,0,0,0,0,0,0,0,0.0,0,0,0,0,0,64.0,64196.0,0,0,0,54,eth:ethertype:ip:tcp,,,,,,,,,,,0.0,Normal,0.0
1744306837255520,10.42.0.1,10.42.0.2,1883,50108,1,45,0,1,0,0,1,0,4,0,0,0,0,0.0,0,,0,2,,0,0,0,0,2,0,0,0,0.0,0x00,0,0,0,0,64.0,64196.0,0,0,0,58,eth:ethertype:ip:tcp:mqtt,,,,,,,,,,,0.0,Normal,0.0
1744306837309187,10.42.0.1,10.42.0.2,1883,50108,5,234,0,1,0,0,0,0,0,0,0,0,0,0.0,0,,0,0,,0,0,0,0,0,0,0,0,0.0,0,0,0,0,0,64.0,64007.0,0,0,0,54,eth:ethertype:ip:tcp,,,,,,,,,,,0.0,Normal,0.0
1744306837309225,10.42.0.1,10.42.0.2,1883,50108,5,234,0,1,1,0,0,0,0,0,0,0,0,0.0,0,,0,0,,0,0,0,0,0,0,0,0,0.0,0,0,0,0,0,64.0,64007.0,0,0,0,54,eth:ethertype:ip:tcp,,,,,,,,,,,0.0,Normal,0.0
1744306852317156,10.42.0.1,10.42.0.139,1883,50109,0,1,1,1,0,0,0,0,0,0,0,0,0,0.0,0,,0,0,,0,0,0,0,0,0,0,0,0.0,0,0,0,0,0,64.0,64240.0,0,0,0,58,eth:ethertype:ip:tcp,,,,,,,,,,,0.0,Normal,0.0
1744306852323788,10.42.0.1,10.42.0.139,1883,50109,1,4,0,1,0,0,0,0,0,0,0,0,0,0.0,0,,0,0,,0,0,0,0,0,0,0,0,0.0,0,0,0,0,0,64.0,64237.0,0,0,0,54,eth:ethertype:ip:tcp,,,,,,,,,,,0.0,Normal,0.0
1744306852327211,10.42.0.1,10.42.0.139,1883,50109,1,35,0,1,0,0,0,0,0,0,0,0,0,0.0,0,,0,0,,0,0,0,0,0,0,0,0,0.0,0,0,0,0,0,64.0,64206.0,0,0,0,54,eth:ethertype:ip:tcp,,,,,,,,,,,0.0,Normal,0.0
1744306852330217,10.42.0.1,10.42.0.139,1883,50109,1,45,0,1,0,0,0,0,0,0,0,0,0,0.0,0,,0,0,,0,0,0,0,0,0,0,0,0.0,0,0,0,0,0,64.0,64196.0,0,0,0,54,eth:ethertype:ip:tcp,,,,,,,,,,,0.0,Normal,0.0
1744306852330575,10.42.0.1,10.42.0.139,1883,50109,1,45,0,1,0,0,1,0,4,0,0,0,0,0.0,0,,0,2,,0,0,0,0,2,0,0,0,0.0,0x00,0,0,0,0,64.0,64196.0,0,0,0,58,eth:ethertype:ip:tcp:mqtt,,,,,,,,,,,0.0,Normal,0.0
1744306852378372,10.42.0.1,10.42.0.139,1883,50109,5,234,0,1,0,0,0,0,0,0,0,0,0,0.0,0,,0,0,,0,0,0,0,0,0,0,0,0.0,0,0,0,0,0,64.0,64007.0,0,0,0,54,eth:ethertype:ip:tcp,,,,,,,,,,,0.0,Normal,0.0
1744306852378424,10.42.0.1,10.42.0.139,1883,50109,5,234,0,1,1,0,0,0,0,0,0,0,0,0.0,0,,0,0,,0,0,0,0,0,0,0,0,0.0,0,0,0,0,0,64.0,64007.0,0,0,0,54,eth:ethertype:ip:tcp,,,,,,,,,,,0.0,Normal,0.0
1744306867317156,10.42.0.1,10.42.0.2,1883,50109,0,1,1,1,0,0,0,0,0,0,0,0,0,0.0,0,,0,0,,0,0,0,0,0,0,0,0,0.0,0,0,0,0,0,64.0,64240.0,0,0,0,58,eth:ethertype:ip:tcp,,,,,,,,,,,0.0,Normal,0.0
1744306867323788,10.42.0.1,10.42.0.2,1883,50109,1,4,0,1,0,0,0,0,0,0,0,0,0,0.0,0,,0,0,,0,0,0,0,0,0,0,0,0.0,0,0,0,0,0,64.0,64237.0,0,0,0,54,eth:ethertype:ip:tcp,,,,,,,,,,,0.0,Normal,0.0
1744306867327211,10.42.0.1,10.42.0.2,1883,50109,1,35,0,1,0,0,0,0,0,0,0,0,0,0.0,0,,0,0,,0,0,0,0,0,0,0,0,0.0,0,0,0,0,0,64.0,64206.0,0,0,0,54,eth:ethertype:ip:tcp,,,,,,,,,,,0.0,Normal,0.0
1744306867330217,10.42.0.1,10.42.0.2,1883,50109,1,45,0,1,0,0,0,0,0,0,0,0,0,0.0,0,,0,0,,0,0,0,0,0,0,0,0,0.0,0,0,0,0,0,64.0,64196.0,0,0,0,54,eth:ethertype:ip:tcp,,,,,,,,,,,0.0,Normal,0.0
1744306867330575,10.42.0.1,10.42.0.2,1883,50109,1,45,0,1,0,0,1,0,4,0,0,0,0,0.0,0,,0,2,,0,0,0,0,2,0,0,0,0.0,0x00,0,0,0,0,64.0,64196.0,0,0,0,58,eth:ethertype:ip:tcp:mqtt,,,,,,,,,,,0.0,Normal,0.0
1744306867378372,10.42.0.1,10.42.0.2,1883,50109,5,234,0,1,0,0,0,0,0,0,0,0,0,0.0,0,,0,0,,0,0,0,0,0,0,0,0,0.0,0,0,0,0,0,64.0,64007.0,0,0,0,54,eth:ethertype:ip:tcp,,,,,,,,,,,0.0,Normal,0.0
1744306867378424,10.42.0.1,10.42.0.2,1883,50109,5,234,0,1,1,0,0,0,0,0,0,0,0,0.0,0,,0,0,,0,0,0,0,0,0,0,0,0.0,0,0,0,0,0,64.0,64007.0,0,0,0,54,eth:ethertype:ip:tcp,,,,,,,,,,,0.0,Normal,0.0
1744306882387295,10.42.0.1,10.42.0.139,1883,50110,0,1,1,1,0,0,0,0,0,0,0,0,0,0.0,0,,0,0,,0,0,0,0,0,0,0,0,0.0,0,0,0,0,0,64.0,64240.0,0,0,0,58,eth:ethertype:ip:tcp,,,,,,,,,,,0.0,Normal,0.0
1744306882393342,10.42.0.1,10.42.0.139,1883,50110,1,4,0,1,0,0,0,0,0,0,0,0,0,0.0,0,,0,0,,0,0,0,0,0,0,0,0,0.0,0,0,0,0,0,64.0,64237.0,0,0,0,54,eth:ethertype:ip:tcp,,,,,,,,,,,0.0,Normal,0.0
1744306882396746,10.42.0.1,10.42.0.139,1883,50110,1,33,0,1,0,0,0,0,0,0,0,0,0,0.0,0,,0,0,,0,0,0,0,0,0,0,0,0.0,0,0,0,0,0,64.0,64208.0,0,0,0,54,eth:ethertype:ip:tcp,,,,,,,,,,,0.0,Normal,0.0
1744306882401019,10.42.0.1,10.42.0.139,1883,50110,1,45,0,1,0,0,0,0,0,0,0,0,0,0.0,0,,0,0,,0,0,0,0,0,0,0,0,0.0,0,0,0,0,0,64.0,64196.0,0,0,0,54,eth:ethertype:ip:tcp,,,,,,,,,,,0.0,Normal,0.0
1744306882401328,10.42.0.1,10.42.0.139,1883,50110,1,45,0,1,0,0,1,0,4,0,0,0,0,0.0,0,,0,2,,0,0,0,0,2,0,0,0,0.0,0x00,0,0,0,0,64.0,64196.0,0,0,0,58,eth:ethertype:ip:tcp:mqtt,,,,,,,,,,,0.0,Normal,0.0
1744306882448506,10.42.0.1,10.42.0.139,1883,50110,5,234,0,1,0,0,0,0,0,0,0,0,0,0.0,0,,0,0,,0,0,0,0,0,0,0,0,0.0,0,0,0,0,0,64.0,64007.0,0,0,0,54,eth:ethertype:ip:tcp,,,,,,,,,,,0.0,Normal,0.0
1744306882448541,10.42.0.1,10.42.0.139,1883,50110,5,234,0,1,1,0,0,0,0,0,0,0,0,0.0,0,,0,0,,0,0,0,0,0,0,0,0,0.0,0,0,0,0,0,64.0,64007.0,0,0,0,54,eth:ethertype:ip:tcp,,,,,,,,,,,0.0,Normal,0.0
1744306897387295,10.42.0.1,10.42.0.2,1883,50110,0,1,1,1,0,0,0,0,0,0,0,0,0,0.0,0,,0,0,,0,0,0,0,0,0,0,0,0.0,0,0,0,0,0,64.0,64240.0,0,0,0,58,eth:ethertype:ip:tcp,,,,,,,,,,,0.0,Normal,0.0
1744306897393342,10.42.0.1,10.42.0.2,1883,50110,1,4,0,1,0,0,0,0,0,0,0,0,0,0.0,0,,0,0,,0,0,0,0,0,0,0,0,0.0,0,0,0,0,0,64.0,64237.0,0,0,0,54,eth:ethertype:ip:tcp,,,,,,,,,,,0.0,Normal,0.0
1744306897396746,10.42.0.1,10.42.0.2,1883,50110,1,33,0,1,0,0,0,0,0,0,0,0,0,0.0,0,,0,0,,0,0,0,0,0,0,0,0,0.0,0,0,0,0,0,64.0,64208.0,0,0,0,54,eth:ethertype:ip:tcp,,,,,,,,,,,0.0,Normal,0.0
1744306897401019,10.42.0.1,10.42.0.2,1883,50110,1,45,0,1,0,0,0,0,0,0,0,0,0,0.0,0,,0,0,,0,0,0,0,0,0,0,0,0.0,0,0,0,0,0,64.0,64196.0,0,0,0,54,eth:ethertype:ip:tcp,,,,,,,,,,,0.0,Normal,0.0
1744306897401328,10.42.0.1,10.42.0.2,1883,50110,1,45,0,1,0,0,1,0,4,0,0,0,0,0.0,0,,0,2,,0,0,0,0,2,0,0,0,0.0,0x00,0,0,0,0,64.0,64196.0,0,0,0,58,eth:ethertype:ip:tcp:mqtt,,,,,,,,,,,0.0,Normal,0.0
1744306897448506,10.42.0.1,10.42.0.2,1883,50110,5,234,0,1,0,0,0,0,0,0,0,0,0,0.0,0,,0,0,,0,0,0,0,0,0,0,0,0.0,0,0,0,0,0,64.0,64007.0,0,0,0,54,eth:ethertype:ip:tcp,,,,,,,,,,,0.0,Normal,0.0
1744306897448541,10.42.0.1,10.42.0.2,1883,50110,5,234,0,1,1,0,0,0,0,0,0,0,0,0.0,0,,0,0,,0,0,0,0,0,0,0,0,0.0,0,0,0,0,0,64.0,64007.0,0,0,0,54,eth:ethertype:ip:tcp,,,,,,,,,,,0.0,Normal,0.0
1744306912456714,10.42.0.1,10.42.0.139,1883,50111,0,1,1,1,0,0,0,0,0,0,0,0,0,0.0,0,,0,0,,0,0,0,0,0,0,0,0,0.0,0,0,0,0,0,64.0,64240.0,0,0,0,58,eth:ethertype:ip:tcp,,,,,,,,,,,0.0,Normal,0.0
1744306912463012,10.42.0.1,10.42.0.139,1883,50111,1,4,0,1,0,0,0,0,0,0,0,0,0,0.0,0,,0,0,,0,0,0,0,0,0,0,0,0.0,0,0,0,0,0,64.0,64237.0,0,0,0,54,eth:ethertype:ip:tcp,,,,,,,,,,,0.0,Normal,0.0
1744306912467168,10.42.0.1,10.42.0.139,1883,50111,1,33,0,1,0,0,0,0,0,0,0,0,0,0.0,0,,0,0,,0,0,0,0,0,0,0,0,0.0,0,0,0,0,0,64.0,64208.0,0,0,0,54,eth:ethertype:ip:tcp,,,,,,,,,,,0.0,Normal,0.0
1744306912470128,10.42.0.1,10.42.0.139,1883,50111,1,45,0,1,0,0,0,0,0,0,0,0,0,0.0,0,,0,0,,0,0,0,0,0,0,0,0,0.0,0,0,0,0,0,64.0,64196.0,0,0,0,54,eth:ethertype:ip:tcp,,,,,,,,,,,0.0,Normal,0.0
1744306912470459,10.42.0.1,10.42.0.139,1883,50111,1,45,0,1,0,0,1,0,4,0,0,0,0,0.0,0,,0,2,,0,0,0,0,2,0,0,0,0.0,0x00,0,0,0,0,64.0,64196.0,0,0,0,58,eth:ethertype:ip:tcp:mqtt,,,,,,,,,,,0.0,Normal,0.0
1744306912517088,10.42.0.1,10.42.0.139,1883,50111,5,234,0,1,0,0,0,0,0,0,0,0,0,0.0,0,,0,0,,0,0,0,0,0,0,0,0,0.0,0,0,0,0,0,64.0,64007.0,0,0,0,54,eth:ethertype:ip:tcp,,,,,,,,,,,0.0,Normal,0.0
1744306912517163,10.42.0.1,10.42.0.139,1883,50111,5,234,0,1,1,0,0,0,0,0,0,0,0,0.0,0,,0,0,,0,0,0,0,0,0,0,0,0.0,0,0,0,0,0,64.0,64007.0,0,0,0,54,eth:ethertype:ip:tcp,,,,,,,,,,,0.0,Normal,0.0
1744306927456714,10.42.0.1,10.42.0.2,1883,50111,0,1,1,1,0,0,0,0,0,0,0,0,0,0.0,0,,0,0,,0,0,0,0,0,0,0,0,0.0,0,0,0,0,0,64.0,64240.0,0,0,0,58,eth:ethertype:ip:tcp,,,,,,,,,,,0.0,Normal,0.0
1744306927463012,10.42.0.1,10.42.0.2,1883,50111,1,4,0,1,0,0,0,0,0,0,0,0,0,0.0,0,,0,0,,0,0,0,0,0,0,0,0,0.0,0,0,0,0,0,64.0,64237.0,0,0,0,54,eth:ethertype:ip:tcp,,,,,,,,,,,0.0,Normal,0.0
1744306927467168,10.42.0.1,10.42.0.2,1883,50111,1,33,0,1,0,0,0,0,0,0,0,0,0,0.0,0,,0,0,,0,0,0,0,0,0,0,0,0.0,0,0,0,0,0,64.0,64208.0,0,0,0,54,eth:ethertype:ip:tcp,,,,,,,,,,,0.0,Normal,0.0
1744306927470128,10.42.0.1,10.42.0.2,1883,50111,1,45,0,1,0,0,0,0,0,0,0,0,0,0.0,0,,0,0,,0,0,0,0,0,0,0,0,0.0,0,0,0,0,0,64.0,64196.0,0,0,0,54,eth:ethertype:ip:tcp,,,,,,,,,,,0.0,Normal,0.0
1744306927470459,10.42.0.1,10.42.0.2,1883,50111,1,45,0,1,0,0,1,0,4,0,0,0,0,0.0,0,,0,2,,0,0,0,0,2,0,0,0,0.0,0x00,0,0,0,0,64.0,64196.0,0,0,0,58,eth:ethertype:ip:tcp:mqtt,,,,,,,,,,,0.0,Normal,0.0
1744306927517088,10.42.0.1,10.42.0.2,1883,50111,5,234,0,1,0,0,0,0,0,0,0,0,0,0.0,0,,0,0,,0,0,0,0,0,0,0,0,0.0,0,0,0,0,0,64.0,64007.0,0,0,0,54,eth:ethertype:ip:tcp,,,,,,,,,,,0.0,Normal,0.0
1744306927517163,10.42.0.1,10.42.0.2,1883,50111,5,234,0,1,1,0,0,0,0,0,0,0,0,0.0,0,,0,0,,0,0,0,0,0,0,0,0,0.0,0,0,0,0,0,64.0,64007.0,0,0,0,54,eth:ethertype:ip:tcp,,,,,,,,,,,0.0,Normal,0.0
1744306942525913,10.42.0.1,10.42.0.139,1883,50112,0,1,1,1,0,0,0,0,0,0,0,0,0,0.0,0,,0,0,,0,0,0,0,0,0,0,0,0.0,0,0,0,0,0,64.0,64240.0,0,0,0,58,eth:ethertype:ip:tcp,,,,,,,,,,,0.0,Normal,0.0
1744306942532106,10.42.0.1,10.42.0.139,1883,50112,1,4,0,1,0,0,0,0,0,0,0,0,0,0.0,0,,0,0,,0,0,0,0,0,0,0,0,0.0,0,0,0,0,0,64.0,64237.0,0,0,0,54,eth:ethertype:ip:tcp,,,,,,,,,,,0.0,Normal,0.0
1744306942535539,10.42.0.1,10.42.0.139,1883,50112,1,33,0,1,0,0,0,0,0,0,0,0,0,0.0,0,,0,0,,0,0,0,0,0,0,0,0,0.0,0,0,0,0,0,64.0,64208.0,0,0,0,54,eth:ethertype:ip:tcp,,,,,,,,,,,0.0,Normal,0.0
1744306942538580,10.42.0.1,10.42.0.139,1883,50112,1,45,0,1,0,0,0,0,0,0,0,0,0,0.0,0,,0,0,,0,0,0,0,0,0,0,0,0.0,0,0,0,0,0,64.0,64196.0,0,0,0,54,eth:ethertype:ip:tcp,,,,,,,,,,,0.0,Normal,0.0
1744306942538895,10.42.0.1,10.42.0.139,1883,50112,1,45,0,1,0,0,1,0,4,0,0,0,0,0.0,0,,0,2,,0,0,0,0,2,0,0,0,0.0,0x00,0,0,0,0,64.0,64196.0,0,0,0,58,eth:ethertype:ip:tcp:mqtt,,,,,,,,,,,0.0,Normal,0.0
1744306942586387,10.42.0.1,10.42.0.139,1883,50112,5,234,0,1,0,0,0,0,0,0,0,0,0,0.0,0,,0,0,,0,0,0,0,0,0,0,0,0.0,0,0,0,0,0,64.0,64007.0,0,0,0,54,eth:ethertype:ip:tcp,,,,,,,,,,,0.0,Normal,0.0
1744306942586440,10.42.0.1,10.42.0.139,1883,50112,5,234,0,1,1,0,0,0,0,0,0,0,0,0.0,0,,0,0,,0,0,0,0,0,0,0,0,0.0,0,0,0,0,0,64.0,64007.0,0,0,0,54,eth:ethertype:ip:tcp,,,,,,,,,,,0.0,Normal,0.0
1744306957525913,10.42.0.1,10.42.0.2,1883,50112,0,1,1,1,0,0,0,0,0,0,0,0,0,0.0,0,,0,0,,0,0,0,0,0,0,0,0,0.0,0,0,0,0,0,64.0,64240.0,0,0,0,58,eth:ethertype:ip:tcp,,,,,,,,,,,0.0,Normal,0.0
1744306957532106,10.42.0.1,10.42.0.2,1883,50112,1,4,0,1,0,0,0,0,0,0,0,0,0,0.0,0,,0,0,,0,0,0,0,0,0,0,0,0.0,0,0,0,0,0,64.0,64237.0,0,0,0,54,eth:ethertype:ip:tcp,,,,,,,,,,,0.0,Normal,0.0
1744306957535539,10.42.0.1,10.42.0.2,1883,50112,1,33,0,1,0,0,0,0,0,0,0,0,0,0.0,0,,0,0,,0,0,0,0,0,0,0,0,0.0,0,0,0,0,0,64.0,64208.0,0,0,0,54,eth:ethertype:ip:tcp,,,,,,,,,,,0.0,Normal,0.0
1744306957538580,10.42.0.1,10.42.0.2,1883,50112,1,45,0,1,0,0,0,0,0,0,0,0,0,0.0,0,,0,0,,0,0,0,0,0,0,0,0,0.0,0,0,0,0,0,64.0,64196.0,0,0,0,54,eth:ethertype:ip:tcp,,,,,,,,,,,0.0,Normal,0.0
1744306957538895,10.42.0.1,10.42.0.2,1883,50112,1,45,0,1,0,0,1,0,4,0,0,0,0,0.0,0,,0,2,,0,0,0,0,2,0,0,0,0.0,0x00,0,0,0,0,64.0,64196.0,0,0,0,58,eth:ethertype:ip:tcp:mqtt,,,,,,,,,,,0.0,Normal,0.0
1744306957586387,10.42.0.1,10.42.0.2,1883,50112,5,234,0,1,0,0,0,0,0,0,0,0,0,0.0,0,,0,0,,0,0,0,0,0,0,0,0,0.0,0,0,0,0,0,64.0,64007.0,0,0,0,54,eth:ethertype:ip:tcp,,,,,,,,,,,0.0,Normal,0.0
1744306957586440,10.42.0.1,10.42.0.2,1883,50112,5,234,0,1,1,0,0,0,0,0,0,0,0,0.0,0,,0,0,,0,0,0,0,0,0,0,0,0.0,0,0,0,0,0,64.0,64007.0,0,0,0,54,eth:ethertype:ip:tcp,,,,,,,,,,,0.0,Normal,0.0
1744306972595365,10.42.0.1,10.42.0.139,1883,50113,0,1,1,1,0,0,0,0,0,0,0,0,0,0.0,0,,0,0,,0,0,0,0,0,0,0,0,0.0,0,0,0,0,0,64.0,64240.0,0,0,0,58,eth:ethertype:ip:tcp,,,,,,,,,,,0.0,Normal,0.0
1744306972601420,10.42.0.1,10.42.0.139,1883,50113,1,4,0,1,0,0,0,0,0,0,0,0,0,0.0,0,,0,0,,0,0,0,0,0,0,0,0,0.0,0,0,0,0,0,64.0,64237.0,0,0,0,54,eth:ethertype:ip:tcp,,,,,,,,,,,0.0,Normal,0.0
1744306972604854,10.42.0.1,10.42.0.139,1883,50113,1,33,0,1,0,0,0,0,0,0,0,0,0,0.0,0,,0,0,,0,0,0,0,0,0,0,0,0.0,0,0,0,0,0,64.0,64208.0,0,0,0,54,eth:ethertype:ip:tcp,,,,,,,,,,,0.0,Normal,0.0
1744306972608062,10.42.0.1,10.42.0.139,1883,50113,1,45,0,1,0,0,0,0,0,0,0,0,0,0.0,0,,0,0,,0,0,0,0,0,0,0,0,0.0,0,0,0,0,0,64.0,64196.0,0,0,0,54,eth:ethertype:ip:tcp,,,,,,,,,,,0.0,Normal,0.0
1744306972608344,10.42.0.1,10.42.0.139,1883,50113,1,45,0,1,0,0,1,0,4,0,0,0,0,0.0,0,,0,2,,0,0,0,0,2,0,0,0,0.0,0x00,0,0,0,0,64.0,64196.0,0,0,0,58,eth:ethertype:ip:tcp:mqtt,,,,,,,,,,,0.0,Normal,0.0
1744306972655869,10.42.0.1,10.42.0.139,1883,50113,5,234,0,1,0,0,0,0,0,0,0,0,0,0.0,0,,0,0,,0,0,0,0,0,0,0,0,0.0,0,0,0,0,0,64.0,64007.0,0,0,0,54,eth:ethertype:ip:tcp,,,,,,,,,,,0.0,Normal,0.0
1744306972655935,10.42.0.1,10.42.0.139,1883,50113,5,234,0,1,1,0,0,0,0,0,0,0,0,0.0,0,,0,0,,0,0,0,0,0,0,0,0,0.0,0,0,0,0,0,64.0,64007.0,0,0,0,54,eth:ethertype:ip:tcp,,,,,,,,,,,0.0,Normal,0.0
1744306987595365,10.42.0.1,10.42.0.2,1883,50113,0,1,1,1,0,0,0,0,0,0,0,0,0,0.0,0,,0,0,,0,0,0,0,0,0,0,0,0.0,0,0,0,0,0,64.0,64240.0,0,0,0,58,eth:ethertype:ip:tcp,,,,,,,,,,,0.0,Normal,0.0
1744306987601420,10.42.0.1,10.42.0.2,1883,50113,1,4,0,1,0,0,0,0,0,0,0,0,0,0.0,0,,0,0,,0,0,0,0,0,0,0,0,0.0,0,0,0,0,0,64.0,64237.0,0,0,0,54,eth:ethertype:ip:tcp,,,,,,,,,,,0.0,Normal,0.0
1744306987604854,10.42.0.1,10.42.0.2,1883,50113,1,33,0,1,0,0,0,0,0,0,0,0,0,0.0,0,,0,0,,0,0,0,0,0,0,0,0,0.0,0,0,0,0,0,64.0,64208.0,0,0,0,54,eth:ethertype:ip:tcp,,,,,,,,,,,0.0,Normal,0.0
1744306987608062,10.42.0.1,10.42.0.2,1883,50113,1,45,0,1,0,0,0,0,0,0,0,0,0,0.0,0,,0,0,,0,0,0,0,0,0,0,0,0.0,0,0,0,0,0,64.0,64196.0,0,0,0,54,eth:ethertype:ip:tcp,,,,,,,,,,,0.0,Normal,0.0
1744306987608344,10.42.0.1,10.42.0.2,1883,50113,1,45,0,1,0,0,1,0,4,0,0,0,0,0.0,0,,0,2,,0,0,0,0,2,0,0,0,0.0,0x00,0,0,0,0,64.0,64196.0,0,0,0,58,eth:ethertype:ip:tcp:mqtt,,,,,,,,,,,0.0,Normal,0.0
1744306987655869,10.42.0.1,10.42.0.2,1883,50113,5,234,0,1,0,0,0,0,0,0,0,0,0,0.0,0,,0,0,,0,0,0,0,0,0,0,0,0.0,0,0,0,0,0,64.0,64007.0,0,0,0,54,eth:ethertype:ip:tcp,,,,,,,,,,,0.0,Normal,0.0
1744306987655935,10.42.0.1,10.42.0.2,1883,50113,5,234,0,1,1,0,0,0,0,0,0,0,0,0.0,0,,0,0,,0,0,0,0,0,0,0,0,0.0,0,0,0,0,0,64.0,64007.0,0,0,0,54,eth:ethertype:ip:tcp,,,,,,,,,,,0.0,Normal,0.0
1744307002665600,10.42.0.1,10.42.0.139,1883,50114,0,1,1,1,0,0,0,0,0,0,0,0,0,0.0,0,,0,0,,0,0,0,0,0,0,0,0,0.0,0,0,0,0,0,64.0,64240.0,0,0,0,58,eth:ethertype:ip:tcp,,,,,,,,,,,0.0,Normal,0.0
1744307002671741,10.42.0.1,10.42.0.139,1883,50114,1,4,0,1,0,0,0,0,0,0,0,0,0,0.0,0,,0,0,,0,0,0,0,0,0,0,0,0.0,0,0,0,0,0,64.0,64237.0,0,0,0,54,eth:ethertype:ip:tcp,,,,,,,,,,,0.0,Normal,0.0
1744307002675139,10.42.0.1,10.42.0.139,1883,50114,1,33,0,1,0,0,0,0,0,0,0,0,0,0.0,0,,0,0,,0,0,0,0,0,0,0,0,0.0,0,0,0,0,0,64.0,64208.0,0,0,0,54,eth:ethertype:ip:tcp,,,,,,,,,,,0.0,Normal,0.0
1744307002678335,10.42.0.1,10.42.0.139,1883,50114,1,45,0,1,0,0,0,0,0,0,0,0,0,0.0,0,,0,0,,0,0,0,0,0,0,0,0,0.0,0,0,0,0,0,64.0,64196.0,0,0,0,54,eth:ethertype:ip:tcp,,,,,,,,,,,0.0,Normal,0.0
1744307002678721,10.42.0.1,10.42.0.139,1883,50114,1,45,0,1,0,0,1,0,4,0,0,0,0,0.0,0,,0,2,,0,0,0,0,2,0,0,0,0.0,0x00,0,0,0,0,64.0,64196.0,0,0,0,58,eth:ethertype:ip:tcp:mqtt,,,,,,,,,,,0.0,Normal,0.0
1744307002725010,10.42.0.1,10.42.0.139,1883,50114,5,234,0,1,0,0,0,0,0,0,0,0,0,0.0,0,,0,0,,0,0,0,0,0,0,0,0,0.0,0,0,0,0,0,64.0,64007.0,0,0,0,54,eth:ethertype:ip:tcp,,,,,,,,,,,0.0,Normal,0.0
1744307002725070,10.42.0.1,10.42.0.139,1883,50114,5,234,0,1,1,0,0,0,0,0,0,0,0,0.0,0,,0,0,,0,0,0,0,0,0,0,0,0.0,0,0,0,0,0,64.0,64007.0,0,0,0,54,eth:ethertype:ip:tcp,,,,,,,,,,,0.0,Normal,0.0
1744307017665600,10.42.0.1,10.42.0.2,1883,50114,0,1,1,1,0,0,0,0,0,0,0,0,0,0.0,0,,0,0,,0,0,0,0,0,0,0,0,0.0,0,0,0,0,0,64.0,64240.0,0,0,0,58,eth:ethertype:ip:tcp,,,,,,,,,,,0.0,Normal,0.0
1744307017671741,10.42.0.1,10.42.0.2,1883,50114,1,4,0,1,0,0,0,0,0,0,0,0,0,0.0,0,,0,0,,0,0,0,0,0,0,0,0,0.0,0,0,0,0,0,64.0,64237.0,0,0,0,54,eth:ethertype:ip:tcp,,,,,,,,,,,0.0,Normal,0.0
1744307017675139,10.42.0.1,10.42.0.2,1883,50114,1,33,0,1,0,0,0,0,0,0,0,0,0,0.0,0,,0,0,,0,0,0,0,0,0,0,0,0.0,0,0,0,0,0,64.0,64208.0,0,0,0,54,eth:ethertype:ip:tcp,,,,,,,,,,,0.0,Normal,0.0
1744307017678335,10.42.0.1,10.42.0.2,1883,50114,1,45,0,1,0,0,0,0,0,0,0,0,0,0.0,0,,0,0,,0,0,0,0,0,0,0,0,0.0,0,0,0,0,0,64.0,64196.0,0,0,0,54,eth:ethertype:ip:tcp,,,,,,,,,,,0.0,Normal,0.0
1744307017678721,10.42.0.1,10.42.0.2,1883,50114,1,45,0,1,0,0,1,0,4,0,0,0,0,0.0,0,,0,2,,0,0,0,0,2,0,0,0,0.0,0x00,0,0,0,0,64.0,64196.0,0,0,0,58,eth:ethertype:ip:tcp:mqtt,,,,,,,,,,,0.0,Normal,0.0
1744307017725010,10.42.0.1,10.42.0.2,1883,50114,5,234,0,1,0,0,0,0,0,0,0,0,0,0.0,0,,0,0,,0,0,0,0,0,0,0,0,0.0,0,0,0,0,0,64.0,64007.0,0,0,0,54,eth:ethertype:ip:tcp,,,,,,,,,,,0.0,Normal,0.0
1744307017725070,10.42.0.1,10.42.0.2,1883,50114,5,234,0,1,1,0,0,0,0,0,0,0,0,0.0,0,,0,0,,0,0,0,0,0,0,0,0,0.0,0,0,0,0,0,64.0,64007.0,0,0,0,54,eth:ethertype:ip:tcp,,,,,,,,,,,0.0,Normal,0.0
1744307032733014,10.42.0.1,10.42.0.139,1883,50115,0,1,1,1,0,0,0,0,0,0,0,0,0,0.0,0,,0,0,,0,0,0,0,0,0,0,0,0.0,0,0,0,0,0,64.0,64240.0,0,0,0,58,eth:ethertype:ip:tcp,,,,,,,,,,,0.0,Normal,0.0
1744307032738823,10.42.0.1,10.42.0.139,1883,50115,1,4,0,1,0,0,0,0,0,0,0,0,0,0.0,0,,0,0,,0,0,0,0,0,0,0,0,0.0,0,0,0,0,0,64.0,64237.0,0,0,0,54,eth:ethertype:ip:tcp,,,,,,,,,,,0.0,Normal,0.0
1744307032742277,10.42.0.1,10.42.0.139,1883,50115,1,33,0,1,0,0,0,0,0,0,0,0,0,0.0,0,,0,0,,0,0,0,0,0,0,0,0,0.0,0,0,0,0,0,64.0,64208.0,0,0,0,54,eth:ethertype:ip:tcp,,,,,,,,,,,0.0,Normal,0.0
1744307032745328,10.42.0.1,10.42.0.139,1883,50115,1,45,0,1,0,0,0,0,0,0,0,0,0,0.0,0,,0,0,,0,0,0,0,0,0,0,0,0.0,0,0,0,0,0,64.0,64196.0,0,0,0,54,eth:ethertype:ip:tcp,,,,,,,,,,,0.0,Normal,0.0
1744307032745653,10.42.0.1,10.42.0.139,1883,50115,1,45,0,1,0,0,1,0,4,0,0,0,0,0.0,0,,0,2,,0,0,0,0,2,0,0,0,0.0,0x00,0,0,0,0,64.0,64196.0,0,0,0,58,eth:ethertype:ip:tcp:mqtt,,,,,,,,,,,0.0,Normal,0.0
1744307032794703,10.42.0.1,10.42.0.139,1883,50115,5,234,0,1,0,0,0,0,0,0,0,0,0,0.0,0,,0,0,,0,0,0,0,0,0,0,0,0.0,0,0,0,0,0,64.0,64007.0,0,0,0,54,eth:ethertype:ip:tcp,,,,,,,,,,,0.0,Normal,0.0
1744307032794743,10.42.0.1,10.42.0.139,1883,50115,5,234,0,1,1,0,0,0,0,0,0,0,0,0.0,0,,0,0,,0,0,0,0,0,0,0,0,0.0,0,0,0,0,0,64.0,64007.0,0,0,0,54,eth:ethertype:ip:tcp,,,,,,,,,,,0.0,Normal,0.0
1744307047733014,10.42.0.1,10.42.0.2,1883,50115,0,1,1,1,0,0,0,0,0,0,0,0,0,0.0,0,,0,0,,0,0,0,0,0,0,0,0,0.0,0,0,0,0,0,64.0,64240.0,0,0,0,58,eth:ethertype:ip:tcp,,,,,,,,,,,0.0,Normal,0.0
1744307047738823,10.42.0.1,10.42.0.2,1883,50115,1,4,0,1,0,0,0,0,0,0,0,0,0,0.0,0,,0,0,,0,0,0,0,0,0,0,0,0.0,0,0,0,0,0,64.0,64237.0,0,0,0,54,eth:ethertype:ip:tcp,,,,,,,,,,,0.0,Normal,0.0
1744307047742277,10.42.0.1,10.42.0.2,1883,50115,1,33,0,1,0,0,0,0,0,0,0,0,0,0.0,0,,0,0,,0,0,0,0,0,0,0,0,0.0,0,0,0,0,0,64.0,64208.0,0,0,0,54,eth:ethertype:ip:tcp,,,,,,,,,,,0.0,Normal,0.0
1744307047745328,10.42.0.1,10.42.0.2,1883,50115,1,45,0,1,0,0,0,0,0,0,0,0,0,0.0,0,,0,0,,0,0,0,0,0,0,0,0,0.0,0,0,0,0,0,64.0,64196.0,0,0,0,54,eth:ethertype:ip:tcp,,,,,,,,,,,0.0,Normal,0.0
1744307047745653,10.42.0.1,10.42.0.2,1883,50115,1,45,0,1,0,0,1,0,4,0,0,0,0,0.0,0,,0,2,,0,0,0,0,2,0,0,0,0.0,0x00,0,0,0,0,64.0,64196.0,0,0,0,58,eth:ethertype:ip:tcp:mqtt,,,,,,,,,,,0.0,Normal,0.0
1744307047794703,10.42.0.1,10.42.0.2,1883,50115,5,234,0,1,0,0,0,0,0,0,0,0,0,0.0,0,,0,0,,0,0,0,0,0,0,0,0,0.0,0,0,0,0,0,64.0,64007.0,0,0,0,54,eth:ethertype:ip:tcp,,,,,,,,,,,0.0,Normal,0.0
1744307047794743,10.42.0.1,10.42.0.2,1883,50115,5,234,0,1,1,0,0,0,0,0,0,0,0,0.0,0,,0,0,,0,0,0,0,0,0,0,0,0.0,0,0,0,0,0,64.0,64007.0,0,0,0,54,eth:ethertype:ip:tcp,,,,,,,,,,,0.0,Normal,0.0
1744307062803281,10.42.0.1,10.42.0.139,1883,50116,0,1,1,1,0,0,0,0,0,0,0,0,0,0.0,0,,0,0,,0,0,0,0,0,0,0,0,0.0,0,0,0,0,0,64.0,64240.0,0,0,0,58,eth:ethertype:ip:tcp,,,,,,,,,,,0.0,Normal,0.0
1744307062809247,10.42.0.1,10.42.0.139,1883,50116,1,4,0,1,0,0,0,0,0,0,0,0,0,0.0,0,,0,0,,0,0,0,0,0,0,0,0,0.0,0,0,0,0,0,64.0,64237.0,0,0,0,54,eth:ethertype:ip:tcp,,,,,,,,,,,0.0,Normal,0.0
1744307062812753,10.42.0.1,10.42.0.139,1883,50116,1,33,0,1,0,0,0,0,0,0,0,0,0,0.0,0,,0,0,,0,0,0,0,0,0,0,0,0.0,0,0,0,0,0,64.0,64208.0,0,0,0,54,eth:ethertype:ip:tcp,,,,,,,,,,,0.0,Normal,0.0
1744307062815864,10.42.0.1,10.42.0.139,1883,50116,1,45,0,1,0,0,0,0,0,0,0,0,0,0.0,0,,0,0,,0,0,0,0,0,0,0,0,0.0,0,0,0,0,0,64.0,64196.0,0,0,0,54,eth:ethertype:ip:tcp,,,,,,,,,,,0.0,Normal,0.0
1744307062816199,10.42.0.1,10.42.0.139,1883,50116,1,45,0,1,0,0,1,0,4,0,0,0,0,0.0,0,,0,2,,0,0,0,0,2,0,0,0,0.0,0x00,0,0,0,0,64.0,64196.0,0,0,0,58,eth:ethertype:ip:tcp:mqtt,,,,,,,,,,,0.0,Normal,0.0
1744307062863839,10.42.0.1,10.42.0.139,1883,50116,5,234,0,1,0,0,0,0,0,0,0,0,0,0.0,0,,0,0,,0,0,0,0,0,0,0,0,0.0,0,0,0,0,0,64.0,64007.0,0,0,0,54,eth:ethertype:ip:tcp,,,,,,,,,,,0.0,Normal,0.0
1744307062863878,10.42.0.1,10.42.0.139,1883,50116,5,234,0,1,1,0,0,0,0,0,0,0,0,0.0,0,,0,0,,0,0,0,0,0,0,0,0,0.0,0,0,0,0,0,64.0,64007.0,0,0,0,54,eth:ethertype:ip:tcp,,,,,,,,,,,0.0,Normal,0.0
1744307077803281,10.42.0.1,10.42.0.2,1883,50116,0,1,1,1,0,0,0,0,0,0,0,0,0,0.0,0,,0,0,,0,0,0,0,0,0,0,0,0.0,0,0,0,0,0,64.0,64240.0,0,0,0,58,eth:ethertype:ip:tcp,,,,,,,,,,,0.0,Normal,0.0
1744307077809247,10.42.0.1,10.42.0.2,1883,50116,1,4,0,1,0,0,0,0,0,0,0,0,0,0.0,0,,0,0,,0,0,0,0,0,0,0,0,0.0,0,0,0,0,0,64.0,64237.0,0,0,0,54,eth:ethertype:ip:tcp,,,,,,,,,,,0.0,Normal,0.0
1744307077812753,10.42.0.1,10.42.0.2,1883,50116,1,33,0,1,0,0,0,0,0,0,0,0,0,0.0,0,,0,0,,0,0,0,0,0,0,0,0,0.0,0,0,0,0,0,64.0,64208.0,0,0,0,54,eth:ethertype:ip:tcp,,,,,,,,,,,0.0,Normal,0.0
1744307077815864,10.42.0.1,10.42.0.2,1883,50116,1,45,0,1,0,0,0,0,0,0,0,0,0,0.0,0,,0,0,,0,0,0,0,0,0,0,0,0.0,0,0,0,0,0,64.0,64196.0,0,0,0,54,eth:ethertype:ip:tcp,,,,,,,,,,,0.0,Normal,0.0
1744307077816199,10.42.0.1,10.42.0.2,1883,50116,1,45,0,1,0,0,1,0,4,0,0,0,0,0.0,0,,0,2,,0,0,0,0,2,0,0,0,0.0,0x00,0,0,0,0,64.0,64196.0,0,0,0,58,eth:ethertype:ip:tcp:mqtt,,,,,,,,,,,0.0,Normal,0.0
1744307077863839,10.42.0.1,10.42.0.2,1883,50116,5,234,0,1,0,0,0,0,0,0,0,0,0,0.0,0,,0,0,,0,0,0,0,0,0,0,0,0.0,0,0,0,0,0,64.0,64007.0,0,0,0,54,eth:ethertype:ip:tcp,,,,,,,,,,,0.0,Normal,0.0
1744307077863878,10.42.0.1,10.42.0.2,1883,50116,5,234,0,1,1,0,0,0,0,0,0,0,0,0.0,0,,0,0,,0,0,0,0,0,0,0,0,0.0,0,0,0,0,0,64.0,64007.0,0,0,0,54,eth:ethertype:ip:tcp,,,,,,,,,,,0.0,Normal,0.0
1744307092873425,10.42.0.1,10.42.0.139,1883,50117,0,1,1,1,0,0,0,0,0,0,0,0,0,0.0,0,,0,0,,0,0,0,0,0,0,0,0,0.0,0,0,0,0,0,64.0,64240.0,0,0,0,58,eth:ethertype:ip:tcp,,,,,,,,,,,0.0,Normal,0.0
1744307092882312,10.42.0.1,10.42.0.139,1883,50117,1,4,0,1,0,0,0,0,0,0,0,0,0,0.0,0,,0,0,,0,0,0,0,0,0,0,0,0.0,0,0,0,0,0,64.0,64237.0,0,0,0,54,eth:ethertype:ip:tcp,,,,,,,,,,,0.0,Normal,0.0
1744307092885083,10.42.0.1,10.42.0.139,1883,50117,1,45,0,1,0,0,0,0,0,0,0,0,0,0.0,0,,0,0,,0,0,0,0,0,0,0,0,0.0,0,0,0,0,0,64.0,64196.0,0,0,0,54,eth:ethertype:ip:tcp,,,,,,,,,,,0.0,Normal,0.0
1744307092885380,10.42.0.1,10.42.0.139,1883,50117,1,45,0,1,0,0,1,0,4,0,0,0,0,0.0,0,,0,2,,0,0,0,0,2,0,0,0,0.0,0x00,0,0,0,0,64.0,64196.0,0,0,0,58,eth:ethertype:ip:tcp:mqtt,,,,,,,,,,,0.0,Normal,0.0
1744307092934347,10.42.0.1,10.42.0.139,1883,50117,5,234,0,1,0,0,0,0,0,0,0,0,0,0.0,0,,0,0,,0,0,0,0,0,0,0,0,0.0,0,0,0,0,0,64.0,64007.0,0,0,0,54,eth:ethertype:ip:tcp,,,,,,,,,,,0.0,Normal,0.0
1744307092934421,10.42.0.1,10.42.0.139,1883,50117,5,234,0,1,1,0,0,0,0,0,0,0,0,0.0,0,,0,0,,0,0,0,0,0,0,0,0,0.0,0,0,0,0,0,64.0,64007.0,0,0,0,54,eth:ethertype:ip:tcp,,,,,,,,,,,0.0,Normal,0.0
1744307107873425,10.42.0.1,10.42.0.2,1883,50117,0,1,1,1,0,0,0,0,0,0,0,0,0,0.0,0,,0,0,,0,0,0,0,0,0,0,0,0.0,0,0,0,0,0,64.0,64240.0,0,0,0,58,eth:ethertype:ip:tcp,,,,,,,,,,,0.0,Normal,0.0
1744307107882312,10.42.0.1,10.42.0.2,1883,50117,1,4,0,1,0,0,0,0,0,0,0,0,0,0.0,0,,0,0,,0,0,0,0,0,0,0,0,0.0,0,0,0,0,0,64.0,64237.0,0,0,0,54,eth:ethertype:ip:tcp,,,,,,,,,,,0.0,Normal,0.0
1744307107885083,10.42.0.1,10.42.0.2,1883,50117,1,45,0,1,0,0,0,0,0,0,0,0,0,0.0,0,,0,0,,0,0,0,0,0,0,0,0,0.0,0,0,0,0,0,64.0,64196.0,0,0,0,54,eth:ethertype:ip:tcp,,,,,,,,,,,0.0,Normal,0.0
1744307107885380,10.42.0.1,10.42.0.2,1883,50117,1,45,0,1,0,0,1,0,4,0,0,0,0,0.0,0,,0,2,,0,0,0,0,2,0,0,0,0.0,0x00,0,0,0,0,64.0,64196.0,0,0,0,58,eth:ethertype:ip:tcp:mqtt,,,,,,,,,,,0.0,Normal,0.0
1744307107934347,10.42.0.1,10.42.0.2,1883,50117,5,234,0,1,0,0,0,0,0,0,0,0,0,0.0,0,,0,0,,0,0,0,0,0,0,0,0,0.0,0,0,0,0,0,64.0,64007.0,0,0,0,54,eth:ethertype:ip:tcp,,,,,,,,,,,0.0,Normal,0.0
1744307107934421,10.42.0.1,10.42.0.2,1883,50117,5,234,0,1,1,0,0,0,0,0,0,0,0,0.0,0,,0,0,,0,0,0,0,0,0,0,0,0.0,0,0,0,0,0,64.0,64007.0,0,0,0,54,eth:ethertype:ip:tcp,,,,,,,,,,,0.0,Normal,0.0
1744307122944632,10.42.0.1,10.42.0.139,1883,50118,0,1,1,1,0,0,0,0,0,0,0,0,0,0.0,0,,0,0,,0,0,0,0,0,0,0,0,0.0,0,0,0,0,0,64.0,64240.0,0,0,0,58,eth:ethertype:ip:tcp,,,,,,,,,,,0.0,Normal,0.0
1744307122965058,10.42.0.1,10.42.0.139,1883,50118,1,4,0,1,0,0,0,0,0,0,0,0,0,0.0,0,,0,0,,0,0,0,0,0,0,0,0,0.0,0,0,0,0,0,64.0,64237.0,0,0,0,54,eth:ethertype:ip:tcp,,,,,,,,,,,0.0,Normal,0.0
1744307122968017,10.42.0.1,10.42.0.139,1883,50118,1,45,0,1,0,0,0,0,0,0,0,0,0,0.0,0,,0,0,,0,0,0,0,0,0,0,0,0.0,0,0,0,0,0,64.0,64196.0,0,0,0,54,eth:ethertype:ip:tcp,,,,,,,,,,,0.0,Normal,0.0
1744307122968416,10.42.0.1,10.42.0.139,1883,50118,1,45,0,1,0,0,1,0,4,0,0,0,0,0.0,0,,0,2,,0,0,0,0,2,0,0,0,0.0,0x00,0,0,0,0,64.0,64196.0,0,0,0,58,eth:ethertype:ip:tcp:mqtt,,,,,,,,,,,0.0,Normal,0.0
1744307123012282,10.42.0.1,10.42.0.139,1883,50118,5,234,0,1,0,0,0,0,0,0,0,0,0,0.0,0,,0,0,,0,0,0,0,0,0,0,0,0.0,0,0,0,0,0,64.0,64007.0,0,0,0,54,eth:ethertype:ip:tcp,,,,,,,,,,,0.0,Normal,0.0
1744307123012341,10.42.0.1,10.42.0.139,1883,50118,5,234,0,1,1,0,0,0,0,0,0,0,0,0.0,0,,0,0,,0,0,0,0,0,0,0,0,0.0,0,0,0,0,0,64.0,64007.0,0,0,0,54,eth:ethertype:ip:tcp,,,,,,,,,,,0.0,Normal,0.0
1744307137944632,10.42.0.1,10.42.0.2,1883,50118,0,1,1,1,0,0,0,0,0,0,0,0,0,0.0,0,,0,0,,0,0,0,0,0,0,0,0,0.0,0,0,0,0,0,64.0,64240.0,0,0,0,58,eth:ethertype:ip:tcp,,,,,,,,,,,0.0,Normal,0.0
1744307137965058,10.42.0.1,10.42.0.2,1883,50118,1,4,0,1,0,0,0,0,0,0,0,0,0,0.0,0,,0,0,,0,0,0,0,0,0,0,0,0.0,0,0,0,0,0,64.0,64237.0,0,0,0,54,eth:ethertype:ip:tcp,,,,,,,,,,,0.0,Normal,0.0
1744307137968017,10.42.0.1,10.42.0.2,1883,50118,1,45,0,1,0,0,0,0,0,0,0,0,0,0.0,0,,0,0,,0,0,0,0,0,0,0,0,0.0,0,0,0,0,0,64.0,64196.0,0,0,0,54,eth:ethertype:ip:tcp,,,,,,,,,,,0.0,Normal,0.0
1744307137968416,10.42.0.1,10.42.0.2,1883,50118,1,45,0,1,0,0,1,0,4,0,0,0,0,0.0,0,,0,2,,0,0,0,0,2,0,0,0,0.0,0x00,0,0,0,0,64.0,64196.0,0,0,0,58,eth:ethertype:ip:tcp:mqtt,,,,,,,,,,,0.0,Normal,0.0
1744307138012282,10.42.0.1,10.42.0.2,1883,50118,5,234,0,1,0,0,0,0,0,0,0,0,0,0.0,0,,0,0,,0,0,0,0,0,0,0,0,0.0,0,0,0,0,0,64.0,64007.0,0,0,0,54,eth:ethertype:ip:tcp,,,,,,,,,,,0.0,Normal,0.0
1744307138012341,10.42.0.1,10.42.0.2,1883,50118,5,234,0,1,1,0,0,0,0,0,0,0,0,0.0,0,,0,0,,0,0,0,0,0,0,0,0,0.0,0,0,0,0,0,64.0,64007.0,0,0,0,54,eth:ethertype:ip:tcp,,,,,,,,,,,0.0,Normal,0.0
1744307153029691,10.42.0.1,10.42.0.139,1883,50119,0,1,1,1,0,0,0,0,0,0,0,0,0,0.0,0,,0,0,,0,0,0,0,0,0,0,0,0.0,0,0,0,0,0,64.0,64240.0,0,0,0,58,eth:ethertype:ip:tcp,,,,,,,,,,,0.0,Normal,0.0
1744307153035768,10.42.0.1,10.42.0.139,1883,50119,1,4,0,1,0,0,0,0,0,0,0,0,0,0.0,0,,0,0,,0,0,0,0,0,0,0,0,0.0,0,0,0,0,0,64.0,64237.0,0,0,0,54,eth:ethertype:ip:tcp,,,,,,,,,,,0.0,Normal,0.0
1744307153039131,10.42.0.1,10.42.0.139,1883,50119,1,33,0,1,0,0,0,0,0,0,0,0,0,0.0,0,,0,0,,0,0,0,0,0,0,0,0,0.0,0,0,0,0,0,64.0,64208.0,0,0,0,54,eth:ethertype:ip:tcp,,,,,,,,,,,0.0,Normal,0.0
1744307153043215,10.42.0.1,10.42.0.139,1883,50119,1,41,0,1,0,0,0,0,0,0,0,0,0,0.0,0,,0,0,,0,0,0,0,0,0,0,0,0.0,0,0,0,0,0,64.0,64200.0,0,0,0,54,eth:ethertype:ip:tcp,,,,,,,,,,,0.0,Normal,0.0
1744307153047445,10.42.0.1,10.42.0.139,1883,50119,1,45,0,1,0,0,0,0,0,0,0,0,0,0.0,0,,0,0,,0,0,0,0,0,0,0,0,0.0,0,0,0,0,0,64.0,64196.0,0,0,0,54,eth:ethertype:ip:tcp,,,,,,,,,,,0.0,Normal,0.0
1744307153047795,10.42.0.1,10.42.0.139,1883,50119,1,45,0,1,0,0,1,0,4,0,0,0,0,0.0,0,,0,2,,0,0,0,0,2,0,0,0,0.0,0x00,0,0,0,0,64.0,64196.0,0,0,0,58,eth:ethertype:ip:tcp:mqtt,,,,,,,,,,,0.0,Normal,0.0
1744307153102498,10.42.0.1,10.42.0.139,1883,50119,5,234,0,1,0,0,0,0,0,0,0,0,0,0.0,0,,0,0,,0,0,0,0,0,0,0,0,0.0,0,0,0,0,0,64.0,64007.0,0,0,0,54,eth:ethertype:ip:tcp,,,,,,,,,,,0.0,Normal,0.0
1744307153102536,10.42.0.1,10.42.0.139,1883,50119,5,234,0,1,1,0,0,0,0,0,0,0,0,0.0,0,,0,0,,0,0,0,0,0,0,0,0,0.0,0,0,0,0,0,64.0,64007.0,0,0,0,54,eth:ethertype:ip:tcp,,,,,,,,,,,0.0,Normal,0.0
1744307168029691,10.42.0.1,10.42.0.2,1883,50119,0,1,1,1,0,0,0,0,0,0,0,0,0,0.0,0,,0,0,,0,0,0,0,0,0,0,0,0.0,0,0,0,0,0,64.0,64240.0,0,0,0,58,eth:ethertype:ip:tcp,,,,,,,,,,,0.0,Normal,0.0
1744307168035768,10.42.0.1,10.42.0.2,1883,50119,1,4,0,1,0,0,0,0,0,0,0,0,0,0.0,0,,0,0,,0,0,0,0,0,0,0,0,0.0,0,0,0,0,0,64.0,64237.0,0,0,0,54,eth:ethertype:ip:tcp,,,,,,,,,,,0.0,Normal,0.0
1744307168039131,10.42.0.1,10.42.0.2,1883,50119,1,33,0,1,0,0,0,0,0,0,0,0,0,0.0,0,,0,0,,0,0,0,0,0,0,0,0,0.0,0,0,0,0,0,64.0,64208.0,0,0,0,54,eth:ethertype:ip:tcp,,,,,,,,,,,0.0,Normal,0.0
1744307168043215,10.42.0.1,10.42.0.2,1883,50119,1,41,0,1,0,0,0,0,0,0,0,0,0,0.0,0,,0,0,,0,0,0,0,0,0,0,0,0.0,0,0,0,0,0,64.0,64200.0,0,0,0,54,eth:ethertype:ip:tcp,,,,,,,,,,,0.0,Normal,0.0
1744307168047445,10.42.0.1,10.42.0.2,1883,50119,1,45,0,1,0,0,0,0,0,0,0,0,0,0.0,0,,0,0,,0,0,0,0,0,0,0,0,0.0,0,0,0,0,0,64.0,64196.0,0,0,0,54,eth:ethertype:ip:tcp,,,,,,,,,,,0.0,Normal,0.0
1744307168047795,10.42.0.1,10.42.0.2,1883,50119,1,45,0,1,0,0,1,0,4,0,0,0,0,0.0,0,,0,2,,0,0,0,0,2,0,0,0,0.0,0x00,0,0,0,0,64.0,64196.0,0,0,0,58,eth:ethertype:ip:tcp:mqtt,,,,,,,,,,,0.0,Normal,0.0
1744307168102498,10.42.0.1,10.42.0.2,1883,50119,5,234,0,1,0,0,0,0,0,0,0,0,0,0.0,0,,0,0,,0,0,0,0,0,0,0,0,0.0,0,0,0,0,0,64.0,64007.0,0,0,0,54,eth:ethertype:ip:tcp,,,,,,,,,,,0.0,Normal,0.0
1744307168102536,10.42.0.1,10.42.0.2,1883,50119,5,234,0,1,1,0,0,0,0,0,0,0,0,0.0,0,,0,0,,0,0,0,0,0,0,0,0,0.0,0,0,0,0,0,64.0,64007.0,0,0,0,54,eth:ethertype:ip:tcp,,,,,,,,,,,0.0,Normal,0.0
1744307183112882,10.42.0.1,10.42.0.139,1883,50120,0,1,1,1,0,0,0,0,0,0,0,0,0,0.0,0,,0,0,,0,0,0,0,0,0,0,0,0.0,0,0,0,0,0,64.0,64240.0,0,0,0,58,eth:ethertype:ip:tcp,,,,,,,,,,,0.0,Normal,0.0
1744307183118834,10.42.0.1,10.42.0.139,1883,50120,1,4,0,1,0,0,0,0,0,0,0,0,0,0.0,0,,0,0,,0,0,0,0,0,0,0,0,0.0,0,0,0,0,0,64.0,64237.0,0,0,0,54,eth:ethertype:ip:tcp,,,,,,,,,,,0.0,Normal,0.0
1744307183122243,10.42.0.1,10.42.0.139,1883,50120,1,33,0,1,0,0,0,0,0,0,0,0,0,0.0,0,,0,0,,0,0,0,0,0,0,0,0,0.0,0,0,0,0,0,64.0,64208.0,0,0,0,54,eth:ethertype:ip:tcp,,,,,,,,,,,0.0,Normal,0.0
1744307183125256,10.42.0.1,10.42.0.139,1883,50120,1,45,0,1,0,0,0,0,0,0,0,0,0,0.0,0,,0,0,,0,0,0,0,0,0,0,0,0.0,0,0,0,0,0,64.0,64196.0,0,0,0,54,eth:ethertype:ip:tcp,,,,,,,,,,,0.0,Normal,0.0
1744307183125627,10.42.0.1,10.42.0.139,1883,50120,1,45,0,1,0,0,1,0,4,0,0,0,0,0.0,0,,0,2,,0,0,0,0,2,0,0,0,0.0,0x00,0,0,0,0,64.0,64196.0,0,0,0,58,eth:ethertype:ip:tcp:mqtt,,,,,,,,,,,0.0,Normal,0.0
1744307183171030,10.42.0.1,10.42.0.139,1883,50120,5,234,0,1,0,0,0,0,0,0,0,0,0,0.0,0,,0,0,,0,0,0,0,0,0,0,0,0.0,0,0,0,0,0,64.0,64007.0,0,0,0,54,eth:ethertype:ip:tcp,,,,,,,,,,,0.0,Normal,0.0
1744307183171128,10.42.0.1,10.42.0.139,1883,50120,5,234,0,1,1,0,0,0,0,0,0,0,0,0.0,0,,0,0,,0,0,0,0,0,0,0,0,0.0,0,0,0,0,0,64.0,64007.0,0,0,0,54,eth:ethertype:ip:tcp,,,,,,,,,,,0.0,Normal,0.0
1744307198112882,10.42.0.1,10.42.0.2,1883,50120,0,1,1,1,0,0,0,0,0,0,0,0,0,0.0,0,,0,0,,0,0,0,0,0,0,0,0,0.0,0,0,0,0,0,64.0,64240.0,0,0,0,58,eth:ethertype:ip:tcp,,,,,,,,,,,0.0,Normal,0.0
1744307198118834,10.42.0.1,10.42.0.2,1883,50120,1,4,0,1,0,0,0,0,0,0,0,0,0,0.0,0,,0,0,,0,0,0,0,0,0,0,0,0.0,0,0,0,0,0,64.0,64237.0,0,0,0,54,eth:ethertype:ip:tcp,,,,,,,,,,,0.0,Normal,0.0
1744307198122243,10.42.0.1,10.42.0.2,1883,50120,1,33,0,1,0,0,0,0,0,0,0,0,0,0.0,0,,0,0,,0,0,0,0,0,0,0,0,0.0,0,0,0,0,0,64.0,64208.0,0,0,0,54,eth:ethertype:ip:tcp,,,,,,,,,,,0.0,Normal,0.0
1744307198125256,10.42.0.1,10.42.0.2,1883,50120,1,45,0,1,0,0,0,0,0,0,0,0,0,0.0,0,,0,0,,0,0,0,0,0,0,0,0,0.0,0,0,0,0,0,64.0,64196.0,0,0,0,54,eth:ethertype:ip:tcp,,,,,,,,,,,0.0,Normal,0.0
1744307198125627,10.42.0.1,10.42.0.2,1883,50120,1,45,0,1,0,0,1,0,4,0,0,0,0,0.0,0,,0,2,,0,0,0,0,2,0,0,0,0.0,0x00,0,0,0,0,64.0,64196.0,0,0,0,58,eth:ethertype:ip:tcp:mqtt,,,,,,,,,,,0.0,Normal,0.0
1744307198171030,10.42.0.1,10.42.0.2,1883,50120,5,234,0,1,0,0,0,0,0,0,0,0,0,0.0,0,,0,0,,0,0,0,0,0,0,0,0,0.0,0,0,0,0,0,64.0,64007.0,0,0,0,54,eth:ethertype:ip:tcp,,,,,,,,,,,0.0,Normal,0.0
1744307198171128,10.42.0.1,10.42.0.2,1883,50120,5,234,0,1,1,0,0,0,0,0,0,0,0,0.0,0,,0,0,,0,0,0,0,0,0,0,0,0.0,0,0,0,0,0,64.0,64007.0,0,0,0,54,eth:ethertype:ip:tcp,,,,,,,,,,,0.0,Normal,0.0
1744307213179086,10.42.0.1,10.42.0.139,1883,50121,0,1,1,1,0,0,0,0,0,0,0,0,0,0.0,0,,0,0,,0,0,0,0,0,0,0,0,0.0,0,0,0,0,0,64.0,64240.0,0,0,0,58,eth:ethertype:ip:tcp,,,,,,,,,,,0.0,Normal,0.0
1744307213184816,10.42.0.1,10.42.0.139,1883,50121,1,4,0,1,0,0,0,0,0,0,0,0,0,0.0,0,,0,0,,0,0,0,0,0,0,0,0,0.0,0,0,0,0,0,64.0,64237.0,0,0,0,54,eth:ethertype:ip:tcp,,,,,,,,,,,0.0,Normal,0.0
1744307213188446,10.42.0.1,10.42.0.139,1883,50121,1,33,0,1,0,0,0,0,0,0,0,0,0,0.0,0,,0,0,,0,0,0,0,0,0,0,0,0.0,0,0,0,0,0,64.0,64208.0,0,0,0,54,eth:ethertype:ip:tcp,,,,,,,,,,,0.0,Normal,0.0
1744307213193548,10.42.0.1,10.42.0.139,1883,50121,1,45,0,1,0,0,0,0,0,0,0,0,0,0.0,0,,0,0,,0,0,0,0,0,0,0,0,0.0,0,0,0,0,0,64.0,64196.0,0,0,0,54,eth:ethertype:ip:tcp,,,,,,,,,,,0.0,Normal,0.0
1744307213193895,10.42.0.1,10.42.0.139,1883,50121,1,45,0,1,0,0,1,0,4,0,0,0,0,0.0,0,,0,2,,0,0,0,0,2,0,0,0,0.0,0x00,0,0,0,0,64.0,64196.0,0,0,0,58,eth:ethertype:ip:tcp:mqtt,,,,,,,,,,,0.0,Normal,0.0
1744307213255054,10.42.0.1,10.42.0.139,1883,50121,5,234,0,1,0,0,0,0,0,0,0,0,0,0.0,0,,0,0,,0,0,0,0,0,0,0,0,0.0,0,0,0,0,0,64.0,64007.0,0,0,0,54,eth:ethertype:ip:tcp,,,,,,,,,,,0.0,Normal,0.0
1744307213255155,10.42.0.1,10.42.0.139,1883,50121,5,234,0,1,1,0,0,0,0,0,0,0,0,0.0,0,,0,0,,0,0,0,0,0,0,0,0,0.0,0,0,0,0,0,64.0,64007.0,0,0,0,54,eth:ethertype:ip:tcp,,,,,,,,,,,0.0,Normal,0.0
1744307228179086,10.42.0.1,10.42.0.2,1883,50121,0,1,1,1,0,0,0,0,0,0,0,0,0,0.0,0,,0,0,,0,0,0,0,0,0,0,0,0.0,0,0,0,0,0,64.0,64240.0,0,0,0,58,eth:ethertype:ip:tcp,,,,,,,,,,,0.0,Normal,0.0
1744307228184816,10.42.0.1,10.42.0.2,1883,50121,1,4,0,1,0,0,0,0,0,0,0,0,0,0.0,0,,0,0,,0,0,0,0,0,0,0,0,0.0,0,0,0,0,0,64.0,64237.0,0,0,0,54,eth:ethertype:ip:tcp,,,,,,,,,,,0.0,Normal,0.0
1744307228188446,10.42.0.1,10.42.0.2,1883,50121,1,33,0,1,0,0,0,0,0,0,0,0,0,0.0,0,,0,0,,0,0,0,0,0,0,0,0,0.0,0,0,0,0,0,64.0,64208.0,0,0,0,54,eth:ethertype:ip:tcp,,,,,,,,,,,0.0,Normal,0.0
1744307228193548,10.42.0.1,10.42.0.2,1883,50121,1,45,0,1,0,0,0,0,0,0,0,0,0,0.0,0,,0,0,,0,0,0,0,0,0,0,0,0.0,0,0,0,0,0,64.0,64196.0,0,0,0,54,eth:ethertype:ip:tcp,,,,,,,,,,,0.0,Normal,0.0
1744307228193895,10.42.0.1,10.42.0.2,1883,50121,1,45,0,1,0,0,1,0,4,0,0,0,0,0.0,0,,0,2,,0,0,0,0,2,0,0,0,0.0,0x00,0,0,0,0,64.0,64196.0,0,0,0,58,eth:ethertype:ip:tcp:mqtt,,,,,,,,,,,0.0,Normal,0.0
1744307228255054,10.42.0.1,10.42.0.2,1883,50121,5,234,0,1,0,0,0,0,0,0,0,0,0,0.0,0,,0,0,,0,0,0,0,0,0,0,0,0.0,0,0,0,0,0,64.0,64007.0,0,0,0,54,eth:ethertype:ip:tcp,,,,,,,,,,,0.0,Normal,0.0
1744307228255155,10.42.0.1,10.42.0.2,1883,50121,5,234,0,1,1,0,0,0,0,0,0,0,0,0.0,0,,0,0,,0,0,0,0,0,0,0,0,0.0,0,0,0,0,0,64.0,64007.0,0,0,0,54,eth:ethertype:ip:tcp,,,,,,,,,,,0.0,Normal,0.0
1744307243249280,10.42.0.1,10.42.0.139,1883,50122,0,1,1,1,0,0,0,0,0,0,0,0,0,0.0,0,,0,0,,0,0,0,0,0,0,0,0,0.0,0,0,0,0,0,64.0,64240.0,0,0,0,58,eth:ethertype:ip:tcp,,,,,,,,,,,0.0,Normal,0.0
1744307243255462,10.42.0.1,10.42.0.139,1883,50122,1,4,0,1,0,0,0,0,0,0,0,0,0,0.0,0,,0,0,,0,0,0,0,0,0,0,0,0.0,0,0,0,0,0,64.0,64237.0,0,0,0,54,eth:ethertype:ip:tcp,,,,,,,,,,,0.0,Normal,0.0
1744307243259717,10.42.0.1,10.42.0.139,1883,50122,1,35,0,1,0,0,0,0,0,0,0,0,0,0.0,0,,0,0,,0,0,0,0,0,0,0,0,0.0,0,0,0,0,0,64.0,64206.0,0,0,0,54,eth:ethertype:ip:tcp,,,,,,,,,,,0.0,Normal,0.0
1744307243262932,10.42.0.1,10.42.0.139,1883,50122,1,45,0,1,0,0,0,0,0,0,0,0,0,0.0,0,,0,0,,0,0,0,0,0,0,0,0,0.0,0,0,0,0,0,64.0,64196.0,0,0,0,54,eth:ethertype:ip:tcp,,,,,,,,,,,0.0,Normal,0.0
1744307243263235,10.42.0.1,10.42.0.139,1883,50122,1,45,0,1,0,0,1,0,4,0,0,0,0,0.0,0,,0,2,,0,0,0,0,2,0,0,0,0.0,0x00,0,0,0,0,64.0,64196.0,0,0,0,58,eth:ethertype:ip:tcp:mqtt,,,,,,,,,,,0.0,Normal,0.0
1744307243310280,10.42.0.1,10.42.0.139,1883,50122,5,234,0,1,0,0,0,0,0,0,0,0,0,0.0,0,,0,0,,0,0,0,0,0,0,0,0,0.0,0,0,0,0,0,64.0,64007.0,0,0,0,54,eth:ethertype:ip:tcp,,,,,,,,,,,0.0,Normal,0.0
1744307243310343,10.42.0.1,10.42.0.139,1883,50122,5,234,0,1,1,0,0,0,0,0,0,0,0,0.0,0,,0,0,,0,0,0,0,0,0,0,0,0.0,0,0,0,0,0,64.0,64007.0,0,0,0,54,eth:ethertype:ip:tcp,,,,,,,,,,,0.0,Normal,0.0
1744307258249280,10.42.0.1,10.42.0.2,1883,50122,0,1,1,1,0,0,0,0,0,0,0,0,0,0.0,0,,0,0,,0,0,0,0,0,0,0,0,0.0,0,0,0,0,0,64.0,64240.0,0,0,0,58,eth:ethertype:ip:tcp,,,,,,,,,,,0.0,Normal,0.0
1744307258255462,10.42.0.1,10.42.0.2,1883,50122,1,4,0,1,0,0,0,0,0,0,0,0,0,0.0,0,,0,0,,0,0,0,0,0,0,0,0,0.0,0,0,0,0,0,64.0,64237.0,0,0,0,54,eth:ethertype:ip:tcp,,,,,,,,,,,0.0,Normal,0.0
1744307258259717,10.42.0.1,10.42.0.2,1883,50122,1,35,0,1,0,0,0,0,0,0,0,0,0,0.0,0,,0,0,,0,0,0,0,0,0,0,0,0.0,0,0,0,0,0,64.0,64206.0,0,0,0,54,eth:ethertype:ip:tcp,,,,,,,,,,,0.0,Normal,0.0
1744307258262932,10.42.0.1,10.42.0.2,1883,50122,1,45,0,1,0,0,0,0,0,0,0,0,0,0.0,0,,0,0,,0,0,0,0,0,0,0,0,0.0,0,0,0,0,0,64.0,64196.0,0,0,0,54,eth:ethertype:ip:tcp,,,,,,,,,,,0.0,Normal,0.0
1744307258263235,10.42.0.1,10.42.0.2,1883,50122,1,45,0,1,0,0,1,0,4,0,0,0,0,0.0,0,,0,2,,0,0,0,0,2,0,0,0,0.0,0x00,0,0,0,0,64.0,64196.0,0,0,0,58,eth:ethertype:ip:tcp:mqtt,,,,,,,,,,,0.0,Normal,0.0
1744307258310280,10.42.0.1,10.42.0.2,1883,50122,5,234,0,1,0,0,0,0,0,0,0,0,0,0.0,0,,0,0,,0,0,0,0,0,0,0,0,0.0,0,0,0,0,0,64.0,64007.0,0,0,0,54,eth:ethertype:ip:tcp,,,,,,,,,,,0.0,Normal,0.0
1744307258310343,10.42.0.1,10.42.0.2,1883,50122,5,234,0,1,1,0,0,0,0,0,0,0,0,0.0,0,,0,0,,0,0,0,0,0,0,0,0,0.0,0,0,0,0,0,64.0,64007.0,0,0,0,54,eth:ethertype:ip:tcp,,,,,,,,,,,0.0,Normal,0.0
1744307273328061,10.42.0.1,10.42.0.139,1883,50123,0,1,1,1,0,0,0,0,0,0,0,0,0,0.0,0,,0,0,,0,0,0,0,0,0,0,0,0.0,0,0,0,0,0,64.0,64240.0,0,0,0,58,eth:ethertype:ip:tcp,,,,,,,,,,,0.0,Normal,0.0
1744307273334100,10.42.0.1,10.42.0.139,1883,50123,1,4,0,1,0,0,0,0,0,0,0,0,0,0.0,0,,0,0,,0,0,0,0,0,0,0,0,0.0,0,0,0,0,0,64.0,64237.0,0,0,0,54,eth:ethertype:ip:tcp,,,,,,,,,,,0.0,Normal,0.0
1744307273337454,10.42.0.1,10.42.0.139,1883,50123,1,33,0,1,0,0,0,0,0,0,0,0,0,0.0,0,,0,0,,0,0,0,0,0,0,0,0,0.0,0,0,0,0,0,64.0,64208.0,0,0,0,54,eth:ethertype:ip:tcp,,,,,,,,,,,0.0,Normal,0.0
1744307273340649,10.42.0.1,10.42.0.139,1883,50123,1,45,0,1,0,0,0,0,0,0,0,0,0,0.0,0,,0,0,,0,0,0,0,0,0,0,0,0.0,0,0,0,0,0,64.0,64196.0,0,0,0,54,eth:ethertype:ip:tcp,,,,,,,,,,,0.0,Normal,0.0
1744307273340964,10.42.0.1,10.42.0.139,1883,50123,1,45,0,1,0,0,1,0,4,0,0,0,0,0.0,0,,0,2,,0,0,0,0,2,0,0,0,0.0,0x00,0,0,0,0,64.0,64196.0,0,0,0,58,eth:ethertype:ip:tcp:mqtt,,,,,,,,,,,0.0,Normal,0.0
1744307273389239,10.42.0.1,10.42.0.139,1883,50123,5,234,0,1,0,0,0,0,0,0,0,0,0,0.0,0,,0,0,,0,0,0,0,0,0,0,0,0.0,0,0,0,0,0,64.0,64007.0,0,0,0,54,eth:ethertype:ip:tcp,,,,,,,,,,,0.0,Normal,0.0
1744307273389288,10.42.0.1,10.42.0.139,1883,50123,5,234,0,1,1,0,0,0,0,0,0,0,0,0.0,0,,0,0,,0,0,0,0,0,0,0,0,0.0,0,0,0,0,0,64.0,64007.0,0,0,0,54,eth:ethertype:ip:tcp,,,,,,,,,,,0.0,Normal,0.0
1744307288328061,10.42.0.1,10.42.0.2,1883,50123,0,1,1,1,0,0,0,0,0,0,0,0,0,0.0,0,,0,0,,0,0,0,0,0,0,0,0,0.0,0,0,0,0,0,64.0,64240.0,0,0,0,58,eth:ethertype:ip:tcp,,,,,,,,,,,0.0,Normal,0.0
1744307288334100,10.42.0.1,10.42.0.2,1883,50123,1,4,0,1,0,0,0,0,0,0,0,0,0,0.0,0,,0,0,,0,0,0,0,0,0,0,0,0.0,0,0,0,0,0,64.0,64237.0,0,0,0,54,eth:ethertype:ip:tcp,,,,,,,,,,,0.0,Normal,0.0
1744307288337454,10.42.0.1,10.42.0.2,1883,50123,1,33,0,1,0,0,0,0,0,0,0,0,0,0.0,0,,0,0,,0,0,0,0,0,0,0,0,0.0,0,0,0,0,0,64.0,64208.0,0,0,0,54,eth:ethertype:ip:tcp,,,,,,,,,,,0.0,Normal,0.0
1744307288340649,10.42.0.1,10.42.0.2,1883,50123,1,45,0,1,0,0,0,0,0,0,0,0,0,0.0,0,,0,0,,0,0,0,0,0,0,0,0,0.0,0,0,0,0,0,64.0,64196.0,0,0,0,54,eth:ethertype:ip:tcp,,,,,,,,,,,0.0,Normal,0.0
1744307288340964,10.42.0.1,10.42.0.2,1883,50123,1,45,0,1,0,0,1,0,4,0,0,0,0,0.0,0,,0,2,,0,0,0,0,2,0,0,0,0.0,0x00,0,0,0,0,64.0,64196.0,0,0,0,58,eth:ethertype:ip:tcp:mqtt,,,,,,,,,,,0.0,Normal,0.0
1744307288389239,10.42.0.1,10.42.0.2,1883,50123,5,234,0,1,0,0,0,0,0,0,0,0,0,0.0,0,,0,0,,0,0,0,0,0,0,0,0,0.0,0,0,0,0,0,64.0,64007.0,0,0,0,54,eth:ethertype:ip:tcp,,,,,,,,,,,0.0,Normal,0.0
1744307288389288,10.42.0.1,10.42.0.2,1883,50123,5,234,0,1,1,0,0,0,0,0,0,0,0,0.0,0,,0,0,,0,0,0,0,0,0,0,0,0.0,0,0,0,0,0,64.0,64007.0,0,0,0,54,eth:ethertype:ip:tcp,,,,,,,,,,,0.0,Normal,0.0
1744307303397899,10.42.0.1,10.42.0.139,1883,50124,0,1,1,1,0,0,0,0,0,0,0,0,0,0.0,0,,0,0,,0,0,0,0,0,0,0,0,0.0,0,0,0,0,0,64.0,64240.0,0,0,0,58,eth:ethertype:ip:tcp,,,,,,,,,,,0.0,Normal,0.0
1744307303404357,10.42.0.1,10.42.0.139,1883,50124,1,4,0,1,0,0,0,0,0,0,0,0,0,0.0,0,,0,0,,0,0,0,0,0,0,0,0,0.0,0,0,0,0,0,64.0,64237.0,0,0,0,54,eth:ethertype:ip:tcp,,,,,,,,,,,0.0,Normal,0.0
1744307303412017,10.42.0.1,10.42.0.139,1883,50124,1,45,0,1,0,0,0,0,0,0,0,0,0,0.0,0,,0,0,,0,0,0,0,0,0,0,0,0.0,0,0,0,0,0,64.0,64196.0,0,0,0,54,eth:ethertype:ip:tcp,,,,,,,,,,,0.0,Normal,0.0
1744307303412328,10.42.0.1,10.42.0.139,1883,50124,1,45,0,1,0,0,1,0,4,0,0,0,0,0.0,0,,0,2,,0,0,0,0,2,0,0,0,0.0,0x00,0,0,0,0,64.0,64196.0,0,0,0,58,eth:ethertype:ip:tcp:mqtt,,,,,,,,,,,0.0,Normal,0.0
1744307303458467,10.42.0.1,10.42.0.139,1883,50124,5,234,0,1,0,0,0,0,0,0,0,0,0,0.0,0,,0,0,,0,0,0,0,0,0,0,0,0.0,0,0,0,0,0,64.0,64007.0,0,0,0,54,eth:ethertype:ip:tcp,,,,,,,,,,,0.0,Normal,0.0
1744307303458532,10.42.0.1,10.42.0.139,1883,50124,5,234,0,1,1,0,0,0,0,0,0,0,0,0.0,0,,0,0,,0,0,0,0,0,0,0,0,0.0,0,0,0,0,0,64.0,64007.0,0,0,0,54,eth:ethertype:ip:tcp,,,,,,,,,,,0.0,Normal,0.0
1744307318397899,10.42.0.1,10.42.0.2,1883,50124,0,1,1,1,0,0,0,0,0,0,0,0,0,0.0,0,,0,0,,0,0,0,0,0,0,0,0,0.0,0,0,0,0,0,64.0,64240.0,0,0,0,58,eth:ethertype:ip:tcp,,,,,,,,,,,0.0,Normal,0.0
1744307318404357,10.42.0.1,10.42.0.2,1883,50124,1,4,0,1,0,0,0,0,0,0,0,0,0,0.0,0,,0,0,,0,0,0,0,0,0,0,0,0.0,0,0,0,0,0,64.0,64237.0,0,0,0,54,eth:ethertype:ip:tcp,,,,,,,,,,,0.0,Normal,0.0
1744307318412017,10.42.0.1,10.42.0.2,1883,50124,1,45,0,1,0,0,0,0,0,0,0,0,0,0.0,0,,0,0,,0,0,0,0,0,0,0,0,0.0,0,0,0,0,0,64.0,64196.0,0,0,0,54,eth:ethertype:ip:tcp,,,,,,,,,,,0.0,Normal,0.0
1744307318412328,10.42.0.1,10.42.0.2,1883,50124,1,45,0,1,0,0,1,0,4,0,0,0,0,0.0,0,,0,2,,0,0,0,0,2,0,0,0,0.0,0x00,0,0,0,0,64.0,64196.0,0,0,0,58,eth:ethertype:ip:tcp:mqtt,,,,,,,,,,,0.0,Normal,0.0
1744307318458467,10.42.0.1,10.42.0.2,1883,50124,5,234,0,1,0,0,0,0,0,0,0,0,0,0.0,0,,0,0,,0,0,0,0,0,0,0,0,0.0,0,0,0,0,0,64.0,64007.0,0,0,0,54,eth:ethertype:ip:tcp,,,,,,,,,,,0.0,Normal,0.0
1744307318458532,10.42.0.1,10.42.0.2,1883,50124,5,234,0,1,1,0,0,0,0,0,0,0,0,0.0,0,,0,0,,0,0,0,0,0,0,0,0,0.0,0,0,0,0,0,64.0,64007.0,0,0,0,54,eth:ethertype:ip:tcp,,,,,,,,,,,0.0,Normal,0.0
1744307333467293,10.42.0.1,10.42.0.139,1883,50125,0,1,1,1,0,0,0,0,0,0,0,0,0,0.0,0,,0,0,,0,0,0,0,0,0,0,0,0.0,0,0,0,0,0,64.0,64240.0,0,0,0,58,eth:ethertype:ip:tcp,,,,,,,,,,,0.0,Normal,0.0
1744307333473397,10.42.0.1,10.42.0.139,1883,50125,1,4,0,1,0,0,0,0,0,0,0,0,0,0.0,0,,0,0,,0,0,0,0,0,0,0,0,0.0,0,0,0,0,0,64.0,64237.0,0,0,0,54,eth:ethertype:ip:tcp,,,,,,,,,,,0.0,Normal,0.0
1744307333476839,10.42.0.1,10.42.0.139,1883,50125,1,33,0,1,0,0,0,0,0,0,0,0,0,0.0,0,,0,0,,0,0,0,0,0,0,0,0,0.0,0,0,0,0,0,64.0,64208.0,0,0,0,54,eth:ethertype:ip:tcp,,,,,,,,,,,0.0,Normal,0.0
1744307333480625,10.42.0.1,10.42.0.139,1883,50125,1,35,0,1,0,0,0,0,0,0,0,0,0,0.0,0,,0,0,,0,0,0,0,0,0,0,0,0.0,0,0,0,0,0,64.0,64206.0,0,0,0,54,eth:ethertype:ip:tcp,,,,,,,,,,,0.0,Normal,0.0
1744307333484755,10.42.0.1,10.42.0.139,1883,50125,1,39,0,1,0,0,0,0,0,0,0,0,0,0.0,0,,0,0,,0,0,0,0,0,0,0,0,0.0,0,0,0,0,0,64.0,64202.0,0,0,0,54,eth:ethertype:ip:tcp,,,,,,,,,,,0.0,Normal,0.0
1744307333488019,10.42.0.1,10.42.0.139,1883,50125,1,41,0,1,0,0,0,0,0,0,0,0,0,0.0,0,,0,0,,0,0,0,0,0,0,0,0,0.0,0,0,0,0,0,64.0,64200.0,0,0,0,54,eth:ethertype:ip:tcp,,,,,,,,,,,0.0,Normal,0.0
1744307333490607,10.42.0.1,10.42.0.139,1883,50125,1,45,0,1,0,0,0,0,0,0,0,0,0,0.0,0,,0,0,,0,0,0,0,0,0,0,0,0.0,0,0,0,0,0,64.0,64196.0,0,0,0,54,eth:ethertype:ip:tcp,,,,,,,,,,,0.0,Normal,0.0
1744307333490940,10.42.0.1,10.42.0.139,1883,50125,1,45,0,1,0,0,1,0,4,0,0,0,0,0.0,0,,0,2,,0,0,0,0,2,0,0,0,0.0,0x00,0,0,0,0,64.0,64196.0,0,0,0,58,eth:ethertype:ip:tcp:mqtt,,,,,,,,,,,0.0,Normal,0.0
1744307333539849,10.42.0.1,10.42.0.139,1883,50125,5,234,0,1,0,0,0,0,0,0,0,0,0,0.0,0,,0,0,,0,0,0,0,0,0,0,0,0.0,0,0,0,0,0,64.0,64007.0,0,0,0,54,eth:ethertype:ip:tcp,,,,,,,,,,,0.0,Normal,0.0
1744307333539887,10.42.0.1,10.42.0.139,1883,50125,5,234,0,1,1,0,0,0,0,0,0,0,0,0.0,0,,0,0,,0,0,0,0,0,0,0,0,0.0,0,0,0,0,0,64.0,64007.0,0,0,0,54,eth:ethertype:ip:tcp,,,,,,,,,,,0.0,Normal,0.0
1744307348467293,10.42.0.1,10.42.0.2,1883,50125,0,1,1,1,0,0,0,0,0,0,0,0,0,0.0,0,,0,0,,0,0,0,0,0,0,0,0,0.0,0,0,0,0,0,64.0,64240.0,0,0,0,58,eth:ethertype:ip:tcp,,,,,,,,,,,0.0,Normal,0.0
1744307348473397,10.42.0.1,10.42.0.2,1883,50125,1,4,0,1,0,0,0,0,0,0,0,0,0,0.0,0,,0,0,,0,0,0,0,0,0,0,0,0.0,0,0,0,0,0,64.0,64237.0,0,0,0,54,eth:ethertype:ip:tcp,,,,,,,,,,,0.0,Normal,0.0
1744307348476839,10.42.0.1,10.42.0.2,1883,50125,1,33,0,1,0,0,0,0,0,0,0,0,0,0.0,0,,0,0,,0,0,0,0,0,0,0,0,0.0,0,0,0,0,0,64.0,64208.0,0,0,0,54,eth:ethertype:ip:tcp,,,,,,,,,,,0.0,Normal,0.0
1744307348480625,10.42.0.1,10.42.0.2,1883,50125,1,35,0,1,0,0,0,0,0,0,0,0,0,0.0,0,,0,0,,0,0,0,0,0,0,0,0,0.0,0,0,0,0,0,64.0,64206.0,0,0,0,54,eth:ethertype:ip:tcp,,,,,,,,,,,0.0,Normal,0.0
1744307348484755,10.42.0.1,10.42.0.2,1883,50125,1,39,0,1,0,0,0,0,0,0,0,0,0,0.0,0,,0,0,,0,0,0,0,0,0,0,0,0.0,0,0,0,0,0,64.0,64202.0,0,0,0,54,eth:ethertype:ip:tcp,,,,,,,,,,,0.0,Normal,0.0
1744307348488019,10.42.0.1,10.42.0.2,1883,50125,1,41,0,1,0,0,0,0,0,0,0,0,0,0.0,0,,0,0,,0,0,0,0,0,0,0,0,0.0,0,0,0,0,0,64.0,64200.0,0,0,0,54,eth:ethertype:ip:tcp,,,,,,,,,,,0.0,Normal,0.0
1744307348490607,10.42.0.1,10.42.0.2,1883,50125,1,45,0,1,0,0,0,0,0,0,0,0,0,0.0,0,,0,0,,0,0,0,0,0,0,0,0,0.0,0,0,0,0,0,64.0,64196.0,0,0,0,54,eth:ethertype:ip:tcp,,,,,,,,,,,0.0,Normal,0.0
1744307348490940,10.42.0.1,10.42.0.2,1883,50125,1,45,0,1,0,0,1,0,4,0,0,0,0,0.0,0,,0,2,,0,0,0,0,2,0,0,0,0.0,0x00,0,0,0,0,64.0,64196.0,0,0,0,58,eth:ethertype:ip:tcp:mqtt,,,,,,,,,,,0.0,Normal,0.0
1744307348539849,10.42.0.1,10.42.0.2,1883,50125,5,234,0,1,0,0,0,0,0,0,0,0,0,0.0,0,,0,0,,0,0,0,0,0,0,0,0,0.0,0,0,0,0,0,64.0,64007.0,0,0,0,54,eth:ethertype:ip:tcp,,,,,,,,,,,0.0,Normal,0.0
1744307348539887,10.42.0.1,10.42.0.2,1883,50125,5,234,0,1,1,0,0,0,0,0,0,0,0,0.0,0,,0,0,,0,0,0,0,0,0,0,0,0.0,0,0,0,0,0,64.0,64007.0,0,0,0,54,eth:ethertype:ip:tcp,,,,,,,,,,,0.0,Normal,0.0
1744307363546677,10.42.0.1,10.42.0.139,1883,50126,0,1,1,1,0,0,0,0,0,0,0,0,0,0.0,0,,0,0,,0,0,0,0,0,0,0,0,0.0,0,0,0,0,0,64.0,64240.0,0,0,0,58,eth:ethertype:ip:tcp,,,,,,,,,,,0.0,Normal,0.0
1744307363552748,10.42.0.1,10.42.0.139,1883,50126,1,4,0,1,0,0,0,0,0,0,0,0,0,0.0,0,,0,0,,0,0,0,0,0,0,0,0,0.0,0,0,0,0,0,64.0,64237.0,0,0,0,54,eth:ethertype:ip:tcp,,,,,,,,,,,0.0,Normal,0.0
1744307363556185,10.42.0.1,10.42.0.139,1883,50126,1,33,0,1,0,0,0,0,0,0,0,0,0,0.0,0,,0,0,,0,0,0,0,0,0,0,0,0.0,0,0,0,0,0,64.0,64208.0,0,0,0,54,eth:ethertype:ip:tcp,,,,,,,,,,,0.0,Normal,0.0
1744307363559393,10.42.0.1,10.42.0.139,1883,50126,1,45,0,1,0,0,0,0,0,0,0,0,0,0.0,0,,0,0,,0,0,0,0,0,0,0,0,0.0,0,0,0,0,0,64.0,64196.0,0,0,0,54,eth:ethertype:ip:tcp,,,,,,,,,,,0.0,Normal,0.0
1744307363559713,10.42.0.1,10.42.0.139,1883,50126,1,45,0,1,0,0,1,0,4,0,0,0,0,0.0,0,,0,2,,0,0,0,0,2,0,0,0,0.0,0x00,0,0,0,0,64.0,64196.0,0,0,0,58,eth:ethertype:ip:tcp:mqtt,,,,,,,,,,,0.0,Normal,0.0
1744307363607102,10.42.0.1,10.42.0.139,1883,50126,5,234,0,1,0,0,0,0,0,0,0,0,0,0.0,0,,0,0,,0,0,0,0,0,0,0,0,0.0,0,0,0,0,0,64.0,64007.0,0,0,0,54,eth:ethertype:ip:tcp,,,,,,,,,,,0.0,Normal,0.0
1744307363607182,10.42.0.1,10.42.0.139,1883,50126,5,234,0,1,1,0,0,0,0,0,0,0,0,0.0,0,,0,0,,0,0,0,0,0,0,0,0,0.0,0,0,0,0,0,64.0,64007.0,0,0,0,54,eth:ethertype:ip:tcp,,,,,,,,,,,0.0,Normal,0.0
1744307378546677,10.42.0.1,10.42.0.2,1883,50126,0,1,1,1,0,0,0,0,0,0,0,0,0,0.0,0,,0,0,,0,0,0,0,0,0,0,0,0.0,0,0,0,0,0,64.0,64240.0,0,0,0,58,eth:ethertype:ip:tcp,,,,,,,,,,,0.0,Normal,0.0
1744307378552748,10.42.0.1,10.42.0.2,1883,50126,1,4,0,1,0,0,0,0,0,0,0,0,0,0.0,0,,0,0,,0,0,0,0,0,0,0,0,0.0,0,0,0,0,0,64.0,64237.0,0,0,0,54,eth:ethertype:ip:tcp,,,,,,,,,,,0.0,Normal,0.0
1744307378556185,10.42.0.1,10.42.0.2,1883,50126,1,33,0,1,0,0,0,0,0,0,0,0,0,0.0,0,,0,0,,0,0,0,0,0,0,0,0,0.0,0,0,0,0,0,64.0,64208.0,0,0,0,54,eth:ethertype:ip:tcp,,,,,,,,,,,0.0,Normal,0.0
1744307378559393,10.42.0.1,10.42.0.2,1883,50126,1,45,0,1,0,0,0,0,0,0,0,0,0,0.0,0,,0,0,,0,0,0,0,0,0,0,0,0.0,0,0,0,0,0,64.0,64196.0,0,0,0,54,eth:ethertype:ip:tcp,,,,,,,,,,,0.0,Normal,0.0
1744307378559713,10.42.0.1,10.42.0.2,1883,50126,1,45,0,1,0,0,1,0,4,0,0,0,0,0.0,0,,0,2,,0,0,0,0,2,0,0,0,0.0,0x00,0,0,0,0,64.0,64196.0,0,0,0,58,eth:ethertype:ip:tcp:mqtt,,,,,,,,,,,0.0,Normal,0.0
1744307378607102,10.42.0.1,10.42.0.2,1883,50126,5,234,0,1,0,0,0,0,0,0,0,0,0,0.0,0,,0,0,,0,0,0,0,0,0,0,0,0.0,0,0,0,0,0,64.0,64007.0,0,0,0,54,eth:ethertype:ip:tcp,,,,,,,,,,,0.0,Normal,0.0
1744307378607182,10.42.0.1,10.42.0.2,1883,50126,5,234,0,1,1,0,0,0,0,0,0,0,0,0.0,0,,0,0,,0,0,0,0,0,0,0,0,0.0,0,0,0,0,0,64.0,64007.0,0,0,0,54,eth:ethertype:ip:tcp,,,,,,,,,,,0.0,Normal,0.0
1744307393615044,10.42.0.1,10.42.0.139,1883,50127,0,1,1,1,0,0,0,0,0,0,0,0,0,0.0,0,,0,0,,0,0,0,0,0,0,0,0,0.0,0,0,0,0,0,64.0,64240.0,0,0,0,58,eth:ethertype:ip:tcp,,,,,,,,,,,0.0,Normal,0.0
1744307393622611,10.42.0.1,10.42.0.139,1883,50127,1,4,0,1,0,0,0,0,0,0,0,0,0,0.0,0,,0,0,,0,0,0,0,0,0,0,0,0.0,0,0,0,0,0,64.0,64237.0,0,0,0,54,eth:ethertype:ip:tcp,,,,,,,,,,,0.0,Normal,0.0
1744307393627443,10.42.0.1,10.42.0.139,1883,50127,1,45,0,1,0,0,0,0,0,0,0,0,0,0.0,0,,0,0,,0,0,0,0,0,0,0,0,0.0,0,0,0,0,0,64.0,64196.0,0,0,0,54,eth:ethertype:ip:tcp,,,,,,,,,,,0.0,Normal,0.0
1744307393627743,10.42.0.1,10.42.0.139,1883,50127,1,45,0,1,0,0,1,0,4,0,0,0,0,0.0,0,,0,2,,0,0,0,0,2,0,0,0,0.0,0x00,0,0,0,0,64.0,64196.0,0,0,0,58,eth:ethertype:ip:tcp:mqtt,,,,,,,,,,,0.0,Normal,0.0
1744307393676447,10.42.0.1,10.42.0.139,1883,50127,5,234,0,1,0,0,0,0,0,0,0,0,0,0.0,0,,0,0,,0,0,0,0,0,0,0,0,0.0,0,0,0,0,0,64.0,64007.0,0,0,0,54,eth:ethertype:ip:tcp,,,,,,,,,,,0.0,Normal,0.0
1744307393676489,10.42.0.1,10.42.0.139,1883,50127,5,234,0,1,1,0,0,0,0,0,0,0,0,0.0,0,,0,0,,0,0,0,0,0,0,0,0,0.0,0,0,0,0,0,64.0,64007.0,0,0,0,54,eth:ethertype:ip:tcp,,,,,,,,,,,0.0,Normal,0.0
1744307408615044,10.42.0.1,10.42.0.2,1883,50127,0,1,1,1,0,0,0,0,0,0,0,0,0,0.0,0,,0,0,,0,0,0,0,0,0,0,0,0.0,0,0,0,0,0,64.0,64240.0,0,0,0,58,eth:ethertype:ip:tcp,,,,,,,,,,,0.0,Normal,0.0
1744307408622611,10.42.0.1,10.42.0.2,1883,50127,1,4,0,1,0,0,0,0,0,0,0,0,0,0.0,0,,0,0,,0,0,0,0,0,0,0,0,0.0,0,0,0,0,0,64.0,64237.0,0,0,0,54,eth:ethertype:ip:tcp,,,,,,,,,,,0.0,Normal,0.0
1744307408627443,10.42.0.1,10.42.0.2,1883,50127,1,45,0,1,0,0,0,0,0,0,0,0,0,0.0,0,,0,0,,0,0,0,0,0,0,0,0,0.0,0,0,0,0,0,64.0,64196.0,0,0,0,54,eth:ethertype:ip:tcp,,,,,,,,,,,0.0,Normal,0.0
1744307408627743,10.42.0.1,10.42.0.2,1883,50127,1,45,0,1,0,0,1,0,4,0,0,0,0,0.0,0,,0,2,,0,0,0,0,2,0,0,0,0.0,0x00,0,0,0,0,64.0,64196.0,0,0,0,58,eth:ethertype:ip:tcp:mqtt,,,,,,,,,,,0.0,Normal,0.0
1744307408676447,10.42.0.1,10.42.0.2,1883,50127,5,234,0,1,0,0,0,0,0,0,0,0,0,0.0,0,,0,0,,0,0,0,0,0,0,0,0,0.0,0,0,0,0,0,64.0,64007.0,0,0,0,54,eth:ethertype:ip:tcp,,,,,,,,,,,0.0,Normal,0.0
1744307408676489,10.42.0.1,10.42.0.2,1883,50127,5,234,0,1,1,0,0,0,0,0,0,0,0,0.0,0,,0,0,,0,0,0,0,0,0,0,0,0.0,0,0,0,0,0,64.0,64007.0,0,0,0,54,eth:ethertype:ip:tcp,,,,,,,,,,,0.0,Normal,0.0
1744307423685351,10.42.0.1,10.42.0.139,1883,50128,0,1,1,1,0,0,0,0,0,0,0,0,0,0.0,0,,0,0,,0,0,0,0,0,0,0,0,0.0,0,0,0,0,0,64.0,64240.0,0,0,0,58,eth:ethertype:ip:tcp,,,,,,,,,,,0.0,Normal,0.0
1744307423691547,10.42.0.1,10.42.0.139,1883,50128,1,4,0,1,0,0,0,0,0,0,0,0,0,0.0,0,,0,0,,0,0,0,0,0,0,0,0,0.0,0,0,0,0,0,64.0,64237.0,0,0,0,54,eth:ethertype:ip:tcp,,,,,,,,,,,0.0,Normal,0.0
1744307423695025,10.42.0.1,10.42.0.139,1883,50128,1,33,0,1,0,0,0,0,0,0,0,0,0,0.0,0,,0,0,,0,0,0,0,0,0,0,0,0.0,0,0,0,0,0,64.0,64208.0,0,0,0,54,eth:ethertype:ip:tcp,,,,,,,,,,,0.0,Normal,0.0
1744307423698143,10.42.0.1,10.42.0.139,1883,50128,1,45,0,1,0,0,0,0,0,0,0,0,0,0.0,0,,0,0,,0,0,0,0,0,0,0,0,0.0,0,0,0,0,0,64.0,64196.0,0,0,0,54,eth:ethertype:ip:tcp,,,,,,,,,,,0.0,Normal,0.0
1744307423698533,10.42.0.1,10.42.0.139,1883,50128,1,45,0,1,0,0,1,0,4,0,0,0,0,0.0,0,,0,2,,0,0,0,0,2,0,0,0,0.0,0x00,0,0,0,0,64.0,64196.0,0,0,0,58,eth:ethertype:ip:tcp:mqtt,,,,,,,,,,,0.0,Normal,0.0
1744307423745898,10.42.0.1,10.42.0.139,1883,50128,5,234,0,1,0,0,0,0,0,0,0,0,0,0.0,0,,0,0,,0,0,0,0,0,0,0,0,0.0,0,0,0,0,0,64.0,64007.0,0,0,0,54,eth:ethertype:ip:tcp,,,,,,,,,,,0.0,Normal,0.0
1744307423746008,10.42.0.1,10.42.0.139,1883,50128,5,234,0,1,1,0,0,0,0,0,0,0,0,0.0,0,,0,0,,0,0,0,0,0,0,0,0,0.0,0,0,0,0,0,64.0,64007.0,0,0,0,54,eth:ethertype:ip:tcp,,,,,,,,,,,0.0,Normal,0.0
1744307438685351,10.42.0.1,10.42.0.2,1883,50128,0,1,1,1,0,0,0,0,0,0,0,0,0,0.0,0,,0,0,,0,0,0,0,0,0,0,0,0.0,0,0,0,0,0,64.0,64240.0,0,0,0,58,eth:ethertype:ip:tcp,,,,,,,,,,,0.0,Normal,0.0
1744307438691547,10.42.0.1,10.42.0.2,1883,50128,1,4,0,1,0,0,0,0,0,0,0,0,0,0.0,0,,0,0,,0,0,0,0,0,0,0,0,0.0,0,0,0,0,0,64.0,64237.0,0,0,0,54,eth:ethertype:ip:tcp,,,,,,,,,,,0.0,Normal,0.0
1744307438695025,10.42.0.1,10.42.0.2,1883,50128,1,33,0,1,0,0,0,0,0,0,0,0,0,0.0,0,,0,0,,0,0,0,0,0,0,0,0,0.0,0,0,0,0,0,64.0,64208.0,0,0,0,54,eth:ethertype:ip:tcp,,,,,,,,,,,0.0,Normal,0.0
1744307438698143,10.42.0.1,10.42.0.2,1883,50128,1,45,0,1,0,0,0,0,0,0,0,0,0,0.0,0,,0,0,,0,0,0,0,0,0,0,0,0.0,0,0,0,0,0,64.0,64196.0,0,0,0,54,eth:ethertype:ip:tcp,,,,,,,,,,,0.0,Normal,0.0
1744307438698533,10.42.0.1,10.42.0.2,1883,50128,1,45,0,1,0,0,1,0,4,0,0,0,0,0.0,0,,0,2,,0,0,0,0,2,0,0,0,0.0,0x00,0,0,0,0,64.0,64196.0,0,0,0,58,eth:ethertype:ip:tcp:mqtt,,,,,,,,,,,0.0,Normal,0.0
1744307438745898,10.42.0.1,10.42.0.2,1883,50128,5,234,0,1,0,0,0,0,0,0,0,0,0,0.0,0,,0,0,,0,0,0,0,0,0,0,0,0.0,0,0,0,0,0,64.0,64007.0,0,0,0,54,eth:ethertype:ip:tcp,,,,,,,,,,,0.0,Normal,0.0
1744307438746008,10.42.0.1,10.42.0.2,1883,50128,5,234,0,1,1,0,0,0,0,0,0,0,0,0.0,0,,0,0,,0,0,0,0,0,0,0,0,0.0,0,0,0,0,0,64.0,64007.0,0,0,0,54,eth:ethertype:ip:tcp,,,,,,,,,,,0.0,Normal,0.0
1744307453754569,10.42.0.1,10.42.0.139,1883,50129,0,1,1,1,0,0,0,0,0,0,0,0,0,0.0,0,,0,0,,0,0,0,0,0,0,0,0,0.0,0,0,0,0,0,64.0,64240.0,0,0,0,58,eth:ethertype:ip:tcp,,,,,,,,,,,0.0,Normal,0.0
1744307453760611,10.42.0.1,10.42.0.139,1883,50129,1,4,0,1,0,0,0,0,0,0,0,0,0,0.0,0,,0,0,,0,0,0,0,0,0,0,0,0.0,0,0,0,0,0,64.0,64237.0,0,0,0,54,eth:ethertype:ip:tcp,,,,,,,,,,,0.0,Normal,0.0
1744307453764007,10.42.0.1,10.42.0.139,1883,50129,1,33,0,1,0,0,0,0,0,0,0,0,0,0.0,0,,0,0,,0,0,0,0,0,0,0,0,0.0,0,0,0,0,0,64.0,64208.0,0,0,0,54,eth:ethertype:ip:tcp,,,,,,,,,,,0.0,Normal,0.0
1744307453766973,10.42.0.1,10.42.0.139,1883,50129,1,45,0,1,0,0,0,0,0,0,0,0,0,0.0,0,,0,0,,0,0,0,0,0,0,0,0,0.0,0,0,0,0,0,64.0,64196.0,0,0,0,54,eth:ethertype:ip:tcp,,,,,,,,,,,0.0,Normal,0.0
1744307453767316,10.42.0.1,10.42.0.139,1883,50129,1,45,0,1,0,0,1,0,4,0,0,0,0,0.0,0,,0,2,,0,0,0,0,2,0,0,0,0.0,0x00,0,0,0,0,64.0,64196.0,0,0,0,58,eth:ethertype:ip:tcp:mqtt,,,,,,,,,,,0.0,Normal,0.0
1744307453815141,10.42.0.1,10.42.0.139,1883,50129,5,234,0,1,0,0,0,0,0,0,0,0,0,0.0,0,,0,0,,0,0,0,0,0,0,0,0,0.0,0,0,0,0,0,64.0,64007.0,0,0,0,54,eth:ethertype:ip:tcp,,,,,,,,,,,0.0,Normal,0.0
1744307453815203,10.42.0.1,10.42.0.139,1883,50129,5,234,0,1,1,0,0,0,0,0,0,0,0,0.0,0,,0,0,,0,0,0,0,0,0,0,0,0.0,0,0,0,0,0,64.0,64007.0,0,0,0,54,eth:ethertype:ip:tcp,,,,,,,,,,,0.0,Normal,0.0
1744307468754569,10.42.0.1,10.42.0.2,1883,50129,0,1,1,1,0,0,0,0,0,0,0,0,0,0.0,0,,0,0,,0,0,0,0,0,0,0,0,0.0,0,0,0,0,0,64.0,64240.0,0,0,0,58,eth:ethertype:ip:tcp,,,,,,,,,,,0.0,Normal,0.0
1744307468760611,10.42.0.1,10.42.0.2,1883,50129,1,4,0,1,0,0,0,0,0,0,0,0,0,0.0,0,,0,0,,0,0,0,0,0,0,0,0,0.0,0,0,0,0,0,64.0,64237.0,0,0,0,54,eth:ethertype:ip:tcp,,,,,,,,,,,0.0,Normal,0.0
1744307468764007,10.42.0.1,10.42.0.2,1883,50129,1,33,0,1,0,0,0,0,0,0,0,0,0,0.0,0,,0,0,,0,0,0,0,0,0,0,0,0.0,0,0,0,0,0,64.0,64208.0,0,0,0,54,eth:ethertype:ip:tcp,,,,,,,,,,,0.0,Normal,0.0
1744307468766973,10.42.0.1,10.42.0.2,1883,50129,1,45,0,1,0,0,0,0,0,0,0,0,0,0.0,0,,0,0,,0,0,0,0,0,0,0,0,0.0,0,0,0,0,0,64.0,64196.0,0,0,0,54,eth:ethertype:ip:tcp,,,,,,,,,,,0.0,Normal,0.0
1744307468767316,10.42.0.1,10.42.0.2,1883,50129,1,45,0,1,0,0,1,0,4,0,0,0,0,0.0,0,,0,2,,0,0,0,0,2,0,0,0,0.0,0x00,0,0,0,0,64.0,64196.0,0,0,0,58,eth:ethertype:ip:tcp:mqtt,,,,,,,,,,,0.0,Normal,0.0
1744307468815141,10.42.0.1,10.42.0.2,1883,50129,5,234,0,1,0,0,0,0,0,0,0,0,0,0.0,0,,0,0,,0,0,0,0,0,0,0,0,0.0,0,0,0,0,0,64.0,64007.0,0,0,0,54,eth:ethertype:ip:tcp,,,,,,,,,,,0.0,Normal,0.0
1744307468815203,10.42.0.1,10.42.0.2,1883,50129,5,234,0,1,1,0,0,0,0,0,0,0,0,0.0,0,,0,0,,0,0,0,0,0,0,0,0,0.0,0,0,0,0,0,64.0,64007.0,0,0,0,54,eth:ethertype:ip:tcp,,,,,,,,,,,0.0,Normal,0.0
1744307483823999,10.42.0.1,10.42.0.139,1883,50130,0,1,1,1,0,0,0,0,0,0,0,0,0,0.0,0,,0,0,,0,0,0,0,0,0,0,0,0.0,0,0,0,0,0,64.0,64240.0,0,0,0,58,eth:ethertype:ip:tcp,,,,,,,,,,,0.0,Normal,0.0
1744307483830000,10.42.0.1,10.42.0.139,1883,50130,1,4,0,1,0,0,0,0,0,0,0,0,0,0.0,0,,0,0,,0,0,0,0,0,0,0,0,0.0,0,0,0,0,0,64.0,64237.0,0,0,0,54,eth:ethertype:ip:tcp,,,,,,,,,,,0.0,Normal,0.0
1744307483833424,10.42.0.1,10.42.0.139,1883,50130,1,33,0,1,0,0,0,0,0,0,0,0,0,0.0,0,,0,0,,0,0,0,0,0,0,0,0,0.0,0,0,0,0,0,64.0,64208.0,0,0,0,54,eth:ethertype:ip:tcp,,,,,,,,,,,0.0,Normal,0.0
1744307483840905,10.42.0.1,10.42.0.139,1883,50130,1,45,0,1,0,0,0,0,0,0,0,0,0,0.0,0,,0,0,,0,0,0,0,0,0,0,0,0.0,0,0,0,0,0,64.0,64196.0,0,0,0,54,eth:ethertype:ip:tcp,,,,,,,,,,,0.0,Normal,0.0
1744307483841263,10.42.0.1,10.42.0.139,1883,50130,1,45,0,1,0,0,1,0,4,0,0,0,0,0.0,0,,0,2,,0,0,0,0,2,0,0,0,0.0,0x00,0,0,0,0,64.0,64196.0,0,0,0,58,eth:ethertype:ip:tcp:mqtt,,,,,,,,,,,0.0,Normal,0.0
1744307483894412,10.42.0.1,10.42.0.139,1883,50130,5,234,0,1,0,0,0,0,0,0,0,0,0,0.0,0,,0,0,,0,0,0,0,0,0,0,0,0.0,0,0,0,0,0,64.0,64007.0,0,0,0,54,eth:ethertype:ip:tcp,,,,,,,,,,,0.0,Normal,0.0
1744307483894462,10.42.0.1,10.42.0.139,1883,50130,5,234,0,1,1,0,0,0,0,0,0,0,0,0.0,0,,0,0,,0,0,0,0,0,0,0,0,0.0,0,0,0,0,0,64.0,64007.0,0,0,0,54,eth:ethertype:ip:tcp,,,,,,,,,,,0.0,Normal,0.0
1744307498823999,10.42.0.1,10.42.0.2,1883,50130,0,1,1,1,0,0,0,0,0,0,0,0,0,0.0,0,,0,0,,0,0,0,0,0,0,0,0,0.0,0,0,0,0,0,64.0,64240.0,0,0,0,58,eth:ethertype:ip:tcp,,,,,,,,,,,0.0,Normal,0.0
1744307498830000,10.42.0.1,10.42.0.2,1883,50130,1,4,0,1,0,0,0,0,0,0,0,0,0,0.0,0,,0,0,,0,0,0,0,0,0,0,0,0.0,0,0,0,0,0,64.0,64237.0,0,0,0,54,eth:ethertype:ip:tcp,,,,,,,,,,,0.0,Normal,0.0
1744307498833424,10.42.0.1,10.42.0.2,1883,50130,1,33,0,1,0,0,0,0,0,0,0,0,0,0.0,0,,0,0,,0,0,0,0,0,0,0,0,0.0,0,0,0,0,0,64.0,64208.0,0,0,0,54,eth:ethertype:ip:tcp,,,,,,,,,,,0.0,Normal,0.0
1744307498840905,10.42.0.1,10.42.0.2,1883,50130,1,45,0,1,0,0,0,0,0,0,0,0,0,0.0,0,,0,0,,0,0,0,0,0,0,0,0,0.0,0,0,0,0,0,64.0,64196.0,0,0,0,54,eth:ethertype:ip:tcp,,,,,,,,,,,0.0,Normal,0.0
1744307498841263,10.42.0.1,10.42.0.2,1883,50130,1,45,0,1,0,0,1,0,4,0,0,0,0,0.0,0,,0,2,,0,0,0,0,2,0,0,0,0.0,0x00,0,0,0,0,64.0,64196.0,0,0,0,58,eth:ethertype:ip:tcp:mqtt,,,,,,,,,,,0.0,Normal,0.0
1744307498894412,10.42.0.1,10.42.0.2,1883,50130,5,234,0,1,0,0,0,0,0,0,0,0,0,0.0,0,,0,0,,0,0,0,0,0,0,0,0,0.0,0,0,0,0,0,64.0,64007.0,0,0,0,54,eth:ethertype:ip:tcp,,,,,,,,,,,0.0,Normal,0.0
1744307498894462,10.42.0.1,10.42.0.2,1883,50130,5,234,0,1,1,0,0,0,0,0,0,0,0,0.0,0,,0,0,,0,0,0,0,0,0,0,0,0.0,0,0,0,0,0,64.0,64007.0,0,0,0,54,eth:ethertype:ip:tcp,,,,,,,,,,,0.0,Normal,0.0
1744307513903519,10.42.0.1,10.42.0.139,1883,50131,0,1,1,1,0,0,0,0,0,0,0,0,0,0.0,0,,0,0,,0,0,0,0,0,0,0,0,0.0,0,0,0,0,0,64.0,64240.0,0,0,0,58,eth:ethertype:ip:tcp,,,,,,,,,,,0.0,Normal,0.0
1744307513910313,10.42.0.1,10.42.0.139,1883,50131,1,4,0,1,0,0,0,0,0,0,0,0,0,0.0,0,,0,0,,0,0,0,0,0,0,0,0,0.0,0,0,0,0,0,64.0,64237.0,0,0,0,54,eth:ethertype:ip:tcp,,,,,,,,,,,0.0,Normal,0.0
1744307513913552,10.42.0.1,10.42.0.139,1883,50131,1,33,0,1,0,0,0,0,0,0,0,0,0,0.0,0,,0,0,,0,0,0,0,0,0,0,0,0.0,0,0,0,0,0,64.0,64208.0,0,0,0,54,eth:ethertype:ip:tcp,,,,,,,,,,,0.0,Normal,0.0
1744307513917335,10.42.0.1,10.42.0.139,1883,50131,1,35,0,1,0,0,0,0,0,0,0,0,0,0.0,0,,0,0,,0,0,0,0,0,0,0,0,0.0,0,0,0,0,0,64.0,64206.0,0,0,0,54,eth:ethertype:ip:tcp,,,,,,,,,,,0.0,Normal,0.0
1744307513921338,10.42.0.1,10.42.0.139,1883,50131,1,39,0,1,0,0,0,0,0,0,0,0,0,0.0,0,,0,0,,0,0,0,0,0,0,0,0,0.0,0,0,0,0,0,64.0,64202.0,0,0,0,54,eth:ethertype:ip:tcp,,,,,,,,,,,0.0,Normal,0.0
1744307513925238,10.42.0.1,10.42.0.139,1883,50131,1,45,0,1,0,0,0,0,0,0,0,0,0,0.0,0,,0,0,,0,0,0,0,0,0,0,0,0.0,0,0,0,0,0,64.0,64196.0,0,0,0,54,eth:ethertype:ip:tcp,,,,,,,,,,,0.0,Normal,0.0
1744307513925591,10.42.0.1,10.42.0.139,1883,50131,1,45,0,1,0,0,1,0,4,0,0,0,0,0.0,0,,0,2,,0,0,0,0,2,0,0,0,0.0,0x00,0,0,0,0,64.0,64196.0,0,0,0,58,eth:ethertype:ip:tcp:mqtt,,,,,,,,,,,0.0,Normal,0.0
1744307513974082,10.42.0.1,10.42.0.139,1883,50131,5,234,0,1,0,0,0,0,0,0,0,0,0,0.0,0,,0,0,,0,0,0,0,0,0,0,0,0.0,0,0,0,0,0,64.0,64007.0,0,0,0,54,eth:ethertype:ip:tcp,,,,,,,,,,,0.0,Normal,0.0
1744307513974185,10.42.0.1,10.42.0.139,1883,50131,5,234,0,1,1,0,0,0,0,0,0,0,0,0.0,0,,0,0,,0,0,0,0,0,0,0,0,0.0,0,0,0,0,0,64.0,64007.0,0,0,0,54,eth:ethertype:ip:tcp,,,,,,,,,,,0.0,Normal,0.0
1744307528903519,10.42.0.1,10.42.0.2,1883,50131,0,1,1,1,0,0,0,0,0,0,0,0,0,0.0,0,,0,0,,0,0,0,0,0,0,0,0,0.0,0,0,0,0,0,64.0,64240.0,0,0,0,58,eth:ethertype:ip:tcp,,,,,,,,,,,0.0,Normal,0.0
1744307528910313,10.42.0.1,10.42.0.2,1883,50131,1,4,0,1,0,0,0,0,0,0,0,0,0,0.0,0,,0,0,,0,0,0,0,0,0,0,0,0.0,0,0,0,0,0,64.0,64237.0,0,0,0,54,eth:ethertype:ip:tcp,,,,,,,,,,,0.0,Normal,0.0
1744307528913552,10.42.0.1,10.42.0.2,1883,50131,1,33,0,1,0,0,0,0,0,0,0,0,0,0.0,0,,0,0,,0,0,0,0,0,0,0,0,0.0,0,0,0,0,0,64.0,64208.0,0,0,0,54,eth:ethertype:ip:tcp,,,,,,,,,,,0.0,Normal,0.0
1744307528917335,10.42.0.1,10.42.0.2,1883,50131,1,35,0,1,0,0,0,0,0,0,0,0,0,0.0,0,,0,0,,0,0,0,0,0,0,0,0,0.0,0,0,0,0,0,64.0,64206.0,0,0,0,54,eth:ethertype:ip:tcp,,,,,,,,,,,0.0,Normal,0.0
1744307528921338,10.42.0.1,10.42.0.2,1883,50131,1,39,0,1,0,0,0,0,0,0,0,0,0,0.0,0,,0,0,,0,0,0,0,0,0,0,0,0.0,0,0,0,0,0,64.0,64202.0,0,0,0,54,eth:ethertype:ip:tcp,,,,,,,,,,,0.0,Normal,0.0
1744307528925238,10.42.0.1,10.42.0.2,1883,50131,1,45,0,1,0,0,0,0,0,0,0,0,0,0.0,0,,0,0,,0,0,0,0,0,0,0,0,0.0,0,0,0,0,0,64.0,64196.0,0,0,0,54,eth:ethertype:ip:tcp,,,,,,,,,,,0.0,Normal,0.0
1744307528925591,10.42.0.1,10.42.0.2,1883,50131,1,45,0,1,0,0,1,0,4,0,0,0,0,0.0,0,,0,2,,0,0,0,0,2,0,0,0,0.0,0x00,0,0,0,0,64.0,64196.0,0,0,0,58,eth:ethertype:ip:tcp:mqtt,,,,,,,,,,,0.0,Normal,0.0
1744307528974082,10.42.0.1,10.42.0.2,1883,50131,5,234,0,1,0,0,0,0,0,0,0,0,0,0.0,0,,0,0,,0,0,0,0,0,0,0,0,0.0,0,0,0,0,0,64.0,64007.0,0,0,0,54,eth:ethertype:ip:tcp,,,,,,,,,,,0.0,Normal,0.0
1744307528974185,10.42.0.1,10.42.0.2,1883,50131,5,234,0,1,1,0,0,0,0,0,0,0,0,0.0,0,,0,0,,0,0,0,0,0,0,0,0,0.0,0,0,0,0,0,64.0,64007.0,0,0,0,54,eth:ethertype:ip:tcp,,,,,,,,,,,0.0,Normal,0.0
1744307543982624,10.42.0.1,10.42.0.139,1883,50132,0,1,1,1,0,0,0,0,0,0,0,0,0,0.0,0,,0,0,,0,0,0,0,0,0,0,0,0.0,0,0,0,0,0,64.0,64240.0,0,0,0,58,eth:ethertype:ip:tcp,,,,,,,,,,,0.0,Normal,0.0
1744307543988602,10.42.0.1,10.42.0.139,1883,50132,1,4,0,1,0,0,0,0,0,0,0,0,0,0.0,0,,0,0,,0,0,0,0,0,0,0,0,0.0,0,0,0,0,0,64.0,64237.0,0,0,0,54,eth:ethertype:ip:tcp,,,,,,,,,,,0.0,Normal,0.0
1744307543992055,10.42.0.1,10.42.0.139,1883,50132,1,33,0,1,0,0,0,0,0,0,0,0,0,0.0,0,,0,0,,0,0,0,0,0,0,0,0,0.0,0,0,0,0,0,64.0,64208.0,0,0,0,54,eth:ethertype:ip:tcp,,,,,,,,,,,0.0,Normal,0.0
1744307543995110,10.42.0.1,10.42.0.139,1883,50132,1,45,0,1,0,0,0,0,0,0,0,0,0,0.0,0,,0,0,,0,0,0,0,0,0,0,0,0.0,0,0,0,0,0,64.0,64196.0,0,0,0,54,eth:ethertype:ip:tcp,,,,,,,,,,,0.0,Normal,0.0
1744307543995543,10.42.0.1,10.42.0.139,1883,50132,1,45,0,1,0,0,1,0,4,0,0,0,0,0.0,0,,0,2,,0,0,0,0,2,0,0,0,0.0,0x00,0,0,0,0,64.0,64196.0,0,0,0,58,eth:ethertype:ip:tcp:mqtt,,,,,,,,,,,0.0,Normal,0.0
1744307544043258,10.42.0.1,10.42.0.139,1883,50132,5,234,0,1,0,0,0,0,0,0,0,0,0,0.0,0,,0,0,,0,0,0,0,0,0,0,0,0.0,0,0,0,0,0,64.0,64007.0,0,0,0,54,eth:ethertype:ip:tcp,,,,,,,,,,,0.0,Normal,0.0
1744307544043297,10.42.0.1,10.42.0.139,1883,50132,5,234,0,1,1,0,0,0,0,0,0,0,0,0.0,0,,0,0,,0,0,0,0,0,0,0,0,0.0,0,0,0,0,0,64.0,64007.0,0,0,0,54,eth:ethertype:ip:tcp,,,,,,,,,,,0.0,Normal,0.0
1744307558982624,10.42.0.1,10.42.0.2,1883,50132,0,1,1,1,0,0,0,0,0,0,0,0,0,0.0,0,,0,0,,0,0,0,0,0,0,0,0,0.0,0,0,0,0,0,64.0,64240.0,0,0,0,58,eth:ethertype:ip:tcp,,,,,,,,,,,0.0,Normal,0.0
1744307558988602,10.42.0.1,10.42.0.2,1883,50132,1,4,0,1,0,0,0,0,0,0,0,0,0,0.0,0,,0,0,,0,0,0,0,0,0,0,0,0.0,0,0,0,0,0,64.0,64237.0,0,0,0,54,eth:ethertype:ip:tcp,,,,,,,,,,,0.0,Normal,0.0
1744307558992055,10.42.0.1,10.42.0.2,1883,50132,1,33,0,1,0,0,0,0,0,0,0,0,0,0.0,0,,0,0,,0,0,0,0,0,0,0,0,0.0,0,0,0,0,0,64.0,64208.0,0,0,0,54,eth:ethertype:ip:tcp,,,,,,,,,,,0.0,Normal,0.0
1744307558995110,10.42.0.1,10.42.0.2,1883,50132,1,45,0,1,0,0,0,0,0,0,0,0,0,0.0,0,,0,0,,0,0,0,0,0,0,0,0,0.0,0,0,0,0,0,64.0,64196.0,0,0,0,54,eth:ethertype:ip:tcp,,,,,,,,,,,0.0,Normal,0.0
1744307558995543,10.42.0.1,10.42.0.2,1883,50132,1,45,0,1,0,0,1,0,4,0,0,0,0,0.0,0,,0,2,,0,0,0,0,2,0,0,0,0.0,0x00,0,0,0,0,64.0,64196.0,0,0,0,58,eth:ethertype:ip:tcp:mqtt,,,,,,,,,,,0.0,Normal,0.0
1744307559043258,10.42.0.1,10.42.0.2,1883,50132,5,234,0,1,0,0,0,0,0,0,0,0,0,0.0,0,,0,0,,0,0,0,0,0,0,0,0,0.0,0,0,0,0,0,64.0,64007.0,0,0,0,54,eth:ethertype:ip:tcp,,,,,,,,,,,0.0,Normal,0.0
1744307559043297,10.42.0.1,10.42.0.2,1883,50132,5,234,0,1,1,0,0,0,0,0,0,0,0,0.0,0,,0,0,,0,0,0,0,0,0,0,0,0.0,0,0,0,0,0,64.0,64007.0,0,0,0,54,eth:ethertype:ip:tcp,,,,,,,,,,,0.0,Normal,0.0
1744307574051824,10.42.0.1,10.42.0.139,1883,50133,0,1,1,1,0,0,0,0,0,0,0,0,0,0.0,0,,0,0,,0,0,0,0,0,0,0,0,0.0,0,0,0,0,0,64.0,64240.0,0,0,0,58,eth:ethertype:ip:tcp,,,,,,,,,,,0.0,Normal,0.0
1744307574059312,10.42.0.1,10.42.0.139,1883,50133,1,4,0,1,0,0,0,0,0,0,0,0,0,0.0,0,,0,0,,0,0,0,0,0,0,0,0,0.0,0,0,0,0,0,64.0,64237.0,0,0,0,54,eth:ethertype:ip:tcp,,,,,,,,,,,0.0,Normal,0.0
1744307574063494,10.42.0.1,10.42.0.139,1883,50133,1,33,0,1,0,0,0,0,0,0,0,0,0,0.0,0,,0,0,,0,0,0,0,0,0,0,0,0.0,0,0,0,0,0,64.0,64208.0,0,0,0,54,eth:ethertype:ip:tcp,,,,,,,,,,,0.0,Normal,0.0
1744307574066321,10.42.0.1,10.42.0.139,1883,50133,1,45,0,1,0,0,0,0,0,0,0,0,0,0.0,0,,0,0,,0,0,0,0,0,0,0,0,0.0,0,0,0,0,0,64.0,64196.0,0,0,0,54,eth:ethertype:ip:tcp,,,,,,,,,,,0.0,Normal,0.0
1744307574066631,10.42.0.1,10.42.0.139,1883,50133,1,45,0,1,0,0,1,0,4,0,0,0,0,0.0,0,,0,2,,0,0,0,0,2,0,0,0,0.0,0x00,0,0,0,0,64.0,64196.0,0,0,0,58,eth:ethertype:ip:tcp:mqtt,,,,,,,,,,,0.0,Normal,0.0
1744307574112547,10.42.0.1,10.42.0.139,1883,50133,5,234,0,1,0,0,0,0,0,0,0,0,0,0.0,0,,0,0,,0,0,0,0,0,0,0,0,0.0,0,0,0,0,0,64.0,64007.0,0,0,0,54,eth:ethertype:ip:tcp,,,,,,,,,,,0.0,Normal,0.0
1744307574112613,10.42.0.1,10.42.0.139,1883,50133,5,234,0,1,1,0,0,0,0,0,0,0,0,0.0,0,,0,0,,0,0,0,0,0,0,0,0,0.0,0,0,0,0,0,64.0,64007.0,0,0,0,54,eth:ethertype:ip:tcp,,,,,,,,,,,0.0,Normal,0.0
1744307589051824,10.42.0.1,10.42.0.2,1883,50133,0,1,1,1,0,0,0,0,0,0,0,0,0,0.0,0,,0,0,,0,0,0,0,0,0,0,0,0.0,0,0,0,0,0,64.0,64240.0,0,0,0,58,eth:ethertype:ip:tcp,,,,,,,,,,,0.0,Normal,0.0
1744307589059312,10.42.0.1,10.42.0.2,1883,50133,1,4,0,1,0,0,0,0,0,0,0,0,0,0.0,0,,0,0,,0,0,0,0,0,0,0,0,0.0,0,0,0,0,0,64.0,64237.0,0,0,0,54,eth:ethertype:ip:tcp,,,,,,,,,,,0.0,Normal,0.0
1744307589063494,10.42.0.1,10.42.0.2,1883,50133,1,33,0,1,0,0,0,0,0,0,0,0,0,0.0,0,,0,0,,0,0,0,0,0,0,0,0,0.0,0,0,0,0,0,64.0,64208.0,0,0,0,54,eth:ethertype:ip:tcp,,,,,,,,,,,0.0,Normal,0.0
1744307589066321,10.42.0.1,10.42.0.2,1883,50133,1,45,0,1,0,0,0,0,0,0,0,0,0,0.0,0,,0,0,,0,0,0,0,0,0,0,0,0.0,0,0,0,0,0,64.0,64196.0,0,0,0,54,eth:ethertype:ip:tcp,,,,,,,,,,,0.0,Normal,0.0
1744307589066631,10.42.0.1,10.42.0.2,1883,50133,1,45,0,1,0,0,1,0,4,0,0,0,0,0.0,0,,0,2,,0,0,0,0,2,0,0,0,0.0,0x00,0,0,0,0,64.0,64196.0,0,0,0,58,eth:ethertype:ip:tcp:mqtt,,,,,,,,,,,0.0,Normal,0.0
1744307589112547,10.42.0.1,10.42.0.2,1883,50133,5,234,0,1,0,0,0,0,0,0,0,0,0,0.0,0,,0,0,,0,0,0,0,0,0,0,0,0.0,0,0,0,0,0,64.0,64007.0,0,0,0,54,eth:ethertype:ip:tcp,,,,,,,,,,,0.0,Normal,0.0
1744307589112613,10.42.0.1,10.42.0.2,1883,50133,5,234,0,1,1,0,0,0,0,0,0,0,0,0.0,0,,0,0,,0,0,0,0,0,0,0,0,0.0,0,0,0,0,0,64.0,64007.0,0,0,0,54,eth:ethertype:ip:tcp,,,,,,,,,,,0.0,Normal,0.0
1744307604121117,10.42.0.1,10.42.0.139,1883,50134,0,1,1,1,0,0,0,0,0,0,0,0,0,0.0,0,,0,0,,0,0,0,0,0,0,0,0,0.0,0,0,0,0,0,64.0,64240.0,0,0,0,58,eth:ethertype:ip:tcp,,,,,,,,,,,0.0,Normal,0.0
1744307604126986,10.42.0.1,10.42.0.139,1883,50134,1,4,0,1,0,0,0,0,0,0,0,0,0,0.0,0,,0,0,,0,0,0,0,0,0,0,0,0.0,0,0,0,0,0,64.0,64237.0,0,0,0,54,eth:ethertype:ip:tcp,,,,,,,,,,,0.0,Normal,0.0
1744307604130429,10.42.0.1,10.42.0.139,1883,50134,1,33,0,1,0,0,0,0,0,0,0,0,0,0.0,0,,0,0,,0,0,0,0,0,0,0,0,0.0,0,0,0,0,0,64.0,64208.0,0,0,0,54,eth:ethertype:ip:tcp,,,,,,,,,,,0.0,Normal,0.0
1744307604133426,10.42.0.1,10.42.0.139,1883,50134,1,45,0,1,0,0,0,0,0,0,0,0,0,0.0,0,,0,0,,0,0,0,0,0,0,0,0,0.0,0,0,0,0,0,64.0,64196.0,0,0,0,54,eth:ethertype:ip:tcp,,,,,,,,,,,0.0,Normal,0.0
1744307604133736,10.42.0.1,10.42.0.139,1883,50134,1,45,0,1,0,0,1,0,4,0,0,0,0,0.0,0,,0,2,,0,0,0,0,2,0,0,0,0.0,0x00,0,0,0,0,64.0,64196.0,0,0,0,58,eth:ethertype:ip:tcp:mqtt,,,,,,,,,,,0.0,Normal,0.0
1744307604181688,10.42.0.1,10.42.0.139,1883,50134,5,234,0,1,0,0,0,0,0,0,0,0,0,0.0,0,,0,0,,0,0,0,0,0,0,0,0,0.0,0,0,0,0,0,64.0,64007.0,0,0,0,54,eth:ethertype:ip:tcp,,,,,,,,,,,0.0,Normal,0.0
1744307604181748,10.42.0.1,10.42.0.139,1883,50134,5,234,0,1,1,0,0,0,0,0,0,0,0,0.0,0,,0,0,,0,0,0,0,0,0,0,0,0.0,0,0,0,0,0,64.0,64007.0,0,0,0,54,eth:ethertype:ip:tcp,,,,,,,,,,,0.0,Normal,0.0
1744307619121117,10.42.0.1,10.42.0.2,1883,50134,0,1,1,1,0,0,0,0,0,0,0,0,0,0.0,0,,0,0,,0,0,0,0,0,0,0,0,0.0,0,0,0,0,0,64.0,64240.0,0,0,0,58,eth:ethertype:ip:tcp,,,,,,,,,,,0.0,Normal,0.0
1744307619126986,10.42.0.1,10.42.0.2,1883,50134,1,4,0,1,0,0,0,0,0,0,0,0,0,0.0,0,,0,0,,0,0,0,0,0,0,0,0,0.0,0,0,0,0,0,64.0,64237.0,0,0,0,54,eth:ethertype:ip:tcp,,,,,,,,,,,0.0,Normal,0.0
1744307619130429,10.42.0.1,10.42.0.2,1883,50134,1,33,0,1,0,0,0,0,0,0,0,0,0,0.0,0,,0,0,,0,0,0,0,0,0,0,0,0.0,0,0,0,0,0,64.0,64208.0,0,0,0,54,eth:ethertype:ip:tcp,,,,,,,,,,,0.0,Normal,0.0
1744307619133426,10.42.0.1,10.42.0.2,1883,50134,1,45,0,1,0,0,0,0,0,0,0,0,0,0.0,0,,0,0,,0,0,0,0,0,0,0,0,0.0,0,0,0,0,0,64.0,64196.0,0,0,0,54,eth:ethertype:ip:tcp,,,,,,,,,,,0.0,Normal,0.0
1744307619133736,10.42.0.1,10.42.0.2,1883,50134,1,45,0,1,0,0,1,0,4,0,0,0,0,0.0,0,,0,2,,0,0,0,0,2,0,0,0,0.0,0x00,0,0,0,0,64.0,64196.0,0,0,0,58,eth:ethertype:ip:tcp:mqtt,,,,,,,,,,,0.0,Normal,0.0
1744307619181688,10.42.0.1,10.42.0.2,1883,50134,5,234,0,1,0,0,0,0,0,0,0,0,0,0.0,0,,0,0,,0,0,0,0,0,0,0,0,0.0,0,0,0,0,0,64.0,64007.0,0,0,0,54,eth:ethertype:ip:tcp,,,,,,,,,,,0.0,Normal,0.0
1744307619181748,10.42.0.1,10.42.0.2,1883,50134,5,234,0,1,1,0,0,0,0,0,0,0,0,0.0,0,,0,0,,0,0,0,0,0,0,0,0,0.0,0,0,0,0,0,64.0,64007.0,0,0,0,54,eth:ethertype:ip:tcp,,,,,,,,,,,0.0,Normal,0.0
1744307634190730,10.42.0.1,10.42.0.139,1883,50135,0,1,1,1,0,0,0,0,0,0,0,0,0,0.0,0,,0,0,,0,0,0,0,0,0,0,0,0.0,0,0,0,0,0,64.0,64240.0,0,0,0,58,eth:ethertype:ip:tcp,,,,,,,,,,,0.0,Normal,0.0
1744307634196968,10.42.0.1,10.42.0.139,1883,50135,1,4,0,1,0,0,0,0,0,0,0,0,0,0.0,0,,0,0,,0,0,0,0,0,0,0,0,0.0,0,0,0,0,0,64.0,64237.0,0,0,0,54,eth:ethertype:ip:tcp,,,,,,,,,,,0.0,Normal,0.0
1744307634200285,10.42.0.1,10.42.0.139,1883,50135,1,35,0,1,0,0,0,0,0,0,0,0,0,0.0,0,,0,0,,0,0,0,0,0,0,0,0,0.0,0,0,0,0,0,64.0,64206.0,0,0,0,54,eth:ethertype:ip:tcp,,,,,,,,,,,0.0,Normal,0.0
1744307634203149,10.42.0.1,10.42.0.139,1883,50135,1,45,0,1,0,0,0,0,0,0,0,0,0,0.0,0,,0,0,,0,0,0,0,0,0,0,0,0.0,0,0,0,0,0,64.0,64196.0,0,0,0,54,eth:ethertype:ip:tcp,,,,,,,,,,,0.0,Normal,0.0
1744307634203545,10.42.0.1,10.42.0.139,1883,50135,1,45,0,1,0,0,1,0,4,0,0,0,0,0.0,0,,0,2,,0,0,0,0,2,0,0,0,0.0,0x00,0,0,0,0,64.0,64196.0,0,0,0,58,eth:ethertype:ip:tcp:mqtt,,,,,,,,,,,0.0,Normal,0.0
1744307634251188,10.42.0.1,10.42.0.139,1883,50135,5,234,0,1,0,0,0,0,0,0,0,0,0,0.0,0,,0,0,,0,0,0,0,0,0,0,0,0.0,0,0,0,0,0,64.0,64007.0,0,0,0,54,eth:ethertype:ip:tcp,,,,,,,,,,,0.0,Normal,0.0
1744307634251288,10.42.0.1,10.42.0.139,1883,50135,5,234,0,1,1,0,0,0,0,0,0,0,0,0.0,0,,0,0,,0,0,0,0,0,0,0,0,0.0,0,0,0,0,0,64.0,64007.0,0,0,0,54,eth:ethertype:ip:tcp,,,,,,,,,,,0.0,Normal,0.0
1744307649190730,10.42.0.1,10.42.0.2,1883,50135,0,1,1,1,0,0,0,0,0,0,0,0,0,0.0,0,,0,0,,0,0,0,0,0,0,0,0,0.0,0,0,0,0,0,64.0,64240.0,0,0,0,58,eth:ethertype:ip:tcp,,,,,,,,,,,0.0,Normal,0.0
1744307649196968,10.42.0.1,10.42.0.2,1883,50135,1,4,0,1,0,0,0,0,0,0,0,0,0,0.0,0,,0,0,,0,0,0,0,0,0,0,0,0.0,0,0,0,0,0,64.0,64237.0,0,0,0,54,eth:ethertype:ip:tcp,,,,,,,,,,,0.0,Normal,0.0
1744307649200285,10.42.0.1,10.42.0.2,1883,50135,1,35,0,1,0,0,0,0,0,0,0,0,0,0.0,0,,0,0,,0,0,0,0,0,0,0,0,0.0,0,0,0,0,0,64.0,64206.0,0,0,0,54,eth:ethertype:ip:tcp,,,,,,,,,,,0.0,Normal,0.0
1744307649203149,10.42.0.1,10.42.0.2,1883,50135,1,45,0,1,0,0,0,0,0,0,0,0,0,0.0,0,,0,0,,0,0,0,0,0,0,0,0,0.0,0,0,0,0,0,64.0,64196.0,0,0,0,54,eth:ethertype:ip:tcp,,,,,,,,,,,0.0,Normal,0.0
1744307649203545,10.42.0.1,10.42.0.2,1883,50135,1,45,0,1,0,0,1,0,4,0,0,0,0,0.0,0,,0,2,,0,0,0,0,2,0,0,0,0.0,0x00,0,0,0,0,64.0,64196.0,0,0,0,58,eth:ethertype:ip:tcp:mqtt,,,,,,,,,,,0.0,Normal,0.0
1744307649251188,10.42.0.1,10.42.0.2,1883,50135,5,234,0,1,0,0,0,0,0,0,0,0,0,0.0,0,,0,0,,0,0,0,0,0,0,0,0,0.0,0,0,0,0,0,64.0,64007.0,0,0,0,54,eth:ethertype:ip:tcp,,,,,,,,,,,0.0,Normal,0.0
1744307649251288,10.42.0.1,10.42.0.2,1883,50135,5,234,0,1,1,0,0,0,0,0,0,0,0,0.0,0,,0,0,,0,0,0,0,0,0,0,0,0.0,0,0,0,0,0,64.0,64007.0,0,0,0,54,eth:ethertype:ip:tcp,,,,,,,,,,,0.0,Normal,0.0
1744307664260006,10.42.0.1,10.42.0.139,1883,50136,0,1,1,1,0,0,0,0,0,0,0,0,0,0.0,0,,0,0,,0,0,0,0,0,0,0,0,0.0,0,0,0,0,0,64.0,64240.0,0,0,0,58,eth:ethertype:ip:tcp,,,,,,,,,,,0.0,Normal,0.0
1744307664266322,10.42.0.1,10.42.0.139,1883,50136,1,4,0,1,0,0,0,0,0,0,0,0,0,0.0,0,,0,0,,0,0,0,0,0,0,0,0,0.0,0,0,0,0,0,64.0,64237.0,0,0,0,54,eth:ethertype:ip:tcp,,,,,,,,,,,0.0,Normal,0.0
1744307664271906,10.42.0.1,10.42.0.139,1883,50136,1,45,0,1,0,0,0,0,0,0,0,0,0,0.0,0,,0,0,,0,0,0,0,0,0,0,0,0.0,0,0,0,0,0,64.0,64196.0,0,0,0,54,eth:ethertype:ip:tcp,,,,,,,,,,,0.0,Normal,0.0
1744307664272275,10.42.0.1,10.42.0.139,1883,50136,1,45,0,1,0,0,1,0,4,0,0,0,0,0.0,0,,0,2,,0,0,0,0,2,0,0,0,0.0,0x00,0,0,0,0,64.0,64196.0,0,0,0,58,eth:ethertype:ip:tcp:mqtt,,,,,,,,,,,0.0,Normal,0.0
1744307664320448,10.42.0.1,10.42.0.139,1883,50136,5,234,0,1,0,0,0,0,0,0,0,0,0,0.0,0,,0,0,,0,0,0,0,0,0,0,0,0.0,0,0,0,0,0,64.0,64007.0,0,0,0,54,eth:ethertype:ip:tcp,,,,,,,,,,,0.0,Normal,0.0
1744307664320485,10.42.0.1,10.42.0.139,1883,50136,5,234,0,1,1,0,0,0,0,0,0,0,0,0.0,0,,0,0,,0,0,0,0,0,0,0,0,0.0,0,0,0,0,0,64.0,64007.0,0,0,0,54,eth:ethertype:ip:tcp,,,,,,,,,,,0.0,Normal,0.0
1744307679260006,10.42.0.1,10.42.0.2,1883,50136,0,1,1,1,0,0,0,0,0,0,0,0,0,0.0,0,,0,0,,0,0,0,0,0,0,0,0,0.0,0,0,0,0,0,64.0,64240.0,0,0,0,58,eth:ethertype:ip:tcp,,,,,,,,,,,0.0,Normal,0.0
1744307679266322,10.42.0.1,10.42.0.2,1883,50136,1,4,0,1,0,0,0,0,0,0,0,0,0,0.0,0,,0,0,,0,0,0,0,0,0,0,0,0.0,0,0,0,0,0,64.0,64237.0,0,0,0,54,eth:ethertype:ip:tcp,,,,,,,,,,,0.0,Normal,0.0
1744307679271906,10.42.0.1,10.42.0.2,1883,50136,1,45,0,1,0,0,0,0,0,0,0,0,0,0.0,0,,0,0,,0,0,0,0,0,0,0,0,0.0,0,0,0,0,0,64.0,64196.0,0,0,0,54,eth:ethertype:ip:tcp,,,,,,,,,,,0.0,Normal,0.0
1744307679272275,10.42.0.1,10.42.0.2,1883,50136,1,45,0,1,0,0,1,0,4,0,0,0,0,0.0,0,,0,2,,0,0,0,0,2,0,0,0,0.0,0x00,0,0,0,0,64.0,64196.0,0,0,0,58,eth:ethertype:ip:tcp:mqtt,,,,,,,,,,,0.0,Normal,0.0
1744307679320448,10.42.0.1,10.42.0.2,1883,50136,5,234,0,1,0,0,0,0,0,0,0,0,0,0.0,0,,0,0,,0,0,0,0,0,0,0,0,0.0,0,0,0,0,0,64.0,64007.0,0,0,0,54,eth:ethertype:ip:tcp,,,,,,,,,,,0.0,Normal,0.0
1744307679320485,10.42.0.1,10.42.0.2,1883,50136,5,234,0,1,1,0,0,0,0,0,0,0,0,0.0,0,,0,0,,0,0,0,0,0,0,0,0,0.0,0,0,0,0,0,64.0,64007.0,0,0,0,54,eth:ethertype:ip:tcp,,,,,,,,,,,0.0,Normal,0.0
1744307694331681,10.42.0.1,10.42.0.139,1883,50137,0,1,1,1,0,0,0,0,0,0,0,0,0,0.0,0,,0,0,,0,0,0,0,0,0,0,0,0.0,0,0,0,0,0,64.0,64240.0,0,0,0,58,eth:ethertype:ip:tcp,,,,,,,,,,,0.0,Normal,0.0
1744307694337670,10.42.0.1,10.42.0.139,1883,50137,1,4,0,1,0,0,0,0,0,0,0,0,0,0.0,0,,0,0,,0,0,0,0,0,0,0,0,0.0,0,0,0,0,0,64.0,64237.0,0,0,0,54,eth:ethertype:ip:tcp,,,,,,,,,,,0.0,Normal,0.0
1744307694341192,10.42.0.1,10.42.0.139,1883,50137,1,33,0,1,0,0,0,0,0,0,0,0,0,0.0,0,,0,0,,0,0,0,0,0,0,0,0,0.0,0,0,0,0,0,64.0,64208.0,0,0,0,54,eth:ethertype:ip:tcp,,,,,,,,,,,0.0,Normal,0.0
1744307694344246,10.42.0.1,10.42.0.139,1883,50137,1,45,0,1,0,0,0,0,0,0,0,0,0,0.0,0,,0,0,,0,0,0,0,0,0,0,0,0.0,0,0,0,0,0,64.0,64196.0,0,0,0,54,eth:ethertype:ip:tcp,,,,,,,,,,,0.0,Normal,0.0
1744307694344596,10.42.0.1,10.42.0.139,1883,50137,1,45,0,1,0,0,1,0,4,0,0,0,0,0.0,0,,0,2,,0,0,0,0,2,0,0,0,0.0,0x00,0,0,0,0,64.0,64196.0,0,0,0,58,eth:ethertype:ip:tcp:mqtt,,,,,,,,,,,0.0,Normal,0.0
1744307694392195,10.42.0.1,10.42.0.139,1883,50137,5,234,0,1,0,0,0,0,0,0,0,0,0,0.0,0,,0,0,,0,0,0,0,0,0,0,0,0.0,0,0,0,0,0,64.0,64007.0,0,0,0,54,eth:ethertype:ip:tcp,,,,,,,,,,,0.0,Normal,0.0
1744307694392235,10.42.0.1,10.42.0.139,1883,50137,5,234,0,1,1,0,0,0,0,0,0,0,0,0.0,0,,0,0,,0,0,0,0,0,0,0,0,0.0,0,0,0,0,0,64.0,64007.0,0,0,0,54,eth:ethertype:ip:tcp,,,,,,,,,,,0.0,Normal,0.0
1744307709331681,10.42.0.1,10.42.0.2,1883,50137,0,1,1,1,0,0,0,0,0,0,0,0,0,0.0,0,,0,0,,0,0,0,0,0,0,0,0,0.0,0,0,0,0,0,64.0,64240.0,0,0,0,58,eth:ethertype:ip:tcp,,,,,,,,,,,0.0,Normal,0.0
1744307709337670,10.42.0.1,10.42.0.2,1883,50137,1,4,0,1,0,0,0,0,0,0,0,0,0,0.0,0,,0,0,,0,0,0,0,0,0,0,0,0.0,0,0,0,0,0,64.0,64237.0,0,0,0,54,eth:ethertype:ip:tcp,,,,,,,,,,,0.0,Normal,0.0
1744307709341192,10.42.0.1,10.42.0.2,1883,50137,1,33,0,1,0,0,0,0,0,0,0,0,0,0.0,0,,0,0,,0,0,0,0,0,0,0,0,0.0,0,0,0,0,0,64.0,64208.0,0,0,0,54,eth:ethertype:ip:tcp,,,,,,,,,,,0.0,Normal,0.0
1744307709344246,10.42.0.1,10.42.0.2,1883,50137,1,45,0,1,0,0,0,0,0,0,0,0,0,0.0,0,,0,0,,0,0,0,0,0,0,0,0,0.0,0,0,0,0,0,64.0,64196.0,0,0,0,54,eth:ethertype:ip:tcp,,,,,,,,,,,0.0,Normal,0.0
1744307709344596,10.42.0.1,10.42.0.2,1883,50137,1,45,0,1,0,0,1,0,4,0,0,0,0,0.0,0,,0,2,,0,0,0,0,2,0,0,0,0.0,0x00,0,0,0,0,64.0,64196.0,0,0,0,58,eth:ethertype:ip:tcp:mqtt,,,,,,,,,,,0.0,Normal,0.0
1744307709392195,10.42.0.1,10.42.0.2,1883,50137,5,234,0,1,0,0,0,0,0,0,0,0,0,0.0,0,,0,0,,0,0,0,0,0,0,0,0,0.0,0,0,0,0,0,64.0,64007.0,0,0,0,54,eth:ethertype:ip:tcp,,,,,,,,,,,0.0,Normal,0.0
1744307709392235,10.42.0.1,10.42.0.2,1883,50137,5,234,0,1,1,0,0,0,0,0,0,0,0,0.0,0,,0,0,,0,0,0,0,0,0,0,0,0.0,0,0,0,0,0,64.0,64007.0,0,0,0,54,eth:ethertype:ip:tcp,,,,,,,,,,,0.0,Normal,0.0
1744307724407037,10.42.0.1,10.42.0.139,1883,50138,0,1,1,1,0,0,0,0,0,0,0,0,0,0.0,0,,0,0,,0,0,0,0,0,0,0,0,0.0,0,0,0,0,0,64.0,64240.0,0,0,0,58,eth:ethertype:ip:tcp,,,,,,,,,,,0.0,Normal,0.0
1744307724413219,10.42.0.1,10.42.0.139,1883,50138,1,4,0,1,0,0,0,0,0,0,0,0,0,0.0,0,,0,0,,0,0,0,0,0,0,0,0,0.0,0,0,0,0,0,64.0,64237.0,0,0,0,54,eth:ethertype:ip:tcp,,,,,,,,,,,0.0,Normal,0.0
1744307724416605,10.42.0.1,10.42.0.139,1883,50138,1,33,0,1,0,0,0,0,0,0,0,0,0,0.0,0,,0,0,,0,0,0,0,0,0,0,0,0.0,0,0,0,0,0,64.0,64208.0,0,0,0,54,eth:ethertype:ip:tcp,,,,,,,,,,,0.0,Normal,0.0
1744307724419737,10.42.0.1,10.42.0.139,1883,50138,1,45,0,1,0,0,0,0,0,0,0,0,0,0.0,0,,0,0,,0,0,0,0,0,0,0,0,0.0,0,0,0,0,0,64.0,64196.0,0,0,0,54,eth:ethertype:ip:tcp,,,,,,,,,,,0.0,Normal,0.0
1744307724420079,10.42.0.1,10.42.0.139,1883,50138,1,45,0,1,0,0,1,0,4,0,0,0,0,0.0,0,,0,2,,0,0,0,0,2,0,0,0,0.0,0x00,0,0,0,0,64.0,64196.0,0,0,0,58,eth:ethertype:ip:tcp:mqtt,,,,,,,,,,,0.0,Normal,0.0
1744307724469058,10.42.0.1,10.42.0.139,1883,50138,5,234,0,1,0,0,0,0,0,0,0,0,0,0.0,0,,0,0,,0,0,0,0,0,0,0,0,0.0,0,0,0,0,0,64.0,64007.0,0,0,0,54,eth:ethertype:ip:tcp,,,,,,,,,,,0.0,Normal,0.0
1744307724469105,10.42.0.1,10.42.0.139,1883,50138,5,234,0,1,1,0,0,0,0,0,0,0,0,0.0,0,,0,0,,0,0,0,0,0,0,0,0,0.0,0,0,0,0,0,64.0,64007.0,0,0,0,54,eth:ethertype:ip:tcp,,,,,,,,,,,0.0,Normal,0.0
1744307739407037,10.42.0.1,10.42.0.2,1883,50138,0,1,1,1,0,0,0,0,0,0,0,0,0,0.0,0,,0,0,,0,0,0,0,0,0,0,0,0.0,0,0,0,0,0,64.0,64240.0,0,0,0,58,eth:ethertype:ip:tcp,,,,,,,,,,,0.0,Normal,0.0
1744307739413219,10.42.0.1,10.42.0.2,1883,50138,1,4,0,1,0,0,0,0,0,0,0,0,0,0.0,0,,0,0,,0,0,0,0,0,0,0,0,0.0,0,0,0,0,0,64.0,64237.0,0,0,0,54,eth:ethertype:ip:tcp,,,,,,,,,,,0.0,Normal,0.0
1744307739416605,10.42.0.1,10.42.0.2,1883,50138,1,33,0,1,0,0,0,0,0,0,0,0,0,0.0,0,,0,0,,0,0,0,0,0,0,0,0,0.0,0,0,0,0,0,64.0,64208.0,0,0,0,54,eth:ethertype:ip:tcp,,,,,,,,,,,0.0,Normal,0.0
1744307739419737,10.42.0.1,10.42.0.2,1883,50138,1,45,0,1,0,0,0,0,0,0,0,0,0,0.0,0,,0,0,,0,0,0,0,0,0,0,0,0.0,0,0,0,0,0,64.0,64196.0,0,0,0,54,eth:ethertype:ip:tcp,,,,,,,,,,,0.0,Normal,0.0
1744307739420079,10.42.0.1,10.42.0.2,1883,50138,1,45,0,1,0,0,1,0,4,0,0,0,0,0.0,0,,0,2,,0,0,0,0,2,0,0,0,0.0,0x00,0,0,0,0,64.0,64196.0,0,0,0,58,eth:ethertype:ip:tcp:mqtt,,,,,,,,,,,0.0,Normal,0.0
1744307739469058,10.42.0.1,10.42.0.2,1883,50138,5,234,0,1,0,0,0,0,0,0,0,0,0,0.0,0,,0,0,,0,0,0,0,0,0,0,0,0.0,0,0,0,0,0,64.0,64007.0,0,0,0,54,eth:ethertype:ip:tcp,,,,,,,,,,,0.0,Normal,0.0
1744307739469105,10.42.0.1,10.42.0.2,1883,50138,5,234,0,1,1,0,0,0,0,0,0,0,0,0.0,0,,0,0,,0,0,0,0,0,0,0,0,0.0,0,0,0,0,0,64.0,64007.0,0,0,0,54,eth:ethertype:ip:tcp,,,,,,,,,,,0.0,Normal,0.0
1744307754477185,10.42.0.1,10.42.0.139,1883,50139,0,1,1,1,0,0,0,0,0,0,0,0,0,0.0,0,,0,0,,0,0,0,0,0,0,0,0,0.0,0,0,0,0,0,64.0,64240.0,0,0,0,58,eth:ethertype:ip:tcp,,,,,,,,,,,0.0,Normal,0.0
1744307754487791,10.42.0.1,10.42.0.139,1883,50139,1,4,0,1,0,0,0,0,0,0,0,0,0,0.0,0,,0,0,,0,0,0,0,0,0,0,0,0.0,0,0,0,0,0,64.0,64237.0,0,0,0,54,eth:ethertype:ip:tcp,,,,,,,,,,,0.0,Normal,0.0
1744307754491367,10.42.0.1,10.42.0.139,1883,50139,1,33,0,1,0,0,0,0,0,0,0,0,0,0.0,0,,0,0,,0,0,0,0,0,0,0,0,0.0,0,0,0,0,0,64.0,64208.0,0,0,0,54,eth:ethertype:ip:tcp,,,,,,,,,,,0.0,Normal,0.0
1744307754494428,10.42.0.1,10.42.0.139,1883,50139,1,45,0,1,0,0,0,0,0,0,0,0,0,0.0,0,,0,0,,0,0,0,0,0,0,0,0,0.0,0,0,0,0,0,64.0,64196.0,0,0,0,54,eth:ethertype:ip:tcp,,,,,,,,,,,0.0,Normal,0.0
1744307754494814,10.42.0.1,10.42.0.139,1883,50139,1,45,0,1,0,0,1,0,4,0,0,0,0,0.0,0,,0,2,,0,0,0,0,2,0,0,0,0.0,0x00,0,0,0,0,64.0,64196.0,0,0,0,58,eth:ethertype:ip:tcp:mqtt,,,,,,,,,,,0.0,Normal,0.0
1744307754548508,10.42.0.1,10.42.0.139,1883,50139,5,234,0,1,0,0,0,0,0,0,0,0,0,0.0,0,,0,0,,0,0,0,0,0,0,0,0,0.0,0,0,0,0,0,64.0,64007.0,0,0,0,54,eth:ethertype:ip:tcp,,,,,,,,,,,0.0,Normal,0.0
1744307754548572,10.42.0.1,10.42.0.139,1883,50139,5,234,0,1,1,0,0,0,0,0,0,0,0,0.0,0,,0,0,,0,0,0,0,0,0,0,0,0.0,0,0,0,0,0,64.0,64007.0,0,0,0,54,eth:ethertype:ip:tcp,,,,,,,,,,,0.0,Normal,0.0
1744307769477185,10.42.0.1,10.42.0.2,1883,50139,0,1,1,1,0,0,0,0,0,0,0,0,0,0.0,0,,0,0,,0,0,0,0,0,0,0,0,0.0,0,0,0,0,0,64.0,64240.0,0,0,0,58,eth:ethertype:ip:tcp,,,,,,,,,,,0.0,Normal,0.0
1744307769487791,10.42.0.1,10.42.0.2,1883,50139,1,4,0,1,0,0,0,0,0,0,0,0,0,0.0,0,,0,0,,0,0,0,0,0,0,0,0,0.0,0,0,0,0,0,64.0,64237.0,0,0,0,54,eth:ethertype:ip:tcp,,,,,,,,,,,0.0,Normal,0.0
1744307769491367,10.42.0.1,10.42.0.2,1883,50139,1,33,0,1,0,0,0,0,0,0,0,0,0,0.0,0,,0,0,,0,0,0,0,0,0,0,0,0.0,0,0,0,0,0,64.0,64208.0,0,0,0,54,eth:ethertype:ip:tcp,,,,,,,,,,,0.0,Normal,0.0
1744307769494428,10.42.0.1,10.42.0.2,1883,50139,1,45,0,1,0,0,0,0,0,0,0,0,0,0.0,0,,0,0,,0,0,0,0,0,0,0,0,0.0,0,0,0,0,0,64.0,64196.0,0,0,0,54,eth:ethertype:ip:tcp,,,,,,,,,,,0.0,Normal,0.0
1744307769494814,10.42.0.1,10.42.0.2,1883,50139,1,45,0,1,0,0,1,0,4,0,0,0,0,0.0,0,,0,2,,0,0,0,0,2,0,0,0,0.0,0x00,0,0,0,0,64.0,64196.0,0,0,0,58,eth:ethertype:ip:tcp:mqtt,,,,,,,,,,,0.0,Normal,0.0
1744307769548508,10.42.0.1,10.42.0.2,1883,50139,5,234,0,1,0,0,0,0,0,0,0,0,0,0.0,0,,0,0,,0,0,0,0,0,0,0,0,0.0,0,0,0,0,0,64.0,64007.0,0,0,0,54,eth:ethertype:ip:tcp,,,,,,,,,,,0.0,Normal,0.0
1744307769548572,10.42.0.1,10.42.0.2,1883,50139,5,234,0,1,1,0,0,0,0,0,0,0,0,0.0,0,,0,0,,0,0,0,0,0,0,0,0,0.0,0,0,0,0,0,64.0,64007.0,0,0,0,54,eth:ethertype:ip:tcp,,,,,,,,,,,0.0,Normal,0.0
1744307784556421,10.42.0.1,10.42.0.139,1883,50140,0,1,1,1,0,0,0,0,0,0,0,0,0,0.0,0,,0,0,,0,0,0,0,0,0,0,0,0.0,0,0,0,0,0,64.0,64240.0,0,0,0,58,eth:ethertype:ip:tcp,,,,,,,,,,,0.0,Normal,0.0
1744307784562365,10.42.0.1,10.42.0.139,1883,50140,1,4,0,1,0,0,0,0,0,0,0,0,0,0.0,0,,0,0,,0,0,0,0,0,0,0,0,0.0,0,0,0,0,0,64.0,64237.0,0,0,0,54,eth:ethertype:ip:tcp,,,,,,,,,,,0.0,Normal,0.0
1744307784565648,10.42.0.1,10.42.0.139,1883,50140,1,33,0,1,0,0,0,0,0,0,0,0,0,0.0,0,,0,0,,0,0,0,0,0,0,0,0,0.0,0,0,0,0,0,64.0,64208.0,0,0,0,54,eth:ethertype:ip:tcp,,,,,,,,,,,0.0,Normal,0.0
1744307784568746,10.42.0.1,10.42.0.139,1883,50140,1,45,0,1,0,0,0,0,0,0,0,0,0,0.0,0,,0,0,,0,0,0,0,0,0,0,0,0.0,0,0,0,0,0,64.0,64196.0,0,0,0,54,eth:ethertype:ip:tcp,,,,,,,,,,,0.0,Normal,0.0
1744307784569113,10.42.0.1,10.42.0.139,1883,50140,1,45,0,1,0,0,1,0,4,0,0,0,0,0.0,0,,0,2,,0,0,0,0,2,0,0,0,0.0,0x00,0,0,0,0,64.0,64196.0,0,0,0,58,eth:ethertype:ip:tcp:mqtt,,,,,,,,,,,0.0,Normal,0.0
1744307784617760,10.42.0.1,10.42.0.139,1883,50140,5,234,0,1,0,0,0,0,0,0,0,0,0,0.0,0,,0,0,,0,0,0,0,0,0,0,0,0.0,0,0,0,0,0,64.0,64007.0,0,0,0,54,eth:ethertype:ip:tcp,,,,,,,,,,,0.0,Normal,0.0
1744307784617800,10.42.0.1,10.42.0.139,1883,50140,5,234,0,1,1,0,0,0,0,0,0,0,0,0.0,0,,0,0,,0,0,0,0,0,0,0,0,0.0,0,0,0,0,0,64.0,64007.0,0,0,0,54,eth:ethertype:ip:tcp,,,,,,,,,,,0.0,Normal,0.0
1744307799556421,10.42.0.1,10.42.0.2,1883,50140,0,1,1,1,0,0,0,0,0,0,0,0,0,0.0,0,,0,0,,0,0,0,0,0,0,0,0,0.0,0,0,0,0,0,64.0,64240.0,0,0,0,58,eth:ethertype:ip:tcp,,,,,,,,,,,0.0,Normal,0.0
1744307799562365,10.42.0.1,10.42.0.2,1883,50140,1,4,0,1,0,0,0,0,0,0,0,0,0,0.0,0,,0,0,,0,0,0,0,0,0,0,0,0.0,0,0,0,0,0,64.0,64237.0,0,0,0,54,eth:ethertype:ip:tcp,,,,,,,,,,,0.0,Normal,0.0
1744307799565648,10.42.0.1,10.42.0.2,1883,50140,1,33,0,1,0,0,0,0,0,0,0,0,0,0.0,0,,0,0,,0,0,0,0,0,0,0,0,0.0,0,0,0,0,0,64.0,64208.0,0,0,0,54,eth:ethertype:ip:tcp,,,,,,,,,,,0.0,Normal,0.0
1744307799568746,10.42.0.1,10.42.0.2,1883,50140,1,45,0,1,0,0,0,0,0,0,0,0,0,0.0,0,,0,0,,0,0,0,0,0,0,0,0,0.0,0,0,0,0,0,64.0,64196.0,0,0,0,54,eth:ethertype:ip:tcp,,,,,,,,,,,0.0,Normal,0.0
1744307799569113,10.42.0.1,10.42.0.2,1883,50140,1,45,0,1,0,0,1,0,4,0,0,0,0,0.0,0,,0,2,,0,0,0,0,2,0,0,0,0.0,0x00,0,0,0,0,64.0,64196.0,0,0,0,58,eth:ethertype:ip:tcp:mqtt,,,,,,,,,,,0.0,Normal,0.0
1744307799617760,10.42.0.1,10.42.0.2,1883,50140,5,234,0,1,0,0,0,0,0,0,0,0,0,0.0,0,,0,0,,0,0,0,0,0,0,0,0,0.0,0,0,0,0,0,64.0,64007.0,0,0,0,54,eth:ethertype:ip:tcp,,,,,,,,,,,0.0,Normal,0.0
1744307799617800,10.42.0.1,10.42.0.2,1883,50140,5,234,0,1,1,0,0,0,0,0,0,0,0,0.0,0,,0,0,,0,0,0,0,0,0,0,0,0.0,0,0,0,0,0,64.0,64007.0,0,0,0,54,eth:ethertype:ip:tcp,,,,,,,,,,,0.0,Normal,0.0
1744307814626678,10.42.0.1,10.42.0.139,1883,50141,0,1,1,1,0,0,0,0,0,0,0,0,0,0.0,0,,0,0,,0,0,0,0,0,0,0,0,0.0,0,0,0,0,0,64.0,64240.0,0,0,0,58,eth:ethertype:ip:tcp,,,,,,,,,,,0.0,Normal,0.0
1744307814632787,10.42.0.1,10.42.0.139,1883,50141,1,4,0,1,0,0,0,0,0,0,0,0,0,0.0,0,,0,0,,0,0,0,0,0,0,0,0,0.0,0,0,0,0,0,64.0,64237.0,0,0,0,54,eth:ethertype:ip:tcp,,,,,,,,,,,0.0,Normal,0.0
1744307814636237,10.42.0.1,10.42.0.139,1883,50141,1,33,0,1,0,0,0,0,0,0,0,0,0,0.0,0,,0,0,,0,0,0,0,0,0,0,0,0.0,0,0,0,0,0,64.0,64208.0,0,0,0,54,eth:ethertype:ip:tcp,,,,,,,,,,,0.0,Normal,0.0
1744307814639277,10.42.0.1,10.42.0.139,1883,50141,1,45,0,1,0,0,0,0,0,0,0,0,0,0.0,0,,0,0,,0,0,0,0,0,0,0,0,0.0,0,0,0,0,0,64.0,64196.0,0,0,0,54,eth:ethertype:ip:tcp,,,,,,,,,,,0.0,Normal,0.0
1744307814639573,10.42.0.1,10.42.0.139,1883,50141,1,45,0,1,0,0,1,0,4,0,0,0,0,0.0,0,,0,2,,0,0,0,0,2,0,0,0,0.0,0x00,0,0,0,0,64.0,64196.0,0,0,0,58,eth:ethertype:ip:tcp:mqtt,,,,,,,,,,,0.0,Normal,0.0
1744307814687144,10.42.0.1,10.42.0.139,1883,50141,5,234,0,1,0,0,0,0,0,0,0,0,0,0.0,0,,0,0,,0,0,0,0,0,0,0,0,0.0,0,0,0,0,0,64.0,64007.0,0,0,0,54,eth:ethertype:ip:tcp,,,,,,,,,,,0.0,Normal,0.0
1744307814687225,10.42.0.1,10.42.0.139,1883,50141,5,234,0,1,1,0,0,0,0,0,0,0,0,0.0,0,,0,0,,0,0,0,0,0,0,0,0,0.0,0,0,0,0,0,64.0,64007.0,0,0,0,54,eth:ethertype:ip:tcp,,,,,,,,,,,0.0,Normal,0.0
1744307829626678,10.42.0.1,10.42.0.2,1883,50141,0,1,1,1,0,0,0,0,0,0,0,0,0,0.0,0,,0,0,,0,0,0,0,0,0,0,0,0.0,0,0,0,0,0,64.0,64240.0,0,0,0,58,eth:ethertype:ip:tcp,,,,,,,,,,,0.0,Normal,0.0
1744307829632787,10.42.0.1,10.42.0.2,1883,50141,1,4,0,1,0,0,0,0,0,0,0,0,0,0.0,0,,0,0,,0,0,0,0,0,0,0,0,0.0,0,0,0,0,0,64.0,64237.0,0,0,0,54,eth:ethertype:ip:tcp,,,,,,,,,,,0.0,Normal,0.0
1744307829636237,10.42.0.1,10.42.0.2,1883,50141,1,33,0,1,0,0,0,0,0,0,0,0,0,0.0,0,,0,0,,0,0,0,0,0,0,0,0,0.0,0,0,0,0,0,64.0,64208.0,0,0,0,54,eth:ethertype:ip:tcp,,,,,,,,,,,0.0,Normal,0.0
1744307829639277,10.42.0.1,10.42.0.2,1883,50141,1,45,0,1,0,0,0,0,0,0,0,0,0,0.0,0,,0,0,,0,0,0,0,0,0,0,0,0.0,0,0,0,0,0,64.0,64196.0,0,0,0,54,eth:ethertype:ip:tcp,,,,,,,,,,,0.0,Normal,0.0
1744307829639573,10.42.0.1,10.42.0.2,1883,50141,1,45,0,1,0,0,1,0,4,0,0,0,0,0.0,0,,0,2,,0,0,0,0,2,0,0,0,0.0,0x00,0,0,0,0,64.0,64196.0,0,0,0,58,eth:ethertype:ip:tcp:mqtt,,,,,,,,,,,0.0,Normal,0.0
1744307829687144,10.42.0.1,10.42.0.2,1883,50141,5,234,0,1,0,0,0,0,0,0,0,0,0,0.0,0,,0,0,,0,0,0,0,0,0,0,0,0.0,0,0,0,0,0,64.0,64007.0,0,0,0,54,eth:ethertype:ip:tcp,,,,,,,,,,,0.0,Normal,0.0
1744307829687225,10.42.0.1,10.42.0.2,1883,50141,5,234,0,1,1,0,0,0,0,0,0,0,0,0.0,0,,0,0,,0,0,0,0,0,0,0,0,0.0,0,0,0,0,0,64.0,64007.0,0,0,0,54,eth:ethertype:ip:tcp,,,,,,,,,,,0.0,Normal,0.0
1744307844696059,10.42.0.1,10.42.0.139,1883,50142,0,1,1,1,0,0,0,0,0,0,0,0,0,0.0,0,,0,0,,0,0,0,0,0,0,0,0,0.0,0,0,0,0,0,64.0,64240.0,0,0,0,58,eth:ethertype:ip:tcp,,,,,,,,,,,0.0,Normal,0.0
1744307844702143,10.42.0.1,10.42.0.139,1883,50142,1,4,0,1,0,0,0,0,0,0,0,0,0,0.0,0,,0,0,,0,0,0,0,0,0,0,0,0.0,0,0,0,0,0,64.0,64237.0,0,0,0,54,eth:ethertype:ip:tcp,,,,,,,,,,,0.0,Normal,0.0
1744307844705575,10.42.0.1,10.42.0.139,1883,50142,1,33,0,1,0,0,0,0,0,0,0,0,0,0.0,0,,0,0,,0,0,0,0,0,0,0,0,0.0,0,0,0,0,0,64.0,64208.0,0,0,0,54,eth:ethertype:ip:tcp,,,,,,,,,,,0.0,Normal,0.0
1744307844708777,10.42.0.1,10.42.0.139,1883,50142,1,45,0,1,0,0,0,0,0,0,0,0,0,0.0,0,,0,0,,0,0,0,0,0,0,0,0,0.0,0,0,0,0,0,64.0,64196.0,0,0,0,54,eth:ethertype:ip:tcp,,,,,,,,,,,0.0,Normal,0.0
1744307844709154,10.42.0.1,10.42.0.139,1883,50142,1,45,0,1,0,0,1,0,4,0,0,0,0,0.0,0,,0,2,,0,0,0,0,2,0,0,0,0.0,0x00,0,0,0,0,64.0,64196.0,0,0,0,58,eth:ethertype:ip:tcp:mqtt,,,,,,,,,,,0.0,Normal,0.0
1744307844757059,10.42.0.1,10.42.0.139,1883,50142,5,234,0,1,0,0,0,0,0,0,0,0,0,0.0,0,,0,0,,0,0,0,0,0,0,0,0,0.0,0,0,0,0,0,64.0,64007.0,0,0,0,54,eth:ethertype:ip:tcp,,,,,,,,,,,0.0,Normal,0.0
1744307844757121,10.42.0.1,10.42.0.139,1883,50142,5,234,0,1,1,0,0,0,0,0,0,0,0,0.0,0,,0,0,,0,0,0,0,0,0,0,0,0.0,0,0,0,0,0,64.0,64007.0,0,0,0,54,eth:ethertype:ip:tcp,,,,,,,,,,,0.0,Normal,0.0
1744307859696059,10.42.0.1,10.42.0.2,1883,50142,0,1,1,1,0,0,0,0,0,0,0,0,0,0.0,0,,0,0,,0,0,0,0,0,0,0,0,0.0,0,0,0,0,0,64.0,64240.0,0,0,0,58,eth:ethertype:ip:tcp,,,,,,,,,,,0.0,Normal,0.0
1744307859702143,10.42.0.1,10.42.0.2,1883,50142,1,4,0,1,0,0,0,0,0,0,0,0,0,0.0,0,,0,0,,0,0,0,0,0,0,0,0,0.0,0,0,0,0,0,64.0,64237.0,0,0,0,54,eth:ethertype:ip:tcp,,,,,,,,,,,0.0,Normal,0.0
1744307859705575,10.42.0.1,10.42.0.2,1883,50142,1,33,0,1,0,0,0,0,0,0,0,0,0,0.0,0,,0,0,,0,0,0,0,0,0,0,0,0.0,0,0,0,0,0,64.0,64208.0,0,0,0,54,eth:ethertype:ip:tcp,,,,,,,,,,,0.0,Normal,0.0
1744307859708777,10.42.0.1,10.42.0.2,1883,50142,1,45,0,1,0,0,0,0,0,0,0,0,0,0.0,0,,0,0,,0,0,0,0,0,0,0,0,0.0,0,0,0,0,0,64.0,64196.0,0,0,0,54,eth:ethertype:ip:tcp,,,,,,,,,,,0.0,Normal,0.0
1744307859709154,10.42.0.1,10.42.0.2,1883,50142,1,45,0,1,0,0,1,0,4,0,0,0,0,0.0,0,,0,2,,0,0,0,0,2,0,0,0,0.0,0x00,0,0,0,0,64.0,64196.0,0,0,0,58,eth:ethertype:ip:tcp:mqtt,,,,,,,,,,,0.0,Normal,0.0
1744307859757059,10.42.0.1,10.42.0.2,1883,50142,5,234,0,1,0,0,0,0,0,0,0,0,0,0.0,0,,0,0,,0,0,0,0,0,0,0,0,0.0,0,0,0,0,0,64.0,64007.0,0,0,0,54,eth:ethertype:ip:tcp,,,,,,,,,,,0.0,Normal,0.0
1744307859757121,10.42.0.1,10.42.0.2,1883,50142,5,234,0,1,1,0,0,0,0,0,0,0,0,0.0,0,,0,0,,0,0,0,0,0,0,0,0,0.0,0,0,0,0,0,64.0,64007.0,0,0,0,54,eth:ethertype:ip:tcp,,,,,,,,,,,0.0,Normal,0.0
1744307874765563,10.42.0.1,10.42.0.139,1883,50143,0,1,1,1,0,0,0,0,0,0,0,0,0,0.0,0,,0,0,,0,0,0,0,0,0,0,0,0.0,0,0,0,0,0,64.0,64240.0,0,0,0,58,eth:ethertype:ip:tcp,,,,,,,,,,,0.0,Normal,0.0
1744307874771557,10.42.0.1,10.42.0.139,1883,50143,1,4,0,1,0,0,0,0,0,0,0,0,0,0.0,0,,0,0,,0,0,0,0,0,0,0,0,0.0,0,0,0,0,0,64.0,64237.0,0,0,0,54,eth:ethertype:ip:tcp,,,,,,,,,,,0.0,Normal,0.0
1744307874774981,10.42.0.1,10.42.0.139,1883,50143,1,33,0,1,0,0,0,0,0,0,0,0,0,0.0,0,,0,0,,0,0,0,0,0,0,0,0,0.0,0,0,0,0,0,64.0,64208.0,0,0,0,54,eth:ethertype:ip:tcp,,,,,,,,,,,0.0,Normal,0.0
1744307874778361,10.42.0.1,10.42.0.139,1883,50143,1,39,0,1,0,0,0,0,0,0,0,0,0,0.0,0,,0,0,,0,0,0,0,0,0,0,0,0.0,0,0,0,0,0,64.0,64202.0,0,0,0,54,eth:ethertype:ip:tcp,,,,,,,,,,,0.0,Normal,0.0
1744307874781493,10.42.0.1,10.42.0.139,1883,50143,1,45,0,1,0,0,0,0,0,0,0,0,0,0.0,0,,0,0,,0,0,0,0,0,0,0,0,0.0,0,0,0,0,0,64.0,64196.0,0,0,0,54,eth:ethertype:ip:tcp,,,,,,,,,,,0.0,Normal,0.0
1744307874781773,10.42.0.1,10.42.0.139,1883,50143,1,45,0,1,0,0,1,0,4,0,0,0,0,0.0,0,,0,2,,0,0,0,0,2,0,0,0,0.0,0x00,0,0,0,0,64.0,64196.0,0,0,0,58,eth:ethertype:ip:tcp:mqtt,,,,,,,,,,,0.0,Normal,0.0
1744307874835944,10.42.0.1,10.42.0.139,1883,50143,5,234,0,1,0,0,0,0,0,0,0,0,0,0.0,0,,0,0,,0,0,0,0,0,0,0,0,0.0,0,0,0,0,0,64.0,64007.0,0,0,0,54,eth:ethertype:ip:tcp,,,,,,,,,,,0.0,Normal,0.0
1744307874836020,10.42.0.1,10.42.0.139,1883,50143,5,234,0,1,1,0,0,0,0,0,0,0,0,0.0,0,,0,0,,0,0,0,0,0,0,0,0,0.0,0,0,0,0,0,64.0,64007.0,0,0,0,54,eth:ethertype:ip:tcp,,,,,,,,,,,0.0,Normal,0.0
1744307885813615,10.42.0.1,10.42.0.139,0,0,0,0,0,0,0,0,0,0,0,0,0,0,0,0.0,0,,0,0,,0,0,0,0,0,0,0,0,0.0,0,0,0,0,0,64.0,0.0,0,0,0,342,eth:ethertype:ip:udp:dhcp,,,,,,,,,,,0.0,Normal,0.0
1744307889765563,10.42.0.1,10.42.0.2,1883,50143,0,1,1,1,0,0,0,0,0,0,0,0,0,0.0,0,,0,0,,0,0,0,0,0,0,0,0,0.0,0,0,0,0,0,64.0,64240.0,0,0,0,58,eth:ethertype:ip:tcp,,,,,,,,,,,0.0,Normal,0.0
1744307889771557,10.42.0.1,10.42.0.2,1883,50143,1,4,0,1,0,0,0,0,0,0,0,0,0,0.0,0,,0,0,,0,0,0,0,0,0,0,0,0.0,0,0,0,0,0,64.0,64237.0,0,0,0,54,eth:ethertype:ip:tcp,,,,,,,,,,,0.0,Normal,0.0
1744307889774981,10.42.0.1,10.42.0.2,1883,50143,1,33,0,1,0,0,0,0,0,0,0,0,0,0.0,0,,0,0,,0,0,0,0,0,0,0,0,0.0,0,0,0,0,0,64.0,64208.0,0,0,0,54,eth:ethertype:ip:tcp,,,,,,,,,,,0.0,Normal,0.0
1744307889778361,10.42.0.1,10.42.0.2,1883,50143,1,39,0,1,0,0,0,0,0,0,0,0,0,0.0,0,,0,0,,0,0,0,0,0,0,0,0,0.0,0,0,0,0,0,64.0,64202.0,0,0,0,54,eth:ethertype:ip:tcp,,,,,,,,,,,0.0,Normal,0.0
1744307889781493,10.42.0.1,10.42.0.2,1883,50143,1,45,0,1,0,0,0,0,0,0,0,0,0,0.0,0,,0,0,,0,0,0,0,0,0,0,0,0.0,0,0,0,0,0,64.0,64196.0,0,0,0,54,eth:ethertype:ip:tcp,,,,,,,,,,,0.0,Normal,0.0
1744307889781773,10.42.0.1,10.42.0.2,1883,50143,1,45,0,1,0,0,1,0,4,0,0,0,0,0.0,0,,0,2,,0,0,0,0,2,0,0,0,0.0,0x00,0,0,0,0,64.0,64196.0,0,0,0,58,eth:ethertype:ip:tcp:mqtt,,,,,,,,,,,0.0,Normal,0.0
1744307889835944,10.42.0.1,10.42.0.2,1883,50143,5,234,0,1,0,0,0,0,0,0,0,0,0,0.0,0,,0,0,,0,0,0,0,0,0,0,0,0.0,0,0,0,0,0,64.0,64007.0,0,0,0,54,eth:ethertype:ip:tcp,,,,,,,,,,,0.0,Normal,0.0
1744307889836020,10.42.0.1,10.42.0.2,1883,50143,5,234,0,1,1,0,0,0,0,0,0,0,0,0.0,0,,0,0,,0,0,0,0,0,0,0,0,0.0,0,0,0,0,0,64.0,64007.0,0,0,0,54,eth:ethertype:ip:tcp,,,,,,,,,,,0.0,Normal,0.0
1744307900813615,10.42.0.1,10.42.0.2,0,0,0,0,0,0,0,0,0,0,0,0,0,0,0,0.0,0,,0,0,,0,0,0,0,0,0,0,0,0.0,0,0,0,0,0,64.0,0.0,0,0,0,342,eth:ethertype:ip:udp:dhcp,,,,,,,,,,,0.0,Normal,0.0
1744307904844892,10.42.0.1,10.42.0.139,1883,50144,0,1,1,1,0,0,0,0,0,0,0,0,0,0.0,0,,0,0,,0,0,0,0,0,0,0,0,0.0,0,0,0,0,0,64.0,64240.0,0,0,0,58,eth:ethertype:ip:tcp,,,,,,,,,,,0.0,Normal,0.0
1744307904851064,10.42.0.1,10.42.0.139,1883,50144,1,4,0,1,0,0,0,0,0,0,0,0,0,0.0,0,,0,0,,0,0,0,0,0,0,0,0,0.0,0,0,0,0,0,64.0,64237.0,0,0,0,54,eth:ethertype:ip:tcp,,,,,,,,,,,0.0,Normal,0.0
1744307904854472,10.42.0.1,10.42.0.139,1883,50144,1,33,0,1,0,0,0,0,0,0,0,0,0,0.0,0,,0,0,,0,0,0,0,0,0,0,0,0.0,0,0,0,0,0,64.0,64208.0,0,0,0,54,eth:ethertype:ip:tcp,,,,,,,,,,,0.0,Normal,0.0
1744307904857698,10.42.0.1,10.42.0.139,1883,50144,1,45,0,1,0,0,0,0,0,0,0,0,0,0.0,0,,0,0,,0,0,0,0,0,0,0,0,0.0,0,0,0,0,0,64.0,64196.0,0,0,0,54,eth:ethertype:ip:tcp,,,,,,,,,,,0.0,Normal,0.0
1744307904858059,10.42.0.1,10.42.0.139,1883,50144,1,45,0,1,0,0,1,0,4,0,0,0,0,0.0,0,,0,2,,0,0,0,0,2,0,0,0,0.0,0x00,0,0,0,0,64.0,64196.0,0,0,0,58,eth:ethertype:ip:tcp:mqtt,,,,,,,,,,,0.0,Normal,0.0
1744307904907056,10.42.0.1,10.42.0.139,1883,50144,5,234,0,1,0,0,0,0,0,0,0,0,0,0.0,0,,0,0,,0,0,0,0,0,0,0,0,0.0,0,0,0,0,0,64.0,64007.0,0,0,0,54,eth:ethertype:ip:tcp,,,,,,,,,,,0.0,Normal,0.0
1744307904907095,10.42.0.1,10.42.0.139,1883,50144,5,234,0,1,1,0,0,0,0,0,0,0,0,0.0,0,,0,0,,0,0,0,0,0,0,0,0,0.0,0,0,0,0,0,64.0,64007.0,0,0,0,54,eth:ethertype:ip:tcp,,,,,,,,,,,0.0,Normal,0.0
1744307919844892,10.42.0.1,10.42.0.2,1883,50144,0,1,1,1,0,0,0,0,0,0,0,0,0,0.0,0,,0,0,,0,0,0,0,0,0,0,0,0.0,0,0,0,0,0,64.0,64240.0,0,0,0,58,eth:ethertype:ip:tcp,,,,,,,,,,,0.0,Normal,0.0
1744307919851064,10.42.0.1,10.42.0.2,1883,50144,1,4,0,1,0,0,0,0,0,0,0,0,0,0.0,0,,0,0,,0,0,0,0,0,0,0,0,0.0,0,0,0,0,0,64.0,64237.0,0,0,0,54,eth:ethertype:ip:tcp,,,,,,,,,,,0.0,Normal,0.0
1744307919854472,10.42.0.1,10.42.0.2,1883,50144,1,33,0,1,0,0,0,0,0,0,0,0,0,0.0,0,,0,0,,0,0,0,0,0,0,0,0,0.0,0,0,0,0,0,64.0,64208.0,0,0,0,54,eth:ethertype:ip:tcp,,,,,,,,,,,0.0,Normal,0.0
1744307919857698,10.42.0.1,10.42.0.2,1883,50144,1,45,0,1,0,0,0,0,0,0,0,0,0,0.0,0,,0,0,,0,0,0,0,0,0,0,0,0.0,0,0,0,0,0,64.0,64196.0,0,0,0,54,eth:ethertype:ip:tcp,,,,,,,,,,,0.0,Normal,0.0
1744307919858059,10.42.0.1,10.42.0.2,1883,50144,1,45,0,1,0,0,1,0,4,0,0,0,0,0.0,0,,0,2,,0,0,0,0,2,0,0,0,0.0,0x00,0,0,0,0,64.0,64196.0,0,0,0,58,eth:ethertype:ip:tcp:mqtt,,,,,,,,,,,0.0,Normal,0.0
1744307919907056,10.42.0.1,10.42.0.2,1883,50144,5,234,0,1,0,0,0,0,0,0,0,0,0,0.0,0,,0,0,,0,0,0,0,0,0,0,0,0.0,0,0,0,0,0,64.0,64007.0,0,0,0,54,eth:ethertype:ip:tcp,,,,,,,,,,,0.0,Normal,0.0
1744307919907095,10.42.0.1,10.42.0.2,1883,50144,5,234,0,1,1,0,0,0,0,0,0,0,0,0.0,0,,0,0,,0,0,0,0,0,0,0,0,0.0,0,0,0,0,0,64.0,64007.0,0,0,0,54,eth:ethertype:ip:tcp,,,,,,,,,,,0.0,Normal,0.0
1744307934914899,10.42.0.1,10.42.0.139,1883,50145,0,1,1,1,0,0,0,0,0,0,0,0,0,0.0,0,,0,0,,0,0,0,0,0,0,0,0,0.0,0,0,0,0,0,64.0,64240.0,0,0,0,58,eth:ethertype:ip:tcp,,,,,,,,,,,0.0,Normal,0.0
1744307934920810,10.42.0.1,10.42.0.139,1883,50145,1,4,0,1,0,0,0,0,0,0,0,0,0,0.0,0,,0,0,,0,0,0,0,0,0,0,0,0.0,0,0,0,0,0,64.0,64237.0,0,0,0,54,eth:ethertype:ip:tcp,,,,,,,,,,,0.0,Normal,0.0
1744307934924301,10.42.0.1,10.42.0.139,1883,50145,1,33,0,1,0,0,0,0,0,0,0,0,0,0.0,0,,0,0,,0,0,0,0,0,0,0,0,0.0,0,0,0,0,0,64.0,64208.0,0,0,0,54,eth:ethertype:ip:tcp,,,,,,,,,,,0.0,Normal,0.0
1744307934927555,10.42.0.1,10.42.0.139,1883,50145,1,45,0,1,0,0,0,0,0,0,0,0,0,0.0,0,,0,0,,0,0,0,0,0,0,0,0,0.0,0,0,0,0,0,64.0,64196.0,0,0,0,54,eth:ethertype:ip:tcp,,,,,,,,,,,0.0,Normal,0.0
1744307934927883,10.42.0.1,10.42.0.139,1883,50145,1,45,0,1,0,0,1,0,4,0,0,0,0,0.0,0,,0,2,,0,0,0,0,2,0,0,0,0.0,0x00,0,0,0,0,64.0,64196.0,0,0,0,58,eth:ethertype:ip:tcp:mqtt,,,,,,,,,,,0.0,Normal,0.0
1744307934974601,10.42.0.1,10.42.0.139,1883,50145,5,234,0,1,0,0,0,0,0,0,0,0,0,0.0,0,,0,0,,0,0,0,0,0,0,0,0,0.0,0,0,0,0,0,64.0,64007.0,0,0,0,54,eth:ethertype:ip:tcp,,,,,,,,,,,0.0,Normal,0.0
1744307934974678,10.42.0.1,10.42.0.139,1883,50145,5,234,0,1,1,0,0,0,0,0,0,0,0,0.0,0,,0,0,,0,0,0,0,0,0,0,0,0.0,0,0,0,0,0,64.0,64007.0,0,0,0,54,eth:ethertype:ip:tcp,,,,,,,,,,,0.0,Normal,0.0
1744307949914899,10.42.0.1,10.42.0.2,1883,50145,0,1,1,1,0,0,0,0,0,0,0,0,0,0.0,0,,0,0,,0,0,0,0,0,0,0,0,0.0,0,0,0,0,0,64.0,64240.0,0,0,0,58,eth:ethertype:ip:tcp,,,,,,,,,,,0.0,Normal,0.0
1744307949920810,10.42.0.1,10.42.0.2,1883,50145,1,4,0,1,0,0,0,0,0,0,0,0,0,0.0,0,,0,0,,0,0,0,0,0,0,0,0,0.0,0,0,0,0,0,64.0,64237.0,0,0,0,54,eth:ethertype:ip:tcp,,,,,,,,,,,0.0,Normal,0.0
1744307949924301,10.42.0.1,10.42.0.2,1883,50145,1,33,0,1,0,0,0,0,0,0,0,0,0,0.0,0,,0,0,,0,0,0,0,0,0,0,0,0.0,0,0,0,0,0,64.0,64208.0,0,0,0,54,eth:ethertype:ip:tcp,,,,,,,,,,,0.0,Normal,0.0
1744307949927555,10.42.0.1,10.42.0.2,1883,50145,1,45,0,1,0,0,0,0,0,0,0,0,0,0.0,0,,0,0,,0,0,0,0,0,0,0,0,0.0,0,0,0,0,0,64.0,64196.0,0,0,0,54,eth:ethertype:ip:tcp,,,,,,,,,,,0.0,Normal,0.0
1744307949927883,10.42.0.1,10.42.0.2,1883,50145,1,45,0,1,0,0,1,0,4,0,0,0,0,0.0,0,,0,2,,0,0,0,0,2,0,0,0,0.0,0x00,0,0,0,0,64.0,64196.0,0,0,0,58,eth:ethertype:ip:tcp:mqtt,,,,,,,,,,,0.0,Normal,0.0
1744307949974601,10.42.0.1,10.42.0.2,1883,50145,5,234,0,1,0,0,0,0,0,0,0,0,0,0.0,0,,0,0,,0,0,0,0,0,0,0,0,0.0,0,0,0,0,0,64.0,64007.0,0,0,0,54,eth:ethertype:ip:tcp,,,,,,,,,,,0.0,Normal,0.0
1744307949974678,10.42.0.1,10.42.0.2,1883,50145,5,234,0,1,1,0,0,0,0,0,0,0,0,0.0,0,,0,0,,0,0,0,0,0,0,0,0,0.0,0,0,0,0,0,64.0,64007.0,0,0,0,54,eth:ethertype:ip:tcp,,,,,,,,,,,0.0,Normal,0.0
1744307964982470,10.42.0.1,10.42.0.139,1883,50146,0,1,1,1,0,0,0,0,0,0,0,0,0,0.0,0,,0,0,,0,0,0,0,0,0,0,0,0.0,0,0,0,0,0,64.0,64240.0,0,0,0,58,eth:ethertype:ip:tcp,,,,,,,,,,,0.0,Normal,0.0
1744307964988406,10.42.0.1,10.42.0.139,1883,50146,1,4,0,1,0,0,0,0,0,0,0,0,0,0.0,0,,0,0,,0,0,0,0,0,0,0,0,0.0,0,0,0,0,0,64.0,64237.0,0,0,0,54,eth:ethertype:ip:tcp,,,,,,,,,,,0.0,Normal,0.0
1744307964991793,10.42.0.1,10.42.0.139,1883,50146,1,33,0,1,0,0,0,0,0,0,0,0,0,0.0,0,,0,0,,0,0,0,0,0,0,0,0,0.0,0,0,0,0,0,64.0,64208.0,0,0,0,54,eth:ethertype:ip:tcp,,,,,,,,,,,0.0,Normal,0.0
1744307964994934,10.42.0.1,10.42.0.139,1883,50146,1,45,0,1,0,0,0,0,0,0,0,0,0,0.0,0,,0,0,,0,0,0,0,0,0,0,0,0.0,0,0,0,0,0,64.0,64196.0,0,0,0,54,eth:ethertype:ip:tcp,,,,,,,,,,,0.0,Normal,0.0
1744307964995268,10.42.0.1,10.42.0.139,1883,50146,1,45,0,1,0,0,1,0,4,0,0,0,0,0.0,0,,0,2,,0,0,0,0,2,0,0,0,0.0,0x00,0,0,0,0,64.0,64196.0,0,0,0,58,eth:ethertype:ip:tcp:mqtt,,,,,,,,,,,0.0,Normal,0.0
1744307965043805,10.42.0.1,10.42.0.139,1883,50146,5,234,0,1,0,0,0,0,0,0,0,0,0,0.0,0,,0,0,,0,0,0,0,0,0,0,0,0.0,0,0,0,0,0,64.0,64007.0,0,0,0,54,eth:ethertype:ip:tcp,,,,,,,,,,,0.0,Normal,0.0
1744307965043840,10.42.0.1,10.42.0.139,1883,50146,5,234,0,1,1,0,0,0,0,0,0,0,0,0.0,0,,0,0,,0,0,0,0,0,0,0,0,0.0,0,0,0,0,0,64.0,64007.0,0,0,0,54,eth:ethertype:ip:tcp,,,,,,,,,,,0.0,Normal,0.0
1744307979982470,10.42.0.1,10.42.0.2,1883,50146,0,1,1,1,0,0,0,0,0,0,0,0,0,0.0,0,,0,0,,0,0,0,0,0,0,0,0,0.0,0,0,0,0,0,64.0,64240.0,0,0,0,58,eth:ethertype:ip:tcp,,,,,,,,,,,0.0,Normal,0.0
1744307979988406,10.42.0.1,10.42.0.2,1883,50146,1,4,0,1,0,0,0,0,0,0,0,0,0,0.0,0,,0,0,,0,0,0,0,0,0,0,0,0.0,0,0,0,0,0,64.0,64237.0,0,0,0,54,eth:ethertype:ip:tcp,,,,,,,,,,,0.0,Normal,0.0
1744307979991793,10.42.0.1,10.42.0.2,1883,50146,1,33,0,1,0,0,0,0,0,0,0,0,0,0.0,0,,0,0,,0,0,0,0,0,0,0,0,0.0,0,0,0,0,0,64.0,64208.0,0,0,0,54,eth:ethertype:ip:tcp,,,,,,,,,,,0.0,Normal,0.0
1744307979994934,10.42.0.1,10.42.0.2,1883,50146,1,45,0,1,0,0,0,0,0,0,0,0,0,0.0,0,,0,0,,0,0,0,0,0,0,0,0,0.0,0,0,0,0,0,64.0,64196.0,0,0,0,54,eth:ethertype:ip:tcp,,,,,,,,,,,0.0,Normal,0.0
1744307979995268,10.42.0.1,10.42.0.2,1883,50146,1,45,0,1,0,0,1,0,4,0,0,0,0,0.0,0,,0,2,,0,0,0,0,2,0,0,0,0.0,0x00,0,0,0,0,64.0,64196.0,0,0,0,58,eth:ethertype:ip:tcp:mqtt,,,,,,,,,,,0.0,Normal,0.0
1744307980043805,10.42.0.1,10.42.0.2,1883,50146,5,234,0,1,0,0,0,0,0,0,0,0,0,0.0,0,,0,0,,0,0,0,0,0,0,0,0,0.0,0,0,0,0,0,64.0,64007.0,0,0,0,54,eth:ethertype:ip:tcp,,,,,,,,,,,0.0,Normal,0.0
1744307980043840,10.42.0.1,10.42.0.2,1883,50146,5,234,0,1,1,0,0,0,0,0,0,0,0,0.0,0,,0,0,,0,0,0,0,0,0,0,0,0.0,0,0,0,0,0,64.0,64007.0,0,0,0,54,eth:ethertype:ip:tcp,,,,,,,,,,,0.0,Normal,0.0
1744307995052719,10.42.0.1,10.42.0.139,1883,50147,0,1,1,1,0,0,0,0,0,0,0,0,0,0.0,0,,0,0,,0,0,0,0,0,0,0,0,0.0,0,0,0,0,0,64.0,64240.0,0,0,0,58,eth:ethertype:ip:tcp,,,,,,,,,,,0.0,Normal,0.0
1744307995059031,10.42.0.1,10.42.0.139,1883,50147,1,4,0,1,0,0,0,0,0,0,0,0,0,0.0,0,,0,0,,0,0,0,0,0,0,0,0,0.0,0,0,0,0,0,64.0,64237.0,0,0,0,54,eth:ethertype:ip:tcp,,,,,,,,,,,0.0,Normal,0.0
1744307995062386,10.42.0.1,10.42.0.139,1883,50147,1,33,0,1,0,0,0,0,0,0,0,0,0,0.0,0,,0,0,,0,0,0,0,0,0,0,0,0.0,0,0,0,0,0,64.0,64208.0,0,0,0,54,eth:ethertype:ip:tcp,,,,,,,,,,,0.0,Normal,0.0
1744307995070003,10.42.0.1,10.42.0.139,1883,50147,1,45,0,1,0,0,0,0,0,0,0,0,0,0.0,0,,0,0,,0,0,0,0,0,0,0,0,0.0,0,0,0,0,0,64.0,64196.0,0,0,0,54,eth:ethertype:ip:tcp,,,,,,,,,,,0.0,Normal,0.0
1744307995070352,10.42.0.1,10.42.0.139,1883,50147,1,45,0,1,0,0,1,0,4,0,0,0,0,0.0,0,,0,2,,0,0,0,0,2,0,0,0,0.0,0x00,0,0,0,0,64.0,64196.0,0,0,0,58,eth:ethertype:ip:tcp:mqtt,,,,,,,,,,,0.0,Normal,0.0
1744307995125157,10.42.0.1,10.42.0.139,1883,50147,5,234,0,1,0,0,0,0,0,0,0,0,0,0.0,0,,0,0,,0,0,0,0,0,0,0,0,0.0,0,0,0,0,0,64.0,64007.0,0,0,0,54,eth:ethertype:ip:tcp,,,,,,,,,,,0.0,Normal,0.0
1744307995125196,10.42.0.1,10.42.0.139,1883,50147,5,234,0,1,1,0,0,0,0,0,0,0,0,0.0,0,,0,0,,0,0,0,0,0,0,0,0,0.0,0,0,0,0,0,64.0,64007.0,0,0,0,54,eth:ethertype:ip:tcp,,,,,,,,,,,0.0,Normal,0.0
1744308010052719,10.42.0.1,10.42.0.2,1883,50147,0,1,1,1,0,0,0,0,0,0,0,0,0,0.0,0,,0,0,,0,0,0,0,0,0,0,0,0.0,0,0,0,0,0,64.0,64240.0,0,0,0,58,eth:ethertype:ip:tcp,,,,,,,,,,,0.0,Normal,0.0
1744308010059031,10.42.0.1,10.42.0.2,1883,50147,1,4,0,1,0,0,0,0,0,0,0,0,0,0.0,0,,0,0,,0,0,0,0,0,0,0,0,0.0,0,0,0,0,0,64.0,64237.0,0,0,0,54,eth:ethertype:ip:tcp,,,,,,,,,,,0.0,Normal,0.0
1744308010062386,10.42.0.1,10.42.0.2,1883,50147,1,33,0,1,0,0,0,0,0,0,0,0,0,0.0,0,,0,0,,0,0,0,0,0,0,0,0,0.0,0,0,0,0,0,64.0,64208.0,0,0,0,54,eth:ethertype:ip:tcp,,,,,,,,,,,0.0,Normal,0.0
1744308010070003,10.42.0.1,10.42.0.2,1883,50147,1,45,0,1,0,0,0,0,0,0,0,0,0,0.0,0,,0,0,,0,0,0,0,0,0,0,0,0.0,0,0,0,0,0,64.0,64196.0,0,0,0,54,eth:ethertype:ip:tcp,,,,,,,,,,,0.0,Normal,0.0
1744308010070352,10.42.0.1,10.42.0.2,1883,50147,1,45,0,1,0,0,1,0,4,0,0,0,0,0.0,0,,0,2,,0,0,0,0,2,0,0,0,0.0,0x00,0,0,0,0,64.0,64196.0,0,0,0,58,eth:ethertype:ip:tcp:mqtt,,,,,,,,,,,0.0,Normal,0.0
1744308010125157,10.42.0.1,10.42.0.2,1883,50147,5,234,0,1,0,0,0,0,0,0,0,0,0,0.0,0,,0,0,,0,0,0,0,0,0,0,0,0.0,0,0,0,0,0,64.0,64007.0,0,0,0,54,eth:ethertype:ip:tcp,,,,,,,,,,,0.0,Normal,0.0
1744308010125196,10.42.0.1,10.42.0.2,1883,50147,5,234,0,1,1,0,0,0,0,0,0,0,0,0.0,0,,0,0,,0,0,0,0,0,0,0,0,0.0,0,0,0,0,0,64.0,64007.0,0,0,0,54,eth:ethertype:ip:tcp,,,,,,,,,,,0.0,Normal,0.0
1744308025132969,10.42.0.1,10.42.0.139,1883,50148,0,1,1,1,0,0,0,0,0,0,0,0,0,0.0,0,,0,0,,0,0,0,0,0,0,0,0,0.0,0,0,0,0,0,64.0,64240.0,0,0,0,58,eth:ethertype:ip:tcp,,,,,,,,,,,0.0,Normal,0.0
1744308025139071,10.42.0.1,10.42.0.139,1883,50148,1,4,0,1,0,0,0,0,0,0,0,0,0,0.0,0,,0,0,,0,0,0,0,0,0,0,0,0.0,0,0,0,0,0,64.0,64237.0,0,0,0,54,eth:ethertype:ip:tcp,,,,,,,,,,,0.0,Normal,0.0
1744308025142521,10.42.0.1,10.42.0.139,1883,50148,1,33,0,1,0,0,0,0,0,0,0,0,0,0.0,0,,0,0,,0,0,0,0,0,0,0,0,0.0,0,0,0,0,0,64.0,64208.0,0,0,0,54,eth:ethertype:ip:tcp,,,,,,,,,,,0.0,Normal,0.0
1744308025145597,10.42.0.1,10.42.0.139,1883,50148,1,45,0,1,0,0,0,0,0,0,0,0,0,0.0,0,,0,0,,0,0,0,0,0,0,0,0,0.0,0,0,0,0,0,64.0,64196.0,0,0,0,54,eth:ethertype:ip:tcp,,,,,,,,,,,0.0,Normal,0.0
1744308025145923,10.42.0.1,10.42.0.139,1883,50148,1,45,0,1,0,0,1,0,4,0,0,0,0,0.0,0,,0,2,,0,0,0,0,2,0,0,0,0.0,0x00,0,0,0,0,64.0,64196.0,0,0,0,58,eth:ethertype:ip:tcp:mqtt,,,,,,,,,,,0.0,Normal,0.0
1744308025192768,10.42.0.1,10.42.0.139,1883,50148,5,234,0,1,0,0,0,0,0,0,0,0,0,0.0,0,,0,0,,0,0,0,0,0,0,0,0,0.0,0,0,0,0,0,64.0,64007.0,0,0,0,54,eth:ethertype:ip:tcp,,,,,,,,,,,0.0,Normal,0.0
1744308025192807,10.42.0.1,10.42.0.139,1883,50148,5,234,0,1,1,0,0,0,0,0,0,0,0,0.0,0,,0,0,,0,0,0,0,0,0,0,0,0.0,0,0,0,0,0,64.0,64007.0,0,0,0,54,eth:ethertype:ip:tcp,,,,,,,,,,,0.0,Normal,0.0
1744308040132969,10.42.0.1,10.42.0.2,1883,50148,0,1,1,1,0,0,0,0,0,0,0,0,0,0.0,0,,0,0,,0,0,0,0,0,0,0,0,0.0,0,0,0,0,0,64.0,64240.0,0,0,0,58,eth:ethertype:ip:tcp,,,,,,,,,,,0.0,Normal,0.0
1744308040139071,10.42.0.1,10.42.0.2,1883,50148,1,4,0,1,0,0,0,0,0,0,0,0,0,0.0,0,,0,0,,0,0,0,0,0,0,0,0,0.0,0,0,0,0,0,64.0,64237.0,0,0,0,54,eth:ethertype:ip:tcp,,,,,,,,,,,0.0,Normal,0.0
1744308040142521,10.42.0.1,10.42.0.2,1883,50148,1,33,0,1,0,0,0,0,0,0,0,0,0,0.0,0,,0,0,,0,0,0,0,0,0,0,0,0.0,0,0,0,0,0,64.0,64208.0,0,0,0,54,eth:ethertype:ip:tcp,,,,,,,,,,,0.0,Normal,0.0
1744308040145597,10.42.0.1,10.42.0.2,1883,50148,1,45,0,1,0,0,0,0,0,0,0,0,0,0.0,0,,0,0,,0,0,0,0,0,0,0,0,0.0,0,0,0,0,0,64.0,64196.0,0,0,0,54,eth:ethertype:ip:tcp,,,,,,,,,,,0.0,Normal,0.0
1744308040145923,10.42.0.1,10.42.0.2,1883,50148,1,45,0,1,0,0,1,0,4,0,0,0,0,0.0,0,,0,2,,0,0,0,0,2,0,0,0,0.0,0x00,0,0,0,0,64.0,64196.0,0,0,0,58,eth:ethertype:ip:tcp:mqtt,,,,,,,,,,,0.0,Normal,0.0
1744308040192768,10.42.0.1,10.42.0.2,1883,50148,5,234,0,1,0,0,0,0,0,0,0,0,0,0.0,0,,0,0,,0,0,0,0,0,0,0,0,0.0,0,0,0,0,0,64.0,64007.0,0,0,0,54,eth:ethertype:ip:tcp,,,,,,,,,,,0.0,Normal,0.0
1744308040192807,10.42.0.1,10.42.0.2,1883,50148,5,234,0,1,1,0,0,0,0,0,0,0,0,0.0,0,,0,0,,0,0,0,0,0,0,0,0,0.0,0,0,0,0,0,64.0,64007.0,0,0,0,54,eth:ethertype:ip:tcp,,,,,,,,,,,0.0,Normal,0.0
1744308055201495,10.42.0.1,10.42.0.139,1883,50149,0,1,1,1,0,0,0,0,0,0,0,0,0,0.0,0,,0,0,,0,0,0,0,0,0,0,0,0.0,0,0,0,0,0,64.0,64240.0,0,0,0,58,eth:ethertype:ip:tcp,,,,,,,,,,,0.0,Normal,0.0
1744308055207571,10.42.0.1,10.42.0.139,1883,50149,1,4,0,1,0,0,0,0,0,0,0,0,0,0.0,0,,0,0,,0,0,0,0,0,0,0,0,0.0,0,0,0,0,0,64.0,64237.0,0,0,0,54,eth:ethertype:ip:tcp,,,,,,,,,,,0.0,Normal,0.0
1744308055211013,10.42.0.1,10.42.0.139,1883,50149,1,33,0,1,0,0,0,0,0,0,0,0,0,0.0,0,,0,0,,0,0,0,0,0,0,0,0,0.0,0,0,0,0,0,64.0,64208.0,0,0,0,54,eth:ethertype:ip:tcp,,,,,,,,,,,0.0,Normal,0.0
1744308055214728,10.42.0.1,10.42.0.139,1883,50149,1,35,0,1,0,0,0,0,0,0,0,0,0,0.0,0,,0,0,,0,0,0,0,0,0,0,0,0.0,0,0,0,0,0,64.0,64206.0,0,0,0,54,eth:ethertype:ip:tcp,,,,,,,,,,,0.0,Normal,0.0
1744308055218821,10.42.0.1,10.42.0.139,1883,50149,1,39,0,1,0,0,0,0,0,0,0,0,0,0.0,0,,0,0,,0,0,0,0,0,0,0,0,0.0,0,0,0,0,0,64.0,64202.0,0,0,0,54,eth:ethertype:ip:tcp,,,,,,,,,,,0.0,Normal,0.0
1744308055222096,10.42.0.1,10.42.0.139,1883,50149,1,41,0,1,0,0,0,0,0,0,0,0,0,0.0,0,,0,0,,0,0,0,0,0,0,0,0,0.0,0,0,0,0,0,64.0,64200.0,0,0,0,54,eth:ethertype:ip:tcp,,,,,,,,,,,0.0,Normal,0.0
1744308055225079,10.42.0.1,10.42.0.139,1883,50149,1,45,0,1,0,0,0,0,0,0,0,0,0,0.0,0,,0,0,,0,0,0,0,0,0,0,0,0.0,0,0,0,0,0,64.0,64196.0,0,0,0,54,eth:ethertype:ip:tcp,,,,,,,,,,,0.0,Normal,0.0
1744308055225474,10.42.0.1,10.42.0.139,1883,50149,1,45,0,1,0,0,1,0,4,0,0,0,0,0.0,0,,0,2,,0,0,0,0,2,0,0,0,0.0,0x00,0,0,0,0,64.0,64196.0,0,0,0,58,eth:ethertype:ip:tcp:mqtt,,,,,,,,,,,0.0,Normal,0.0
1744308055272485,10.42.0.1,10.42.0.139,1883,50149,5,234,0,1,0,0,0,0,0,0,0,0,0,0.0,0,,0,0,,0,0,0,0,0,0,0,0,0.0,0,0,0,0,0,64.0,64007.0,0,0,0,54,eth:ethertype:ip:tcp,,,,,,,,,,,0.0,Normal,0.0
1744308055272586,10.42.0.1,10.42.0.139,1883,50149,5,234,0,1,1,0,0,0,0,0,0,0,0,0.0,0,,0,0,,0,0,0,0,0,0,0,0,0.0,0,0,0,0,0,64.0,64007.0,0,0,0,54,eth:ethertype:ip:tcp,,,,,,,,,,,0.0,Normal,0.0
1744308070201495,10.42.0.1,10.42.0.2,1883,50149,0,1,1,1,0,0,0,0,0,0,0,0,0,0.0,0,,0,0,,0,0,0,0,0,0,0,0,0.0,0,0,0,0,0,64.0,64240.0,0,0,0,58,eth:ethertype:ip:tcp,,,,,,,,,,,0.0,Normal,0.0
1744308070207571,10.42.0.1,10.42.0.2,1883,50149,1,4,0,1,0,0,0,0,0,0,0,0,0,0.0,0,,0,0,,0,0,0,0,0,0,0,0,0.0,0,0,0,0,0,64.0,64237.0,0,0,0,54,eth:ethertype:ip:tcp,,,,,,,,,,,0.0,Normal,0.0
1744308070211013,10.42.0.1,10.42.0.2,1883,50149,1,33,0,1,0,0,0,0,0,0,0,0,0,0.0,0,,0,0,,0,0,0,0,0,0,0,0,0.0,0,0,0,0,0,64.0,64208.0,0,0,0,54,eth:ethertype:ip:tcp,,,,,,,,,,,0.0,Normal,0.0
1744308070214728,10.42.0.1,10.42.0.2,1883,50149,1,35,0,1,0,0,0,0,0,0,0,0,0,0.0,0,,0,0,,0,0,0,0,0,0,0,0,0.0,0,0,0,0,0,64.0,64206.0,0,0,0,54,eth:ethertype:ip:tcp,,,,,,,,,,,0.0,Normal,0.0
1744308070218821,10.42.0.1,10.42.0.2,1883,50149,1,39,0,1,0,0,0,0,0,0,0,0,0,0.0,0,,0,0,,0,0,0,0,0,0,0,0,0.0,0,0,0,0,0,64.0,64202.0,0,0,0,54,eth:ethertype:ip:tcp,,,,,,,,,,,0.0,Normal,0.0
1744308070222096,10.42.0.1,10.42.0.2,1883,50149,1,41,0,1,0,0,0,0,0,0,0,0,0,0.0,0,,0,0,,0,0,0,0,0,0,0,0,0.0,0,0,0,0,0,64.0,64200.0,0,0,0,54,eth:ethertype:ip:tcp,,,,,,,,,,,0.0,Normal,0.0
1744308070225079,10.42.0.1,10.42.0.2,1883,50149,1,45,0,1,0,0,0,0,0,0,0,0,0,0.0,0,,0,0,,0,0,0,0,0,0,0,0,0.0,0,0,0,0,0,64.0,64196.0,0,0,0,54,eth:ethertype:ip:tcp,,,,,,,,,,,0.0,Normal,0.0
1744308070225474,10.42.0.1,10.42.0.2,1883,50149,1,45,0,1,0,0,1,0,4,0,0,0,0,0.0,0,,0,2,,0,0,0,0,2,0,0,0,0.0,0x00,0,0,0,0,64.0,64196.0,0,0,0,58,eth:ethertype:ip:tcp:mqtt,,,,,,,,,,,0.0,Normal,0.0
1744308070272485,10.42.0.1,10.42.0.2,1883,50149,5,234,0,1,0,0,0,0,0,0,0,0,0,0.0,0,,0,0,,0,0,0,0,0,0,0,0,0.0,0,0,0,0,0,64.0,64007.0,0,0,0,54,eth:ethertype:ip:tcp,,,,,,,,,,,0.0,Normal,0.0
1744308070272586,10.42.0.1,10.42.0.2,1883,50149,5,234,0,1,1,0,0,0,0,0,0,0,0,0.0,0,,0,0,,0,0,0,0,0,0,0,0,0.0,0,0,0,0,0,64.0,64007.0,0,0,0,54,eth:ethertype:ip:tcp,,,,,,,,,,,0.0,Normal,0.0
1744308085280885,10.42.0.1,10.42.0.139,1883,50150,0,1,1,1,0,0,0,0,0,0,0,0,0,0.0,0,,0,0,,0,0,0,0,0,0,0,0,0.0,0,0,0,0,0,64.0,64240.0,0,0,0,58,eth:ethertype:ip:tcp,,,,,,,,,,,0.0,Normal,0.0
1744308085288126,10.42.0.1,10.42.0.139,1883,50150,1,4,0,1,0,0,0,0,0,0,0,0,0,0.0,0,,0,0,,0,0,0,0,0,0,0,0,0.0,0,0,0,0,0,64.0,64237.0,0,0,0,54,eth:ethertype:ip:tcp,,,,,,,,,,,0.0,Normal,0.0
1744308085291542,10.42.0.1,10.42.0.139,1883,50150,1,33,0,1,0,0,0,0,0,0,0,0,0,0.0,0,,0,0,,0,0,0,0,0,0,0,0,0.0,0,0,0,0,0,64.0,64208.0,0,0,0,54,eth:ethertype:ip:tcp,,,,,,,,,,,0.0,Normal,0.0
1744308085294687,10.42.0.1,10.42.0.139,1883,50150,1,45,0,1,0,0,0,0,0,0,0,0,0,0.0,0,,0,0,,0,0,0,0,0,0,0,0,0.0,0,0,0,0,0,64.0,64196.0,0,0,0,54,eth:ethertype:ip:tcp,,,,,,,,,,,0.0,Normal,0.0
1744308085295035,10.42.0.1,10.42.0.139,1883,50150,1,45,0,1,0,0,1,0,4,0,0,0,0,0.0,0,,0,2,,0,0,0,0,2,0,0,0,0.0,0x00,0,0,0,0,64.0,64196.0,0,0,0,58,eth:ethertype:ip:tcp:mqtt,,,,,,,,,,,0.0,Normal,0.0
1744308085342096,10.42.0.1,10.42.0.139,1883,50150,5,234,0,1,0,0,0,0,0,0,0,0,0,0.0,0,,0,0,,0,0,0,0,0,0,0,0,0.0,0,0,0,0,0,64.0,64007.0,0,0,0,54,eth:ethertype:ip:tcp,,,,,,,,,,,0.0,Normal,0.0
1744308085342140,10.42.0.1,10.42.0.139,1883,50150,5,234,0,1,1,0,0,0,0,0,0,0,0,0.0,0,,0,0,,0,0,0,0,0,0,0,0,0.0,0,0,0,0,0,64.0,64007.0,0,0,0,54,eth:ethertype:ip:tcp,,,,,,,,,,,0.0,Normal,0.0
1744308100280885,10.42.0.1,10.42.0.2,1883,50150,0,1,1,1,0,0,0,0,0,0,0,0,0,0.0,0,,0,0,,0,0,0,0,0,0,0,0,0.0,0,0,0,0,0,64.0,64240.0,0,0,0,58,eth:ethertype:ip:tcp,,,,,,,,,,,0.0,Normal,0.0
1744308100288126,10.42.0.1,10.42.0.2,1883,50150,1,4,0,1,0,0,0,0,0,0,0,0,0,0.0,0,,0,0,,0,0,0,0,0,0,0,0,0.0,0,0,0,0,0,64.0,64237.0,0,0,0,54,eth:ethertype:ip:tcp,,,,,,,,,,,0.0,Normal,0.0
1744308100291542,10.42.0.1,10.42.0.2,1883,50150,1,33,0,1,0,0,0,0,0,0,0,0,0,0.0,0,,0,0,,0,0,0,0,0,0,0,0,0.0,0,0,0,0,0,64.0,64208.0,0,0,0,54,eth:ethertype:ip:tcp,,,,,,,,,,,0.0,Normal,0.0
1744308100294687,10.42.0.1,10.42.0.2,1883,50150,1,45,0,1,0,0,0,0,0,0,0,0,0,0.0,0,,0,0,,0,0,0,0,0,0,0,0,0.0,0,0,0,0,0,64.0,64196.0,0,0,0,54,eth:ethertype:ip:tcp,,,,,,,,,,,0.0,Normal,0.0
1744308100295035,10.42.0.1,10.42.0.2,1883,50150,1,45,0,1,0,0,1,0,4,0,0,0,0,0.0,0,,0,2,,0,0,0,0,2,0,0,0,0.0,0x00,0,0,0,0,64.0,64196.0,0,0,0,58,eth:ethertype:ip:tcp:mqtt,,,,,,,,,,,0.0,Normal,0.0
1744308100342096,10.42.0.1,10.42.0.2,1883,50150,5,234,0,1,0,0,0,0,0,0,0,0,0,0.0,0,,0,0,,0,0,0,0,0,0,0,0,0.0,0,0,0,0,0,64.0,64007.0,0,0,0,54,eth:ethertype:ip:tcp,,,,,,,,,,,0.0,Normal,0.0
1744308100342140,10.42.0.1,10.42.0.2,1883,50150,5,234,0,1,1,0,0,0,0,0,0,0,0,0.0,0,,0,0,,0,0,0,0,0,0,0,0,0.0,0,0,0,0,0,64.0,64007.0,0,0,0,54,eth:ethertype:ip:tcp,,,,,,,,,,,0.0,Normal,0.0
1744308115350190,10.42.0.1,10.42.0.139,1883,50151,0,1,1,1,0,0,0,0,0,0,0,0,0,0.0,0,,0,0,,0,0,0,0,0,0,0,0,0.0,0,0,0,0,0,64.0,64240.0,0,0,0,58,eth:ethertype:ip:tcp,,,,,,,,,,,0.0,Normal,0.0
1744308115356029,10.42.0.1,10.42.0.139,1883,50151,1,4,0,1,0,0,0,0,0,0,0,0,0,0.0,0,,0,0,,0,0,0,0,0,0,0,0,0.0,0,0,0,0,0,64.0,64237.0,0,0,0,54,eth:ethertype:ip:tcp,,,,,,,,,,,0.0,Normal,0.0
1744308115360547,10.42.0.1,10.42.0.139,1883,50151,1,33,0,1,0,0,0,0,0,0,0,0,0,0.0,0,,0,0,,0,0,0,0,0,0,0,0,0.0,0,0,0,0,0,64.0,64208.0,0,0,0,54,eth:ethertype:ip:tcp,,,,,,,,,,,0.0,Normal,0.0
1744308115363440,10.42.0.1,10.42.0.139,1883,50151,1,45,0,1,0,0,0,0,0,0,0,0,0,0.0,0,,0,0,,0,0,0,0,0,0,0,0,0.0,0,0,0,0,0,64.0,64196.0,0,0,0,54,eth:ethertype:ip:tcp,,,,,,,,,,,0.0,Normal,0.0
1744308115363688,10.42.0.1,10.42.0.139,1883,50151,1,45,0,1,0,0,1,0,4,0,0,0,0,0.0,0,,0,2,,0,0,0,0,2,0,0,0,0.0,0x00,0,0,0,0,64.0,64196.0,0,0,0,58,eth:ethertype:ip:tcp:mqtt,,,,,,,,,,,0.0,Normal,0.0
1744308115410610,10.42.0.1,10.42.0.139,1883,50151,5,234,0,1,0,0,0,0,0,0,0,0,0,0.0,0,,0,0,,0,0,0,0,0,0,0,0,0.0,0,0,0,0,0,64.0,64007.0,0,0,0,54,eth:ethertype:ip:tcp,,,,,,,,,,,0.0,Normal,0.0
1744308115410655,10.42.0.1,10.42.0.139,1883,50151,5,234,0,1,1,0,0,0,0,0,0,0,0,0.0,0,,0,0,,0,0,0,0,0,0,0,0,0.0,0,0,0,0,0,64.0,64007.0,0,0,0,54,eth:ethertype:ip:tcp,,,,,,,,,,,0.0,Normal,0.0
1744308130350190,10.42.0.1,10.42.0.2,1883,50151,0,1,1,1,0,0,0,0,0,0,0,0,0,0.0,0,,0,0,,0,0,0,0,0,0,0,0,0.0,0,0,0,0,0,64.0,64240.0,0,0,0,58,eth:ethertype:ip:tcp,,,,,,,,,,,0.0,Normal,0.0
1744308130356029,10.42.0.1,10.42.0.2,1883,50151,1,4,0,1,0,0,0,0,0,0,0,0,0,0.0,0,,0,0,,0,0,0,0,0,0,0,0,0.0,0,0,0,0,0,64.0,64237.0,0,0,0,54,eth:ethertype:ip:tcp,,,,,,,,,,,0.0,Normal,0.0
1744308130360547,10.42.0.1,10.42.0.2,1883,50151,1,33,0,1,0,0,0,0,0,0,0,0,0,0.0,0,,0,0,,0,0,0,0,0,0,0,0,0.0,0,0,0,0,0,64.0,64208.0,0,0,0,54,eth:ethertype:ip:tcp,,,,,,,,,,,0.0,Normal,0.0
1744308130363440,10.42.0.1,10.42.0.2,1883,50151,1,45,0,1,0,0,0,0,0,0,0,0,0,0.0,0,,0,0,,0,0,0,0,0,0,0,0,0.0,0,0,0,0,0,64.0,64196.0,0,0,0,54,eth:ethertype:ip:tcp,,,,,,,,,,,0.0,Normal,0.0
1744308130363688,10.42.0.1,10.42.0.2,1883,50151,1,45,0,1,0,0,1,0,4,0,0,0,0,0.0,0,,0,2,,0,0,0,0,2,0,0,0,0.0,0x00,0,0,0,0,64.0,64196.0,0,0,0,58,eth:ethertype:ip:tcp:mqtt,,,,,,,,,,,0.0,Normal,0.0
1744308130410610,10.42.0.1,10.42.0.2,1883,50151,5,234,0,1,0,0,0,0,0,0,0,0,0,0.0,0,,0,0,,0,0,0,0,0,0,0,0,0.0,0,0,0,0,0,64.0,64007.0,0,0,0,54,eth:ethertype:ip:tcp,,,,,,,,,,,0.0,Normal,0.0
1744308130410655,10.42.0.1,10.42.0.2,1883,50151,5,234,0,1,1,0,0,0,0,0,0,0,0,0.0,0,,0,0,,0,0,0,0,0,0,0,0,0.0,0,0,0,0,0,64.0,64007.0,0,0,0,54,eth:ethertype:ip:tcp,,,,,,,,,,,0.0,Normal,0.0
1744308145418439,10.42.0.1,10.42.0.139,1883,50152,0,1,1,1,0,0,0,0,0,0,0,0,0,0.0,0,,0,0,,0,0,0,0,0,0,0,0,0.0,0,0,0,0,0,64.0,64240.0,0,0,0,58,eth:ethertype:ip:tcp,,,,,,,,,,,0.0,Normal,0.0
1744308145424505,10.42.0.1,10.42.0.139,1883,50152,1,4,0,1,0,0,0,0,0,0,0,0,0,0.0,0,,0,0,,0,0,0,0,0,0,0,0,0.0,0,0,0,0,0,64.0,64237.0,0,0,0,54,eth:ethertype:ip:tcp,,,,,,,,,,,0.0,Normal,0.0
1744308145428010,10.42.0.1,10.42.0.139,1883,50152,1,33,0,1,0,0,0,0,0,0,0,0,0,0.0,0,,0,0,,0,0,0,0,0,0,0,0,0.0,0,0,0,0,0,64.0,64208.0,0,0,0,54,eth:ethertype:ip:tcp,,,,,,,,,,,0.0,Normal,0.0
1744308145431064,10.42.0.1,10.42.0.139,1883,50152,1,45,0,1,0,0,0,0,0,0,0,0,0,0.0,0,,0,0,,0,0,0,0,0,0,0,0,0.0,0,0,0,0,0,64.0,64196.0,0,0,0,54,eth:ethertype:ip:tcp,,,,,,,,,,,0.0,Normal,0.0
1744308145431404,10.42.0.1,10.42.0.139,1883,50152,1,45,0,1,0,0,1,0,4,0,0,0,0,0.0,0,,0,2,,0,0,0,0,2,0,0,0,0.0,0x00,0,0,0,0,64.0,64196.0,0,0,0,58,eth:ethertype:ip:tcp:mqtt,,,,,,,,,,,0.0,Normal,0.0
1744308145479999,10.42.0.1,10.42.0.139,1883,50152,5,234,0,1,0,0,0,0,0,0,0,0,0,0.0,0,,0,0,,0,0,0,0,0,0,0,0,0.0,0,0,0,0,0,64.0,64007.0,0,0,0,54,eth:ethertype:ip:tcp,,,,,,,,,,,0.0,Normal,0.0
1744308145480036,10.42.0.1,10.42.0.139,1883,50152,5,234,0,1,1,0,0,0,0,0,0,0,0,0.0,0,,0,0,,0,0,0,0,0,0,0,0,0.0,0,0,0,0,0,64.0,64007.0,0,0,0,54,eth:ethertype:ip:tcp,,,,,,,,,,,0.0,Normal,0.0
1744308160418439,10.42.0.1,10.42.0.2,1883,50152,0,1,1,1,0,0,0,0,0,0,0,0,0,0.0,0,,0,0,,0,0,0,0,0,0,0,0,0.0,0,0,0,0,0,64.0,64240.0,0,0,0,58,eth:ethertype:ip:tcp,,,,,,,,,,,0.0,Normal,0.0
1744308160424505,10.42.0.1,10.42.0.2,1883,50152,1,4,0,1,0,0,0,0,0,0,0,0,0,0.0,0,,0,0,,0,0,0,0,0,0,0,0,0.0,0,0,0,0,0,64.0,64237.0,0,0,0,54,eth:ethertype:ip:tcp,,,,,,,,,,,0.0,Normal,0.0
1744308160428010,10.42.0.1,10.42.0.2,1883,50152,1,33,0,1,0,0,0,0,0,0,0,0,0,0.0,0,,0,0,,0,0,0,0,0,0,0,0,0.0,0,0,0,0,0,64.0,64208.0,0,0,0,54,eth:ethertype:ip:tcp,,,,,,,,,,,0.0,Normal,0.0
1744308160431064,10.42.0.1,10.42.0.2,1883,50152,1,45,0,1,0,0,0,0,0,0,0,0,0,0.0,0,,0,0,,0,0,0,0,0,0,0,0,0.0,0,0,0,0,0,64.0,64196.0,0,0,0,54,eth:ethertype:ip:tcp,,,,,,,,,,,0.0,Normal,0.0
1744308160431404,10.42.0.1,10.42.0.2,1883,50152,1,45,0,1,0,0,1,0,4,0,0,0,0,0.0,0,,0,2,,0,0,0,0,2,0,0,0,0.0,0x00,0,0,0,0,64.0,64196.0,0,0,0,58,eth:ethertype:ip:tcp:mqtt,,,,,,,,,,,0.0,Normal,0.0
1744308160479999,10.42.0.1,10.42.0.2,1883,50152,5,234,0,1,0,0,0,0,0,0,0,0,0,0.0,0,,0,0,,0,0,0,0,0,0,0,0,0.0,0,0,0,0,0,64.0,64007.0,0,0,0,54,eth:ethertype:ip:tcp,,,,,,,,,,,0.0,Normal,0.0
1744308160480036,10.42.0.1,10.42.0.2,1883,50152,5,234,0,1,1,0,0,0,0,0,0,0,0,0.0,0,,0,0,,0,0,0,0,0,0,0,0,0.0,0,0,0,0,0,64.0,64007.0,0,0,0,54,eth:ethertype:ip:tcp,,,,,,,,,,,0.0,Normal,0.0
1744308175488579,10.42.0.1,10.42.0.139,1883,50153,0,1,1,1,0,0,0,0,0,0,0,0,0,0.0,0,,0,0,,0,0,0,0,0,0,0,0,0.0,0,0,0,0,0,64.0,64240.0,0,0,0,58,eth:ethertype:ip:tcp,,,,,,,,,,,0.0,Normal,0.0
1744308175494744,10.42.0.1,10.42.0.139,1883,50153,1,4,0,1,0,0,0,0,0,0,0,0,0,0.0,0,,0,0,,0,0,0,0,0,0,0,0,0.0,0,0,0,0,0,64.0,64237.0,0,0,0,54,eth:ethertype:ip:tcp,,,,,,,,,,,0.0,Normal,0.0
1744308175498190,10.42.0.1,10.42.0.139,1883,50153,1,33,0,1,0,0,0,0,0,0,0,0,0,0.0,0,,0,0,,0,0,0,0,0,0,0,0,0.0,0,0,0,0,0,64.0,64208.0,0,0,0,54,eth:ethertype:ip:tcp,,,,,,,,,,,0.0,Normal,0.0
1744308175501207,10.42.0.1,10.42.0.139,1883,50153,1,45,0,1,0,0,0,0,0,0,0,0,0,0.0,0,,0,0,,0,0,0,0,0,0,0,0,0.0,0,0,0,0,0,64.0,64196.0,0,0,0,54,eth:ethertype:ip:tcp,,,,,,,,,,,0.0,Normal,0.0
1744308175501583,10.42.0.1,10.42.0.139,1883,50153,1,45,0,1,0,0,1,0,4,0,0,0,0,0.0,0,,0,2,,0,0,0,0,2,0,0,0,0.0,0x00,0,0,0,0,64.0,64196.0,0,0,0,58,eth:ethertype:ip:tcp:mqtt,,,,,,,,,,,0.0,Normal,0.0
1744308175550658,10.42.0.1,10.42.0.139,1883,50153,5,234,0,1,0,0,0,0,0,0,0,0,0,0.0,0,,0,0,,0,0,0,0,0,0,0,0,0.0,0,0,0,0,0,64.0,64007.0,0,0,0,54,eth:ethertype:ip:tcp,,,,,,,,,,,0.0,Normal,0.0
1744308175550695,10.42.0.1,10.42.0.139,1883,50153,5,234,0,1,1,0,0,0,0,0,0,0,0,0.0,0,,0,0,,0,0,0,0,0,0,0,0,0.0,0,0,0,0,0,64.0,64007.0,0,0,0,54,eth:ethertype:ip:tcp,,,,,,,,,,,0.0,Normal,0.0
1744308190488579,10.42.0.1,10.42.0.2,1883,50153,0,1,1,1,0,0,0,0,0,0,0,0,0,0.0,0,,0,0,,0,0,0,0,0,0,0,0,0.0,0,0,0,0,0,64.0,64240.0,0,0,0,58,eth:ethertype:ip:tcp,,,,,,,,,,,0.0,Normal,0.0
1744308190494744,10.42.0.1,10.42.0.2,1883,50153,1,4,0,1,0,0,0,0,0,0,0,0,0,0.0,0,,0,0,,0,0,0,0,0,0,0,0,0.0,0,0,0,0,0,64.0,64237.0,0,0,0,54,eth:ethertype:ip:tcp,,,,,,,,,,,0.0,Normal,0.0
1744308190498190,10.42.0.1,10.42.0.2,1883,50153,1,33,0,1,0,0,0,0,0,0,0,0,0,0.0,0,,0,0,,0,0,0,0,0,0,0,0,0.0,0,0,0,0,0,64.0,64208.0,0,0,0,54,eth:ethertype:ip:tcp,,,,,,,,,,,0.0,Normal,0.0
1744308190501207,10.42.0.1,10.42.0.2,1883,50153,1,45,0,1,0,0,0,0,0,0,0,0,0,0.0,0,,0,0,,0,0,0,0,0,0,0,0,0.0,0,0,0,0,0,64.0,64196.0,0,0,0,54,eth:ethertype:ip:tcp,,,,,,,,,,,0.0,Normal,0.0
1744308190501583,10.42.0.1,10.42.0.2,1883,50153,1,45,0,1,0,0,1,0,4,0,0,0,0,0.0,0,,0,2,,0,0,0,0,2,0,0,0,0.0,0x00,0,0,0,0,64.0,64196.0,0,0,0,58,eth:ethertype:ip:tcp:mqtt,,,,,,,,,,,0.0,Normal,0.0
1744308190550658,10.42.0.1,10.42.0.2,1883,50153,5,234,0,1,0,0,0,0,0,0,0,0,0,0.0,0,,0,0,,0,0,0,0,0,0,0,0,0.0,0,0,0,0,0,64.0,64007.0,0,0,0,54,eth:ethertype:ip:tcp,,,,,,,,,,,0.0,Normal,0.0
1744308190550695,10.42.0.1,10.42.0.2,1883,50153,5,234,0,1,1,0,0,0,0,0,0,0,0,0.0,0,,0,0,,0,0,0,0,0,0,0,0,0.0,0,0,0,0,0,64.0,64007.0,0,0,0,54,eth:ethertype:ip:tcp,,,,,,,,,,,0.0,Normal,0.0
1744308205557867,10.42.0.1,10.42.0.139,1883,50154,0,1,1,1,0,0,0,0,0,0,0,0,0,0.0,0,,0,0,,0,0,0,0,0,0,0,0,0.0,0,0,0,0,0,64.0,64240.0,0,0,0,58,eth:ethertype:ip:tcp,,,,,,,,,,,0.0,Normal,0.0
1744308205564039,10.42.0.1,10.42.0.139,1883,50154,1,4,0,1,0,0,0,0,0,0,0,0,0,0.0,0,,0,0,,0,0,0,0,0,0,0,0,0.0,0,0,0,0,0,64.0,64237.0,0,0,0,54,eth:ethertype:ip:tcp,,,,,,,,,,,0.0,Normal,0.0
1744308205567556,10.42.0.1,10.42.0.139,1883,50154,1,33,0,1,0,0,0,0,0,0,0,0,0,0.0,0,,0,0,,0,0,0,0,0,0,0,0,0.0,0,0,0,0,0,64.0,64208.0,0,0,0,54,eth:ethertype:ip:tcp,,,,,,,,,,,0.0,Normal,0.0
1744308205570522,10.42.0.1,10.42.0.139,1883,50154,1,45,0,1,0,0,0,0,0,0,0,0,0,0.0,0,,0,0,,0,0,0,0,0,0,0,0,0.0,0,0,0,0,0,64.0,64196.0,0,0,0,54,eth:ethertype:ip:tcp,,,,,,,,,,,0.0,Normal,0.0
1744308205570802,10.42.0.1,10.42.0.139,1883,50154,1,45,0,1,0,0,1,0,4,0,0,0,0,0.0,0,,0,2,,0,0,0,0,2,0,0,0,0.0,0x00,0,0,0,0,64.0,64196.0,0,0,0,58,eth:ethertype:ip:tcp:mqtt,,,,,,,,,,,0.0,Normal,0.0
1744308205618855,10.42.0.1,10.42.0.139,1883,50154,5,234,0,1,0,0,0,0,0,0,0,0,0,0.0,0,,0,0,,0,0,0,0,0,0,0,0,0.0,0,0,0,0,0,64.0,64007.0,0,0,0,54,eth:ethertype:ip:tcp,,,,,,,,,,,0.0,Normal,0.0
1744308205618926,10.42.0.1,10.42.0.139,1883,50154,5,234,0,1,1,0,0,0,0,0,0,0,0,0.0,0,,0,0,,0,0,0,0,0,0,0,0,0.0,0,0,0,0,0,64.0,64007.0,0,0,0,54,eth:ethertype:ip:tcp,,,,,,,,,,,0.0,Normal,0.0
1744308220557867,10.42.0.1,10.42.0.2,1883,50154,0,1,1,1,0,0,0,0,0,0,0,0,0,0.0,0,,0,0,,0,0,0,0,0,0,0,0,0.0,0,0,0,0,0,64.0,64240.0,0,0,0,58,eth:ethertype:ip:tcp,,,,,,,,,,,0.0,Normal,0.0
1744308220564039,10.42.0.1,10.42.0.2,1883,50154,1,4,0,1,0,0,0,0,0,0,0,0,0,0.0,0,,0,0,,0,0,0,0,0,0,0,0,0.0,0,0,0,0,0,64.0,64237.0,0,0,0,54,eth:ethertype:ip:tcp,,,,,,,,,,,0.0,Normal,0.0
1744308220567556,10.42.0.1,10.42.0.2,1883,50154,1,33,0,1,0,0,0,0,0,0,0,0,0,0.0,0,,0,0,,0,0,0,0,0,0,0,0,0.0,0,0,0,0,0,64.0,64208.0,0,0,0,54,eth:ethertype:ip:tcp,,,,,,,,,,,0.0,Normal,0.0
1744308220570522,10.42.0.1,10.42.0.2,1883,50154,1,45,0,1,0,0,0,0,0,0,0,0,0,0.0,0,,0,0,,0,0,0,0,0,0,0,0,0.0,0,0,0,0,0,64.0,64196.0,0,0,0,54,eth:ethertype:ip:tcp,,,,,,,,,,,0.0,Normal,0.0
1744308220570802,10.42.0.1,10.42.0.2,1883,50154,1,45,0,1,0,0,1,0,4,0,0,0,0,0.0,0,,0,2,,0,0,0,0,2,0,0,0,0.0,0x00,0,0,0,0,64.0,64196.0,0,0,0,58,eth:ethertype:ip:tcp:mqtt,,,,,,,,,,,0.0,Normal,0.0
1744308220618855,10.42.0.1,10.42.0.2,1883,50154,5,234,0,1,0,0,0,0,0,0,0,0,0,0.0,0,,0,0,,0,0,0,0,0,0,0,0,0.0,0,0,0,0,0,64.0,64007.0,0,0,0,54,eth:ethertype:ip:tcp,,,,,,,,,,,0.0,Normal,0.0
1744308220618926,10.42.0.1,10.42.0.2,1883,50154,5,234,0,1,1,0,0,0,0,0,0,0,0,0.0,0,,0,0,,0,0,0,0,0,0,0,0,0.0,0,0,0,0,0,64.0,64007.0,0,0,0,54,eth:ethertype:ip:tcp,,,,,,,,,,,0.0,Normal,0.0
1744308235627510,10.42.0.1,10.42.0.139,1883,50155,0,1,1,1,0,0,0,0,0,0,0,0,0,0.0,0,,0,0,,0,0,0,0,0,0,0,0,0.0,0,0,0,0,0,64.0,64240.0,0,0,0,58,eth:ethertype:ip:tcp,,,,,,,,,,,0.0,Normal,0.0
1744308235633547,10.42.0.1,10.42.0.139,1883,50155,1,4,0,1,0,0,0,0,0,0,0,0,0,0.0,0,,0,0,,0,0,0,0,0,0,0,0,0.0,0,0,0,0,0,64.0,64237.0,0,0,0,54,eth:ethertype:ip:tcp,,,,,,,,,,,0.0,Normal,0.0
1744308235636984,10.42.0.1,10.42.0.139,1883,50155,1,33,0,1,0,0,0,0,0,0,0,0,0,0.0,0,,0,0,,0,0,0,0,0,0,0,0,0.0,0,0,0,0,0,64.0,64208.0,0,0,0,54,eth:ethertype:ip:tcp,,,,,,,,,,,0.0,Normal,0.0
1744308235640467,10.42.0.1,10.42.0.139,1883,50155,1,45,0,1,0,0,0,0,0,0,0,0,0,0.0,0,,0,0,,0,0,0,0,0,0,0,0,0.0,0,0,0,0,0,64.0,64196.0,0,0,0,54,eth:ethertype:ip:tcp,,,,,,,,,,,0.0,Normal,0.0
1744308235640750,10.42.0.1,10.42.0.139,1883,50155,1,45,0,1,0,0,1,0,4,0,0,0,0,0.0,0,,0,2,,0,0,0,0,2,0,0,0,0.0,0x00,0,0,0,0,64.0,64196.0,0,0,0,58,eth:ethertype:ip:tcp:mqtt,,,,,,,,,,,0.0,Normal,0.0
1744308235687722,10.42.0.1,10.42.0.139,1883,50155,5,234,0,1,0,0,0,0,0,0,0,0,0,0.0,0,,0,0,,0,0,0,0,0,0,0,0,0.0,0,0,0,0,0,64.0,64007.0,0,0,0,54,eth:ethertype:ip:tcp,,,,,,,,,,,0.0,Normal,0.0
1744308235687760,10.42.0.1,10.42.0.139,1883,50155,5,234,0,1,1,0,0,0,0,0,0,0,0,0.0,0,,0,0,,0,0,0,0,0,0,0,0,0.0,0,0,0,0,0,64.0,64007.0,0,0,0,54,eth:ethertype:ip:tcp,,,,,,,,,,,0.0,Normal,0.0
1744308250627510,10.42.0.1,10.42.0.2,1883,50155,0,1,1,1,0,0,0,0,0,0,0,0,0,0.0,0,,0,0,,0,0,0,0,0,0,0,0,0.0,0,0,0,0,0,64.0,64240.0,0,0,0,58,eth:ethertype:ip:tcp,,,,,,,,,,,0.0,Normal,0.0
1744308250633547,10.42.0.1,10.42.0.2,1883,50155,1,4,0,1,0,0,0,0,0,0,0,0,0,0.0,0,,0,0,,0,0,0,0,0,0,0,0,0.0,0,0,0,0,0,64.0,64237.0,0,0,0,54,eth:ethertype:ip:tcp,,,,,,,,,,,0.0,Normal,0.0
1744308250636984,10.42.0.1,10.42.0.2,1883,50155,1,33,0,1,0,0,0,0,0,0,0,0,0,0.0,0,,0,0,,0,0,0,0,0,0,0,0,0.0,0,0,0,0,0,64.0,64208.0,0,0,0,54,eth:ethertype:ip:tcp,,,,,,,,,,,0.0,Normal,0.0
1744308250640467,10.42.0.1,10.42.0.2,1883,50155,1,45,0,1,0,0,0,0,0,0,0,0,0,0.0,0,,0,0,,0,0,0,0,0,0,0,0,0.0,0,0,0,0,0,64.0,64196.0,0,0,0,54,eth:ethertype:ip:tcp,,,,,,,,,,,0.0,Normal,0.0
1744308250640750,10.42.0.1,10.42.0.2,1883,50155,1,45,0,1,0,0,1,0,4,0,0,0,0,0.0,0,,0,2,,0,0,0,0,2,0,0,0,0.0,0x00,0,0,0,0,64.0,64196.0,0,0,0,58,eth:ethertype:ip:tcp:mqtt,,,,,,,,,,,0.0,Normal,0.0
1744308250687722,10.42.0.1,10.42.0.2,1883,50155,5,234,0,1,0,0,0,0,0,0,0,0,0,0.0,0,,0,0,,0,0,0,0,0,0,0,0,0.0,0,0,0,0,0,64.0,64007.0,0,0,0,54,eth:ethertype:ip:tcp,,,,,,,,,,,0.0,Normal,0.0
1744308250687760,10.42.0.1,10.42.0.2,1883,50155,5,234,0,1,1,0,0,0,0,0,0,0,0,0.0,0,,0,0,,0,0,0,0,0,0,0,0,0.0,0,0,0,0,0,64.0,64007.0,0,0,0,54,eth:ethertype:ip:tcp,,,,,,,,,,,0.0,Normal,0.0
1744308265696812,10.42.0.1,10.42.0.139,1883,50156,0,1,1,1,0,0,0,0,0,0,0,0,0,0.0,0,,0,0,,0,0,0,0,0,0,0,0,0.0,0,0,0,0,0,64.0,64240.0,0,0,0,58,eth:ethertype:ip:tcp,,,,,,,,,,,0.0,Normal,0.0
1744308265702787,10.42.0.1,10.42.0.139,1883,50156,1,4,0,1,0,0,0,0,0,0,0,0,0,0.0,0,,0,0,,0,0,0,0,0,0,0,0,0.0,0,0,0,0,0,64.0,64237.0,0,0,0,54,eth:ethertype:ip:tcp,,,,,,,,,,,0.0,Normal,0.0
1744308265706174,10.42.0.1,10.42.0.139,1883,50156,1,33,0,1,0,0,0,0,0,0,0,0,0,0.0,0,,0,0,,0,0,0,0,0,0,0,0,0.0,0,0,0,0,0,64.0,64208.0,0,0,0,54,eth:ethertype:ip:tcp,,,,,,,,,,,0.0,Normal,0.0
1744308265709221,10.42.0.1,10.42.0.139,1883,50156,1,45,0,1,0,0,0,0,0,0,0,0,0,0.0,0,,0,0,,0,0,0,0,0,0,0,0,0.0,0,0,0,0,0,64.0,64196.0,0,0,0,54,eth:ethertype:ip:tcp,,,,,,,,,,,0.0,Normal,0.0
1744308265709575,10.42.0.1,10.42.0.139,1883,50156,1,45,0,1,0,0,1,0,4,0,0,0,0,0.0,0,,0,2,,0,0,0,0,2,0,0,0,0.0,0x00,0,0,0,0,64.0,64196.0,0,0,0,58,eth:ethertype:ip:tcp:mqtt,,,,,,,,,,,0.0,Normal,0.0
1744308265757285,10.42.0.1,10.42.0.139,1883,50156,5,234,0,1,0,0,0,0,0,0,0,0,0,0.0,0,,0,0,,0,0,0,0,0,0,0,0,0.0,0,0,0,0,0,64.0,64007.0,0,0,0,54,eth:ethertype:ip:tcp,,,,,,,,,,,0.0,Normal,0.0
1744308265757360,10.42.0.1,10.42.0.139,1883,50156,5,234,0,1,1,0,0,0,0,0,0,0,0,0.0,0,,0,0,,0,0,0,0,0,0,0,0,0.0,0,0,0,0,0,64.0,64007.0,0,0,0,54,eth:ethertype:ip:tcp,,,,,,,,,,,0.0,Normal,0.0
1744308280696812,10.42.0.1,10.42.0.2,1883,50156,0,1,1,1,0,0,0,0,0,0,0,0,0,0.0,0,,0,0,,0,0,0,0,0,0,0,0,0.0,0,0,0,0,0,64.0,64240.0,0,0,0,58,eth:ethertype:ip:tcp,,,,,,,,,,,0.0,Normal,0.0
1744308280702787,10.42.0.1,10.42.0.2,1883,50156,1,4,0,1,0,0,0,0,0,0,0,0,0,0.0,0,,0,0,,0,0,0,0,0,0,0,0,0.0,0,0,0,0,0,64.0,64237.0,0,0,0,54,eth:ethertype:ip:tcp,,,,,,,,,,,0.0,Normal,0.0
1744308280706174,10.42.0.1,10.42.0.2,1883,50156,1,33,0,1,0,0,0,0,0,0,0,0,0,0.0,0,,0,0,,0,0,0,0,0,0,0,0,0.0,0,0,0,0,0,64.0,64208.0,0,0,0,54,eth:ethertype:ip:tcp,,,,,,,,,,,0.0,Normal,0.0
1744308280709221,10.42.0.1,10.42.0.2,1883,50156,1,45,0,1,0,0,0,0,0,0,0,0,0,0.0,0,,0,0,,0,0,0,0,0,0,0,0,0.0,0,0,0,0,0,64.0,64196.0,0,0,0,54,eth:ethertype:ip:tcp,,,,,,,,,,,0.0,Normal,0.0
1744308280709575,10.42.0.1,10.42.0.2,1883,50156,1,45,0,1,0,0,1,0,4,0,0,0,0,0.0,0,,0,2,,0,0,0,0,2,0,0,0,0.0,0x00,0,0,0,0,64.0,64196.0,0,0,0,58,eth:ethertype:ip:tcp:mqtt,,,,,,,,,,,0.0,Normal,0.0
1744308280757285,10.42.0.1,10.42.0.2,1883,50156,5,234,0,1,0,0,0,0,0,0,0,0,0,0.0,0,,0,0,,0,0,0,0,0,0,0,0,0.0,0,0,0,0,0,64.0,64007.0,0,0,0,54,eth:ethertype:ip:tcp,,,,,,,,,,,0.0,Normal,0.0
1744308280757360,10.42.0.1,10.42.0.2,1883,50156,5,234,0,1,1,0,0,0,0,0,0,0,0,0.0,0,,0,0,,0,0,0,0,0,0,0,0,0.0,0,0,0,0,0,64.0,64007.0,0,0,0,54,eth:ethertype:ip:tcp,,,,,,,,,,,0.0,Normal,0.0
1744308295765582,10.42.0.1,10.42.0.139,1883,50157,0,1,1,1,0,0,0,0,0,0,0,0,0,0.0,0,,0,0,,0,0,0,0,0,0,0,0,0.0,0,0,0,0,0,64.0,64240.0,0,0,0,58,eth:ethertype:ip:tcp,,,,,,,,,,,0.0,Normal,0.0
1744308295775337,10.42.0.1,10.42.0.139,1883,50157,1,4,0,1,0,0,0,0,0,0,0,0,0,0.0,0,,0,0,,0,0,0,0,0,0,0,0,0.0,0,0,0,0,0,64.0,64237.0,0,0,0,54,eth:ethertype:ip:tcp,,,,,,,,,,,0.0,Normal,0.0
1744308295779013,10.42.0.1,10.42.0.139,1883,50157,1,39,0,1,0,0,0,0,0,0,0,0,0,0.0,0,,0,0,,0,0,0,0,0,0,0,0,0.0,0,0,0,0,0,64.0,64202.0,0,0,0,54,eth:ethertype:ip:tcp,,,,,,,,,,,0.0,Normal,0.0
1744308295782047,10.42.0.1,10.42.0.139,1883,50157,1,45,0,1,0,0,0,0,0,0,0,0,0,0.0,0,,0,0,,0,0,0,0,0,0,0,0,0.0,0,0,0,0,0,64.0,64196.0,0,0,0,54,eth:ethertype:ip:tcp,,,,,,,,,,,0.0,Normal,0.0
1744308295782374,10.42.0.1,10.42.0.139,1883,50157,1,45,0,1,0,0,1,0,4,0,0,0,0,0.0,0,,0,2,,0,0,0,0,2,0,0,0,0.0,0x00,0,0,0,0,64.0,64196.0,0,0,0,58,eth:ethertype:ip:tcp:mqtt,,,,,,,,,,,0.0,Normal,0.0
1744308295826547,10.42.0.1,10.42.0.139,1883,50157,5,234,0,1,0,0,0,0,0,0,0,0,0,0.0,0,,0,0,,0,0,0,0,0,0,0,0,0.0,0,0,0,0,0,64.0,64007.0,0,0,0,54,eth:ethertype:ip:tcp,,,,,,,,,,,0.0,Normal,0.0
1744308295826588,10.42.0.1,10.42.0.139,1883,50157,5,234,0,1,1,0,0,0,0,0,0,0,0,0.0,0,,0,0,,0,0,0,0,0,0,0,0,0.0,0,0,0,0,0,64.0,64007.0,0,0,0,54,eth:ethertype:ip:tcp,,,,,,,,,,,0.0,Normal,0.0
1744308310765582,10.42.0.1,10.42.0.2,1883,50157,0,1,1,1,0,0,0,0,0,0,0,0,0,0.0,0,,0,0,,0,0,0,0,0,0,0,0,0.0,0,0,0,0,0,64.0,64240.0,0,0,0,58,eth:ethertype:ip:tcp,,,,,,,,,,,0.0,Normal,0.0
1744308310775337,10.42.0.1,10.42.0.2,1883,50157,1,4,0,1,0,0,0,0,0,0,0,0,0,0.0,0,,0,0,,0,0,0,0,0,0,0,0,0.0,0,0,0,0,0,64.0,64237.0,0,0,0,54,eth:ethertype:ip:tcp,,,,,,,,,,,0.0,Normal,0.0
1744308310779013,10.42.0.1,10.42.0.2,1883,50157,1,39,0,1,0,0,0,0,0,0,0,0,0,0.0,0,,0,0,,0,0,0,0,0,0,0,0,0.0,0,0,0,0,0,64.0,64202.0,0,0,0,54,eth:ethertype:ip:tcp,,,,,,,,,,,0.0,Normal,0.0
1744308310782047,10.42.0.1,10.42.0.2,1883,50157,1,45,0,1,0,0,0,0,0,0,0,0,0,0.0,0,,0,0,,0,0,0,0,0,0,0,0,0.0,0,0,0,0,0,64.0,64196.0,0,0,0,54,eth:ethertype:ip:tcp,,,,,,,,,,,0.0,Normal,0.0
1744308310782374,10.42.0.1,10.42.0.2,1883,50157,1,45,0,1,0,0,1,0,4,0,0,0,0,0.0,0,,0,2,,0,0,0,0,2,0,0,0,0.0,0x00,0,0,0,0,64.0,64196.0,0,0,0,58,eth:ethertype:ip:tcp:mqtt,,,,,,,,,,,0.0,Normal,0.0
1744308310826547,10.42.0.1,10.42.0.2,1883,50157,5,234,0,1,0,0,0,0,0,0,0,0,0,0.0,0,,0,0,,0,0,0,0,0,0,0,0,0.0,0,0,0,0,0,64.0,64007.0,0,0,0,54,eth:ethertype:ip:tcp,,,,,,,,,,,0.0,Normal,0.0
1744308310826588,10.42.0.1,10.42.0.2,1883,50157,5,234,0,1,1,0,0,0,0,0,0,0,0,0.0,0,,0,0,,0,0,0,0,0,0,0,0,0.0,0,0,0,0,0,64.0,64007.0,0,0,0,54,eth:ethertype:ip:tcp,,,,,,,,,,,0.0,Normal,0.0
1744308325842986,10.42.0.1,10.42.0.139,1883,50158,0,1,1,1,0,0,0,0,0,0,0,0,0,0.0,0,,0,0,,0,0,0,0,0,0,0,0,0.0,0,0,0,0,0,64.0,64240.0,0,0,0,58,eth:ethertype:ip:tcp,,,,,,,,,,,0.0,Normal,0.0
1744308325849195,10.42.0.1,10.42.0.139,1883,50158,1,4,0,1,0,0,0,0,0,0,0,0,0,0.0,0,,0,0,,0,0,0,0,0,0,0,0,0.0,0,0,0,0,0,64.0,64237.0,0,0,0,54,eth:ethertype:ip:tcp,,,,,,,,,,,0.0,Normal,0.0
1744308325852417,10.42.0.1,10.42.0.139,1883,50158,1,33,0,1,0,0,0,0,0,0,0,0,0,0.0,0,,0,0,,0,0,0,0,0,0,0,0,0.0,0,0,0,0,0,64.0,64208.0,0,0,0,54,eth:ethertype:ip:tcp,,,,,,,,,,,0.0,Normal,0.0
1744308325855701,10.42.0.1,10.42.0.139,1883,50158,1,45,0,1,0,0,0,0,0,0,0,0,0,0.0,0,,0,0,,0,0,0,0,0,0,0,0,0.0,0,0,0,0,0,64.0,64196.0,0,0,0,54,eth:ethertype:ip:tcp,,,,,,,,,,,0.0,Normal,0.0
1744308325856044,10.42.0.1,10.42.0.139,1883,50158,1,45,0,1,0,0,1,0,4,0,0,0,0,0.0,0,,0,2,,0,0,0,0,2,0,0,0,0.0,0x00,0,0,0,0,64.0,64196.0,0,0,0,58,eth:ethertype:ip:tcp:mqtt,,,,,,,,,,,0.0,Normal,0.0
1744308325907158,10.42.0.1,10.42.0.139,1883,50158,5,234,0,1,0,0,0,0,0,0,0,0,0,0.0,0,,0,0,,0,0,0,0,0,0,0,0,0.0,0,0,0,0,0,64.0,64007.0,0,0,0,54,eth:ethertype:ip:tcp,,,,,,,,,,,0.0,Normal,0.0
1744308325907254,10.42.0.1,10.42.0.139,1883,50158,5,234,0,1,1,0,0,0,0,0,0,0,0,0.0,0,,0,0,,0,0,0,0,0,0,0,0,0.0,0,0,0,0,0,64.0,64007.0,0,0,0,54,eth:ethertype:ip:tcp,,,,,,,,,,,0.0,Normal,0.0
1744308340842986,10.42.0.1,10.42.0.2,1883,50158,0,1,1,1,0,0,0,0,0,0,0,0,0,0.0,0,,0,0,,0,0,0,0,0,0,0,0,0.0,0,0,0,0,0,64.0,64240.0,0,0,0,58,eth:ethertype:ip:tcp,,,,,,,,,,,0.0,Normal,0.0
1744308340849195,10.42.0.1,10.42.0.2,1883,50158,1,4,0,1,0,0,0,0,0,0,0,0,0,0.0,0,,0,0,,0,0,0,0,0,0,0,0,0.0,0,0,0,0,0,64.0,64237.0,0,0,0,54,eth:ethertype:ip:tcp,,,,,,,,,,,0.0,Normal,0.0
1744308340852417,10.42.0.1,10.42.0.2,1883,50158,1,33,0,1,0,0,0,0,0,0,0,0,0,0.0,0,,0,0,,0,0,0,0,0,0,0,0,0.0,0,0,0,0,0,64.0,64208.0,0,0,0,54,eth:ethertype:ip:tcp,,,,,,,,,,,0.0,Normal,0.0
1744308340855701,10.42.0.1,10.42.0.2,1883,50158,1,45,0,1,0,0,0,0,0,0,0,0,0,0.0,0,,0,0,,0,0,0,0,0,0,0,0,0.0,0,0,0,0,0,64.0,64196.0,0,0,0,54,eth:ethertype:ip:tcp,,,,,,,,,,,0.0,Normal,0.0
1744308340856044,10.42.0.1,10.42.0.2,1883,50158,1,45,0,1,0,0,1,0,4,0,0,0,0,0.0,0,,0,2,,0,0,0,0,2,0,0,0,0.0,0x00,0,0,0,0,64.0,64196.0,0,0,0,58,eth:ethertype:ip:tcp:mqtt,,,,,,,,,,,0.0,Normal,0.0
1744308340907158,10.42.0.1,10.42.0.2,1883,50158,5,234,0,1,0,0,0,0,0,0,0,0,0,0.0,0,,0,0,,0,0,0,0,0,0,0,0,0.0,0,0,0,0,0,64.0,64007.0,0,0,0,54,eth:ethertype:ip:tcp,,,,,,,,,,,0.0,Normal,0.0
1744308340907254,10.42.0.1,10.42.0.2,1883,50158,5,234,0,1,1,0,0,0,0,0,0,0,0,0.0,0,,0,0,,0,0,0,0,0,0,0,0,0.0,0,0,0,0,0,64.0,64007.0,0,0,0,54,eth:ethertype:ip:tcp,,,,,,,,,,,0.0,Normal,0.0
1744308355914698,10.42.0.1,10.42.0.139,1883,50159,0,1,1,1,0,0,0,0,0,0,0,0,0,0.0,0,,0,0,,0,0,0,0,0,0,0,0,0.0,0,0,0,0,0,64.0,64240.0,0,0,0,58,eth:ethertype:ip:tcp,,,,,,,,,,,0.0,Normal,0.0
1744308355920866,10.42.0.1,10.42.0.139,1883,50159,1,4,0,1,0,0,0,0,0,0,0,0,0,0.0,0,,0,0,,0,0,0,0,0,0,0,0,0.0,0,0,0,0,0,64.0,64237.0,0,0,0,54,eth:ethertype:ip:tcp,,,,,,,,,,,0.0,Normal,0.0
1744308355924290,10.42.0.1,10.42.0.139,1883,50159,1,33,0,1,0,0,0,0,0,0,0,0,0,0.0,0,,0,0,,0,0,0,0,0,0,0,0,0.0,0,0,0,0,0,64.0,64208.0,0,0,0,54,eth:ethertype:ip:tcp,,,,,,,,,,,0.0,Normal,0.0
1744308355927388,10.42.0.1,10.42.0.139,1883,50159,1,45,0,1,0,0,0,0,0,0,0,0,0,0.0,0,,0,0,,0,0,0,0,0,0,0,0,0.0,0,0,0,0,0,64.0,64196.0,0,0,0,54,eth:ethertype:ip:tcp,,,,,,,,,,,0.0,Normal,0.0
1744308355927679,10.42.0.1,10.42.0.139,1883,50159,1,45,0,1,0,0,1,0,4,0,0,0,0,0.0,0,,0,2,,0,0,0,0,2,0,0,0,0.0,0x00,0,0,0,0,64.0,64196.0,0,0,0,58,eth:ethertype:ip:tcp:mqtt,,,,,,,,,,,0.0,Normal,0.0
1744308355975222,10.42.0.1,10.42.0.139,1883,50159,5,234,0,1,0,0,0,0,0,0,0,0,0,0.0,0,,0,0,,0,0,0,0,0,0,0,0,0.0,0,0,0,0,0,64.0,64007.0,0,0,0,54,eth:ethertype:ip:tcp,,,,,,,,,,,0.0,Normal,0.0
1744308355975259,10.42.0.1,10.42.0.139,1883,50159,5,234,0,1,1,0,0,0,0,0,0,0,0,0.0,0,,0,0,,0,0,0,0,0,0,0,0,0.0,0,0,0,0,0,64.0,64007.0,0,0,0,54,eth:ethertype:ip:tcp,,,,,,,,,,,0.0,Normal,0.0
1744308370914698,10.42.0.1,10.42.0.2,1883,50159,0,1,1,1,0,0,0,0,0,0,0,0,0,0.0,0,,0,0,,0,0,0,0,0,0,0,0,0.0,0,0,0,0,0,64.0,64240.0,0,0,0,58,eth:ethertype:ip:tcp,,,,,,,,,,,0.0,Normal,0.0
1744308370920866,10.42.0.1,10.42.0.2,1883,50159,1,4,0,1,0,0,0,0,0,0,0,0,0,0.0,0,,0,0,,0,0,0,0,0,0,0,0,0.0,0,0,0,0,0,64.0,64237.0,0,0,0,54,eth:ethertype:ip:tcp,,,,,,,,,,,0.0,Normal,0.0
1744308370924290,10.42.0.1,10.42.0.2,1883,50159,1,33,0,1,0,0,0,0,0,0,0,0,0,0.0,0,,0,0,,0,0,0,0,0,0,0,0,0.0,0,0,0,0,0,64.0,64208.0,0,0,0,54,eth:ethertype:ip:tcp,,,,,,,,,,,0.0,Normal,0.0
1744308370927388,10.42.0.1,10.42.0.2,1883,50159,1,45,0,1,0,0,0,0,0,0,0,0,0,0.0,0,,0,0,,0,0,0,0,0,0,0,0,0.0,0,0,0,0,0,64.0,64196.0,0,0,0,54,eth:ethertype:ip:tcp,,,,,,,,,,,0.0,Normal,0.0
1744308370927679,10.42.0.1,10.42.0.2,1883,50159,1,45,0,1,0,0,1,0,4,0,0,0,0,0.0,0,,0,2,,0,0,0,0,2,0,0,0,0.0,0x00,0,0,0,0,64.0,64196.0,0,0,0,58,eth:ethertype:ip:tcp:mqtt,,,,,,,,,,,0.0,Normal,0.0
1744308370975222,10.42.0.1,10.42.0.2,1883,50159,5,234,0,1,0,0,0,0,0,0,0,0,0,0.0,0,,0,0,,0,0,0,0,0,0,0,0,0.0,0,0,0,0,0,64.0,64007.0,0,0,0,54,eth:ethertype:ip:tcp,,,,,,,,,,,0.0,Normal,0.0
1744308370975259,10.42.0.1,10.42.0.2,1883,50159,5,234,0,1,1,0,0,0,0,0,0,0,0,0.0,0,,0,0,,0,0,0,0,0,0,0,0,0.0,0,0,0,0,0,64.0,64007.0,0,0,0,54,eth:ethertype:ip:tcp,,,,,,,,,,,0.0,Normal,0.0
1744308385983341,10.42.0.1,10.42.0.139,1883,50160,0,1,1,1,0,0,0,0,0,0,0,0,0,0.0,0,,0,0,,0,0,0,0,0,0,0,0,0.0,0,0,0,0,0,64.0,64240.0,0,0,0,58,eth:ethertype:ip:tcp,,,,,,,,,,,0.0,Normal,0.0
1744308385991096,10.42.0.1,10.42.0.139,1883,50160,1,4,0,1,0,0,0,0,0,0,0,0,0,0.0,0,,0,0,,0,0,0,0,0,0,0,0,0.0,0,0,0,0,0,64.0,64237.0,0,0,0,54,eth:ethertype:ip:tcp,,,,,,,,,,,0.0,Normal,0.0
1744308385994482,10.42.0.1,10.42.0.139,1883,50160,1,35,0,1,0,0,0,0,0,0,0,0,0,0.0,0,,0,0,,0,0,0,0,0,0,0,0,0.0,0,0,0,0,0,64.0,64206.0,0,0,0,54,eth:ethertype:ip:tcp,,,,,,,,,,,0.0,Normal,0.0
1744308385997532,10.42.0.1,10.42.0.139,1883,50160,1,45,0,1,0,0,0,0,0,0,0,0,0,0.0,0,,0,0,,0,0,0,0,0,0,0,0,0.0,0,0,0,0,0,64.0,64196.0,0,0,0,54,eth:ethertype:ip:tcp,,,,,,,,,,,0.0,Normal,0.0
1744308385997866,10.42.0.1,10.42.0.139,1883,50160,1,45,0,1,0,0,1,0,4,0,0,0,0,0.0,0,,0,2,,0,0,0,0,2,0,0,0,0.0,0x00,0,0,0,0,64.0,64196.0,0,0,0,58,eth:ethertype:ip:tcp:mqtt,,,,,,,,,,,0.0,Normal,0.0
1744308386044635,10.42.0.1,10.42.0.139,1883,50160,5,234,0,1,0,0,0,0,0,0,0,0,0,0.0,0,,0,0,,0,0,0,0,0,0,0,0,0.0,0,0,0,0,0,64.0,64007.0,0,0,0,54,eth:ethertype:ip:tcp,,,,,,,,,,,0.0,Normal,0.0
1744308386044673,10.42.0.1,10.42.0.139,1883,50160,5,234,0,1,1,0,0,0,0,0,0,0,0,0.0,0,,0,0,,0,0,0,0,0,0,0,0,0.0,0,0,0,0,0,64.0,64007.0,0,0,0,54,eth:ethertype:ip:tcp,,,,,,,,,,,0.0,Normal,0.0
1744308400983341,10.42.0.1,10.42.0.2,1883,50160,0,1,1,1,0,0,0,0,0,0,0,0,0,0.0,0,,0,0,,0,0,0,0,0,0,0,0,0.0,0,0,0,0,0,64.0,64240.0,0,0,0,58,eth:ethertype:ip:tcp,,,,,,,,,,,0.0,Normal,0.0
1744308400991096,10.42.0.1,10.42.0.2,1883,50160,1,4,0,1,0,0,0,0,0,0,0,0,0,0.0,0,,0,0,,0,0,0,0,0,0,0,0,0.0,0,0,0,0,0,64.0,64237.0,0,0,0,54,eth:ethertype:ip:tcp,,,,,,,,,,,0.0,Normal,0.0
1744308400994482,10.42.0.1,10.42.0.2,1883,50160,1,35,0,1,0,0,0,0,0,0,0,0,0,0.0,0,,0,0,,0,0,0,0,0,0,0,0,0.0,0,0,0,0,0,64.0,64206.0,0,0,0,54,eth:ethertype:ip:tcp,,,,,,,,,,,0.0,Normal,0.0
1744308400997532,10.42.0.1,10.42.0.2,1883,50160,1,45,0,1,0,0,0,0,0,0,0,0,0,0.0,0,,0,0,,0,0,0,0,0,0,0,0,0.0,0,0,0,0,0,64.0,64196.0,0,0,0,54,eth:ethertype:ip:tcp,,,,,,,,,,,0.0,Normal,0.0
1744308400997866,10.42.0.1,10.42.0.2,1883,50160,1,45,0,1,0,0,1,0,4,0,0,0,0,0.0,0,,0,2,,0,0,0,0,2,0,0,0,0.0,0x00,0,0,0,0,64.0,64196.0,0,0,0,58,eth:ethertype:ip:tcp:mqtt,,,,,,,,,,,0.0,Normal,0.0
1744308401044635,10.42.0.1,10.42.0.2,1883,50160,5,234,0,1,0,0,0,0,0,0,0,0,0,0.0,0,,0,0,,0,0,0,0,0,0,0,0,0.0,0,0,0,0,0,64.0,64007.0,0,0,0,54,eth:ethertype:ip:tcp,,,,,,,,,,,0.0,Normal,0.0
1744308401044673,10.42.0.1,10.42.0.2,1883,50160,5,234,0,1,1,0,0,0,0,0,0,0,0,0.0,0,,0,0,,0,0,0,0,0,0,0,0,0.0,0,0,0,0,0,64.0,64007.0,0,0,0,54,eth:ethertype:ip:tcp,,,,,,,,,,,0.0,Normal,0.0
1744308416053326,10.42.0.1,10.42.0.139,1883,50161,0,1,1,1,0,0,0,0,0,0,0,0,0,0.0,0,,0,0,,0,0,0,0,0,0,0,0,0.0,0,0,0,0,0,64.0,64240.0,0,0,0,58,eth:ethertype:ip:tcp,,,,,,,,,,,0.0,Normal,0.0
1744308416059283,10.42.0.1,10.42.0.139,1883,50161,1,4,0,1,0,0,0,0,0,0,0,0,0,0.0,0,,0,0,,0,0,0,0,0,0,0,0,0.0,0,0,0,0,0,64.0,64237.0,0,0,0,54,eth:ethertype:ip:tcp,,,,,,,,,,,0.0,Normal,0.0
1744308416062752,10.42.0.1,10.42.0.139,1883,50161,1,33,0,1,0,0,0,0,0,0,0,0,0,0.0,0,,0,0,,0,0,0,0,0,0,0,0,0.0,0,0,0,0,0,64.0,64208.0,0,0,0,54,eth:ethertype:ip:tcp,,,,,,,,,,,0.0,Normal,0.0
1744308416065835,10.42.0.1,10.42.0.139,1883,50161,1,45,0,1,0,0,0,0,0,0,0,0,0,0.0,0,,0,0,,0,0,0,0,0,0,0,0,0.0,0,0,0,0,0,64.0,64196.0,0,0,0,54,eth:ethertype:ip:tcp,,,,,,,,,,,0.0,Normal,0.0
1744308416066225,10.42.0.1,10.42.0.139,1883,50161,1,45,0,1,0,0,1,0,4,0,0,0,0,0.0,0,,0,2,,0,0,0,0,2,0,0,0,0.0,0x00,0,0,0,0,64.0,64196.0,0,0,0,58,eth:ethertype:ip:tcp:mqtt,,,,,,,,,,,0.0,Normal,0.0
1744308416115833,10.42.0.1,10.42.0.139,1883,50161,5,234,0,1,0,0,0,0,0,0,0,0,0,0.0,0,,0,0,,0,0,0,0,0,0,0,0,0.0,0,0,0,0,0,64.0,64007.0,0,0,0,54,eth:ethertype:ip:tcp,,,,,,,,,,,0.0,Normal,0.0
1744308416115874,10.42.0.1,10.42.0.139,1883,50161,5,234,0,1,1,0,0,0,0,0,0,0,0,0.0,0,,0,0,,0,0,0,0,0,0,0,0,0.0,0,0,0,0,0,64.0,64007.0,0,0,0,54,eth:ethertype:ip:tcp,,,,,,,,,,,0.0,Normal,0.0
1744308431053326,10.42.0.1,10.42.0.2,1883,50161,0,1,1,1,0,0,0,0,0,0,0,0,0,0.0,0,,0,0,,0,0,0,0,0,0,0,0,0.0,0,0,0,0,0,64.0,64240.0,0,0,0,58,eth:ethertype:ip:tcp,,,,,,,,,,,0.0,Normal,0.0
1744308431059283,10.42.0.1,10.42.0.2,1883,50161,1,4,0,1,0,0,0,0,0,0,0,0,0,0.0,0,,0,0,,0,0,0,0,0,0,0,0,0.0,0,0,0,0,0,64.0,64237.0,0,0,0,54,eth:ethertype:ip:tcp,,,,,,,,,,,0.0,Normal,0.0
1744308431062752,10.42.0.1,10.42.0.2,1883,50161,1,33,0,1,0,0,0,0,0,0,0,0,0,0.0,0,,0,0,,0,0,0,0,0,0,0,0,0.0,0,0,0,0,0,64.0,64208.0,0,0,0,54,eth:ethertype:ip:tcp,,,,,,,,,,,0.0,Normal,0.0
1744308431065835,10.42.0.1,10.42.0.2,1883,50161,1,45,0,1,0,0,0,0,0,0,0,0,0,0.0,0,,0,0,,0,0,0,0,0,0,0,0,0.0,0,0,0,0,0,64.0,64196.0,0,0,0,54,eth:ethertype:ip:tcp,,,,,,,,,,,0.0,Normal,0.0
1744308431066225,10.42.0.1,10.42.0.2,1883,50161,1,45,0,1,0,0,1,0,4,0,0,0,0,0.0,0,,0,2,,0,0,0,0,2,0,0,0,0.0,0x00,0,0,0,0,64.0,64196.0,0,0,0,58,eth:ethertype:ip:tcp:mqtt,,,,,,,,,,,0.0,Normal,0.0
1744308431115833,10.42.0.1,10.42.0.2,1883,50161,5,234,0,1,0,0,0,0,0,0,0,0,0,0.0,0,,0,0,,0,0,0,0,0,0,0,0,0.0,0,0,0,0,0,64.0,64007.0,0,0,0,54,eth:ethertype:ip:tcp,,,,,,,,,,,0.0,Normal,0.0
1744308431115874,10.42.0.1,10.42.0.2,1883,50161,5,234,0,1,1,0,0,0,0,0,0,0,0,0.0,0,,0,0,,0,0,0,0,0,0,0,0,0.0,0,0,0,0,0,64.0,64007.0,0,0,0,54,eth:ethertype:ip:tcp,,,,,,,,,,,0.0,Normal,0.0
1744308446123502,10.42.0.1,10.42.0.139,1883,50162,0,1,1,1,0,0,0,0,0,0,0,0,0,0.0,0,,0,0,,0,0,0,0,0,0,0,0,0.0,0,0,0,0,0,64.0,64240.0,0,0,0,58,eth:ethertype:ip:tcp,,,,,,,,,,,0.0,Normal,0.0
1744308446143954,10.42.0.1,10.42.0.139,1883,50162,1,4,0,1,0,0,0,0,0,0,0,0,0,0.0,0,,0,0,,0,0,0,0,0,0,0,0,0.0,0,0,0,0,0,64.0,64237.0,0,0,0,54,eth:ethertype:ip:tcp,,,,,,,,,,,0.0,Normal,0.0
1744308446147419,10.42.0.1,10.42.0.139,1883,50162,1,33,0,1,0,0,0,0,0,0,0,0,0,0.0,0,,0,0,,0,0,0,0,0,0,0,0,0.0,0,0,0,0,0,64.0,64208.0,0,0,0,54,eth:ethertype:ip:tcp,,,,,,,,,,,0.0,Normal,0.0
1744308446150508,10.42.0.1,10.42.0.139,1883,50162,1,45,0,1,0,0,0,0,0,0,0,0,0,0.0,0,,0,0,,0,0,0,0,0,0,0,0,0.0,0,0,0,0,0,64.0,64196.0,0,0,0,54,eth:ethertype:ip:tcp,,,,,,,,,,,0.0,Normal,0.0
1744308446150837,10.42.0.1,10.42.0.139,1883,50162,1,45,0,1,0,0,1,0,4,0,0,0,0,0.0,0,,0,2,,0,0,0,0,2,0,0,0,0.0,0x00,0,0,0,0,64.0,64196.0,0,0,0,58,eth:ethertype:ip:tcp:mqtt,,,,,,,,,,,0.0,Normal,0.0
1744308446220532,10.42.0.1,10.42.0.139,1883,50162,5,234,0,1,0,0,0,0,0,0,0,0,0,0.0,0,,0,0,,0,0,0,0,0,0,0,0,0.0,0,0,0,0,0,64.0,64007.0,0,0,0,54,eth:ethertype:ip:tcp,,,,,,,,,,,0.0,Normal,0.0
1744308446220877,10.42.0.1,10.42.0.139,1883,50162,5,234,0,1,1,0,0,0,0,0,0,0,0,0.0,0,,0,0,,0,0,0,0,0,0,0,0,0.0,0,0,0,0,0,64.0,64007.0,0,0,0,54,eth:ethertype:ip:tcp,,,,,,,,,,,0.0,Normal,0.0
1744308461123502,10.42.0.1,10.42.0.2,1883,50162,0,1,1,1,0,0,0,0,0,0,0,0,0,0.0,0,,0,0,,0,0,0,0,0,0,0,0,0.0,0,0,0,0,0,64.0,64240.0,0,0,0,58,eth:ethertype:ip:tcp,,,,,,,,,,,0.0,Normal,0.0
1744308461143954,10.42.0.1,10.42.0.2,1883,50162,1,4,0,1,0,0,0,0,0,0,0,0,0,0.0,0,,0,0,,0,0,0,0,0,0,0,0,0.0,0,0,0,0,0,64.0,64237.0,0,0,0,54,eth:ethertype:ip:tcp,,,,,,,,,,,0.0,Normal,0.0
1744308461147419,10.42.0.1,10.42.0.2,1883,50162,1,33,0,1,0,0,0,0,0,0,0,0,0,0.0,0,,0,0,,0,0,0,0,0,0,0,0,0.0,0,0,0,0,0,64.0,64208.0,0,0,0,54,eth:ethertype:ip:tcp,,,,,,,,,,,0.0,Normal,0.0
1744308461150508,10.42.0.1,10.42.0.2,1883,50162,1,45,0,1,0,0,0,0,0,0,0,0,0,0.0,0,,0,0,,0,0,0,0,0,0,0,0,0.0,0,0,0,0,0,64.0,64196.0,0,0,0,54,eth:ethertype:ip:tcp,,,,,,,,,,,0.0,Normal,0.0
1744308461150837,10.42.0.1,10.42.0.2,1883,50162,1,45,0,1,0,0,1,0,4,0,0,0,0,0.0,0,,0,2,,0,0,0,0,2,0,0,0,0.0,0x00,0,0,0,0,64.0,64196.0,0,0,0,58,eth:ethertype:ip:tcp:mqtt,,,,,,,,,,,0.0,Normal,0.0
1744308461220532,10.42.0.1,10.42.0.2,1883,50162,5,234,0,1,0,0,0,0,0,0,0,0,0,0.0,0,,0,0,,0,0,0,0,0,0,0,0,0.0,0,0,0,0,0,64.0,64007.0,0,0,0,54,eth:ethertype:ip:tcp,,,,,,,,,,,0.0,Normal,0.0
1744308461220877,10.42.0.1,10.42.0.2,1883,50162,5,234,0,1,1,0,0,0,0,0,0,0,0,0.0,0,,0,0,,0,0,0,0,0,0,0,0,0.0,0,0,0,0,0,64.0,64007.0,0,0,0,54,eth:ethertype:ip:tcp,,,,,,,,,,,0.0,Normal,0.0
1744308476212276,10.42.0.1,10.42.0.139,1883,50163,0,1,1,1,0,0,0,0,0,0,0,0,0,0.0,0,,0,0,,0,0,0,0,0,0,0,0,0.0,0,0,0,0,0,64.0,64240.0,0,0,0,58,eth:ethertype:ip:tcp,,,,,,,,,,,0.0,Normal,0.0
1744308476218417,10.42.0.1,10.42.0.139,1883,50163,1,4,0,1,0,0,0,0,0,0,0,0,0,0.0,0,,0,0,,0,0,0,0,0,0,0,0,0.0,0,0,0,0,0,64.0,64237.0,0,0,0,54,eth:ethertype:ip:tcp,,,,,,,,,,,0.0,Normal,0.0
1744308476221825,10.42.0.1,10.42.0.139,1883,50163,1,33,0,1,0,0,0,0,0,0,0,0,0,0.0,0,,0,0,,0,0,0,0,0,0,0,0,0.0,0,0,0,0,0,64.0,64208.0,0,0,0,54,eth:ethertype:ip:tcp,,,,,,,,,,,0.0,Normal,0.0
1744308476224872,10.42.0.1,10.42.0.139,1883,50163,1,45,0,1,0,0,0,0,0,0,0,0,0,0.0,0,,0,0,,0,0,0,0,0,0,0,0,0.0,0,0,0,0,0,64.0,64196.0,0,0,0,54,eth:ethertype:ip:tcp,,,,,,,,,,,0.0,Normal,0.0
1744308476225263,10.42.0.1,10.42.0.139,1883,50163,1,45,0,1,0,0,1,0,4,0,0,0,0,0.0,0,,0,2,,0,0,0,0,2,0,0,0,0.0,0x00,0,0,0,0,64.0,64196.0,0,0,0,58,eth:ethertype:ip:tcp:mqtt,,,,,,,,,,,0.0,Normal,0.0
1744308476281645,10.42.0.1,10.42.0.139,1883,50163,5,234,0,1,0,0,0,0,0,0,0,0,0,0.0,0,,0,0,,0,0,0,0,0,0,0,0,0.0,0,0,0,0,0,64.0,64007.0,0,0,0,54,eth:ethertype:ip:tcp,,,,,,,,,,,0.0,Normal,0.0
1744308476281685,10.42.0.1,10.42.0.139,1883,50163,5,234,0,1,1,0,0,0,0,0,0,0,0,0.0,0,,0,0,,0,0,0,0,0,0,0,0,0.0,0,0,0,0,0,64.0,64007.0,0,0,0,54,eth:ethertype:ip:tcp,,,,,,,,,,,0.0,Normal,0.0
1744308491212276,10.42.0.1,10.42.0.2,1883,50163,0,1,1,1,0,0,0,0,0,0,0,0,0,0.0,0,,0,0,,0,0,0,0,0,0,0,0,0.0,0,0,0,0,0,64.0,64240.0,0,0,0,58,eth:ethertype:ip:tcp,,,,,,,,,,,0.0,Normal,0.0
1744308491218417,10.42.0.1,10.42.0.2,1883,50163,1,4,0,1,0,0,0,0,0,0,0,0,0,0.0,0,,0,0,,0,0,0,0,0,0,0,0,0.0,0,0,0,0,0,64.0,64237.0,0,0,0,54,eth:ethertype:ip:tcp,,,,,,,,,,,0.0,Normal,0.0
1744308491221825,10.42.0.1,10.42.0.2,1883,50163,1,33,0,1,0,0,0,0,0,0,0,0,0,0.0,0,,0,0,,0,0,0,0,0,0,0,0,0.0,0,0,0,0,0,64.0,64208.0,0,0,0,54,eth:ethertype:ip:tcp,,,,,,,,,,,0.0,Normal,0.0
1744308491224872,10.42.0.1,10.42.0.2,1883,50163,1,45,0,1,0,0,0,0,0,0,0,0,0,0.0,0,,0,0,,0,0,0,0,0,0,0,0,0.0,0,0,0,0,0,64.0,64196.0,0,0,0,54,eth:ethertype:ip:tcp,,,,,,,,,,,0.0,Normal,0.0
1744308491225263,10.42.0.1,10.42.0.2,1883,50163,1,45,0,1,0,0,1,0,4,0,0,0,0,0.0,0,,0,2,,0,0,0,0,2,0,0,0,0.0,0x00,0,0,0,0,64.0,64196.0,0,0,0,58,eth:ethertype:ip:tcp:mqtt,,,,,,,,,,,0.0,Normal,0.0
1744308491281645,10.42.0.1,10.42.0.2,1883,50163,5,234,0,1,0,0,0,0,0,0,0,0,0,0.0,0,,0,0,,0,0,0,0,0,0,0,0,0.0,0,0,0,0,0,64.0,64007.0,0,0,0,54,eth:ethertype:ip:tcp,,,,,,,,,,,0.0,Normal,0.0
1744308491281685,10.42.0.1,10.42.0.2,1883,50163,5,234,0,1,1,0,0,0,0,0,0,0,0,0.0,0,,0,0,,0,0,0,0,0,0,0,0,0.0,0,0,0,0,0,64.0,64007.0,0,0,0,54,eth:ethertype:ip:tcp,,,,,,,,,,,0.0,Normal,0.0
1744308506289068,10.42.0.1,10.42.0.139,1883,50164,0,1,1,1,0,0,0,0,0,0,0,0,0,0.0,0,,0,0,,0,0,0,0,0,0,0,0,0.0,0,0,0,0,0,64.0,64240.0,0,0,0,58,eth:ethertype:ip:tcp,,,,,,,,,,,0.0,Normal,0.0
1744308506295026,10.42.0.1,10.42.0.139,1883,50164,1,4,0,1,0,0,0,0,0,0,0,0,0,0.0,0,,0,0,,0,0,0,0,0,0,0,0,0.0,0,0,0,0,0,64.0,64237.0,0,0,0,54,eth:ethertype:ip:tcp,,,,,,,,,,,0.0,Normal,0.0
1744308506298437,10.42.0.1,10.42.0.139,1883,50164,1,33,0,1,0,0,0,0,0,0,0,0,0,0.0,0,,0,0,,0,0,0,0,0,0,0,0,0.0,0,0,0,0,0,64.0,64208.0,0,0,0,54,eth:ethertype:ip:tcp,,,,,,,,,,,0.0,Normal,0.0
1744308506303017,10.42.0.1,10.42.0.139,1883,50164,1,45,0,1,0,0,0,0,0,0,0,0,0,0.0,0,,0,0,,0,0,0,0,0,0,0,0,0.0,0,0,0,0,0,64.0,64196.0,0,0,0,54,eth:ethertype:ip:tcp,,,,,,,,,,,0.0,Normal,0.0
1744308506303372,10.42.0.1,10.42.0.139,1883,50164,1,45,0,1,0,0,1,0,4,0,0,0,0,0.0,0,,0,2,,0,0,0,0,2,0,0,0,0.0,0x00,0,0,0,0,64.0,64196.0,0,0,0,58,eth:ethertype:ip:tcp:mqtt,,,,,,,,,,,0.0,Normal,0.0
1744308506353599,10.42.0.1,10.42.0.139,1883,50164,5,234,0,1,0,0,0,0,0,0,0,0,0,0.0,0,,0,0,,0,0,0,0,0,0,0,0,0.0,0,0,0,0,0,64.0,64007.0,0,0,0,54,eth:ethertype:ip:tcp,,,,,,,,,,,0.0,Normal,0.0
1744308506353637,10.42.0.1,10.42.0.139,1883,50164,5,234,0,1,1,0,0,0,0,0,0,0,0,0.0,0,,0,0,,0,0,0,0,0,0,0,0,0.0,0,0,0,0,0,64.0,64007.0,0,0,0,54,eth:ethertype:ip:tcp,,,,,,,,,,,0.0,Normal,0.0
1744308521289068,10.42.0.1,10.42.0.2,1883,50164,0,1,1,1,0,0,0,0,0,0,0,0,0,0.0,0,,0,0,,0,0,0,0,0,0,0,0,0.0,0,0,0,0,0,64.0,64240.0,0,0,0,58,eth:ethertype:ip:tcp,,,,,,,,,,,0.0,Normal,0.0
1744308521295026,10.42.0.1,10.42.0.2,1883,50164,1,4,0,1,0,0,0,0,0,0,0,0,0,0.0,0,,0,0,,0,0,0,0,0,0,0,0,0.0,0,0,0,0,0,64.0,64237.0,0,0,0,54,eth:ethertype:ip:tcp,,,,,,,,,,,0.0,Normal,0.0
1744308521298437,10.42.0.1,10.42.0.2,1883,50164,1,33,0,1,0,0,0,0,0,0,0,0,0,0.0,0,,0,0,,0,0,0,0,0,0,0,0,0.0,0,0,0,0,0,64.0,64208.0,0,0,0,54,eth:ethertype:ip:tcp,,,,,,,,,,,0.0,Normal,0.0
1744308521303017,10.42.0.1,10.42.0.2,1883,50164,1,45,0,1,0,0,0,0,0,0,0,0,0,0.0,0,,0,0,,0,0,0,0,0,0,0,0,0.0,0,0,0,0,0,64.0,64196.0,0,0,0,54,eth:ethertype:ip:tcp,,,,,,,,,,,0.0,Normal,0.0
1744308521303372,10.42.0.1,10.42.0.2,1883,50164,1,45,0,1,0,0,1,0,4,0,0,0,0,0.0,0,,0,2,,0,0,0,0,2,0,0,0,0.0,0x00,0,0,0,0,64.0,64196.0,0,0,0,58,eth:ethertype:ip:tcp:mqtt,,,,,,,,,,,0.0,Normal,0.0
1744308521353599,10.42.0.1,10.42.0.2,1883,50164,5,234,0,1,0,0,0,0,0,0,0,0,0,0.0,0,,0,0,,0,0,0,0,0,0,0,0,0.0,0,0,0,0,0,64.0,64007.0,0,0,0,54,eth:ethertype:ip:tcp,,,,,,,,,,,0.0,Normal,0.0
1744308521353637,10.42.0.1,10.42.0.2,1883,50164,5,234,0,1,1,0,0,0,0,0,0,0,0,0.0,0,,0,0,,0,0,0,0,0,0,0,0,0.0,0,0,0,0,0,64.0,64007.0,0,0,0,54,eth:ethertype:ip:tcp,,,,,,,,,,,0.0,Normal,0.0
1744308536360766,10.42.0.1,10.42.0.139,1883,50165,0,1,1,1,0,0,0,0,0,0,0,0,0,0.0,0,,0,0,,0,0,0,0,0,0,0,0,0.0,0,0,0,0,0,64.0,64240.0,0,0,0,58,eth:ethertype:ip:tcp,,,,,,,,,,,0.0,Normal,0.0
1744308536386242,10.42.0.1,10.42.0.139,1883,50165,1,4,0,1,0,0,0,0,0,0,0,0,0,0.0,0,,0,0,,0,0,0,0,0,0,0,0,0.0,0,0,0,0,0,64.0,64237.0,0,0,0,54,eth:ethertype:ip:tcp,,,,,,,,,,,0.0,Normal,0.0
1744308536389013,10.42.0.1,10.42.0.139,1883,50165,1,45,0,1,0,0,0,0,0,0,0,0,0,0.0,0,,0,0,,0,0,0,0,0,0,0,0,0.0,0,0,0,0,0,64.0,64196.0,0,0,0,54,eth:ethertype:ip:tcp,,,,,,,,,,,0.0,Normal,0.0
1744308536389378,10.42.0.1,10.42.0.139,1883,50165,1,45,0,1,0,0,1,0,4,0,0,0,0,0.0,0,,0,2,,0,0,0,0,2,0,0,0,0.0,0x00,0,0,0,0,64.0,64196.0,0,0,0,58,eth:ethertype:ip:tcp:mqtt,,,,,,,,,,,0.0,Normal,0.0
1744308536443464,10.42.0.1,10.42.0.139,1883,50165,5,234,0,1,0,0,0,0,0,0,0,0,0,0.0,0,,0,0,,0,0,0,0,0,0,0,0,0.0,0,0,0,0,0,64.0,64007.0,0,0,0,54,eth:ethertype:ip:tcp,,,,,,,,,,,0.0,Normal,0.0
1744308536443502,10.42.0.1,10.42.0.139,1883,50165,5,234,0,1,1,0,0,0,0,0,0,0,0,0.0,0,,0,0,,0,0,0,0,0,0,0,0,0.0,0,0,0,0,0,64.0,64007.0,0,0,0,54,eth:ethertype:ip:tcp,,,,,,,,,,,0.0,Normal,0.0
1744308551360766,10.42.0.1,10.42.0.2,1883,50165,0,1,1,1,0,0,0,0,0,0,0,0,0,0.0,0,,0,0,,0,0,0,0,0,0,0,0,0.0,0,0,0,0,0,64.0,64240.0,0,0,0,58,eth:ethertype:ip:tcp,,,,,,,,,,,0.0,Normal,0.0
1744308551386242,10.42.0.1,10.42.0.2,1883,50165,1,4,0,1,0,0,0,0,0,0,0,0,0,0.0,0,,0,0,,0,0,0,0,0,0,0,0,0.0,0,0,0,0,0,64.0,64237.0,0,0,0,54,eth:ethertype:ip:tcp,,,,,,,,,,,0.0,Normal,0.0
1744308551389013,10.42.0.1,10.42.0.2,1883,50165,1,45,0,1,0,0,0,0,0,0,0,0,0,0.0,0,,0,0,,0,0,0,0,0,0,0,0,0.0,0,0,0,0,0,64.0,64196.0,0,0,0,54,eth:ethertype:ip:tcp,,,,,,,,,,,0.0,Normal,0.0
1744308551389378,10.42.0.1,10.42.0.2,1883,50165,1,45,0,1,0,0,1,0,4,0,0,0,0,0.0,0,,0,2,,0,0,0,0,2,0,0,0,0.0,0x00,0,0,0,0,64.0,64196.0,0,0,0,58,eth:ethertype:ip:tcp:mqtt,,,,,,,,,,,0.0,Normal,0.0
1744308551443464,10.42.0.1,10.42.0.2,1883,50165,5,234,0,1,0,0,0,0,0,0,0,0,0,0.0,0,,0,0,,0,0,0,0,0,0,0,0,0.0,0,0,0,0,0,64.0,64007.0,0,0,0,54,eth:ethertype:ip:tcp,,,,,,,,,,,0.0,Normal,0.0
1744308551443502,10.42.0.1,10.42.0.2,1883,50165,5,234,0,1,1,0,0,0,0,0,0,0,0,0.0,0,,0,0,,0,0,0,0,0,0,0,0,0.0,0,0,0,0,0,64.0,64007.0,0,0,0,54,eth:ethertype:ip:tcp,,,,,,,,,,,0.0,Normal,0.0
1744308566450471,10.42.0.1,10.42.0.139,1883,50166,0,1,1,1,0,0,0,0,0,0,0,0,0,0.0,0,,0,0,,0,0,0,0,0,0,0,0,0.0,0,0,0,0,0,64.0,64240.0,0,0,0,58,eth:ethertype:ip:tcp,,,,,,,,,,,0.0,Normal,0.0
1744308566461632,10.42.0.1,10.42.0.139,1883,50166,1,4,0,1,0,0,0,0,0,0,0,0,0,0.0,0,,0,0,,0,0,0,0,0,0,0,0,0.0,0,0,0,0,0,64.0,64237.0,0,0,0,54,eth:ethertype:ip:tcp,,,,,,,,,,,0.0,Normal,0.0
1744308566464421,10.42.0.1,10.42.0.139,1883,50166,1,45,0,1,0,0,0,0,0,0,0,0,0,0.0,0,,0,0,,0,0,0,0,0,0,0,0,0.0,0,0,0,0,0,64.0,64196.0,0,0,0,54,eth:ethertype:ip:tcp,,,,,,,,,,,0.0,Normal,0.0
1744308566464791,10.42.0.1,10.42.0.139,1883,50166,1,45,0,1,0,0,1,0,4,0,0,0,0,0.0,0,,0,2,,0,0,0,0,2,0,0,0,0.0,0x00,0,0,0,0,64.0,64196.0,0,0,0,58,eth:ethertype:ip:tcp:mqtt,,,,,,,,,,,0.0,Normal,0.0
1744308566524432,10.42.0.1,10.42.0.139,1883,50166,5,234,0,1,0,0,0,0,0,0,0,0,0,0.0,0,,0,0,,0,0,0,0,0,0,0,0,0.0,0,0,0,0,0,64.0,64007.0,0,0,0,54,eth:ethertype:ip:tcp,,,,,,,,,,,0.0,Normal,0.0
1744308566524477,10.42.0.1,10.42.0.139,1883,50166,5,234,0,1,1,0,0,0,0,0,0,0,0,0.0,0,,0,0,,0,0,0,0,0,0,0,0,0.0,0,0,0,0,0,64.0,64007.0,0,0,0,54,eth:ethertype:ip:tcp,,,,,,,,,,,0.0,Normal,0.0
1744308581450471,10.42.0.1,10.42.0.2,1883,50166,0,1,1,1,0,0,0,0,0,0,0,0,0,0.0,0,,0,0,,0,0,0,0,0,0,0,0,0.0,0,0,0,0,0,64.0,64240.0,0,0,0,58,eth:ethertype:ip:tcp,,,,,,,,,,,0.0,Normal,0.0
1744308581461632,10.42.0.1,10.42.0.2,1883,50166,1,4,0,1,0,0,0,0,0,0,0,0,0,0.0,0,,0,0,,0,0,0,0,0,0,0,0,0.0,0,0,0,0,0,64.0,64237.0,0,0,0,54,eth:ethertype:ip:tcp,,,,,,,,,,,0.0,Normal,0.0
1744308581464421,10.42.0.1,10.42.0.2,1883,50166,1,45,0,1,0,0,0,0,0,0,0,0,0,0.0,0,,0,0,,0,0,0,0,0,0,0,0,0.0,0,0,0,0,0,64.0,64196.0,0,0,0,54,eth:ethertype:ip:tcp,,,,,,,,,,,0.0,Normal,0.0
1744308581464791,10.42.0.1,10.42.0.2,1883,50166,1,45,0,1,0,0,1,0,4,0,0,0,0,0.0,0,,0,2,,0,0,0,0,2,0,0,0,0.0,0x00,0,0,0,0,64.0,64196.0,0,0,0,58,eth:ethertype:ip:tcp:mqtt,,,,,,,,,,,0.0,Normal,0.0
1744308581524432,10.42.0.1,10.42.0.2,1883,50166,5,234,0,1,0,0,0,0,0,0,0,0,0,0.0,0,,0,0,,0,0,0,0,0,0,0,0,0.0,0,0,0,0,0,64.0,64007.0,0,0,0,54,eth:ethertype:ip:tcp,,,,,,,,,,,0.0,Normal,0.0
1744308581524477,10.42.0.1,10.42.0.2,1883,50166,5,234,0,1,1,0,0,0,0,0,0,0,0,0.0,0,,0,0,,0,0,0,0,0,0,0,0,0.0,0,0,0,0,0,64.0,64007.0,0,0,0,54,eth:ethertype:ip:tcp,,,,,,,,,,,0.0,Normal,0.0
1744308596518885,10.42.0.1,10.42.0.139,1883,50167,0,1,1,1,0,0,0,0,0,0,0,0,0,0.0,0,,0,0,,0,0,0,0,0,0,0,0,0.0,0,0,0,0,0,64.0,64240.0,0,0,0,58,eth:ethertype:ip:tcp,,,,,,,,,,,0.0,Normal,0.0
1744308596525817,10.42.0.1,10.42.0.139,1883,50167,1,4,0,1,0,0,0,0,0,0,0,0,0,0.0,0,,0,0,,0,0,0,0,0,0,0,0,0.0,0,0,0,0,0,64.0,64237.0,0,0,0,54,eth:ethertype:ip:tcp,,,,,,,,,,,0.0,Normal,0.0
1744308596529264,10.42.0.1,10.42.0.139,1883,50167,1,33,0,1,0,0,0,0,0,0,0,0,0,0.0,0,,0,0,,0,0,0,0,0,0,0,0,0.0,0,0,0,0,0,64.0,64208.0,0,0,0,54,eth:ethertype:ip:tcp,,,,,,,,,,,0.0,Normal,0.0
1744308596532296,10.42.0.1,10.42.0.139,1883,50167,1,45,0,1,0,0,0,0,0,0,0,0,0,0.0,0,,0,0,,0,0,0,0,0,0,0,0,0.0,0,0,0,0,0,64.0,64196.0,0,0,0,54,eth:ethertype:ip:tcp,,,,,,,,,,,0.0,Normal,0.0
1744308596532638,10.42.0.1,10.42.0.139,1883,50167,1,45,0,1,0,0,1,0,4,0,0,0,0,0.0,0,,0,2,,0,0,0,0,2,0,0,0,0.0,0x00,0,0,0,0,64.0,64196.0,0,0,0,58,eth:ethertype:ip:tcp:mqtt,,,,,,,,,,,0.0,Normal,0.0
1744308596580368,10.42.0.1,10.42.0.139,1883,50167,5,234,0,1,0,0,0,0,0,0,0,0,0,0.0,0,,0,0,,0,0,0,0,0,0,0,0,0.0,0,0,0,0,0,64.0,64007.0,0,0,0,54,eth:ethertype:ip:tcp,,,,,,,,,,,0.0,Normal,0.0
1744308596580488,10.42.0.1,10.42.0.139,1883,50167,5,234,0,1,1,0,0,0,0,0,0,0,0,0.0,0,,0,0,,0,0,0,0,0,0,0,0,0.0,0,0,0,0,0,64.0,64007.0,0,0,0,54,eth:ethertype:ip:tcp,,,,,,,,,,,0.0,Normal,0.0
1744308611518885,10.42.0.1,10.42.0.2,1883,50167,0,1,1,1,0,0,0,0,0,0,0,0,0,0.0,0,,0,0,,0,0,0,0,0,0,0,0,0.0,0,0,0,0,0,64.0,64240.0,0,0,0,58,eth:ethertype:ip:tcp,,,,,,,,,,,0.0,Normal,0.0
1744308611525817,10.42.0.1,10.42.0.2,1883,50167,1,4,0,1,0,0,0,0,0,0,0,0,0,0.0,0,,0,0,,0,0,0,0,0,0,0,0,0.0,0,0,0,0,0,64.0,64237.0,0,0,0,54,eth:ethertype:ip:tcp,,,,,,,,,,,0.0,Normal,0.0
1744308611529264,10.42.0.1,10.42.0.2,1883,50167,1,33,0,1,0,0,0,0,0,0,0,0,0,0.0,0,,0,0,,0,0,0,0,0,0,0,0,0.0,0,0,0,0,0,64.0,64208.0,0,0,0,54,eth:ethertype:ip:tcp,,,,,,,,,,,0.0,Normal,0.0
1744308611532296,10.42.0.1,10.42.0.2,1883,50167,1,45,0,1,0,0,0,0,0,0,0,0,0,0.0,0,,0,0,,0,0,0,0,0,0,0,0,0.0,0,0,0,0,0,64.0,64196.0,0,0,0,54,eth:ethertype:ip:tcp,,,,,,,,,,,0.0,Normal,0.0
1744308611532638,10.42.0.1,10.42.0.2,1883,50167,1,45,0,1,0,0,1,0,4,0,0,0,0,0.0,0,,0,2,,0,0,0,0,2,0,0,0,0.0,0x00,0,0,0,0,64.0,64196.0,0,0,0,58,eth:ethertype:ip:tcp:mqtt,,,,,,,,,,,0.0,Normal,0.0
1744308611580368,10.42.0.1,10.42.0.2,1883,50167,5,234,0,1,0,0,0,0,0,0,0,0,0,0.0,0,,0,0,,0,0,0,0,0,0,0,0,0.0,0,0,0,0,0,64.0,64007.0,0,0,0,54,eth:ethertype:ip:tcp,,,,,,,,,,,0.0,Normal,0.0
1744308611580488,10.42.0.1,10.42.0.2,1883,50167,5,234,0,1,1,0,0,0,0,0,0,0,0,0.0,0,,0,0,,0,0,0,0,0,0,0,0,0.0,0,0,0,0,0,64.0,64007.0,0,0,0,54,eth:ethertype:ip:tcp,,,,,,,,,,,0.0,Normal,0.0
1744308626588991,10.42.0.1,10.42.0.139,1883,50168,0,1,1,1,0,0,0,0,0,0,0,0,0,0.0,0,,0,0,,0,0,0,0,0,0,0,0,0.0,0,0,0,0,0,64.0,64240.0,0,0,0,58,eth:ethertype:ip:tcp,,,,,,,,,,,0.0,Normal,0.0
1744308626594992,10.42.0.1,10.42.0.139,1883,50168,1,4,0,1,0,0,0,0,0,0,0,0,0,0.0,0,,0,0,,0,0,0,0,0,0,0,0,0.0,0,0,0,0,0,64.0,64237.0,0,0,0,54,eth:ethertype:ip:tcp,,,,,,,,,,,0.0,Normal,0.0
1744308626598363,10.42.0.1,10.42.0.139,1883,50168,1,33,0,1,0,0,0,0,0,0,0,0,0,0.0,0,,0,0,,0,0,0,0,0,0,0,0,0.0,0,0,0,0,0,64.0,64208.0,0,0,0,54,eth:ethertype:ip:tcp,,,,,,,,,,,0.0,Normal,0.0
1744308626601585,10.42.0.1,10.42.0.139,1883,50168,1,45,0,1,0,0,0,0,0,0,0,0,0,0.0,0,,0,0,,0,0,0,0,0,0,0,0,0.0,0,0,0,0,0,64.0,64196.0,0,0,0,54,eth:ethertype:ip:tcp,,,,,,,,,,,0.0,Normal,0.0
1744308626601947,10.42.0.1,10.42.0.139,1883,50168,1,45,0,1,0,0,1,0,4,0,0,0,0,0.0,0,,0,2,,0,0,0,0,2,0,0,0,0.0,0x00,0,0,0,0,64.0,64196.0,0,0,0,58,eth:ethertype:ip:tcp:mqtt,,,,,,,,,,,0.0,Normal,0.0
1744308626649195,10.42.0.1,10.42.0.139,1883,50168,5,234,0,1,0,0,0,0,0,0,0,0,0,0.0,0,,0,0,,0,0,0,0,0,0,0,0,0.0,0,0,0,0,0,64.0,64007.0,0,0,0,54,eth:ethertype:ip:tcp,,,,,,,,,,,0.0,Normal,0.0
1744308626649254,10.42.0.1,10.42.0.139,1883,50168,5,234,0,1,1,0,0,0,0,0,0,0,0,0.0,0,,0,0,,0,0,0,0,0,0,0,0,0.0,0,0,0,0,0,64.0,64007.0,0,0,0,54,eth:ethertype:ip:tcp,,,,,,,,,,,0.0,Normal,0.0
1744308641588991,10.42.0.1,10.42.0.2,1883,50168,0,1,1,1,0,0,0,0,0,0,0,0,0,0.0,0,,0,0,,0,0,0,0,0,0,0,0,0.0,0,0,0,0,0,64.0,64240.0,0,0,0,58,eth:ethertype:ip:tcp,,,,,,,,,,,0.0,Normal,0.0
1744308641594992,10.42.0.1,10.42.0.2,1883,50168,1,4,0,1,0,0,0,0,0,0,0,0,0,0.0,0,,0,0,,0,0,0,0,0,0,0,0,0.0,0,0,0,0,0,64.0,64237.0,0,0,0,54,eth:ethertype:ip:tcp,,,,,,,,,,,0.0,Normal,0.0
1744308641598363,10.42.0.1,10.42.0.2,1883,50168,1,33,0,1,0,0,0,0,0,0,0,0,0,0.0,0,,0,0,,0,0,0,0,0,0,0,0,0.0,0,0,0,0,0,64.0,64208.0,0,0,0,54,eth:ethertype:ip:tcp,,,,,,,,,,,0.0,Normal,0.0
1744308641601585,10.42.0.1,10.42.0.2,1883,50168,1,45,0,1,0,0,0,0,0,0,0,0,0,0.0,0,,0,0,,0,0,0,0,0,0,0,0,0.0,0,0,0,0,0,64.0,64196.0,0,0,0,54,eth:ethertype:ip:tcp,,,,,,,,,,,0.0,Normal,0.0
1744308641601947,10.42.0.1,10.42.0.2,1883,50168,1,45,0,1,0,0,1,0,4,0,0,0,0,0.0,0,,0,2,,0,0,0,0,2,0,0,0,0.0,0x00,0,0,0,0,64.0,64196.0,0,0,0,58,eth:ethertype:ip:tcp:mqtt,,,,,,,,,,,0.0,Normal,0.0
1744308641649195,10.42.0.1,10.42.0.2,1883,50168,5,234,0,1,0,0,0,0,0,0,0,0,0,0.0,0,,0,0,,0,0,0,0,0,0,0,0,0.0,0,0,0,0,0,64.0,64007.0,0,0,0,54,eth:ethertype:ip:tcp,,,,,,,,,,,0.0,Normal,0.0
1744308641649254,10.42.0.1,10.42.0.2,1883,50168,5,234,0,1,1,0,0,0,0,0,0,0,0,0.0,0,,0,0,,0,0,0,0,0,0,0,0,0.0,0,0,0,0,0,64.0,64007.0,0,0,0,54,eth:ethertype:ip:tcp,,,,,,,,,,,0.0,Normal,0.0
1744308656658097,10.42.0.1,10.42.0.139,1883,50169,0,1,1,1,0,0,0,0,0,0,0,0,0,0.0,0,,0,0,,0,0,0,0,0,0,0,0,0.0,0,0,0,0,0,64.0,64240.0,0,0,0,58,eth:ethertype:ip:tcp,,,,,,,,,,,0.0,Normal,0.0
1744308656664195,10.42.0.1,10.42.0.139,1883,50169,1,4,0,1,0,0,0,0,0,0,0,0,0,0.0,0,,0,0,,0,0,0,0,0,0,0,0,0.0,0,0,0,0,0,64.0,64237.0,0,0,0,54,eth:ethertype:ip:tcp,,,,,,,,,,,0.0,Normal,0.0
1744308656667492,10.42.0.1,10.42.0.139,1883,50169,1,33,0,1,0,0,0,0,0,0,0,0,0,0.0,0,,0,0,,0,0,0,0,0,0,0,0,0.0,0,0,0,0,0,64.0,64208.0,0,0,0,54,eth:ethertype:ip:tcp,,,,,,,,,,,0.0,Normal,0.0
1744308656670708,10.42.0.1,10.42.0.139,1883,50169,1,45,0,1,0,0,0,0,0,0,0,0,0,0.0,0,,0,0,,0,0,0,0,0,0,0,0,0.0,0,0,0,0,0,64.0,64196.0,0,0,0,54,eth:ethertype:ip:tcp,,,,,,,,,,,0.0,Normal,0.0
1744308656671080,10.42.0.1,10.42.0.139,1883,50169,1,45,0,1,0,0,1,0,4,0,0,0,0,0.0,0,,0,2,,0,0,0,0,2,0,0,0,0.0,0x00,0,0,0,0,64.0,64196.0,0,0,0,58,eth:ethertype:ip:tcp:mqtt,,,,,,,,,,,0.0,Normal,0.0
1744308656718581,10.42.0.1,10.42.0.139,1883,50169,5,234,0,1,0,0,0,0,0,0,0,0,0,0.0,0,,0,0,,0,0,0,0,0,0,0,0,0.0,0,0,0,0,0,64.0,64007.0,0,0,0,54,eth:ethertype:ip:tcp,,,,,,,,,,,0.0,Normal,0.0
1744308656718647,10.42.0.1,10.42.0.139,1883,50169,5,234,0,1,1,0,0,0,0,0,0,0,0,0.0,0,,0,0,,0,0,0,0,0,0,0,0,0.0,0,0,0,0,0,64.0,64007.0,0,0,0,54,eth:ethertype:ip:tcp,,,,,,,,,,,0.0,Normal,0.0
1744308671658097,10.42.0.1,10.42.0.2,1883,50169,0,1,1,1,0,0,0,0,0,0,0,0,0,0.0,0,,0,0,,0,0,0,0,0,0,0,0,0.0,0,0,0,0,0,64.0,64240.0,0,0,0,58,eth:ethertype:ip:tcp,,,,,,,,,,,0.0,Normal,0.0
1744308671664195,10.42.0.1,10.42.0.2,1883,50169,1,4,0,1,0,0,0,0,0,0,0,0,0,0.0,0,,0,0,,0,0,0,0,0,0,0,0,0.0,0,0,0,0,0,64.0,64237.0,0,0,0,54,eth:ethertype:ip:tcp,,,,,,,,,,,0.0,Normal,0.0
1744308671667492,10.42.0.1,10.42.0.2,1883,50169,1,33,0,1,0,0,0,0,0,0,0,0,0,0.0,0,,0,0,,0,0,0,0,0,0,0,0,0.0,0,0,0,0,0,64.0,64208.0,0,0,0,54,eth:ethertype:ip:tcp,,,,,,,,,,,0.0,Normal,0.0
1744308671670708,10.42.0.1,10.42.0.2,1883,50169,1,45,0,1,0,0,0,0,0,0,0,0,0,0.0,0,,0,0,,0,0,0,0,0,0,0,0,0.0,0,0,0,0,0,64.0,64196.0,0,0,0,54,eth:ethertype:ip:tcp,,,,,,,,,,,0.0,Normal,0.0
1744308671671080,10.42.0.1,10.42.0.2,1883,50169,1,45,0,1,0,0,1,0,4,0,0,0,0,0.0,0,,0,2,,0,0,0,0,2,0,0,0,0.0,0x00,0,0,0,0,64.0,64196.0,0,0,0,58,eth:ethertype:ip:tcp:mqtt,,,,,,,,,,,0.0,Normal,0.0
1744308671718581,10.42.0.1,10.42.0.2,1883,50169,5,234,0,1,0,0,0,0,0,0,0,0,0,0.0,0,,0,0,,0,0,0,0,0,0,0,0,0.0,0,0,0,0,0,64.0,64007.0,0,0,0,54,eth:ethertype:ip:tcp,,,,,,,,,,,0.0,Normal,0.0
1744308671718647,10.42.0.1,10.42.0.2,1883,50169,5,234,0,1,1,0,0,0,0,0,0,0,0,0.0,0,,0,0,,0,0,0,0,0,0,0,0,0.0,0,0,0,0,0,64.0,64007.0,0,0,0,54,eth:ethertype:ip:tcp,,,,,,,,,,,0.0,Normal,0.0
1744308686726688,10.42.0.1,10.42.0.139,1883,50170,0,1,1,1,0,0,0,0,0,0,0,0,0,0.0,0,,0,0,,0,0,0,0,0,0,0,0,0.0,0,0,0,0,0,64.0,64240.0,0,0,0,58,eth:ethertype:ip:tcp,,,,,,,,,,,0.0,Normal,0.0
1744308686735790,10.42.0.1,10.42.0.139,1883,50170,1,4,0,1,0,0,0,0,0,0,0,0,0,0.0,0,,0,0,,0,0,0,0,0,0,0,0,0.0,0,0,0,0,0,64.0,64237.0,0,0,0,54,eth:ethertype:ip:tcp,,,,,,,,,,,0.0,Normal,0.0
1744308686739076,10.42.0.1,10.42.0.139,1883,50170,1,45,0,1,0,0,0,0,0,0,0,0,0,0.0,0,,0,0,,0,0,0,0,0,0,0,0,0.0,0,0,0,0,0,64.0,64196.0,0,0,0,54,eth:ethertype:ip:tcp,,,,,,,,,,,0.0,Normal,0.0
1744308686739384,10.42.0.1,10.42.0.139,1883,50170,1,45,0,1,0,0,1,0,4,0,0,0,0,0.0,0,,0,2,,0,0,0,0,2,0,0,0,0.0,0x00,0,0,0,0,64.0,64196.0,0,0,0,58,eth:ethertype:ip:tcp:mqtt,,,,,,,,,,,0.0,Normal,0.0
1744308686787696,10.42.0.1,10.42.0.139,1883,50170,5,234,0,1,0,0,0,0,0,0,0,0,0,0.0,0,,0,0,,0,0,0,0,0,0,0,0,0.0,0,0,0,0,0,64.0,64007.0,0,0,0,54,eth:ethertype:ip:tcp,,,,,,,,,,,0.0,Normal,0.0
1744308686787738,10.42.0.1,10.42.0.139,1883,50170,5,234,0,1,1,0,0,0,0,0,0,0,0,0.0,0,,0,0,,0,0,0,0,0,0,0,0,0.0,0,0,0,0,0,64.0,64007.0,0,0,0,54,eth:ethertype:ip:tcp,,,,,,,,,,,0.0,Normal,0.0
1744308701726688,10.42.0.1,10.42.0.2,1883,50170,0,1,1,1,0,0,0,0,0,0,0,0,0,0.0,0,,0,0,,0,0,0,0,0,0,0,0,0.0,0,0,0,0,0,64.0,64240.0,0,0,0,58,eth:ethertype:ip:tcp,,,,,,,,,,,0.0,Normal,0.0
1744308701735790,10.42.0.1,10.42.0.2,1883,50170,1,4,0,1,0,0,0,0,0,0,0,0,0,0.0,0,,0,0,,0,0,0,0,0,0,0,0,0.0,0,0,0,0,0,64.0,64237.0,0,0,0,54,eth:ethertype:ip:tcp,,,,,,,,,,,0.0,Normal,0.0
1744308701739076,10.42.0.1,10.42.0.2,1883,50170,1,45,0,1,0,0,0,0,0,0,0,0,0,0.0,0,,0,0,,0,0,0,0,0,0,0,0,0.0,0,0,0,0,0,64.0,64196.0,0,0,0,54,eth:ethertype:ip:tcp,,,,,,,,,,,0.0,Normal,0.0
1744308701739384,10.42.0.1,10.42.0.2,1883,50170,1,45,0,1,0,0,1,0,4,0,0,0,0,0.0,0,,0,2,,0,0,0,0,2,0,0,0,0.0,0x00,0,0,0,0,64.0,64196.0,0,0,0,58,eth:ethertype:ip:tcp:mqtt,,,,,,,,,,,0.0,Normal,0.0
1744308701787696,10.42.0.1,10.42.0.2,1883,50170,5,234,0,1,0,0,0,0,0,0,0,0,0,0.0,0,,0,0,,0,0,0,0,0,0,0,0,0.0,0,0,0,0,0,64.0,64007.0,0,0,0,54,eth:ethertype:ip:tcp,,,,,,,,,,,0.0,Normal,0.0
1744308701787738,10.42.0.1,10.42.0.2,1883,50170,5,234,0,1,1,0,0,0,0,0,0,0,0,0.0,0,,0,0,,0,0,0,0,0,0,0,0,0.0,0,0,0,0,0,64.0,64007.0,0,0,0,54,eth:ethertype:ip:tcp,,,,,,,,,,,0.0,Normal,0.0
1744308716797056,10.42.0.1,10.42.0.139,1883,50171,0,1,1,1,0,0,0,0,0,0,0,0,0,0.0,0,,0,0,,0,0,0,0,0,0,0,0,0.0,0,0,0,0,0,64.0,64240.0,0,0,0,58,eth:ethertype:ip:tcp,,,,,,,,,,,0.0,Normal,0.0
1744308716803117,10.42.0.1,10.42.0.139,1883,50171,1,4,0,1,0,0,0,0,0,0,0,0,0,0.0,0,,0,0,,0,0,0,0,0,0,0,0,0.0,0,0,0,0,0,64.0,64237.0,0,0,0,54,eth:ethertype:ip:tcp,,,,,,,,,,,0.0,Normal,0.0
1744308716806564,10.42.0.1,10.42.0.139,1883,50171,1,33,0,1,0,0,0,0,0,0,0,0,0,0.0,0,,0,0,,0,0,0,0,0,0,0,0,0.0,0,0,0,0,0,64.0,64208.0,0,0,0,54,eth:ethertype:ip:tcp,,,,,,,,,,,0.0,Normal,0.0
1744308716809584,10.42.0.1,10.42.0.139,1883,50171,1,45,0,1,0,0,0,0,0,0,0,0,0,0.0,0,,0,0,,0,0,0,0,0,0,0,0,0.0,0,0,0,0,0,64.0,64196.0,0,0,0,54,eth:ethertype:ip:tcp,,,,,,,,,,,0.0,Normal,0.0
1744308716809932,10.42.0.1,10.42.0.139,1883,50171,1,45,0,1,0,0,1,0,4,0,0,0,0,0.0,0,,0,2,,0,0,0,0,2,0,0,0,0.0,0x00,0,0,0,0,64.0,64196.0,0,0,0,58,eth:ethertype:ip:tcp:mqtt,,,,,,,,,,,0.0,Normal,0.0
1744308716857293,10.42.0.1,10.42.0.139,1883,50171,5,234,0,1,0,0,0,0,0,0,0,0,0,0.0,0,,0,0,,0,0,0,0,0,0,0,0,0.0,0,0,0,0,0,64.0,64007.0,0,0,0,54,eth:ethertype:ip:tcp,,,,,,,,,,,0.0,Normal,0.0
1744308716857332,10.42.0.1,10.42.0.139,1883,50171,5,234,0,1,1,0,0,0,0,0,0,0,0,0.0,0,,0,0,,0,0,0,0,0,0,0,0,0.0,0,0,0,0,0,64.0,64007.0,0,0,0,54,eth:ethertype:ip:tcp,,,,,,,,,,,0.0,Normal,0.0
1744308731797056,10.42.0.1,10.42.0.2,1883,50171,0,1,1,1,0,0,0,0,0,0,0,0,0,0.0,0,,0,0,,0,0,0,0,0,0,0,0,0.0,0,0,0,0,0,64.0,64240.0,0,0,0,58,eth:ethertype:ip:tcp,,,,,,,,,,,0.0,Normal,0.0
1744308731803117,10.42.0.1,10.42.0.2,1883,50171,1,4,0,1,0,0,0,0,0,0,0,0,0,0.0,0,,0,0,,0,0,0,0,0,0,0,0,0.0,0,0,0,0,0,64.0,64237.0,0,0,0,54,eth:ethertype:ip:tcp,,,,,,,,,,,0.0,Normal,0.0
1744308731806564,10.42.0.1,10.42.0.2,1883,50171,1,33,0,1,0,0,0,0,0,0,0,0,0,0.0,0,,0,0,,0,0,0,0,0,0,0,0,0.0,0,0,0,0,0,64.0,64208.0,0,0,0,54,eth:ethertype:ip:tcp,,,,,,,,,,,0.0,Normal,0.0
1744308731809584,10.42.0.1,10.42.0.2,1883,50171,1,45,0,1,0,0,0,0,0,0,0,0,0,0.0,0,,0,0,,0,0,0,0,0,0,0,0,0.0,0,0,0,0,0,64.0,64196.0,0,0,0,54,eth:ethertype:ip:tcp,,,,,,,,,,,0.0,Normal,0.0
1744308731809932,10.42.0.1,10.42.0.2,1883,50171,1,45,0,1,0,0,1,0,4,0,0,0,0,0.0,0,,0,2,,0,0,0,0,2,0,0,0,0.0,0x00,0,0,0,0,64.0,64196.0,0,0,0,58,eth:ethertype:ip:tcp:mqtt,,,,,,,,,,,0.0,Normal,0.0
1744308731857293,10.42.0.1,10.42.0.2,1883,50171,5,234,0,1,0,0,0,0,0,0,0,0,0,0.0,0,,0,0,,0,0,0,0,0,0,0,0,0.0,0,0,0,0,0,64.0,64007.0,0,0,0,54,eth:ethertype:ip:tcp,,,,,,,,,,,0.0,Normal,0.0
1744308731857332,10.42.0.1,10.42.0.2,1883,50171,5,234,0,1,1,0,0,0,0,0,0,0,0,0.0,0,,0,0,,0,0,0,0,0,0,0,0,0.0,0,0,0,0,0,64.0,64007.0,0,0,0,54,eth:ethertype:ip:tcp,,,,,,,,,,,0.0,Normal,0.0
1744308746866155,10.42.0.1,10.42.0.139,1883,50172,0,1,1,1,0,0,0,0,0,0,0,0,0,0.0,0,,0,0,,0,0,0,0,0,0,0,0,0.0,0,0,0,0,0,64.0,64240.0,0,0,0,58,eth:ethertype:ip:tcp,,,,,,,,,,,0.0,Normal,0.0
1744308746872136,10.42.0.1,10.42.0.139,1883,50172,1,4,0,1,0,0,0,0,0,0,0,0,0,0.0,0,,0,0,,0,0,0,0,0,0,0,0,0.0,0,0,0,0,0,64.0,64237.0,0,0,0,54,eth:ethertype:ip:tcp,,,,,,,,,,,0.0,Normal,0.0
1744308746877181,10.42.0.1,10.42.0.139,1883,50172,1,35,0,1,0,0,0,0,0,0,0,0,0,0.0,0,,0,0,,0,0,0,0,0,0,0,0,0.0,0,0,0,0,0,64.0,64206.0,0,0,0,54,eth:ethertype:ip:tcp,,,,,,,,,,,0.0,Normal,0.0
1744308746879906,10.42.0.1,10.42.0.139,1883,50172,1,45,0,1,0,0,0,0,0,0,0,0,0,0.0,0,,0,0,,0,0,0,0,0,0,0,0,0.0,0,0,0,0,0,64.0,64196.0,0,0,0,54,eth:ethertype:ip:tcp,,,,,,,,,,,0.0,Normal,0.0
1744308746880229,10.42.0.1,10.42.0.139,1883,50172,1,45,0,1,0,0,1,0,4,0,0,0,0,0.0,0,,0,2,,0,0,0,0,2,0,0,0,0.0,0x00,0,0,0,0,64.0,64196.0,0,0,0,58,eth:ethertype:ip:tcp:mqtt,,,,,,,,,,,0.0,Normal,0.0
1744308746926641,10.42.0.1,10.42.0.139,1883,50172,5,234,0,1,0,0,0,0,0,0,0,0,0,0.0,0,,0,0,,0,0,0,0,0,0,0,0,0.0,0,0,0,0,0,64.0,64007.0,0,0,0,54,eth:ethertype:ip:tcp,,,,,,,,,,,0.0,Normal,0.0
1744308746926680,10.42.0.1,10.42.0.139,1883,50172,5,234,0,1,1,0,0,0,0,0,0,0,0,0.0,0,,0,0,,0,0,0,0,0,0,0,0,0.0,0,0,0,0,0,64.0,64007.0,0,0,0,54,eth:ethertype:ip:tcp,,,,,,,,,,,0.0,Normal,0.0
1744308761866155,10.42.0.1,10.42.0.2,1883,50172,0,1,1,1,0,0,0,0,0,0,0,0,0,0.0,0,,0,0,,0,0,0,0,0,0,0,0,0.0,0,0,0,0,0,64.0,64240.0,0,0,0,58,eth:ethertype:ip:tcp,,,,,,,,,,,0.0,Normal,0.0
1744308761872136,10.42.0.1,10.42.0.2,1883,50172,1,4,0,1,0,0,0,0,0,0,0,0,0,0.0,0,,0,0,,0,0,0,0,0,0,0,0,0.0,0,0,0,0,0,64.0,64237.0,0,0,0,54,eth:ethertype:ip:tcp,,,,,,,,,,,0.0,Normal,0.0
1744308761877181,10.42.0.1,10.42.0.2,1883,50172,1,35,0,1,0,0,0,0,0,0,0,0,0,0.0,0,,0,0,,0,0,0,0,0,0,0,0,0.0,0,0,0,0,0,64.0,64206.0,0,0,0,54,eth:ethertype:ip:tcp,,,,,,,,,,,0.0,Normal,0.0
1744308761879906,10.42.0.1,10.42.0.2,1883,50172,1,45,0,1,0,0,0,0,0,0,0,0,0,0.0,0,,0,0,,0,0,0,0,0,0,0,0,0.0,0,0,0,0,0,64.0,64196.0,0,0,0,54,eth:ethertype:ip:tcp,,,,,,,,,,,0.0,Normal,0.0
1744308761880229,10.42.0.1,10.42.0.2,1883,50172,1,45,0,1,0,0,1,0,4,0,0,0,0,0.0,0,,0,2,,0,0,0,0,2,0,0,0,0.0,0x00,0,0,0,0,64.0,64196.0,0,0,0,58,eth:ethertype:ip:tcp:mqtt,,,,,,,,,,,0.0,Normal,0.0
1744308761926641,10.42.0.1,10.42.0.2,1883,50172,5,234,0,1,0,0,0,0,0,0,0,0,0,0.0,0,,0,0,,0,0,0,0,0,0,0,0,0.0,0,0,0,0,0,64.0,64007.0,0,0,0,54,eth:ethertype:ip:tcp,,,,,,,,,,,0.0,Normal,0.0
1744308761926680,10.42.0.1,10.42.0.2,1883,50172,5,234,0,1,1,0,0,0,0,0,0,0,0,0.0,0,,0,0,,0,0,0,0,0,0,0,0,0.0,0,0,0,0,0,64.0,64007.0,0,0,0,54,eth:ethertype:ip:tcp,,,,,,,,,,,0.0,Normal,0.0
1744308776935505,10.42.0.1,10.42.0.139,1883,50173,0,1,1,1,0,0,0,0,0,0,0,0,0,0.0,0,,0,0,,0,0,0,0,0,0,0,0,0.0,0,0,0,0,0,64.0,64240.0,0,0,0,58,eth:ethertype:ip:tcp,,,,,,,,,,,0.0,Normal,0.0
1744308776941545,10.42.0.1,10.42.0.139,1883,50173,1,4,0,1,0,0,0,0,0,0,0,0,0,0.0,0,,0,0,,0,0,0,0,0,0,0,0,0.0,0,0,0,0,0,64.0,64237.0,0,0,0,54,eth:ethertype:ip:tcp,,,,,,,,,,,0.0,Normal,0.0
1744308776946827,10.42.0.1,10.42.0.139,1883,50173,1,33,0,1,0,0,0,0,0,0,0,0,0,0.0,0,,0,0,,0,0,0,0,0,0,0,0,0.0,0,0,0,0,0,64.0,64208.0,0,0,0,54,eth:ethertype:ip:tcp,,,,,,,,,,,0.0,Normal,0.0
1744308776950836,10.42.0.1,10.42.0.139,1883,50173,1,45,0,1,0,0,0,0,0,0,0,0,0,0.0,0,,0,0,,0,0,0,0,0,0,0,0,0.0,0,0,0,0,0,64.0,64196.0,0,0,0,54,eth:ethertype:ip:tcp,,,,,,,,,,,0.0,Normal,0.0
1744308776951216,10.42.0.1,10.42.0.139,1883,50173,1,45,0,1,0,0,1,0,4,0,0,0,0,0.0,0,,0,2,,0,0,0,0,2,0,0,0,0.0,0x00,0,0,0,0,64.0,64196.0,0,0,0,58,eth:ethertype:ip:tcp:mqtt,,,,,,,,,,,0.0,Normal,0.0
1744308776995921,10.42.0.1,10.42.0.139,1883,50173,5,234,0,1,0,0,0,0,0,0,0,0,0,0.0,0,,0,0,,0,0,0,0,0,0,0,0,0.0,0,0,0,0,0,64.0,64007.0,0,0,0,54,eth:ethertype:ip:tcp,,,,,,,,,,,0.0,Normal,0.0
1744308776995976,10.42.0.1,10.42.0.139,1883,50173,5,234,0,1,1,0,0,0,0,0,0,0,0,0.0,0,,0,0,,0,0,0,0,0,0,0,0,0.0,0,0,0,0,0,64.0,64007.0,0,0,0,54,eth:ethertype:ip:tcp,,,,,,,,,,,0.0,Normal,0.0
1744308791935505,10.42.0.1,10.42.0.2,1883,50173,0,1,1,1,0,0,0,0,0,0,0,0,0,0.0,0,,0,0,,0,0,0,0,0,0,0,0,0.0,0,0,0,0,0,64.0,64240.0,0,0,0,58,eth:ethertype:ip:tcp,,,,,,,,,,,0.0,Normal,0.0
1744308791941545,10.42.0.1,10.42.0.2,1883,50173,1,4,0,1,0,0,0,0,0,0,0,0,0,0.0,0,,0,0,,0,0,0,0,0,0,0,0,0.0,0,0,0,0,0,64.0,64237.0,0,0,0,54,eth:ethertype:ip:tcp,,,,,,,,,,,0.0,Normal,0.0
1744308791946827,10.42.0.1,10.42.0.2,1883,50173,1,33,0,1,0,0,0,0,0,0,0,0,0,0.0,0,,0,0,,0,0,0,0,0,0,0,0,0.0,0,0,0,0,0,64.0,64208.0,0,0,0,54,eth:ethertype:ip:tcp,,,,,,,,,,,0.0,Normal,0.0
1744308791950836,10.42.0.1,10.42.0.2,1883,50173,1,45,0,1,0,0,0,0,0,0,0,0,0,0.0,0,,0,0,,0,0,0,0,0,0,0,0,0.0,0,0,0,0,0,64.0,64196.0,0,0,0,54,eth:ethertype:ip:tcp,,,,,,,,,,,0.0,Normal,0.0
1744308791951216,10.42.0.1,10.42.0.2,1883,50173,1,45,0,1,0,0,1,0,4,0,0,0,0,0.0,0,,0,2,,0,0,0,0,2,0,0,0,0.0,0x00,0,0,0,0,64.0,64196.0,0,0,0,58,eth:ethertype:ip:tcp:mqtt,,,,,,,,,,,0.0,Normal,0.0
1744308791995921,10.42.0.1,10.42.0.2,1883,50173,5,234,0,1,0,0,0,0,0,0,0,0,0,0.0,0,,0,0,,0,0,0,0,0,0,0,0,0.0,0,0,0,0,0,64.0,64007.0,0,0,0,54,eth:ethertype:ip:tcp,,,,,,,,,,,0.0,Normal,0.0
1744308791995976,10.42.0.1,10.42.0.2,1883,50173,5,234,0,1,1,0,0,0,0,0,0,0,0,0.0,0,,0,0,,0,0,0,0,0,0,0,0,0.0,0,0,0,0,0,64.0,64007.0,0,0,0,54,eth:ethertype:ip:tcp,,,,,,,,,,,0.0,Normal,0.0
1744308807013241,10.42.0.1,10.42.0.139,1883,50174,0,1,1,1,0,0,0,0,0,0,0,0,0,0.0,0,,0,0,,0,0,0,0,0,0,0,0,0.0,0,0,0,0,0,64.0,64240.0,0,0,0,58,eth:ethertype:ip:tcp,,,,,,,,,,,0.0,Normal,0.0
1744308807019423,10.42.0.1,10.42.0.139,1883,50174,1,4,0,1,0,0,0,0,0,0,0,0,0,0.0,0,,0,0,,0,0,0,0,0,0,0,0,0.0,0,0,0,0,0,64.0,64237.0,0,0,0,54,eth:ethertype:ip:tcp,,,,,,,,,,,0.0,Normal,0.0
1744308807022815,10.42.0.1,10.42.0.139,1883,50174,1,33,0,1,0,0,0,0,0,0,0,0,0,0.0,0,,0,0,,0,0,0,0,0,0,0,0,0.0,0,0,0,0,0,64.0,64208.0,0,0,0,54,eth:ethertype:ip:tcp,,,,,,,,,,,0.0,Normal,0.0
1744308807025924,10.42.0.1,10.42.0.139,1883,50174,1,45,0,1,0,0,0,0,0,0,0,0,0,0.0,0,,0,0,,0,0,0,0,0,0,0,0,0.0,0,0,0,0,0,64.0,64196.0,0,0,0,54,eth:ethertype:ip:tcp,,,,,,,,,,,0.0,Normal,0.0
1744308807026258,10.42.0.1,10.42.0.139,1883,50174,1,45,0,1,0,0,1,0,4,0,0,0,0,0.0,0,,0,2,,0,0,0,0,2,0,0,0,0.0,0x00,0,0,0,0,64.0,64196.0,0,0,0,58,eth:ethertype:ip:tcp:mqtt,,,,,,,,,,,0.0,Normal,0.0
1744308807075181,10.42.0.1,10.42.0.139,1883,50174,5,234,0,1,0,0,0,0,0,0,0,0,0,0.0,0,,0,0,,0,0,0,0,0,0,0,0,0.0,0,0,0,0,0,64.0,64007.0,0,0,0,54,eth:ethertype:ip:tcp,,,,,,,,,,,0.0,Normal,0.0
1744308807075242,10.42.0.1,10.42.0.139,1883,50174,5,234,0,1,1,0,0,0,0,0,0,0,0,0.0,0,,0,0,,0,0,0,0,0,0,0,0,0.0,0,0,0,0,0,64.0,64007.0,0,0,0,54,eth:ethertype:ip:tcp,,,,,,,,,,,0.0,Normal,0.0
1744308822013241,10.42.0.1,10.42.0.2,1883,50174,0,1,1,1,0,0,0,0,0,0,0,0,0,0.0,0,,0,0,,0,0,0,0,0,0,0,0,0.0,0,0,0,0,0,64.0,64240.0,0,0,0,58,eth:ethertype:ip:tcp,,,,,,,,,,,0.0,Normal,0.0
1744308822019423,10.42.0.1,10.42.0.2,1883,50174,1,4,0,1,0,0,0,0,0,0,0,0,0,0.0,0,,0,0,,0,0,0,0,0,0,0,0,0.0,0,0,0,0,0,64.0,64237.0,0,0,0,54,eth:ethertype:ip:tcp,,,,,,,,,,,0.0,Normal,0.0
1744308822022815,10.42.0.1,10.42.0.2,1883,50174,1,33,0,1,0,0,0,0,0,0,0,0,0,0.0,0,,0,0,,0,0,0,0,0,0,0,0,0.0,0,0,0,0,0,64.0,64208.0,0,0,0,54,eth:ethertype:ip:tcp,,,,,,,,,,,0.0,Normal,0.0
1744308822025924,10.42.0.1,10.42.0.2,1883,50174,1,45,0,1,0,0,0,0,0,0,0,0,0,0.0,0,,0,0,,0,0,0,0,0,0,0,0,0.0,0,0,0,0,0,64.0,64196.0,0,0,0,54,eth:ethertype:ip:tcp,,,,,,,,,,,0.0,Normal,0.0
1744308822026258,10.42.0.1,10.42.0.2,1883,50174,1,45,0,1,0,0,1,0,4,0,0,0,0,0.0,0,,0,2,,0,0,0,0,2,0,0,0,0.0,0x00,0,0,0,0,64.0,64196.0,0,0,0,58,eth:ethertype:ip:tcp:mqtt,,,,,,,,,,,0.0,Normal,0.0
1744308822075181,10.42.0.1,10.42.0.2,1883,50174,5,234,0,1,0,0,0,0,0,0,0,0,0,0.0,0,,0,0,,0,0,0,0,0,0,0,0,0.0,0,0,0,0,0,64.0,64007.0,0,0,0,54,eth:ethertype:ip:tcp,,,,,,,,,,,0.0,Normal,0.0
1744308822075242,10.42.0.1,10.42.0.2,1883,50174,5,234,0,1,1,0,0,0,0,0,0,0,0,0.0,0,,0,0,,0,0,0,0,0,0,0,0,0.0,0,0,0,0,0,64.0,64007.0,0,0,0,54,eth:ethertype:ip:tcp,,,,,,,,,,,0.0,Normal,0.0
1744308837084117,10.42.0.1,10.42.0.139,1883,50175,0,1,1,1,0,0,0,0,0,0,0,0,0,0.0,0,,0,0,,0,0,0,0,0,0,0,0,0.0,0,0,0,0,0,64.0,64240.0,0,0,0,58,eth:ethertype:ip:tcp,,,,,,,,,,,0.0,Normal,0.0
1744308837092354,10.42.0.1,10.42.0.139,1883,50175,1,4,0,1,0,0,0,0,0,0,0,0,0,0.0,0,,0,0,,0,0,0,0,0,0,0,0,0.0,0,0,0,0,0,64.0,64237.0,0,0,0,54,eth:ethertype:ip:tcp,,,,,,,,,,,0.0,Normal,0.0
1744308837095234,10.42.0.1,10.42.0.139,1883,50175,1,45,0,1,0,0,0,0,0,0,0,0,0,0.0,0,,0,0,,0,0,0,0,0,0,0,0,0.0,0,0,0,0,0,64.0,64196.0,0,0,0,54,eth:ethertype:ip:tcp,,,,,,,,,,,0.0,Normal,0.0
1744308837095541,10.42.0.1,10.42.0.139,1883,50175,1,45,0,1,0,0,1,0,4,0,0,0,0,0.0,0,,0,2,,0,0,0,0,2,0,0,0,0.0,0x00,0,0,0,0,64.0,64196.0,0,0,0,58,eth:ethertype:ip:tcp:mqtt,,,,,,,,,,,0.0,Normal,0.0
1744308837144486,10.42.0.1,10.42.0.139,1883,50175,5,234,0,1,0,0,0,0,0,0,0,0,0,0.0,0,,0,0,,0,0,0,0,0,0,0,0,0.0,0,0,0,0,0,64.0,64007.0,0,0,0,54,eth:ethertype:ip:tcp,,,,,,,,,,,0.0,Normal,0.0
1744308837144562,10.42.0.1,10.42.0.139,1883,50175,5,234,0,1,1,0,0,0,0,0,0,0,0,0.0,0,,0,0,,0,0,0,0,0,0,0,0,0.0,0,0,0,0,0,64.0,64007.0,0,0,0,54,eth:ethertype:ip:tcp,,,,,,,,,,,0.0,Normal,0.0
1744308852084117,10.42.0.1,10.42.0.2,1883,50175,0,1,1,1,0,0,0,0,0,0,0,0,0,0.0,0,,0,0,,0,0,0,0,0,0,0,0,0.0,0,0,0,0,0,64.0,64240.0,0,0,0,58,eth:ethertype:ip:tcp,,,,,,,,,,,0.0,Normal,0.0
1744308852092354,10.42.0.1,10.42.0.2,1883,50175,1,4,0,1,0,0,0,0,0,0,0,0,0,0.0,0,,0,0,,0,0,0,0,0,0,0,0,0.0,0,0,0,0,0,64.0,64237.0,0,0,0,54,eth:ethertype:ip:tcp,,,,,,,,,,,0.0,Normal,0.0
1744308852095234,10.42.0.1,10.42.0.2,1883,50175,1,45,0,1,0,0,0,0,0,0,0,0,0,0.0,0,,0,0,,0,0,0,0,0,0,0,0,0.0,0,0,0,0,0,64.0,64196.0,0,0,0,54,eth:ethertype:ip:tcp,,,,,,,,,,,0.0,Normal,0.0
1744308852095541,10.42.0.1,10.42.0.2,1883,50175,1,45,0,1,0,0,1,0,4,0,0,0,0,0.0,0,,0,2,,0,0,0,0,2,0,0,0,0.0,0x00,0,0,0,0,64.0,64196.0,0,0,0,58,eth:ethertype:ip:tcp:mqtt,,,,,,,,,,,0.0,Normal,0.0
1744308852144486,10.42.0.1,10.42.0.2,1883,50175,5,234,0,1,0,0,0,0,0,0,0,0,0,0.0,0,,0,0,,0,0,0,0,0,0,0,0,0.0,0,0,0,0,0,64.0,64007.0,0,0,0,54,eth:ethertype:ip:tcp,,,,,,,,,,,0.0,Normal,0.0
1744308852144562,10.42.0.1,10.42.0.2,1883,50175,5,234,0,1,1,0,0,0,0,0,0,0,0,0.0,0,,0,0,,0,0,0,0,0,0,0,0,0.0,0,0,0,0,0,64.0,64007.0,0,0,0,54,eth:ethertype:ip:tcp,,,,,,,,,,,0.0,Normal,0.0
1744308867152686,10.42.0.1,10.42.0.139,1883,50176,0,1,1,1,0,0,0,0,0,0,0,0,0,0.0,0,,0,0,,0,0,0,0,0,0,0,0,0.0,0,0,0,0,0,64.0,64240.0,0,0,0,58,eth:ethertype:ip:tcp,,,,,,,,,,,0.0,Normal,0.0
1744308867158530,10.42.0.1,10.42.0.139,1883,50176,1,4,0,1,0,0,0,0,0,0,0,0,0,0.0,0,,0,0,,0,0,0,0,0,0,0,0,0.0,0,0,0,0,0,64.0,64237.0,0,0,0,54,eth:ethertype:ip:tcp,,,,,,,,,,,0.0,Normal,0.0
1744308867165368,10.42.0.1,10.42.0.139,1883,50176,1,45,0,1,0,0,0,0,0,0,0,0,0,0.0,0,,0,0,,0,0,0,0,0,0,0,0,0.0,0,0,0,0,0,64.0,64196.0,0,0,0,54,eth:ethertype:ip:tcp,,,,,,,,,,,0.0,Normal,0.0
1744308867165718,10.42.0.1,10.42.0.139,1883,50176,1,45,0,1,0,0,1,0,4,0,0,0,0,0.0,0,,0,2,,0,0,0,0,2,0,0,0,0.0,0x00,0,0,0,0,64.0,64196.0,0,0,0,58,eth:ethertype:ip:tcp:mqtt,,,,,,,,,,,0.0,Normal,0.0
1744308867213920,10.42.0.1,10.42.0.139,1883,50176,5,234,0,1,0,0,0,0,0,0,0,0,0,0.0,0,,0,0,,0,0,0,0,0,0,0,0,0.0,0,0,0,0,0,64.0,64007.0,0,0,0,54,eth:ethertype:ip:tcp,,,,,,,,,,,0.0,Normal,0.0
1744308867213960,10.42.0.1,10.42.0.139,1883,50176,5,234,0,1,1,0,0,0,0,0,0,0,0,0.0,0,,0,0,,0,0,0,0,0,0,0,0,0.0,0,0,0,0,0,64.0,64007.0,0,0,0,54,eth:ethertype:ip:tcp,,,,,,,,,,,0.0,Normal,0.0
1744308882152686,10.42.0.1,10.42.0.2,1883,50176,0,1,1,1,0,0,0,0,0,0,0,0,0,0.0,0,,0,0,,0,0,0,0,0,0,0,0,0.0,0,0,0,0,0,64.0,64240.0,0,0,0,58,eth:ethertype:ip:tcp,,,,,,,,,,,0.0,Normal,0.0
1744308882158530,10.42.0.1,10.42.0.2,1883,50176,1,4,0,1,0,0,0,0,0,0,0,0,0,0.0,0,,0,0,,0,0,0,0,0,0,0,0,0.0,0,0,0,0,0,64.0,64237.0,0,0,0,54,eth:ethertype:ip:tcp,,,,,,,,,,,0.0,Normal,0.0
1744308882165368,10.42.0.1,10.42.0.2,1883,50176,1,45,0,1,0,0,0,0,0,0,0,0,0,0.0,0,,0,0,,0,0,0,0,0,0,0,0,0.0,0,0,0,0,0,64.0,64196.0,0,0,0,54,eth:ethertype:ip:tcp,,,,,,,,,,,0.0,Normal,0.0
1744308882165718,10.42.0.1,10.42.0.2,1883,50176,1,45,0,1,0,0,1,0,4,0,0,0,0,0.0,0,,0,2,,0,0,0,0,2,0,0,0,0.0,0x00,0,0,0,0,64.0,64196.0,0,0,0,58,eth:ethertype:ip:tcp:mqtt,,,,,,,,,,,0.0,Normal,0.0
1744308882213920,10.42.0.1,10.42.0.2,1883,50176,5,234,0,1,0,0,0,0,0,0,0,0,0,0.0,0,,0,0,,0,0,0,0,0,0,0,0,0.0,0,0,0,0,0,64.0,64007.0,0,0,0,54,eth:ethertype:ip:tcp,,,,,,,,,,,0.0,Normal,0.0
1744308882213960,10.42.0.1,10.42.0.2,1883,50176,5,234,0,1,1,0,0,0,0,0,0,0,0,0.0,0,,0,0,,0,0,0,0,0,0,0,0,0.0,0,0,0,0,0,64.0,64007.0,0,0,0,54,eth:ethertype:ip:tcp,,,,,,,,,,,0.0,Normal,0.0
1744308897222859,10.42.0.1,10.42.0.139,1883,50177,0,1,1,1,0,0,0,0,0,0,0,0,0,0.0,0,,0,0,,0,0,0,0,0,0,0,0,0.0,0,0,0,0,0,64.0,64240.0,0,0,0,58,eth:ethertype:ip:tcp,,,,,,,,,,,0.0,Normal,0.0
1744308897229142,10.42.0.1,10.42.0.139,1883,50177,1,4,0,1,0,0,0,0,0,0,0,0,0,0.0,0,,0,0,,0,0,0,0,0,0,0,0,0.0,0,0,0,0,0,64.0,64237.0,0,0,0,54,eth:ethertype:ip:tcp,,,,,,,,,,,0.0,Normal,0.0
1744308897232642,10.42.0.1,10.42.0.139,1883,50177,1,33,0,1,0,0,0,0,0,0,0,0,0,0.0,0,,0,0,,0,0,0,0,0,0,0,0,0.0,0,0,0,0,0,64.0,64208.0,0,0,0,54,eth:ethertype:ip:tcp,,,,,,,,,,,0.0,Normal,0.0
1744308897235738,10.42.0.1,10.42.0.139,1883,50177,1,45,0,1,0,0,0,0,0,0,0,0,0,0.0,0,,0,0,,0,0,0,0,0,0,0,0,0.0,0,0,0,0,0,64.0,64196.0,0,0,0,54,eth:ethertype:ip:tcp,,,,,,,,,,,0.0,Normal,0.0
1744308897236046,10.42.0.1,10.42.0.139,1883,50177,1,45,0,1,0,0,1,0,4,0,0,0,0,0.0,0,,0,2,,0,0,0,0,2,0,0,0,0.0,0x00,0,0,0,0,64.0,64196.0,0,0,0,58,eth:ethertype:ip:tcp:mqtt,,,,,,,,,,,0.0,Normal,0.0
1744308897283323,10.42.0.1,10.42.0.139,1883,50177,5,234,0,1,0,0,0,0,0,0,0,0,0,0.0,0,,0,0,,0,0,0,0,0,0,0,0,0.0,0,0,0,0,0,64.0,64007.0,0,0,0,54,eth:ethertype:ip:tcp,,,,,,,,,,,0.0,Normal,0.0
1744308897283430,10.42.0.1,10.42.0.139,1883,50177,5,234,0,1,1,0,0,0,0,0,0,0,0,0.0,0,,0,0,,0,0,0,0,0,0,0,0,0.0,0,0,0,0,0,64.0,64007.0,0,0,0,54,eth:ethertype:ip:tcp,,,,,,,,,,,0.0,Normal,0.0
1744308912222859,10.42.0.1,10.42.0.2,1883,50177,0,1,1,1,0,0,0,0,0,0,0,0,0,0.0,0,,0,0,,0,0,0,0,0,0,0,0,0.0,0,0,0,0,0,64.0,64240.0,0,0,0,58,eth:ethertype:ip:tcp,,,,,,,,,,,0.0,Normal,0.0
1744308912229142,10.42.0.1,10.42.0.2,1883,50177,1,4,0,1,0,0,0,0,0,0,0,0,0,0.0,0,,0,0,,0,0,0,0,0,0,0,0,0.0,0,0,0,0,0,64.0,64237.0,0,0,0,54,eth:ethertype:ip:tcp,,,,,,,,,,,0.0,Normal,0.0
1744308912232642,10.42.0.1,10.42.0.2,1883,50177,1,33,0,1,0,0,0,0,0,0,0,0,0,0.0,0,,0,0,,0,0,0,0,0,0,0,0,0.0,0,0,0,0,0,64.0,64208.0,0,0,0,54,eth:ethertype:ip:tcp,,,,,,,,,,,0.0,Normal,0.0
1744308912235738,10.42.0.1,10.42.0.2,1883,50177,1,45,0,1,0,0,0,0,0,0,0,0,0,0.0,0,,0,0,,0,0,0,0,0,0,0,0,0.0,0,0,0,0,0,64.0,64196.0,0,0,0,54,eth:ethertype:ip:tcp,,,,,,,,,,,0.0,Normal,0.0
1744308912236046,10.42.0.1,10.42.0.2,1883,50177,1,45,0,1,0,0,1,0,4,0,0,0,0,0.0,0,,0,2,,0,0,0,0,2,0,0,0,0.0,0x00,0,0,0,0,64.0,64196.0,0,0,0,58,eth:ethertype:ip:tcp:mqtt,,,,,,,,,,,0.0,Normal,0.0
1744308912283323,10.42.0.1,10.42.0.2,1883,50177,5,234,0,1,0,0,0,0,0,0,0,0,0,0.0,0,,0,0,,0,0,0,0,0,0,0,0,0.0,0,0,0,0,0,64.0,64007.0,0,0,0,54,eth:ethertype:ip:tcp,,,,,,,,,,,0.0,Normal,0.0
1744308912283430,10.42.0.1,10.42.0.2,1883,50177,5,234,0,1,1,0,0,0,0,0,0,0,0,0.0,0,,0,0,,0,0,0,0,0,0,0,0,0.0,0,0,0,0,0,64.0,64007.0,0,0,0,54,eth:ethertype:ip:tcp,,,,,,,,,,,0.0,Normal,0.0
1744308927300483,10.42.0.1,10.42.0.139,1883,50178,0,1,1,1,0,0,0,0,0,0,0,0,0,0.0,0,,0,0,,0,0,0,0,0,0,0,0,0.0,0,0,0,0,0,64.0,64240.0,0,0,0,58,eth:ethertype:ip:tcp,,,,,,,,,,,0.0,Normal,0.0
1744308927307528,10.42.0.1,10.42.0.139,1883,50178,1,4,0,1,0,0,0,0,0,0,0,0,0,0.0,0,,0,0,,0,0,0,0,0,0,0,0,0.0,0,0,0,0,0,64.0,64237.0,0,0,0,54,eth:ethertype:ip:tcp,,,,,,,,,,,0.0,Normal,0.0
1744308927310925,10.42.0.1,10.42.0.139,1883,50178,1,41,0,1,0,0,0,0,0,0,0,0,0,0.0,0,,0,0,,0,0,0,0,0,0,0,0,0.0,0,0,0,0,0,64.0,64200.0,0,0,0,54,eth:ethertype:ip:tcp,,,,,,,,,,,0.0,Normal,0.0
1744308927313623,10.42.0.1,10.42.0.139,1883,50178,1,45,0,1,0,0,0,0,0,0,0,0,0,0.0,0,,0,0,,0,0,0,0,0,0,0,0,0.0,0,0,0,0,0,64.0,64196.0,0,0,0,54,eth:ethertype:ip:tcp,,,,,,,,,,,0.0,Normal,0.0
1744308927313972,10.42.0.1,10.42.0.139,1883,50178,1,45,0,1,0,0,1,0,4,0,0,0,0,0.0,0,,0,2,,0,0,0,0,2,0,0,0,0.0,0x00,0,0,0,0,64.0,64196.0,0,0,0,58,eth:ethertype:ip:tcp:mqtt,,,,,,,,,,,0.0,Normal,0.0
1744308927362778,10.42.0.1,10.42.0.139,1883,50178,5,234,0,1,0,0,0,0,0,0,0,0,0,0.0,0,,0,0,,0,0,0,0,0,0,0,0,0.0,0,0,0,0,0,64.0,64007.0,0,0,0,54,eth:ethertype:ip:tcp,,,,,,,,,,,0.0,Normal,0.0
1744308927362818,10.42.0.1,10.42.0.139,1883,50178,5,234,0,1,1,0,0,0,0,0,0,0,0,0.0,0,,0,0,,0,0,0,0,0,0,0,0,0.0,0,0,0,0,0,64.0,64007.0,0,0,0,54,eth:ethertype:ip:tcp,,,,,,,,,,,0.0,Normal,0.0
1744308942300483,10.42.0.1,10.42.0.2,1883,50178,0,1,1,1,0,0,0,0,0,0,0,0,0,0.0,0,,0,0,,0,0,0,0,0,0,0,0,0.0,0,0,0,0,0,64.0,64240.0,0,0,0,58,eth:ethertype:ip:tcp,,,,,,,,,,,0.0,Normal,0.0
1744308942307528,10.42.0.1,10.42.0.2,1883,50178,1,4,0,1,0,0,0,0,0,0,0,0,0,0.0,0,,0,0,,0,0,0,0,0,0,0,0,0.0,0,0,0,0,0,64.0,64237.0,0,0,0,54,eth:ethertype:ip:tcp,,,,,,,,,,,0.0,Normal,0.0
1744308942310925,10.42.0.1,10.42.0.2,1883,50178,1,41,0,1,0,0,0,0,0,0,0,0,0,0.0,0,,0,0,,0,0,0,0,0,0,0,0,0.0,0,0,0,0,0,64.0,64200.0,0,0,0,54,eth:ethertype:ip:tcp,,,,,,,,,,,0.0,Normal,0.0
1744308942313623,10.42.0.1,10.42.0.2,1883,50178,1,45,0,1,0,0,0,0,0,0,0,0,0,0.0,0,,0,0,,0,0,0,0,0,0,0,0,0.0,0,0,0,0,0,64.0,64196.0,0,0,0,54,eth:ethertype:ip:tcp,,,,,,,,,,,0.0,Normal,0.0
1744308942313972,10.42.0.1,10.42.0.2,1883,50178,1,45,0,1,0,0,1,0,4,0,0,0,0,0.0,0,,0,2,,0,0,0,0,2,0,0,0,0.0,0x00,0,0,0,0,64.0,64196.0,0,0,0,58,eth:ethertype:ip:tcp:mqtt,,,,,,,,,,,0.0,Normal,0.0
1744308942362778,10.42.0.1,10.42.0.2,1883,50178,5,234,0,1,0,0,0,0,0,0,0,0,0,0.0,0,,0,0,,0,0,0,0,0,0,0,0,0.0,0,0,0,0,0,64.0,64007.0,0,0,0,54,eth:ethertype:ip:tcp,,,,,,,,,,,0.0,Normal,0.0
1744308942362818,10.42.0.1,10.42.0.2,1883,50178,5,234,0,1,1,0,0,0,0,0,0,0,0,0.0,0,,0,0,,0,0,0,0,0,0,0,0,0.0,0,0,0,0,0,64.0,64007.0,0,0,0,54,eth:ethertype:ip:tcp,,,,,,,,,,,0.0,Normal,0.0
1744308957371612,10.42.0.1,10.42.0.139,1883,50179,0,1,1,1,0,0,0,0,0,0,0,0,0,0.0,0,,0,0,,0,0,0,0,0,0,0,0,0.0,0,0,0,0,0,64.0,64240.0,0,0,0,58,eth:ethertype:ip:tcp,,,,,,,,,,,0.0,Normal,0.0
1744308957379992,10.42.0.1,10.42.0.139,1883,50179,1,4,0,1,0,0,0,0,0,0,0,0,0,0.0,0,,0,0,,0,0,0,0,0,0,0,0,0.0,0,0,0,0,0,64.0,64237.0,0,0,0,54,eth:ethertype:ip:tcp,,,,,,,,,,,0.0,Normal,0.0
1744308957383952,10.42.0.1,10.42.0.139,1883,50179,1,45,0,1,0,0,0,0,0,0,0,0,0,0.0,0,,0,0,,0,0,0,0,0,0,0,0,0.0,0,0,0,0,0,64.0,64196.0,0,0,0,54,eth:ethertype:ip:tcp,,,,,,,,,,,0.0,Normal,0.0
1744308957384289,10.42.0.1,10.42.0.139,1883,50179,1,45,0,1,0,0,1,0,4,0,0,0,0,0.0,0,,0,2,,0,0,0,0,2,0,0,0,0.0,0x00,0,0,0,0,64.0,64196.0,0,0,0,58,eth:ethertype:ip:tcp:mqtt,,,,,,,,,,,0.0,Normal,0.0
1744308957432020,10.42.0.1,10.42.0.139,1883,50179,5,234,0,1,0,0,0,0,0,0,0,0,0,0.0,0,,0,0,,0,0,0,0,0,0,0,0,0.0,0,0,0,0,0,64.0,64007.0,0,0,0,54,eth:ethertype:ip:tcp,,,,,,,,,,,0.0,Normal,0.0
1744308957432059,10.42.0.1,10.42.0.139,1883,50179,5,234,0,1,1,0,0,0,0,0,0,0,0,0.0,0,,0,0,,0,0,0,0,0,0,0,0,0.0,0,0,0,0,0,64.0,64007.0,0,0,0,54,eth:ethertype:ip:tcp,,,,,,,,,,,0.0,Normal,0.0
1744308972371612,10.42.0.1,10.42.0.2,1883,50179,0,1,1,1,0,0,0,0,0,0,0,0,0,0.0,0,,0,0,,0,0,0,0,0,0,0,0,0.0,0,0,0,0,0,64.0,64240.0,0,0,0,58,eth:ethertype:ip:tcp,,,,,,,,,,,0.0,Normal,0.0
1744308972379992,10.42.0.1,10.42.0.2,1883,50179,1,4,0,1,0,0,0,0,0,0,0,0,0,0.0,0,,0,0,,0,0,0,0,0,0,0,0,0.0,0,0,0,0,0,64.0,64237.0,0,0,0,54,eth:ethertype:ip:tcp,,,,,,,,,,,0.0,Normal,0.0
1744308972383952,10.42.0.1,10.42.0.2,1883,50179,1,45,0,1,0,0,0,0,0,0,0,0,0,0.0,0,,0,0,,0,0,0,0,0,0,0,0,0.0,0,0,0,0,0,64.0,64196.0,0,0,0,54,eth:ethertype:ip:tcp,,,,,,,,,,,0.0,Normal,0.0
1744308972384289,10.42.0.1,10.42.0.2,1883,50179,1,45,0,1,0,0,1,0,4,0,0,0,0,0.0,0,,0,2,,0,0,0,0,2,0,0,0,0.0,0x00,0,0,0,0,64.0,64196.0,0,0,0,58,eth:ethertype:ip:tcp:mqtt,,,,,,,,,,,0.0,Normal,0.0
1744308972432020,10.42.0.1,10.42.0.2,1883,50179,5,234,0,1,0,0,0,0,0,0,0,0,0,0.0,0,,0,0,,0,0,0,0,0,0,0,0,0.0,0,0,0,0,0,64.0,64007.0,0,0,0,54,eth:ethertype:ip:tcp,,,,,,,,,,,0.0,Normal,0.0
1744308972432059,10.42.0.1,10.42.0.2,1883,50179,5,234,0,1,1,0,0,0,0,0,0,0,0,0.0,0,,0,0,,0,0,0,0,0,0,0,0,0.0,0,0,0,0,0,64.0,64007.0,0,0,0,54,eth:ethertype:ip:tcp,,,,,,,,,,,0.0,Normal,0.0
1744308987440822,10.42.0.1,10.42.0.139,1883,50180,0,1,1,1,0,0,0,0,0,0,0,0,0,0.0,0,,0,0,,0,0,0,0,0,0,0,0,0.0,0,0,0,0,0,64.0,64240.0,0,0,0,58,eth:ethertype:ip:tcp,,,,,,,,,,,0.0,Normal,0.0
1744308987446812,10.42.0.1,10.42.0.139,1883,50180,1,4,0,1,0,0,0,0,0,0,0,0,0,0.0,0,,0,0,,0,0,0,0,0,0,0,0,0.0,0,0,0,0,0,64.0,64237.0,0,0,0,54,eth:ethertype:ip:tcp,,,,,,,,,,,0.0,Normal,0.0
1744308987450224,10.42.0.1,10.42.0.139,1883,50180,1,33,0,1,0,0,0,0,0,0,0,0,0,0.0,0,,0,0,,0,0,0,0,0,0,0,0,0.0,0,0,0,0,0,64.0,64208.0,0,0,0,54,eth:ethertype:ip:tcp,,,,,,,,,,,0.0,Normal,0.0
1744308987453350,10.42.0.1,10.42.0.139,1883,50180,1,45,0,1,0,0,0,0,0,0,0,0,0,0.0,0,,0,0,,0,0,0,0,0,0,0,0,0.0,0,0,0,0,0,64.0,64196.0,0,0,0,54,eth:ethertype:ip:tcp,,,,,,,,,,,0.0,Normal,0.0
1744308987453628,10.42.0.1,10.42.0.139,1883,50180,1,45,0,1,0,0,1,0,4,0,0,0,0,0.0,0,,0,2,,0,0,0,0,2,0,0,0,0.0,0x00,0,0,0,0,64.0,64196.0,0,0,0,58,eth:ethertype:ip:tcp:mqtt,,,,,,,,,,,0.0,Normal,0.0
1744308987501474,10.42.0.1,10.42.0.139,1883,50180,5,234,0,1,0,0,0,0,0,0,0,0,0,0.0,0,,0,0,,0,0,0,0,0,0,0,0,0.0,0,0,0,0,0,64.0,64007.0,0,0,0,54,eth:ethertype:ip:tcp,,,,,,,,,,,0.0,Normal,0.0
1744308987501507,10.42.0.1,10.42.0.139,1883,50180,5,234,0,1,1,0,0,0,0,0,0,0,0,0.0,0,,0,0,,0,0,0,0,0,0,0,0,0.0,0,0,0,0,0,64.0,64007.0,0,0,0,54,eth:ethertype:ip:tcp,,,,,,,,,,,0.0,Normal,0.0
1744309002440822,10.42.0.1,10.42.0.2,1883,50180,0,1,1,1,0,0,0,0,0,0,0,0,0,0.0,0,,0,0,,0,0,0,0,0,0,0,0,0.0,0,0,0,0,0,64.0,64240.0,0,0,0,58,eth:ethertype:ip:tcp,,,,,,,,,,,0.0,Normal,0.0
1744309002446812,10.42.0.1,10.42.0.2,1883,50180,1,4,0,1,0,0,0,0,0,0,0,0,0,0.0,0,,0,0,,0,0,0,0,0,0,0,0,0.0,0,0,0,0,0,64.0,64237.0,0,0,0,54,eth:ethertype:ip:tcp,,,,,,,,,,,0.0,Normal,0.0
1744309002450224,10.42.0.1,10.42.0.2,1883,50180,1,33,0,1,0,0,0,0,0,0,0,0,0,0.0,0,,0,0,,0,0,0,0,0,0,0,0,0.0,0,0,0,0,0,64.0,64208.0,0,0,0,54,eth:ethertype:ip:tcp,,,,,,,,,,,0.0,Normal,0.0
1744309002453350,10.42.0.1,10.42.0.2,1883,50180,1,45,0,1,0,0,0,0,0,0,0,0,0,0.0,0,,0,0,,0,0,0,0,0,0,0,0,0.0,0,0,0,0,0,64.0,64196.0,0,0,0,54,eth:ethertype:ip:tcp,,,,,,,,,,,0.0,Normal,0.0
1744309002453628,10.42.0.1,10.42.0.2,1883,50180,1,45,0,1,0,0,1,0,4,0,0,0,0,0.0,0,,0,2,,0,0,0,0,2,0,0,0,0.0,0x00,0,0,0,0,64.0,64196.0,0,0,0,58,eth:ethertype:ip:tcp:mqtt,,,,,,,,,,,0.0,Normal,0.0
1744309002501474,10.42.0.1,10.42.0.2,1883,50180,5,234,0,1,0,0,0,0,0,0,0,0,0,0.0,0,,0,0,,0,0,0,0,0,0,0,0,0.0,0,0,0,0,0,64.0,64007.0,0,0,0,54,eth:ethertype:ip:tcp,,,,,,,,,,,0.0,Normal,0.0
1744309002501507,10.42.0.1,10.42.0.2,1883,50180,5,234,0,1,1,0,0,0,0,0,0,0,0,0.0,0,,0,0,,0,0,0,0,0,0,0,0,0.0,0,0,0,0,0,64.0,64007.0,0,0,0,54,eth:ethertype:ip:tcp,,,,,,,,,,,0.0,Normal,0.0
1744309017510394,10.42.0.1,10.42.0.139,1883,50181,0,1,1,1,0,0,0,0,0,0,0,0,0,0.0,0,,0,0,,0,0,0,0,0,0,0,0,0.0,0,0,0,0,0,64.0,64240.0,0,0,0,58,eth:ethertype:ip:tcp,,,,,,,,,,,0.0,Normal,0.0
1744309017517256,10.42.0.1,10.42.0.139,1883,50181,1,4,0,1,0,0,0,0,0,0,0,0,0,0.0,0,,0,0,,0,0,0,0,0,0,0,0,0.0,0,0,0,0,0,64.0,64237.0,0,0,0,54,eth:ethertype:ip:tcp,,,,,,,,,,,0.0,Normal,0.0
1744309017522858,10.42.0.1,10.42.0.139,1883,50181,1,39,0,1,0,0,0,0,0,0,0,0,0,0.0,0,,0,0,,0,0,0,0,0,0,0,0,0.0,0,0,0,0,0,64.0,64202.0,0,0,0,54,eth:ethertype:ip:tcp,,,,,,,,,,,0.0,Normal,0.0
1744309017525518,10.42.0.1,10.42.0.139,1883,50181,1,45,0,1,0,0,0,0,0,0,0,0,0,0.0,0,,0,0,,0,0,0,0,0,0,0,0,0.0,0,0,0,0,0,64.0,64196.0,0,0,0,54,eth:ethertype:ip:tcp,,,,,,,,,,,0.0,Normal,0.0
1744309017525898,10.42.0.1,10.42.0.139,1883,50181,1,45,0,1,0,0,1,0,4,0,0,0,0,0.0,0,,0,2,,0,0,0,0,2,0,0,0,0.0,0x00,0,0,0,0,64.0,64196.0,0,0,0,58,eth:ethertype:ip:tcp:mqtt,,,,,,,,,,,0.0,Normal,0.0
1744309017570653,10.42.0.1,10.42.0.139,1883,50181,5,234,0,1,0,0,0,0,0,0,0,0,0,0.0,0,,0,0,,0,0,0,0,0,0,0,0,0.0,0,0,0,0,0,64.0,64007.0,0,0,0,54,eth:ethertype:ip:tcp,,,,,,,,,,,0.0,Normal,0.0
1744309017570713,10.42.0.1,10.42.0.139,1883,50181,5,234,0,1,1,0,0,0,0,0,0,0,0,0.0,0,,0,0,,0,0,0,0,0,0,0,0,0.0,0,0,0,0,0,64.0,64007.0,0,0,0,54,eth:ethertype:ip:tcp,,,,,,,,,,,0.0,Normal,0.0
1744309032510394,10.42.0.1,10.42.0.2,1883,50181,0,1,1,1,0,0,0,0,0,0,0,0,0,0.0,0,,0,0,,0,0,0,0,0,0,0,0,0.0,0,0,0,0,0,64.0,64240.0,0,0,0,58,eth:ethertype:ip:tcp,,,,,,,,,,,0.0,Normal,0.0
1744309032517256,10.42.0.1,10.42.0.2,1883,50181,1,4,0,1,0,0,0,0,0,0,0,0,0,0.0,0,,0,0,,0,0,0,0,0,0,0,0,0.0,0,0,0,0,0,64.0,64237.0,0,0,0,54,eth:ethertype:ip:tcp,,,,,,,,,,,0.0,Normal,0.0
1744309032522858,10.42.0.1,10.42.0.2,1883,50181,1,39,0,1,0,0,0,0,0,0,0,0,0,0.0,0,,0,0,,0,0,0,0,0,0,0,0,0.0,0,0,0,0,0,64.0,64202.0,0,0,0,54,eth:ethertype:ip:tcp,,,,,,,,,,,0.0,Normal,0.0
1744309032525518,10.42.0.1,10.42.0.2,1883,50181,1,45,0,1,0,0,0,0,0,0,0,0,0,0.0,0,,0,0,,0,0,0,0,0,0,0,0,0.0,0,0,0,0,0,64.0,64196.0,0,0,0,54,eth:ethertype:ip:tcp,,,,,,,,,,,0.0,Normal,0.0
1744309032525898,10.42.0.1,10.42.0.2,1883,50181,1,45,0,1,0,0,1,0,4,0,0,0,0,0.0,0,,0,2,,0,0,0,0,2,0,0,0,0.0,0x00,0,0,0,0,64.0,64196.0,0,0,0,58,eth:ethertype:ip:tcp:mqtt,,,,,,,,,,,0.0,Normal,0.0
1744309032570653,10.42.0.1,10.42.0.2,1883,50181,5,234,0,1,0,0,0,0,0,0,0,0,0,0.0,0,,0,0,,0,0,0,0,0,0,0,0,0.0,0,0,0,0,0,64.0,64007.0,0,0,0,54,eth:ethertype:ip:tcp,,,,,,,,,,,0.0,Normal,0.0
1744309032570713,10.42.0.1,10.42.0.2,1883,50181,5,234,0,1,1,0,0,0,0,0,0,0,0,0.0,0,,0,0,,0,0,0,0,0,0,0,0,0.0,0,0,0,0,0,64.0,64007.0,0,0,0,54,eth:ethertype:ip:tcp,,,,,,,,,,,0.0,Normal,0.0
1744309047578981,10.42.0.1,10.42.0.139,1883,50182,0,1,1,1,0,0,0,0,0,0,0,0,0,0.0,0,,0,0,,0,0,0,0,0,0,0,0,0.0,0,0,0,0,0,64.0,64240.0,0,0,0,58,eth:ethertype:ip:tcp,,,,,,,,,,,0.0,Normal,0.0
1744309047585688,10.42.0.1,10.42.0.139,1883,50182,1,4,0,1,0,0,0,0,0,0,0,0,0,0.0,0,,0,0,,0,0,0,0,0,0,0,0,0.0,0,0,0,0,0,64.0,64237.0,0,0,0,54,eth:ethertype:ip:tcp,,,,,,,,,,,0.0,Normal,0.0
1744309047590412,10.42.0.1,10.42.0.139,1883,50182,1,33,0,1,0,0,0,0,0,0,0,0,0,0.0,0,,0,0,,0,0,0,0,0,0,0,0,0.0,0,0,0,0,0,64.0,64208.0,0,0,0,54,eth:ethertype:ip:tcp,,,,,,,,,,,0.0,Normal,0.0
1744309047594561,10.42.0.1,10.42.0.139,1883,50182,1,45,0,1,0,0,0,0,0,0,0,0,0,0.0,0,,0,0,,0,0,0,0,0,0,0,0,0.0,0,0,0,0,0,64.0,64196.0,0,0,0,54,eth:ethertype:ip:tcp,,,,,,,,,,,0.0,Normal,0.0
1744309047594897,10.42.0.1,10.42.0.139,1883,50182,1,45,0,1,0,0,1,0,4,0,0,0,0,0.0,0,,0,2,,0,0,0,0,2,0,0,0,0.0,0x00,0,0,0,0,64.0,64196.0,0,0,0,58,eth:ethertype:ip:tcp:mqtt,,,,,,,,,,,0.0,Normal,0.0
1744309047640120,10.42.0.1,10.42.0.139,1883,50182,5,234,0,1,0,0,0,0,0,0,0,0,0,0.0,0,,0,0,,0,0,0,0,0,0,0,0,0.0,0,0,0,0,0,64.0,64007.0,0,0,0,54,eth:ethertype:ip:tcp,,,,,,,,,,,0.0,Normal,0.0
1744309047640168,10.42.0.1,10.42.0.139,1883,50182,5,234,0,1,1,0,0,0,0,0,0,0,0,0.0,0,,0,0,,0,0,0,0,0,0,0,0,0.0,0,0,0,0,0,64.0,64007.0,0,0,0,54,eth:ethertype:ip:tcp,,,,,,,,,,,0.0,Normal,0.0
1744309062578981,10.42.0.1,10.42.0.2,1883,50182,0,1,1,1,0,0,0,0,0,0,0,0,0,0.0,0,,0,0,,0,0,0,0,0,0,0,0,0.0,0,0,0,0,0,64.0,64240.0,0,0,0,58,eth:ethertype:ip:tcp,,,,,,,,,,,0.0,Normal,0.0
1744309062585688,10.42.0.1,10.42.0.2,1883,50182,1,4,0,1,0,0,0,0,0,0,0,0,0,0.0,0,,0,0,,0,0,0,0,0,0,0,0,0.0,0,0,0,0,0,64.0,64237.0,0,0,0,54,eth:ethertype:ip:tcp,,,,,,,,,,,0.0,Normal,0.0
1744309062590412,10.42.0.1,10.42.0.2,1883,50182,1,33,0,1,0,0,0,0,0,0,0,0,0,0.0,0,,0,0,,0,0,0,0,0,0,0,0,0.0,0,0,0,0,0,64.0,64208.0,0,0,0,54,eth:ethertype:ip:tcp,,,,,,,,,,,0.0,Normal,0.0
1744309062594561,10.42.0.1,10.42.0.2,1883,50182,1,45,0,1,0,0,0,0,0,0,0,0,0,0.0,0,,0,0,,0,0,0,0,0,0,0,0,0.0,0,0,0,0,0,64.0,64196.0,0,0,0,54,eth:ethertype:ip:tcp,,,,,,,,,,,0.0,Normal,0.0
1744309062594897,10.42.0.1,10.42.0.2,1883,50182,1,45,0,1,0,0,1,0,4,0,0,0,0,0.0,0,,0,2,,0,0,0,0,2,0,0,0,0.0,0x00,0,0,0,0,64.0,64196.0,0,0,0,58,eth:ethertype:ip:tcp:mqtt,,,,,,,,,,,0.0,Normal,0.0
1744309062640120,10.42.0.1,10.42.0.2,1883,50182,5,234,0,1,0,0,0,0,0,0,0,0,0,0.0,0,,0,0,,0,0,0,0,0,0,0,0,0.0,0,0,0,0,0,64.0,64007.0,0,0,0,54,eth:ethertype:ip:tcp,,,,,,,,,,,0.0,Normal,0.0
1744309062640168,10.42.0.1,10.42.0.2,1883,50182,5,234,0,1,1,0,0,0,0,0,0,0,0,0.0,0,,0,0,,0,0,0,0,0,0,0,0,0.0,0,0,0,0,0,64.0,64007.0,0,0,0,54,eth:ethertype:ip:tcp,,,,,,,,,,,0.0,Normal,0.0
1744309077656870,10.42.0.1,10.42.0.139,1883,50183,0,1,1,1,0,0,0,0,0,0,0,0,0,0.0,0,,0,0,,0,0,0,0,0,0,0,0,0.0,0,0,0,0,0,64.0,64240.0,0,0,0,58,eth:ethertype:ip:tcp,,,,,,,,,,,0.0,Normal,0.0
1744309077662789,10.42.0.1,10.42.0.139,1883,50183,1,4,0,1,0,0,0,0,0,0,0,0,0,0.0,0,,0,0,,0,0,0,0,0,0,0,0,0.0,0,0,0,0,0,64.0,64237.0,0,0,0,54,eth:ethertype:ip:tcp,,,,,,,,,,,0.0,Normal,0.0
1744309077666180,10.42.0.1,10.42.0.139,1883,50183,1,33,0,1,0,0,0,0,0,0,0,0,0,0.0,0,,0,0,,0,0,0,0,0,0,0,0,0.0,0,0,0,0,0,64.0,64208.0,0,0,0,54,eth:ethertype:ip:tcp,,,,,,,,,,,0.0,Normal,0.0
1744309077669260,10.42.0.1,10.42.0.139,1883,50183,1,45,0,1,0,0,0,0,0,0,0,0,0,0.0,0,,0,0,,0,0,0,0,0,0,0,0,0.0,0,0,0,0,0,64.0,64196.0,0,0,0,54,eth:ethertype:ip:tcp,,,,,,,,,,,0.0,Normal,0.0
1744309077669568,10.42.0.1,10.42.0.139,1883,50183,1,45,0,1,0,0,1,0,4,0,0,0,0,0.0,0,,0,2,,0,0,0,0,2,0,0,0,0.0,0x00,0,0,0,0,64.0,64196.0,0,0,0,58,eth:ethertype:ip:tcp:mqtt,,,,,,,,,,,0.0,Normal,0.0
1744309077719409,10.42.0.1,10.42.0.139,1883,50183,5,234,0,1,0,0,0,0,0,0,0,0,0,0.0,0,,0,0,,0,0,0,0,0,0,0,0,0.0,0,0,0,0,0,64.0,64007.0,0,0,0,54,eth:ethertype:ip:tcp,,,,,,,,,,,0.0,Normal,0.0
1744309077719473,10.42.0.1,10.42.0.139,1883,50183,5,234,0,1,1,0,0,0,0,0,0,0,0,0.0,0,,0,0,,0,0,0,0,0,0,0,0,0.0,0,0,0,0,0,64.0,64007.0,0,0,0,54,eth:ethertype:ip:tcp,,,,,,,,,,,0.0,Normal,0.0
1744309092656870,10.42.0.1,10.42.0.2,1883,50183,0,1,1,1,0,0,0,0,0,0,0,0,0,0.0,0,,0,0,,0,0,0,0,0,0,0,0,0.0,0,0,0,0,0,64.0,64240.0,0,0,0,58,eth:ethertype:ip:tcp,,,,,,,,,,,0.0,Normal,0.0
1744309092662789,10.42.0.1,10.42.0.2,1883,50183,1,4,0,1,0,0,0,0,0,0,0,0,0,0.0,0,,0,0,,0,0,0,0,0,0,0,0,0.0,0,0,0,0,0,64.0,64237.0,0,0,0,54,eth:ethertype:ip:tcp,,,,,,,,,,,0.0,Normal,0.0
1744309092666180,10.42.0.1,10.42.0.2,1883,50183,1,33,0,1,0,0,0,0,0,0,0,0,0,0.0,0,,0,0,,0,0,0,0,0,0,0,0,0.0,0,0,0,0,0,64.0,64208.0,0,0,0,54,eth:ethertype:ip:tcp,,,,,,,,,,,0.0,Normal,0.0
1744309092669260,10.42.0.1,10.42.0.2,1883,50183,1,45,0,1,0,0,0,0,0,0,0,0,0,0.0,0,,0,0,,0,0,0,0,0,0,0,0,0.0,0,0,0,0,0,64.0,64196.0,0,0,0,54,eth:ethertype:ip:tcp,,,,,,,,,,,0.0,Normal,0.0
1744309092669568,10.42.0.1,10.42.0.2,1883,50183,1,45,0,1,0,0,1,0,4,0,0,0,0,0.0,0,,0,2,,0,0,0,0,2,0,0,0,0.0,0x00,0,0,0,0,64.0,64196.0,0,0,0,58,eth:ethertype:ip:tcp:mqtt,,,,,,,,,,,0.0,Normal,0.0
1744309092719409,10.42.0.1,10.42.0.2,1883,50183,5,234,0,1,0,0,0,0,0,0,0,0,0,0.0,0,,0,0,,0,0,0,0,0,0,0,0,0.0,0,0,0,0,0,64.0,64007.0,0,0,0,54,eth:ethertype:ip:tcp,,,,,,,,,,,0.0,Normal,0.0
1744309092719473,10.42.0.1,10.42.0.2,1883,50183,5,234,0,1,1,0,0,0,0,0,0,0,0,0.0,0,,0,0,,0,0,0,0,0,0,0,0,0.0,0,0,0,0,0,64.0,64007.0,0,0,0,54,eth:ethertype:ip:tcp,,,,,,,,,,,0.0,Normal,0.0
1744309107728211,10.42.0.1,10.42.0.139,1883,50184,0,1,1,1,0,0,0,0,0,0,0,0,0,0.0,0,,0,0,,0,0,0,0,0,0,0,0,0.0,0,0,0,0,0,64.0,64240.0,0,0,0,58,eth:ethertype:ip:tcp,,,,,,,,,,,0.0,Normal,0.0
1744309107734190,10.42.0.1,10.42.0.139,1883,50184,1,4,0,1,0,0,0,0,0,0,0,0,0,0.0,0,,0,0,,0,0,0,0,0,0,0,0,0.0,0,0,0,0,0,64.0,64237.0,0,0,0,54,eth:ethertype:ip:tcp,,,,,,,,,,,0.0,Normal,0.0
1744309107738077,10.42.0.1,10.42.0.139,1883,50184,1,33,0,1,0,0,0,0,0,0,0,0,0,0.0,0,,0,0,,0,0,0,0,0,0,0,0,0.0,0,0,0,0,0,64.0,64208.0,0,0,0,54,eth:ethertype:ip:tcp,,,,,,,,,,,0.0,Normal,0.0
1744309107741172,10.42.0.1,10.42.0.139,1883,50184,1,45,0,1,0,0,0,0,0,0,0,0,0,0.0,0,,0,0,,0,0,0,0,0,0,0,0,0.0,0,0,0,0,0,64.0,64196.0,0,0,0,54,eth:ethertype:ip:tcp,,,,,,,,,,,0.0,Normal,0.0
1744309107741497,10.42.0.1,10.42.0.139,1883,50184,1,45,0,1,0,0,1,0,4,0,0,0,0,0.0,0,,0,2,,0,0,0,0,2,0,0,0,0.0,0x00,0,0,0,0,64.0,64196.0,0,0,0,58,eth:ethertype:ip:tcp:mqtt,,,,,,,,,,,0.0,Normal,0.0
1744309107788633,10.42.0.1,10.42.0.139,1883,50184,5,234,0,1,0,0,0,0,0,0,0,0,0,0.0,0,,0,0,,0,0,0,0,0,0,0,0,0.0,0,0,0,0,0,64.0,64007.0,0,0,0,54,eth:ethertype:ip:tcp,,,,,,,,,,,0.0,Normal,0.0
1744309107788717,10.42.0.1,10.42.0.139,1883,50184,5,234,0,1,1,0,0,0,0,0,0,0,0,0.0,0,,0,0,,0,0,0,0,0,0,0,0,0.0,0,0,0,0,0,64.0,64007.0,0,0,0,54,eth:ethertype:ip:tcp,,,,,,,,,,,0.0,Normal,0.0
1744309122728211,10.42.0.1,10.42.0.2,1883,50184,0,1,1,1,0,0,0,0,0,0,0,0,0,0.0,0,,0,0,,0,0,0,0,0,0,0,0,0.0,0,0,0,0,0,64.0,64240.0,0,0,0,58,eth:ethertype:ip:tcp,,,,,,,,,,,0.0,Normal,0.0
1744309122734190,10.42.0.1,10.42.0.2,1883,50184,1,4,0,1,0,0,0,0,0,0,0,0,0,0.0,0,,0,0,,0,0,0,0,0,0,0,0,0.0,0,0,0,0,0,64.0,64237.0,0,0,0,54,eth:ethertype:ip:tcp,,,,,,,,,,,0.0,Normal,0.0
1744309122738077,10.42.0.1,10.42.0.2,1883,50184,1,33,0,1,0,0,0,0,0,0,0,0,0,0.0,0,,0,0,,0,0,0,0,0,0,0,0,0.0,0,0,0,0,0,64.0,64208.0,0,0,0,54,eth:ethertype:ip:tcp,,,,,,,,,,,0.0,Normal,0.0
1744309122741172,10.42.0.1,10.42.0.2,1883,50184,1,45,0,1,0,0,0,0,0,0,0,0,0,0.0,0,,0,0,,0,0,0,0,0,0,0,0,0.0,0,0,0,0,0,64.0,64196.0,0,0,0,54,eth:ethertype:ip:tcp,,,,,,,,,,,0.0,Normal,0.0
1744309122741497,10.42.0.1,10.42.0.2,1883,50184,1,45,0,1,0,0,1,0,4,0,0,0,0,0.0,0,,0,2,,0,0,0,0,2,0,0,0,0.0,0x00,0,0,0,0,64.0,64196.0,0,0,0,58,eth:ethertype:ip:tcp:mqtt,,,,,,,,,,,0.0,Normal,0.0
1744309122788633,10.42.0.1,10.42.0.2,1883,50184,5,234,0,1,0,0,0,0,0,0,0,0,0,0.0,0,,0,0,,0,0,0,0,0,0,0,0,0.0,0,0,0,0,0,64.0,64007.0,0,0,0,54,eth:ethertype:ip:tcp,,,,,,,,,,,0.0,Normal,0.0
1744309122788717,10.42.0.1,10.42.0.2,1883,50184,5,234,0,1,1,0,0,0,0,0,0,0,0,0.0,0,,0,0,,0,0,0,0,0,0,0,0,0.0,0,0,0,0,0,64.0,64007.0,0,0,0,54,eth:ethertype:ip:tcp,,,,,,,,,,,0.0,Normal,0.0
1744309137797498,10.42.0.1,10.42.0.139,1883,50185,0,1,1,1,0,0,0,0,0,0,0,0,0,0.0,0,,0,0,,0,0,0,0,0,0,0,0,0.0,0,0,0,0,0,64.0,64240.0,0,0,0,58,eth:ethertype:ip:tcp,,,,,,,,,,,0.0,Normal,0.0
1744309137804988,10.42.0.1,10.42.0.139,1883,50185,1,4,0,1,0,0,0,0,0,0,0,0,0,0.0,0,,0,0,,0,0,0,0,0,0,0,0,0.0,0,0,0,0,0,64.0,64237.0,0,0,0,54,eth:ethertype:ip:tcp,,,,,,,,,,,0.0,Normal,0.0
1744309137810492,10.42.0.1,10.42.0.139,1883,50185,1,45,0,1,0,0,0,0,0,0,0,0,0,0.0,0,,0,0,,0,0,0,0,0,0,0,0,0.0,0,0,0,0,0,64.0,64196.0,0,0,0,54,eth:ethertype:ip:tcp,,,,,,,,,,,0.0,Normal,0.0
1744309137810835,10.42.0.1,10.42.0.139,1883,50185,1,45,0,1,0,0,1,0,4,0,0,0,0,0.0,0,,0,2,,0,0,0,0,2,0,0,0,0.0,0x00,0,0,0,0,64.0,64196.0,0,0,0,58,eth:ethertype:ip:tcp:mqtt,,,,,,,,,,,0.0,Normal,0.0
1744309137858126,10.42.0.1,10.42.0.139,1883,50185,5,234,0,1,0,0,0,0,0,0,0,0,0,0.0,0,,0,0,,0,0,0,0,0,0,0,0,0.0,0,0,0,0,0,64.0,64007.0,0,0,0,54,eth:ethertype:ip:tcp,,,,,,,,,,,0.0,Normal,0.0
1744309137858181,10.42.0.1,10.42.0.139,1883,50185,5,234,0,1,1,0,0,0,0,0,0,0,0,0.0,0,,0,0,,0,0,0,0,0,0,0,0,0.0,0,0,0,0,0,64.0,64007.0,0,0,0,54,eth:ethertype:ip:tcp,,,,,,,,,,,0.0,Normal,0.0
1744309152797498,10.42.0.1,10.42.0.2,1883,50185,0,1,1,1,0,0,0,0,0,0,0,0,0,0.0,0,,0,0,,0,0,0,0,0,0,0,0,0.0,0,0,0,0,0,64.0,64240.0,0,0,0,58,eth:ethertype:ip:tcp,,,,,,,,,,,0.0,Normal,0.0
1744309152804988,10.42.0.1,10.42.0.2,1883,50185,1,4,0,1,0,0,0,0,0,0,0,0,0,0.0,0,,0,0,,0,0,0,0,0,0,0,0,0.0,0,0,0,0,0,64.0,64237.0,0,0,0,54,eth:ethertype:ip:tcp,,,,,,,,,,,0.0,Normal,0.0
1744309152810492,10.42.0.1,10.42.0.2,1883,50185,1,45,0,1,0,0,0,0,0,0,0,0,0,0.0,0,,0,0,,0,0,0,0,0,0,0,0,0.0,0,0,0,0,0,64.0,64196.0,0,0,0,54,eth:ethertype:ip:tcp,,,,,,,,,,,0.0,Normal,0.0
1744309152810835,10.42.0.1,10.42.0.2,1883,50185,1,45,0,1,0,0,1,0,4,0,0,0,0,0.0,0,,0,2,,0,0,0,0,2,0,0,0,0.0,0x00,0,0,0,0,64.0,64196.0,0,0,0,58,eth:ethertype:ip:tcp:mqtt,,,,,,,,,,,0.0,Normal,0.0
1744309152858126,10.42.0.1,10.42.0.2,1883,50185,5,234,0,1,0,0,0,0,0,0,0,0,0,0.0,0,,0,0,,0,0,0,0,0,0,0,0,0.0,0,0,0,0,0,64.0,64007.0,0,0,0,54,eth:ethertype:ip:tcp,,,,,,,,,,,0.0,Normal,0.0
1744309152858181,10.42.0.1,10.42.0.2,1883,50185,5,234,0,1,1,0,0,0,0,0,0,0,0,0.0,0,,0,0,,0,0,0,0,0,0,0,0,0.0,0,0,0,0,0,64.0,64007.0,0,0,0,54,eth:ethertype:ip:tcp,,,,,,,,,,,0.0,Normal,0.0
1744309167866765,10.42.0.1,10.42.0.139,1883,50186,0,1,1,1,0,0,0,0,0,0,0,0,0,0.0,0,,0,0,,0,0,0,0,0,0,0,0,0.0,0,0,0,0,0,64.0,64240.0,0,0,0,58,eth:ethertype:ip:tcp,,,,,,,,,,,0.0,Normal,0.0
1744309167872772,10.42.0.1,10.42.0.139,1883,50186,1,4,0,1,0,0,0,0,0,0,0,0,0,0.0,0,,0,0,,0,0,0,0,0,0,0,0,0.0,0,0,0,0,0,64.0,64237.0,0,0,0,54,eth:ethertype:ip:tcp,,,,,,,,,,,0.0,Normal,0.0
1744309167876201,10.42.0.1,10.42.0.139,1883,50186,1,33,0,1,0,0,0,0,0,0,0,0,0,0.0,0,,0,0,,0,0,0,0,0,0,0,0,0.0,0,0,0,0,0,64.0,64208.0,0,0,0,54,eth:ethertype:ip:tcp,,,,,,,,,,,0.0,Normal,0.0
1744309167880049,10.42.0.1,10.42.0.139,1883,50186,1,35,0,1,0,0,0,0,0,0,0,0,0,0.0,0,,0,0,,0,0,0,0,0,0,0,0,0.0,0,0,0,0,0,64.0,64206.0,0,0,0,54,eth:ethertype:ip:tcp,,,,,,,,,,,0.0,Normal,0.0
1744309167884014,10.42.0.1,10.42.0.139,1883,50186,1,39,0,1,0,0,0,0,0,0,0,0,0,0.0,0,,0,0,,0,0,0,0,0,0,0,0,0.0,0,0,0,0,0,64.0,64202.0,0,0,0,54,eth:ethertype:ip:tcp,,,,,,,,,,,0.0,Normal,0.0
1744309167887770,10.42.0.1,10.42.0.139,1883,50186,1,41,0,1,0,0,0,0,0,0,0,0,0,0.0,0,,0,0,,0,0,0,0,0,0,0,0,0.0,0,0,0,0,0,64.0,64200.0,0,0,0,54,eth:ethertype:ip:tcp,,,,,,,,,,,0.0,Normal,0.0
1744309167891791,10.42.0.1,10.42.0.139,1883,50186,1,45,0,1,0,0,0,0,0,0,0,0,0,0.0,0,,0,0,,0,0,0,0,0,0,0,0,0.0,0,0,0,0,0,64.0,64196.0,0,0,0,54,eth:ethertype:ip:tcp,,,,,,,,,,,0.0,Normal,0.0
1744309167892237,10.42.0.1,10.42.0.139,1883,50186,1,45,0,1,0,0,1,0,4,0,0,0,0,0.0,0,,0,2,,0,0,0,0,2,0,0,0,0.0,0x00,0,0,0,0,64.0,64196.0,0,0,0,58,eth:ethertype:ip:tcp:mqtt,,,,,,,,,,,0.0,Normal,0.0
1744309167937688,10.42.0.1,10.42.0.139,1883,50186,5,234,0,1,0,0,0,0,0,0,0,0,0,0.0,0,,0,0,,0,0,0,0,0,0,0,0,0.0,0,0,0,0,0,64.0,64007.0,0,0,0,54,eth:ethertype:ip:tcp,,,,,,,,,,,0.0,Normal,0.0
1744309167937777,10.42.0.1,10.42.0.139,1883,50186,5,234,0,1,1,0,0,0,0,0,0,0,0,0.0,0,,0,0,,0,0,0,0,0,0,0,0,0.0,0,0,0,0,0,64.0,64007.0,0,0,0,54,eth:ethertype:ip:tcp,,,,,,,,,,,0.0,Normal,0.0
1744309182866765,10.42.0.1,10.42.0.2,1883,50186,0,1,1,1,0,0,0,0,0,0,0,0,0,0.0,0,,0,0,,0,0,0,0,0,0,0,0,0.0,0,0,0,0,0,64.0,64240.0,0,0,0,58,eth:ethertype:ip:tcp,,,,,,,,,,,0.0,Normal,0.0
1744309182872772,10.42.0.1,10.42.0.2,1883,50186,1,4,0,1,0,0,0,0,0,0,0,0,0,0.0,0,,0,0,,0,0,0,0,0,0,0,0,0.0,0,0,0,0,0,64.0,64237.0,0,0,0,54,eth:ethertype:ip:tcp,,,,,,,,,,,0.0,Normal,0.0
1744309182876201,10.42.0.1,10.42.0.2,1883,50186,1,33,0,1,0,0,0,0,0,0,0,0,0,0.0,0,,0,0,,0,0,0,0,0,0,0,0,0.0,0,0,0,0,0,64.0,64208.0,0,0,0,54,eth:ethertype:ip:tcp,,,,,,,,,,,0.0,Normal,0.0
1744309182880049,10.42.0.1,10.42.0.2,1883,50186,1,35,0,1,0,0,0,0,0,0,0,0,0,0.0,0,,0,0,,0,0,0,0,0,0,0,0,0.0,0,0,0,0,0,64.0,64206.0,0,0,0,54,eth:ethertype:ip:tcp,,,,,,,,,,,0.0,Normal,0.0
1744309182884014,10.42.0.1,10.42.0.2,1883,50186,1,39,0,1,0,0,0,0,0,0,0,0,0,0.0,0,,0,0,,0,0,0,0,0,0,0,0,0.0,0,0,0,0,0,64.0,64202.0,0,0,0,54,eth:ethertype:ip:tcp,,,,,,,,,,,0.0,Normal,0.0
1744309182887770,10.42.0.1,10.42.0.2,1883,50186,1,41,0,1,0,0,0,0,0,0,0,0,0,0.0,0,,0,0,,0,0,0,0,0,0,0,0,0.0,0,0,0,0,0,64.0,64200.0,0,0,0,54,eth:ethertype:ip:tcp,,,,,,,,,,,0.0,Normal,0.0
1744309182891791,10.42.0.1,10.42.0.2,1883,50186,1,45,0,1,0,0,0,0,0,0,0,0,0,0.0,0,,0,0,,0,0,0,0,0,0,0,0,0.0,0,0,0,0,0,64.0,64196.0,0,0,0,54,eth:ethertype:ip:tcp,,,,,,,,,,,0.0,Normal,0.0
1744309182892237,10.42.0.1,10.42.0.2,1883,50186,1,45,0,1,0,0,1,0,4,0,0,0,0,0.0,0,,0,2,,0,0,0,0,2,0,0,0,0.0,0x00,0,0,0,0,64.0,64196.0,0,0,0,58,eth:ethertype:ip:tcp:mqtt,,,,,,,,,,,0.0,Normal,0.0
1744309182937688,10.42.0.1,10.42.0.2,1883,50186,5,234,0,1,0,0,0,0,0,0,0,0,0,0.0,0,,0,0,,0,0,0,0,0,0,0,0,0.0,0,0,0,0,0,64.0,64007.0,0,0,0,54,eth:ethertype:ip:tcp,,,,,,,,,,,0.0,Normal,0.0
1744309182937777,10.42.0.1,10.42.0.2,1883,50186,5,234,0,1,1,0,0,0,0,0,0,0,0,0.0,0,,0,0,,0,0,0,0,0,0,0,0,0.0,0,0,0,0,0,64.0,64007.0,0,0,0,54,eth:ethertype:ip:tcp,,,,,,,,,,,0.0,Normal,0.0
1744309197954526,10.42.0.1,10.42.0.139,1883,50187,0,1,1,1,0,0,0,0,0,0,0,0,0,0.0,0,,0,0,,0,0,0,0,0,0,0,0,0.0,0,0,0,0,0,64.0,64240.0,0,0,0,58,eth:ethertype:ip:tcp,,,,,,,,,,,0.0,Normal,0.0
1744309197961257,10.42.0.1,10.42.0.139,1883,50187,1,4,0,1,0,0,0,0,0,0,0,0,0,0.0,0,,0,0,,0,0,0,0,0,0,0,0,0.0,0,0,0,0,0,64.0,64237.0,0,0,0,54,eth:ethertype:ip:tcp,,,,,,,,,,,0.0,Normal,0.0
1744309197964506,10.42.0.1,10.42.0.139,1883,50187,1,41,0,1,0,0,0,0,0,0,0,0,0,0.0,0,,0,0,,0,0,0,0,0,0,0,0,0.0,0,0,0,0,0,64.0,64200.0,0,0,0,54,eth:ethertype:ip:tcp,,,,,,,,,,,0.0,Normal,0.0
1744309197967198,10.42.0.1,10.42.0.139,1883,50187,1,45,0,1,0,0,0,0,0,0,0,0,0,0.0,0,,0,0,,0,0,0,0,0,0,0,0,0.0,0,0,0,0,0,64.0,64196.0,0,0,0,54,eth:ethertype:ip:tcp,,,,,,,,,,,0.0,Normal,0.0
1744309197967450,10.42.0.1,10.42.0.139,1883,50187,1,45,0,1,0,0,1,0,4,0,0,0,0,0.0,0,,0,2,,0,0,0,0,2,0,0,0,0.0,0x00,0,0,0,0,64.0,64196.0,0,0,0,58,eth:ethertype:ip:tcp:mqtt,,,,,,,,,,,0.0,Normal,0.0
1744309198016525,10.42.0.1,10.42.0.139,1883,50187,5,234,0,1,0,0,0,0,0,0,0,0,0,0.0,0,,0,0,,0,0,0,0,0,0,0,0,0.0,0,0,0,0,0,64.0,64007.0,0,0,0,54,eth:ethertype:ip:tcp,,,,,,,,,,,0.0,Normal,0.0
1744309198016564,10.42.0.1,10.42.0.139,1883,50187,5,234,0,1,1,0,0,0,0,0,0,0,0,0.0,0,,0,0,,0,0,0,0,0,0,0,0,0.0,0,0,0,0,0,64.0,64007.0,0,0,0,54,eth:ethertype:ip:tcp,,,,,,,,,,,0.0,Normal,0.0
1744309212954526,10.42.0.1,10.42.0.2,1883,50187,0,1,1,1,0,0,0,0,0,0,0,0,0,0.0,0,,0,0,,0,0,0,0,0,0,0,0,0.0,0,0,0,0,0,64.0,64240.0,0,0,0,58,eth:ethertype:ip:tcp,,,,,,,,,,,0.0,Normal,0.0
1744309212961257,10.42.0.1,10.42.0.2,1883,50187,1,4,0,1,0,0,0,0,0,0,0,0,0,0.0,0,,0,0,,0,0,0,0,0,0,0,0,0.0,0,0,0,0,0,64.0,64237.0,0,0,0,54,eth:ethertype:ip:tcp,,,,,,,,,,,0.0,Normal,0.0
1744309212964506,10.42.0.1,10.42.0.2,1883,50187,1,41,0,1,0,0,0,0,0,0,0,0,0,0.0,0,,0,0,,0,0,0,0,0,0,0,0,0.0,0,0,0,0,0,64.0,64200.0,0,0,0,54,eth:ethertype:ip:tcp,,,,,,,,,,,0.0,Normal,0.0
1744309212967198,10.42.0.1,10.42.0.2,1883,50187,1,45,0,1,0,0,0,0,0,0,0,0,0,0.0,0,,0,0,,0,0,0,0,0,0,0,0,0.0,0,0,0,0,0,64.0,64196.0,0,0,0,54,eth:ethertype:ip:tcp,,,,,,,,,,,0.0,Normal,0.0
1744309212967450,10.42.0.1,10.42.0.2,1883,50187,1,45,0,1,0,0,1,0,4,0,0,0,0,0.0,0,,0,2,,0,0,0,0,2,0,0,0,0.0,0x00,0,0,0,0,64.0,64196.0,0,0,0,58,eth:ethertype:ip:tcp:mqtt,,,,,,,,,,,0.0,Normal,0.0
1744309213016525,10.42.0.1,10.42.0.2,1883,50187,5,234,0,1,0,0,0,0,0,0,0,0,0,0.0,0,,0,0,,0,0,0,0,0,0,0,0,0.0,0,0,0,0,0,64.0,64007.0,0,0,0,54,eth:ethertype:ip:tcp,,,,,,,,,,,0.0,Normal,0.0
1744309213016564,10.42.0.1,10.42.0.2,1883,50187,5,234,0,1,1,0,0,0,0,0,0,0,0,0.0,0,,0,0,,0,0,0,0,0,0,0,0,0.0,0,0,0,0,0,64.0,64007.0,0,0,0,54,eth:ethertype:ip:tcp,,,,,,,,,,,0.0,Normal,0.0
1744309228026516,10.42.0.1,10.42.0.139,1883,50188,0,1,1,1,0,0,0,0,0,0,0,0,0,0.0,0,,0,0,,0,0,0,0,0,0,0,0,0.0,0,0,0,0,0,64.0,64240.0,0,0,0,58,eth:ethertype:ip:tcp,,,,,,,,,,,0.0,Normal,0.0
1744309228032585,10.42.0.1,10.42.0.139,1883,50188,1,4,0,1,0,0,0,0,0,0,0,0,0,0.0,0,,0,0,,0,0,0,0,0,0,0,0,0.0,0,0,0,0,0,64.0,64237.0,0,0,0,54,eth:ethertype:ip:tcp,,,,,,,,,,,0.0,Normal,0.0
1744309228035899,10.42.0.1,10.42.0.139,1883,50188,1,33,0,1,0,0,0,0,0,0,0,0,0,0.0,0,,0,0,,0,0,0,0,0,0,0,0,0.0,0,0,0,0,0,64.0,64208.0,0,0,0,54,eth:ethertype:ip:tcp,,,,,,,,,,,0.0,Normal,0.0
1744309228039109,10.42.0.1,10.42.0.139,1883,50188,1,45,0,1,0,0,0,0,0,0,0,0,0,0.0,0,,0,0,,0,0,0,0,0,0,0,0,0.0,0,0,0,0,0,64.0,64196.0,0,0,0,54,eth:ethertype:ip:tcp,,,,,,,,,,,0.0,Normal,0.0
1744309228039455,10.42.0.1,10.42.0.139,1883,50188,1,45,0,1,0,0,1,0,4,0,0,0,0,0.0,0,,0,2,,0,0,0,0,2,0,0,0,0.0,0x00,0,0,0,0,64.0,64196.0,0,0,0,58,eth:ethertype:ip:tcp:mqtt,,,,,,,,,,,0.0,Normal,0.0
1744309228086047,10.42.0.1,10.42.0.139,1883,50188,5,234,0,1,0,0,0,0,0,0,0,0,0,0.0,0,,0,0,,0,0,0,0,0,0,0,0,0.0,0,0,0,0,0,64.0,64007.0,0,0,0,54,eth:ethertype:ip:tcp,,,,,,,,,,,0.0,Normal,0.0
1744309228086133,10.42.0.1,10.42.0.139,1883,50188,5,234,0,1,1,0,0,0,0,0,0,0,0,0.0,0,,0,0,,0,0,0,0,0,0,0,0,0.0,0,0,0,0,0,64.0,64007.0,0,0,0,54,eth:ethertype:ip:tcp,,,,,,,,,,,0.0,Normal,0.0
1744309243026516,10.42.0.1,10.42.0.2,1883,50188,0,1,1,1,0,0,0,0,0,0,0,0,0,0.0,0,,0,0,,0,0,0,0,0,0,0,0,0.0,0,0,0,0,0,64.0,64240.0,0,0,0,58,eth:ethertype:ip:tcp,,,,,,,,,,,0.0,Normal,0.0
1744309243032585,10.42.0.1,10.42.0.2,1883,50188,1,4,0,1,0,0,0,0,0,0,0,0,0,0.0,0,,0,0,,0,0,0,0,0,0,0,0,0.0,0,0,0,0,0,64.0,64237.0,0,0,0,54,eth:ethertype:ip:tcp,,,,,,,,,,,0.0,Normal,0.0
1744309243035899,10.42.0.1,10.42.0.2,1883,50188,1,33,0,1,0,0,0,0,0,0,0,0,0,0.0,0,,0,0,,0,0,0,0,0,0,0,0,0.0,0,0,0,0,0,64.0,64208.0,0,0,0,54,eth:ethertype:ip:tcp,,,,,,,,,,,0.0,Normal,0.0
1744309243039109,10.42.0.1,10.42.0.2,1883,50188,1,45,0,1,0,0,0,0,0,0,0,0,0,0.0,0,,0,0,,0,0,0,0,0,0,0,0,0.0,0,0,0,0,0,64.0,64196.0,0,0,0,54,eth:ethertype:ip:tcp,,,,,,,,,,,0.0,Normal,0.0
1744309243039455,10.42.0.1,10.42.0.2,1883,50188,1,45,0,1,0,0,1,0,4,0,0,0,0,0.0,0,,0,2,,0,0,0,0,2,0,0,0,0.0,0x00,0,0,0,0,64.0,64196.0,0,0,0,58,eth:ethertype:ip:tcp:mqtt,,,,,,,,,,,0.0,Normal,0.0
1744309243086047,10.42.0.1,10.42.0.2,1883,50188,5,234,0,1,0,0,0,0,0,0,0,0,0,0.0,0,,0,0,,0,0,0,0,0,0,0,0,0.0,0,0,0,0,0,64.0,64007.0,0,0,0,54,eth:ethertype:ip:tcp,,,,,,,,,,,0.0,Normal,0.0
1744309243086133,10.42.0.1,10.42.0.2,1883,50188,5,234,0,1,1,0,0,0,0,0,0,0,0,0.0,0,,0,0,,0,0,0,0,0,0,0,0,0.0,0,0,0,0,0,64.0,64007.0,0,0,0,54,eth:ethertype:ip:tcp,,,,,,,,,,,0.0,Normal,0.0
1744309258093949,10.42.0.1,10.42.0.139,1883,50189,0,1,1,1,0,0,0,0,0,0,0,0,0,0.0,0,,0,0,,0,0,0,0,0,0,0,0,0.0,0,0,0,0,0,64.0,64240.0,0,0,0,58,eth:ethertype:ip:tcp,,,,,,,,,,,0.0,Normal,0.0
1744309258100073,10.42.0.1,10.42.0.139,1883,50189,1,4,0,1,0,0,0,0,0,0,0,0,0,0.0,0,,0,0,,0,0,0,0,0,0,0,0,0.0,0,0,0,0,0,64.0,64237.0,0,0,0,54,eth:ethertype:ip:tcp,,,,,,,,,,,0.0,Normal,0.0
1744309258104096,10.42.0.1,10.42.0.139,1883,50189,1,45,0,1,0,0,0,0,0,0,0,0,0,0.0,0,,0,0,,0,0,0,0,0,0,0,0,0.0,0,0,0,0,0,64.0,64196.0,0,0,0,54,eth:ethertype:ip:tcp,,,,,,,,,,,0.0,Normal,0.0
1744309258104491,10.42.0.1,10.42.0.139,1883,50189,1,45,0,1,0,0,1,0,4,0,0,0,0,0.0,0,,0,2,,0,0,0,0,2,0,0,0,0.0,0x00,0,0,0,0,64.0,64196.0,0,0,0,58,eth:ethertype:ip:tcp:mqtt,,,,,,,,,,,0.0,Normal,0.0
1744309258155033,10.42.0.1,10.42.0.139,1883,50189,5,234,0,1,0,0,0,0,0,0,0,0,0,0.0,0,,0,0,,0,0,0,0,0,0,0,0,0.0,0,0,0,0,0,64.0,64007.0,0,0,0,54,eth:ethertype:ip:tcp,,,,,,,,,,,0.0,Normal,0.0
1744309258155096,10.42.0.1,10.42.0.139,1883,50189,5,234,0,1,1,0,0,0,0,0,0,0,0,0.0,0,,0,0,,0,0,0,0,0,0,0,0,0.0,0,0,0,0,0,64.0,64007.0,0,0,0,54,eth:ethertype:ip:tcp,,,,,,,,,,,0.0,Normal,0.0
1744309273093949,10.42.0.1,10.42.0.2,1883,50189,0,1,1,1,0,0,0,0,0,0,0,0,0,0.0,0,,0,0,,0,0,0,0,0,0,0,0,0.0,0,0,0,0,0,64.0,64240.0,0,0,0,58,eth:ethertype:ip:tcp,,,,,,,,,,,0.0,Normal,0.0
1744309273100073,10.42.0.1,10.42.0.2,1883,50189,1,4,0,1,0,0,0,0,0,0,0,0,0,0.0,0,,0,0,,0,0,0,0,0,0,0,0,0.0,0,0,0,0,0,64.0,64237.0,0,0,0,54,eth:ethertype:ip:tcp,,,,,,,,,,,0.0,Normal,0.0
1744309273104096,10.42.0.1,10.42.0.2,1883,50189,1,45,0,1,0,0,0,0,0,0,0,0,0,0.0,0,,0,0,,0,0,0,0,0,0,0,0,0.0,0,0,0,0,0,64.0,64196.0,0,0,0,54,eth:ethertype:ip:tcp,,,,,,,,,,,0.0,Normal,0.0
1744309273104491,10.42.0.1,10.42.0.2,1883,50189,1,45,0,1,0,0,1,0,4,0,0,0,0,0.0,0,,0,2,,0,0,0,0,2,0,0,0,0.0,0x00,0,0,0,0,64.0,64196.0,0,0,0,58,eth:ethertype:ip:tcp:mqtt,,,,,,,,,,,0.0,Normal,0.0
1744309273155033,10.42.0.1,10.42.0.2,1883,50189,5,234,0,1,0,0,0,0,0,0,0,0,0,0.0,0,,0,0,,0,0,0,0,0,0,0,0,0.0,0,0,0,0,0,64.0,64007.0,0,0,0,54,eth:ethertype:ip:tcp,,,,,,,,,,,0.0,Normal,0.0
1744309273155096,10.42.0.1,10.42.0.2,1883,50189,5,234,0,1,1,0,0,0,0,0,0,0,0,0.0,0,,0,0,,0,0,0,0,0,0,0,0,0.0,0,0,0,0,0,64.0,64007.0,0,0,0,54,eth:ethertype:ip:tcp,,,,,,,,,,,0.0,Normal,0.0
1744309288164165,10.42.0.1,10.42.0.139,1883,50190,0,1,1,1,0,0,0,0,0,0,0,0,0,0.0,0,,0,0,,0,0,0,0,0,0,0,0,0.0,0,0,0,0,0,64.0,64240.0,0,0,0,58,eth:ethertype:ip:tcp,,,,,,,,,,,0.0,Normal,0.0
1744309288170160,10.42.0.1,10.42.0.139,1883,50190,1,4,0,1,0,0,0,0,0,0,0,0,0,0.0,0,,0,0,,0,0,0,0,0,0,0,0,0.0,0,0,0,0,0,64.0,64237.0,0,0,0,54,eth:ethertype:ip:tcp,,,,,,,,,,,0.0,Normal,0.0
1744309288173584,10.42.0.1,10.42.0.139,1883,50190,1,33,0,1,0,0,0,0,0,0,0,0,0,0.0,0,,0,0,,0,0,0,0,0,0,0,0,0.0,0,0,0,0,0,64.0,64208.0,0,0,0,54,eth:ethertype:ip:tcp,,,,,,,,,,,0.0,Normal,0.0
1744309288176635,10.42.0.1,10.42.0.139,1883,50190,1,45,0,1,0,0,0,0,0,0,0,0,0,0.0,0,,0,0,,0,0,0,0,0,0,0,0,0.0,0,0,0,0,0,64.0,64196.0,0,0,0,54,eth:ethertype:ip:tcp,,,,,,,,,,,0.0,Normal,0.0
1744309288176987,10.42.0.1,10.42.0.139,1883,50190,1,45,0,1,0,0,1,0,4,0,0,0,0,0.0,0,,0,2,,0,0,0,0,2,0,0,0,0.0,0x00,0,0,0,0,64.0,64196.0,0,0,0,58,eth:ethertype:ip:tcp:mqtt,,,,,,,,,,,0.0,Normal,0.0
1744309288224873,10.42.0.1,10.42.0.139,1883,50190,5,234,0,1,0,0,0,0,0,0,0,0,0,0.0,0,,0,0,,0,0,0,0,0,0,0,0,0.0,0,0,0,0,0,64.0,64007.0,0,0,0,54,eth:ethertype:ip:tcp,,,,,,,,,,,0.0,Normal,0.0
1744309288224947,10.42.0.1,10.42.0.139,1883,50190,5,234,0,1,1,0,0,0,0,0,0,0,0,0.0,0,,0,0,,0,0,0,0,0,0,0,0,0.0,0,0,0,0,0,64.0,64007.0,0,0,0,54,eth:ethertype:ip:tcp,,,,,,,,,,,0.0,Normal,0.0
1744309303164165,10.42.0.1,10.42.0.2,1883,50190,0,1,1,1,0,0,0,0,0,0,0,0,0,0.0,0,,0,0,,0,0,0,0,0,0,0,0,0.0,0,0,0,0,0,64.0,64240.0,0,0,0,58,eth:ethertype:ip:tcp,,,,,,,,,,,0.0,Normal,0.0
1744309303170160,10.42.0.1,10.42.0.2,1883,50190,1,4,0,1,0,0,0,0,0,0,0,0,0,0.0,0,,0,0,,0,0,0,0,0,0,0,0,0.0,0,0,0,0,0,64.0,64237.0,0,0,0,54,eth:ethertype:ip:tcp,,,,,,,,,,,0.0,Normal,0.0
1744309303173584,10.42.0.1,10.42.0.2,1883,50190,1,33,0,1,0,0,0,0,0,0,0,0,0,0.0,0,,0,0,,0,0,0,0,0,0,0,0,0.0,0,0,0,0,0,64.0,64208.0,0,0,0,54,eth:ethertype:ip:tcp,,,,,,,,,,,0.0,Normal,0.0
1744309303176635,10.42.0.1,10.42.0.2,1883,50190,1,45,0,1,0,0,0,0,0,0,0,0,0,0.0,0,,0,0,,0,0,0,0,0,0,0,0,0.0,0,0,0,0,0,64.0,64196.0,0,0,0,54,eth:ethertype:ip:tcp,,,,,,,,,,,0.0,Normal,0.0
1744309303176987,10.42.0.1,10.42.0.2,1883,50190,1,45,0,1,0,0,1,0,4,0,0,0,0,0.0,0,,0,2,,0,0,0,0,2,0,0,0,0.0,0x00,0,0,0,0,64.0,64196.0,0,0,0,58,eth:ethertype:ip:tcp:mqtt,,,,,,,,,,,0.0,Normal,0.0
1744309303224873,10.42.0.1,10.42.0.2,1883,50190,5,234,0,1,0,0,0,0,0,0,0,0,0,0.0,0,,0,0,,0,0,0,0,0,0,0,0,0.0,0,0,0,0,0,64.0,64007.0,0,0,0,54,eth:ethertype:ip:tcp,,,,,,,,,,,0.0,Normal,0.0
1744309303224947,10.42.0.1,10.42.0.2,1883,50190,5,234,0,1,1,0,0,0,0,0,0,0,0,0.0,0,,0,0,,0,0,0,0,0,0,0,0,0.0,0,0,0,0,0,64.0,64007.0,0,0,0,54,eth:ethertype:ip:tcp,,,,,,,,,,,0.0,Normal,0.0
1744309318234544,10.42.0.1,10.42.0.139,1883,50191,0,1,1,1,0,0,0,0,0,0,0,0,0,0.0,0,,0,0,,0,0,0,0,0,0,0,0,0.0,0,0,0,0,0,64.0,64240.0,0,0,0,58,eth:ethertype:ip:tcp,,,,,,,,,,,0.0,Normal,0.0
1744309318240582,10.42.0.1,10.42.0.139,1883,50191,1,4,0,1,0,0,0,0,0,0,0,0,0,0.0,0,,0,0,,0,0,0,0,0,0,0,0,0.0,0,0,0,0,0,64.0,64237.0,0,0,0,54,eth:ethertype:ip:tcp,,,,,,,,,,,0.0,Normal,0.0
1744309318243981,10.42.0.1,10.42.0.139,1883,50191,1,15,0,1,0,0,0,0,0,0,0,0,0,0.0,0,,0,0,,0,0,0,0,0,0,0,0,0.0,0,0,0,0,0,64.0,64226.0,0,0,0,54,eth:ethertype:ip:tcp,,,,,,,,,,,0.0,Normal,0.0
1744309318247142,10.42.0.1,10.42.0.139,1883,50191,1,45,0,1,0,0,0,0,0,0,0,0,0,0.0,0,,0,0,,0,0,0,0,0,0,0,0,0.0,0,0,0,0,0,64.0,64196.0,0,0,0,54,eth:ethertype:ip:tcp,,,,,,,,,,,0.0,Normal,0.0
1744309318247465,10.42.0.1,10.42.0.139,1883,50191,1,45,0,1,0,0,1,0,4,0,0,0,0,0.0,0,,0,2,,0,0,0,0,2,0,0,0,0.0,0x00,0,0,0,0,64.0,64196.0,0,0,0,58,eth:ethertype:ip:tcp:mqtt,,,,,,,,,,,0.0,Normal,0.0
1744309318294676,10.42.0.1,10.42.0.139,1883,50191,5,234,0,1,0,0,0,0,0,0,0,0,0,0.0,0,,0,0,,0,0,0,0,0,0,0,0,0.0,0,0,0,0,0,64.0,64007.0,0,0,0,54,eth:ethertype:ip:tcp,,,,,,,,,,,0.0,Normal,0.0
1744309318294713,10.42.0.1,10.42.0.139,1883,50191,5,234,0,1,1,0,0,0,0,0,0,0,0,0.0,0,,0,0,,0,0,0,0,0,0,0,0,0.0,0,0,0,0,0,64.0,64007.0,0,0,0,54,eth:ethertype:ip:tcp,,,,,,,,,,,0.0,Normal,0.0
1744309333234544,10.42.0.1,10.42.0.2,1883,50191,0,1,1,1,0,0,0,0,0,0,0,0,0,0.0,0,,0,0,,0,0,0,0,0,0,0,0,0.0,0,0,0,0,0,64.0,64240.0,0,0,0,58,eth:ethertype:ip:tcp,,,,,,,,,,,0.0,Normal,0.0
1744309333240582,10.42.0.1,10.42.0.2,1883,50191,1,4,0,1,0,0,0,0,0,0,0,0,0,0.0,0,,0,0,,0,0,0,0,0,0,0,0,0.0,0,0,0,0,0,64.0,64237.0,0,0,0,54,eth:ethertype:ip:tcp,,,,,,,,,,,0.0,Normal,0.0
1744309333243981,10.42.0.1,10.42.0.2,1883,50191,1,15,0,1,0,0,0,0,0,0,0,0,0,0.0,0,,0,0,,0,0,0,0,0,0,0,0,0.0,0,0,0,0,0,64.0,64226.0,0,0,0,54,eth:ethertype:ip:tcp,,,,,,,,,,,0.0,Normal,0.0
1744309333247142,10.42.0.1,10.42.0.2,1883,50191,1,45,0,1,0,0,0,0,0,0,0,0,0,0.0,0,,0,0,,0,0,0,0,0,0,0,0,0.0,0,0,0,0,0,64.0,64196.0,0,0,0,54,eth:ethertype:ip:tcp,,,,,,,,,,,0.0,Normal,0.0
1744309333247465,10.42.0.1,10.42.0.2,1883,50191,1,45,0,1,0,0,1,0,4,0,0,0,0,0.0,0,,0,2,,0,0,0,0,2,0,0,0,0.0,0x00,0,0,0,0,64.0,64196.0,0,0,0,58,eth:ethertype:ip:tcp:mqtt,,,,,,,,,,,0.0,Normal,0.0
1744309333294676,10.42.0.1,10.42.0.2,1883,50191,5,234,0,1,0,0,0,0,0,0,0,0,0,0.0,0,,0,0,,0,0,0,0,0,0,0,0,0.0,0,0,0,0,0,64.0,64007.0,0,0,0,54,eth:ethertype:ip:tcp,,,,,,,,,,,0.0,Normal,0.0
1744309333294713,10.42.0.1,10.42.0.2,1883,50191,5,234,0,1,1,0,0,0,0,0,0,0,0,0.0,0,,0,0,,0,0,0,0,0,0,0,0,0.0,0,0,0,0,0,64.0,64007.0,0,0,0,54,eth:ethertype:ip:tcp,,,,,,,,,,,0.0,Normal,0.0
1744309348303305,10.42.0.1,10.42.0.139,1883,50192,0,1,1,1,0,0,0,0,0,0,0,0,0,0.0,0,,0,0,,0,0,0,0,0,0,0,0,0.0,0,0,0,0,0,64.0,64240.0,0,0,0,58,eth:ethertype:ip:tcp,,,,,,,,,,,0.0,Normal,0.0
1744309348309443,10.42.0.1,10.42.0.139,1883,50192,1,4,0,1,0,0,0,0,0,0,0,0,0,0.0,0,,0,0,,0,0,0,0,0,0,0,0,0.0,0,0,0,0,0,64.0,64237.0,0,0,0,54,eth:ethertype:ip:tcp,,,,,,,,,,,0.0,Normal,0.0
1744309348312832,10.42.0.1,10.42.0.139,1883,50192,1,33,0,1,0,0,0,0,0,0,0,0,0,0.0,0,,0,0,,0,0,0,0,0,0,0,0,0.0,0,0,0,0,0,64.0,64208.0,0,0,0,54,eth:ethertype:ip:tcp,,,,,,,,,,,0.0,Normal,0.0
1744309348316009,10.42.0.1,10.42.0.139,1883,50192,1,45,0,1,0,0,0,0,0,0,0,0,0,0.0,0,,0,0,,0,0,0,0,0,0,0,0,0.0,0,0,0,0,0,64.0,64196.0,0,0,0,54,eth:ethertype:ip:tcp,,,,,,,,,,,0.0,Normal,0.0
1744309348316394,10.42.0.1,10.42.0.139,1883,50192,1,45,0,1,0,0,1,0,4,0,0,0,0,0.0,0,,0,2,,0,0,0,0,2,0,0,0,0.0,0x00,0,0,0,0,64.0,64196.0,0,0,0,58,eth:ethertype:ip:tcp:mqtt,,,,,,,,,,,0.0,Normal,0.0
1744309348363383,10.42.0.1,10.42.0.139,1883,50192,5,234,0,1,0,0,0,0,0,0,0,0,0,0.0,0,,0,0,,0,0,0,0,0,0,0,0,0.0,0,0,0,0,0,64.0,64007.0,0,0,0,54,eth:ethertype:ip:tcp,,,,,,,,,,,0.0,Normal,0.0
1744309348363494,10.42.0.1,10.42.0.139,1883,50192,5,234,0,1,1,0,0,0,0,0,0,0,0,0.0,0,,0,0,,0,0,0,0,0,0,0,0,0.0,0,0,0,0,0,64.0,64007.0,0,0,0,54,eth:ethertype:ip:tcp,,,,,,,,,,,0.0,Normal,0.0
1744309363303305,10.42.0.1,10.42.0.2,1883,50192,0,1,1,1,0,0,0,0,0,0,0,0,0,0.0,0,,0,0,,0,0,0,0,0,0,0,0,0.0,0,0,0,0,0,64.0,64240.0,0,0,0,58,eth:ethertype:ip:tcp,,,,,,,,,,,0.0,Normal,0.0
1744309363309443,10.42.0.1,10.42.0.2,1883,50192,1,4,0,1,0,0,0,0,0,0,0,0,0,0.0,0,,0,0,,0,0,0,0,0,0,0,0,0.0,0,0,0,0,0,64.0,64237.0,0,0,0,54,eth:ethertype:ip:tcp,,,,,,,,,,,0.0,Normal,0.0
1744309363312832,10.42.0.1,10.42.0.2,1883,50192,1,33,0,1,0,0,0,0,0,0,0,0,0,0.0,0,,0,0,,0,0,0,0,0,0,0,0,0.0,0,0,0,0,0,64.0,64208.0,0,0,0,54,eth:ethertype:ip:tcp,,,,,,,,,,,0.0,Normal,0.0
1744309363316009,10.42.0.1,10.42.0.2,1883,50192,1,45,0,1,0,0,0,0,0,0,0,0,0,0.0,0,,0,0,,0,0,0,0,0,0,0,0,0.0,0,0,0,0,0,64.0,64196.0,0,0,0,54,eth:ethertype:ip:tcp,,,,,,,,,,,0.0,Normal,0.0
1744309363316394,10.42.0.1,10.42.0.2,1883,50192,1,45,0,1,0,0,1,0,4,0,0,0,0,0.0,0,,0,2,,0,0,0,0,2,0,0,0,0.0,0x00,0,0,0,0,64.0,64196.0,0,0,0,58,eth:ethertype:ip:tcp:mqtt,,,,,,,,,,,0.0,Normal,0.0
1744309363363383,10.42.0.1,10.42.0.2,1883,50192,5,234,0,1,0,0,0,0,0,0,0,0,0,0.0,0,,0,0,,0,0,0,0,0,0,0,0,0.0,0,0,0,0,0,64.0,64007.0,0,0,0,54,eth:ethertype:ip:tcp,,,,,,,,,,,0.0,Normal,0.0
1744309363363494,10.42.0.1,10.42.0.2,1883,50192,5,234,0,1,1,0,0,0,0,0,0,0,0,0.0,0,,0,0,,0,0,0,0,0,0,0,0,0.0,0,0,0,0,0,64.0,64007.0,0,0,0,54,eth:ethertype:ip:tcp,,,,,,,,,,,0.0,Normal,0.0
1744309378372107,10.42.0.1,10.42.0.139,1883,50193,0,1,1,1,0,0,0,0,0,0,0,0,0,0.0,0,,0,0,,0,0,0,0,0,0,0,0,0.0,0,0,0,0,0,64.0,64240.0,0,0,0,58,eth:ethertype:ip:tcp,,,,,,,,,,,0.0,Normal,0.0
1744309378378109,10.42.0.1,10.42.0.139,1883,50193,1,4,0,1,0,0,0,0,0,0,0,0,0,0.0,0,,0,0,,0,0,0,0,0,0,0,0,0.0,0,0,0,0,0,64.0,64237.0,0,0,0,54,eth:ethertype:ip:tcp,,,,,,,,,,,0.0,Normal,0.0
1744309378383692,10.42.0.1,10.42.0.139,1883,50193,1,33,0,1,0,0,0,0,0,0,0,0,0,0.0,0,,0,0,,0,0,0,0,0,0,0,0,0.0,0,0,0,0,0,64.0,64208.0,0,0,0,54,eth:ethertype:ip:tcp,,,,,,,,,,,0.0,Normal,0.0
1744309378386630,10.42.0.1,10.42.0.139,1883,50193,1,45,0,1,0,0,0,0,0,0,0,0,0,0.0,0,,0,0,,0,0,0,0,0,0,0,0,0.0,0,0,0,0,0,64.0,64196.0,0,0,0,54,eth:ethertype:ip:tcp,,,,,,,,,,,0.0,Normal,0.0
1744309378387038,10.42.0.1,10.42.0.139,1883,50193,1,45,0,1,0,0,1,0,4,0,0,0,0,0.0,0,,0,2,,0,0,0,0,2,0,0,0,0.0,0x00,0,0,0,0,64.0,64196.0,0,0,0,58,eth:ethertype:ip:tcp:mqtt,,,,,,,,,,,0.0,Normal,0.0
1744309378432678,10.42.0.1,10.42.0.139,1883,50193,5,234,0,1,0,0,0,0,0,0,0,0,0,0.0,0,,0,0,,0,0,0,0,0,0,0,0,0.0,0,0,0,0,0,64.0,64007.0,0,0,0,54,eth:ethertype:ip:tcp,,,,,,,,,,,0.0,Normal,0.0
1744309378432737,10.42.0.1,10.42.0.139,1883,50193,5,234,0,1,1,0,0,0,0,0,0,0,0,0.0,0,,0,0,,0,0,0,0,0,0,0,0,0.0,0,0,0,0,0,64.0,64007.0,0,0,0,54,eth:ethertype:ip:tcp,,,,,,,,,,,0.0,Normal,0.0
1744309393372107,10.42.0.1,10.42.0.2,1883,50193,0,1,1,1,0,0,0,0,0,0,0,0,0,0.0,0,,0,0,,0,0,0,0,0,0,0,0,0.0,0,0,0,0,0,64.0,64240.0,0,0,0,58,eth:ethertype:ip:tcp,,,,,,,,,,,0.0,Normal,0.0
1744309393378109,10.42.0.1,10.42.0.2,1883,50193,1,4,0,1,0,0,0,0,0,0,0,0,0,0.0,0,,0,0,,0,0,0,0,0,0,0,0,0.0,0,0,0,0,0,64.0,64237.0,0,0,0,54,eth:ethertype:ip:tcp,,,,,,,,,,,0.0,Normal,0.0
1744309393383692,10.42.0.1,10.42.0.2,1883,50193,1,33,0,1,0,0,0,0,0,0,0,0,0,0.0,0,,0,0,,0,0,0,0,0,0,0,0,0.0,0,0,0,0,0,64.0,64208.0,0,0,0,54,eth:ethertype:ip:tcp,,,,,,,,,,,0.0,Normal,0.0
1744309393386630,10.42.0.1,10.42.0.2,1883,50193,1,45,0,1,0,0,0,0,0,0,0,0,0,0.0,0,,0,0,,0,0,0,0,0,0,0,0,0.0,0,0,0,0,0,64.0,64196.0,0,0,0,54,eth:ethertype:ip:tcp,,,,,,,,,,,0.0,Normal,0.0
1744309393387038,10.42.0.1,10.42.0.2,1883,50193,1,45,0,1,0,0,1,0,4,0,0,0,0,0.0,0,,0,2,,0,0,0,0,2,0,0,0,0.0,0x00,0,0,0,0,64.0,64196.0,0,0,0,58,eth:ethertype:ip:tcp:mqtt,,,,,,,,,,,0.0,Normal,0.0
1744309393432678,10.42.0.1,10.42.0.2,1883,50193,5,234,0,1,0,0,0,0,0,0,0,0,0,0.0,0,,0,0,,0,0,0,0,0,0,0,0,0.0,0,0,0,0,0,64.0,64007.0,0,0,0,54,eth:ethertype:ip:tcp,,,,,,,,,,,0.0,Normal,0.0
1744309393432737,10.42.0.1,10.42.0.2,1883,50193,5,234,0,1,1,0,0,0,0,0,0,0,0,0.0,0,,0,0,,0,0,0,0,0,0,0,0,0.0,0,0,0,0,0,64.0,64007.0,0,0,0,54,eth:ethertype:ip:tcp,,,,,,,,,,,0.0,Normal,0.0
1744309408440724,10.42.0.1,10.42.0.139,1883,50194,0,1,1,1,0,0,0,0,0,0,0,0,0,0.0,0,,0,0,,0,0,0,0,0,0,0,0,0.0,0,0,0,0,0,64.0,64240.0,0,0,0,58,eth:ethertype:ip:tcp,,,,,,,,,,,0.0,Normal,0.0
1744309408448809,10.42.0.1,10.42.0.139,1883,50194,1,4,0,1,0,0,0,0,0,0,0,0,0,0.0,0,,0,0,,0,0,0,0,0,0,0,0,0.0,0,0,0,0,0,64.0,64237.0,0,0,0,54,eth:ethertype:ip:tcp,,,,,,,,,,,0.0,Normal,0.0
1744309408453289,10.42.0.1,10.42.0.139,1883,50194,1,45,0,1,0,0,0,0,0,0,0,0,0,0.0,0,,0,0,,0,0,0,0,0,0,0,0,0.0,0,0,0,0,0,64.0,64196.0,0,0,0,54,eth:ethertype:ip:tcp,,,,,,,,,,,0.0,Normal,0.0
1744309408453645,10.42.0.1,10.42.0.139,1883,50194,1,45,0,1,0,0,1,0,4,0,0,0,0,0.0,0,,0,2,,0,0,0,0,2,0,0,0,0.0,0x00,0,0,0,0,64.0,64196.0,0,0,0,58,eth:ethertype:ip:tcp:mqtt,,,,,,,,,,,0.0,Normal,0.0
1744309408502210,10.42.0.1,10.42.0.139,1883,50194,5,234,0,1,0,0,0,0,0,0,0,0,0,0.0,0,,0,0,,0,0,0,0,0,0,0,0,0.0,0,0,0,0,0,64.0,64007.0,0,0,0,54,eth:ethertype:ip:tcp,,,,,,,,,,,0.0,Normal,0.0
1744309408502253,10.42.0.1,10.42.0.139,1883,50194,5,234,0,1,1,0,0,0,0,0,0,0,0,0.0,0,,0,0,,0,0,0,0,0,0,0,0,0.0,0,0,0,0,0,64.0,64007.0,0,0,0,54,eth:ethertype:ip:tcp,,,,,,,,,,,0.0,Normal,0.0
1744309423440724,10.42.0.1,10.42.0.2,1883,50194,0,1,1,1,0,0,0,0,0,0,0,0,0,0.0,0,,0,0,,0,0,0,0,0,0,0,0,0.0,0,0,0,0,0,64.0,64240.0,0,0,0,58,eth:ethertype:ip:tcp,,,,,,,,,,,0.0,Normal,0.0
1744309423448809,10.42.0.1,10.42.0.2,1883,50194,1,4,0,1,0,0,0,0,0,0,0,0,0,0.0,0,,0,0,,0,0,0,0,0,0,0,0,0.0,0,0,0,0,0,64.0,64237.0,0,0,0,54,eth:ethertype:ip:tcp,,,,,,,,,,,0.0,Normal,0.0
1744309423453289,10.42.0.1,10.42.0.2,1883,50194,1,45,0,1,0,0,0,0,0,0,0,0,0,0.0,0,,0,0,,0,0,0,0,0,0,0,0,0.0,0,0,0,0,0,64.0,64196.0,0,0,0,54,eth:ethertype:ip:tcp,,,,,,,,,,,0.0,Normal,0.0
1744309423453645,10.42.0.1,10.42.0.2,1883,50194,1,45,0,1,0,0,1,0,4,0,0,0,0,0.0,0,,0,2,,0,0,0,0,2,0,0,0,0.0,0x00,0,0,0,0,64.0,64196.0,0,0,0,58,eth:ethertype:ip:tcp:mqtt,,,,,,,,,,,0.0,Normal,0.0
1744309423502210,10.42.0.1,10.42.0.2,1883,50194,5,234,0,1,0,0,0,0,0,0,0,0,0,0.0,0,,0,0,,0,0,0,0,0,0,0,0,0.0,0,0,0,0,0,64.0,64007.0,0,0,0,54,eth:ethertype:ip:tcp,,,,,,,,,,,0.0,Normal,0.0
1744309423502253,10.42.0.1,10.42.0.2,1883,50194,5,234,0,1,1,0,0,0,0,0,0,0,0,0.0,0,,0,0,,0,0,0,0,0,0,0,0,0.0,0,0,0,0,0,64.0,64007.0,0,0,0,54,eth:ethertype:ip:tcp,,,,,,,,,,,0.0,Normal,0.0
1744309438510713,10.42.0.1,10.42.0.139,1883,50195,0,1,1,1,0,0,0,0,0,0,0,0,0,0.0,0,,0,0,,0,0,0,0,0,0,0,0,0.0,0,0,0,0,0,64.0,64240.0,0,0,0,58,eth:ethertype:ip:tcp,,,,,,,,,,,0.0,Normal,0.0
1744309438517192,10.42.0.1,10.42.0.139,1883,50195,1,4,0,1,0,0,0,0,0,0,0,0,0,0.0,0,,0,0,,0,0,0,0,0,0,0,0,0.0,0,0,0,0,0,64.0,64237.0,0,0,0,54,eth:ethertype:ip:tcp,,,,,,,,,,,0.0,Normal,0.0
1744309438520572,10.42.0.1,10.42.0.139,1883,50195,1,33,0,1,0,0,0,0,0,0,0,0,0,0.0,0,,0,0,,0,0,0,0,0,0,0,0,0.0,0,0,0,0,0,64.0,64208.0,0,0,0,54,eth:ethertype:ip:tcp,,,,,,,,,,,0.0,Normal,0.0
1744309438523835,10.42.0.1,10.42.0.139,1883,50195,1,45,0,1,0,0,0,0,0,0,0,0,0,0.0,0,,0,0,,0,0,0,0,0,0,0,0,0.0,0,0,0,0,0,64.0,64196.0,0,0,0,54,eth:ethertype:ip:tcp,,,,,,,,,,,0.0,Normal,0.0
1744309438524199,10.42.0.1,10.42.0.139,1883,50195,1,45,0,1,0,0,1,0,4,0,0,0,0,0.0,0,,0,2,,0,0,0,0,2,0,0,0,0.0,0x00,0,0,0,0,64.0,64196.0,0,0,0,58,eth:ethertype:ip:tcp:mqtt,,,,,,,,,,,0.0,Normal,0.0
1744309438571367,10.42.0.1,10.42.0.139,1883,50195,5,234,0,1,0,0,0,0,0,0,0,0,0,0.0,0,,0,0,,0,0,0,0,0,0,0,0,0.0,0,0,0,0,0,64.0,64007.0,0,0,0,54,eth:ethertype:ip:tcp,,,,,,,,,,,0.0,Normal,0.0
1744309438571412,10.42.0.1,10.42.0.139,1883,50195,5,234,0,1,1,0,0,0,0,0,0,0,0,0.0,0,,0,0,,0,0,0,0,0,0,0,0,0.0,0,0,0,0,0,64.0,64007.0,0,0,0,54,eth:ethertype:ip:tcp,,,,,,,,,,,0.0,Normal,0.0
1744309453510713,10.42.0.1,10.42.0.2,1883,50195,0,1,1,1,0,0,0,0,0,0,0,0,0,0.0,0,,0,0,,0,0,0,0,0,0,0,0,0.0,0,0,0,0,0,64.0,64240.0,0,0,0,58,eth:ethertype:ip:tcp,,,,,,,,,,,0.0,Normal,0.0
1744309453517192,10.42.0.1,10.42.0.2,1883,50195,1,4,0,1,0,0,0,0,0,0,0,0,0,0.0,0,,0,0,,0,0,0,0,0,0,0,0,0.0,0,0,0,0,0,64.0,64237.0,0,0,0,54,eth:ethertype:ip:tcp,,,,,,,,,,,0.0,Normal,0.0
1744309453520572,10.42.0.1,10.42.0.2,1883,50195,1,33,0,1,0,0,0,0,0,0,0,0,0,0.0,0,,0,0,,0,0,0,0,0,0,0,0,0.0,0,0,0,0,0,64.0,64208.0,0,0,0,54,eth:ethertype:ip:tcp,,,,,,,,,,,0.0,Normal,0.0
1744309453523835,10.42.0.1,10.42.0.2,1883,50195,1,45,0,1,0,0,0,0,0,0,0,0,0,0.0,0,,0,0,,0,0,0,0,0,0,0,0,0.0,0,0,0,0,0,64.0,64196.0,0,0,0,54,eth:ethertype:ip:tcp,,,,,,,,,,,0.0,Normal,0.0
1744309453524199,10.42.0.1,10.42.0.2,1883,50195,1,45,0,1,0,0,1,0,4,0,0,0,0,0.0,0,,0,2,,0,0,0,0,2,0,0,0,0.0,0x00,0,0,0,0,64.0,64196.0,0,0,0,58,eth:ethertype:ip:tcp:mqtt,,,,,,,,,,,0.0,Normal,0.0
1744309453571367,10.42.0.1,10.42.0.2,1883,50195,5,234,0,1,0,0,0,0,0,0,0,0,0,0.0,0,,0,0,,0,0,0,0,0,0,0,0,0.0,0,0,0,0,0,64.0,64007.0,0,0,0,54,eth:ethertype:ip:tcp,,,,,,,,,,,0.0,Normal,0.0
1744309453571412,10.42.0.1,10.42.0.2,1883,50195,5,234,0,1,1,0,0,0,0,0,0,0,0,0.0,0,,0,0,,0,0,0,0,0,0,0,0,0.0,0,0,0,0,0,64.0,64007.0,0,0,0,54,eth:ethertype:ip:tcp,,,,,,,,,,,0.0,Normal,0.0
1744309468580201,10.42.0.1,10.42.0.139,1883,50196,0,1,1,1,0,0,0,0,0,0,0,0,0,0.0,0,,0,0,,0,0,0,0,0,0,0,0,0.0,0,0,0,0,0,64.0,64240.0,0,0,0,58,eth:ethertype:ip:tcp,,,,,,,,,,,0.0,Normal,0.0
1744309468586934,10.42.0.1,10.42.0.139,1883,50196,1,4,0,1,0,0,0,0,0,0,0,0,0,0.0,0,,0,0,,0,0,0,0,0,0,0,0,0.0,0,0,0,0,0,64.0,64237.0,0,0,0,54,eth:ethertype:ip:tcp,,,,,,,,,,,0.0,Normal,0.0
1744309468590515,10.42.0.1,10.42.0.139,1883,50196,1,39,0,1,0,0,0,0,0,0,0,0,0,0.0,0,,0,0,,0,0,0,0,0,0,0,0,0.0,0,0,0,0,0,64.0,64202.0,0,0,0,54,eth:ethertype:ip:tcp,,,,,,,,,,,0.0,Normal,0.0
1744309468593573,10.42.0.1,10.42.0.139,1883,50196,1,45,0,1,0,0,0,0,0,0,0,0,0,0.0,0,,0,0,,0,0,0,0,0,0,0,0,0.0,0,0,0,0,0,64.0,64196.0,0,0,0,54,eth:ethertype:ip:tcp,,,,,,,,,,,0.0,Normal,0.0
1744309468593943,10.42.0.1,10.42.0.139,1883,50196,1,45,0,1,0,0,1,0,4,0,0,0,0,0.0,0,,0,2,,0,0,0,0,2,0,0,0,0.0,0x00,0,0,0,0,64.0,64196.0,0,0,0,58,eth:ethertype:ip:tcp:mqtt,,,,,,,,,,,0.0,Normal,0.0
1744309468641099,10.42.0.1,10.42.0.139,1883,50196,5,234,0,1,0,0,0,0,0,0,0,0,0,0.0,0,,0,0,,0,0,0,0,0,0,0,0,0.0,0,0,0,0,0,64.0,64007.0,0,0,0,54,eth:ethertype:ip:tcp,,,,,,,,,,,0.0,Normal,0.0
1744309468641138,10.42.0.1,10.42.0.139,1883,50196,5,234,0,1,1,0,0,0,0,0,0,0,0,0.0,0,,0,0,,0,0,0,0,0,0,0,0,0.0,0,0,0,0,0,64.0,64007.0,0,0,0,54,eth:ethertype:ip:tcp,,,,,,,,,,,0.0,Normal,0.0
1744309483580201,10.42.0.1,10.42.0.2,1883,50196,0,1,1,1,0,0,0,0,0,0,0,0,0,0.0,0,,0,0,,0,0,0,0,0,0,0,0,0.0,0,0,0,0,0,64.0,64240.0,0,0,0,58,eth:ethertype:ip:tcp,,,,,,,,,,,0.0,Normal,0.0
1744309483586934,10.42.0.1,10.42.0.2,1883,50196,1,4,0,1,0,0,0,0,0,0,0,0,0,0.0,0,,0,0,,0,0,0,0,0,0,0,0,0.0,0,0,0,0,0,64.0,64237.0,0,0,0,54,eth:ethertype:ip:tcp,,,,,,,,,,,0.0,Normal,0.0
1744309483590515,10.42.0.1,10.42.0.2,1883,50196,1,39,0,1,0,0,0,0,0,0,0,0,0,0.0,0,,0,0,,0,0,0,0,0,0,0,0,0.0,0,0,0,0,0,64.0,64202.0,0,0,0,54,eth:ethertype:ip:tcp,,,,,,,,,,,0.0,Normal,0.0
1744309483593573,10.42.0.1,10.42.0.2,1883,50196,1,45,0,1,0,0,0,0,0,0,0,0,0,0.0,0,,0,0,,0,0,0,0,0,0,0,0,0.0,0,0,0,0,0,64.0,64196.0,0,0,0,54,eth:ethertype:ip:tcp,,,,,,,,,,,0.0,Normal,0.0
1744309483593943,10.42.0.1,10.42.0.2,1883,50196,1,45,0,1,0,0,1,0,4,0,0,0,0,0.0,0,,0,2,,0,0,0,0,2,0,0,0,0.0,0x00,0,0,0,0,64.0,64196.0,0,0,0,58,eth:ethertype:ip:tcp:mqtt,,,,,,,,,,,0.0,Normal,0.0
1744309483641099,10.42.0.1,10.42.0.2,1883,50196,5,234,0,1,0,0,0,0,0,0,0,0,0,0.0,0,,0,0,,0,0,0,0,0,0,0,0,0.0,0,0,0,0,0,64.0,64007.0,0,0,0,54,eth:ethertype:ip:tcp,,,,,,,,,,,0.0,Normal,0.0
1744309483641138,10.42.0.1,10.42.0.2,1883,50196,5,234,0,1,1,0,0,0,0,0,0,0,0,0.0,0,,0,0,,0,0,0,0,0,0,0,0,0.0,0,0,0,0,0,64.0,64007.0,0,0,0,54,eth:ethertype:ip:tcp,,,,,,,,,,,0.0,Normal,0.0
1744309498649641,10.42.0.1,10.42.0.139,1883,50197,0,1,1,1,0,0,0,0,0,0,0,0,0,0.0,0,,0,0,,0,0,0,0,0,0,0,0,0.0,0,0,0,0,0,64.0,64240.0,0,0,0,58,eth:ethertype:ip:tcp,,,,,,,,,,,0.0,Normal,0.0
1744309498655573,10.42.0.1,10.42.0.139,1883,50197,1,4,0,1,0,0,0,0,0,0,0,0,0,0.0,0,,0,0,,0,0,0,0,0,0,0,0,0.0,0,0,0,0,0,64.0,64237.0,0,0,0,54,eth:ethertype:ip:tcp,,,,,,,,,,,0.0,Normal,0.0
1744309498659124,10.42.0.1,10.42.0.139,1883,50197,1,33,0,1,0,0,0,0,0,0,0,0,0,0.0,0,,0,0,,0,0,0,0,0,0,0,0,0.0,0,0,0,0,0,64.0,64208.0,0,0,0,54,eth:ethertype:ip:tcp,,,,,,,,,,,0.0,Normal,0.0
1744309498663245,10.42.0.1,10.42.0.139,1883,50197,1,45,0,1,0,0,0,0,0,0,0,0,0,0.0,0,,0,0,,0,0,0,0,0,0,0,0,0.0,0,0,0,0,0,64.0,64196.0,0,0,0,54,eth:ethertype:ip:tcp,,,,,,,,,,,0.0,Normal,0.0
1744309498663571,10.42.0.1,10.42.0.139,1883,50197,1,45,0,1,0,0,1,0,4,0,0,0,0,0.0,0,,0,2,,0,0,0,0,2,0,0,0,0.0,0x00,0,0,0,0,64.0,64196.0,0,0,0,58,eth:ethertype:ip:tcp:mqtt,,,,,,,,,,,0.0,Normal,0.0
1744309498710105,10.42.0.1,10.42.0.139,1883,50197,5,234,0,1,0,0,0,0,0,0,0,0,0,0.0,0,,0,0,,0,0,0,0,0,0,0,0,0.0,0,0,0,0,0,64.0,64007.0,0,0,0,54,eth:ethertype:ip:tcp,,,,,,,,,,,0.0,Normal,0.0
1744309498710148,10.42.0.1,10.42.0.139,1883,50197,5,234,0,1,1,0,0,0,0,0,0,0,0,0.0,0,,0,0,,0,0,0,0,0,0,0,0,0.0,0,0,0,0,0,64.0,64007.0,0,0,0,54,eth:ethertype:ip:tcp,,,,,,,,,,,0.0,Normal,0.0
1744309513649641,10.42.0.1,10.42.0.2,1883,50197,0,1,1,1,0,0,0,0,0,0,0,0,0,0.0,0,,0,0,,0,0,0,0,0,0,0,0,0.0,0,0,0,0,0,64.0,64240.0,0,0,0,58,eth:ethertype:ip:tcp,,,,,,,,,,,0.0,Normal,0.0
1744309513655573,10.42.0.1,10.42.0.2,1883,50197,1,4,0,1,0,0,0,0,0,0,0,0,0,0.0,0,,0,0,,0,0,0,0,0,0,0,0,0.0,0,0,0,0,0,64.0,64237.0,0,0,0,54,eth:ethertype:ip:tcp,,,,,,,,,,,0.0,Normal,0.0
1744309513659124,10.42.0.1,10.42.0.2,1883,50197,1,33,0,1,0,0,0,0,0,0,0,0,0,0.0,0,,0,0,,0,0,0,0,0,0,0,0,0.0,0,0,0,0,0,64.0,64208.0,0,0,0,54,eth:ethertype:ip:tcp,,,,,,,,,,,0.0,Normal,0.0
1744309513663245,10.42.0.1,10.42.0.2,1883,50197,1,45,0,1,0,0,0,0,0,0,0,0,0,0.0,0,,0,0,,0,0,0,0,0,0,0,0,0.0,0,0,0,0,0,64.0,64196.0,0,0,0,54,eth:ethertype:ip:tcp,,,,,,,,,,,0.0,Normal,0.0
1744309513663571,10.42.0.1,10.42.0.2,1883,50197,1,45,0,1,0,0,1,0,4,0,0,0,0,0.0,0,,0,2,,0,0,0,0,2,0,0,0,0.0,0x00,0,0,0,0,64.0,64196.0,0,0,0,58,eth:ethertype:ip:tcp:mqtt,,,,,,,,,,,0.0,Normal,0.0
1744309513710105,10.42.0.1,10.42.0.2,1883,50197,5,234,0,1,0,0,0,0,0,0,0,0,0,0.0,0,,0,0,,0,0,0,0,0,0,0,0,0.0,0,0,0,0,0,64.0,64007.0,0,0,0,54,eth:ethertype:ip:tcp,,,,,,,,,,,0.0,Normal,0.0
1744309513710148,10.42.0.1,10.42.0.2,1883,50197,5,234,0,1,1,0,0,0,0,0,0,0,0,0.0,0,,0,0,,0,0,0,0,0,0,0,0,0.0,0,0,0,0,0,64.0,64007.0,0,0,0,54,eth:ethertype:ip:tcp,,,,,,,,,,,0.0,Normal,0.0
1744309520773072,10.42.0.1,10.42.0.139,0,0,0,0,0,0,0,0,0,0,0,0,0,0,0,0.0,0,,0,0,,0,0,0,0,0,0,0,0,0.0,0,0,0,0,0,64.0,0.0,0,0,0,342,eth:ethertype:ip:udp:dhcp,,,,,,,,,,,0.0,Normal,0.0
1744309528719130,10.42.0.1,10.42.0.139,1883,50198,0,1,1,1,0,0,0,0,0,0,0,0,0,0.0,0,,0,0,,0,0,0,0,0,0,0,0,0.0,0,0,0,0,0,64.0,64240.0,0,0,0,58,eth:ethertype:ip:tcp,,,,,,,,,,,0.0,Normal,0.0
1744309528725278,10.42.0.1,10.42.0.139,1883,50198,1,4,0,1,0,0,0,0,0,0,0,0,0,0.0,0,,0,0,,0,0,0,0,0,0,0,0,0.0,0,0,0,0,0,64.0,64237.0,0,0,0,54,eth:ethertype:ip:tcp,,,,,,,,,,,0.0,Normal,0.0
1744309528728761,10.42.0.1,10.42.0.139,1883,50198,1,33,0,1,0,0,0,0,0,0,0,0,0,0.0,0,,0,0,,0,0,0,0,0,0,0,0,0.0,0,0,0,0,0,64.0,64208.0,0,0,0,54,eth:ethertype:ip:tcp,,,,,,,,,,,0.0,Normal,0.0
1744309528731885,10.42.0.1,10.42.0.139,1883,50198,1,45,0,1,0,0,0,0,0,0,0,0,0,0.0,0,,0,0,,0,0,0,0,0,0,0,0,0.0,0,0,0,0,0,64.0,64196.0,0,0,0,54,eth:ethertype:ip:tcp,,,,,,,,,,,0.0,Normal,0.0
1744309528732195,10.42.0.1,10.42.0.139,1883,50198,1,45,0,1,0,0,1,0,4,0,0,0,0,0.0,0,,0,2,,0,0,0,0,2,0,0,0,0.0,0x00,0,0,0,0,64.0,64196.0,0,0,0,58,eth:ethertype:ip:tcp:mqtt,,,,,,,,,,,0.0,Normal,0.0
1744309528780111,10.42.0.1,10.42.0.139,1883,50198,5,234,0,1,0,0,0,0,0,0,0,0,0,0.0,0,,0,0,,0,0,0,0,0,0,0,0,0.0,0,0,0,0,0,64.0,64007.0,0,0,0,54,eth:ethertype:ip:tcp,,,,,,,,,,,0.0,Normal,0.0
1744309528780147,10.42.0.1,10.42.0.139,1883,50198,5,234,0,1,1,0,0,0,0,0,0,0,0,0.0,0,,0,0,,0,0,0,0,0,0,0,0,0.0,0,0,0,0,0,64.0,64007.0,0,0,0,54,eth:ethertype:ip:tcp,,,,,,,,,,,0.0,Normal,0.0
1744309535773072,10.42.0.1,10.42.0.2,0,0,0,0,0,0,0,0,0,0,0,0,0,0,0,0.0,0,,0,0,,0,0,0,0,0,0,0,0,0.0,0,0,0,0,0,64.0,0.0,0,0,0,342,eth:ethertype:ip:udp:dhcp,,,,,,,,,,,0.0,Normal,0.0
1744309543719130,10.42.0.1,10.42.0.2,1883,50198,0,1,1,1,0,0,0,0,0,0,0,0,0,0.0,0,,0,0,,0,0,0,0,0,0,0,0,0.0,0,0,0,0,0,64.0,64240.0,0,0,0,58,eth:ethertype:ip:tcp,,,,,,,,,,,0.0,Normal,0.0
1744309543725278,10.42.0.1,10.42.0.2,1883,50198,1,4,0,1,0,0,0,0,0,0,0,0,0,0.0,0,,0,0,,0,0,0,0,0,0,0,0,0.0,0,0,0,0,0,64.0,64237.0,0,0,0,54,eth:ethertype:ip:tcp,,,,,,,,,,,0.0,Normal,0.0
1744309543728761,10.42.0.1,10.42.0.2,1883,50198,1,33,0,1,0,0,0,0,0,0,0,0,0,0.0,0,,0,0,,0,0,0,0,0,0,0,0,0.0,0,0,0,0,0,64.0,64208.0,0,0,0,54,eth:ethertype:ip:tcp,,,,,,,,,,,0.0,Normal,0.0
1744309543731885,10.42.0.1,10.42.0.2,1883,50198,1,45,0,1,0,0,0,0,0,0,0,0,0,0.0,0,,0,0,,0,0,0,0,0,0,0,0,0.0,0,0,0,0,0,64.0,64196.0,0,0,0,54,eth:ethertype:ip:tcp,,,,,,,,,,,0.0,Normal,0.0
1744309543732195,10.42.0.1,10.42.0.2,1883,50198,1,45,0,1,0,0,1,0,4,0,0,0,0,0.0,0,,0,2,,0,0,0,0,2,0,0,0,0.0,0x00,0,0,0,0,64.0,64196.0,0,0,0,58,eth:ethertype:ip:tcp:mqtt,,,,,,,,,,,0.0,Normal,0.0
1744309543780111,10.42.0.1,10.42.0.2,1883,50198,5,234,0,1,0,0,0,0,0,0,0,0,0,0.0,0,,0,0,,0,0,0,0,0,0,0,0,0.0,0,0,0,0,0,64.0,64007.0,0,0,0,54,eth:ethertype:ip:tcp,,,,,,,,,,,0.0,Normal,0.0
1744309543780147,10.42.0.1,10.42.0.2,1883,50198,5,234,0,1,1,0,0,0,0,0,0,0,0,0.0,0,,0,0,,0,0,0,0,0,0,0,0,0.0,0,0,0,0,0,64.0,64007.0,0,0,0,54,eth:ethertype:ip:tcp,,,,,,,,,,,0.0,Normal,0.0
1744309558788507,10.42.0.1,10.42.0.139,1883,50199,0,1,1,1,0,0,0,0,0,0,0,0,0,0.0,0,,0,0,,0,0,0,0,0,0,0,0,0.0,0,0,0,0,0,64.0,64240.0,0,0,0,58,eth:ethertype:ip:tcp,,,,,,,,,,,0.0,Normal,0.0
1744309558794577,10.42.0.1,10.42.0.139,1883,50199,1,4,0,1,0,0,0,0,0,0,0,0,0,0.0,0,,0,0,,0,0,0,0,0,0,0,0,0.0,0,0,0,0,0,64.0,64237.0,0,0,0,54,eth:ethertype:ip:tcp,,,,,,,,,,,0.0,Normal,0.0
1744309558798070,10.42.0.1,10.42.0.139,1883,50199,1,33,0,1,0,0,0,0,0,0,0,0,0,0.0,0,,0,0,,0,0,0,0,0,0,0,0,0.0,0,0,0,0,0,64.0,64208.0,0,0,0,54,eth:ethertype:ip:tcp,,,,,,,,,,,0.0,Normal,0.0
1744309558801292,10.42.0.1,10.42.0.139,1883,50199,1,45,0,1,0,0,0,0,0,0,0,0,0,0.0,0,,0,0,,0,0,0,0,0,0,0,0,0.0,0,0,0,0,0,64.0,64196.0,0,0,0,54,eth:ethertype:ip:tcp,,,,,,,,,,,0.0,Normal,0.0
1744309558801657,10.42.0.1,10.42.0.139,1883,50199,1,45,0,1,0,0,1,0,4,0,0,0,0,0.0,0,,0,2,,0,0,0,0,2,0,0,0,0.0,0x00,0,0,0,0,64.0,64196.0,0,0,0,58,eth:ethertype:ip:tcp:mqtt,,,,,,,,,,,0.0,Normal,0.0
1744309558848719,10.42.0.1,10.42.0.139,1883,50199,5,234,0,1,0,0,0,0,0,0,0,0,0,0.0,0,,0,0,,0,0,0,0,0,0,0,0,0.0,0,0,0,0,0,64.0,64007.0,0,0,0,54,eth:ethertype:ip:tcp,,,,,,,,,,,0.0,Normal,0.0
1744309558848759,10.42.0.1,10.42.0.139,1883,50199,5,234,0,1,1,0,0,0,0,0,0,0,0,0.0,0,,0,0,,0,0,0,0,0,0,0,0,0.0,0,0,0,0,0,64.0,64007.0,0,0,0,54,eth:ethertype:ip:tcp,,,,,,,,,,,0.0,Normal,0.0
1744309573788507,10.42.0.1,10.42.0.2,1883,50199,0,1,1,1,0,0,0,0,0,0,0,0,0,0.0,0,,0,0,,0,0,0,0,0,0,0,0,0.0,0,0,0,0,0,64.0,64240.0,0,0,0,58,eth:ethertype:ip:tcp,,,,,,,,,,,0.0,Normal,0.0
1744309573794577,10.42.0.1,10.42.0.2,1883,50199,1,4,0,1,0,0,0,0,0,0,0,0,0,0.0,0,,0,0,,0,0,0,0,0,0,0,0,0.0,0,0,0,0,0,64.0,64237.0,0,0,0,54,eth:ethertype:ip:tcp,,,,,,,,,,,0.0,Normal,0.0
1744309573798070,10.42.0.1,10.42.0.2,1883,50199,1,33,0,1,0,0,0,0,0,0,0,0,0,0.0,0,,0,0,,0,0,0,0,0,0,0,0,0.0,0,0,0,0,0,64.0,64208.0,0,0,0,54,eth:ethertype:ip:tcp,,,,,,,,,,,0.0,Normal,0.0
1744309573801292,10.42.0.1,10.42.0.2,1883,50199,1,45,0,1,0,0,0,0,0,0,0,0,0,0.0,0,,0,0,,0,0,0,0,0,0,0,0,0.0,0,0,0,0,0,64.0,64196.0,0,0,0,54,eth:ethertype:ip:tcp,,,,,,,,,,,0.0,Normal,0.0
1744309573801657,10.42.0.1,10.42.0.2,1883,50199,1,45,0,1,0,0,1,0,4,0,0,0,0,0.0,0,,0,2,,0,0,0,0,2,0,0,0,0.0,0x00,0,0,0,0,64.0,64196.0,0,0,0,58,eth:ethertype:ip:tcp:mqtt,,,,,,,,,,,0.0,Normal,0.0
1744309573848719,10.42.0.1,10.42.0.2,1883,50199,5,234,0,1,0,0,0,0,0,0,0,0,0,0.0,0,,0,0,,0,0,0,0,0,0,0,0,0.0,0,0,0,0,0,64.0,64007.0,0,0,0,54,eth:ethertype:ip:tcp,,,,,,,,,,,0.0,Normal,0.0
1744309573848759,10.42.0.1,10.42.0.2,1883,50199,5,234,0,1,1,0,0,0,0,0,0,0,0,0.0,0,,0,0,,0,0,0,0,0,0,0,0,0.0,0,0,0,0,0,64.0,64007.0,0,0,0,54,eth:ethertype:ip:tcp,,,,,,,,,,,0.0,Normal,0.0
1744309588857032,10.42.0.1,10.42.0.139,1883,50200,0,1,1,1,0,0,0,0,0,0,0,0,0,0.0,0,,0,0,,0,0,0,0,0,0,0,0,0.0,0,0,0,0,0,64.0,64240.0,0,0,0,58,eth:ethertype:ip:tcp,,,,,,,,,,,0.0,Normal,0.0
1744309588863237,10.42.0.1,10.42.0.139,1883,50200,1,4,0,1,0,0,0,0,0,0,0,0,0,0.0,0,,0,0,,0,0,0,0,0,0,0,0,0.0,0,0,0,0,0,64.0,64237.0,0,0,0,54,eth:ethertype:ip:tcp,,,,,,,,,,,0.0,Normal,0.0
1744309588866685,10.42.0.1,10.42.0.139,1883,50200,1,33,0,1,0,0,0,0,0,0,0,0,0,0.0,0,,0,0,,0,0,0,0,0,0,0,0,0.0,0,0,0,0,0,64.0,64208.0,0,0,0,54,eth:ethertype:ip:tcp,,,,,,,,,,,0.0,Normal,0.0
1744309588869902,10.42.0.1,10.42.0.139,1883,50200,1,45,0,1,0,0,0,0,0,0,0,0,0,0.0,0,,0,0,,0,0,0,0,0,0,0,0,0.0,0,0,0,0,0,64.0,64196.0,0,0,0,54,eth:ethertype:ip:tcp,,,,,,,,,,,0.0,Normal,0.0
1744309588870230,10.42.0.1,10.42.0.139,1883,50200,1,45,0,1,0,0,1,0,4,0,0,0,0,0.0,0,,0,2,,0,0,0,0,2,0,0,0,0.0,0x00,0,0,0,0,64.0,64196.0,0,0,0,58,eth:ethertype:ip:tcp:mqtt,,,,,,,,,,,0.0,Normal,0.0
1744309588920258,10.42.0.1,10.42.0.139,1883,50200,5,234,0,1,0,0,0,0,0,0,0,0,0,0.0,0,,0,0,,0,0,0,0,0,0,0,0,0.0,0,0,0,0,0,64.0,64007.0,0,0,0,54,eth:ethertype:ip:tcp,,,,,,,,,,,0.0,Normal,0.0
1744309588920302,10.42.0.1,10.42.0.139,1883,50200,5,234,0,1,1,0,0,0,0,0,0,0,0,0.0,0,,0,0,,0,0,0,0,0,0,0,0,0.0,0,0,0,0,0,64.0,64007.0,0,0,0,54,eth:ethertype:ip:tcp,,,,,,,,,,,0.0,Normal,0.0
1744309603857032,10.42.0.1,10.42.0.2,1883,50200,0,1,1,1,0,0,0,0,0,0,0,0,0,0.0,0,,0,0,,0,0,0,0,0,0,0,0,0.0,0,0,0,0,0,64.0,64240.0,0,0,0,58,eth:ethertype:ip:tcp,,,,,,,,,,,0.0,Normal,0.0
1744309603863237,10.42.0.1,10.42.0.2,1883,50200,1,4,0,1,0,0,0,0,0,0,0,0,0,0.0,0,,0,0,,0,0,0,0,0,0,0,0,0.0,0,0,0,0,0,64.0,64237.0,0,0,0,54,eth:ethertype:ip:tcp,,,,,,,,,,,0.0,Normal,0.0
1744309603866685,10.42.0.1,10.42.0.2,1883,50200,1,33,0,1,0,0,0,0,0,0,0,0,0,0.0,0,,0,0,,0,0,0,0,0,0,0,0,0.0,0,0,0,0,0,64.0,64208.0,0,0,0,54,eth:ethertype:ip:tcp,,,,,,,,,,,0.0,Normal,0.0
1744309603869902,10.42.0.1,10.42.0.2,1883,50200,1,45,0,1,0,0,0,0,0,0,0,0,0,0.0,0,,0,0,,0,0,0,0,0,0,0,0,0.0,0,0,0,0,0,64.0,64196.0,0,0,0,54,eth:ethertype:ip:tcp,,,,,,,,,,,0.0,Normal,0.0
1744309603870230,10.42.0.1,10.42.0.2,1883,50200,1,45,0,1,0,0,1,0,4,0,0,0,0,0.0,0,,0,2,,0,0,0,0,2,0,0,0,0.0,0x00,0,0,0,0,64.0,64196.0,0,0,0,58,eth:ethertype:ip:tcp:mqtt,,,,,,,,,,,0.0,Normal,0.0
1744309603920258,10.42.0.1,10.42.0.2,1883,50200,5,234,0,1,0,0,0,0,0,0,0,0,0,0.0,0,,0,0,,0,0,0,0,0,0,0,0,0.0,0,0,0,0,0,64.0,64007.0,0,0,0,54,eth:ethertype:ip:tcp,,,,,,,,,,,0.0,Normal,0.0
1744309603920302,10.42.0.1,10.42.0.2,1883,50200,5,234,0,1,1,0,0,0,0,0,0,0,0,0.0,0,,0,0,,0,0,0,0,0,0,0,0,0.0,0,0,0,0,0,64.0,64007.0,0,0,0,54,eth:ethertype:ip:tcp,,,,,,,,,,,0.0,Normal,0.0
1744309618927022,10.42.0.1,10.42.0.139,1883,50201,0,1,1,1,0,0,0,0,0,0,0,0,0,0.0,0,,0,0,,0,0,0,0,0,0,0,0,0.0,0,0,0,0,0,64.0,64240.0,0,0,0,58,eth:ethertype:ip:tcp,,,,,,,,,,,0.0,Normal,0.0
1744309618932918,10.42.0.1,10.42.0.139,1883,50201,1,4,0,1,0,0,0,0,0,0,0,0,0,0.0,0,,0,0,,0,0,0,0,0,0,0,0,0.0,0,0,0,0,0,64.0,64237.0,0,0,0,54,eth:ethertype:ip:tcp,,,,,,,,,,,0.0,Normal,0.0
1744309618936316,10.42.0.1,10.42.0.139,1883,50201,1,33,0,1,0,0,0,0,0,0,0,0,0,0.0,0,,0,0,,0,0,0,0,0,0,0,0,0.0,0,0,0,0,0,64.0,64208.0,0,0,0,54,eth:ethertype:ip:tcp,,,,,,,,,,,0.0,Normal,0.0
1744309618939466,10.42.0.1,10.42.0.139,1883,50201,1,45,0,1,0,0,0,0,0,0,0,0,0,0.0,0,,0,0,,0,0,0,0,0,0,0,0,0.0,0,0,0,0,0,64.0,64196.0,0,0,0,54,eth:ethertype:ip:tcp,,,,,,,,,,,0.0,Normal,0.0
1744309618939852,10.42.0.1,10.42.0.139,1883,50201,1,45,0,1,0,0,1,0,4,0,0,0,0,0.0,0,,0,2,,0,0,0,0,2,0,0,0,0.0,0x00,0,0,0,0,64.0,64196.0,0,0,0,58,eth:ethertype:ip:tcp:mqtt,,,,,,,,,,,0.0,Normal,0.0
1744309618988480,10.42.0.1,10.42.0.139,1883,50201,5,234,0,1,0,0,0,0,0,0,0,0,0,0.0,0,,0,0,,0,0,0,0,0,0,0,0,0.0,0,0,0,0,0,64.0,64007.0,0,0,0,54,eth:ethertype:ip:tcp,,,,,,,,,,,0.0,Normal,0.0
1744309618988548,10.42.0.1,10.42.0.139,1883,50201,5,234,0,1,1,0,0,0,0,0,0,0,0,0.0,0,,0,0,,0,0,0,0,0,0,0,0,0.0,0,0,0,0,0,64.0,64007.0,0,0,0,54,eth:ethertype:ip:tcp,,,,,,,,,,,0.0,Normal,0.0
1744309633927022,10.42.0.1,10.42.0.2,1883,50201,0,1,1,1,0,0,0,0,0,0,0,0,0,0.0,0,,0,0,,0,0,0,0,0,0,0,0,0.0,0,0,0,0,0,64.0,64240.0,0,0,0,58,eth:ethertype:ip:tcp,,,,,,,,,,,0.0,Normal,0.0
1744309633932918,10.42.0.1,10.42.0.2,1883,50201,1,4,0,1,0,0,0,0,0,0,0,0,0,0.0,0,,0,0,,0,0,0,0,0,0,0,0,0.0,0,0,0,0,0,64.0,64237.0,0,0,0,54,eth:ethertype:ip:tcp,,,,,,,,,,,0.0,Normal,0.0
1744309633936316,10.42.0.1,10.42.0.2,1883,50201,1,33,0,1,0,0,0,0,0,0,0,0,0,0.0,0,,0,0,,0,0,0,0,0,0,0,0,0.0,0,0,0,0,0,64.0,64208.0,0,0,0,54,eth:ethertype:ip:tcp,,,,,,,,,,,0.0,Normal,0.0
1744309633939466,10.42.0.1,10.42.0.2,1883,50201,1,45,0,1,0,0,0,0,0,0,0,0,0,0.0,0,,0,0,,0,0,0,0,0,0,0,0,0.0,0,0,0,0,0,64.0,64196.0,0,0,0,54,eth:ethertype:ip:tcp,,,,,,,,,,,0.0,Normal,0.0
1744309633939852,10.42.0.1,10.42.0.2,1883,50201,1,45,0,1,0,0,1,0,4,0,0,0,0,0.0,0,,0,2,,0,0,0,0,2,0,0,0,0.0,0x00,0,0,0,0,64.0,64196.0,0,0,0,58,eth:ethertype:ip:tcp:mqtt,,,,,,,,,,,0.0,Normal,0.0
1744309633988480,10.42.0.1,10.42.0.2,1883,50201,5,234,0,1,0,0,0,0,0,0,0,0,0,0.0,0,,0,0,,0,0,0,0,0,0,0,0,0.0,0,0,0,0,0,64.0,64007.0,0,0,0,54,eth:ethertype:ip:tcp,,,,,,,,,,,0.0,Normal,0.0
1744309633988548,10.42.0.1,10.42.0.2,1883,50201,5,234,0,1,1,0,0,0,0,0,0,0,0,0.0,0,,0,0,,0,0,0,0,0,0,0,0,0.0,0,0,0,0,0,64.0,64007.0,0,0,0,54,eth:ethertype:ip:tcp,,,,,,,,,,,0.0,Normal,0.0
1744309648996929,10.42.0.1,10.42.0.139,1883,50202,0,1,1,1,0,0,0,0,0,0,0,0,0,0.0,0,,0,0,,0,0,0,0,0,0,0,0,0.0,0,0,0,0,0,64.0,64240.0,0,0,0,58,eth:ethertype:ip:tcp,,,,,,,,,,,0.0,Normal,0.0
1744309649002964,10.42.0.1,10.42.0.139,1883,50202,1,4,0,1,0,0,0,0,0,0,0,0,0,0.0,0,,0,0,,0,0,0,0,0,0,0,0,0.0,0,0,0,0,0,64.0,64237.0,0,0,0,54,eth:ethertype:ip:tcp,,,,,,,,,,,0.0,Normal,0.0
1744309649006369,10.42.0.1,10.42.0.139,1883,50202,1,33,0,1,0,0,0,0,0,0,0,0,0,0.0,0,,0,0,,0,0,0,0,0,0,0,0,0.0,0,0,0,0,0,64.0,64208.0,0,0,0,54,eth:ethertype:ip:tcp,,,,,,,,,,,0.0,Normal,0.0
1744309649009533,10.42.0.1,10.42.0.139,1883,50202,1,45,0,1,0,0,0,0,0,0,0,0,0,0.0,0,,0,0,,0,0,0,0,0,0,0,0,0.0,0,0,0,0,0,64.0,64196.0,0,0,0,54,eth:ethertype:ip:tcp,,,,,,,,,,,0.0,Normal,0.0
1744309649009773,10.42.0.1,10.42.0.139,1883,50202,1,45,0,1,0,0,1,0,4,0,0,0,0,0.0,0,,0,2,,0,0,0,0,2,0,0,0,0.0,0x00,0,0,0,0,64.0,64196.0,0,0,0,58,eth:ethertype:ip:tcp:mqtt,,,,,,,,,,,0.0,Normal,0.0
1744309649057204,10.42.0.1,10.42.0.139,1883,50202,5,234,0,1,0,0,0,0,0,0,0,0,0,0.0,0,,0,0,,0,0,0,0,0,0,0,0,0.0,0,0,0,0,0,64.0,64007.0,0,0,0,54,eth:ethertype:ip:tcp,,,,,,,,,,,0.0,Normal,0.0
1744309649057245,10.42.0.1,10.42.0.139,1883,50202,5,234,0,1,1,0,0,0,0,0,0,0,0,0.0,0,,0,0,,0,0,0,0,0,0,0,0,0.0,0,0,0,0,0,64.0,64007.0,0,0,0,54,eth:ethertype:ip:tcp,,,,,,,,,,,0.0,Normal,0.0
1744309663996929,10.42.0.1,10.42.0.2,1883,50202,0,1,1,1,0,0,0,0,0,0,0,0,0,0.0,0,,0,0,,0,0,0,0,0,0,0,0,0.0,0,0,0,0,0,64.0,64240.0,0,0,0,58,eth:ethertype:ip:tcp,,,,,,,,,,,0.0,Normal,0.0
1744309664002964,10.42.0.1,10.42.0.2,1883,50202,1,4,0,1,0,0,0,0,0,0,0,0,0,0.0,0,,0,0,,0,0,0,0,0,0,0,0,0.0,0,0,0,0,0,64.0,64237.0,0,0,0,54,eth:ethertype:ip:tcp,,,,,,,,,,,0.0,Normal,0.0
1744309664006369,10.42.0.1,10.42.0.2,1883,50202,1,33,0,1,0,0,0,0,0,0,0,0,0,0.0,0,,0,0,,0,0,0,0,0,0,0,0,0.0,0,0,0,0,0,64.0,64208.0,0,0,0,54,eth:ethertype:ip:tcp,,,,,,,,,,,0.0,Normal,0.0
1744309664009533,10.42.0.1,10.42.0.2,1883,50202,1,45,0,1,0,0,0,0,0,0,0,0,0,0.0,0,,0,0,,0,0,0,0,0,0,0,0,0.0,0,0,0,0,0,64.0,64196.0,0,0,0,54,eth:ethertype:ip:tcp,,,,,,,,,,,0.0,Normal,0.0
1744309664009773,10.42.0.1,10.42.0.2,1883,50202,1,45,0,1,0,0,1,0,4,0,0,0,0,0.0,0,,0,2,,0,0,0,0,2,0,0,0,0.0,0x00,0,0,0,0,64.0,64196.0,0,0,0,58,eth:ethertype:ip:tcp:mqtt,,,,,,,,,,,0.0,Normal,0.0
1744309664057204,10.42.0.1,10.42.0.2,1883,50202,5,234,0,1,0,0,0,0,0,0,0,0,0,0.0,0,,0,0,,0,0,0,0,0,0,0,0,0.0,0,0,0,0,0,64.0,64007.0,0,0,0,54,eth:ethertype:ip:tcp,,,,,,,,,,,0.0,Normal,0.0
1744309664057245,10.42.0.1,10.42.0.2,1883,50202,5,234,0,1,1,0,0,0,0,0,0,0,0,0.0,0,,0,0,,0,0,0,0,0,0,0,0,0.0,0,0,0,0,0,64.0,64007.0,0,0,0,54,eth:ethertype:ip:tcp,,,,,,,,,,,0.0,Normal,0.0
1744309679065662,10.42.0.1,10.42.0.139,1883,50203,0,1,1,1,0,0,0,0,0,0,0,0,0,0.0,0,,0,0,,0,0,0,0,0,0,0,0,0.0,0,0,0,0,0,64.0,64240.0,0,0,0,58,eth:ethertype:ip:tcp,,,,,,,,,,,0.0,Normal,0.0
1744309679071735,10.42.0.1,10.42.0.139,1883,50203,1,4,0,1,0,0,0,0,0,0,0,0,0,0.0,0,,0,0,,0,0,0,0,0,0,0,0,0.0,0,0,0,0,0,64.0,64237.0,0,0,0,54,eth:ethertype:ip:tcp,,,,,,,,,,,0.0,Normal,0.0
1744309679075126,10.42.0.1,10.42.0.139,1883,50203,1,33,0,1,0,0,0,0,0,0,0,0,0,0.0,0,,0,0,,0,0,0,0,0,0,0,0,0.0,0,0,0,0,0,64.0,64208.0,0,0,0,54,eth:ethertype:ip:tcp,,,,,,,,,,,0.0,Normal,0.0
1744309679078307,10.42.0.1,10.42.0.139,1883,50203,1,45,0,1,0,0,0,0,0,0,0,0,0,0.0,0,,0,0,,0,0,0,0,0,0,0,0,0.0,0,0,0,0,0,64.0,64196.0,0,0,0,54,eth:ethertype:ip:tcp,,,,,,,,,,,0.0,Normal,0.0
1744309679078646,10.42.0.1,10.42.0.139,1883,50203,1,45,0,1,0,0,1,0,4,0,0,0,0,0.0,0,,0,2,,0,0,0,0,2,0,0,0,0.0,0x00,0,0,0,0,64.0,64196.0,0,0,0,58,eth:ethertype:ip:tcp:mqtt,,,,,,,,,,,0.0,Normal,0.0
1744309679126006,10.42.0.1,10.42.0.139,1883,50203,5,234,0,1,0,0,0,0,0,0,0,0,0,0.0,0,,0,0,,0,0,0,0,0,0,0,0,0.0,0,0,0,0,0,64.0,64007.0,0,0,0,54,eth:ethertype:ip:tcp,,,,,,,,,,,0.0,Normal,0.0
1744309679126092,10.42.0.1,10.42.0.139,1883,50203,5,234,0,1,1,0,0,0,0,0,0,0,0,0.0,0,,0,0,,0,0,0,0,0,0,0,0,0.0,0,0,0,0,0,64.0,64007.0,0,0,0,54,eth:ethertype:ip:tcp,,,,,,,,,,,0.0,Normal,0.0
1744309694065662,10.42.0.1,10.42.0.2,1883,50203,0,1,1,1,0,0,0,0,0,0,0,0,0,0.0,0,,0,0,,0,0,0,0,0,0,0,0,0.0,0,0,0,0,0,64.0,64240.0,0,0,0,58,eth:ethertype:ip:tcp,,,,,,,,,,,0.0,Normal,0.0
1744309694071735,10.42.0.1,10.42.0.2,1883,50203,1,4,0,1,0,0,0,0,0,0,0,0,0,0.0,0,,0,0,,0,0,0,0,0,0,0,0,0.0,0,0,0,0,0,64.0,64237.0,0,0,0,54,eth:ethertype:ip:tcp,,,,,,,,,,,0.0,Normal,0.0
1744309694075126,10.42.0.1,10.42.0.2,1883,50203,1,33,0,1,0,0,0,0,0,0,0,0,0,0.0,0,,0,0,,0,0,0,0,0,0,0,0,0.0,0,0,0,0,0,64.0,64208.0,0,0,0,54,eth:ethertype:ip:tcp,,,,,,,,,,,0.0,Normal,0.0
1744309694078307,10.42.0.1,10.42.0.2,1883,50203,1,45,0,1,0,0,0,0,0,0,0,0,0,0.0,0,,0,0,,0,0,0,0,0,0,0,0,0.0,0,0,0,0,0,64.0,64196.0,0,0,0,54,eth:ethertype:ip:tcp,,,,,,,,,,,0.0,Normal,0.0
1744309694078646,10.42.0.1,10.42.0.2,1883,50203,1,45,0,1,0,0,1,0,4,0,0,0,0,0.0,0,,0,2,,0,0,0,0,2,0,0,0,0.0,0x00,0,0,0,0,64.0,64196.0,0,0,0,58,eth:ethertype:ip:tcp:mqtt,,,,,,,,,,,0.0,Normal,0.0
1744309694126006,10.42.0.1,10.42.0.2,1883,50203,5,234,0,1,0,0,0,0,0,0,0,0,0,0.0,0,,0,0,,0,0,0,0,0,0,0,0,0.0,0,0,0,0,0,64.0,64007.0,0,0,0,54,eth:ethertype:ip:tcp,,,,,,,,,,,0.0,Normal,0.0
1744309694126092,10.42.0.1,10.42.0.2,1883,50203,5,234,0,1,1,0,0,0,0,0,0,0,0,0.0,0,,0,0,,0,0,0,0,0,0,0,0,0.0,0,0,0,0,0,64.0,64007.0,0,0,0,54,eth:ethertype:ip:tcp,,,,,,,,,,,0.0,Normal,0.0
1744309709134996,10.42.0.1,10.42.0.139,1883,50204,0,1,1,1,0,0,0,0,0,0,0,0,0,0.0,0,,0,0,,0,0,0,0,0,0,0,0,0.0,0,0,0,0,0,64.0,64240.0,0,0,0,58,eth:ethertype:ip:tcp,,,,,,,,,,,0.0,Normal,0.0
1744309709140959,10.42.0.1,10.42.0.139,1883,50204,1,4,0,1,0,0,0,0,0,0,0,0,0,0.0,0,,0,0,,0,0,0,0,0,0,0,0,0.0,0,0,0,0,0,64.0,64237.0,0,0,0,54,eth:ethertype:ip:tcp,,,,,,,,,,,0.0,Normal,0.0
1744309709144363,10.42.0.1,10.42.0.139,1883,50204,1,33,0,1,0,0,0,0,0,0,0,0,0,0.0,0,,0,0,,0,0,0,0,0,0,0,0,0.0,0,0,0,0,0,64.0,64208.0,0,0,0,54,eth:ethertype:ip:tcp,,,,,,,,,,,0.0,Normal,0.0
1744309709147475,10.42.0.1,10.42.0.139,1883,50204,1,45,0,1,0,0,0,0,0,0,0,0,0,0.0,0,,0,0,,0,0,0,0,0,0,0,0,0.0,0,0,0,0,0,64.0,64196.0,0,0,0,54,eth:ethertype:ip:tcp,,,,,,,,,,,0.0,Normal,0.0
1744309709147789,10.42.0.1,10.42.0.139,1883,50204,1,45,0,1,0,0,1,0,4,0,0,0,0,0.0,0,,0,2,,0,0,0,0,2,0,0,0,0.0,0x00,0,0,0,0,64.0,64196.0,0,0,0,58,eth:ethertype:ip:tcp:mqtt,,,,,,,,,,,0.0,Normal,0.0
1744309709195435,10.42.0.1,10.42.0.139,1883,50204,5,234,0,1,0,0,0,0,0,0,0,0,0,0.0,0,,0,0,,0,0,0,0,0,0,0,0,0.0,0,0,0,0,0,64.0,64007.0,0,0,0,54,eth:ethertype:ip:tcp,,,,,,,,,,,0.0,Normal,0.0
1744309709195467,10.42.0.1,10.42.0.139,1883,50204,5,234,0,1,1,0,0,0,0,0,0,0,0,0.0,0,,0,0,,0,0,0,0,0,0,0,0,0.0,0,0,0,0,0,64.0,64007.0,0,0,0,54,eth:ethertype:ip:tcp,,,,,,,,,,,0.0,Normal,0.0
1744309724134996,10.42.0.1,10.42.0.2,1883,50204,0,1,1,1,0,0,0,0,0,0,0,0,0,0.0,0,,0,0,,0,0,0,0,0,0,0,0,0.0,0,0,0,0,0,64.0,64240.0,0,0,0,58,eth:ethertype:ip:tcp,,,,,,,,,,,0.0,Normal,0.0
1744309724140959,10.42.0.1,10.42.0.2,1883,50204,1,4,0,1,0,0,0,0,0,0,0,0,0,0.0,0,,0,0,,0,0,0,0,0,0,0,0,0.0,0,0,0,0,0,64.0,64237.0,0,0,0,54,eth:ethertype:ip:tcp,,,,,,,,,,,0.0,Normal,0.0
1744309724144363,10.42.0.1,10.42.0.2,1883,50204,1,33,0,1,0,0,0,0,0,0,0,0,0,0.0,0,,0,0,,0,0,0,0,0,0,0,0,0.0,0,0,0,0,0,64.0,64208.0,0,0,0,54,eth:ethertype:ip:tcp,,,,,,,,,,,0.0,Normal,0.0
1744309724147475,10.42.0.1,10.42.0.2,1883,50204,1,45,0,1,0,0,0,0,0,0,0,0,0,0.0,0,,0,0,,0,0,0,0,0,0,0,0,0.0,0,0,0,0,0,64.0,64196.0,0,0,0,54,eth:ethertype:ip:tcp,,,,,,,,,,,0.0,Normal,0.0
1744309724147789,10.42.0.1,10.42.0.2,1883,50204,1,45,0,1,0,0,1,0,4,0,0,0,0,0.0,0,,0,2,,0,0,0,0,2,0,0,0,0.0,0x00,0,0,0,0,64.0,64196.0,0,0,0,58,eth:ethertype:ip:tcp:mqtt,,,,,,,,,,,0.0,Normal,0.0
1744309724195435,10.42.0.1,10.42.0.2,1883,50204,5,234,0,1,0,0,0,0,0,0,0,0,0,0.0,0,,0,0,,0,0,0,0,0,0,0,0,0.0,0,0,0,0,0,64.0,64007.0,0,0,0,54,eth:ethertype:ip:tcp,,,,,,,,,,,0.0,Normal,0.0
1744309724195467,10.42.0.1,10.42.0.2,1883,50204,5,234,0,1,1,0,0,0,0,0,0,0,0,0.0,0,,0,0,,0,0,0,0,0,0,0,0,0.0,0,0,0,0,0,64.0,64007.0,0,0,0,54,eth:ethertype:ip:tcp,,,,,,,,,,,0.0,Normal,0.0
1744309739204767,10.42.0.1,10.42.0.139,1883,50205,0,1,1,1,0,0,0,0,0,0,0,0,0,0.0,0,,0,0,,0,0,0,0,0,0,0,0,0.0,0,0,0,0,0,64.0,64240.0,0,0,0,58,eth:ethertype:ip:tcp,,,,,,,,,,,0.0,Normal,0.0
1744309739210800,10.42.0.1,10.42.0.139,1883,50205,1,4,0,1,0,0,0,0,0,0,0,0,0,0.0,0,,0,0,,0,0,0,0,0,0,0,0,0.0,0,0,0,0,0,64.0,64237.0,0,0,0,54,eth:ethertype:ip:tcp,,,,,,,,,,,0.0,Normal,0.0
1744309739214060,10.42.0.1,10.42.0.139,1883,50205,1,33,0,1,0,0,0,0,0,0,0,0,0,0.0,0,,0,0,,0,0,0,0,0,0,0,0,0.0,0,0,0,0,0,64.0,64208.0,0,0,0,54,eth:ethertype:ip:tcp,,,,,,,,,,,0.0,Normal,0.0
1744309739217109,10.42.0.1,10.42.0.139,1883,50205,1,45,0,1,0,0,0,0,0,0,0,0,0,0.0,0,,0,0,,0,0,0,0,0,0,0,0,0.0,0,0,0,0,0,64.0,64196.0,0,0,0,54,eth:ethertype:ip:tcp,,,,,,,,,,,0.0,Normal,0.0
1744309739217452,10.42.0.1,10.42.0.139,1883,50205,1,45,0,1,0,0,1,0,4,0,0,0,0,0.0,0,,0,2,,0,0,0,0,2,0,0,0,0.0,0x00,0,0,0,0,64.0,64196.0,0,0,0,58,eth:ethertype:ip:tcp:mqtt,,,,,,,,,,,0.0,Normal,0.0
1744309739264593,10.42.0.1,10.42.0.139,1883,50205,5,234,0,1,0,0,0,0,0,0,0,0,0,0.0,0,,0,0,,0,0,0,0,0,0,0,0,0.0,0,0,0,0,0,64.0,64007.0,0,0,0,54,eth:ethertype:ip:tcp,,,,,,,,,,,0.0,Normal,0.0
1744309739264635,10.42.0.1,10.42.0.139,1883,50205,5,234,0,1,1,0,0,0,0,0,0,0,0,0.0,0,,0,0,,0,0,0,0,0,0,0,0,0.0,0,0,0,0,0,64.0,64007.0,0,0,0,54,eth:ethertype:ip:tcp,,,,,,,,,,,0.0,Normal,0.0
1744309754204767,10.42.0.1,10.42.0.2,1883,50205,0,1,1,1,0,0,0,0,0,0,0,0,0,0.0,0,,0,0,,0,0,0,0,0,0,0,0,0.0,0,0,0,0,0,64.0,64240.0,0,0,0,58,eth:ethertype:ip:tcp,,,,,,,,,,,0.0,Normal,0.0
1744309754210800,10.42.0.1,10.42.0.2,1883,50205,1,4,0,1,0,0,0,0,0,0,0,0,0,0.0,0,,0,0,,0,0,0,0,0,0,0,0,0.0,0,0,0,0,0,64.0,64237.0,0,0,0,54,eth:ethertype:ip:tcp,,,,,,,,,,,0.0,Normal,0.0
1744309754214060,10.42.0.1,10.42.0.2,1883,50205,1,33,0,1,0,0,0,0,0,0,0,0,0,0.0,0,,0,0,,0,0,0,0,0,0,0,0,0.0,0,0,0,0,0,64.0,64208.0,0,0,0,54,eth:ethertype:ip:tcp,,,,,,,,,,,0.0,Normal,0.0
1744309754217109,10.42.0.1,10.42.0.2,1883,50205,1,45,0,1,0,0,0,0,0,0,0,0,0,0.0,0,,0,0,,0,0,0,0,0,0,0,0,0.0,0,0,0,0,0,64.0,64196.0,0,0,0,54,eth:ethertype:ip:tcp,,,,,,,,,,,0.0,Normal,0.0
1744309754217452,10.42.0.1,10.42.0.2,1883,50205,1,45,0,1,0,0,1,0,4,0,0,0,0,0.0,0,,0,2,,0,0,0,0,2,0,0,0,0.0,0x00,0,0,0,0,64.0,64196.0,0,0,0,58,eth:ethertype:ip:tcp:mqtt,,,,,,,,,,,0.0,Normal,0.0
1744309754264593,10.42.0.1,10.42.0.2,1883,50205,5,234,0,1,0,0,0,0,0,0,0,0,0,0.0,0,,0,0,,0,0,0,0,0,0,0,0,0.0,0,0,0,0,0,64.0,64007.0,0,0,0,54,eth:ethertype:ip:tcp,,,,,,,,,,,0.0,Normal,0.0
1744309754264635,10.42.0.1,10.42.0.2,1883,50205,5,234,0,1,1,0,0,0,0,0,0,0,0,0.0,0,,0,0,,0,0,0,0,0,0,0,0,0.0,0,0,0,0,0,64.0,64007.0,0,0,0,54,eth:ethertype:ip:tcp,,,,,,,,,,,0.0,Normal,0.0
1744309769272778,10.42.0.1,10.42.0.139,1883,50206,0,1,1,1,0,0,0,0,0,0,0,0,0,0.0,0,,0,0,,0,0,0,0,0,0,0,0,0.0,0,0,0,0,0,64.0,64240.0,0,0,0,58,eth:ethertype:ip:tcp,,,,,,,,,,,0.0,Normal,0.0
1744309769278849,10.42.0.1,10.42.0.139,1883,50206,1,4,0,1,0,0,0,0,0,0,0,0,0,0.0,0,,0,0,,0,0,0,0,0,0,0,0,0.0,0,0,0,0,0,64.0,64237.0,0,0,0,54,eth:ethertype:ip:tcp,,,,,,,,,,,0.0,Normal,0.0
1744309769282355,10.42.0.1,10.42.0.139,1883,50206,1,33,0,1,0,0,0,0,0,0,0,0,0,0.0,0,,0,0,,0,0,0,0,0,0,0,0,0.0,0,0,0,0,0,64.0,64208.0,0,0,0,54,eth:ethertype:ip:tcp,,,,,,,,,,,0.0,Normal,0.0
1744309769286050,10.42.0.1,10.42.0.139,1883,50206,1,45,0,1,0,0,0,0,0,0,0,0,0,0.0,0,,0,0,,0,0,0,0,0,0,0,0,0.0,0,0,0,0,0,64.0,64196.0,0,0,0,54,eth:ethertype:ip:tcp,,,,,,,,,,,0.0,Normal,0.0
1744309769286433,10.42.0.1,10.42.0.139,1883,50206,1,45,0,1,0,0,1,0,4,0,0,0,0,0.0,0,,0,2,,0,0,0,0,2,0,0,0,0.0,0x00,0,0,0,0,64.0,64196.0,0,0,0,58,eth:ethertype:ip:tcp:mqtt,,,,,,,,,,,0.0,Normal,0.0
1744309769334200,10.42.0.1,10.42.0.139,1883,50206,5,234,0,1,0,0,0,0,0,0,0,0,0,0.0,0,,0,0,,0,0,0,0,0,0,0,0,0.0,0,0,0,0,0,64.0,64007.0,0,0,0,54,eth:ethertype:ip:tcp,,,,,,,,,,,0.0,Normal,0.0
1744309769334241,10.42.0.1,10.42.0.139,1883,50206,5,234,0,1,1,0,0,0,0,0,0,0,0,0.0,0,,0,0,,0,0,0,0,0,0,0,0,0.0,0,0,0,0,0,64.0,64007.0,0,0,0,54,eth:ethertype:ip:tcp,,,,,,,,,,,0.0,Normal,0.0
1744309784272778,10.42.0.1,10.42.0.2,1883,50206,0,1,1,1,0,0,0,0,0,0,0,0,0,0.0,0,,0,0,,0,0,0,0,0,0,0,0,0.0,0,0,0,0,0,64.0,64240.0,0,0,0,58,eth:ethertype:ip:tcp,,,,,,,,,,,0.0,Normal,0.0
1744309784278849,10.42.0.1,10.42.0.2,1883,50206,1,4,0,1,0,0,0,0,0,0,0,0,0,0.0,0,,0,0,,0,0,0,0,0,0,0,0,0.0,0,0,0,0,0,64.0,64237.0,0,0,0,54,eth:ethertype:ip:tcp,,,,,,,,,,,0.0,Normal,0.0
1744309784282355,10.42.0.1,10.42.0.2,1883,50206,1,33,0,1,0,0,0,0,0,0,0,0,0,0.0,0,,0,0,,0,0,0,0,0,0,0,0,0.0,0,0,0,0,0,64.0,64208.0,0,0,0,54,eth:ethertype:ip:tcp,,,,,,,,,,,0.0,Normal,0.0
1744309784286050,10.42.0.1,10.42.0.2,1883,50206,1,45,0,1,0,0,0,0,0,0,0,0,0,0.0,0,,0,0,,0,0,0,0,0,0,0,0,0.0,0,0,0,0,0,64.0,64196.0,0,0,0,54,eth:ethertype:ip:tcp,,,,,,,,,,,0.0,Normal,0.0
1744309784286433,10.42.0.1,10.42.0.2,1883,50206,1,45,0,1,0,0,1,0,4,0,0,0,0,0.0,0,,0,2,,0,0,0,0,2,0,0,0,0.0,0x00,0,0,0,0,64.0,64196.0,0,0,0,58,eth:ethertype:ip:tcp:mqtt,,,,,,,,,,,0.0,Normal,0.0
1744309784334200,10.42.0.1,10.42.0.2,1883,50206,5,234,0,1,0,0,0,0,0,0,0,0,0,0.0,0,,0,0,,0,0,0,0,0,0,0,0,0.0,0,0,0,0,0,64.0,64007.0,0,0,0,54,eth:ethertype:ip:tcp,,,,,,,,,,,0.0,Normal,0.0
1744309784334241,10.42.0.1,10.42.0.2,1883,50206,5,234,0,1,1,0,0,0,0,0,0,0,0,0.0,0,,0,0,,0,0,0,0,0,0,0,0,0.0,0,0,0,0,0,64.0,64007.0,0,0,0,54,eth:ethertype:ip:tcp,,,,,,,,,,,0.0,Normal,0.0
1744309799342980,10.42.0.1,10.42.0.139,1883,50207,0,1,1,1,0,0,0,0,0,0,0,0,0,0.0,0,,0,0,,0,0,0,0,0,0,0,0,0.0,0,0,0,0,0,64.0,64240.0,0,0,0,58,eth:ethertype:ip:tcp,,,,,,,,,,,0.0,Normal,0.0
1744309799349016,10.42.0.1,10.42.0.139,1883,50207,1,4,0,1,0,0,0,0,0,0,0,0,0,0.0,0,,0,0,,0,0,0,0,0,0,0,0,0.0,0,0,0,0,0,64.0,64237.0,0,0,0,54,eth:ethertype:ip:tcp,,,,,,,,,,,0.0,Normal,0.0
1744309799353873,10.42.0.1,10.42.0.139,1883,50207,1,35,0,1,0,0,0,0,0,0,0,0,0,0.0,0,,0,0,,0,0,0,0,0,0,0,0,0.0,0,0,0,0,0,64.0,64206.0,0,0,0,54,eth:ethertype:ip:tcp,,,,,,,,,,,0.0,Normal,0.0
1744309799356546,10.42.0.1,10.42.0.139,1883,50207,1,45,0,1,0,0,0,0,0,0,0,0,0,0.0,0,,0,0,,0,0,0,0,0,0,0,0,0.0,0,0,0,0,0,64.0,64196.0,0,0,0,54,eth:ethertype:ip:tcp,,,,,,,,,,,0.0,Normal,0.0
1744309799356902,10.42.0.1,10.42.0.139,1883,50207,1,45,0,1,0,0,1,0,4,0,0,0,0,0.0,0,,0,2,,0,0,0,0,2,0,0,0,0.0,0x00,0,0,0,0,64.0,64196.0,0,0,0,58,eth:ethertype:ip:tcp:mqtt,,,,,,,,,,,0.0,Normal,0.0
1744309799403469,10.42.0.1,10.42.0.139,1883,50207,5,234,0,1,0,0,0,0,0,0,0,0,0,0.0,0,,0,0,,0,0,0,0,0,0,0,0,0.0,0,0,0,0,0,64.0,64007.0,0,0,0,54,eth:ethertype:ip:tcp,,,,,,,,,,,0.0,Normal,0.0
1744309799403550,10.42.0.1,10.42.0.139,1883,50207,5,234,0,1,1,0,0,0,0,0,0,0,0,0.0,0,,0,0,,0,0,0,0,0,0,0,0,0.0,0,0,0,0,0,64.0,64007.0,0,0,0,54,eth:ethertype:ip:tcp,,,,,,,,,,,0.0,Normal,0.0
1744309814342980,10.42.0.1,10.42.0.2,1883,50207,0,1,1,1,0,0,0,0,0,0,0,0,0,0.0,0,,0,0,,0,0,0,0,0,0,0,0,0.0,0,0,0,0,0,64.0,64240.0,0,0,0,58,eth:ethertype:ip:tcp,,,,,,,,,,,0.0,Normal,0.0
1744309814349016,10.42.0.1,10.42.0.2,1883,50207,1,4,0,1,0,0,0,0,0,0,0,0,0,0.0,0,,0,0,,0,0,0,0,0,0,0,0,0.0,0,0,0,0,0,64.0,64237.0,0,0,0,54,eth:ethertype:ip:tcp,,,,,,,,,,,0.0,Normal,0.0
1744309814353873,10.42.0.1,10.42.0.2,1883,50207,1,35,0,1,0,0,0,0,0,0,0,0,0,0.0,0,,0,0,,0,0,0,0,0,0,0,0,0.0,0,0,0,0,0,64.0,64206.0,0,0,0,54,eth:ethertype:ip:tcp,,,,,,,,,,,0.0,Normal,0.0
1744309814356546,10.42.0.1,10.42.0.2,1883,50207,1,45,0,1,0,0,0,0,0,0,0,0,0,0.0,0,,0,0,,0,0,0,0,0,0,0,0,0.0,0,0,0,0,0,64.0,64196.0,0,0,0,54,eth:ethertype:ip:tcp,,,,,,,,,,,0.0,Normal,0.0
1744309814356902,10.42.0.1,10.42.0.2,1883,50207,1,45,0,1,0,0,1,0,4,0,0,0,0,0.0,0,,0,2,,0,0,0,0,2,0,0,0,0.0,0x00,0,0,0,0,64.0,64196.0,0,0,0,58,eth:ethertype:ip:tcp:mqtt,,,,,,,,,,,0.0,Normal,0.0
1744309814403469,10.42.0.1,10.42.0.2,1883,50207,5,234,0,1,0,0,0,0,0,0,0,0,0,0.0,0,,0,0,,0,0,0,0,0,0,0,0,0.0,0,0,0,0,0,64.0,64007.0,0,0,0,54,eth:ethertype:ip:tcp,,,,,,,,,,,0.0,Normal,0.0
1744309814403550,10.42.0.1,10.42.0.2,1883,50207,5,234,0,1,1,0,0,0,0,0,0,0,0,0.0,0,,0,0,,0,0,0,0,0,0,0,0,0.0,0,0,0,0,0,64.0,64007.0,0,0,0,54,eth:ethertype:ip:tcp,,,,,,,,,,,0.0,Normal,0.0
1744309829381196,10.42.0.1,224.0.0.251,0,0,0,0,0,0,0,0,0,0,0,0,0,0,0,0.0,0,,0,0,,0,0,0,0,0,0,0,0,0.0,0,0,0,0,0,255.0,0.0,0,0,0,160,eth:ethertype:ip:udp:mdns,,,,,,,,,,,,,
1744309829412258,10.42.0.1,10.42.0.139,1883,50208,0,1,1,1,0,0,0,0,0,0,0,0,0,0.0,0,,0,0,,0,0,0,0,0,0,0,0,0.0,0,0,0,0,0,64.0,64240.0,0,0,0,58,eth:ethertype:ip:tcp,,,,,,,,,,,0.0,Normal,0.0
1744309829423370,10.42.0.1,10.42.0.139,1883,50208,1,4,0,1,0,0,0,0,0,0,0,0,0,0.0,0,,0,0,,0,0,0,0,0,0,0,0,0.0,0,0,0,0,0,64.0,64237.0,0,0,0,54,eth:ethertype:ip:tcp,,,,,,,,,,,0.0,Normal,0.0
1744309829426939,10.42.0.1,10.42.0.139,1883,50208,1,39,0,1,0,0,0,0,0,0,0,0,0,0.0,0,,0,0,,0,0,0,0,0,0,0,0,0.0,0,0,0,0,0,64.0,64202.0,0,0,0,54,eth:ethertype:ip:tcp,,,,,,,,,,,0.0,Normal,0.0
1744309829429651,10.42.0.1,10.42.0.139,1883,50208,1,45,0,1,0,0,0,0,0,0,0,0,0,0.0,0,,0,0,,0,0,0,0,0,0,0,0,0.0,0,0,0,0,0,64.0,64196.0,0,0,0,54,eth:ethertype:ip:tcp,,,,,,,,,,,0.0,Normal,0.0
1744309829430032,10.42.0.1,10.42.0.139,1883,50208,1,45,0,1,0,0,1,0,4,0,0,0,0,0.0,0,,0,2,,0,0,0,0,2,0,0,0,0.0,0x00,0,0,0,0,64.0,64196.0,0,0,0,58,eth:ethertype:ip:tcp:mqtt,,,,,,,,,,,0.0,Normal,0.0
1744309829483183,10.42.0.1,10.42.0.139,1883,50208,5,234,0,1,0,0,0,0,0,0,0,0,0,0.0,0,,0,0,,0,0,0,0,0,0,0,0,0.0,0,0,0,0,0,64.0,64007.0,0,0,0,54,eth:ethertype:ip:tcp,,,,,,,,,,,0.0,Normal,0.0
1744309829483285,10.42.0.1,10.42.0.139,1883,50208,5,234,0,1,1,0,0,0,0,0,0,0,0,0.0,0,,0,0,,0,0,0,0,0,0,0,0,0.0,0,0,0,0,0,64.0,64007.0,0,0,0,54,eth:ethertype:ip:tcp,,,,,,,,,,,0.0,Normal,0.0
1744309844381196,10.42.0.1,224.0.0.251,0,0,0,0,0,0,0,0,0,0,0,0,0,0,0,0.0,0,,0,0,,0,0,0,0,0,0,0,0,0.0,0,0,0,0,0,255.0,0.0,0,0,0,160,eth:ethertype:ip:udp:mdns,,,,,,,,,,,,,
1744309844412258,10.42.0.1,10.42.0.2,1883,50208,0,1,1,1,0,0,0,0,0,0,0,0,0,0.0,0,,0,0,,0,0,0,0,0,0,0,0,0.0,0,0,0,0,0,64.0,64240.0,0,0,0,58,eth:ethertype:ip:tcp,,,,,,,,,,,0.0,Normal,0.0
1744309844423370,10.42.0.1,10.42.0.2,1883,50208,1,4,0,1,0,0,0,0,0,0,0,0,0,0.0,0,,0,0,,0,0,0,0,0,0,0,0,0.0,0,0,0,0,0,64.0,64237.0,0,0,0,54,eth:ethertype:ip:tcp,,,,,,,,,,,0.0,Normal,0.0
1744309844426939,10.42.0.1,10.42.0.2,1883,50208,1,39,0,1,0,0,0,0,0,0,0,0,0,0.0,0,,0,0,,0,0,0,0,0,0,0,0,0.0,0,0,0,0,0,64.0,64202.0,0,0,0,54,eth:ethertype:ip:tcp,,,,,,,,,,,0.0,Normal,0.0
1744309844429651,10.42.0.1,10.42.0.2,1883,50208,1,45,0,1,0,0,0,0,0,0,0,0,0,0.0,0,,0,0,,0,0,0,0,0,0,0,0,0.0,0,0,0,0,0,64.0,64196.0,0,0,0,54,eth:ethertype:ip:tcp,,,,,,,,,,,0.0,Normal,0.0
1744309844430032,10.42.0.1,10.42.0.2,1883,50208,1,45,0,1,0,0,1,0,4,0,0,0,0,0.0,0,,0,2,,0,0,0,0,2,0,0,0,0.0,0x00,0,0,0,0,64.0,64196.0,0,0,0,58,eth:ethertype:ip:tcp:mqtt,,,,,,,,,,,0.0,Normal,0.0
1744309844483183,10.42.0.1,10.42.0.2,1883,50208,5,234,0,1,0,0,0,0,0,0,0,0,0,0.0,0,,0,0,,0,0,0,0,0,0,0,0,0.0,0,0,0,0,0,64.0,64007.0,0,0,0,54,eth:ethertype:ip:tcp,,,,,,,,,,,0.0,Normal,0.0
1744309844483285,10.42.0.1,10.42.0.2,1883,50208,5,234,0,1,1,0,0,0,0,0,0,0,0,0.0,0,,0,0,,0,0,0,0,0,0,0,0,0.0,0,0,0,0,0,64.0,64007.0,0,0,0,54,eth:ethertype:ip:tcp,,,,,,,,,,,0.0,Normal,0.0
1744309859491906,10.42.0.1,10.42.0.139,1883,50209,0,1,1,1,0,0,0,0,0,0,0,0,0,0.0,0,,0,0,,0,0,0,0,0,0,0,0,0.0,0,0,0,0,0,64.0,64240.0,0,0,0,58,eth:ethertype:ip:tcp,,,,,,,,,,,0.0,Normal,0.0
1744309859497969,10.42.0.1,10.42.0.139,1883,50209,1,4,0,1,0,0,0,0,0,0,0,0,0,0.0,0,,0,0,,0,0,0,0,0,0,0,0,0.0,0,0,0,0,0,64.0,64237.0,0,0,0,54,eth:ethertype:ip:tcp,,,,,,,,,,,0.0,Normal,0.0
1744309859501400,10.42.0.1,10.42.0.139,1883,50209,1,33,0,1,0,0,0,0,0,0,0,0,0,0.0,0,,0,0,,0,0,0,0,0,0,0,0,0.0,0,0,0,0,0,64.0,64208.0,0,0,0,54,eth:ethertype:ip:tcp,,,,,,,,,,,0.0,Normal,0.0
1744309859504508,10.42.0.1,10.42.0.139,1883,50209,1,45,0,1,0,0,0,0,0,0,0,0,0,0.0,0,,0,0,,0,0,0,0,0,0,0,0,0.0,0,0,0,0,0,64.0,64196.0,0,0,0,54,eth:ethertype:ip:tcp,,,,,,,,,,,0.0,Normal,0.0
1744309859504841,10.42.0.1,10.42.0.139,1883,50209,1,45,0,1,0,0,1,0,4,0,0,0,0,0.0,0,,0,2,,0,0,0,0,2,0,0,0,0.0,0x00,0,0,0,0,64.0,64196.0,0,0,0,58,eth:ethertype:ip:tcp:mqtt,,,,,,,,,,,0.0,Normal,0.0
1744309859552029,10.42.0.1,10.42.0.139,1883,50209,5,234,0,1,0,0,0,0,0,0,0,0,0,0.0,0,,0,0,,0,0,0,0,0,0,0,0,0.0,0,0,0,0,0,64.0,64007.0,0,0,0,54,eth:ethertype:ip:tcp,,,,,,,,,,,0.0,Normal,0.0
1744309859552069,10.42.0.1,10.42.0.139,1883,50209,5,234,0,1,1,0,0,0,0,0,0,0,0,0.0,0,,0,0,,0,0,0,0,0,0,0,0,0.0,0,0,0,0,0,64.0,64007.0,0,0,0,54,eth:ethertype:ip:tcp,,,,,,,,,,,0.0,Normal,0.0
1744309874491906,10.42.0.1,10.42.0.2,1883,50209,0,1,1,1,0,0,0,0,0,0,0,0,0,0.0,0,,0,0,,0,0,0,0,0,0,0,0,0.0,0,0,0,0,0,64.0,64240.0,0,0,0,58,eth:ethertype:ip:tcp,,,,,,,,,,,0.0,Normal,0.0
1744309874497969,10.42.0.1,10.42.0.2,1883,50209,1,4,0,1,0,0,0,0,0,0,0,0,0,0.0,0,,0,0,,0,0,0,0,0,0,0,0,0.0,0,0,0,0,0,64.0,64237.0,0,0,0,54,eth:ethertype:ip:tcp,,,,,,,,,,,0.0,Normal,0.0
1744309874501400,10.42.0.1,10.42.0.2,1883,50209,1,33,0,1,0,0,0,0,0,0,0,0,0,0.0,0,,0,0,,0,0,0,0,0,0,0,0,0.0,0,0,0,0,0,64.0,64208.0,0,0,0,54,eth:ethertype:ip:tcp,,,,,,,,,,,0.0,Normal,0.0
1744309874504508,10.42.0.1,10.42.0.2,1883,50209,1,45,0,1,0,0,0,0,0,0,0,0,0,0.0,0,,0,0,,0,0,0,0,0,0,0,0,0.0,0,0,0,0,0,64.0,64196.0,0,0,0,54,eth:ethertype:ip:tcp,,,,,,,,,,,0.0,Normal,0.0
1744309874504841,10.42.0.1,10.42.0.2,1883,50209,1,45,0,1,0,0,1,0,4,0,0,0,0,0.0,0,,0,2,,0,0,0,0,2,0,0,0,0.0,0x00,0,0,0,0,64.0,64196.0,0,0,0,58,eth:ethertype:ip:tcp:mqtt,,,,,,,,,,,0.0,Normal,0.0
1744309874552029,10.42.0.1,10.42.0.2,1883,50209,5,234,0,1,0,0,0,0,0,0,0,0,0,0.0,0,,0,0,,0,0,0,0,0,0,0,0,0.0,0,0,0,0,0,64.0,64007.0,0,0,0,54,eth:ethertype:ip:tcp,,,,,,,,,,,0.0,Normal,0.0
1744309874552069,10.42.0.1,10.42.0.2,1883,50209,5,234,0,1,1,0,0,0,0,0,0,0,0,0.0,0,,0,0,,0,0,0,0,0,0,0,0,0.0,0,0,0,0,0,64.0,64007.0,0,0,0,54,eth:ethertype:ip:tcp,,,,,,,,,,,0.0,Normal,0.0
1744309889560943,10.42.0.1,10.42.0.139,1883,50210,0,1,1,1,0,0,0,0,0,0,0,0,0,0.0,0,,0,0,,0,0,0,0,0,0,0,0,0.0,0,0,0,0,0,64.0,64240.0,0,0,0,58,eth:ethertype:ip:tcp,,,,,,,,,,,0.0,Normal,0.0
1744309889569085,10.42.0.1,10.42.0.139,1883,50210,1,4,0,1,0,0,0,0,0,0,0,0,0,0.0,0,,0,0,,0,0,0,0,0,0,0,0,0.0,0,0,0,0,0,64.0,64237.0,0,0,0,54,eth:ethertype:ip:tcp,,,,,,,,,,,0.0,Normal,0.0
1744309889572025,10.42.0.1,10.42.0.139,1883,50210,1,45,0,1,0,0,0,0,0,0,0,0,0,0.0,0,,0,0,,0,0,0,0,0,0,0,0,0.0,0,0,0,0,0,64.0,64196.0,0,0,0,54,eth:ethertype:ip:tcp,,,,,,,,,,,0.0,Normal,0.0
1744309889572388,10.42.0.1,10.42.0.139,1883,50210,1,45,0,1,0,0,1,0,4,0,0,0,0,0.0,0,,0,2,,0,0,0,0,2,0,0,0,0.0,0x00,0,0,0,0,64.0,64196.0,0,0,0,58,eth:ethertype:ip:tcp:mqtt,,,,,,,,,,,0.0,Normal,0.0
1744309889621471,10.42.0.1,10.42.0.139,1883,50210,5,234,0,1,0,0,0,0,0,0,0,0,0,0.0,0,,0,0,,0,0,0,0,0,0,0,0,0.0,0,0,0,0,0,64.0,64007.0,0,0,0,54,eth:ethertype:ip:tcp,,,,,,,,,,,0.0,Normal,0.0
1744309889621549,10.42.0.1,10.42.0.139,1883,50210,5,234,0,1,1,0,0,0,0,0,0,0,0,0.0,0,,0,0,,0,0,0,0,0,0,0,0,0.0,0,0,0,0,0,64.0,64007.0,0,0,0,54,eth:ethertype:ip:tcp,,,,,,,,,,,0.0,Normal,0.0
1744309904560943,10.42.0.1,10.42.0.2,1883,50210,0,1,1,1,0,0,0,0,0,0,0,0,0,0.0,0,,0,0,,0,0,0,0,0,0,0,0,0.0,0,0,0,0,0,64.0,64240.0,0,0,0,58,eth:ethertype:ip:tcp,,,,,,,,,,,0.0,Normal,0.0
1744309904569085,10.42.0.1,10.42.0.2,1883,50210,1,4,0,1,0,0,0,0,0,0,0,0,0,0.0,0,,0,0,,0,0,0,0,0,0,0,0,0.0,0,0,0,0,0,64.0,64237.0,0,0,0,54,eth:ethertype:ip:tcp,,,,,,,,,,,0.0,Normal,0.0
1744309904572025,10.42.0.1,10.42.0.2,1883,50210,1,45,0,1,0,0,0,0,0,0,0,0,0,0.0,0,,0,0,,0,0,0,0,0,0,0,0,0.0,0,0,0,0,0,64.0,64196.0,0,0,0,54,eth:ethertype:ip:tcp,,,,,,,,,,,0.0,Normal,0.0
1744309904572388,10.42.0.1,10.42.0.2,1883,50210,1,45,0,1,0,0,1,0,4,0,0,0,0,0.0,0,,0,2,,0,0,0,0,2,0,0,0,0.0,0x00,0,0,0,0,64.0,64196.0,0,0,0,58,eth:ethertype:ip:tcp:mqtt,,,,,,,,,,,0.0,Normal,0.0
1744309904621471,10.42.0.1,10.42.0.2,1883,50210,5,234,0,1,0,0,0,0,0,0,0,0,0,0.0,0,,0,0,,0,0,0,0,0,0,0,0,0.0,0,0,0,0,0,64.0,64007.0,0,0,0,54,eth:ethertype:ip:tcp,,,,,,,,,,,0.0,Normal,0.0
1744309904621549,10.42.0.1,10.42.0.2,1883,50210,5,234,0,1,1,0,0,0,0,0,0,0,0,0.0,0,,0,0,,0,0,0,0,0,0,0,0,0.0,0,0,0,0,0,64.0,64007.0,0,0,0,54,eth:ethertype:ip:tcp,,,,,,,,,,,0.0,Normal,0.0
1744309919630653,10.42.0.1,10.42.0.139,1883,50211,0,1,1,1,0,0,0,0,0,0,0,0,0,0.0,0,,0,0,,0,0,0,0,0,0,0,0,0.0,0,0,0,0,0,64.0,64240.0,0,0,0,58,eth:ethertype:ip:tcp,,,,,,,,,,,0.0,Normal,0.0
1744309919637952,10.42.0.1,10.42.0.139,1883,50211,1,4,0,1,0,0,0,0,0,0,0,0,0,0.0,0,,0,0,,0,0,0,0,0,0,0,0,0.0,0,0,0,0,0,64.0,64237.0,0,0,0,54,eth:ethertype:ip:tcp,,,,,,,,,,,0.0,Normal,0.0
1744309919641505,10.42.0.1,10.42.0.139,1883,50211,1,33,0,1,0,0,0,0,0,0,0,0,0,0.0,0,,0,0,,0,0,0,0,0,0,0,0,0.0,0,0,0,0,0,64.0,64208.0,0,0,0,54,eth:ethertype:ip:tcp,,,,,,,,,,,0.0,Normal,0.0
1744309919644586,10.42.0.1,10.42.0.139,1883,50211,1,45,0,1,0,0,0,0,0,0,0,0,0,0.0,0,,0,0,,0,0,0,0,0,0,0,0,0.0,0,0,0,0,0,64.0,64196.0,0,0,0,54,eth:ethertype:ip:tcp,,,,,,,,,,,0.0,Normal,0.0
1744309919644844,10.42.0.1,10.42.0.139,1883,50211,1,45,0,1,0,0,1,0,4,0,0,0,0,0.0,0,,0,2,,0,0,0,0,2,0,0,0,0.0,0x00,0,0,0,0,64.0,64196.0,0,0,0,58,eth:ethertype:ip:tcp:mqtt,,,,,,,,,,,0.0,Normal,0.0
1744309919691264,10.42.0.1,10.42.0.139,1883,50211,5,234,0,1,0,0,0,0,0,0,0,0,0,0.0,0,,0,0,,0,0,0,0,0,0,0,0,0.0,0,0,0,0,0,64.0,64007.0,0,0,0,54,eth:ethertype:ip:tcp,,,,,,,,,,,0.0,Normal,0.0
1744309919691305,10.42.0.1,10.42.0.139,1883,50211,5,234,0,1,1,0,0,0,0,0,0,0,0,0.0,0,,0,0,,0,0,0,0,0,0,0,0,0.0,0,0,0,0,0,64.0,64007.0,0,0,0,54,eth:ethertype:ip:tcp,,,,,,,,,,,0.0,Normal,0.0
1744309934630653,10.42.0.1,10.42.0.2,1883,50211,0,1,1,1,0,0,0,0,0,0,0,0,0,0.0,0,,0,0,,0,0,0,0,0,0,0,0,0.0,0,0,0,0,0,64.0,64240.0,0,0,0,58,eth:ethertype:ip:tcp,,,,,,,,,,,0.0,Normal,0.0
1744309934637952,10.42.0.1,10.42.0.2,1883,50211,1,4,0,1,0,0,0,0,0,0,0,0,0,0.0,0,,0,0,,0,0,0,0,0,0,0,0,0.0,0,0,0,0,0,64.0,64237.0,0,0,0,54,eth:ethertype:ip:tcp,,,,,,,,,,,0.0,Normal,0.0
1744309934641505,10.42.0.1,10.42.0.2,1883,50211,1,33,0,1,0,0,0,0,0,0,0,0,0,0.0,0,,0,0,,0,0,0,0,0,0,0,0,0.0,0,0,0,0,0,64.0,64208.0,0,0,0,54,eth:ethertype:ip:tcp,,,,,,,,,,,0.0,Normal,0.0
1744309934644586,10.42.0.1,10.42.0.2,1883,50211,1,45,0,1,0,0,0,0,0,0,0,0,0,0.0,0,,0,0,,0,0,0,0,0,0,0,0,0.0,0,0,0,0,0,64.0,64196.0,0,0,0,54,eth:ethertype:ip:tcp,,,,,,,,,,,0.0,Normal,0.0
1744309934644844,10.42.0.1,10.42.0.2,1883,50211,1,45,0,1,0,0,1,0,4,0,0,0,0,0.0,0,,0,2,,0,0,0,0,2,0,0,0,0.0,0x00,0,0,0,0,64.0,64196.0,0,0,0,58,eth:ethertype:ip:tcp:mqtt,,,,,,,,,,,0.0,Normal,0.0
1744309934691264,10.42.0.1,10.42.0.2,1883,50211,5,234,0,1,0,0,0,0,0,0,0,0,0,0.0,0,,0,0,,0,0,0,0,0,0,0,0,0.0,0,0,0,0,0,64.0,64007.0,0,0,0,54,eth:ethertype:ip:tcp,,,,,,,,,,,0.0,Normal,0.0
1744309934691305,10.42.0.1,10.42.0.2,1883,50211,5,234,0,1,1,0,0,0,0,0,0,0,0,0.0,0,,0,0,,0,0,0,0,0,0,0,0,0.0,0,0,0,0,0,64.0,64007.0,0,0,0,54,eth:ethertype:ip:tcp,,,,,,,,,,,0.0,Normal,0.0
1744309949699892,10.42.0.1,10.42.0.139,1883,50212,0,1,1,1,0,0,0,0,0,0,0,0,0,0.0,0,,0,0,,0,0,0,0,0,0,0,0,0.0,0,0,0,0,0,64.0,64240.0,0,0,0,58,eth:ethertype:ip:tcp,,,,,,,,,,,0.0,Normal,0.0
1744309949705794,10.42.0.1,10.42.0.139,1883,50212,1,4,0,1,0,0,0,0,0,0,0,0,0,0.0,0,,0,0,,0,0,0,0,0,0,0,0,0.0,0,0,0,0,0,64.0,64237.0,0,0,0,54,eth:ethertype:ip:tcp,,,,,,,,,,,0.0,Normal,0.0
1744309949709343,10.42.0.1,10.42.0.139,1883,50212,1,33,0,1,0,0,0,0,0,0,0,0,0,0.0,0,,0,0,,0,0,0,0,0,0,0,0,0.0,0,0,0,0,0,64.0,64208.0,0,0,0,54,eth:ethertype:ip:tcp,,,,,,,,,,,0.0,Normal,0.0
1744309949712431,10.42.0.1,10.42.0.139,1883,50212,1,45,0,1,0,0,0,0,0,0,0,0,0,0.0,0,,0,0,,0,0,0,0,0,0,0,0,0.0,0,0,0,0,0,64.0,64196.0,0,0,0,54,eth:ethertype:ip:tcp,,,,,,,,,,,0.0,Normal,0.0
1744309949712756,10.42.0.1,10.42.0.139,1883,50212,1,45,0,1,0,0,1,0,4,0,0,0,0,0.0,0,,0,2,,0,0,0,0,2,0,0,0,0.0,0x00,0,0,0,0,64.0,64196.0,0,0,0,58,eth:ethertype:ip:tcp:mqtt,,,,,,,,,,,0.0,Normal,0.0
1744309949760145,10.42.0.1,10.42.0.139,1883,50212,5,234,0,1,0,0,0,0,0,0,0,0,0,0.0,0,,0,0,,0,0,0,0,0,0,0,0,0.0,0,0,0,0,0,64.0,64007.0,0,0,0,54,eth:ethertype:ip:tcp,,,,,,,,,,,0.0,Normal,0.0
1744309949760248,10.42.0.1,10.42.0.139,1883,50212,5,234,0,1,1,0,0,0,0,0,0,0,0,0.0,0,,0,0,,0,0,0,0,0,0,0,0,0.0,0,0,0,0,0,64.0,64007.0,0,0,0,54,eth:ethertype:ip:tcp,,,,,,,,,,,0.0,Normal,0.0
1744309964699892,10.42.0.1,10.42.0.2,1883,50212,0,1,1,1,0,0,0,0,0,0,0,0,0,0.0,0,,0,0,,0,0,0,0,0,0,0,0,0.0,0,0,0,0,0,64.0,64240.0,0,0,0,58,eth:ethertype:ip:tcp,,,,,,,,,,,0.0,Normal,0.0
1744309964705794,10.42.0.1,10.42.0.2,1883,50212,1,4,0,1,0,0,0,0,0,0,0,0,0,0.0,0,,0,0,,0,0,0,0,0,0,0,0,0.0,0,0,0,0,0,64.0,64237.0,0,0,0,54,eth:ethertype:ip:tcp,,,,,,,,,,,0.0,Normal,0.0
1744309964709343,10.42.0.1,10.42.0.2,1883,50212,1,33,0,1,0,0,0,0,0,0,0,0,0,0.0,0,,0,0,,0,0,0,0,0,0,0,0,0.0,0,0,0,0,0,64.0,64208.0,0,0,0,54,eth:ethertype:ip:tcp,,,,,,,,,,,0.0,Normal,0.0
1744309964712431,10.42.0.1,10.42.0.2,1883,50212,1,45,0,1,0,0,0,0,0,0,0,0,0,0.0,0,,0,0,,0,0,0,0,0,0,0,0,0.0,0,0,0,0,0,64.0,64196.0,0,0,0,54,eth:ethertype:ip:tcp,,,,,,,,,,,0.0,Normal,0.0
1744309964712756,10.42.0.1,10.42.0.2,1883,50212,1,45,0,1,0,0,1,0,4,0,0,0,0,0.0,0,,0,2,,0,0,0,0,2,0,0,0,0.0,0x00,0,0,0,0,64.0,64196.0,0,0,0,58,eth:ethertype:ip:tcp:mqtt,,,,,,,,,,,0.0,Normal,0.0
1744309964760145,10.42.0.1,10.42.0.2,1883,50212,5,234,0,1,0,0,0,0,0,0,0,0,0,0.0,0,,0,0,,0,0,0,0,0,0,0,0,0.0,0,0,0,0,0,64.0,64007.0,0,0,0,54,eth:ethertype:ip:tcp,,,,,,,,,,,0.0,Normal,0.0
1744309964760248,10.42.0.1,10.42.0.2,1883,50212,5,234,0,1,1,0,0,0,0,0,0,0,0,0.0,0,,0,0,,0,0,0,0,0,0,0,0,0.0,0,0,0,0,0,64.0,64007.0,0,0,0,54,eth:ethertype:ip:tcp,,,,,,,,,,,0.0,Normal,0.0
1744309979777480,10.42.0.1,10.42.0.139,1883,50213,0,1,1,1,0,0,0,0,0,0,0,0,0,0.0,0,,0,0,,0,0,0,0,0,0,0,0,0.0,0,0,0,0,0,64.0,64240.0,0,0,0,58,eth:ethertype:ip:tcp,,,,,,,,,,,0.0,Normal,0.0
1744309979784314,10.42.0.1,10.42.0.139,1883,50213,1,4,0,1,0,0,0,0,0,0,0,0,0,0.0,0,,0,0,,0,0,0,0,0,0,0,0,0.0,0,0,0,0,0,64.0,64237.0,0,0,0,54,eth:ethertype:ip:tcp,,,,,,,,,,,0.0,Normal,0.0
1744309979787648,10.42.0.1,10.42.0.139,1883,50213,1,35,0,1,0,0,0,0,0,0,0,0,0,0.0,0,,0,0,,0,0,0,0,0,0,0,0,0.0,0,0,0,0,0,64.0,64206.0,0,0,0,54,eth:ethertype:ip:tcp,,,,,,,,,,,0.0,Normal,0.0
1744309979790772,10.42.0.1,10.42.0.139,1883,50213,1,45,0,1,0,0,0,0,0,0,0,0,0,0.0,0,,0,0,,0,0,0,0,0,0,0,0,0.0,0,0,0,0,0,64.0,64196.0,0,0,0,54,eth:ethertype:ip:tcp,,,,,,,,,,,0.0,Normal,0.0
1744309979791143,10.42.0.1,10.42.0.139,1883,50213,1,45,0,1,0,0,1,0,4,0,0,0,0,0.0,0,,0,2,,0,0,0,0,2,0,0,0,0.0,0x00,0,0,0,0,64.0,64196.0,0,0,0,58,eth:ethertype:ip:tcp:mqtt,,,,,,,,,,,0.0,Normal,0.0
1744309979839497,10.42.0.1,10.42.0.139,1883,50213,5,234,0,1,0,0,0,0,0,0,0,0,0,0.0,0,,0,0,,0,0,0,0,0,0,0,0,0.0,0,0,0,0,0,64.0,64007.0,0,0,0,54,eth:ethertype:ip:tcp,,,,,,,,,,,0.0,Normal,0.0
1744309979839533,10.42.0.1,10.42.0.139,1883,50213,5,234,0,1,1,0,0,0,0,0,0,0,0,0.0,0,,0,0,,0,0,0,0,0,0,0,0,0.0,0,0,0,0,0,64.0,64007.0,0,0,0,54,eth:ethertype:ip:tcp,,,,,,,,,,,0.0,Normal,0.0
1744309994777480,10.42.0.1,10.42.0.2,1883,50213,0,1,1,1,0,0,0,0,0,0,0,0,0,0.0,0,,0,0,,0,0,0,0,0,0,0,0,0.0,0,0,0,0,0,64.0,64240.0,0,0,0,58,eth:ethertype:ip:tcp,,,,,,,,,,,0.0,Normal,0.0
1744309994784314,10.42.0.1,10.42.0.2,1883,50213,1,4,0,1,0,0,0,0,0,0,0,0,0,0.0,0,,0,0,,0,0,0,0,0,0,0,0,0.0,0,0,0,0,0,64.0,64237.0,0,0,0,54,eth:ethertype:ip:tcp,,,,,,,,,,,0.0,Normal,0.0
1744309994787648,10.42.0.1,10.42.0.2,1883,50213,1,35,0,1,0,0,0,0,0,0,0,0,0,0.0,0,,0,0,,0,0,0,0,0,0,0,0,0.0,0,0,0,0,0,64.0,64206.0,0,0,0,54,eth:ethertype:ip:tcp,,,,,,,,,,,0.0,Normal,0.0
1744309994790772,10.42.0.1,10.42.0.2,1883,50213,1,45,0,1,0,0,0,0,0,0,0,0,0,0.0,0,,0,0,,0,0,0,0,0,0,0,0,0.0,0,0,0,0,0,64.0,64196.0,0,0,0,54,eth:ethertype:ip:tcp,,,,,,,,,,,0.0,Normal,0.0
1744309994791143,10.42.0.1,10.42.0.2,1883,50213,1,45,0,1,0,0,1,0,4,0,0,0,0,0.0,0,,0,2,,0,0,0,0,2,0,0,0,0.0,0x00,0,0,0,0,64.0,64196.0,0,0,0,58,eth:ethertype:ip:tcp:mqtt,,,,,,,,,,,0.0,Normal,0.0
1744309994839497,10.42.0.1,10.42.0.2,1883,50213,5,234,0,1,0,0,0,0,0,0,0,0,0,0.0,0,,0,0,,0,0,0,0,0,0,0,0,0.0,0,0,0,0,0,64.0,64007.0,0,0,0,54,eth:ethertype:ip:tcp,,,,,,,,,,,0.0,Normal,0.0
1744309994839533,10.42.0.1,10.42.0.2,1883,50213,5,234,0,1,1,0,0,0,0,0,0,0,0,0.0,0,,0,0,,0,0,0,0,0,0,0,0,0.0,0,0,0,0,0,64.0,64007.0,0,0,0,54,eth:ethertype:ip:tcp,,,,,,,,,,,0.0,Normal,0.0
1744310009848416,10.42.0.1,10.42.0.139,1883,50214,0,1,1,1,0,0,0,0,0,0,0,0,0,0.0,0,,0,0,,0,0,0,0,0,0,0,0,0.0,0,0,0,0,0,64.0,64240.0,0,0,0,58,eth:ethertype:ip:tcp,,,,,,,,,,,0.0,Normal,0.0
1744310009854444,10.42.0.1,10.42.0.139,1883,50214,1,4,0,1,0,0,0,0,0,0,0,0,0,0.0,0,,0,0,,0,0,0,0,0,0,0,0,0.0,0,0,0,0,0,64.0,64237.0,0,0,0,54,eth:ethertype:ip:tcp,,,,,,,,,,,0.0,Normal,0.0
1744310009858065,10.42.0.1,10.42.0.139,1883,50214,1,33,0,1,0,0,0,0,0,0,0,0,0,0.0,0,,0,0,,0,0,0,0,0,0,0,0,0.0,0,0,0,0,0,64.0,64208.0,0,0,0,54,eth:ethertype:ip:tcp,,,,,,,,,,,0.0,Normal,0.0
1744310009861213,10.42.0.1,10.42.0.139,1883,50214,1,45,0,1,0,0,0,0,0,0,0,0,0,0.0,0,,0,0,,0,0,0,0,0,0,0,0,0.0,0,0,0,0,0,64.0,64196.0,0,0,0,54,eth:ethertype:ip:tcp,,,,,,,,,,,0.0,Normal,0.0
1744310009861594,10.42.0.1,10.42.0.139,1883,50214,1,45,0,1,0,0,1,0,4,0,0,0,0,0.0,0,,0,2,,0,0,0,0,2,0,0,0,0.0,0x00,0,0,0,0,64.0,64196.0,0,0,0,58,eth:ethertype:ip:tcp:mqtt,,,,,,,,,,,0.0,Normal,0.0
1744310009909219,10.42.0.1,10.42.0.139,1883,50214,5,234,0,1,0,0,0,0,0,0,0,0,0,0.0,0,,0,0,,0,0,0,0,0,0,0,0,0.0,0,0,0,0,0,64.0,64007.0,0,0,0,54,eth:ethertype:ip:tcp,,,,,,,,,,,0.0,Normal,0.0
1744310009909259,10.42.0.1,10.42.0.139,1883,50214,5,234,0,1,1,0,0,0,0,0,0,0,0,0.0,0,,0,0,,0,0,0,0,0,0,0,0,0.0,0,0,0,0,0,64.0,64007.0,0,0,0,54,eth:ethertype:ip:tcp,,,,,,,,,,,0.0,Normal,0.0
1744310024848416,10.42.0.1,10.42.0.2,1883,50214,0,1,1,1,0,0,0,0,0,0,0,0,0,0.0,0,,0,0,,0,0,0,0,0,0,0,0,0.0,0,0,0,0,0,64.0,64240.0,0,0,0,58,eth:ethertype:ip:tcp,,,,,,,,,,,0.0,Normal,0.0
1744310024854444,10.42.0.1,10.42.0.2,1883,50214,1,4,0,1,0,0,0,0,0,0,0,0,0,0.0,0,,0,0,,0,0,0,0,0,0,0,0,0.0,0,0,0,0,0,64.0,64237.0,0,0,0,54,eth:ethertype:ip:tcp,,,,,,,,,,,0.0,Normal,0.0
1744310024858065,10.42.0.1,10.42.0.2,1883,50214,1,33,0,1,0,0,0,0,0,0,0,0,0,0.0,0,,0,0,,0,0,0,0,0,0,0,0,0.0,0,0,0,0,0,64.0,64208.0,0,0,0,54,eth:ethertype:ip:tcp,,,,,,,,,,,0.0,Normal,0.0
1744310024861213,10.42.0.1,10.42.0.2,1883,50214,1,45,0,1,0,0,0,0,0,0,0,0,0,0.0,0,,0,0,,0,0,0,0,0,0,0,0,0.0,0,0,0,0,0,64.0,64196.0,0,0,0,54,eth:ethertype:ip:tcp,,,,,,,,,,,0.0,Normal,0.0
1744310024861594,10.42.0.1,10.42.0.2,1883,50214,1,45,0,1,0,0,1,0,4,0,0,0,0,0.0,0,,0,2,,0,0,0,0,2,0,0,0,0.0,0x00,0,0,0,0,64.0,64196.0,0,0,0,58,eth:ethertype:ip:tcp:mqtt,,,,,,,,,,,0.0,Normal,0.0
1744310024909219,10.42.0.1,10.42.0.2,1883,50214,5,234,0,1,0,0,0,0,0,0,0,0,0,0.0,0,,0,0,,0,0,0,0,0,0,0,0,0.0,0,0,0,0,0,64.0,64007.0,0,0,0,54,eth:ethertype:ip:tcp,,,,,,,,,,,0.0,Normal,0.0
1744310024909259,10.42.0.1,10.42.0.2,1883,50214,5,234,0,1,1,0,0,0,0,0,0,0,0,0.0,0,,0,0,,0,0,0,0,0,0,0,0,0.0,0,0,0,0,0,64.0,64007.0,0,0,0,54,eth:ethertype:ip:tcp,,,,,,,,,,,0.0,Normal,0.0
1744310039917828,10.42.0.1,10.42.0.139,1883,50215,0,1,1,1,0,0,0,0,0,0,0,0,0,0.0,0,,0,0,,0,0,0,0,0,0,0,0,0.0,0,0,0,0,0,64.0,64240.0,0,0,0,58,eth:ethertype:ip:tcp,,,,,,,,,,,0.0,Normal,0.0
1744310039923905,10.42.0.1,10.42.0.139,1883,50215,1,4,0,1,0,0,0,0,0,0,0,0,0,0.0,0,,0,0,,0,0,0,0,0,0,0,0,0.0,0,0,0,0,0,64.0,64237.0,0,0,0,54,eth:ethertype:ip:tcp,,,,,,,,,,,0.0,Normal,0.0
1744310039927261,10.42.0.1,10.42.0.139,1883,50215,1,33,0,1,0,0,0,0,0,0,0,0,0,0.0,0,,0,0,,0,0,0,0,0,0,0,0,0.0,0,0,0,0,0,64.0,64208.0,0,0,0,54,eth:ethertype:ip:tcp,,,,,,,,,,,0.0,Normal,0.0
1744310039930392,10.42.0.1,10.42.0.139,1883,50215,1,45,0,1,0,0,0,0,0,0,0,0,0,0.0,0,,0,0,,0,0,0,0,0,0,0,0,0.0,0,0,0,0,0,64.0,64196.0,0,0,0,54,eth:ethertype:ip:tcp,,,,,,,,,,,0.0,Normal,0.0
1744310039930719,10.42.0.1,10.42.0.139,1883,50215,1,45,0,1,0,0,1,0,4,0,0,0,0,0.0,0,,0,2,,0,0,0,0,2,0,0,0,0.0,0x00,0,0,0,0,64.0,64196.0,0,0,0,58,eth:ethertype:ip:tcp:mqtt,,,,,,,,,,,0.0,Normal,0.0
1744310039978260,10.42.0.1,10.42.0.139,1883,50215,5,234,0,1,0,0,0,0,0,0,0,0,0,0.0,0,,0,0,,0,0,0,0,0,0,0,0,0.0,0,0,0,0,0,64.0,64007.0,0,0,0,54,eth:ethertype:ip:tcp,,,,,,,,,,,0.0,Normal,0.0
1744310039978351,10.42.0.1,10.42.0.139,1883,50215,5,234,0,1,1,0,0,0,0,0,0,0,0,0.0,0,,0,0,,0,0,0,0,0,0,0,0,0.0,0,0,0,0,0,64.0,64007.0,0,0,0,54,eth:ethertype:ip:tcp,,,,,,,,,,,0.0,Normal,0.0
1744310054917828,10.42.0.1,10.42.0.2,1883,50215,0,1,1,1,0,0,0,0,0,0,0,0,0,0.0,0,,0,0,,0,0,0,0,0,0,0,0,0.0,0,0,0,0,0,64.0,64240.0,0,0,0,58,eth:ethertype:ip:tcp,,,,,,,,,,,0.0,Normal,0.0
1744310054923905,10.42.0.1,10.42.0.2,1883,50215,1,4,0,1,0,0,0,0,0,0,0,0,0,0.0,0,,0,0,,0,0,0,0,0,0,0,0,0.0,0,0,0,0,0,64.0,64237.0,0,0,0,54,eth:ethertype:ip:tcp,,,,,,,,,,,0.0,Normal,0.0
1744310054927261,10.42.0.1,10.42.0.2,1883,50215,1,33,0,1,0,0,0,0,0,0,0,0,0,0.0,0,,0,0,,0,0,0,0,0,0,0,0,0.0,0,0,0,0,0,64.0,64208.0,0,0,0,54,eth:ethertype:ip:tcp,,,,,,,,,,,0.0,Normal,0.0
1744310054930392,10.42.0.1,10.42.0.2,1883,50215,1,45,0,1,0,0,0,0,0,0,0,0,0,0.0,0,,0,0,,0,0,0,0,0,0,0,0,0.0,0,0,0,0,0,64.0,64196.0,0,0,0,54,eth:ethertype:ip:tcp,,,,,,,,,,,0.0,Normal,0.0
1744310054930719,10.42.0.1,10.42.0.2,1883,50215,1,45,0,1,0,0,1,0,4,0,0,0,0,0.0,0,,0,2,,0,0,0,0,2,0,0,0,0.0,0x00,0,0,0,0,64.0,64196.0,0,0,0,58,eth:ethertype:ip:tcp:mqtt,,,,,,,,,,,0.0,Normal,0.0
1744310054978260,10.42.0.1,10.42.0.2,1883,50215,5,234,0,1,0,0,0,0,0,0,0,0,0,0.0,0,,0,0,,0,0,0,0,0,0,0,0,0.0,0,0,0,0,0,64.0,64007.0,0,0,0,54,eth:ethertype:ip:tcp,,,,,,,,,,,0.0,Normal,0.0
1744310054978351,10.42.0.1,10.42.0.2,1883,50215,5,234,0,1,1,0,0,0,0,0,0,0,0,0.0,0,,0,0,,0,0,0,0,0,0,0,0,0.0,0,0,0,0,0,64.0,64007.0,0,0,0,54,eth:ethertype:ip:tcp,,,,,,,,,,,0.0,Normal,0.0
1744310069987050,10.42.0.1,10.42.0.139,1883,50216,0,1,1,1,0,0,0,0,0,0,0,0,0,0.0,0,,0,0,,0,0,0,0,0,0,0,0,0.0,0,0,0,0,0,64.0,64240.0,0,0,0,58,eth:ethertype:ip:tcp,,,,,,,,,,,0.0,Normal,0.0
1744310069993463,10.42.0.1,10.42.0.139,1883,50216,1,4,0,1,0,0,0,0,0,0,0,0,0,0.0,0,,0,0,,0,0,0,0,0,0,0,0,0.0,0,0,0,0,0,64.0,64237.0,0,0,0,54,eth:ethertype:ip:tcp,,,,,,,,,,,0.0,Normal,0.0
1744310069996895,10.42.0.1,10.42.0.139,1883,50216,1,35,0,1,0,0,0,0,0,0,0,0,0,0.0,0,,0,0,,0,0,0,0,0,0,0,0,0.0,0,0,0,0,0,64.0,64206.0,0,0,0,54,eth:ethertype:ip:tcp,,,,,,,,,,,0.0,Normal,0.0
1744310070002164,10.42.0.1,10.42.0.139,1883,50216,1,45,0,1,0,0,0,0,0,0,0,0,0,0.0,0,,0,0,,0,0,0,0,0,0,0,0,0.0,0,0,0,0,0,64.0,64196.0,0,0,0,54,eth:ethertype:ip:tcp,,,,,,,,,,,0.0,Normal,0.0
1744310070002496,10.42.0.1,10.42.0.139,1883,50216,1,45,0,1,0,0,1,0,4,0,0,0,0,0.0,0,,0,2,,0,0,0,0,2,0,0,0,0.0,0x00,0,0,0,0,64.0,64196.0,0,0,0,58,eth:ethertype:ip:tcp:mqtt,,,,,,,,,,,0.0,Normal,0.0
1744310070047391,10.42.0.1,10.42.0.139,1883,50216,5,234,0,1,0,0,0,0,0,0,0,0,0,0.0,0,,0,0,,0,0,0,0,0,0,0,0,0.0,0,0,0,0,0,64.0,64007.0,0,0,0,54,eth:ethertype:ip:tcp,,,,,,,,,,,0.0,Normal,0.0
1744310070047439,10.42.0.1,10.42.0.139,1883,50216,5,234,0,1,1,0,0,0,0,0,0,0,0,0.0,0,,0,0,,0,0,0,0,0,0,0,0,0.0,0,0,0,0,0,64.0,64007.0,0,0,0,54,eth:ethertype:ip:tcp,,,,,,,,,,,0.0,Normal,0.0
1744310084987050,10.42.0.1,10.42.0.2,1883,50216,0,1,1,1,0,0,0,0,0,0,0,0,0,0.0,0,,0,0,,0,0,0,0,0,0,0,0,0.0,0,0,0,0,0,64.0,64240.0,0,0,0,58,eth:ethertype:ip:tcp,,,,,,,,,,,0.0,Normal,0.0
1744310084993463,10.42.0.1,10.42.0.2,1883,50216,1,4,0,1,0,0,0,0,0,0,0,0,0,0.0,0,,0,0,,0,0,0,0,0,0,0,0,0.0,0,0,0,0,0,64.0,64237.0,0,0,0,54,eth:ethertype:ip:tcp,,,,,,,,,,,0.0,Normal,0.0
1744310084996895,10.42.0.1,10.42.0.2,1883,50216,1,35,0,1,0,0,0,0,0,0,0,0,0,0.0,0,,0,0,,0,0,0,0,0,0,0,0,0.0,0,0,0,0,0,64.0,64206.0,0,0,0,54,eth:ethertype:ip:tcp,,,,,,,,,,,0.0,Normal,0.0
1744310085002164,10.42.0.1,10.42.0.2,1883,50216,1,45,0,1,0,0,0,0,0,0,0,0,0,0.0,0,,0,0,,0,0,0,0,0,0,0,0,0.0,0,0,0,0,0,64.0,64196.0,0,0,0,54,eth:ethertype:ip:tcp,,,,,,,,,,,0.0,Normal,0.0
1744310085002496,10.42.0.1,10.42.0.2,1883,50216,1,45,0,1,0,0,1,0,4,0,0,0,0,0.0,0,,0,2,,0,0,0,0,2,0,0,0,0.0,0x00,0,0,0,0,64.0,64196.0,0,0,0,58,eth:ethertype:ip:tcp:mqtt,,,,,,,,,,,0.0,Normal,0.0
1744310085047391,10.42.0.1,10.42.0.2,1883,50216,5,234,0,1,0,0,0,0,0,0,0,0,0,0.0,0,,0,0,,0,0,0,0,0,0,0,0,0.0,0,0,0,0,0,64.0,64007.0,0,0,0,54,eth:ethertype:ip:tcp,,,,,,,,,,,0.0,Normal,0.0
1744310085047439,10.42.0.1,10.42.0.2,1883,50216,5,234,0,1,1,0,0,0,0,0,0,0,0,0.0,0,,0,0,,0,0,0,0,0,0,0,0,0.0,0,0,0,0,0,64.0,64007.0,0,0,0,54,eth:ethertype:ip:tcp,,,,,,,,,,,0.0,Normal,0.0
1744310100055607,10.42.0.1,10.42.0.139,1883,50217,0,1,1,1,0,0,0,0,0,0,0,0,0,0.0,0,,0,0,,0,0,0,0,0,0,0,0,0.0,0,0,0,0,0,64.0,64240.0,0,0,0,58,eth:ethertype:ip:tcp,,,,,,,,,,,0.0,Normal,0.0
1744310100064122,10.42.0.1,10.42.0.139,1883,50217,1,4,0,1,0,0,0,0,0,0,0,0,0,0.0,0,,0,0,,0,0,0,0,0,0,0,0,0.0,0,0,0,0,0,64.0,64237.0,0,0,0,54,eth:ethertype:ip:tcp,,,,,,,,,,,0.0,Normal,0.0
1744310100067770,10.42.0.1,10.42.0.139,1883,50217,1,45,0,1,0,0,0,0,0,0,0,0,0,0.0,0,,0,0,,0,0,0,0,0,0,0,0,0.0,0,0,0,0,0,64.0,64196.0,0,0,0,54,eth:ethertype:ip:tcp,,,,,,,,,,,0.0,Normal,0.0
1744310100068065,10.42.0.1,10.42.0.139,1883,50217,1,45,0,1,0,0,1,0,4,0,0,0,0,0.0,0,,0,2,,0,0,0,0,2,0,0,0,0.0,0x00,0,0,0,0,64.0,64196.0,0,0,0,58,eth:ethertype:ip:tcp:mqtt,,,,,,,,,,,0.0,Normal,0.0
1744310100116789,10.42.0.1,10.42.0.139,1883,50217,5,234,0,1,0,0,0,0,0,0,0,0,0,0.0,0,,0,0,,0,0,0,0,0,0,0,0,0.0,0,0,0,0,0,64.0,64007.0,0,0,0,54,eth:ethertype:ip:tcp,,,,,,,,,,,0.0,Normal,0.0
1744310100116826,10.42.0.1,10.42.0.139,1883,50217,5,234,0,1,1,0,0,0,0,0,0,0,0,0.0,0,,0,0,,0,0,0,0,0,0,0,0,0.0,0,0,0,0,0,64.0,64007.0,0,0,0,54,eth:ethertype:ip:tcp,,,,,,,,,,,0.0,Normal,0.0
1744310115055607,10.42.0.1,10.42.0.2,1883,50217,0,1,1,1,0,0,0,0,0,0,0,0,0,0.0,0,,0,0,,0,0,0,0,0,0,0,0,0.0,0,0,0,0,0,64.0,64240.0,0,0,0,58,eth:ethertype:ip:tcp,,,,,,,,,,,0.0,Normal,0.0
1744310115064122,10.42.0.1,10.42.0.2,1883,50217,1,4,0,1,0,0,0,0,0,0,0,0,0,0.0,0,,0,0,,0,0,0,0,0,0,0,0,0.0,0,0,0,0,0,64.0,64237.0,0,0,0,54,eth:ethertype:ip:tcp,,,,,,,,,,,0.0,Normal,0.0
1744310115067770,10.42.0.1,10.42.0.2,1883,50217,1,45,0,1,0,0,0,0,0,0,0,0,0,0.0,0,,0,0,,0,0,0,0,0,0,0,0,0.0,0,0,0,0,0,64.0,64196.0,0,0,0,54,eth:ethertype:ip:tcp,,,,,,,,,,,0.0,Normal,0.0
1744310115068065,10.42.0.1,10.42.0.2,1883,50217,1,45,0,1,0,0,1,0,4,0,0,0,0,0.0,0,,0,2,,0,0,0,0,2,0,0,0,0.0,0x00,0,0,0,0,64.0,64196.0,0,0,0,58,eth:ethertype:ip:tcp:mqtt,,,,,,,,,,,0.0,Normal,0.0
1744310115116789,10.42.0.1,10.42.0.2,1883,50217,5,234,0,1,0,0,0,0,0,0,0,0,0,0.0,0,,0,0,,0,0,0,0,0,0,0,0,0.0,0,0,0,0,0,64.0,64007.0,0,0,0,54,eth:ethertype:ip:tcp,,,,,,,,,,,0.0,Normal,0.0
1744310115116826,10.42.0.1,10.42.0.2,1883,50217,5,234,0,1,1,0,0,0,0,0,0,0,0,0.0,0,,0,0,,0,0,0,0,0,0,0,0,0.0,0,0,0,0,0,64.0,64007.0,0,0,0,54,eth:ethertype:ip:tcp,,,,,,,,,,,0.0,Normal,0.0
1744310130125364,10.42.0.1,10.42.0.139,1883,50218,0,1,1,1,0,0,0,0,0,0,0,0,0,0.0,0,,0,0,,0,0,0,0,0,0,0,0,0.0,0,0,0,0,0,64.0,64240.0,0,0,0,58,eth:ethertype:ip:tcp,,,,,,,,,,,0.0,Normal,0.0
1744310130131006,10.42.0.1,10.42.0.139,1883,50218,1,4,0,1,0,0,0,0,0,0,0,0,0,0.0,0,,0,0,,0,0,0,0,0,0,0,0,0.0,0,0,0,0,0,64.0,64237.0,0,0,0,54,eth:ethertype:ip:tcp,,,,,,,,,,,0.0,Normal,0.0
1744310130134610,10.42.0.1,10.42.0.139,1883,50218,1,33,0,1,0,0,0,0,0,0,0,0,0,0.0,0,,0,0,,0,0,0,0,0,0,0,0,0.0,0,0,0,0,0,64.0,64208.0,0,0,0,54,eth:ethertype:ip:tcp,,,,,,,,,,,0.0,Normal,0.0
1744310130137585,10.42.0.1,10.42.0.139,1883,50218,1,45,0,1,0,0,0,0,0,0,0,0,0,0.0,0,,0,0,,0,0,0,0,0,0,0,0,0.0,0,0,0,0,0,64.0,64196.0,0,0,0,54,eth:ethertype:ip:tcp,,,,,,,,,,,0.0,Normal,0.0
1744310130137901,10.42.0.1,10.42.0.139,1883,50218,1,45,0,1,0,0,1,0,4,0,0,0,0,0.0,0,,0,2,,0,0,0,0,2,0,0,0,0.0,0x00,0,0,0,0,64.0,64196.0,0,0,0,58,eth:ethertype:ip:tcp:mqtt,,,,,,,,,,,0.0,Normal,0.0
1744310130186299,10.42.0.1,10.42.0.139,1883,50218,5,234,0,1,0,0,0,0,0,0,0,0,0,0.0,0,,0,0,,0,0,0,0,0,0,0,0,0.0,0,0,0,0,0,64.0,64007.0,0,0,0,54,eth:ethertype:ip:tcp,,,,,,,,,,,0.0,Normal,0.0
1744310130186360,10.42.0.1,10.42.0.139,1883,50218,5,234,0,1,1,0,0,0,0,0,0,0,0,0.0,0,,0,0,,0,0,0,0,0,0,0,0,0.0,0,0,0,0,0,64.0,64007.0,0,0,0,54,eth:ethertype:ip:tcp,,,,,,,,,,,0.0,Normal,0.0
1744310145125364,10.42.0.1,10.42.0.2,1883,50218,0,1,1,1,0,0,0,0,0,0,0,0,0,0.0,0,,0,0,,0,0,0,0,0,0,0,0,0.0,0,0,0,0,0,64.0,64240.0,0,0,0,58,eth:ethertype:ip:tcp,,,,,,,,,,,0.0,Normal,0.0
1744310145131006,10.42.0.1,10.42.0.2,1883,50218,1,4,0,1,0,0,0,0,0,0,0,0,0,0.0,0,,0,0,,0,0,0,0,0,0,0,0,0.0,0,0,0,0,0,64.0,64237.0,0,0,0,54,eth:ethertype:ip:tcp,,,,,,,,,,,0.0,Normal,0.0
1744310145134610,10.42.0.1,10.42.0.2,1883,50218,1,33,0,1,0,0,0,0,0,0,0,0,0,0.0,0,,0,0,,0,0,0,0,0,0,0,0,0.0,0,0,0,0,0,64.0,64208.0,0,0,0,54,eth:ethertype:ip:tcp,,,,,,,,,,,0.0,Normal,0.0
1744310145137585,10.42.0.1,10.42.0.2,1883,50218,1,45,0,1,0,0,0,0,0,0,0,0,0,0.0,0,,0,0,,0,0,0,0,0,0,0,0,0.0,0,0,0,0,0,64.0,64196.0,0,0,0,54,eth:ethertype:ip:tcp,,,,,,,,,,,0.0,Normal,0.0
1744310145137901,10.42.0.1,10.42.0.2,1883,50218,1,45,0,1,0,0,1,0,4,0,0,0,0,0.0,0,,0,2,,0,0,0,0,2,0,0,0,0.0,0x00,0,0,0,0,64.0,64196.0,0,0,0,58,eth:ethertype:ip:tcp:mqtt,,,,,,,,,,,0.0,Normal,0.0
1744310145186299,10.42.0.1,10.42.0.2,1883,50218,5,234,0,1,0,0,0,0,0,0,0,0,0,0.0,0,,0,0,,0,0,0,0,0,0,0,0,0.0,0,0,0,0,0,64.0,64007.0,0,0,0,54,eth:ethertype:ip:tcp,,,,,,,,,,,0.0,Normal,0.0
1744310145186360,10.42.0.1,10.42.0.2,1883,50218,5,234,0,1,1,0,0,0,0,0,0,0,0,0.0,0,,0,0,,0,0,0,0,0,0,0,0,0.0,0,0,0,0,0,64.0,64007.0,0,0,0,54,eth:ethertype:ip:tcp,,,,,,,,,,,0.0,Normal,0.0
1744310160195088,10.42.0.1,10.42.0.139,1883,50219,0,1,1,1,0,0,0,0,0,0,0,0,0,0.0,0,,0,0,,0,0,0,0,0,0,0,0,0.0,0,0,0,0,0,64.0,64240.0,0,0,0,58,eth:ethertype:ip:tcp,,,,,,,,,,,0.0,Normal,0.0
1744310160201138,10.42.0.1,10.42.0.139,1883,50219,1,4,0,1,0,0,0,0,0,0,0,0,0,0.0,0,,0,0,,0,0,0,0,0,0,0,0,0.0,0,0,0,0,0,64.0,64237.0,0,0,0,54,eth:ethertype:ip:tcp,,,,,,,,,,,0.0,Normal,0.0
1744310160205924,10.42.0.1,10.42.0.139,1883,50219,1,45,0,1,0,0,0,0,0,0,0,0,0,0.0,0,,0,0,,0,0,0,0,0,0,0,0,0.0,0,0,0,0,0,64.0,64196.0,0,0,0,54,eth:ethertype:ip:tcp,,,,,,,,,,,0.0,Normal,0.0
1744310160206284,10.42.0.1,10.42.0.139,1883,50219,1,45,0,1,0,0,1,0,4,0,0,0,0,0.0,0,,0,2,,0,0,0,0,2,0,0,0,0.0,0x00,0,0,0,0,64.0,64196.0,0,0,0,58,eth:ethertype:ip:tcp:mqtt,,,,,,,,,,,0.0,Normal,0.0
1744310160255559,10.42.0.1,10.42.0.139,1883,50219,5,234,0,1,0,0,0,0,0,0,0,0,0,0.0,0,,0,0,,0,0,0,0,0,0,0,0,0.0,0,0,0,0,0,64.0,64007.0,0,0,0,54,eth:ethertype:ip:tcp,,,,,,,,,,,0.0,Normal,0.0
1744310160255599,10.42.0.1,10.42.0.139,1883,50219,5,234,0,1,1,0,0,0,0,0,0,0,0,0.0,0,,0,0,,0,0,0,0,0,0,0,0,0.0,0,0,0,0,0,64.0,64007.0,0,0,0,54,eth:ethertype:ip:tcp,,,,,,,,,,,0.0,Normal,0.0
1744310175195088,10.42.0.1,10.42.0.2,1883,50219,0,1,1,1,0,0,0,0,0,0,0,0,0,0.0,0,,0,0,,0,0,0,0,0,0,0,0,0.0,0,0,0,0,0,64.0,64240.0,0,0,0,58,eth:ethertype:ip:tcp,,,,,,,,,,,0.0,Normal,0.0
1744310175201138,10.42.0.1,10.42.0.2,1883,50219,1,4,0,1,0,0,0,0,0,0,0,0,0,0.0,0,,0,0,,0,0,0,0,0,0,0,0,0.0,0,0,0,0,0,64.0,64237.0,0,0,0,54,eth:ethertype:ip:tcp,,,,,,,,,,,0.0,Normal,0.0
1744310175205924,10.42.0.1,10.42.0.2,1883,50219,1,45,0,1,0,0,0,0,0,0,0,0,0,0.0,0,,0,0,,0,0,0,0,0,0,0,0,0.0,0,0,0,0,0,64.0,64196.0,0,0,0,54,eth:ethertype:ip:tcp,,,,,,,,,,,0.0,Normal,0.0
1744310175206284,10.42.0.1,10.42.0.2,1883,50219,1,45,0,1,0,0,1,0,4,0,0,0,0,0.0,0,,0,2,,0,0,0,0,2,0,0,0,0.0,0x00,0,0,0,0,64.0,64196.0,0,0,0,58,eth:ethertype:ip:tcp:mqtt,,,,,,,,,,,0.0,Normal,0.0
1744310175255559,10.42.0.1,10.42.0.2,1883,50219,5,234,0,1,0,0,0,0,0,0,0,0,0,0.0,0,,0,0,,0,0,0,0,0,0,0,0,0.0,0,0,0,0,0,64.0,64007.0,0,0,0,54,eth:ethertype:ip:tcp,,,,,,,,,,,0.0,Normal,0.0
1744310175255599,10.42.0.1,10.42.0.2,1883,50219,5,234,0,1,1,0,0,0,0,0,0,0,0,0.0,0,,0,0,,0,0,0,0,0,0,0,0,0.0,0,0,0,0,0,64.0,64007.0,0,0,0,54,eth:ethertype:ip:tcp,,,,,,,,,,,0.0,Normal,0.0
1744310190264295,10.42.0.1,10.42.0.139,1883,50220,0,1,1,1,0,0,0,0,0,0,0,0,0,0.0,0,,0,0,,0,0,0,0,0,0,0,0,0.0,0,0,0,0,0,64.0,64240.0,0,0,0,58,eth:ethertype:ip:tcp,,,,,,,,,,,0.0,Normal,0.0
1744310190270765,10.42.0.1,10.42.0.139,1883,50220,1,4,0,1,0,0,0,0,0,0,0,0,0,0.0,0,,0,0,,0,0,0,0,0,0,0,0,0.0,0,0,0,0,0,64.0,64237.0,0,0,0,54,eth:ethertype:ip:tcp,,,,,,,,,,,0.0,Normal,0.0
1744310190278335,10.42.0.1,10.42.0.139,1883,50220,1,45,0,1,0,0,0,0,0,0,0,0,0,0.0,0,,0,0,,0,0,0,0,0,0,0,0,0.0,0,0,0,0,0,64.0,64196.0,0,0,0,54,eth:ethertype:ip:tcp,,,,,,,,,,,0.0,Normal,0.0
1744310190278638,10.42.0.1,10.42.0.139,1883,50220,1,45,0,1,0,0,1,0,4,0,0,0,0,0.0,0,,0,2,,0,0,0,0,2,0,0,0,0.0,0x00,0,0,0,0,64.0,64196.0,0,0,0,58,eth:ethertype:ip:tcp:mqtt,,,,,,,,,,,0.0,Normal,0.0
1744310190324814,10.42.0.1,10.42.0.139,1883,50220,5,234,0,1,0,0,0,0,0,0,0,0,0,0.0,0,,0,0,,0,0,0,0,0,0,0,0,0.0,0,0,0,0,0,64.0,64007.0,0,0,0,54,eth:ethertype:ip:tcp,,,,,,,,,,,0.0,Normal,0.0
1744310190324852,10.42.0.1,10.42.0.139,1883,50220,5,234,0,1,1,0,0,0,0,0,0,0,0,0.0,0,,0,0,,0,0,0,0,0,0,0,0,0.0,0,0,0,0,0,64.0,64007.0,0,0,0,54,eth:ethertype:ip:tcp,,,,,,,,,,,0.0,Normal,0.0
1744310205264295,10.42.0.1,10.42.0.2,1883,50220,0,1,1,1,0,0,0,0,0,0,0,0,0,0.0,0,,0,0,,0,0,0,0,0,0,0,0,0.0,0,0,0,0,0,64.0,64240.0,0,0,0,58,eth:ethertype:ip:tcp,,,,,,,,,,,0.0,Normal,0.0
1744310205270765,10.42.0.1,10.42.0.2,1883,50220,1,4,0,1,0,0,0,0,0,0,0,0,0,0.0,0,,0,0,,0,0,0,0,0,0,0,0,0.0,0,0,0,0,0,64.0,64237.0,0,0,0,54,eth:ethertype:ip:tcp,,,,,,,,,,,0.0,Normal,0.0
1744310205278335,10.42.0.1,10.42.0.2,1883,50220,1,45,0,1,0,0,0,0,0,0,0,0,0,0.0,0,,0,0,,0,0,0,0,0,0,0,0,0.0,0,0,0,0,0,64.0,64196.0,0,0,0,54,eth:ethertype:ip:tcp,,,,,,,,,,,0.0,Normal,0.0
1744310205278638,10.42.0.1,10.42.0.2,1883,50220,1,45,0,1,0,0,1,0,4,0,0,0,0,0.0,0,,0,2,,0,0,0,0,2,0,0,0,0.0,0x00,0,0,0,0,64.0,64196.0,0,0,0,58,eth:ethertype:ip:tcp:mqtt,,,,,,,,,,,0.0,Normal,0.0
1744310205324814,10.42.0.1,10.42.0.2,1883,50220,5,234,0,1,0,0,0,0,0,0,0,0,0,0.0,0,,0,0,,0,0,0,0,0,0,0,0,0.0,0,0,0,0,0,64.0,64007.0,0,0,0,54,eth:ethertype:ip:tcp,,,,,,,,,,,0.0,Normal,0.0
1744310205324852,10.42.0.1,10.42.0.2,1883,50220,5,234,0,1,1,0,0,0,0,0,0,0,0,0.0,0,,0,0,,0,0,0,0,0,0,0,0,0.0,0,0,0,0,0,64.0,64007.0,0,0,0,54,eth:ethertype:ip:tcp,,,,,,,,,,,0.0,Normal,0.0
1744310220333764,10.42.0.1,10.42.0.139,1883,50221,0,1,1,1,0,0,0,0,0,0,0,0,0,0.0,0,,0,0,,0,0,0,0,0,0,0,0,0.0,0,0,0,0,0,64.0,64240.0,0,0,0,58,eth:ethertype:ip:tcp,,,,,,,,,,,0.0,Normal,0.0
1744310220339949,10.42.0.1,10.42.0.139,1883,50221,1,4,0,1,0,0,0,0,0,0,0,0,0,0.0,0,,0,0,,0,0,0,0,0,0,0,0,0.0,0,0,0,0,0,64.0,64237.0,0,0,0,54,eth:ethertype:ip:tcp,,,,,,,,,,,0.0,Normal,0.0
1744310220346218,10.42.0.1,10.42.0.139,1883,50221,1,33,0,1,0,0,0,0,0,0,0,0,0,0.0,0,,0,0,,0,0,0,0,0,0,0,0,0.0,0,0,0,0,0,64.0,64208.0,0,0,0,54,eth:ethertype:ip:tcp,,,,,,,,,,,0.0,Normal,0.0
1744310220348957,10.42.0.1,10.42.0.139,1883,50221,1,45,0,1,0,0,0,0,0,0,0,0,0,0.0,0,,0,0,,0,0,0,0,0,0,0,0,0.0,0,0,0,0,0,64.0,64196.0,0,0,0,54,eth:ethertype:ip:tcp,,,,,,,,,,,0.0,Normal,0.0
1744310220349337,10.42.0.1,10.42.0.139,1883,50221,1,45,0,1,0,0,1,0,4,0,0,0,0,0.0,0,,0,2,,0,0,0,0,2,0,0,0,0.0,0x00,0,0,0,0,64.0,64196.0,0,0,0,58,eth:ethertype:ip:tcp:mqtt,,,,,,,,,,,0.0,Normal,0.0
1744310220394145,10.42.0.1,10.42.0.139,1883,50221,5,234,0,1,0,0,0,0,0,0,0,0,0,0.0,0,,0,0,,0,0,0,0,0,0,0,0,0.0,0,0,0,0,0,64.0,64007.0,0,0,0,54,eth:ethertype:ip:tcp,,,,,,,,,,,0.0,Normal,0.0
1744310220394244,10.42.0.1,10.42.0.139,1883,50221,5,234,0,1,1,0,0,0,0,0,0,0,0,0.0,0,,0,0,,0,0,0,0,0,0,0,0,0.0,0,0,0,0,0,64.0,64007.0,0,0,0,54,eth:ethertype:ip:tcp,,,,,,,,,,,0.0,Normal,0.0
1744310235333764,10.42.0.1,10.42.0.2,1883,50221,0,1,1,1,0,0,0,0,0,0,0,0,0,0.0,0,,0,0,,0,0,0,0,0,0,0,0,0.0,0,0,0,0,0,64.0,64240.0,0,0,0,58,eth:ethertype:ip:tcp,,,,,,,,,,,0.0,Normal,0.0
1744310235339949,10.42.0.1,10.42.0.2,1883,50221,1,4,0,1,0,0,0,0,0,0,0,0,0,0.0,0,,0,0,,0,0,0,0,0,0,0,0,0.0,0,0,0,0,0,64.0,64237.0,0,0,0,54,eth:ethertype:ip:tcp,,,,,,,,,,,0.0,Normal,0.0
1744310235346218,10.42.0.1,10.42.0.2,1883,50221,1,33,0,1,0,0,0,0,0,0,0,0,0,0.0,0,,0,0,,0,0,0,0,0,0,0,0,0.0,0,0,0,0,0,64.0,64208.0,0,0,0,54,eth:ethertype:ip:tcp,,,,,,,,,,,0.0,Normal,0.0
1744310235348957,10.42.0.1,10.42.0.2,1883,50221,1,45,0,1,0,0,0,0,0,0,0,0,0,0.0,0,,0,0,,0,0,0,0,0,0,0,0,0.0,0,0,0,0,0,64.0,64196.0,0,0,0,54,eth:ethertype:ip:tcp,,,,,,,,,,,0.0,Normal,0.0
1744310235349337,10.42.0.1,10.42.0.2,1883,50221,1,45,0,1,0,0,1,0,4,0,0,0,0,0.0,0,,0,2,,0,0,0,0,2,0,0,0,0.0,0x00,0,0,0,0,64.0,64196.0,0,0,0,58,eth:ethertype:ip:tcp:mqtt,,,,,,,,,,,0.0,Normal,0.0
1744310235394145,10.42.0.1,10.42.0.2,1883,50221,5,234,0,1,0,0,0,0,0,0,0,0,0,0.0,0,,0,0,,0,0,0,0,0,0,0,0,0.0,0,0,0,0,0,64.0,64007.0,0,0,0,54,eth:ethertype:ip:tcp,,,,,,,,,,,0.0,Normal,0.0
1744310235394244,10.42.0.1,10.42.0.2,1883,50221,5,234,0,1,1,0,0,0,0,0,0,0,0,0.0,0,,0,0,,0,0,0,0,0,0,0,0,0.0,0,0,0,0,0,64.0,64007.0,0,0,0,54,eth:ethertype:ip:tcp,,,,,,,,,,,0.0,Normal,0.0
1744310250411452,10.42.0.1,10.42.0.139,1883,50222,0,1,1,1,0,0,0,0,0,0,0,0,0,0.0,0,,0,0,,0,0,0,0,0,0,0,0,0.0,0,0,0,0,0,64.0,64240.0,0,0,0,58,eth:ethertype:ip:tcp,,,,,,,,,,,0.0,Normal,0.0
1744310250417506,10.42.0.1,10.42.0.139,1883,50222,1,4,0,1,0,0,0,0,0,0,0,0,0,0.0,0,,0,0,,0,0,0,0,0,0,0,0,0.0,0,0,0,0,0,64.0,64237.0,0,0,0,54,eth:ethertype:ip:tcp,,,,,,,,,,,0.0,Normal,0.0
1744310250421203,10.42.0.1,10.42.0.139,1883,50222,1,35,0,1,0,0,0,0,0,0,0,0,0,0.0,0,,0,0,,0,0,0,0,0,0,0,0,0.0,0,0,0,0,0,64.0,64206.0,0,0,0,54,eth:ethertype:ip:tcp,,,,,,,,,,,0.0,Normal,0.0
1744310250424226,10.42.0.1,10.42.0.139,1883,50222,1,45,0,1,0,0,0,0,0,0,0,0,0,0.0,0,,0,0,,0,0,0,0,0,0,0,0,0.0,0,0,0,0,0,64.0,64196.0,0,0,0,54,eth:ethertype:ip:tcp,,,,,,,,,,,0.0,Normal,0.0
1744310250424610,10.42.0.1,10.42.0.139,1883,50222,1,45,0,1,0,0,1,0,4,0,0,0,0,0.0,0,,0,2,,0,0,0,0,2,0,0,0,0.0,0x00,0,0,0,0,64.0,64196.0,0,0,0,58,eth:ethertype:ip:tcp:mqtt,,,,,,,,,,,0.0,Normal,0.0
1744310250476953,10.42.0.1,10.42.0.139,1883,50222,5,234,0,1,0,0,0,0,0,0,0,0,0,0.0,0,,0,0,,0,0,0,0,0,0,0,0,0.0,0,0,0,0,0,64.0,64007.0,0,0,0,54,eth:ethertype:ip:tcp,,,,,,,,,,,0.0,Normal,0.0
1744310250477055,10.42.0.1,10.42.0.139,1883,50222,5,234,0,1,1,0,0,0,0,0,0,0,0,0.0,0,,0,0,,0,0,0,0,0,0,0,0,0.0,0,0,0,0,0,64.0,64007.0,0,0,0,54,eth:ethertype:ip:tcp,,,,,,,,,,,0.0,Normal,0.0
1744310265411452,10.42.0.1,10.42.0.2,1883,50222,0,1,1,1,0,0,0,0,0,0,0,0,0,0.0,0,,0,0,,0,0,0,0,0,0,0,0,0.0,0,0,0,0,0,64.0,64240.0,0,0,0,58,eth:ethertype:ip:tcp,,,,,,,,,,,0.0,Normal,0.0
1744310265417506,10.42.0.1,10.42.0.2,1883,50222,1,4,0,1,0,0,0,0,0,0,0,0,0,0.0,0,,0,0,,0,0,0,0,0,0,0,0,0.0,0,0,0,0,0,64.0,64237.0,0,0,0,54,eth:ethertype:ip:tcp,,,,,,,,,,,0.0,Normal,0.0
1744310265421203,10.42.0.1,10.42.0.2,1883,50222,1,35,0,1,0,0,0,0,0,0,0,0,0,0.0,0,,0,0,,0,0,0,0,0,0,0,0,0.0,0,0,0,0,0,64.0,64206.0,0,0,0,54,eth:ethertype:ip:tcp,,,,,,,,,,,0.0,Normal,0.0
1744310265424226,10.42.0.1,10.42.0.2,1883,50222,1,45,0,1,0,0,0,0,0,0,0,0,0,0.0,0,,0,0,,0,0,0,0,0,0,0,0,0.0,0,0,0,0,0,64.0,64196.0,0,0,0,54,eth:ethertype:ip:tcp,,,,,,,,,,,0.0,Normal,0.0
1744310265424610,10.42.0.1,10.42.0.2,1883,50222,1,45,0,1,0,0,1,0,4,0,0,0,0,0.0,0,,0,2,,0,0,0,0,2,0,0,0,0.0,0x00,0,0,0,0,64.0,64196.0,0,0,0,58,eth:ethertype:ip:tcp:mqtt,,,,,,,,,,,0.0,Normal,0.0
1744310265476953,10.42.0.1,10.42.0.2,1883,50222,5,234,0,1,0,0,0,0,0,0,0,0,0,0.0,0,,0,0,,0,0,0,0,0,0,0,0,0.0,0,0,0,0,0,64.0,64007.0,0,0,0,54,eth:ethertype:ip:tcp,,,,,,,,,,,0.0,Normal,0.0
1744310265477055,10.42.0.1,10.42.0.2,1883,50222,5,234,0,1,1,0,0,0,0,0,0,0,0,0.0,0,,0,0,,0,0,0,0,0,0,0,0,0.0,0,0,0,0,0,64.0,64007.0,0,0,0,54,eth:ethertype:ip:tcp,,,,,,,,,,,0.0,Normal,0.0
1744310280481417,10.42.0.1,10.42.0.139,1883,50223,0,1,1,1,0,0,0,0,0,0,0,0,0,0.0,0,,0,0,,0,0,0,0,0,0,0,0,0.0,0,0,0,0,0,64.0,64240.0,0,0,0,58,eth:ethertype:ip:tcp,,,,,,,,,,,0.0,Normal,0.0
1744310280488847,10.42.0.1,10.42.0.139,1883,50223,1,4,0,1,0,0,0,0,0,0,0,0,0,0.0,0,,0,0,,0,0,0,0,0,0,0,0,0.0,0,0,0,0,0,64.0,64237.0,0,0,0,54,eth:ethertype:ip:tcp,,,,,,,,,,,0.0,Normal,0.0
1744310280493958,10.42.0.1,10.42.0.139,1883,50223,1,45,0,1,0,0,0,0,0,0,0,0,0,0.0,0,,0,0,,0,0,0,0,0,0,0,0,0.0,0,0,0,0,0,64.0,64196.0,0,0,0,54,eth:ethertype:ip:tcp,,,,,,,,,,,0.0,Normal,0.0
1744310280494317,10.42.0.1,10.42.0.139,1883,50223,1,45,0,1,0,0,1,0,4,0,0,0,0,0.0,0,,0,2,,0,0,0,0,2,0,0,0,0.0,0x00,0,0,0,0,64.0,64196.0,0,0,0,58,eth:ethertype:ip:tcp:mqtt,,,,,,,,,,,0.0,Normal,0.0
1744310280544762,10.42.0.1,10.42.0.139,1883,50223,5,234,0,1,0,0,0,0,0,0,0,0,0,0.0,0,,0,0,,0,0,0,0,0,0,0,0,0.0,0,0,0,0,0,64.0,64007.0,0,0,0,54,eth:ethertype:ip:tcp,,,,,,,,,,,0.0,Normal,0.0
1744310280544860,10.42.0.1,10.42.0.139,1883,50223,5,234,0,1,1,0,0,0,0,0,0,0,0,0.0,0,,0,0,,0,0,0,0,0,0,0,0,0.0,0,0,0,0,0,64.0,64007.0,0,0,0,54,eth:ethertype:ip:tcp,,,,,,,,,,,0.0,Normal,0.0
1744310295481417,10.42.0.1,10.42.0.2,1883,50223,0,1,1,1,0,0,0,0,0,0,0,0,0,0.0,0,,0,0,,0,0,0,0,0,0,0,0,0.0,0,0,0,0,0,64.0,64240.0,0,0,0,58,eth:ethertype:ip:tcp,,,,,,,,,,,0.0,Normal,0.0
1744310295488847,10.42.0.1,10.42.0.2,1883,50223,1,4,0,1,0,0,0,0,0,0,0,0,0,0.0,0,,0,0,,0,0,0,0,0,0,0,0,0.0,0,0,0,0,0,64.0,64237.0,0,0,0,54,eth:ethertype:ip:tcp,,,,,,,,,,,0.0,Normal,0.0
1744310295493958,10.42.0.1,10.42.0.2,1883,50223,1,45,0,1,0,0,0,0,0,0,0,0,0,0.0,0,,0,0,,0,0,0,0,0,0,0,0,0.0,0,0,0,0,0,64.0,64196.0,0,0,0,54,eth:ethertype:ip:tcp,,,,,,,,,,,0.0,Normal,0.0
1744310295494317,10.42.0.1,10.42.0.2,1883,50223,1,45,0,1,0,0,1,0,4,0,0,0,0,0.0,0,,0,2,,0,0,0,0,2,0,0,0,0.0,0x00,0,0,0,0,64.0,64196.0,0,0,0,58,eth:ethertype:ip:tcp:mqtt,,,,,,,,,,,0.0,Normal,0.0
1744310295544762,10.42.0.1,10.42.0.2,1883,50223,5,234,0,1,0,0,0,0,0,0,0,0,0,0.0,0,,0,0,,0,0,0,0,0,0,0,0,0.0,0,0,0,0,0,64.0,64007.0,0,0,0,54,eth:ethertype:ip:tcp,,,,,,,,,,,0.0,Normal,0.0
1744310295544860,10.42.0.1,10.42.0.2,1883,50223,5,234,0,1,1,0,0,0,0,0,0,0,0,0.0,0,,0,0,,0,0,0,0,0,0,0,0,0.0,0,0,0,0,0,64.0,64007.0,0,0,0,54,eth:ethertype:ip:tcp,,,,,,,,,,,0.0,Normal,0.0
1744310310551740,10.42.0.1,10.42.0.139,1883,50224,0,1,1,1,0,0,0,0,0,0,0,0,0,0.0,0,,0,0,,0,0,0,0,0,0,0,0,0.0,0,0,0,0,0,64.0,64240.0,0,0,0,58,eth:ethertype:ip:tcp,,,,,,,,,,,0.0,Normal,0.0
1744310310558202,10.42.0.1,10.42.0.139,1883,50224,1,4,0,1,0,0,0,0,0,0,0,0,0,0.0,0,,0,0,,0,0,0,0,0,0,0,0,0.0,0,0,0,0,0,64.0,64237.0,0,0,0,54,eth:ethertype:ip:tcp,,,,,,,,,,,0.0,Normal,0.0
1744310310561747,10.42.0.1,10.42.0.139,1883,50224,1,33,0,1,0,0,0,0,0,0,0,0,0,0.0,0,,0,0,,0,0,0,0,0,0,0,0,0.0,0,0,0,0,0,64.0,64208.0,0,0,0,54,eth:ethertype:ip:tcp,,,,,,,,,,,0.0,Normal,0.0
1744310310564743,10.42.0.1,10.42.0.139,1883,50224,1,45,0,1,0,0,0,0,0,0,0,0,0,0.0,0,,0,0,,0,0,0,0,0,0,0,0,0.0,0,0,0,0,0,64.0,64196.0,0,0,0,54,eth:ethertype:ip:tcp,,,,,,,,,,,0.0,Normal,0.0
1744310310565099,10.42.0.1,10.42.0.139,1883,50224,1,45,0,1,0,0,1,0,4,0,0,0,0,0.0,0,,0,2,,0,0,0,0,2,0,0,0,0.0,0x00,0,0,0,0,64.0,64196.0,0,0,0,58,eth:ethertype:ip:tcp:mqtt,,,,,,,,,,,0.0,Normal,0.0
1744310310612183,10.42.0.1,10.42.0.139,1883,50224,5,234,0,1,0,0,0,0,0,0,0,0,0,0.0,0,,0,0,,0,0,0,0,0,0,0,0,0.0,0,0,0,0,0,64.0,64007.0,0,0,0,54,eth:ethertype:ip:tcp,,,,,,,,,,,0.0,Normal,0.0
1744310310612284,10.42.0.1,10.42.0.139,1883,50224,5,234,0,1,1,0,0,0,0,0,0,0,0,0.0,0,,0,0,,0,0,0,0,0,0,0,0,0.0,0,0,0,0,0,64.0,64007.0,0,0,0,54,eth:ethertype:ip:tcp,,,,,,,,,,,0.0,Normal,0.0
1744310325551740,10.42.0.1,10.42.0.2,1883,50224,0,1,1,1,0,0,0,0,0,0,0,0,0,0.0,0,,0,0,,0,0,0,0,0,0,0,0,0.0,0,0,0,0,0,64.0,64240.0,0,0,0,58,eth:ethertype:ip:tcp,,,,,,,,,,,0.0,Normal,0.0
1744310325558202,10.42.0.1,10.42.0.2,1883,50224,1,4,0,1,0,0,0,0,0,0,0,0,0,0.0,0,,0,0,,0,0,0,0,0,0,0,0,0.0,0,0,0,0,0,64.0,64237.0,0,0,0,54,eth:ethertype:ip:tcp,,,,,,,,,,,0.0,Normal,0.0
1744310325561747,10.42.0.1,10.42.0.2,1883,50224,1,33,0,1,0,0,0,0,0,0,0,0,0,0.0,0,,0,0,,0,0,0,0,0,0,0,0,0.0,0,0,0,0,0,64.0,64208.0,0,0,0,54,eth:ethertype:ip:tcp,,,,,,,,,,,0.0,Normal,0.0
1744310325564743,10.42.0.1,10.42.0.2,1883,50224,1,45,0,1,0,0,0,0,0,0,0,0,0,0.0,0,,0,0,,0,0,0,0,0,0,0,0,0.0,0,0,0,0,0,64.0,64196.0,0,0,0,54,eth:ethertype:ip:tcp,,,,,,,,,,,0.0,Normal,0.0
1744310325565099,10.42.0.1,10.42.0.2,1883,50224,1,45,0,1,0,0,1,0,4,0,0,0,0,0.0,0,,0,2,,0,0,0,0,2,0,0,0,0.0,0x00,0,0,0,0,64.0,64196.0,0,0,0,58,eth:ethertype:ip:tcp:mqtt,,,,,,,,,,,0.0,Normal,0.0
1744310325612183,10.42.0.1,10.42.0.2,1883,50224,5,234,0,1,0,0,0,0,0,0,0,0,0,0.0,0,,0,0,,0,0,0,0,0,0,0,0,0.0,0,0,0,0,0,64.0,64007.0,0,0,0,54,eth:ethertype:ip:tcp,,,,,,,,,,,0.0,Normal,0.0
1744310325612284,10.42.0.1,10.42.0.2,1883,50224,5,234,0,1,1,0,0,0,0,0,0,0,0,0.0,0,,0,0,,0,0,0,0,0,0,0,0,0.0,0,0,0,0,0,64.0,64007.0,0,0,0,54,eth:ethertype:ip:tcp,,,,,,,,,,,0.0,Normal,0.0
1744310340620973,10.42.0.1,10.42.0.139,1883,50225,0,1,1,1,0,0,0,0,0,0,0,0,0,0.0,0,,0,0,,0,0,0,0,0,0,0,0,0.0,0,0,0,0,0,64.0,64240.0,0,0,0,58,eth:ethertype:ip:tcp,,,,,,,,,,,0.0,Normal,0.0
1744310340628383,10.42.0.1,10.42.0.139,1883,50225,1,4,0,1,0,0,0,0,0,0,0,0,0,0.0,0,,0,0,,0,0,0,0,0,0,0,0,0.0,0,0,0,0,0,64.0,64237.0,0,0,0,54,eth:ethertype:ip:tcp,,,,,,,,,,,0.0,Normal,0.0
1744310340631951,10.42.0.1,10.42.0.139,1883,50225,1,39,0,1,0,0,0,0,0,0,0,0,0,0.0,0,,0,0,,0,0,0,0,0,0,0,0,0.0,0,0,0,0,0,64.0,64202.0,0,0,0,54,eth:ethertype:ip:tcp,,,,,,,,,,,0.0,Normal,0.0
1744310340634768,10.42.0.1,10.42.0.139,1883,50225,1,45,0,1,0,0,0,0,0,0,0,0,0,0.0,0,,0,0,,0,0,0,0,0,0,0,0,0.0,0,0,0,0,0,64.0,64196.0,0,0,0,54,eth:ethertype:ip:tcp,,,,,,,,,,,0.0,Normal,0.0
1744310340635127,10.42.0.1,10.42.0.139,1883,50225,1,45,0,1,0,0,1,0,4,0,0,0,0,0.0,0,,0,2,,0,0,0,0,2,0,0,0,0.0,0x00,0,0,0,0,64.0,64196.0,0,0,0,58,eth:ethertype:ip:tcp:mqtt,,,,,,,,,,,0.0,Normal,0.0
1744310340681905,10.42.0.1,10.42.0.139,1883,50225,5,234,0,1,0,0,0,0,0,0,0,0,0,0.0,0,,0,0,,0,0,0,0,0,0,0,0,0.0,0,0,0,0,0,64.0,64007.0,0,0,0,54,eth:ethertype:ip:tcp,,,,,,,,,,,0.0,Normal,0.0
1744310340682008,10.42.0.1,10.42.0.139,1883,50225,5,234,0,1,1,0,0,0,0,0,0,0,0,0.0,0,,0,0,,0,0,0,0,0,0,0,0,0.0,0,0,0,0,0,64.0,64007.0,0,0,0,54,eth:ethertype:ip:tcp,,,,,,,,,,,0.0,Normal,0.0
1744310355620973,10.42.0.1,10.42.0.2,1883,50225,0,1,1,1,0,0,0,0,0,0,0,0,0,0.0,0,,0,0,,0,0,0,0,0,0,0,0,0.0,0,0,0,0,0,64.0,64240.0,0,0,0,58,eth:ethertype:ip:tcp,,,,,,,,,,,0.0,Normal,0.0
1744310355628383,10.42.0.1,10.42.0.2,1883,50225,1,4,0,1,0,0,0,0,0,0,0,0,0,0.0,0,,0,0,,0,0,0,0,0,0,0,0,0.0,0,0,0,0,0,64.0,64237.0,0,0,0,54,eth:ethertype:ip:tcp,,,,,,,,,,,0.0,Normal,0.0
1744310355631951,10.42.0.1,10.42.0.2,1883,50225,1,39,0,1,0,0,0,0,0,0,0,0,0,0.0,0,,0,0,,0,0,0,0,0,0,0,0,0.0,0,0,0,0,0,64.0,64202.0,0,0,0,54,eth:ethertype:ip:tcp,,,,,,,,,,,0.0,Normal,0.0
1744310355634768,10.42.0.1,10.42.0.2,1883,50225,1,45,0,1,0,0,0,0,0,0,0,0,0,0.0,0,,0,0,,0,0,0,0,0,0,0,0,0.0,0,0,0,0,0,64.0,64196.0,0,0,0,54,eth:ethertype:ip:tcp,,,,,,,,,,,0.0,Normal,0.0
1744310355635127,10.42.0.1,10.42.0.2,1883,50225,1,45,0,1,0,0,1,0,4,0,0,0,0,0.0,0,,0,2,,0,0,0,0,2,0,0,0,0.0,0x00,0,0,0,0,64.0,64196.0,0,0,0,58,eth:ethertype:ip:tcp:mqtt,,,,,,,,,,,0.0,Normal,0.0
1744310355681905,10.42.0.1,10.42.0.2,1883,50225,5,234,0,1,0,0,0,0,0,0,0,0,0,0.0,0,,0,0,,0,0,0,0,0,0,0,0,0.0,0,0,0,0,0,64.0,64007.0,0,0,0,54,eth:ethertype:ip:tcp,,,,,,,,,,,0.0,Normal,0.0
1744310355682008,10.42.0.1,10.42.0.2,1883,50225,5,234,0,1,1,0,0,0,0,0,0,0,0,0.0,0,,0,0,,0,0,0,0,0,0,0,0,0.0,0,0,0,0,0,64.0,64007.0,0,0,0,54,eth:ethertype:ip:tcp,,,,,,,,,,,0.0,Normal,0.0
1744310370690355,10.42.0.1,10.42.0.139,1883,50226,0,1,1,1,0,0,0,0,0,0,0,0,0,0.0,0,,0,0,,0,0,0,0,0,0,0,0,0.0,0,0,0,0,0,64.0,64240.0,0,0,0,58,eth:ethertype:ip:tcp,,,,,,,,,,,0.0,Normal,0.0
1744310370696688,10.42.0.1,10.42.0.139,1883,50226,1,4,0,1,0,0,0,0,0,0,0,0,0,0.0,0,,0,0,,0,0,0,0,0,0,0,0,0.0,0,0,0,0,0,64.0,64237.0,0,0,0,54,eth:ethertype:ip:tcp,,,,,,,,,,,0.0,Normal,0.0
1744310370700099,10.42.0.1,10.42.0.139,1883,50226,1,33,0,1,0,0,0,0,0,0,0,0,0,0.0,0,,0,0,,0,0,0,0,0,0,0,0,0.0,0,0,0,0,0,64.0,64208.0,0,0,0,54,eth:ethertype:ip:tcp,,,,,,,,,,,0.0,Normal,0.0
1744310370707031,10.42.0.1,10.42.0.139,1883,50226,1,45,0,1,0,0,0,0,0,0,0,0,0,0.0,0,,0,0,,0,0,0,0,0,0,0,0,0.0,0,0,0,0,0,64.0,64196.0,0,0,0,54,eth:ethertype:ip:tcp,,,,,,,,,,,0.0,Normal,0.0
1744310370707496,10.42.0.1,10.42.0.139,1883,50226,1,45,0,1,0,0,1,0,4,0,0,0,0,0.0,0,,0,2,,0,0,0,0,2,0,0,0,0.0,0x00,0,0,0,0,64.0,64196.0,0,0,0,58,eth:ethertype:ip:tcp:mqtt,,,,,,,,,,,0.0,Normal,0.0
1744310370760828,10.42.0.1,10.42.0.139,1883,50226,5,234,0,1,0,0,0,0,0,0,0,0,0,0.0,0,,0,0,,0,0,0,0,0,0,0,0,0.0,0,0,0,0,0,64.0,64007.0,0,0,0,54,eth:ethertype:ip:tcp,,,,,,,,,,,0.0,Normal,0.0
1744310370760928,10.42.0.1,10.42.0.139,1883,50226,5,234,0,1,1,0,0,0,0,0,0,0,0,0.0,0,,0,0,,0,0,0,0,0,0,0,0,0.0,0,0,0,0,0,64.0,64007.0,0,0,0,54,eth:ethertype:ip:tcp,,,,,,,,,,,0.0,Normal,0.0
1744310385690355,10.42.0.1,10.42.0.2,1883,50226,0,1,1,1,0,0,0,0,0,0,0,0,0,0.0,0,,0,0,,0,0,0,0,0,0,0,0,0.0,0,0,0,0,0,64.0,64240.0,0,0,0,58,eth:ethertype:ip:tcp,,,,,,,,,,,0.0,Normal,0.0
1744310385696688,10.42.0.1,10.42.0.2,1883,50226,1,4,0,1,0,0,0,0,0,0,0,0,0,0.0,0,,0,0,,0,0,0,0,0,0,0,0,0.0,0,0,0,0,0,64.0,64237.0,0,0,0,54,eth:ethertype:ip:tcp,,,,,,,,,,,0.0,Normal,0.0
1744310385700099,10.42.0.1,10.42.0.2,1883,50226,1,33,0,1,0,0,0,0,0,0,0,0,0,0.0,0,,0,0,,0,0,0,0,0,0,0,0,0.0,0,0,0,0,0,64.0,64208.0,0,0,0,54,eth:ethertype:ip:tcp,,,,,,,,,,,0.0,Normal,0.0
1744310385707031,10.42.0.1,10.42.0.2,1883,50226,1,45,0,1,0,0,0,0,0,0,0,0,0,0.0,0,,0,0,,0,0,0,0,0,0,0,0,0.0,0,0,0,0,0,64.0,64196.0,0,0,0,54,eth:ethertype:ip:tcp,,,,,,,,,,,0.0,Normal,0.0
1744310385707496,10.42.0.1,10.42.0.2,1883,50226,1,45,0,1,0,0,1,0,4,0,0,0,0,0.0,0,,0,2,,0,0,0,0,2,0,0,0,0.0,0x00,0,0,0,0,64.0,64196.0,0,0,0,58,eth:ethertype:ip:tcp:mqtt,,,,,,,,,,,0.0,Normal,0.0
1744310385760828,10.42.0.1,10.42.0.2,1883,50226,5,234,0,1,0,0,0,0,0,0,0,0,0,0.0,0,,0,0,,0,0,0,0,0,0,0,0,0.0,0,0,0,0,0,64.0,64007.0,0,0,0,54,eth:ethertype:ip:tcp,,,,,,,,,,,0.0,Normal,0.0
1744310385760928,10.42.0.1,10.42.0.2,1883,50226,5,234,0,1,1,0,0,0,0,0,0,0,0,0.0,0,,0,0,,0,0,0,0,0,0,0,0,0.0,0,0,0,0,0,64.0,64007.0,0,0,0,54,eth:ethertype:ip:tcp,,,,,,,,,,,0.0,Normal,0.0
1744310400769701,10.42.0.1,10.42.0.139,1883,50227,0,1,1,1,0,0,0,0,0,0,0,0,0,0.0,0,,0,0,,0,0,0,0,0,0,0,0,0.0,0,0,0,0,0,64.0,64240.0,0,0,0,58,eth:ethertype:ip:tcp,,,,,,,,,,,0.0,Normal,0.0
1744310400775929,10.42.0.1,10.42.0.139,1883,50227,1,4,0,1,0,0,0,0,0,0,0,0,0,0.0,0,,0,0,,0,0,0,0,0,0,0,0,0.0,0,0,0,0,0,64.0,64237.0,0,0,0,54,eth:ethertype:ip:tcp,,,,,,,,,,,0.0,Normal,0.0
1744310400779432,10.42.0.1,10.42.0.139,1883,50227,1,33,0,1,0,0,0,0,0,0,0,0,0,0.0,0,,0,0,,0,0,0,0,0,0,0,0,0.0,0,0,0,0,0,64.0,64208.0,0,0,0,54,eth:ethertype:ip:tcp,,,,,,,,,,,0.0,Normal,0.0
1744310400782515,10.42.0.1,10.42.0.139,1883,50227,1,45,0,1,0,0,0,0,0,0,0,0,0,0.0,0,,0,0,,0,0,0,0,0,0,0,0,0.0,0,0,0,0,0,64.0,64196.0,0,0,0,54,eth:ethertype:ip:tcp,,,,,,,,,,,0.0,Normal,0.0
1744310400782817,10.42.0.1,10.42.0.139,1883,50227,1,45,0,1,0,0,1,0,4,0,0,0,0,0.0,0,,0,2,,0,0,0,0,2,0,0,0,0.0,0x00,0,0,0,0,64.0,64196.0,0,0,0,58,eth:ethertype:ip:tcp:mqtt,,,,,,,,,,,0.0,Normal,0.0
1744310400831516,10.42.0.1,10.42.0.139,1883,50227,5,234,0,1,0,0,0,0,0,0,0,0,0,0.0,0,,0,0,,0,0,0,0,0,0,0,0,0.0,0,0,0,0,0,64.0,64007.0,0,0,0,54,eth:ethertype:ip:tcp,,,,,,,,,,,0.0,Normal,0.0
1744310400831558,10.42.0.1,10.42.0.139,1883,50227,5,234,0,1,1,0,0,0,0,0,0,0,0,0.0,0,,0,0,,0,0,0,0,0,0,0,0,0.0,0,0,0,0,0,64.0,64007.0,0,0,0,54,eth:ethertype:ip:tcp,,,,,,,,,,,0.0,Normal,0.0
1744310415769701,10.42.0.1,10.42.0.2,1883,50227,0,1,1,1,0,0,0,0,0,0,0,0,0,0.0,0,,0,0,,0,0,0,0,0,0,0,0,0.0,0,0,0,0,0,64.0,64240.0,0,0,0,58,eth:ethertype:ip:tcp,,,,,,,,,,,0.0,Normal,0.0
1744310415775929,10.42.0.1,10.42.0.2,1883,50227,1,4,0,1,0,0,0,0,0,0,0,0,0,0.0,0,,0,0,,0,0,0,0,0,0,0,0,0.0,0,0,0,0,0,64.0,64237.0,0,0,0,54,eth:ethertype:ip:tcp,,,,,,,,,,,0.0,Normal,0.0
1744310415779432,10.42.0.1,10.42.0.2,1883,50227,1,33,0,1,0,0,0,0,0,0,0,0,0,0.0,0,,0,0,,0,0,0,0,0,0,0,0,0.0,0,0,0,0,0,64.0,64208.0,0,0,0,54,eth:ethertype:ip:tcp,,,,,,,,,,,0.0,Normal,0.0
1744310415782515,10.42.0.1,10.42.0.2,1883,50227,1,45,0,1,0,0,0,0,0,0,0,0,0,0.0,0,,0,0,,0,0,0,0,0,0,0,0,0.0,0,0,0,0,0,64.0,64196.0,0,0,0,54,eth:ethertype:ip:tcp,,,,,,,,,,,0.0,Normal,0.0
1744310415782817,10.42.0.1,10.42.0.2,1883,50227,1,45,0,1,0,0,1,0,4,0,0,0,0,0.0,0,,0,2,,0,0,0,0,2,0,0,0,0.0,0x00,0,0,0,0,64.0,64196.0,0,0,0,58,eth:ethertype:ip:tcp:mqtt,,,,,,,,,,,0.0,Normal,0.0
1744310415831516,10.42.0.1,10.42.0.2,1883,50227,5,234,0,1,0,0,0,0,0,0,0,0,0,0.0,0,,0,0,,0,0,0,0,0,0,0,0,0.0,0,0,0,0,0,64.0,64007.0,0,0,0,54,eth:ethertype:ip:tcp,,,,,,,,,,,0.0,Normal,0.0
1744310415831558,10.42.0.1,10.42.0.2,1883,50227,5,234,0,1,1,0,0,0,0,0,0,0,0,0.0,0,,0,0,,0,0,0,0,0,0,0,0,0.0,0,0,0,0,0,64.0,64007.0,0,0,0,54,eth:ethertype:ip:tcp,,,,,,,,,,,0.0,Normal,0.0
1744310430838878,10.42.0.1,10.42.0.139,1883,50228,0,1,1,1,0,0,0,0,0,0,0,0,0,0.0,0,,0,0,,0,0,0,0,0,0,0,0,0.0,0,0,0,0,0,64.0,64240.0,0,0,0,58,eth:ethertype:ip:tcp,,,,,,,,,,,0.0,Normal,0.0
1744310430845584,10.42.0.1,10.42.0.139,1883,50228,1,4,0,1,0,0,0,0,0,0,0,0,0,0.0,0,,0,0,,0,0,0,0,0,0,0,0,0.0,0,0,0,0,0,64.0,64237.0,0,0,0,54,eth:ethertype:ip:tcp,,,,,,,,,,,0.0,Normal,0.0
1744310430849519,10.42.0.1,10.42.0.139,1883,50228,1,45,0,1,0,0,0,0,0,0,0,0,0,0.0,0,,0,0,,0,0,0,0,0,0,0,0,0.0,0,0,0,0,0,64.0,64196.0,0,0,0,54,eth:ethertype:ip:tcp,,,,,,,,,,,0.0,Normal,0.0
1744310430849871,10.42.0.1,10.42.0.139,1883,50228,1,45,0,1,0,0,1,0,4,0,0,0,0,0.0,0,,0,2,,0,0,0,0,2,0,0,0,0.0,0x00,0,0,0,0,64.0,64196.0,0,0,0,58,eth:ethertype:ip:tcp:mqtt,,,,,,,,,,,0.0,Normal,0.0
1744310430899676,10.42.0.1,10.42.0.139,1883,50228,5,234,0,1,0,0,0,0,0,0,0,0,0,0.0,0,,0,0,,0,0,0,0,0,0,0,0,0.0,0,0,0,0,0,64.0,64007.0,0,0,0,54,eth:ethertype:ip:tcp,,,,,,,,,,,0.0,Normal,0.0
1744310430899737,10.42.0.1,10.42.0.139,1883,50228,5,234,0,1,1,0,0,0,0,0,0,0,0,0.0,0,,0,0,,0,0,0,0,0,0,0,0,0.0,0,0,0,0,0,64.0,64007.0,0,0,0,54,eth:ethertype:ip:tcp,,,,,,,,,,,0.0,Normal,0.0
1744310445838878,10.42.0.1,10.42.0.2,1883,50228,0,1,1,1,0,0,0,0,0,0,0,0,0,0.0,0,,0,0,,0,0,0,0,0,0,0,0,0.0,0,0,0,0,0,64.0,64240.0,0,0,0,58,eth:ethertype:ip:tcp,,,,,,,,,,,0.0,Normal,0.0
1744310445845584,10.42.0.1,10.42.0.2,1883,50228,1,4,0,1,0,0,0,0,0,0,0,0,0,0.0,0,,0,0,,0,0,0,0,0,0,0,0,0.0,0,0,0,0,0,64.0,64237.0,0,0,0,54,eth:ethertype:ip:tcp,,,,,,,,,,,0.0,Normal,0.0
1744310445849519,10.42.0.1,10.42.0.2,1883,50228,1,45,0,1,0,0,0,0,0,0,0,0,0,0.0,0,,0,0,,0,0,0,0,0,0,0,0,0.0,0,0,0,0,0,64.0,64196.0,0,0,0,54,eth:ethertype:ip:tcp,,,,,,,,,,,0.0,Normal,0.0
1744310445849871,10.42.0.1,10.42.0.2,1883,50228,1,45,0,1,0,0,1,0,4,0,0,0,0,0.0,0,,0,2,,0,0,0,0,2,0,0,0,0.0,0x00,0,0,0,0,64.0,64196.0,0,0,0,58,eth:ethertype:ip:tcp:mqtt,,,,,,,,,,,0.0,Normal,0.0
1744310445899676,10.42.0.1,10.42.0.2,1883,50228,5,234,0,1,0,0,0,0,0,0,0,0,0,0.0,0,,0,0,,0,0,0,0,0,0,0,0,0.0,0,0,0,0,0,64.0,64007.0,0,0,0,54,eth:ethertype:ip:tcp,,,,,,,,,,,0.0,Normal,0.0
1744310445899737,10.42.0.1,10.42.0.2,1883,50228,5,234,0,1,1,0,0,0,0,0,0,0,0,0.0,0,,0,0,,0,0,0,0,0,0,0,0,0.0,0,0,0,0,0,64.0,64007.0,0,0,0,54,eth:ethertype:ip:tcp,,,,,,,,,,,0.0,Normal,0.0
1744310460907708,10.42.0.1,10.42.0.139,1883,50229,0,1,1,1,0,0,0,0,0,0,0,0,0,0.0,0,,0,0,,0,0,0,0,0,0,0,0,0.0,0,0,0,0,0,64.0,64240.0,0,0,0,58,eth:ethertype:ip:tcp,,,,,,,,,,,0.0,Normal,0.0
1744310460913641,10.42.0.1,10.42.0.139,1883,50229,1,4,0,1,0,0,0,0,0,0,0,0,0,0.0,0,,0,0,,0,0,0,0,0,0,0,0,0.0,0,0,0,0,0,64.0,64237.0,0,0,0,54,eth:ethertype:ip:tcp,,,,,,,,,,,0.0,Normal,0.0
1744310460917938,10.42.0.1,10.42.0.139,1883,50229,1,41,0,1,0,0,0,0,0,0,0,0,0,0.0,0,,0,0,,0,0,0,0,0,0,0,0,0.0,0,0,0,0,0,64.0,64200.0,0,0,0,54,eth:ethertype:ip:tcp,,,,,,,,,,,0.0,Normal,0.0
1744310460922035,10.42.0.1,10.42.0.139,1883,50229,1,45,0,1,0,0,0,0,0,0,0,0,0,0.0,0,,0,0,,0,0,0,0,0,0,0,0,0.0,0,0,0,0,0,64.0,64196.0,0,0,0,54,eth:ethertype:ip:tcp,,,,,,,,,,,0.0,Normal,0.0
1744310460922428,10.42.0.1,10.42.0.139,1883,50229,1,45,0,1,0,0,1,0,4,0,0,0,0,0.0,0,,0,2,,0,0,0,0,2,0,0,0,0.0,0x00,0,0,0,0,64.0,64196.0,0,0,0,58,eth:ethertype:ip:tcp:mqtt,,,,,,,,,,,0.0,Normal,0.0
1744310460968984,10.42.0.1,10.42.0.139,1883,50229,5,234,0,1,0,0,0,0,0,0,0,0,0,0.0,0,,0,0,,0,0,0,0,0,0,0,0,0.0,0,0,0,0,0,64.0,64007.0,0,0,0,54,eth:ethertype:ip:tcp,,,,,,,,,,,0.0,Normal,0.0
1744310460969078,10.42.0.1,10.42.0.139,1883,50229,5,234,0,1,1,0,0,0,0,0,0,0,0,0.0,0,,0,0,,0,0,0,0,0,0,0,0,0.0,0,0,0,0,0,64.0,64007.0,0,0,0,54,eth:ethertype:ip:tcp,,,,,,,,,,,0.0,Normal,0.0
1744310475907708,10.42.0.1,10.42.0.2,1883,50229,0,1,1,1,0,0,0,0,0,0,0,0,0,0.0,0,,0,0,,0,0,0,0,0,0,0,0,0.0,0,0,0,0,0,64.0,64240.0,0,0,0,58,eth:ethertype:ip:tcp,,,,,,,,,,,0.0,Normal,0.0
1744310475913641,10.42.0.1,10.42.0.2,1883,50229,1,4,0,1,0,0,0,0,0,0,0,0,0,0.0,0,,0,0,,0,0,0,0,0,0,0,0,0.0,0,0,0,0,0,64.0,64237.0,0,0,0,54,eth:ethertype:ip:tcp,,,,,,,,,,,0.0,Normal,0.0
1744310475917938,10.42.0.1,10.42.0.2,1883,50229,1,41,0,1,0,0,0,0,0,0,0,0,0,0.0,0,,0,0,,0,0,0,0,0,0,0,0,0.0,0,0,0,0,0,64.0,64200.0,0,0,0,54,eth:ethertype:ip:tcp,,,,,,,,,,,0.0,Normal,0.0
1744310475922035,10.42.0.1,10.42.0.2,1883,50229,1,45,0,1,0,0,0,0,0,0,0,0,0,0.0,0,,0,0,,0,0,0,0,0,0,0,0,0.0,0,0,0,0,0,64.0,64196.0,0,0,0,54,eth:ethertype:ip:tcp,,,,,,,,,,,0.0,Normal,0.0
1744310475922428,10.42.0.1,10.42.0.2,1883,50229,1,45,0,1,0,0,1,0,4,0,0,0,0,0.0,0,,0,2,,0,0,0,0,2,0,0,0,0.0,0x00,0,0,0,0,64.0,64196.0,0,0,0,58,eth:ethertype:ip:tcp:mqtt,,,,,,,,,,,0.0,Normal,0.0
1744310475968984,10.42.0.1,10.42.0.2,1883,50229,5,234,0,1,0,0,0,0,0,0,0,0,0,0.0,0,,0,0,,0,0,0,0,0,0,0,0,0.0,0,0,0,0,0,64.0,64007.0,0,0,0,54,eth:ethertype:ip:tcp,,,,,,,,,,,0.0,Normal,0.0
1744310475969078,10.42.0.1,10.42.0.2,1883,50229,5,234,0,1,1,0,0,0,0,0,0,0,0,0.0,0,,0,0,,0,0,0,0,0,0,0,0,0.0,0,0,0,0,0,64.0,64007.0,0,0,0,54,eth:ethertype:ip:tcp,,,,,,,,,,,0.0,Normal,0.0
1744310490977872,10.42.0.1,10.42.0.139,1883,50230,0,1,1,1,0,0,0,0,0,0,0,0,0,0.0,0,,0,0,,0,0,0,0,0,0,0,0,0.0,0,0,0,0,0,64.0,64240.0,0,0,0,58,eth:ethertype:ip:tcp,,,,,,,,,,,0.0,Normal,0.0
1744310490998212,10.42.0.1,10.42.0.139,1883,50230,1,4,0,1,0,0,0,0,0,0,0,0,0,0.0,0,,0,0,,0,0,0,0,0,0,0,0,0.0,0,0,0,0,0,64.0,64237.0,0,0,0,54,eth:ethertype:ip:tcp,,,,,,,,,,,0.0,Normal,0.0
1744310491001751,10.42.0.1,10.42.0.139,1883,50230,1,33,0,1,0,0,0,0,0,0,0,0,0,0.0,0,,0,0,,0,0,0,0,0,0,0,0,0.0,0,0,0,0,0,64.0,64208.0,0,0,0,54,eth:ethertype:ip:tcp,,,,,,,,,,,0.0,Normal,0.0
1744310491004872,10.42.0.1,10.42.0.139,1883,50230,1,45,0,1,0,0,0,0,0,0,0,0,0,0.0,0,,0,0,,0,0,0,0,0,0,0,0,0.0,0,0,0,0,0,64.0,64196.0,0,0,0,54,eth:ethertype:ip:tcp,,,,,,,,,,,0.0,Normal,0.0
1744310491005183,10.42.0.1,10.42.0.139,1883,50230,1,45,0,1,0,0,1,0,4,0,0,0,0,0.0,0,,0,2,,0,0,0,0,2,0,0,0,0.0,0x00,0,0,0,0,64.0,64196.0,0,0,0,58,eth:ethertype:ip:tcp:mqtt,,,,,,,,,,,0.0,Normal,0.0
1744310491058168,10.42.0.1,10.42.0.139,1883,50230,5,234,0,1,0,0,0,0,0,0,0,0,0,0.0,0,,0,0,,0,0,0,0,0,0,0,0,0.0,0,0,0,0,0,64.0,64007.0,0,0,0,54,eth:ethertype:ip:tcp,,,,,,,,,,,0.0,Normal,0.0
1744310491058237,10.42.0.1,10.42.0.139,1883,50230,5,234,0,1,1,0,0,0,0,0,0,0,0,0.0,0,,0,0,,0,0,0,0,0,0,0,0,0.0,0,0,0,0,0,64.0,64007.0,0,0,0,54,eth:ethertype:ip:tcp,,,,,,,,,,,0.0,Normal,0.0
1744310505977872,10.42.0.1,10.42.0.2,1883,50230,0,1,1,1,0,0,0,0,0,0,0,0,0,0.0,0,,0,0,,0,0,0,0,0,0,0,0,0.0,0,0,0,0,0,64.0,64240.0,0,0,0,58,eth:ethertype:ip:tcp,,,,,,,,,,,0.0,Normal,0.0
1744310505998212,10.42.0.1,10.42.0.2,1883,50230,1,4,0,1,0,0,0,0,0,0,0,0,0,0.0,0,,0,0,,0,0,0,0,0,0,0,0,0.0,0,0,0,0,0,64.0,64237.0,0,0,0,54,eth:ethertype:ip:tcp,,,,,,,,,,,0.0,Normal,0.0
1744310506001751,10.42.0.1,10.42.0.2,1883,50230,1,33,0,1,0,0,0,0,0,0,0,0,0,0.0,0,,0,0,,0,0,0,0,0,0,0,0,0.0,0,0,0,0,0,64.0,64208.0,0,0,0,54,eth:ethertype:ip:tcp,,,,,,,,,,,0.0,Normal,0.0
1744310506004872,10.42.0.1,10.42.0.2,1883,50230,1,45,0,1,0,0,0,0,0,0,0,0,0,0.0,0,,0,0,,0,0,0,0,0,0,0,0,0.0,0,0,0,0,0,64.0,64196.0,0,0,0,54,eth:ethertype:ip:tcp,,,,,,,,,,,0.0,Normal,0.0
1744310506005183,10.42.0.1,10.42.0.2,1883,50230,1,45,0,1,0,0,1,0,4,0,0,0,0,0.0,0,,0,2,,0,0,0,0,2,0,0,0,0.0,0x00,0,0,0,0,64.0,64196.0,0,0,0,58,eth:ethertype:ip:tcp:mqtt,,,,,,,,,,,0.0,Normal,0.0
1744310506058168,10.42.0.1,10.42.0.2,1883,50230,5,234,0,1,0,0,0,0,0,0,0,0,0,0.0,0,,0,0,,0,0,0,0,0,0,0,0,0.0,0,0,0,0,0,64.0,64007.0,0,0,0,54,eth:ethertype:ip:tcp,,,,,,,,,,,0.0,Normal,0.0
1744310506058237,10.42.0.1,10.42.0.2,1883,50230,5,234,0,1,1,0,0,0,0,0,0,0,0,0.0,0,,0,0,,0,0,0,0,0,0,0,0,0.0,0,0,0,0,0,64.0,64007.0,0,0,0,54,eth:ethertype:ip:tcp,,,,,,,,,,,0.0,Normal,0.0
1744310521069943,10.42.0.1,10.42.0.139,1883,50231,0,1,1,1,0,0,0,0,0,0,0,0,0,0.0,0,,0,0,,0,0,0,0,0,0,0,0,0.0,0,0,0,0,0,64.0,64240.0,0,0,0,58,eth:ethertype:ip:tcp,,,,,,,,,,,0.0,Normal,0.0
1744310521076479,10.42.0.1,10.42.0.139,1883,50231,1,4,0,1,0,0,0,0,0,0,0,0,0,0.0,0,,0,0,,0,0,0,0,0,0,0,0,0.0,0,0,0,0,0,64.0,64237.0,0,0,0,54,eth:ethertype:ip:tcp,,,,,,,,,,,0.0,Normal,0.0
1744310521079954,10.42.0.1,10.42.0.139,1883,50231,1,39,0,1,0,0,0,0,0,0,0,0,0,0.0,0,,0,0,,0,0,0,0,0,0,0,0,0.0,0,0,0,0,0,64.0,64202.0,0,0,0,54,eth:ethertype:ip:tcp,,,,,,,,,,,0.0,Normal,0.0
1744310521082672,10.42.0.1,10.42.0.139,1883,50231,1,45,0,1,0,0,0,0,0,0,0,0,0,0.0,0,,0,0,,0,0,0,0,0,0,0,0,0.0,0,0,0,0,0,64.0,64196.0,0,0,0,54,eth:ethertype:ip:tcp,,,,,,,,,,,0.0,Normal,0.0
1744310521083008,10.42.0.1,10.42.0.139,1883,50231,1,45,0,1,0,0,1,0,4,0,0,0,0,0.0,0,,0,2,,0,0,0,0,2,0,0,0,0.0,0x00,0,0,0,0,64.0,64196.0,0,0,0,58,eth:ethertype:ip:tcp:mqtt,,,,,,,,,,,0.0,Normal,0.0
1744310521151732,10.42.0.1,10.42.0.139,1883,50231,5,234,0,1,0,0,0,0,0,0,0,0,0,0.0,0,,0,0,,0,0,0,0,0,0,0,0,0.0,0,0,0,0,0,64.0,64007.0,0,0,0,54,eth:ethertype:ip:tcp,,,,,,,,,,,0.0,Normal,0.0
1744310521151802,10.42.0.1,10.42.0.139,1883,50231,5,234,0,1,1,0,0,0,0,0,0,0,0,0.0,0,,0,0,,0,0,0,0,0,0,0,0,0.0,0,0,0,0,0,64.0,64007.0,0,0,0,54,eth:ethertype:ip:tcp,,,,,,,,,,,0.0,Normal,0.0
1744310536069943,10.42.0.1,10.42.0.2,1883,50231,0,1,1,1,0,0,0,0,0,0,0,0,0,0.0,0,,0,0,,0,0,0,0,0,0,0,0,0.0,0,0,0,0,0,64.0,64240.0,0,0,0,58,eth:ethertype:ip:tcp,,,,,,,,,,,0.0,Normal,0.0
1744310536076479,10.42.0.1,10.42.0.2,1883,50231,1,4,0,1,0,0,0,0,0,0,0,0,0,0.0,0,,0,0,,0,0,0,0,0,0,0,0,0.0,0,0,0,0,0,64.0,64237.0,0,0,0,54,eth:ethertype:ip:tcp,,,,,,,,,,,0.0,Normal,0.0
1744310536079954,10.42.0.1,10.42.0.2,1883,50231,1,39,0,1,0,0,0,0,0,0,0,0,0,0.0,0,,0,0,,0,0,0,0,0,0,0,0,0.0,0,0,0,0,0,64.0,64202.0,0,0,0,54,eth:ethertype:ip:tcp,,,,,,,,,,,0.0,Normal,0.0
1744310536082672,10.42.0.1,10.42.0.2,1883,50231,1,45,0,1,0,0,0,0,0,0,0,0,0,0.0,0,,0,0,,0,0,0,0,0,0,0,0,0.0,0,0,0,0,0,64.0,64196.0,0,0,0,54,eth:ethertype:ip:tcp,,,,,,,,,,,0.0,Normal,0.0
1744310536083008,10.42.0.1,10.42.0.2,1883,50231,1,45,0,1,0,0,1,0,4,0,0,0,0,0.0,0,,0,2,,0,0,0,0,2,0,0,0,0.0,0x00,0,0,0,0,64.0,64196.0,0,0,0,58,eth:ethertype:ip:tcp:mqtt,,,,,,,,,,,0.0,Normal,0.0
1744310536151732,10.42.0.1,10.42.0.2,1883,50231,5,234,0,1,0,0,0,0,0,0,0,0,0,0.0,0,,0,0,,0,0,0,0,0,0,0,0,0.0,0,0,0,0,0,64.0,64007.0,0,0,0,54,eth:ethertype:ip:tcp,,,,,,,,,,,0.0,Normal,0.0
1744310536151802,10.42.0.1,10.42.0.2,1883,50231,5,234,0,1,1,0,0,0,0,0,0,0,0,0.0,0,,0,0,,0,0,0,0,0,0,0,0,0.0,0,0,0,0,0,64.0,64007.0,0,0,0,54,eth:ethertype:ip:tcp,,,,,,,,,,,0.0,Normal,0.0
1744310551144954,10.42.0.1,10.42.0.139,1883,50232,0,1,1,1,0,0,0,0,0,0,0,0,0,0.0,0,,0,0,,0,0,0,0,0,0,0,0,0.0,0,0,0,0,0,64.0,64240.0,0,0,0,58,eth:ethertype:ip:tcp,,,,,,,,,,,0.0,Normal,0.0
1744310551159295,10.42.0.1,10.42.0.139,1883,50232,1,4,0,1,0,0,0,0,0,0,0,0,0,0.0,0,,0,0,,0,0,0,0,0,0,0,0,0.0,0,0,0,0,0,64.0,64237.0,0,0,0,54,eth:ethertype:ip:tcp,,,,,,,,,,,0.0,Normal,0.0
1744310551162676,10.42.0.1,10.42.0.139,1883,50232,1,33,0,1,0,0,0,0,0,0,0,0,0,0.0,0,,0,0,,0,0,0,0,0,0,0,0,0.0,0,0,0,0,0,64.0,64208.0,0,0,0,54,eth:ethertype:ip:tcp,,,,,,,,,,,0.0,Normal,0.0
1744310551167646,10.42.0.1,10.42.0.139,1883,50232,1,45,0,1,0,0,0,0,0,0,0,0,0,0.0,0,,0,0,,0,0,0,0,0,0,0,0,0.0,0,0,0,0,0,64.0,64196.0,0,0,0,54,eth:ethertype:ip:tcp,,,,,,,,,,,0.0,Normal,0.0
1744310551167995,10.42.0.1,10.42.0.139,1883,50232,1,45,0,1,0,0,1,0,4,0,0,0,0,0.0,0,,0,2,,0,0,0,0,2,0,0,0,0.0,0x00,0,0,0,0,64.0,64196.0,0,0,0,58,eth:ethertype:ip:tcp:mqtt,,,,,,,,,,,0.0,Normal,0.0
1744310551217690,10.42.0.1,10.42.0.139,1883,50232,5,234,0,1,0,0,0,0,0,0,0,0,0,0.0,0,,0,0,,0,0,0,0,0,0,0,0,0.0,0,0,0,0,0,64.0,64007.0,0,0,0,54,eth:ethertype:ip:tcp,,,,,,,,,,,0.0,Normal,0.0
1744310551217735,10.42.0.1,10.42.0.139,1883,50232,5,234,0,1,1,0,0,0,0,0,0,0,0,0.0,0,,0,0,,0,0,0,0,0,0,0,0,0.0,0,0,0,0,0,64.0,64007.0,0,0,0,54,eth:ethertype:ip:tcp,,,,,,,,,,,0.0,Normal,0.0
1744310566144954,10.42.0.1,10.42.0.2,1883,50232,0,1,1,1,0,0,0,0,0,0,0,0,0,0.0,0,,0,0,,0,0,0,0,0,0,0,0,0.0,0,0,0,0,0,64.0,64240.0,0,0,0,58,eth:ethertype:ip:tcp,,,,,,,,,,,0.0,Normal,0.0
1744310566159295,10.42.0.1,10.42.0.2,1883,50232,1,4,0,1,0,0,0,0,0,0,0,0,0,0.0,0,,0,0,,0,0,0,0,0,0,0,0,0.0,0,0,0,0,0,64.0,64237.0,0,0,0,54,eth:ethertype:ip:tcp,,,,,,,,,,,0.0,Normal,0.0
1744310566162676,10.42.0.1,10.42.0.2,1883,50232,1,33,0,1,0,0,0,0,0,0,0,0,0,0.0,0,,0,0,,0,0,0,0,0,0,0,0,0.0,0,0,0,0,0,64.0,64208.0,0,0,0,54,eth:ethertype:ip:tcp,,,,,,,,,,,0.0,Normal,0.0
1744310566167646,10.42.0.1,10.42.0.2,1883,50232,1,45,0,1,0,0,0,0,0,0,0,0,0,0.0,0,,0,0,,0,0,0,0,0,0,0,0,0.0,0,0,0,0,0,64.0,64196.0,0,0,0,54,eth:ethertype:ip:tcp,,,,,,,,,,,0.0,Normal,0.0
1744310566167995,10.42.0.1,10.42.0.2,1883,50232,1,45,0,1,0,0,1,0,4,0,0,0,0,0.0,0,,0,2,,0,0,0,0,2,0,0,0,0.0,0x00,0,0,0,0,64.0,64196.0,0,0,0,58,eth:ethertype:ip:tcp:mqtt,,,,,,,,,,,0.0,Normal,0.0
1744310566217690,10.42.0.1,10.42.0.2,1883,50232,5,234,0,1,0,0,0,0,0,0,0,0,0,0.0,0,,0,0,,0,0,0,0,0,0,0,0,0.0,0,0,0,0,0,64.0,64007.0,0,0,0,54,eth:ethertype:ip:tcp,,,,,,,,,,,0.0,Normal,0.0
1744310566217735,10.42.0.1,10.42.0.2,1883,50232,5,234,0,1,1,0,0,0,0,0,0,0,0,0.0,0,,0,0,,0,0,0,0,0,0,0,0,0.0,0,0,0,0,0,64.0,64007.0,0,0,0,54,eth:ethertype:ip:tcp,,,,,,,,,,,0.0,Normal,0.0
1744310581225962,10.42.0.1,10.42.0.139,1883,50233,0,1,1,1,0,0,0,0,0,0,0,0,0,0.0,0,,0,0,,0,0,0,0,0,0,0,0,0.0,0,0,0,0,0,64.0,64240.0,0,0,0,58,eth:ethertype:ip:tcp,,,,,,,,,,,0.0,Normal,0.0
1744310581232021,10.42.0.1,10.42.0.139,1883,50233,1,4,0,1,0,0,0,0,0,0,0,0,0,0.0,0,,0,0,,0,0,0,0,0,0,0,0,0.0,0,0,0,0,0,64.0,64237.0,0,0,0,54,eth:ethertype:ip:tcp,,,,,,,,,,,0.0,Normal,0.0
1744310581238218,10.42.0.1,10.42.0.139,1883,50233,1,45,0,1,0,0,0,0,0,0,0,0,0,0.0,0,,0,0,,0,0,0,0,0,0,0,0,0.0,0,0,0,0,0,64.0,64196.0,0,0,0,54,eth:ethertype:ip:tcp,,,,,,,,,,,0.0,Normal,0.0
1744310581238545,10.42.0.1,10.42.0.139,1883,50233,1,45,0,1,0,0,1,0,4,0,0,0,0,0.0,0,,0,2,,0,0,0,0,2,0,0,0,0.0,0x00,0,0,0,0,64.0,64196.0,0,0,0,58,eth:ethertype:ip:tcp:mqtt,,,,,,,,,,,0.0,Normal,0.0
1744310581287679,10.42.0.1,10.42.0.139,1883,50233,5,234,0,1,0,0,0,0,0,0,0,0,0,0.0,0,,0,0,,0,0,0,0,0,0,0,0,0.0,0,0,0,0,0,64.0,64007.0,0,0,0,54,eth:ethertype:ip:tcp,,,,,,,,,,,0.0,Normal,0.0
1744310581287775,10.42.0.1,10.42.0.139,1883,50233,5,234,0,1,1,0,0,0,0,0,0,0,0,0.0,0,,0,0,,0,0,0,0,0,0,0,0,0.0,0,0,0,0,0,64.0,64007.0,0,0,0,54,eth:ethertype:ip:tcp,,,,,,,,,,,0.0,Normal,0.0
1744310596225962,10.42.0.1,10.42.0.2,1883,50233,0,1,1,1,0,0,0,0,0,0,0,0,0,0.0,0,,0,0,,0,0,0,0,0,0,0,0,0.0,0,0,0,0,0,64.0,64240.0,0,0,0,58,eth:ethertype:ip:tcp,,,,,,,,,,,0.0,Normal,0.0
1744310596232021,10.42.0.1,10.42.0.2,1883,50233,1,4,0,1,0,0,0,0,0,0,0,0,0,0.0,0,,0,0,,0,0,0,0,0,0,0,0,0.0,0,0,0,0,0,64.0,64237.0,0,0,0,54,eth:ethertype:ip:tcp,,,,,,,,,,,0.0,Normal,0.0
1744310596238218,10.42.0.1,10.42.0.2,1883,50233,1,45,0,1,0,0,0,0,0,0,0,0,0,0.0,0,,0,0,,0,0,0,0,0,0,0,0,0.0,0,0,0,0,0,64.0,64196.0,0,0,0,54,eth:ethertype:ip:tcp,,,,,,,,,,,0.0,Normal,0.0
1744310596238545,10.42.0.1,10.42.0.2,1883,50233,1,45,0,1,0,0,1,0,4,0,0,0,0,0.0,0,,0,2,,0,0,0,0,2,0,0,0,0.0,0x00,0,0,0,0,64.0,64196.0,0,0,0,58,eth:ethertype:ip:tcp:mqtt,,,,,,,,,,,0.0,Normal,0.0
1744310596287679,10.42.0.1,10.42.0.2,1883,50233,5,234,0,1,0,0,0,0,0,0,0,0,0,0.0,0,,0,0,,0,0,0,0,0,0,0,0,0.0,0,0,0,0,0,64.0,64007.0,0,0,0,54,eth:ethertype:ip:tcp,,,,,,,,,,,0.0,Normal,0.0
1744310596287775,10.42.0.1,10.42.0.2,1883,50233,5,234,0,1,1,0,0,0,0,0,0,0,0,0.0,0,,0,0,,0,0,0,0,0,0,0,0,0.0,0,0,0,0,0,64.0,64007.0,0,0,0,54,eth:ethertype:ip:tcp,,,,,,,,,,,0.0,Normal,0.0
1744310611295096,10.42.0.1,10.42.0.139,1883,50234,0,1,1,1,0,0,0,0,0,0,0,0,0,0.0,0,,0,0,,0,0,0,0,0,0,0,0,0.0,0,0,0,0,0,64.0,64240.0,0,0,0,58,eth:ethertype:ip:tcp,,,,,,,,,,,0.0,Normal,0.0
1744310611321060,10.42.0.1,10.42.0.139,1883,50234,1,4,0,1,0,0,0,0,0,0,0,0,0,0.0,0,,0,0,,0,0,0,0,0,0,0,0,0.0,0,0,0,0,0,64.0,64237.0,0,0,0,54,eth:ethertype:ip:tcp,,,,,,,,,,,0.0,Normal,0.0
1744310611324741,10.42.0.1,10.42.0.139,1883,50234,1,35,0,1,0,0,0,0,0,0,0,0,0,0.0,0,,0,0,,0,0,0,0,0,0,0,0,0.0,0,0,0,0,0,64.0,64206.0,0,0,0,54,eth:ethertype:ip:tcp,,,,,,,,,,,0.0,Normal,0.0
1744310611327778,10.42.0.1,10.42.0.139,1883,50234,1,45,0,1,0,0,0,0,0,0,0,0,0,0.0,0,,0,0,,0,0,0,0,0,0,0,0,0.0,0,0,0,0,0,64.0,64196.0,0,0,0,54,eth:ethertype:ip:tcp,,,,,,,,,,,0.0,Normal,0.0
1744310611328141,10.42.0.1,10.42.0.139,1883,50234,1,45,0,1,0,0,1,0,4,0,0,0,0,0.0,0,,0,2,,0,0,0,0,2,0,0,0,0.0,0x00,0,0,0,0,64.0,64196.0,0,0,0,58,eth:ethertype:ip:tcp:mqtt,,,,,,,,,,,0.0,Normal,0.0
1744310611377032,10.42.0.1,10.42.0.139,1883,50234,5,234,0,1,0,0,0,0,0,0,0,0,0,0.0,0,,0,0,,0,0,0,0,0,0,0,0,0.0,0,0,0,0,0,64.0,64007.0,0,0,0,54,eth:ethertype:ip:tcp,,,,,,,,,,,0.0,Normal,0.0
1744310611377079,10.42.0.1,10.42.0.139,1883,50234,5,234,0,1,1,0,0,0,0,0,0,0,0,0.0,0,,0,0,,0,0,0,0,0,0,0,0,0.0,0,0,0,0,0,64.0,64007.0,0,0,0,54,eth:ethertype:ip:tcp,,,,,,,,,,,0.0,Normal,0.0
1744310626295096,10.42.0.1,10.42.0.2,1883,50234,0,1,1,1,0,0,0,0,0,0,0,0,0,0.0,0,,0,0,,0,0,0,0,0,0,0,0,0.0,0,0,0,0,0,64.0,64240.0,0,0,0,58,eth:ethertype:ip:tcp,,,,,,,,,,,0.0,Normal,0.0
1744310626321060,10.42.0.1,10.42.0.2,1883,50234,1,4,0,1,0,0,0,0,0,0,0,0,0,0.0,0,,0,0,,0,0,0,0,0,0,0,0,0.0,0,0,0,0,0,64.0,64237.0,0,0,0,54,eth:ethertype:ip:tcp,,,,,,,,,,,0.0,Normal,0.0
1744310626324741,10.42.0.1,10.42.0.2,1883,50234,1,35,0,1,0,0,0,0,0,0,0,0,0,0.0,0,,0,0,,0,0,0,0,0,0,0,0,0.0,0,0,0,0,0,64.0,64206.0,0,0,0,54,eth:ethertype:ip:tcp,,,,,,,,,,,0.0,Normal,0.0
1744310626327778,10.42.0.1,10.42.0.2,1883,50234,1,45,0,1,0,0,0,0,0,0,0,0,0,0.0,0,,0,0,,0,0,0,0,0,0,0,0,0.0,0,0,0,0,0,64.0,64196.0,0,0,0,54,eth:ethertype:ip:tcp,,,,,,,,,,,0.0,Normal,0.0
1744310626328141,10.42.0.1,10.42.0.2,1883,50234,1,45,0,1,0,0,1,0,4,0,0,0,0,0.0,0,,0,2,,0,0,0,0,2,0,0,0,0.0,0x00,0,0,0,0,64.0,64196.0,0,0,0,58,eth:ethertype:ip:tcp:mqtt,,,,,,,,,,,0.0,Normal,0.0
1744310626377032,10.42.0.1,10.42.0.2,1883,50234,5,234,0,1,0,0,0,0,0,0,0,0,0,0.0,0,,0,0,,0,0,0,0,0,0,0,0,0.0,0,0,0,0,0,64.0,64007.0,0,0,0,54,eth:ethertype:ip:tcp,,,,,,,,,,,0.0,Normal,0.0
1744310626377079,10.42.0.1,10.42.0.2,1883,50234,5,234,0,1,1,0,0,0,0,0,0,0,0,0.0,0,,0,0,,0,0,0,0,0,0,0,0,0.0,0,0,0,0,0,64.0,64007.0,0,0,0,54,eth:ethertype:ip:tcp,,,,,,,,,,,0.0,Normal,0.0
1744310641384625,10.42.0.1,10.42.0.139,1883,50235,0,1,1,1,0,0,0,0,0,0,0,0,0,0.0,0,,0,0,,0,0,0,0,0,0,0,0,0.0,0,0,0,0,0,64.0,64240.0,0,0,0,58,eth:ethertype:ip:tcp,,,,,,,,,,,0.0,Normal,0.0
1744310641402300,10.42.0.1,10.42.0.139,1883,50235,1,4,0,1,0,0,0,0,0,0,0,0,0,0.0,0,,0,0,,0,0,0,0,0,0,0,0,0.0,0,0,0,0,0,64.0,64237.0,0,0,0,54,eth:ethertype:ip:tcp,,,,,,,,,,,0.0,Normal,0.0
1744310641422560,10.42.0.1,10.42.0.139,1883,50235,1,45,0,1,0,0,0,0,0,0,0,0,0,0.0,0,,0,0,,0,0,0,0,0,0,0,0,0.0,0,0,0,0,0,64.0,64196.0,0,0,0,54,eth:ethertype:ip:tcp,,,,,,,,,,,0.0,Normal,0.0
1744310641422882,10.42.0.1,10.42.0.139,1883,50235,1,45,0,1,0,0,1,0,4,0,0,0,0,0.0,0,,0,2,,0,0,0,0,2,0,0,0,0.0,0x00,0,0,0,0,64.0,64196.0,0,0,0,58,eth:ethertype:ip:tcp:mqtt,,,,,,,,,,,0.0,Normal,0.0
1744310641475752,10.42.0.1,10.42.0.139,1883,50235,5,234,0,1,0,0,0,0,0,0,0,0,0,0.0,0,,0,0,,0,0,0,0,0,0,0,0,0.0,0,0,0,0,0,64.0,64007.0,0,0,0,54,eth:ethertype:ip:tcp,,,,,,,,,,,0.0,Normal,0.0
1744310641475836,10.42.0.1,10.42.0.139,1883,50235,5,234,0,1,1,0,0,0,0,0,0,0,0,0.0,0,,0,0,,0,0,0,0,0,0,0,0,0.0,0,0,0,0,0,64.0,64007.0,0,0,0,54,eth:ethertype:ip:tcp,,,,,,,,,,,0.0,Normal,0.0
1744310656384625,10.42.0.1,10.42.0.2,1883,50235,0,1,1,1,0,0,0,0,0,0,0,0,0,0.0,0,,0,0,,0,0,0,0,0,0,0,0,0.0,0,0,0,0,0,64.0,64240.0,0,0,0,58,eth:ethertype:ip:tcp,,,,,,,,,,,0.0,Normal,0.0
1744310656402300,10.42.0.1,10.42.0.2,1883,50235,1,4,0,1,0,0,0,0,0,0,0,0,0,0.0,0,,0,0,,0,0,0,0,0,0,0,0,0.0,0,0,0,0,0,64.0,64237.0,0,0,0,54,eth:ethertype:ip:tcp,,,,,,,,,,,0.0,Normal,0.0
1744310656422560,10.42.0.1,10.42.0.2,1883,50235,1,45,0,1,0,0,0,0,0,0,0,0,0,0.0,0,,0,0,,0,0,0,0,0,0,0,0,0.0,0,0,0,0,0,64.0,64196.0,0,0,0,54,eth:ethertype:ip:tcp,,,,,,,,,,,0.0,Normal,0.0
1744310656422882,10.42.0.1,10.42.0.2,1883,50235,1,45,0,1,0,0,1,0,4,0,0,0,0,0.0,0,,0,2,,0,0,0,0,2,0,0,0,0.0,0x00,0,0,0,0,64.0,64196.0,0,0,0,58,eth:ethertype:ip:tcp:mqtt,,,,,,,,,,,0.0,Normal,0.0
1744310656475752,10.42.0.1,10.42.0.2,1883,50235,5,234,0,1,0,0,0,0,0,0,0,0,0,0.0,0,,0,0,,0,0,0,0,0,0,0,0,0.0,0,0,0,0,0,64.0,64007.0,0,0,0,54,eth:ethertype:ip:tcp,,,,,,,,,,,0.0,Normal,0.0
1744310656475836,10.42.0.1,10.42.0.2,1883,50235,5,234,0,1,1,0,0,0,0,0,0,0,0,0.0,0,,0,0,,0,0,0,0,0,0,0,0,0.0,0,0,0,0,0,64.0,64007.0,0,0,0,54,eth:ethertype:ip:tcp,,,,,,,,,,,0.0,Normal,0.0
1744310671485944,10.42.0.1,10.42.0.139,1883,50236,0,1,1,1,0,0,0,0,0,0,0,0,0,0.0,0,,0,0,,0,0,0,0,0,0,0,0,0.0,0,0,0,0,0,64.0,64240.0,0,0,0,58,eth:ethertype:ip:tcp,,,,,,,,,,,0.0,Normal,0.0
1744310671491912,10.42.0.1,10.42.0.139,1883,50236,1,4,0,1,0,0,0,0,0,0,0,0,0,0.0,0,,0,0,,0,0,0,0,0,0,0,0,0.0,0,0,0,0,0,64.0,64237.0,0,0,0,54,eth:ethertype:ip:tcp,,,,,,,,,,,0.0,Normal,0.0
1744310671495227,10.42.0.1,10.42.0.139,1883,50236,1,33,0,1,0,0,0,0,0,0,0,0,0,0.0,0,,0,0,,0,0,0,0,0,0,0,0,0.0,0,0,0,0,0,64.0,64208.0,0,0,0,54,eth:ethertype:ip:tcp,,,,,,,,,,,0.0,Normal,0.0
1744310671498574,10.42.0.1,10.42.0.139,1883,50236,1,45,0,1,0,0,0,0,0,0,0,0,0,0.0,0,,0,0,,0,0,0,0,0,0,0,0,0.0,0,0,0,0,0,64.0,64196.0,0,0,0,54,eth:ethertype:ip:tcp,,,,,,,,,,,0.0,Normal,0.0
1744310671498869,10.42.0.1,10.42.0.139,1883,50236,1,45,0,1,0,0,1,0,4,0,0,0,0,0.0,0,,0,2,,0,0,0,0,2,0,0,0,0.0,0x00,0,0,0,0,64.0,64196.0,0,0,0,58,eth:ethertype:ip:tcp:mqtt,,,,,,,,,,,0.0,Normal,0.0
1744310671546059,10.42.0.1,10.42.0.139,1883,50236,5,234,0,1,0,0,0,0,0,0,0,0,0,0.0,0,,0,0,,0,0,0,0,0,0,0,0,0.0,0,0,0,0,0,64.0,64007.0,0,0,0,54,eth:ethertype:ip:tcp,,,,,,,,,,,0.0,Normal,0.0
1744310671546129,10.42.0.1,10.42.0.139,1883,50236,5,234,0,1,1,0,0,0,0,0,0,0,0,0.0,0,,0,0,,0,0,0,0,0,0,0,0,0.0,0,0,0,0,0,64.0,64007.0,0,0,0,54,eth:ethertype:ip:tcp,,,,,,,,,,,0.0,Normal,0.0
1744310686485944,10.42.0.1,10.42.0.2,1883,50236,0,1,1,1,0,0,0,0,0,0,0,0,0,0.0,0,,0,0,,0,0,0,0,0,0,0,0,0.0,0,0,0,0,0,64.0,64240.0,0,0,0,58,eth:ethertype:ip:tcp,,,,,,,,,,,0.0,Normal,0.0
1744310686491912,10.42.0.1,10.42.0.2,1883,50236,1,4,0,1,0,0,0,0,0,0,0,0,0,0.0,0,,0,0,,0,0,0,0,0,0,0,0,0.0,0,0,0,0,0,64.0,64237.0,0,0,0,54,eth:ethertype:ip:tcp,,,,,,,,,,,0.0,Normal,0.0
1744310686495227,10.42.0.1,10.42.0.2,1883,50236,1,33,0,1,0,0,0,0,0,0,0,0,0,0.0,0,,0,0,,0,0,0,0,0,0,0,0,0.0,0,0,0,0,0,64.0,64208.0,0,0,0,54,eth:ethertype:ip:tcp,,,,,,,,,,,0.0,Normal,0.0
1744310686498574,10.42.0.1,10.42.0.2,1883,50236,1,45,0,1,0,0,0,0,0,0,0,0,0,0.0,0,,0,0,,0,0,0,0,0,0,0,0,0.0,0,0,0,0,0,64.0,64196.0,0,0,0,54,eth:ethertype:ip:tcp,,,,,,,,,,,0.0,Normal,0.0
1744310686498869,10.42.0.1,10.42.0.2,1883,50236,1,45,0,1,0,0,1,0,4,0,0,0,0,0.0,0,,0,2,,0,0,0,0,2,0,0,0,0.0,0x00,0,0,0,0,64.0,64196.0,0,0,0,58,eth:ethertype:ip:tcp:mqtt,,,,,,,,,,,0.0,Normal,0.0
1744310686546059,10.42.0.1,10.42.0.2,1883,50236,5,234,0,1,0,0,0,0,0,0,0,0,0,0.0,0,,0,0,,0,0,0,0,0,0,0,0,0.0,0,0,0,0,0,64.0,64007.0,0,0,0,54,eth:ethertype:ip:tcp,,,,,,,,,,,0.0,Normal,0.0
1744310686546129,10.42.0.1,10.42.0.2,1883,50236,5,234,0,1,1,0,0,0,0,0,0,0,0,0.0,0,,0,0,,0,0,0,0,0,0,0,0,0.0,0,0,0,0,0,64.0,64007.0,0,0,0,54,eth:ethertype:ip:tcp,,,,,,,,,,,0.0,Normal,0.0
1744310701552249,10.42.0.1,10.42.0.139,1883,50237,0,1,1,1,0,0,0,0,0,0,0,0,0,0.0,0,,0,0,,0,0,0,0,0,0,0,0,0.0,0,0,0,0,0,64.0,64240.0,0,0,0,58,eth:ethertype:ip:tcp,,,,,,,,,,,0.0,Normal,0.0
1744310701558421,10.42.0.1,10.42.0.139,1883,50237,1,4,0,1,0,0,0,0,0,0,0,0,0,0.0,0,,0,0,,0,0,0,0,0,0,0,0,0.0,0,0,0,0,0,64.0,64237.0,0,0,0,54,eth:ethertype:ip:tcp,,,,,,,,,,,0.0,Normal,0.0
1744310701564102,10.42.0.1,10.42.0.139,1883,50237,1,45,0,1,0,0,0,0,0,0,0,0,0,0.0,0,,0,0,,0,0,0,0,0,0,0,0,0.0,0,0,0,0,0,64.0,64196.0,0,0,0,54,eth:ethertype:ip:tcp,,,,,,,,,,,0.0,Normal,0.0
1744310701564488,10.42.0.1,10.42.0.139,1883,50237,1,45,0,1,0,0,1,0,4,0,0,0,0,0.0,0,,0,2,,0,0,0,0,2,0,0,0,0.0,0x00,0,0,0,0,64.0,64196.0,0,0,0,58,eth:ethertype:ip:tcp:mqtt,,,,,,,,,,,0.0,Normal,0.0
1744310701613604,10.42.0.1,10.42.0.139,1883,50237,5,234,0,1,0,0,0,0,0,0,0,0,0,0.0,0,,0,0,,0,0,0,0,0,0,0,0,0.0,0,0,0,0,0,64.0,64007.0,0,0,0,54,eth:ethertype:ip:tcp,,,,,,,,,,,0.0,Normal,0.0
1744310701613684,10.42.0.1,10.42.0.139,1883,50237,5,234,0,1,1,0,0,0,0,0,0,0,0,0.0,0,,0,0,,0,0,0,0,0,0,0,0,0.0,0,0,0,0,0,64.0,64007.0,0,0,0,54,eth:ethertype:ip:tcp,,,,,,,,,,,0.0,Normal,0.0
1744310716552249,10.42.0.1,10.42.0.2,1883,50237,0,1,1,1,0,0,0,0,0,0,0,0,0,0.0,0,,0,0,,0,0,0,0,0,0,0,0,0.0,0,0,0,0,0,64.0,64240.0,0,0,0,58,eth:ethertype:ip:tcp,,,,,,,,,,,0.0,Normal,0.0
1744310716558421,10.42.0.1,10.42.0.2,1883,50237,1,4,0,1,0,0,0,0,0,0,0,0,0,0.0,0,,0,0,,0,0,0,0,0,0,0,0,0.0,0,0,0,0,0,64.0,64237.0,0,0,0,54,eth:ethertype:ip:tcp,,,,,,,,,,,0.0,Normal,0.0
1744310716564102,10.42.0.1,10.42.0.2,1883,50237,1,45,0,1,0,0,0,0,0,0,0,0,0,0.0,0,,0,0,,0,0,0,0,0,0,0,0,0.0,0,0,0,0,0,64.0,64196.0,0,0,0,54,eth:ethertype:ip:tcp,,,,,,,,,,,0.0,Normal,0.0
1744310716564488,10.42.0.1,10.42.0.2,1883,50237,1,45,0,1,0,0,1,0,4,0,0,0,0,0.0,0,,0,2,,0,0,0,0,2,0,0,0,0.0,0x00,0,0,0,0,64.0,64196.0,0,0,0,58,eth:ethertype:ip:tcp:mqtt,,,,,,,,,,,0.0,Normal,0.0
1744310716613604,10.42.0.1,10.42.0.2,1883,50237,5,234,0,1,0,0,0,0,0,0,0,0,0,0.0,0,,0,0,,0,0,0,0,0,0,0,0,0.0,0,0,0,0,0,64.0,64007.0,0,0,0,54,eth:ethertype:ip:tcp,,,,,,,,,,,0.0,Normal,0.0
1744310716613684,10.42.0.1,10.42.0.2,1883,50237,5,234,0,1,1,0,0,0,0,0,0,0,0,0.0,0,,0,0,,0,0,0,0,0,0,0,0,0.0,0,0,0,0,0,64.0,64007.0,0,0,0,54,eth:ethertype:ip:tcp,,,,,,,,,,,0.0,Normal,0.0
1744310731622468,10.42.0.1,10.42.0.139,1883,50238,0,1,1,1,0,0,0,0,0,0,0,0,0,0.0,0,,0,0,,0,0,0,0,0,0,0,0,0.0,0,0,0,0,0,64.0,64240.0,0,0,0,58,eth:ethertype:ip:tcp,,,,,,,,,,,0.0,Normal,0.0
1744310731628965,10.42.0.1,10.42.0.139,1883,50238,1,4,0,1,0,0,0,0,0,0,0,0,0,0.0,0,,0,0,,0,0,0,0,0,0,0,0,0.0,0,0,0,0,0,64.0,64237.0,0,0,0,54,eth:ethertype:ip:tcp,,,,,,,,,,,0.0,Normal,0.0
1744310731632539,10.42.0.1,10.42.0.139,1883,50238,1,35,0,1,0,0,0,0,0,0,0,0,0,0.0,0,,0,0,,0,0,0,0,0,0,0,0,0.0,0,0,0,0,0,64.0,64206.0,0,0,0,54,eth:ethertype:ip:tcp,,,,,,,,,,,0.0,Normal,0.0
1744310731635801,10.42.0.1,10.42.0.139,1883,50238,1,45,0,1,0,0,0,0,0,0,0,0,0,0.0,0,,0,0,,0,0,0,0,0,0,0,0,0.0,0,0,0,0,0,64.0,64196.0,0,0,0,54,eth:ethertype:ip:tcp,,,,,,,,,,,0.0,Normal,0.0
1744310731636078,10.42.0.1,10.42.0.139,1883,50238,1,45,0,1,0,0,1,0,4,0,0,0,0,0.0,0,,0,2,,0,0,0,0,2,0,0,0,0.0,0x00,0,0,0,0,64.0,64196.0,0,0,0,58,eth:ethertype:ip:tcp:mqtt,,,,,,,,,,,0.0,Normal,0.0
1744310731698293,10.42.0.1,10.42.0.139,1883,50238,5,234,0,1,0,0,0,0,0,0,0,0,0,0.0,0,,0,0,,0,0,0,0,0,0,0,0,0.0,0,0,0,0,0,64.0,64007.0,0,0,0,54,eth:ethertype:ip:tcp,,,,,,,,,,,0.0,Normal,0.0
1744310731698336,10.42.0.1,10.42.0.139,1883,50238,5,234,0,1,1,0,0,0,0,0,0,0,0,0.0,0,,0,0,,0,0,0,0,0,0,0,0,0.0,0,0,0,0,0,64.0,64007.0,0,0,0,54,eth:ethertype:ip:tcp,,,,,,,,,,,0.0,Normal,0.0
1744310746622468,10.42.0.1,10.42.0.2,1883,50238,0,1,1,1,0,0,0,0,0,0,0,0,0,0.0,0,,0,0,,0,0,0,0,0,0,0,0,0.0,0,0,0,0,0,64.0,64240.0,0,0,0,58,eth:ethertype:ip:tcp,,,,,,,,,,,0.0,Normal,0.0
1744310746628965,10.42.0.1,10.42.0.2,1883,50238,1,4,0,1,0,0,0,0,0,0,0,0,0,0.0,0,,0,0,,0,0,0,0,0,0,0,0,0.0,0,0,0,0,0,64.0,64237.0,0,0,0,54,eth:ethertype:ip:tcp,,,,,,,,,,,0.0,Normal,0.0
1744310746632539,10.42.0.1,10.42.0.2,1883,50238,1,35,0,1,0,0,0,0,0,0,0,0,0,0.0,0,,0,0,,0,0,0,0,0,0,0,0,0.0,0,0,0,0,0,64.0,64206.0,0,0,0,54,eth:ethertype:ip:tcp,,,,,,,,,,,0.0,Normal,0.0
1744310746635801,10.42.0.1,10.42.0.2,1883,50238,1,45,0,1,0,0,0,0,0,0,0,0,0,0.0,0,,0,0,,0,0,0,0,0,0,0,0,0.0,0,0,0,0,0,64.0,64196.0,0,0,0,54,eth:ethertype:ip:tcp,,,,,,,,,,,0.0,Normal,0.0
1744310746636078,10.42.0.1,10.42.0.2,1883,50238,1,45,0,1,0,0,1,0,4,0,0,0,0,0.0,0,,0,2,,0,0,0,0,2,0,0,0,0.0,0x00,0,0,0,0,64.0,64196.0,0,0,0,58,eth:ethertype:ip:tcp:mqtt,,,,,,,,,,,0.0,Normal,0.0
1744310746698293,10.42.0.1,10.42.0.2,1883,50238,5,234,0,1,0,0,0,0,0,0,0,0,0,0.0,0,,0,0,,0,0,0,0,0,0,0,0,0.0,0,0,0,0,0,64.0,64007.0,0,0,0,54,eth:ethertype:ip:tcp,,,,,,,,,,,0.0,Normal,0.0
1744310746698336,10.42.0.1,10.42.0.2,1883,50238,5,234,0,1,1,0,0,0,0,0,0,0,0,0.0,0,,0,0,,0,0,0,0,0,0,0,0,0.0,0,0,0,0,0,64.0,64007.0,0,0,0,54,eth:ethertype:ip:tcp,,,,,,,,,,,0.0,Normal,0.0
1744310761691782,10.42.0.1,10.42.0.139,1883,50239,0,1,1,1,0,0,0,0,0,0,0,0,0,0.0,0,,0,0,,0,0,0,0,0,0,0,0,0.0,0,0,0,0,0,64.0,64240.0,0,0,0,58,eth:ethertype:ip:tcp,,,,,,,,,,,0.0,Normal,0.0
1744310761698624,10.42.0.1,10.42.0.139,1883,50239,1,4,0,1,0,0,0,0,0,0,0,0,0,0.0,0,,0,0,,0,0,0,0,0,0,0,0,0.0,0,0,0,0,0,64.0,64237.0,0,0,0,54,eth:ethertype:ip:tcp,,,,,,,,,,,0.0,Normal,0.0
1744310761702734,10.42.0.1,10.42.0.139,1883,50239,1,33,0,1,0,0,0,0,0,0,0,0,0,0.0,0,,0,0,,0,0,0,0,0,0,0,0,0.0,0,0,0,0,0,64.0,64208.0,0,0,0,54,eth:ethertype:ip:tcp,,,,,,,,,,,0.0,Normal,0.0
1744310761706736,10.42.0.1,10.42.0.139,1883,50239,1,35,0,1,0,0,0,0,0,0,0,0,0,0.0,0,,0,0,,0,0,0,0,0,0,0,0,0.0,0,0,0,0,0,64.0,64206.0,0,0,0,54,eth:ethertype:ip:tcp,,,,,,,,,,,0.0,Normal,0.0
1744310761710601,10.42.0.1,10.42.0.139,1883,50239,1,39,0,1,0,0,0,0,0,0,0,0,0,0.0,0,,0,0,,0,0,0,0,0,0,0,0,0.0,0,0,0,0,0,64.0,64202.0,0,0,0,54,eth:ethertype:ip:tcp,,,,,,,,,,,0.0,Normal,0.0
1744310761714293,10.42.0.1,10.42.0.139,1883,50239,1,45,0,1,0,0,0,0,0,0,0,0,0,0.0,0,,0,0,,0,0,0,0,0,0,0,0,0.0,0,0,0,0,0,64.0,64196.0,0,0,0,54,eth:ethertype:ip:tcp,,,,,,,,,,,0.0,Normal,0.0
1744310761714596,10.42.0.1,10.42.0.139,1883,50239,1,45,0,1,0,0,1,0,4,0,0,0,0,0.0,0,,0,2,,0,0,0,0,2,0,0,0,0.0,0x00,0,0,0,0,64.0,64196.0,0,0,0,58,eth:ethertype:ip:tcp:mqtt,,,,,,,,,,,0.0,Normal,0.0
1744310761762720,10.42.0.1,10.42.0.139,1883,50239,5,234,0,1,0,0,0,0,0,0,0,0,0,0.0,0,,0,0,,0,0,0,0,0,0,0,0,0.0,0,0,0,0,0,64.0,64007.0,0,0,0,54,eth:ethertype:ip:tcp,,,,,,,,,,,0.0,Normal,0.0
1744310761762793,10.42.0.1,10.42.0.139,1883,50239,5,234,0,1,1,0,0,0,0,0,0,0,0,0.0,0,,0,0,,0,0,0,0,0,0,0,0,0.0,0,0,0,0,0,64.0,64007.0,0,0,0,54,eth:ethertype:ip:tcp,,,,,,,,,,,0.0,Normal,0.0
1744310776691782,10.42.0.1,10.42.0.2,1883,50239,0,1,1,1,0,0,0,0,0,0,0,0,0,0.0,0,,0,0,,0,0,0,0,0,0,0,0,0.0,0,0,0,0,0,64.0,64240.0,0,0,0,58,eth:ethertype:ip:tcp,,,,,,,,,,,0.0,Normal,0.0
1744310776698624,10.42.0.1,10.42.0.2,1883,50239,1,4,0,1,0,0,0,0,0,0,0,0,0,0.0,0,,0,0,,0,0,0,0,0,0,0,0,0.0,0,0,0,0,0,64.0,64237.0,0,0,0,54,eth:ethertype:ip:tcp,,,,,,,,,,,0.0,Normal,0.0
1744310776702734,10.42.0.1,10.42.0.2,1883,50239,1,33,0,1,0,0,0,0,0,0,0,0,0,0.0,0,,0,0,,0,0,0,0,0,0,0,0,0.0,0,0,0,0,0,64.0,64208.0,0,0,0,54,eth:ethertype:ip:tcp,,,,,,,,,,,0.0,Normal,0.0
1744310776706736,10.42.0.1,10.42.0.2,1883,50239,1,35,0,1,0,0,0,0,0,0,0,0,0,0.0,0,,0,0,,0,0,0,0,0,0,0,0,0.0,0,0,0,0,0,64.0,64206.0,0,0,0,54,eth:ethertype:ip:tcp,,,,,,,,,,,0.0,Normal,0.0
1744310776710601,10.42.0.1,10.42.0.2,1883,50239,1,39,0,1,0,0,0,0,0,0,0,0,0,0.0,0,,0,0,,0,0,0,0,0,0,0,0,0.0,0,0,0,0,0,64.0,64202.0,0,0,0,54,eth:ethertype:ip:tcp,,,,,,,,,,,0.0,Normal,0.0
1744310776714293,10.42.0.1,10.42.0.2,1883,50239,1,45,0,1,0,0,0,0,0,0,0,0,0,0.0,0,,0,0,,0,0,0,0,0,0,0,0,0.0,0,0,0,0,0,64.0,64196.0,0,0,0,54,eth:ethertype:ip:tcp,,,,,,,,,,,0.0,Normal,0.0
1744310776714596,10.42.0.1,10.42.0.2,1883,50239,1,45,0,1,0,0,1,0,4,0,0,0,0,0.0,0,,0,2,,0,0,0,0,2,0,0,0,0.0,0x00,0,0,0,0,64.0,64196.0,0,0,0,58,eth:ethertype:ip:tcp:mqtt,,,,,,,,,,,0.0,Normal,0.0
1744310776762720,10.42.0.1,10.42.0.2,1883,50239,5,234,0,1,0,0,0,0,0,0,0,0,0,0.0,0,,0,0,,0,0,0,0,0,0,0,0,0.0,0,0,0,0,0,64.0,64007.0,0,0,0,54,eth:ethertype:ip:tcp,,,,,,,,,,,0.0,Normal,0.0
1744310776762793,10.42.0.1,10.42.0.2,1883,50239,5,234,0,1,1,0,0,0,0,0,0,0,0,0.0,0,,0,0,,0,0,0,0,0,0,0,0,0.0,0,0,0,0,0,64.0,64007.0,0,0,0,54,eth:ethertype:ip:tcp,,,,,,,,,,,0.0,Normal,0.0
1744310791773085,10.42.0.1,10.42.0.139,1883,50240,0,1,1,1,0,0,0,0,0,0,0,0,0,0.0,0,,0,0,,0,0,0,0,0,0,0,0,0.0,0,0,0,0,0,64.0,64240.0,0,0,0,58,eth:ethertype:ip:tcp,,,,,,,,,,,0.0,Normal,0.0
1744310791780990,10.42.0.1,10.42.0.139,1883,50240,1,4,0,1,0,0,0,0,0,0,0,0,0,0.0,0,,0,0,,0,0,0,0,0,0,0,0,0.0,0,0,0,0,0,64.0,64237.0,0,0,0,54,eth:ethertype:ip:tcp,,,,,,,,,,,0.0,Normal,0.0
1744310791784541,10.42.0.1,10.42.0.139,1883,50240,1,39,0,1,0,0,0,0,0,0,0,0,0,0.0,0,,0,0,,0,0,0,0,0,0,0,0,0.0,0,0,0,0,0,64.0,64202.0,0,0,0,54,eth:ethertype:ip:tcp,,,,,,,,,,,0.0,Normal,0.0
1744310791787519,10.42.0.1,10.42.0.139,1883,50240,1,45,0,1,0,0,0,0,0,0,0,0,0,0.0,0,,0,0,,0,0,0,0,0,0,0,0,0.0,0,0,0,0,0,64.0,64196.0,0,0,0,54,eth:ethertype:ip:tcp,,,,,,,,,,,0.0,Normal,0.0
1744310791787844,10.42.0.1,10.42.0.139,1883,50240,1,45,0,1,0,0,1,0,4,0,0,0,0,0.0,0,,0,2,,0,0,0,0,2,0,0,0,0.0,0x00,0,0,0,0,64.0,64196.0,0,0,0,58,eth:ethertype:ip:tcp:mqtt,,,,,,,,,,,0.0,Normal,0.0
1744310791831543,10.42.0.1,10.42.0.139,1883,50240,5,234,0,1,0,0,0,0,0,0,0,0,0,0.0,0,,0,0,,0,0,0,0,0,0,0,0,0.0,0,0,0,0,0,64.0,64007.0,0,0,0,54,eth:ethertype:ip:tcp,,,,,,,,,,,0.0,Normal,0.0
1744310791831582,10.42.0.1,10.42.0.139,1883,50240,5,234,0,1,1,0,0,0,0,0,0,0,0,0.0,0,,0,0,,0,0,0,0,0,0,0,0,0.0,0,0,0,0,0,64.0,64007.0,0,0,0,54,eth:ethertype:ip:tcp,,,,,,,,,,,0.0,Normal,0.0
1744310806773085,10.42.0.1,10.42.0.2,1883,50240,0,1,1,1,0,0,0,0,0,0,0,0,0,0.0,0,,0,0,,0,0,0,0,0,0,0,0,0.0,0,0,0,0,0,64.0,64240.0,0,0,0,58,eth:ethertype:ip:tcp,,,,,,,,,,,0.0,Normal,0.0
1744310806780990,10.42.0.1,10.42.0.2,1883,50240,1,4,0,1,0,0,0,0,0,0,0,0,0,0.0,0,,0,0,,0,0,0,0,0,0,0,0,0.0,0,0,0,0,0,64.0,64237.0,0,0,0,54,eth:ethertype:ip:tcp,,,,,,,,,,,0.0,Normal,0.0
1744310806784541,10.42.0.1,10.42.0.2,1883,50240,1,39,0,1,0,0,0,0,0,0,0,0,0,0.0,0,,0,0,,0,0,0,0,0,0,0,0,0.0,0,0,0,0,0,64.0,64202.0,0,0,0,54,eth:ethertype:ip:tcp,,,,,,,,,,,0.0,Normal,0.0
1744310806787519,10.42.0.1,10.42.0.2,1883,50240,1,45,0,1,0,0,0,0,0,0,0,0,0,0.0,0,,0,0,,0,0,0,0,0,0,0,0,0.0,0,0,0,0,0,64.0,64196.0,0,0,0,54,eth:ethertype:ip:tcp,,,,,,,,,,,0.0,Normal,0.0
1744310806787844,10.42.0.1,10.42.0.2,1883,50240,1,45,0,1,0,0,1,0,4,0,0,0,0,0.0,0,,0,2,,0,0,0,0,2,0,0,0,0.0,0x00,0,0,0,0,64.0,64196.0,0,0,0,58,eth:ethertype:ip:tcp:mqtt,,,,,,,,,,,0.0,Normal,0.0
1744310806831543,10.42.0.1,10.42.0.2,1883,50240,5,234,0,1,0,0,0,0,0,0,0,0,0,0.0,0,,0,0,,0,0,0,0,0,0,0,0,0.0,0,0,0,0,0,64.0,64007.0,0,0,0,54,eth:ethertype:ip:tcp,,,,,,,,,,,0.0,Normal,0.0
1744310806831582,10.42.0.1,10.42.0.2,1883,50240,5,234,0,1,1,0,0,0,0,0,0,0,0,0.0,0,,0,0,,0,0,0,0,0,0,0,0,0.0,0,0,0,0,0,64.0,64007.0,0,0,0,54,eth:ethertype:ip:tcp,,,,,,,,,,,0.0,Normal,0.0
1744310821849260,10.42.0.1,10.42.0.139,1883,50241,0,1,1,1,0,0,0,0,0,0,0,0,0,0.0,0,,0,0,,0,0,0,0,0,0,0,0,0.0,0,0,0,0,0,64.0,64240.0,0,0,0,58,eth:ethertype:ip:tcp,,,,,,,,,,,0.0,Normal,0.0
1744310821855290,10.42.0.1,10.42.0.139,1883,50241,1,4,0,1,0,0,0,0,0,0,0,0,0,0.0,0,,0,0,,0,0,0,0,0,0,0,0,0.0,0,0,0,0,0,64.0,64237.0,0,0,0,54,eth:ethertype:ip:tcp,,,,,,,,,,,0.0,Normal,0.0
1744310821858720,10.42.0.1,10.42.0.139,1883,50241,1,33,0,1,0,0,0,0,0,0,0,0,0,0.0,0,,0,0,,0,0,0,0,0,0,0,0,0.0,0,0,0,0,0,64.0,64208.0,0,0,0,54,eth:ethertype:ip:tcp,,,,,,,,,,,0.0,Normal,0.0
1744310821863656,10.42.0.1,10.42.0.139,1883,50241,1,45,0,1,0,0,0,0,0,0,0,0,0,0.0,0,,0,0,,0,0,0,0,0,0,0,0,0.0,0,0,0,0,0,64.0,64196.0,0,0,0,54,eth:ethertype:ip:tcp,,,,,,,,,,,0.0,Normal,0.0
1744310821863993,10.42.0.1,10.42.0.139,1883,50241,1,45,0,1,0,0,1,0,4,0,0,0,0,0.0,0,,0,2,,0,0,0,0,2,0,0,0,0.0,0x00,0,0,0,0,64.0,64196.0,0,0,0,58,eth:ethertype:ip:tcp:mqtt,,,,,,,,,,,0.0,Normal,0.0
1744310821912145,10.42.0.1,10.42.0.139,1883,50241,5,234,0,1,0,0,0,0,0,0,0,0,0,0.0,0,,0,0,,0,0,0,0,0,0,0,0,0.0,0,0,0,0,0,64.0,64007.0,0,0,0,54,eth:ethertype:ip:tcp,,,,,,,,,,,0.0,Normal,0.0
1744310821912206,10.42.0.1,10.42.0.139,1883,50241,5,234,0,1,1,0,0,0,0,0,0,0,0,0.0,0,,0,0,,0,0,0,0,0,0,0,0,0.0,0,0,0,0,0,64.0,64007.0,0,0,0,54,eth:ethertype:ip:tcp,,,,,,,,,,,0.0,Normal,0.0
1744310836849260,10.42.0.1,10.42.0.2,1883,50241,0,1,1,1,0,0,0,0,0,0,0,0,0,0.0,0,,0,0,,0,0,0,0,0,0,0,0,0.0,0,0,0,0,0,64.0,64240.0,0,0,0,58,eth:ethertype:ip:tcp,,,,,,,,,,,0.0,Normal,0.0
1744310836855290,10.42.0.1,10.42.0.2,1883,50241,1,4,0,1,0,0,0,0,0,0,0,0,0,0.0,0,,0,0,,0,0,0,0,0,0,0,0,0.0,0,0,0,0,0,64.0,64237.0,0,0,0,54,eth:ethertype:ip:tcp,,,,,,,,,,,0.0,Normal,0.0
1744310836858720,10.42.0.1,10.42.0.2,1883,50241,1,33,0,1,0,0,0,0,0,0,0,0,0,0.0,0,,0,0,,0,0,0,0,0,0,0,0,0.0,0,0,0,0,0,64.0,64208.0,0,0,0,54,eth:ethertype:ip:tcp,,,,,,,,,,,0.0,Normal,0.0
1744310836863656,10.42.0.1,10.42.0.2,1883,50241,1,45,0,1,0,0,0,0,0,0,0,0,0,0.0,0,,0,0,,0,0,0,0,0,0,0,0,0.0,0,0,0,0,0,64.0,64196.0,0,0,0,54,eth:ethertype:ip:tcp,,,,,,,,,,,0.0,Normal,0.0
1744310836863993,10.42.0.1,10.42.0.2,1883,50241,1,45,0,1,0,0,1,0,4,0,0,0,0,0.0,0,,0,2,,0,0,0,0,2,0,0,0,0.0,0x00,0,0,0,0,64.0,64196.0,0,0,0,58,eth:ethertype:ip:tcp:mqtt,,,,,,,,,,,0.0,Normal,0.0
1744310836912145,10.42.0.1,10.42.0.2,1883,50241,5,234,0,1,0,0,0,0,0,0,0,0,0,0.0,0,,0,0,,0,0,0,0,0,0,0,0,0.0,0,0,0,0,0,64.0,64007.0,0,0,0,54,eth:ethertype:ip:tcp,,,,,,,,,,,0.0,Normal,0.0
1744310836912206,10.42.0.1,10.42.0.2,1883,50241,5,234,0,1,1,0,0,0,0,0,0,0,0,0.0,0,,0,0,,0,0,0,0,0,0,0,0,0.0,0,0,0,0,0,64.0,64007.0,0,0,0,54,eth:ethertype:ip:tcp,,,,,,,,,,,0.0,Normal,0.0
1744310851919795,10.42.0.1,10.42.0.139,1883,50242,0,1,1,1,0,0,0,0,0,0,0,0,0,0.0,0,,0,0,,0,0,0,0,0,0,0,0,0.0,0,0,0,0,0,64.0,64240.0,0,0,0,58,eth:ethertype:ip:tcp,,,,,,,,,,,0.0,Normal,0.0
1744310851925798,10.42.0.1,10.42.0.139,1883,50242,1,4,0,1,0,0,0,0,0,0,0,0,0,0.0,0,,0,0,,0,0,0,0,0,0,0,0,0.0,0,0,0,0,0,64.0,64237.0,0,0,0,54,eth:ethertype:ip:tcp,,,,,,,,,,,0.0,Normal,0.0
1744310851929236,10.42.0.1,10.42.0.139,1883,50242,1,33,0,1,0,0,0,0,0,0,0,0,0,0.0,0,,0,0,,0,0,0,0,0,0,0,0,0.0,0,0,0,0,0,64.0,64208.0,0,0,0,54,eth:ethertype:ip:tcp,,,,,,,,,,,0.0,Normal,0.0
1744310851933188,10.42.0.1,10.42.0.139,1883,50242,1,45,0,1,0,0,0,0,0,0,0,0,0,0.0,0,,0,0,,0,0,0,0,0,0,0,0,0.0,0,0,0,0,0,64.0,64196.0,0,0,0,54,eth:ethertype:ip:tcp,,,,,,,,,,,0.0,Normal,0.0
1744310851933466,10.42.0.1,10.42.0.139,1883,50242,1,45,0,1,0,0,1,0,4,0,0,0,0,0.0,0,,0,2,,0,0,0,0,2,0,0,0,0.0,0x00,0,0,0,0,64.0,64196.0,0,0,0,58,eth:ethertype:ip:tcp:mqtt,,,,,,,,,,,0.0,Normal,0.0
1744310851980189,10.42.0.1,10.42.0.139,1883,50242,5,234,0,1,0,0,0,0,0,0,0,0,0,0.0,0,,0,0,,0,0,0,0,0,0,0,0,0.0,0,0,0,0,0,64.0,64007.0,0,0,0,54,eth:ethertype:ip:tcp,,,,,,,,,,,0.0,Normal,0.0
1744310851980234,10.42.0.1,10.42.0.139,1883,50242,5,234,0,1,1,0,0,0,0,0,0,0,0,0.0,0,,0,0,,0,0,0,0,0,0,0,0,0.0,0,0,0,0,0,64.0,64007.0,0,0,0,54,eth:ethertype:ip:tcp,,,,,,,,,,,0.0,Normal,0.0
1744310866919795,10.42.0.1,10.42.0.2,1883,50242,0,1,1,1,0,0,0,0,0,0,0,0,0,0.0,0,,0,0,,0,0,0,0,0,0,0,0,0.0,0,0,0,0,0,64.0,64240.0,0,0,0,58,eth:ethertype:ip:tcp,,,,,,,,,,,0.0,Normal,0.0
1744310866925798,10.42.0.1,10.42.0.2,1883,50242,1,4,0,1,0,0,0,0,0,0,0,0,0,0.0,0,,0,0,,0,0,0,0,0,0,0,0,0.0,0,0,0,0,0,64.0,64237.0,0,0,0,54,eth:ethertype:ip:tcp,,,,,,,,,,,0.0,Normal,0.0
1744310866929236,10.42.0.1,10.42.0.2,1883,50242,1,33,0,1,0,0,0,0,0,0,0,0,0,0.0,0,,0,0,,0,0,0,0,0,0,0,0,0.0,0,0,0,0,0,64.0,64208.0,0,0,0,54,eth:ethertype:ip:tcp,,,,,,,,,,,0.0,Normal,0.0
1744310866933188,10.42.0.1,10.42.0.2,1883,50242,1,45,0,1,0,0,0,0,0,0,0,0,0,0.0,0,,0,0,,0,0,0,0,0,0,0,0,0.0,0,0,0,0,0,64.0,64196.0,0,0,0,54,eth:ethertype:ip:tcp,,,,,,,,,,,0.0,Normal,0.0
1744310866933466,10.42.0.1,10.42.0.2,1883,50242,1,45,0,1,0,0,1,0,4,0,0,0,0,0.0,0,,0,2,,0,0,0,0,2,0,0,0,0.0,0x00,0,0,0,0,64.0,64196.0,0,0,0,58,eth:ethertype:ip:tcp:mqtt,,,,,,,,,,,0.0,Normal,0.0
1744310866980189,10.42.0.1,10.42.0.2,1883,50242,5,234,0,1,0,0,0,0,0,0,0,0,0,0.0,0,,0,0,,0,0,0,0,0,0,0,0,0.0,0,0,0,0,0,64.0,64007.0,0,0,0,54,eth:ethertype:ip:tcp,,,,,,,,,,,0.0,Normal,0.0
1744310866980234,10.42.0.1,10.42.0.2,1883,50242,5,234,0,1,1,0,0,0,0,0,0,0,0,0.0,0,,0,0,,0,0,0,0,0,0,0,0,0.0,0,0,0,0,0,64.0,64007.0,0,0,0,54,eth:ethertype:ip:tcp,,,,,,,,,,,0.0,Normal,0.0
1744310881988545,10.42.0.1,10.42.0.139,1883,50243,0,1,1,1,0,0,0,0,0,0,0,0,0,0.0,0,,0,0,,0,0,0,0,0,0,0,0,0.0,0,0,0,0,0,64.0,64240.0,0,0,0,58,eth:ethertype:ip:tcp,,,,,,,,,,,0.0,Normal,0.0
1744310881995507,10.42.0.1,10.42.0.139,1883,50243,1,4,0,1,0,0,0,0,0,0,0,0,0,0.0,0,,0,0,,0,0,0,0,0,0,0,0,0.0,0,0,0,0,0,64.0,64237.0,0,0,0,54,eth:ethertype:ip:tcp,,,,,,,,,,,0.0,Normal,0.0
1744310881998915,10.42.0.1,10.42.0.139,1883,50243,1,33,0,1,0,0,0,0,0,0,0,0,0,0.0,0,,0,0,,0,0,0,0,0,0,0,0,0.0,0,0,0,0,0,64.0,64208.0,0,0,0,54,eth:ethertype:ip:tcp,,,,,,,,,,,0.0,Normal,0.0
1744310882002159,10.42.0.1,10.42.0.139,1883,50243,1,45,0,1,0,0,0,0,0,0,0,0,0,0.0,0,,0,0,,0,0,0,0,0,0,0,0,0.0,0,0,0,0,0,64.0,64196.0,0,0,0,54,eth:ethertype:ip:tcp,,,,,,,,,,,0.0,Normal,0.0
1744310882002474,10.42.0.1,10.42.0.139,1883,50243,1,45,0,1,0,0,1,0,4,0,0,0,0,0.0,0,,0,2,,0,0,0,0,2,0,0,0,0.0,0x00,0,0,0,0,64.0,64196.0,0,0,0,58,eth:ethertype:ip:tcp:mqtt,,,,,,,,,,,0.0,Normal,0.0
1744310882049693,10.42.0.1,10.42.0.139,1883,50243,5,234,0,1,0,0,0,0,0,0,0,0,0,0.0,0,,0,0,,0,0,0,0,0,0,0,0,0.0,0,0,0,0,0,64.0,64007.0,0,0,0,54,eth:ethertype:ip:tcp,,,,,,,,,,,0.0,Normal,0.0
1744310882049774,10.42.0.1,10.42.0.139,1883,50243,5,234,0,1,1,0,0,0,0,0,0,0,0,0.0,0,,0,0,,0,0,0,0,0,0,0,0,0.0,0,0,0,0,0,64.0,64007.0,0,0,0,54,eth:ethertype:ip:tcp,,,,,,,,,,,0.0,Normal,0.0
1744310896988545,10.42.0.1,10.42.0.2,1883,50243,0,1,1,1,0,0,0,0,0,0,0,0,0,0.0,0,,0,0,,0,0,0,0,0,0,0,0,0.0,0,0,0,0,0,64.0,64240.0,0,0,0,58,eth:ethertype:ip:tcp,,,,,,,,,,,0.0,Normal,0.0
1744310896995507,10.42.0.1,10.42.0.2,1883,50243,1,4,0,1,0,0,0,0,0,0,0,0,0,0.0,0,,0,0,,0,0,0,0,0,0,0,0,0.0,0,0,0,0,0,64.0,64237.0,0,0,0,54,eth:ethertype:ip:tcp,,,,,,,,,,,0.0,Normal,0.0
1744310896998915,10.42.0.1,10.42.0.2,1883,50243,1,33,0,1,0,0,0,0,0,0,0,0,0,0.0,0,,0,0,,0,0,0,0,0,0,0,0,0.0,0,0,0,0,0,64.0,64208.0,0,0,0,54,eth:ethertype:ip:tcp,,,,,,,,,,,0.0,Normal,0.0
1744310897002159,10.42.0.1,10.42.0.2,1883,50243,1,45,0,1,0,0,0,0,0,0,0,0,0,0.0,0,,0,0,,0,0,0,0,0,0,0,0,0.0,0,0,0,0,0,64.0,64196.0,0,0,0,54,eth:ethertype:ip:tcp,,,,,,,,,,,0.0,Normal,0.0
1744310897002474,10.42.0.1,10.42.0.2,1883,50243,1,45,0,1,0,0,1,0,4,0,0,0,0,0.0,0,,0,2,,0,0,0,0,2,0,0,0,0.0,0x00,0,0,0,0,64.0,64196.0,0,0,0,58,eth:ethertype:ip:tcp:mqtt,,,,,,,,,,,0.0,Normal,0.0
1744310897049693,10.42.0.1,10.42.0.2,1883,50243,5,234,0,1,0,0,0,0,0,0,0,0,0,0.0,0,,0,0,,0,0,0,0,0,0,0,0,0.0,0,0,0,0,0,64.0,64007.0,0,0,0,54,eth:ethertype:ip:tcp,,,,,,,,,,,0.0,Normal,0.0
1744310897049774,10.42.0.1,10.42.0.2,1883,50243,5,234,0,1,1,0,0,0,0,0,0,0,0,0.0,0,,0,0,,0,0,0,0,0,0,0,0,0.0,0,0,0,0,0,64.0,64007.0,0,0,0,54,eth:ethertype:ip:tcp,,,,,,,,,,,0.0,Normal,0.0
1744310912058867,10.42.0.1,10.42.0.139,1883,50244,0,1,1,1,0,0,0,0,0,0,0,0,0,0.0,0,,0,0,,0,0,0,0,0,0,0,0,0.0,0,0,0,0,0,64.0,64240.0,0,0,0,58,eth:ethertype:ip:tcp,,,,,,,,,,,0.0,Normal,0.0
1744310912065136,10.42.0.1,10.42.0.139,1883,50244,1,4,0,1,0,0,0,0,0,0,0,0,0,0.0,0,,0,0,,0,0,0,0,0,0,0,0,0.0,0,0,0,0,0,64.0,64237.0,0,0,0,54,eth:ethertype:ip:tcp,,,,,,,,,,,0.0,Normal,0.0
1744310912068584,10.42.0.1,10.42.0.139,1883,50244,1,33,0,1,0,0,0,0,0,0,0,0,0,0.0,0,,0,0,,0,0,0,0,0,0,0,0,0.0,0,0,0,0,0,64.0,64208.0,0,0,0,54,eth:ethertype:ip:tcp,,,,,,,,,,,0.0,Normal,0.0
1744310912071571,10.42.0.1,10.42.0.139,1883,50244,1,45,0,1,0,0,0,0,0,0,0,0,0,0.0,0,,0,0,,0,0,0,0,0,0,0,0,0.0,0,0,0,0,0,64.0,64196.0,0,0,0,54,eth:ethertype:ip:tcp,,,,,,,,,,,0.0,Normal,0.0
1744310912071941,10.42.0.1,10.42.0.139,1883,50244,1,45,0,1,0,0,1,0,4,0,0,0,0,0.0,0,,0,2,,0,0,0,0,2,0,0,0,0.0,0x00,0,0,0,0,64.0,64196.0,0,0,0,58,eth:ethertype:ip:tcp:mqtt,,,,,,,,,,,0.0,Normal,0.0
1744310912118897,10.42.0.1,10.42.0.139,1883,50244,5,234,0,1,0,0,0,0,0,0,0,0,0,0.0,0,,0,0,,0,0,0,0,0,0,0,0,0.0,0,0,0,0,0,64.0,64007.0,0,0,0,54,eth:ethertype:ip:tcp,,,,,,,,,,,0.0,Normal,0.0
1744310912118953,10.42.0.1,10.42.0.139,1883,50244,5,234,0,1,1,0,0,0,0,0,0,0,0,0.0,0,,0,0,,0,0,0,0,0,0,0,0,0.0,0,0,0,0,0,64.0,64007.0,0,0,0,54,eth:ethertype:ip:tcp,,,,,,,,,,,0.0,Normal,0.0
1744310927058867,10.42.0.1,10.42.0.2,1883,50244,0,1,1,1,0,0,0,0,0,0,0,0,0,0.0,0,,0,0,,0,0,0,0,0,0,0,0,0.0,0,0,0,0,0,64.0,64240.0,0,0,0,58,eth:ethertype:ip:tcp,,,,,,,,,,,0.0,Normal,0.0
1744310927065136,10.42.0.1,10.42.0.2,1883,50244,1,4,0,1,0,0,0,0,0,0,0,0,0,0.0,0,,0,0,,0,0,0,0,0,0,0,0,0.0,0,0,0,0,0,64.0,64237.0,0,0,0,54,eth:ethertype:ip:tcp,,,,,,,,,,,0.0,Normal,0.0
1744310927068584,10.42.0.1,10.42.0.2,1883,50244,1,33,0,1,0,0,0,0,0,0,0,0,0,0.0,0,,0,0,,0,0,0,0,0,0,0,0,0.0,0,0,0,0,0,64.0,64208.0,0,0,0,54,eth:ethertype:ip:tcp,,,,,,,,,,,0.0,Normal,0.0
1744310927071571,10.42.0.1,10.42.0.2,1883,50244,1,45,0,1,0,0,0,0,0,0,0,0,0,0.0,0,,0,0,,0,0,0,0,0,0,0,0,0.0,0,0,0,0,0,64.0,64196.0,0,0,0,54,eth:ethertype:ip:tcp,,,,,,,,,,,0.0,Normal,0.0
1744310927071941,10.42.0.1,10.42.0.2,1883,50244,1,45,0,1,0,0,1,0,4,0,0,0,0,0.0,0,,0,2,,0,0,0,0,2,0,0,0,0.0,0x00,0,0,0,0,64.0,64196.0,0,0,0,58,eth:ethertype:ip:tcp:mqtt,,,,,,,,,,,0.0,Normal,0.0
1744310927118897,10.42.0.1,10.42.0.2,1883,50244,5,234,0,1,0,0,0,0,0,0,0,0,0,0.0,0,,0,0,,0,0,0,0,0,0,0,0,0.0,0,0,0,0,0,64.0,64007.0,0,0,0,54,eth:ethertype:ip:tcp,,,,,,,,,,,0.0,Normal,0.0
1744310927118953,10.42.0.1,10.42.0.2,1883,50244,5,234,0,1,1,0,0,0,0,0,0,0,0,0.0,0,,0,0,,0,0,0,0,0,0,0,0,0.0,0,0,0,0,0,64.0,64007.0,0,0,0,54,eth:ethertype:ip:tcp,,,,,,,,,,,0.0,Normal,0.0
1744310942129885,10.42.0.1,10.42.0.139,1883,50245,0,1,1,1,0,0,0,0,0,0,0,0,0,0.0,0,,0,0,,0,0,0,0,0,0,0,0,0.0,0,0,0,0,0,64.0,64240.0,0,0,0,58,eth:ethertype:ip:tcp,,,,,,,,,,,0.0,Normal,0.0
1744310942135882,10.42.0.1,10.42.0.139,1883,50245,1,4,0,1,0,0,0,0,0,0,0,0,0,0.0,0,,0,0,,0,0,0,0,0,0,0,0,0.0,0,0,0,0,0,64.0,64237.0,0,0,0,54,eth:ethertype:ip:tcp,,,,,,,,,,,0.0,Normal,0.0
1744310942138933,10.42.0.1,10.42.0.139,1883,50245,1,33,0,1,0,0,0,0,0,0,0,0,0,0.0,0,,0,0,,0,0,0,0,0,0,0,0,0.0,0,0,0,0,0,64.0,64208.0,0,0,0,54,eth:ethertype:ip:tcp,,,,,,,,,,,0.0,Normal,0.0
1744310942142277,10.42.0.1,10.42.0.139,1883,50245,1,45,0,1,0,0,0,0,0,0,0,0,0,0.0,0,,0,0,,0,0,0,0,0,0,0,0,0.0,0,0,0,0,0,64.0,64196.0,0,0,0,54,eth:ethertype:ip:tcp,,,,,,,,,,,0.0,Normal,0.0
1744310942142606,10.42.0.1,10.42.0.139,1883,50245,1,45,0,1,0,0,1,0,4,0,0,0,0,0.0,0,,0,2,,0,0,0,0,2,0,0,0,0.0,0x00,0,0,0,0,64.0,64196.0,0,0,0,58,eth:ethertype:ip:tcp:mqtt,,,,,,,,,,,0.0,Normal,0.0
1744310942188317,10.42.0.1,10.42.0.139,1883,50245,5,234,0,1,0,0,0,0,0,0,0,0,0,0.0,0,,0,0,,0,0,0,0,0,0,0,0,0.0,0,0,0,0,0,64.0,64007.0,0,0,0,54,eth:ethertype:ip:tcp,,,,,,,,,,,0.0,Normal,0.0
1744310942188352,10.42.0.1,10.42.0.139,1883,50245,5,234,0,1,1,0,0,0,0,0,0,0,0,0.0,0,,0,0,,0,0,0,0,0,0,0,0,0.0,0,0,0,0,0,64.0,64007.0,0,0,0,54,eth:ethertype:ip:tcp,,,,,,,,,,,0.0,Normal,0.0
1744310957129885,10.42.0.1,10.42.0.2,1883,50245,0,1,1,1,0,0,0,0,0,0,0,0,0,0.0,0,,0,0,,0,0,0,0,0,0,0,0,0.0,0,0,0,0,0,64.0,64240.0,0,0,0,58,eth:ethertype:ip:tcp,,,,,,,,,,,0.0,Normal,0.0
1744310957135882,10.42.0.1,10.42.0.2,1883,50245,1,4,0,1,0,0,0,0,0,0,0,0,0,0.0,0,,0,0,,0,0,0,0,0,0,0,0,0.0,0,0,0,0,0,64.0,64237.0,0,0,0,54,eth:ethertype:ip:tcp,,,,,,,,,,,0.0,Normal,0.0
1744310957138933,10.42.0.1,10.42.0.2,1883,50245,1,33,0,1,0,0,0,0,0,0,0,0,0,0.0,0,,0,0,,0,0,0,0,0,0,0,0,0.0,0,0,0,0,0,64.0,64208.0,0,0,0,54,eth:ethertype:ip:tcp,,,,,,,,,,,0.0,Normal,0.0
1744310957142277,10.42.0.1,10.42.0.2,1883,50245,1,45,0,1,0,0,0,0,0,0,0,0,0,0.0,0,,0,0,,0,0,0,0,0,0,0,0,0.0,0,0,0,0,0,64.0,64196.0,0,0,0,54,eth:ethertype:ip:tcp,,,,,,,,,,,0.0,Normal,0.0
1744310957142606,10.42.0.1,10.42.0.2,1883,50245,1,45,0,1,0,0,1,0,4,0,0,0,0,0.0,0,,0,2,,0,0,0,0,2,0,0,0,0.0,0x00,0,0,0,0,64.0,64196.0,0,0,0,58,eth:ethertype:ip:tcp:mqtt,,,,,,,,,,,0.0,Normal,0.0
1744310957188317,10.42.0.1,10.42.0.2,1883,50245,5,234,0,1,0,0,0,0,0,0,0,0,0,0.0,0,,0,0,,0,0,0,0,0,0,0,0,0.0,0,0,0,0,0,64.0,64007.0,0,0,0,54,eth:ethertype:ip:tcp,,,,,,,,,,,0.0,Normal,0.0
1744310957188352,10.42.0.1,10.42.0.2,1883,50245,5,234,0,1,1,0,0,0,0,0,0,0,0,0.0,0,,0,0,,0,0,0,0,0,0,0,0,0.0,0,0,0,0,0,64.0,64007.0,0,0,0,54,eth:ethertype:ip:tcp,,,,,,,,,,,0.0,Normal,0.0
1744310972197714,10.42.0.1,10.42.0.139,1883,50246,0,1,1,1,0,0,0,0,0,0,0,0,0,0.0,0,,0,0,,0,0,0,0,0,0,0,0,0.0,0,0,0,0,0,64.0,64240.0,0,0,0,58,eth:ethertype:ip:tcp,,,,,,,,,,,0.0,Normal,0.0
1744310972206253,10.42.0.1,10.42.0.139,1883,50246,1,4,0,1,0,0,0,0,0,0,0,0,0,0.0,0,,0,0,,0,0,0,0,0,0,0,0,0.0,0,0,0,0,0,64.0,64237.0,0,0,0,54,eth:ethertype:ip:tcp,,,,,,,,,,,0.0,Normal,0.0
1744310972210156,10.42.0.1,10.42.0.139,1883,50246,1,45,0,1,0,0,0,0,0,0,0,0,0,0.0,0,,0,0,,0,0,0,0,0,0,0,0,0.0,0,0,0,0,0,64.0,64196.0,0,0,0,54,eth:ethertype:ip:tcp,,,,,,,,,,,0.0,Normal,0.0
1744310972210535,10.42.0.1,10.42.0.139,1883,50246,1,45,0,1,0,0,1,0,4,0,0,0,0,0.0,0,,0,2,,0,0,0,0,2,0,0,0,0.0,0x00,0,0,0,0,64.0,64196.0,0,0,0,58,eth:ethertype:ip:tcp:mqtt,,,,,,,,,,,0.0,Normal,0.0
1744310972257626,10.42.0.1,10.42.0.139,1883,50246,5,234,0,1,0,0,0,0,0,0,0,0,0,0.0,0,,0,0,,0,0,0,0,0,0,0,0,0.0,0,0,0,0,0,64.0,64007.0,0,0,0,54,eth:ethertype:ip:tcp,,,,,,,,,,,0.0,Normal,0.0
1744310972257730,10.42.0.1,10.42.0.139,1883,50246,5,234,0,1,1,0,0,0,0,0,0,0,0,0.0,0,,0,0,,0,0,0,0,0,0,0,0,0.0,0,0,0,0,0,64.0,64007.0,0,0,0,54,eth:ethertype:ip:tcp,,,,,,,,,,,0.0,Normal,0.0
1744310987197714,10.42.0.1,10.42.0.2,1883,50246,0,1,1,1,0,0,0,0,0,0,0,0,0,0.0,0,,0,0,,0,0,0,0,0,0,0,0,0.0,0,0,0,0,0,64.0,64240.0,0,0,0,58,eth:ethertype:ip:tcp,,,,,,,,,,,0.0,Normal,0.0
1744310987206253,10.42.0.1,10.42.0.2,1883,50246,1,4,0,1,0,0,0,0,0,0,0,0,0,0.0,0,,0,0,,0,0,0,0,0,0,0,0,0.0,0,0,0,0,0,64.0,64237.0,0,0,0,54,eth:ethertype:ip:tcp,,,,,,,,,,,0.0,Normal,0.0
1744310987210156,10.42.0.1,10.42.0.2,1883,50246,1,45,0,1,0,0,0,0,0,0,0,0,0,0.0,0,,0,0,,0,0,0,0,0,0,0,0,0.0,0,0,0,0,0,64.0,64196.0,0,0,0,54,eth:ethertype:ip:tcp,,,,,,,,,,,0.0,Normal,0.0
1744310987210535,10.42.0.1,10.42.0.2,1883,50246,1,45,0,1,0,0,1,0,4,0,0,0,0,0.0,0,,0,2,,0,0,0,0,2,0,0,0,0.0,0x00,0,0,0,0,64.0,64196.0,0,0,0,58,eth:ethertype:ip:tcp:mqtt,,,,,,,,,,,0.0,Normal,0.0
1744310987257626,10.42.0.1,10.42.0.2,1883,50246,5,234,0,1,0,0,0,0,0,0,0,0,0,0.0,0,,0,0,,0,0,0,0,0,0,0,0,0.0,0,0,0,0,0,64.0,64007.0,0,0,0,54,eth:ethertype:ip:tcp,,,,,,,,,,,0.0,Normal,0.0
1744310987257730,10.42.0.1,10.42.0.2,1883,50246,5,234,0,1,1,0,0,0,0,0,0,0,0,0.0,0,,0,0,,0,0,0,0,0,0,0,0,0.0,0,0,0,0,0,64.0,64007.0,0,0,0,54,eth:ethertype:ip:tcp,,,,,,,,,,,0.0,Normal,0.0
1744311002266490,10.42.0.1,10.42.0.139,1883,50247,0,1,1,1,0,0,0,0,0,0,0,0,0,0.0,0,,0,0,,0,0,0,0,0,0,0,0,0.0,0,0,0,0,0,64.0,64240.0,0,0,0,58,eth:ethertype:ip:tcp,,,,,,,,,,,0.0,Normal,0.0
1744311002272501,10.42.0.1,10.42.0.139,1883,50247,1,4,0,1,0,0,0,0,0,0,0,0,0,0.0,0,,0,0,,0,0,0,0,0,0,0,0,0.0,0,0,0,0,0,64.0,64237.0,0,0,0,54,eth:ethertype:ip:tcp,,,,,,,,,,,0.0,Normal,0.0
1744311002275924,10.42.0.1,10.42.0.139,1883,50247,1,33,0,1,0,0,0,0,0,0,0,0,0,0.0,0,,0,0,,0,0,0,0,0,0,0,0,0.0,0,0,0,0,0,64.0,64208.0,0,0,0,54,eth:ethertype:ip:tcp,,,,,,,,,,,0.0,Normal,0.0
1744311002279674,10.42.0.1,10.42.0.139,1883,50247,1,35,0,1,0,0,0,0,0,0,0,0,0,0.0,0,,0,0,,0,0,0,0,0,0,0,0,0.0,0,0,0,0,0,64.0,64206.0,0,0,0,54,eth:ethertype:ip:tcp,,,,,,,,,,,0.0,Normal,0.0
1744311002283926,10.42.0.1,10.42.0.139,1883,50247,1,39,0,1,0,0,0,0,0,0,0,0,0,0.0,0,,0,0,,0,0,0,0,0,0,0,0,0.0,0,0,0,0,0,64.0,64202.0,0,0,0,54,eth:ethertype:ip:tcp,,,,,,,,,,,0.0,Normal,0.0
1744311002287629,10.42.0.1,10.42.0.139,1883,50247,1,41,0,1,0,0,0,0,0,0,0,0,0,0.0,0,,0,0,,0,0,0,0,0,0,0,0,0.0,0,0,0,0,0,64.0,64200.0,0,0,0,54,eth:ethertype:ip:tcp,,,,,,,,,,,0.0,Normal,0.0
1744311002290232,10.42.0.1,10.42.0.139,1883,50247,1,45,0,1,0,0,0,0,0,0,0,0,0,0.0,0,,0,0,,0,0,0,0,0,0,0,0,0.0,0,0,0,0,0,64.0,64196.0,0,0,0,54,eth:ethertype:ip:tcp,,,,,,,,,,,0.0,Normal,0.0
1744311002290568,10.42.0.1,10.42.0.139,1883,50247,1,45,0,1,0,0,1,0,4,0,0,0,0,0.0,0,,0,2,,0,0,0,0,2,0,0,0,0.0,0x00,0,0,0,0,64.0,64196.0,0,0,0,58,eth:ethertype:ip:tcp:mqtt,,,,,,,,,,,0.0,Normal,0.0
1744311002336896,10.42.0.1,10.42.0.139,1883,50247,5,234,0,1,0,0,0,0,0,0,0,0,0,0.0,0,,0,0,,0,0,0,0,0,0,0,0,0.0,0,0,0,0,0,64.0,64007.0,0,0,0,54,eth:ethertype:ip:tcp,,,,,,,,,,,0.0,Normal,0.0
1744311002336938,10.42.0.1,10.42.0.139,1883,50247,5,234,0,1,1,0,0,0,0,0,0,0,0,0.0,0,,0,0,,0,0,0,0,0,0,0,0,0.0,0,0,0,0,0,64.0,64007.0,0,0,0,54,eth:ethertype:ip:tcp,,,,,,,,,,,0.0,Normal,0.0
1744311017266490,10.42.0.1,10.42.0.2,1883,50247,0,1,1,1,0,0,0,0,0,0,0,0,0,0.0,0,,0,0,,0,0,0,0,0,0,0,0,0.0,0,0,0,0,0,64.0,64240.0,0,0,0,58,eth:ethertype:ip:tcp,,,,,,,,,,,0.0,Normal,0.0
1744311017272501,10.42.0.1,10.42.0.2,1883,50247,1,4,0,1,0,0,0,0,0,0,0,0,0,0.0,0,,0,0,,0,0,0,0,0,0,0,0,0.0,0,0,0,0,0,64.0,64237.0,0,0,0,54,eth:ethertype:ip:tcp,,,,,,,,,,,0.0,Normal,0.0
1744311017275924,10.42.0.1,10.42.0.2,1883,50247,1,33,0,1,0,0,0,0,0,0,0,0,0,0.0,0,,0,0,,0,0,0,0,0,0,0,0,0.0,0,0,0,0,0,64.0,64208.0,0,0,0,54,eth:ethertype:ip:tcp,,,,,,,,,,,0.0,Normal,0.0
1744311017279674,10.42.0.1,10.42.0.2,1883,50247,1,35,0,1,0,0,0,0,0,0,0,0,0,0.0,0,,0,0,,0,0,0,0,0,0,0,0,0.0,0,0,0,0,0,64.0,64206.0,0,0,0,54,eth:ethertype:ip:tcp,,,,,,,,,,,0.0,Normal,0.0
1744311017283926,10.42.0.1,10.42.0.2,1883,50247,1,39,0,1,0,0,0,0,0,0,0,0,0,0.0,0,,0,0,,0,0,0,0,0,0,0,0,0.0,0,0,0,0,0,64.0,64202.0,0,0,0,54,eth:ethertype:ip:tcp,,,,,,,,,,,0.0,Normal,0.0
1744311017287629,10.42.0.1,10.42.0.2,1883,50247,1,41,0,1,0,0,0,0,0,0,0,0,0,0.0,0,,0,0,,0,0,0,0,0,0,0,0,0.0,0,0,0,0,0,64.0,64200.0,0,0,0,54,eth:ethertype:ip:tcp,,,,,,,,,,,0.0,Normal,0.0
1744311017290232,10.42.0.1,10.42.0.2,1883,50247,1,45,0,1,0,0,0,0,0,0,0,0,0,0.0,0,,0,0,,0,0,0,0,0,0,0,0,0.0,0,0,0,0,0,64.0,64196.0,0,0,0,54,eth:ethertype:ip:tcp,,,,,,,,,,,0.0,Normal,0.0
1744311017290568,10.42.0.1,10.42.0.2,1883,50247,1,45,0,1,0,0,1,0,4,0,0,0,0,0.0,0,,0,2,,0,0,0,0,2,0,0,0,0.0,0x00,0,0,0,0,64.0,64196.0,0,0,0,58,eth:ethertype:ip:tcp:mqtt,,,,,,,,,,,0.0,Normal,0.0
1744311017336896,10.42.0.1,10.42.0.2,1883,50247,5,234,0,1,0,0,0,0,0,0,0,0,0,0.0,0,,0,0,,0,0,0,0,0,0,0,0,0.0,0,0,0,0,0,64.0,64007.0,0,0,0,54,eth:ethertype:ip:tcp,,,,,,,,,,,0.0,Normal,0.0
1744311017336938,10.42.0.1,10.42.0.2,1883,50247,5,234,0,1,1,0,0,0,0,0,0,0,0,0.0,0,,0,0,,0,0,0,0,0,0,0,0,0.0,0,0,0,0,0,64.0,64007.0,0,0,0,54,eth:ethertype:ip:tcp,,,,,,,,,,,0.0,Normal,0.0
1744311032345836,10.42.0.1,10.42.0.139,1883,50248,0,1,1,1,0,0,0,0,0,0,0,0,0,0.0,0,,0,0,,0,0,0,0,0,0,0,0,0.0,0,0,0,0,0,64.0,64240.0,0,0,0,58,eth:ethertype:ip:tcp,,,,,,,,,,,0.0,Normal,0.0
1744311032351903,10.42.0.1,10.42.0.139,1883,50248,1,4,0,1,0,0,0,0,0,0,0,0,0,0.0,0,,0,0,,0,0,0,0,0,0,0,0,0.0,0,0,0,0,0,64.0,64237.0,0,0,0,54,eth:ethertype:ip:tcp,,,,,,,,,,,0.0,Normal,0.0
1744311032355347,10.42.0.1,10.42.0.139,1883,50248,1,33,0,1,0,0,0,0,0,0,0,0,0,0.0,0,,0,0,,0,0,0,0,0,0,0,0,0.0,0,0,0,0,0,64.0,64208.0,0,0,0,54,eth:ethertype:ip:tcp,,,,,,,,,,,0.0,Normal,0.0
1744311032358381,10.42.0.1,10.42.0.139,1883,50248,1,45,0,1,0,0,0,0,0,0,0,0,0,0.0,0,,0,0,,0,0,0,0,0,0,0,0,0.0,0,0,0,0,0,64.0,64196.0,0,0,0,54,eth:ethertype:ip:tcp,,,,,,,,,,,0.0,Normal,0.0
1744311032358724,10.42.0.1,10.42.0.139,1883,50248,1,45,0,1,0,0,1,0,4,0,0,0,0,0.0,0,,0,2,,0,0,0,0,2,0,0,0,0.0,0x00,0,0,0,0,64.0,64196.0,0,0,0,58,eth:ethertype:ip:tcp:mqtt,,,,,,,,,,,0.0,Normal,0.0
1744311032406200,10.42.0.1,10.42.0.139,1883,50248,5,234,0,1,0,0,0,0,0,0,0,0,0,0.0,0,,0,0,,0,0,0,0,0,0,0,0,0.0,0,0,0,0,0,64.0,64007.0,0,0,0,54,eth:ethertype:ip:tcp,,,,,,,,,,,0.0,Normal,0.0
1744311032406238,10.42.0.1,10.42.0.139,1883,50248,5,234,0,1,1,0,0,0,0,0,0,0,0,0.0,0,,0,0,,0,0,0,0,0,0,0,0,0.0,0,0,0,0,0,64.0,64007.0,0,0,0,54,eth:ethertype:ip:tcp,,,,,,,,,,,0.0,Normal,0.0
1744311047345836,10.42.0.1,10.42.0.2,1883,50248,0,1,1,1,0,0,0,0,0,0,0,0,0,0.0,0,,0,0,,0,0,0,0,0,0,0,0,0.0,0,0,0,0,0,64.0,64240.0,0,0,0,58,eth:ethertype:ip:tcp,,,,,,,,,,,0.0,Normal,0.0
1744311047351903,10.42.0.1,10.42.0.2,1883,50248,1,4,0,1,0,0,0,0,0,0,0,0,0,0.0,0,,0,0,,0,0,0,0,0,0,0,0,0.0,0,0,0,0,0,64.0,64237.0,0,0,0,54,eth:ethertype:ip:tcp,,,,,,,,,,,0.0,Normal,0.0
1744311047355347,10.42.0.1,10.42.0.2,1883,50248,1,33,0,1,0,0,0,0,0,0,0,0,0,0.0,0,,0,0,,0,0,0,0,0,0,0,0,0.0,0,0,0,0,0,64.0,64208.0,0,0,0,54,eth:ethertype:ip:tcp,,,,,,,,,,,0.0,Normal,0.0
1744311047358381,10.42.0.1,10.42.0.2,1883,50248,1,45,0,1,0,0,0,0,0,0,0,0,0,0.0,0,,0,0,,0,0,0,0,0,0,0,0,0.0,0,0,0,0,0,64.0,64196.0,0,0,0,54,eth:ethertype:ip:tcp,,,,,,,,,,,0.0,Normal,0.0
1744311047358724,10.42.0.1,10.42.0.2,1883,50248,1,45,0,1,0,0,1,0,4,0,0,0,0,0.0,0,,0,2,,0,0,0,0,2,0,0,0,0.0,0x00,0,0,0,0,64.0,64196.0,0,0,0,58,eth:ethertype:ip:tcp:mqtt,,,,,,,,,,,0.0,Normal,0.0
1744311047406200,10.42.0.1,10.42.0.2,1883,50248,5,234,0,1,0,0,0,0,0,0,0,0,0,0.0,0,,0,0,,0,0,0,0,0,0,0,0,0.0,0,0,0,0,0,64.0,64007.0,0,0,0,54,eth:ethertype:ip:tcp,,,,,,,,,,,0.0,Normal,0.0
1744311047406238,10.42.0.1,10.42.0.2,1883,50248,5,234,0,1,1,0,0,0,0,0,0,0,0,0.0,0,,0,0,,0,0,0,0,0,0,0,0,0.0,0,0,0,0,0,64.0,64007.0,0,0,0,54,eth:ethertype:ip:tcp,,,,,,,,,,,0.0,Normal,0.0
1744311062414185,10.42.0.1,10.42.0.139,1883,50249,0,1,1,1,0,0,0,0,0,0,0,0,0,0.0,0,,0,0,,0,0,0,0,0,0,0,0,0.0,0,0,0,0,0,64.0,64240.0,0,0,0,58,eth:ethertype:ip:tcp,,,,,,,,,,,0.0,Normal,0.0
1744311062423702,10.42.0.1,10.42.0.139,1883,50249,1,4,0,1,0,0,0,0,0,0,0,0,0,0.0,0,,0,0,,0,0,0,0,0,0,0,0,0.0,0,0,0,0,0,64.0,64237.0,0,0,0,54,eth:ethertype:ip:tcp,,,,,,,,,,,0.0,Normal,0.0
1744311062427273,10.42.0.1,10.42.0.139,1883,50249,1,33,0,1,0,0,0,0,0,0,0,0,0,0.0,0,,0,0,,0,0,0,0,0,0,0,0,0.0,0,0,0,0,0,64.0,64208.0,0,0,0,54,eth:ethertype:ip:tcp,,,,,,,,,,,0.0,Normal,0.0
1744311062430492,10.42.0.1,10.42.0.139,1883,50249,1,45,0,1,0,0,0,0,0,0,0,0,0,0.0,0,,0,0,,0,0,0,0,0,0,0,0,0.0,0,0,0,0,0,64.0,64196.0,0,0,0,54,eth:ethertype:ip:tcp,,,,,,,,,,,0.0,Normal,0.0
1744311062430820,10.42.0.1,10.42.0.139,1883,50249,1,45,0,1,0,0,1,0,4,0,0,0,0,0.0,0,,0,2,,0,0,0,0,2,0,0,0,0.0,0x00,0,0,0,0,64.0,64196.0,0,0,0,58,eth:ethertype:ip:tcp:mqtt,,,,,,,,,,,0.0,Normal,0.0
1744311062485609,10.42.0.1,10.42.0.139,1883,50249,5,234,0,1,0,0,0,0,0,0,0,0,0,0.0,0,,0,0,,0,0,0,0,0,0,0,0,0.0,0,0,0,0,0,64.0,64007.0,0,0,0,54,eth:ethertype:ip:tcp,,,,,,,,,,,0.0,Normal,0.0
1744311062485648,10.42.0.1,10.42.0.139,1883,50249,5,234,0,1,1,0,0,0,0,0,0,0,0,0.0,0,,0,0,,0,0,0,0,0,0,0,0,0.0,0,0,0,0,0,64.0,64007.0,0,0,0,54,eth:ethertype:ip:tcp,,,,,,,,,,,0.0,Normal,0.0
1744311077414185,10.42.0.1,10.42.0.2,1883,50249,0,1,1,1,0,0,0,0,0,0,0,0,0,0.0,0,,0,0,,0,0,0,0,0,0,0,0,0.0,0,0,0,0,0,64.0,64240.0,0,0,0,58,eth:ethertype:ip:tcp,,,,,,,,,,,0.0,Normal,0.0
1744311077423702,10.42.0.1,10.42.0.2,1883,50249,1,4,0,1,0,0,0,0,0,0,0,0,0,0.0,0,,0,0,,0,0,0,0,0,0,0,0,0.0,0,0,0,0,0,64.0,64237.0,0,0,0,54,eth:ethertype:ip:tcp,,,,,,,,,,,0.0,Normal,0.0
1744311077427273,10.42.0.1,10.42.0.2,1883,50249,1,33,0,1,0,0,0,0,0,0,0,0,0,0.0,0,,0,0,,0,0,0,0,0,0,0,0,0.0,0,0,0,0,0,64.0,64208.0,0,0,0,54,eth:ethertype:ip:tcp,,,,,,,,,,,0.0,Normal,0.0
1744311077430492,10.42.0.1,10.42.0.2,1883,50249,1,45,0,1,0,0,0,0,0,0,0,0,0,0.0,0,,0,0,,0,0,0,0,0,0,0,0,0.0,0,0,0,0,0,64.0,64196.0,0,0,0,54,eth:ethertype:ip:tcp,,,,,,,,,,,0.0,Normal,0.0
1744311077430820,10.42.0.1,10.42.0.2,1883,50249,1,45,0,1,0,0,1,0,4,0,0,0,0,0.0,0,,0,2,,0,0,0,0,2,0,0,0,0.0,0x00,0,0,0,0,64.0,64196.0,0,0,0,58,eth:ethertype:ip:tcp:mqtt,,,,,,,,,,,0.0,Normal,0.0
1744311077485609,10.42.0.1,10.42.0.2,1883,50249,5,234,0,1,0,0,0,0,0,0,0,0,0,0.0,0,,0,0,,0,0,0,0,0,0,0,0,0.0,0,0,0,0,0,64.0,64007.0,0,0,0,54,eth:ethertype:ip:tcp,,,,,,,,,,,0.0,Normal,0.0
1744311077485648,10.42.0.1,10.42.0.2,1883,50249,5,234,0,1,1,0,0,0,0,0,0,0,0,0.0,0,,0,0,,0,0,0,0,0,0,0,0,0.0,0,0,0,0,0,64.0,64007.0,0,0,0,54,eth:ethertype:ip:tcp,,,,,,,,,,,0.0,Normal,0.0
1744311092493828,10.42.0.1,10.42.0.139,1883,50250,0,1,1,1,0,0,0,0,0,0,0,0,0,0.0,0,,0,0,,0,0,0,0,0,0,0,0,0.0,0,0,0,0,0,64.0,64240.0,0,0,0,58,eth:ethertype:ip:tcp,,,,,,,,,,,0.0,Normal,0.0
1744311092500035,10.42.0.1,10.42.0.139,1883,50250,1,4,0,1,0,0,0,0,0,0,0,0,0,0.0,0,,0,0,,0,0,0,0,0,0,0,0,0.0,0,0,0,0,0,64.0,64237.0,0,0,0,54,eth:ethertype:ip:tcp,,,,,,,,,,,0.0,Normal,0.0
1744311092503491,10.42.0.1,10.42.0.139,1883,50250,1,33,0,1,0,0,0,0,0,0,0,0,0,0.0,0,,0,0,,0,0,0,0,0,0,0,0,0.0,0,0,0,0,0,64.0,64208.0,0,0,0,54,eth:ethertype:ip:tcp,,,,,,,,,,,0.0,Normal,0.0
1744311092507665,10.42.0.1,10.42.0.139,1883,50250,1,45,0,1,0,0,0,0,0,0,0,0,0,0.0,0,,0,0,,0,0,0,0,0,0,0,0,0.0,0,0,0,0,0,64.0,64196.0,0,0,0,54,eth:ethertype:ip:tcp,,,,,,,,,,,0.0,Normal,0.0
1744311092507916,10.42.0.1,10.42.0.139,1883,50250,1,45,0,1,0,0,1,0,4,0,0,0,0,0.0,0,,0,2,,0,0,0,0,2,0,0,0,0.0,0x00,0,0,0,0,64.0,64196.0,0,0,0,58,eth:ethertype:ip:tcp:mqtt,,,,,,,,,,,0.0,Normal,0.0
1744311092556014,10.42.0.1,10.42.0.139,1883,50250,5,234,0,1,0,0,0,0,0,0,0,0,0,0.0,0,,0,0,,0,0,0,0,0,0,0,0,0.0,0,0,0,0,0,64.0,64007.0,0,0,0,54,eth:ethertype:ip:tcp,,,,,,,,,,,0.0,Normal,0.0
1744311092556051,10.42.0.1,10.42.0.139,1883,50250,5,234,0,1,1,0,0,0,0,0,0,0,0,0.0,0,,0,0,,0,0,0,0,0,0,0,0,0.0,0,0,0,0,0,64.0,64007.0,0,0,0,54,eth:ethertype:ip:tcp,,,,,,,,,,,0.0,Normal,0.0
1744311107493828,10.42.0.1,10.42.0.2,1883,50250,0,1,1,1,0,0,0,0,0,0,0,0,0,0.0,0,,0,0,,0,0,0,0,0,0,0,0,0.0,0,0,0,0,0,64.0,64240.0,0,0,0,58,eth:ethertype:ip:tcp,,,,,,,,,,,0.0,Normal,0.0
1744311107500035,10.42.0.1,10.42.0.2,1883,50250,1,4,0,1,0,0,0,0,0,0,0,0,0,0.0,0,,0,0,,0,0,0,0,0,0,0,0,0.0,0,0,0,0,0,64.0,64237.0,0,0,0,54,eth:ethertype:ip:tcp,,,,,,,,,,,0.0,Normal,0.0
1744311107503491,10.42.0.1,10.42.0.2,1883,50250,1,33,0,1,0,0,0,0,0,0,0,0,0,0.0,0,,0,0,,0,0,0,0,0,0,0,0,0.0,0,0,0,0,0,64.0,64208.0,0,0,0,54,eth:ethertype:ip:tcp,,,,,,,,,,,0.0,Normal,0.0
1744311107507665,10.42.0.1,10.42.0.2,1883,50250,1,45,0,1,0,0,0,0,0,0,0,0,0,0.0,0,,0,0,,0,0,0,0,0,0,0,0,0.0,0,0,0,0,0,64.0,64196.0,0,0,0,54,eth:ethertype:ip:tcp,,,,,,,,,,,0.0,Normal,0.0
1744311107507916,10.42.0.1,10.42.0.2,1883,50250,1,45,0,1,0,0,1,0,4,0,0,0,0,0.0,0,,0,2,,0,0,0,0,2,0,0,0,0.0,0x00,0,0,0,0,64.0,64196.0,0,0,0,58,eth:ethertype:ip:tcp:mqtt,,,,,,,,,,,0.0,Normal,0.0
1744311107556014,10.42.0.1,10.42.0.2,1883,50250,5,234,0,1,0,0,0,0,0,0,0,0,0,0.0,0,,0,0,,0,0,0,0,0,0,0,0,0.0,0,0,0,0,0,64.0,64007.0,0,0,0,54,eth:ethertype:ip:tcp,,,,,,,,,,,0.0,Normal,0.0
1744311107556051,10.42.0.1,10.42.0.2,1883,50250,5,234,0,1,1,0,0,0,0,0,0,0,0,0.0,0,,0,0,,0,0,0,0,0,0,0,0,0.0,0,0,0,0,0,64.0,64007.0,0,0,0,54,eth:ethertype:ip:tcp,,,,,,,,,,,0.0,Normal,0.0
1744311111750542,10.42.0.1,10.42.0.139,0,0,0,0,0,0,0,0,0,0,0,0,0,0,0,0.0,0,,0,0,,0,0,0,0,0,0,0,0,0.0,0,0,0,0,0,64.0,0.0,0,0,0,342,eth:ethertype:ip:udp:dhcp,,,,,,,,,,,0.0,Normal,0.0
1744311122564083,10.42.0.1,10.42.0.139,1883,50251,0,1,1,1,0,0,0,0,0,0,0,0,0,0.0,0,,0,0,,0,0,0,0,0,0,0,0,0.0,0,0,0,0,0,64.0,64240.0,0,0,0,58,eth:ethertype:ip:tcp,,,,,,,,,,,0.0,Normal,0.0
1744311122570331,10.42.0.1,10.42.0.139,1883,50251,1,4,0,1,0,0,0,0,0,0,0,0,0,0.0,0,,0,0,,0,0,0,0,0,0,0,0,0.0,0,0,0,0,0,64.0,64237.0,0,0,0,54,eth:ethertype:ip:tcp,,,,,,,,,,,0.0,Normal,0.0
1744311122573808,10.42.0.1,10.42.0.139,1883,50251,1,33,0,1,0,0,0,0,0,0,0,0,0,0.0,0,,0,0,,0,0,0,0,0,0,0,0,0.0,0,0,0,0,0,64.0,64208.0,0,0,0,54,eth:ethertype:ip:tcp,,,,,,,,,,,0.0,Normal,0.0
1744311122578793,10.42.0.1,10.42.0.139,1883,50251,1,45,0,1,0,0,0,0,0,0,0,0,0,0.0,0,,0,0,,0,0,0,0,0,0,0,0,0.0,0,0,0,0,0,64.0,64196.0,0,0,0,54,eth:ethertype:ip:tcp,,,,,,,,,,,0.0,Normal,0.0
1744311122579094,10.42.0.1,10.42.0.139,1883,50251,1,45,0,1,0,0,1,0,4,0,0,0,0,0.0,0,,0,2,,0,0,0,0,2,0,0,0,0.0,0x00,0,0,0,0,64.0,64196.0,0,0,0,58,eth:ethertype:ip:tcp:mqtt,,,,,,,,,,,0.0,Normal,0.0
1744311122624709,10.42.0.1,10.42.0.139,1883,50251,5,234,0,1,0,0,0,0,0,0,0,0,0,0.0,0,,0,0,,0,0,0,0,0,0,0,0,0.0,0,0,0,0,0,64.0,64007.0,0,0,0,54,eth:ethertype:ip:tcp,,,,,,,,,,,0.0,Normal,0.0
1744311122624746,10.42.0.1,10.42.0.139,1883,50251,5,234,0,1,1,0,0,0,0,0,0,0,0,0.0,0,,0,0,,0,0,0,0,0,0,0,0,0.0,0,0,0,0,0,64.0,64007.0,0,0,0,54,eth:ethertype:ip:tcp,,,,,,,,,,,0.0,Normal,0.0
1744311126750542,10.42.0.1,10.42.0.2,0,0,0,0,0,0,0,0,0,0,0,0,0,0,0,0.0,0,,0,0,,0,0,0,0,0,0,0,0,0.0,0,0,0,0,0,64.0,0.0,0,0,0,342,eth:ethertype:ip:udp:dhcp,,,,,,,,,,,0.0,Normal,0.0
1744311137564083,10.42.0.1,10.42.0.2,1883,50251,0,1,1,1,0,0,0,0,0,0,0,0,0,0.0,0,,0,0,,0,0,0,0,0,0,0,0,0.0,0,0,0,0,0,64.0,64240.0,0,0,0,58,eth:ethertype:ip:tcp,,,,,,,,,,,0.0,Normal,0.0
1744311137570331,10.42.0.1,10.42.0.2,1883,50251,1,4,0,1,0,0,0,0,0,0,0,0,0,0.0,0,,0,0,,0,0,0,0,0,0,0,0,0.0,0,0,0,0,0,64.0,64237.0,0,0,0,54,eth:ethertype:ip:tcp,,,,,,,,,,,0.0,Normal,0.0
1744311137573808,10.42.0.1,10.42.0.2,1883,50251,1,33,0,1,0,0,0,0,0,0,0,0,0,0.0,0,,0,0,,0,0,0,0,0,0,0,0,0.0,0,0,0,0,0,64.0,64208.0,0,0,0,54,eth:ethertype:ip:tcp,,,,,,,,,,,0.0,Normal,0.0
1744311137578793,10.42.0.1,10.42.0.2,1883,50251,1,45,0,1,0,0,0,0,0,0,0,0,0,0.0,0,,0,0,,0,0,0,0,0,0,0,0,0.0,0,0,0,0,0,64.0,64196.0,0,0,0,54,eth:ethertype:ip:tcp,,,,,,,,,,,0.0,Normal,0.0
1744311137579094,10.42.0.1,10.42.0.2,1883,50251,1,45,0,1,0,0,1,0,4,0,0,0,0,0.0,0,,0,2,,0,0,0,0,2,0,0,0,0.0,0x00,0,0,0,0,64.0,64196.0,0,0,0,58,eth:ethertype:ip:tcp:mqtt,,,,,,,,,,,0.0,Normal,0.0
1744311137624709,10.42.0.1,10.42.0.2,1883,50251,5,234,0,1,0,0,0,0,0,0,0,0,0,0.0,0,,0,0,,0,0,0,0,0,0,0,0,0.0,0,0,0,0,0,64.0,64007.0,0,0,0,54,eth:ethertype:ip:tcp,,,,,,,,,,,0.0,Normal,0.0
1744311137624746,10.42.0.1,10.42.0.2,1883,50251,5,234,0,1,1,0,0,0,0,0,0,0,0,0.0,0,,0,0,,0,0,0,0,0,0,0,0,0.0,0,0,0,0,0,64.0,64007.0,0,0,0,54,eth:ethertype:ip:tcp,,,,,,,,,,,0.0,Normal,0.0
1744311152633367,10.42.0.1,10.42.0.139,1883,50252,0,1,1,1,0,0,0,0,0,0,0,0,0,0.0,0,,0,0,,0,0,0,0,0,0,0,0,0.0,0,0,0,0,0,64.0,64240.0,0,0,0,58,eth:ethertype:ip:tcp,,,,,,,,,,,0.0,Normal,0.0
1744311152639489,10.42.0.1,10.42.0.139,1883,50252,1,4,0,1,0,0,0,0,0,0,0,0,0,0.0,0,,0,0,,0,0,0,0,0,0,0,0,0.0,0,0,0,0,0,64.0,64237.0,0,0,0,54,eth:ethertype:ip:tcp,,,,,,,,,,,0.0,Normal,0.0
1744311152642831,10.42.0.1,10.42.0.139,1883,50252,1,33,0,1,0,0,0,0,0,0,0,0,0,0.0,0,,0,0,,0,0,0,0,0,0,0,0,0.0,0,0,0,0,0,64.0,64208.0,0,0,0,54,eth:ethertype:ip:tcp,,,,,,,,,,,0.0,Normal,0.0
1744311152645895,10.42.0.1,10.42.0.139,1883,50252,1,45,0,1,0,0,0,0,0,0,0,0,0,0.0,0,,0,0,,0,0,0,0,0,0,0,0,0.0,0,0,0,0,0,64.0,64196.0,0,0,0,54,eth:ethertype:ip:tcp,,,,,,,,,,,0.0,Normal,0.0
1744311152646271,10.42.0.1,10.42.0.139,1883,50252,1,45,0,1,0,0,1,0,4,0,0,0,0,0.0,0,,0,2,,0,0,0,0,2,0,0,0,0.0,0x00,0,0,0,0,64.0,64196.0,0,0,0,58,eth:ethertype:ip:tcp:mqtt,,,,,,,,,,,0.0,Normal,0.0
1744311152694263,10.42.0.1,10.42.0.139,1883,50252,5,234,0,1,0,0,0,0,0,0,0,0,0,0.0,0,,0,0,,0,0,0,0,0,0,0,0,0.0,0,0,0,0,0,64.0,64007.0,0,0,0,54,eth:ethertype:ip:tcp,,,,,,,,,,,0.0,Normal,0.0
1744311152694365,10.42.0.1,10.42.0.139,1883,50252,5,234,0,1,1,0,0,0,0,0,0,0,0,0.0,0,,0,0,,0,0,0,0,0,0,0,0,0.0,0,0,0,0,0,64.0,64007.0,0,0,0,54,eth:ethertype:ip:tcp,,,,,,,,,,,0.0,Normal,0.0
1744311167633367,10.42.0.1,10.42.0.2,1883,50252,0,1,1,1,0,0,0,0,0,0,0,0,0,0.0,0,,0,0,,0,0,0,0,0,0,0,0,0.0,0,0,0,0,0,64.0,64240.0,0,0,0,58,eth:ethertype:ip:tcp,,,,,,,,,,,0.0,Normal,0.0
1744311167639489,10.42.0.1,10.42.0.2,1883,50252,1,4,0,1,0,0,0,0,0,0,0,0,0,0.0,0,,0,0,,0,0,0,0,0,0,0,0,0.0,0,0,0,0,0,64.0,64237.0,0,0,0,54,eth:ethertype:ip:tcp,,,,,,,,,,,0.0,Normal,0.0
1744311167642831,10.42.0.1,10.42.0.2,1883,50252,1,33,0,1,0,0,0,0,0,0,0,0,0,0.0,0,,0,0,,0,0,0,0,0,0,0,0,0.0,0,0,0,0,0,64.0,64208.0,0,0,0,54,eth:ethertype:ip:tcp,,,,,,,,,,,0.0,Normal,0.0
1744311167645895,10.42.0.1,10.42.0.2,1883,50252,1,45,0,1,0,0,0,0,0,0,0,0,0,0.0,0,,0,0,,0,0,0,0,0,0,0,0,0.0,0,0,0,0,0,64.0,64196.0,0,0,0,54,eth:ethertype:ip:tcp,,,,,,,,,,,0.0,Normal,0.0
1744311167646271,10.42.0.1,10.42.0.2,1883,50252,1,45,0,1,0,0,1,0,4,0,0,0,0,0.0,0,,0,2,,0,0,0,0,2,0,0,0,0.0,0x00,0,0,0,0,64.0,64196.0,0,0,0,58,eth:ethertype:ip:tcp:mqtt,,,,,,,,,,,0.0,Normal,0.0
1744311167694263,10.42.0.1,10.42.0.2,1883,50252,5,234,0,1,0,0,0,0,0,0,0,0,0,0.0,0,,0,0,,0,0,0,0,0,0,0,0,0.0,0,0,0,0,0,64.0,64007.0,0,0,0,54,eth:ethertype:ip:tcp,,,,,,,,,,,0.0,Normal,0.0
1744311167694365,10.42.0.1,10.42.0.2,1883,50252,5,234,0,1,1,0,0,0,0,0,0,0,0,0.0,0,,0,0,,0,0,0,0,0,0,0,0,0.0,0,0,0,0,0,64.0,64007.0,0,0,0,54,eth:ethertype:ip:tcp,,,,,,,,,,,0.0,Normal,0.0
1744311182702703,10.42.0.1,10.42.0.139,1883,50253,0,1,1,1,0,0,0,0,0,0,0,0,0,0.0,0,,0,0,,0,0,0,0,0,0,0,0,0.0,0,0,0,0,0,64.0,64240.0,0,0,0,58,eth:ethertype:ip:tcp,,,,,,,,,,,0.0,Normal,0.0
1744311182709040,10.42.0.1,10.42.0.139,1883,50253,1,4,0,1,0,0,0,0,0,0,0,0,0,0.0,0,,0,0,,0,0,0,0,0,0,0,0,0.0,0,0,0,0,0,64.0,64237.0,0,0,0,54,eth:ethertype:ip:tcp,,,,,,,,,,,0.0,Normal,0.0
1744311182712484,10.42.0.1,10.42.0.139,1883,50253,1,33,0,1,0,0,0,0,0,0,0,0,0,0.0,0,,0,0,,0,0,0,0,0,0,0,0,0.0,0,0,0,0,0,64.0,64208.0,0,0,0,54,eth:ethertype:ip:tcp,,,,,,,,,,,0.0,Normal,0.0
1744311182715442,10.42.0.1,10.42.0.139,1883,50253,1,45,0,1,0,0,0,0,0,0,0,0,0,0.0,0,,0,0,,0,0,0,0,0,0,0,0,0.0,0,0,0,0,0,64.0,64196.0,0,0,0,54,eth:ethertype:ip:tcp,,,,,,,,,,,0.0,Normal,0.0
1744311182715780,10.42.0.1,10.42.0.139,1883,50253,1,45,0,1,0,0,1,0,4,0,0,0,0,0.0,0,,0,2,,0,0,0,0,2,0,0,0,0.0,0x00,0,0,0,0,64.0,64196.0,0,0,0,58,eth:ethertype:ip:tcp:mqtt,,,,,,,,,,,0.0,Normal,0.0
1744311182763262,10.42.0.1,10.42.0.139,1883,50253,5,234,0,1,0,0,0,0,0,0,0,0,0,0.0,0,,0,0,,0,0,0,0,0,0,0,0,0.0,0,0,0,0,0,64.0,64007.0,0,0,0,54,eth:ethertype:ip:tcp,,,,,,,,,,,0.0,Normal,0.0
1744311182763328,10.42.0.1,10.42.0.139,1883,50253,5,234,0,1,1,0,0,0,0,0,0,0,0,0.0,0,,0,0,,0,0,0,0,0,0,0,0,0.0,0,0,0,0,0,64.0,64007.0,0,0,0,54,eth:ethertype:ip:tcp,,,,,,,,,,,0.0,Normal,0.0
1744311197702703,10.42.0.1,10.42.0.2,1883,50253,0,1,1,1,0,0,0,0,0,0,0,0,0,0.0,0,,0,0,,0,0,0,0,0,0,0,0,0.0,0,0,0,0,0,64.0,64240.0,0,0,0,58,eth:ethertype:ip:tcp,,,,,,,,,,,0.0,Normal,0.0
1744311197709040,10.42.0.1,10.42.0.2,1883,50253,1,4,0,1,0,0,0,0,0,0,0,0,0,0.0,0,,0,0,,0,0,0,0,0,0,0,0,0.0,0,0,0,0,0,64.0,64237.0,0,0,0,54,eth:ethertype:ip:tcp,,,,,,,,,,,0.0,Normal,0.0
1744311197712484,10.42.0.1,10.42.0.2,1883,50253,1,33,0,1,0,0,0,0,0,0,0,0,0,0.0,0,,0,0,,0,0,0,0,0,0,0,0,0.0,0,0,0,0,0,64.0,64208.0,0,0,0,54,eth:ethertype:ip:tcp,,,,,,,,,,,0.0,Normal,0.0
1744311197715442,10.42.0.1,10.42.0.2,1883,50253,1,45,0,1,0,0,0,0,0,0,0,0,0,0.0,0,,0,0,,0,0,0,0,0,0,0,0,0.0,0,0,0,0,0,64.0,64196.0,0,0,0,54,eth:ethertype:ip:tcp,,,,,,,,,,,0.0,Normal,0.0
1744311197715780,10.42.0.1,10.42.0.2,1883,50253,1,45,0,1,0,0,1,0,4,0,0,0,0,0.0,0,,0,2,,0,0,0,0,2,0,0,0,0.0,0x00,0,0,0,0,64.0,64196.0,0,0,0,58,eth:ethertype:ip:tcp:mqtt,,,,,,,,,,,0.0,Normal,0.0
1744311197763262,10.42.0.1,10.42.0.2,1883,50253,5,234,0,1,0,0,0,0,0,0,0,0,0,0.0,0,,0,0,,0,0,0,0,0,0,0,0,0.0,0,0,0,0,0,64.0,64007.0,0,0,0,54,eth:ethertype:ip:tcp,,,,,,,,,,,0.0,Normal,0.0
1744311197763328,10.42.0.1,10.42.0.2,1883,50253,5,234,0,1,1,0,0,0,0,0,0,0,0,0.0,0,,0,0,,0,0,0,0,0,0,0,0,0.0,0,0,0,0,0,64.0,64007.0,0,0,0,54,eth:ethertype:ip:tcp,,,,,,,,,,,0.0,Normal,0.0
1744311212772011,10.42.0.1,10.42.0.139,1883,50254,0,1,1,1,0,0,0,0,0,0,0,0,0,0.0,0,,0,0,,0,0,0,0,0,0,0,0,0.0,0,0,0,0,0,64.0,64240.0,0,0,0,58,eth:ethertype:ip:tcp,,,,,,,,,,,0.0,Normal,0.0
1744311212778153,10.42.0.1,10.42.0.139,1883,50254,1,4,0,1,0,0,0,0,0,0,0,0,0,0.0,0,,0,0,,0,0,0,0,0,0,0,0,0.0,0,0,0,0,0,64.0,64237.0,0,0,0,54,eth:ethertype:ip:tcp,,,,,,,,,,,0.0,Normal,0.0
1744311212781518,10.42.0.1,10.42.0.139,1883,50254,1,33,0,1,0,0,0,0,0,0,0,0,0,0.0,0,,0,0,,0,0,0,0,0,0,0,0,0.0,0,0,0,0,0,64.0,64208.0,0,0,0,54,eth:ethertype:ip:tcp,,,,,,,,,,,0.0,Normal,0.0
1744311212784840,10.42.0.1,10.42.0.139,1883,50254,1,45,0,1,0,0,0,0,0,0,0,0,0,0.0,0,,0,0,,0,0,0,0,0,0,0,0,0.0,0,0,0,0,0,64.0,64196.0,0,0,0,54,eth:ethertype:ip:tcp,,,,,,,,,,,0.0,Normal,0.0
1744311212785197,10.42.0.1,10.42.0.139,1883,50254,1,45,0,1,0,0,1,0,4,0,0,0,0,0.0,0,,0,2,,0,0,0,0,2,0,0,0,0.0,0x00,0,0,0,0,64.0,64196.0,0,0,0,58,eth:ethertype:ip:tcp:mqtt,,,,,,,,,,,0.0,Normal,0.0
1744311212832345,10.42.0.1,10.42.0.139,1883,50254,5,234,0,1,0,0,0,0,0,0,0,0,0,0.0,0,,0,0,,0,0,0,0,0,0,0,0,0.0,0,0,0,0,0,64.0,64007.0,0,0,0,54,eth:ethertype:ip:tcp,,,,,,,,,,,0.0,Normal,0.0
1744311212832461,10.42.0.1,10.42.0.139,1883,50254,5,234,0,1,1,0,0,0,0,0,0,0,0,0.0,0,,0,0,,0,0,0,0,0,0,0,0,0.0,0,0,0,0,0,64.0,64007.0,0,0,0,54,eth:ethertype:ip:tcp,,,,,,,,,,,0.0,Normal,0.0
1744311227772011,10.42.0.1,10.42.0.2,1883,50254,0,1,1,1,0,0,0,0,0,0,0,0,0,0.0,0,,0,0,,0,0,0,0,0,0,0,0,0.0,0,0,0,0,0,64.0,64240.0,0,0,0,58,eth:ethertype:ip:tcp,,,,,,,,,,,0.0,Normal,0.0
1744311227778153,10.42.0.1,10.42.0.2,1883,50254,1,4,0,1,0,0,0,0,0,0,0,0,0,0.0,0,,0,0,,0,0,0,0,0,0,0,0,0.0,0,0,0,0,0,64.0,64237.0,0,0,0,54,eth:ethertype:ip:tcp,,,,,,,,,,,0.0,Normal,0.0
1744311227781518,10.42.0.1,10.42.0.2,1883,50254,1,33,0,1,0,0,0,0,0,0,0,0,0,0.0,0,,0,0,,0,0,0,0,0,0,0,0,0.0,0,0,0,0,0,64.0,64208.0,0,0,0,54,eth:ethertype:ip:tcp,,,,,,,,,,,0.0,Normal,0.0
1744311227784840,10.42.0.1,10.42.0.2,1883,50254,1,45,0,1,0,0,0,0,0,0,0,0,0,0.0,0,,0,0,,0,0,0,0,0,0,0,0,0.0,0,0,0,0,0,64.0,64196.0,0,0,0,54,eth:ethertype:ip:tcp,,,,,,,,,,,0.0,Normal,0.0
1744311227785197,10.42.0.1,10.42.0.2,1883,50254,1,45,0,1,0,0,1,0,4,0,0,0,0,0.0,0,,0,2,,0,0,0,0,2,0,0,0,0.0,0x00,0,0,0,0,64.0,64196.0,0,0,0,58,eth:ethertype:ip:tcp:mqtt,,,,,,,,,,,0.0,Normal,0.0
1744311227832345,10.42.0.1,10.42.0.2,1883,50254,5,234,0,1,0,0,0,0,0,0,0,0,0,0.0,0,,0,0,,0,0,0,0,0,0,0,0,0.0,0,0,0,0,0,64.0,64007.0,0,0,0,54,eth:ethertype:ip:tcp,,,,,,,,,,,0.0,Normal,0.0
1744311227832461,10.42.0.1,10.42.0.2,1883,50254,5,234,0,1,1,0,0,0,0,0,0,0,0,0.0,0,,0,0,,0,0,0,0,0,0,0,0,0.0,0,0,0,0,0,64.0,64007.0,0,0,0,54,eth:ethertype:ip:tcp,,,,,,,,,,,0.0,Normal,0.0
1744311242840375,10.42.0.1,10.42.0.139,1883,50255,0,1,1,1,0,0,0,0,0,0,0,0,0,0.0,0,,0,0,,0,0,0,0,0,0,0,0,0.0,0,0,0,0,0,64.0,64240.0,0,0,0,58,eth:ethertype:ip:tcp,,,,,,,,,,,0.0,Normal,0.0
1744311242846720,10.42.0.1,10.42.0.139,1883,50255,1,4,0,1,0,0,0,0,0,0,0,0,0,0.0,0,,0,0,,0,0,0,0,0,0,0,0,0.0,0,0,0,0,0,64.0,64237.0,0,0,0,54,eth:ethertype:ip:tcp,,,,,,,,,,,0.0,Normal,0.0
1744311242852335,10.42.0.1,10.42.0.139,1883,50255,1,45,0,1,0,0,0,0,0,0,0,0,0,0.0,0,,0,0,,0,0,0,0,0,0,0,0,0.0,0,0,0,0,0,64.0,64196.0,0,0,0,54,eth:ethertype:ip:tcp,,,,,,,,,,,0.0,Normal,0.0
1744311242852689,10.42.0.1,10.42.0.139,1883,50255,1,45,0,1,0,0,1,0,4,0,0,0,0,0.0,0,,0,2,,0,0,0,0,2,0,0,0,0.0,0x00,0,0,0,0,64.0,64196.0,0,0,0,58,eth:ethertype:ip:tcp:mqtt,,,,,,,,,,,0.0,Normal,0.0
1744311242901967,10.42.0.1,10.42.0.139,1883,50255,5,234,0,1,0,0,0,0,0,0,0,0,0,0.0,0,,0,0,,0,0,0,0,0,0,0,0,0.0,0,0,0,0,0,64.0,64007.0,0,0,0,54,eth:ethertype:ip:tcp,,,,,,,,,,,0.0,Normal,0.0
1744311242902008,10.42.0.1,10.42.0.139,1883,50255,5,234,0,1,1,0,0,0,0,0,0,0,0,0.0,0,,0,0,,0,0,0,0,0,0,0,0,0.0,0,0,0,0,0,64.0,64007.0,0,0,0,54,eth:ethertype:ip:tcp,,,,,,,,,,,0.0,Normal,0.0
1744311257840375,10.42.0.1,10.42.0.2,1883,50255,0,1,1,1,0,0,0,0,0,0,0,0,0,0.0,0,,0,0,,0,0,0,0,0,0,0,0,0.0,0,0,0,0,0,64.0,64240.0,0,0,0,58,eth:ethertype:ip:tcp,,,,,,,,,,,0.0,Normal,0.0
1744311257846720,10.42.0.1,10.42.0.2,1883,50255,1,4,0,1,0,0,0,0,0,0,0,0,0,0.0,0,,0,0,,0,0,0,0,0,0,0,0,0.0,0,0,0,0,0,64.0,64237.0,0,0,0,54,eth:ethertype:ip:tcp,,,,,,,,,,,0.0,Normal,0.0
1744311257852335,10.42.0.1,10.42.0.2,1883,50255,1,45,0,1,0,0,0,0,0,0,0,0,0,0.0,0,,0,0,,0,0,0,0,0,0,0,0,0.0,0,0,0,0,0,64.0,64196.0,0,0,0,54,eth:ethertype:ip:tcp,,,,,,,,,,,0.0,Normal,0.0
1744311257852689,10.42.0.1,10.42.0.2,1883,50255,1,45,0,1,0,0,1,0,4,0,0,0,0,0.0,0,,0,2,,0,0,0,0,2,0,0,0,0.0,0x00,0,0,0,0,64.0,64196.0,0,0,0,58,eth:ethertype:ip:tcp:mqtt,,,,,,,,,,,0.0,Normal,0.0
1744311257901967,10.42.0.1,10.42.0.2,1883,50255,5,234,0,1,0,0,0,0,0,0,0,0,0,0.0,0,,0,0,,0,0,0,0,0,0,0,0,0.0,0,0,0,0,0,64.0,64007.0,0,0,0,54,eth:ethertype:ip:tcp,,,,,,,,,,,0.0,Normal,0.0
1744311257902008,10.42.0.1,10.42.0.2,1883,50255,5,234,0,1,1,0,0,0,0,0,0,0,0,0.0,0,,0,0,,0,0,0,0,0,0,0,0,0.0,0,0,0,0,0,64.0,64007.0,0,0,0,54,eth:ethertype:ip:tcp,,,,,,,,,,,0.0,Normal,0.0
1744311272910727,10.42.0.1,10.42.0.139,1883,50256,0,1,1,1,0,0,0,0,0,0,0,0,0,0.0,0,,0,0,,0,0,0,0,0,0,0,0,0.0,0,0,0,0,0,64.0,64240.0,0,0,0,58,eth:ethertype:ip:tcp,,,,,,,,,,,0.0,Normal,0.0
1744311272916692,10.42.0.1,10.42.0.139,1883,50256,1,4,0,1,0,0,0,0,0,0,0,0,0,0.0,0,,0,0,,0,0,0,0,0,0,0,0,0.0,0,0,0,0,0,64.0,64237.0,0,0,0,54,eth:ethertype:ip:tcp,,,,,,,,,,,0.0,Normal,0.0
1744311272920053,10.42.0.1,10.42.0.139,1883,50256,1,33,0,1,0,0,0,0,0,0,0,0,0,0.0,0,,0,0,,0,0,0,0,0,0,0,0,0.0,0,0,0,0,0,64.0,64208.0,0,0,0,54,eth:ethertype:ip:tcp,,,,,,,,,,,0.0,Normal,0.0
1744311272923283,10.42.0.1,10.42.0.139,1883,50256,1,45,0,1,0,0,0,0,0,0,0,0,0,0.0,0,,0,0,,0,0,0,0,0,0,0,0,0.0,0,0,0,0,0,64.0,64196.0,0,0,0,54,eth:ethertype:ip:tcp,,,,,,,,,,,0.0,Normal,0.0
1744311272923598,10.42.0.1,10.42.0.139,1883,50256,1,45,0,1,0,0,1,0,4,0,0,0,0,0.0,0,,0,2,,0,0,0,0,2,0,0,0,0.0,0x00,0,0,0,0,64.0,64196.0,0,0,0,58,eth:ethertype:ip:tcp:mqtt,,,,,,,,,,,0.0,Normal,0.0
1744311272970942,10.42.0.1,10.42.0.139,1883,50256,5,234,0,1,0,0,0,0,0,0,0,0,0,0.0,0,,0,0,,0,0,0,0,0,0,0,0,0.0,0,0,0,0,0,64.0,64007.0,0,0,0,54,eth:ethertype:ip:tcp,,,,,,,,,,,0.0,Normal,0.0
1744311272970985,10.42.0.1,10.42.0.139,1883,50256,5,234,0,1,1,0,0,0,0,0,0,0,0,0.0,0,,0,0,,0,0,0,0,0,0,0,0,0.0,0,0,0,0,0,64.0,64007.0,0,0,0,54,eth:ethertype:ip:tcp,,,,,,,,,,,0.0,Normal,0.0
1744311287910727,10.42.0.1,10.42.0.2,1883,50256,0,1,1,1,0,0,0,0,0,0,0,0,0,0.0,0,,0,0,,0,0,0,0,0,0,0,0,0.0,0,0,0,0,0,64.0,64240.0,0,0,0,58,eth:ethertype:ip:tcp,,,,,,,,,,,0.0,Normal,0.0
1744311287916692,10.42.0.1,10.42.0.2,1883,50256,1,4,0,1,0,0,0,0,0,0,0,0,0,0.0,0,,0,0,,0,0,0,0,0,0,0,0,0.0,0,0,0,0,0,64.0,64237.0,0,0,0,54,eth:ethertype:ip:tcp,,,,,,,,,,,0.0,Normal,0.0
1744311287920053,10.42.0.1,10.42.0.2,1883,50256,1,33,0,1,0,0,0,0,0,0,0,0,0,0.0,0,,0,0,,0,0,0,0,0,0,0,0,0.0,0,0,0,0,0,64.0,64208.0,0,0,0,54,eth:ethertype:ip:tcp,,,,,,,,,,,0.0,Normal,0.0
1744311287923283,10.42.0.1,10.42.0.2,1883,50256,1,45,0,1,0,0,0,0,0,0,0,0,0,0.0,0,,0,0,,0,0,0,0,0,0,0,0,0.0,0,0,0,0,0,64.0,64196.0,0,0,0,54,eth:ethertype:ip:tcp,,,,,,,,,,,0.0,Normal,0.0
1744311287923598,10.42.0.1,10.42.0.2,1883,50256,1,45,0,1,0,0,1,0,4,0,0,0,0,0.0,0,,0,2,,0,0,0,0,2,0,0,0,0.0,0x00,0,0,0,0,64.0,64196.0,0,0,0,58,eth:ethertype:ip:tcp:mqtt,,,,,,,,,,,0.0,Normal,0.0
1744311287970942,10.42.0.1,10.42.0.2,1883,50256,5,234,0,1,0,0,0,0,0,0,0,0,0,0.0,0,,0,0,,0,0,0,0,0,0,0,0,0.0,0,0,0,0,0,64.0,64007.0,0,0,0,54,eth:ethertype:ip:tcp,,,,,,,,,,,0.0,Normal,0.0
1744311287970985,10.42.0.1,10.42.0.2,1883,50256,5,234,0,1,1,0,0,0,0,0,0,0,0,0.0,0,,0,0,,0,0,0,0,0,0,0,0,0.0,0,0,0,0,0,64.0,64007.0,0,0,0,54,eth:ethertype:ip:tcp,,,,,,,,,,,0.0,Normal,0.0
1744311302988252,10.42.0.1,10.42.0.139,1883,50257,0,1,1,1,0,0,0,0,0,0,0,0,0,0.0,0,,0,0,,0,0,0,0,0,0,0,0,0.0,0,0,0,0,0,64.0,64240.0,0,0,0,58,eth:ethertype:ip:tcp,,,,,,,,,,,0.0,Normal,0.0
1744311302994229,10.42.0.1,10.42.0.139,1883,50257,1,4,0,1,0,0,0,0,0,0,0,0,0,0.0,0,,0,0,,0,0,0,0,0,0,0,0,0.0,0,0,0,0,0,64.0,64237.0,0,0,0,54,eth:ethertype:ip:tcp,,,,,,,,,,,0.0,Normal,0.0
1744311302997697,10.42.0.1,10.42.0.139,1883,50257,1,33,0,1,0,0,0,0,0,0,0,0,0,0.0,0,,0,0,,0,0,0,0,0,0,0,0,0.0,0,0,0,0,0,64.0,64208.0,0,0,0,54,eth:ethertype:ip:tcp,,,,,,,,,,,0.0,Normal,0.0
1744311303000795,10.42.0.1,10.42.0.139,1883,50257,1,45,0,1,0,0,0,0,0,0,0,0,0,0.0,0,,0,0,,0,0,0,0,0,0,0,0,0.0,0,0,0,0,0,64.0,64196.0,0,0,0,54,eth:ethertype:ip:tcp,,,,,,,,,,,0.0,Normal,0.0
1744311303001150,10.42.0.1,10.42.0.139,1883,50257,1,45,0,1,0,0,1,0,4,0,0,0,0,0.0,0,,0,2,,0,0,0,0,2,0,0,0,0.0,0x00,0,0,0,0,64.0,64196.0,0,0,0,58,eth:ethertype:ip:tcp:mqtt,,,,,,,,,,,0.0,Normal,0.0
1744311303050269,10.42.0.1,10.42.0.139,1883,50257,5,234,0,1,0,0,0,0,0,0,0,0,0,0.0,0,,0,0,,0,0,0,0,0,0,0,0,0.0,0,0,0,0,0,64.0,64007.0,0,0,0,54,eth:ethertype:ip:tcp,,,,,,,,,,,0.0,Normal,0.0
1744311303050329,10.42.0.1,10.42.0.139,1883,50257,5,234,0,1,1,0,0,0,0,0,0,0,0,0.0,0,,0,0,,0,0,0,0,0,0,0,0,0.0,0,0,0,0,0,64.0,64007.0,0,0,0,54,eth:ethertype:ip:tcp,,,,,,,,,,,0.0,Normal,0.0
1744311317988252,10.42.0.1,10.42.0.2,1883,50257,0,1,1,1,0,0,0,0,0,0,0,0,0,0.0,0,,0,0,,0,0,0,0,0,0,0,0,0.0,0,0,0,0,0,64.0,64240.0,0,0,0,58,eth:ethertype:ip:tcp,,,,,,,,,,,0.0,Normal,0.0
1744311317994229,10.42.0.1,10.42.0.2,1883,50257,1,4,0,1,0,0,0,0,0,0,0,0,0,0.0,0,,0,0,,0,0,0,0,0,0,0,0,0.0,0,0,0,0,0,64.0,64237.0,0,0,0,54,eth:ethertype:ip:tcp,,,,,,,,,,,0.0,Normal,0.0
1744311317997697,10.42.0.1,10.42.0.2,1883,50257,1,33,0,1,0,0,0,0,0,0,0,0,0,0.0,0,,0,0,,0,0,0,0,0,0,0,0,0.0,0,0,0,0,0,64.0,64208.0,0,0,0,54,eth:ethertype:ip:tcp,,,,,,,,,,,0.0,Normal,0.0
1744311318000795,10.42.0.1,10.42.0.2,1883,50257,1,45,0,1,0,0,0,0,0,0,0,0,0,0.0,0,,0,0,,0,0,0,0,0,0,0,0,0.0,0,0,0,0,0,64.0,64196.0,0,0,0,54,eth:ethertype:ip:tcp,,,,,,,,,,,0.0,Normal,0.0
1744311318001150,10.42.0.1,10.42.0.2,1883,50257,1,45,0,1,0,0,1,0,4,0,0,0,0,0.0,0,,0,2,,0,0,0,0,2,0,0,0,0.0,0x00,0,0,0,0,64.0,64196.0,0,0,0,58,eth:ethertype:ip:tcp:mqtt,,,,,,,,,,,0.0,Normal,0.0
1744311318050269,10.42.0.1,10.42.0.2,1883,50257,5,234,0,1,0,0,0,0,0,0,0,0,0,0.0,0,,0,0,,0,0,0,0,0,0,0,0,0.0,0,0,0,0,0,64.0,64007.0,0,0,0,54,eth:ethertype:ip:tcp,,,,,,,,,,,0.0,Normal,0.0
1744311318050329,10.42.0.1,10.42.0.2,1883,50257,5,234,0,1,1,0,0,0,0,0,0,0,0,0.0,0,,0,0,,0,0,0,0,0,0,0,0,0.0,0,0,0,0,0,64.0,64007.0,0,0,0,54,eth:ethertype:ip:tcp,,,,,,,,,,,0.0,Normal,0.0
1744311333060601,10.42.0.1,10.42.0.139,1883,50258,0,1,1,1,0,0,0,0,0,0,0,0,0,0.0,0,,0,0,,0,0,0,0,0,0,0,0,0.0,0,0,0,0,0,64.0,64240.0,0,0,0,58,eth:ethertype:ip:tcp,,,,,,,,,,,0.0,Normal,0.0
1744311333066696,10.42.0.1,10.42.0.139,1883,50258,1,4,0,1,0,0,0,0,0,0,0,0,0,0.0,0,,0,0,,0,0,0,0,0,0,0,0,0.0,0,0,0,0,0,64.0,64237.0,0,0,0,54,eth:ethertype:ip:tcp,,,,,,,,,,,0.0,Normal,0.0
1744311333070037,10.42.0.1,10.42.0.139,1883,50258,1,33,0,1,0,0,0,0,0,0,0,0,0,0.0,0,,0,0,,0,0,0,0,0,0,0,0,0.0,0,0,0,0,0,64.0,64208.0,0,0,0,54,eth:ethertype:ip:tcp,,,,,,,,,,,0.0,Normal,0.0
1744311333073130,10.42.0.1,10.42.0.139,1883,50258,1,45,0,1,0,0,0,0,0,0,0,0,0,0.0,0,,0,0,,0,0,0,0,0,0,0,0,0.0,0,0,0,0,0,64.0,64196.0,0,0,0,54,eth:ethertype:ip:tcp,,,,,,,,,,,0.0,Normal,0.0
1744311333073574,10.42.0.1,10.42.0.139,1883,50258,1,45,0,1,0,0,1,0,4,0,0,0,0,0.0,0,,0,2,,0,0,0,0,2,0,0,0,0.0,0x00,0,0,0,0,64.0,64196.0,0,0,0,58,eth:ethertype:ip:tcp:mqtt,,,,,,,,,,,0.0,Normal,0.0
1744311333119836,10.42.0.1,10.42.0.139,1883,50258,5,234,0,1,0,0,0,0,0,0,0,0,0,0.0,0,,0,0,,0,0,0,0,0,0,0,0,0.0,0,0,0,0,0,64.0,64007.0,0,0,0,54,eth:ethertype:ip:tcp,,,,,,,,,,,0.0,Normal,0.0
1744311333119885,10.42.0.1,10.42.0.139,1883,50258,5,234,0,1,1,0,0,0,0,0,0,0,0,0.0,0,,0,0,,0,0,0,0,0,0,0,0,0.0,0,0,0,0,0,64.0,64007.0,0,0,0,54,eth:ethertype:ip:tcp,,,,,,,,,,,0.0,Normal,0.0
1744311348060601,10.42.0.1,10.42.0.2,1883,50258,0,1,1,1,0,0,0,0,0,0,0,0,0,0.0,0,,0,0,,0,0,0,0,0,0,0,0,0.0,0,0,0,0,0,64.0,64240.0,0,0,0,58,eth:ethertype:ip:tcp,,,,,,,,,,,0.0,Normal,0.0
1744311348066696,10.42.0.1,10.42.0.2,1883,50258,1,4,0,1,0,0,0,0,0,0,0,0,0,0.0,0,,0,0,,0,0,0,0,0,0,0,0,0.0,0,0,0,0,0,64.0,64237.0,0,0,0,54,eth:ethertype:ip:tcp,,,,,,,,,,,0.0,Normal,0.0
1744311348070037,10.42.0.1,10.42.0.2,1883,50258,1,33,0,1,0,0,0,0,0,0,0,0,0,0.0,0,,0,0,,0,0,0,0,0,0,0,0,0.0,0,0,0,0,0,64.0,64208.0,0,0,0,54,eth:ethertype:ip:tcp,,,,,,,,,,,0.0,Normal,0.0
1744311348073130,10.42.0.1,10.42.0.2,1883,50258,1,45,0,1,0,0,0,0,0,0,0,0,0,0.0,0,,0,0,,0,0,0,0,0,0,0,0,0.0,0,0,0,0,0,64.0,64196.0,0,0,0,54,eth:ethertype:ip:tcp,,,,,,,,,,,0.0,Normal,0.0
1744311348073574,10.42.0.1,10.42.0.2,1883,50258,1,45,0,1,0,0,1,0,4,0,0,0,0,0.0,0,,0,2,,0,0,0,0,2,0,0,0,0.0,0x00,0,0,0,0,64.0,64196.0,0,0,0,58,eth:ethertype:ip:tcp:mqtt,,,,,,,,,,,0.0,Normal,0.0
1744311348119836,10.42.0.1,10.42.0.2,1883,50258,5,234,0,1,0,0,0,0,0,0,0,0,0,0.0,0,,0,0,,0,0,0,0,0,0,0,0,0.0,0,0,0,0,0,64.0,64007.0,0,0,0,54,eth:ethertype:ip:tcp,,,,,,,,,,,0.0,Normal,0.0
1744311348119885,10.42.0.1,10.42.0.2,1883,50258,5,234,0,1,1,0,0,0,0,0,0,0,0,0.0,0,,0,0,,0,0,0,0,0,0,0,0,0.0,0,0,0,0,0,64.0,64007.0,0,0,0,54,eth:ethertype:ip:tcp,,,,,,,,,,,0.0,Normal,0.0
1744311363129067,10.42.0.1,10.42.0.139,1883,50259,0,1,1,1,0,0,0,0,0,0,0,0,0,0.0,0,,0,0,,0,0,0,0,0,0,0,0,0.0,0,0,0,0,0,64.0,64240.0,0,0,0,58,eth:ethertype:ip:tcp,,,,,,,,,,,0.0,Normal,0.0
1744311363134948,10.42.0.1,10.42.0.139,1883,50259,1,4,0,1,0,0,0,0,0,0,0,0,0,0.0,0,,0,0,,0,0,0,0,0,0,0,0,0.0,0,0,0,0,0,64.0,64237.0,0,0,0,54,eth:ethertype:ip:tcp,,,,,,,,,,,0.0,Normal,0.0
1744311363138426,10.42.0.1,10.42.0.139,1883,50259,1,33,0,1,0,0,0,0,0,0,0,0,0,0.0,0,,0,0,,0,0,0,0,0,0,0,0,0.0,0,0,0,0,0,64.0,64208.0,0,0,0,54,eth:ethertype:ip:tcp,,,,,,,,,,,0.0,Normal,0.0
1744311363141466,10.42.0.1,10.42.0.139,1883,50259,1,45,0,1,0,0,0,0,0,0,0,0,0,0.0,0,,0,0,,0,0,0,0,0,0,0,0,0.0,0,0,0,0,0,64.0,64196.0,0,0,0,54,eth:ethertype:ip:tcp,,,,,,,,,,,0.0,Normal,0.0
1744311363141791,10.42.0.1,10.42.0.139,1883,50259,1,45,0,1,0,0,1,0,4,0,0,0,0,0.0,0,,0,2,,0,0,0,0,2,0,0,0,0.0,0x00,0,0,0,0,64.0,64196.0,0,0,0,58,eth:ethertype:ip:tcp:mqtt,,,,,,,,,,,0.0,Normal,0.0
1744311363189061,10.42.0.1,10.42.0.139,1883,50259,5,234,0,1,0,0,0,0,0,0,0,0,0,0.0,0,,0,0,,0,0,0,0,0,0,0,0,0.0,0,0,0,0,0,64.0,64007.0,0,0,0,54,eth:ethertype:ip:tcp,,,,,,,,,,,0.0,Normal,0.0
1744311363189100,10.42.0.1,10.42.0.139,1883,50259,5,234,0,1,1,0,0,0,0,0,0,0,0,0.0,0,,0,0,,0,0,0,0,0,0,0,0,0.0,0,0,0,0,0,64.0,64007.0,0,0,0,54,eth:ethertype:ip:tcp,,,,,,,,,,,0.0,Normal,0.0
1744311378129067,10.42.0.1,10.42.0.2,1883,50259,0,1,1,1,0,0,0,0,0,0,0,0,0,0.0,0,,0,0,,0,0,0,0,0,0,0,0,0.0,0,0,0,0,0,64.0,64240.0,0,0,0,58,eth:ethertype:ip:tcp,,,,,,,,,,,0.0,Normal,0.0
1744311378134948,10.42.0.1,10.42.0.2,1883,50259,1,4,0,1,0,0,0,0,0,0,0,0,0,0.0,0,,0,0,,0,0,0,0,0,0,0,0,0.0,0,0,0,0,0,64.0,64237.0,0,0,0,54,eth:ethertype:ip:tcp,,,,,,,,,,,0.0,Normal,0.0
1744311378138426,10.42.0.1,10.42.0.2,1883,50259,1,33,0,1,0,0,0,0,0,0,0,0,0,0.0,0,,0,0,,0,0,0,0,0,0,0,0,0.0,0,0,0,0,0,64.0,64208.0,0,0,0,54,eth:ethertype:ip:tcp,,,,,,,,,,,0.0,Normal,0.0
1744311378141466,10.42.0.1,10.42.0.2,1883,50259,1,45,0,1,0,0,0,0,0,0,0,0,0,0.0,0,,0,0,,0,0,0,0,0,0,0,0,0.0,0,0,0,0,0,64.0,64196.0,0,0,0,54,eth:ethertype:ip:tcp,,,,,,,,,,,0.0,Normal,0.0
1744311378141791,10.42.0.1,10.42.0.2,1883,50259,1,45,0,1,0,0,1,0,4,0,0,0,0,0.0,0,,0,2,,0,0,0,0,2,0,0,0,0.0,0x00,0,0,0,0,64.0,64196.0,0,0,0,58,eth:ethertype:ip:tcp:mqtt,,,,,,,,,,,0.0,Normal,0.0
1744311378189061,10.42.0.1,10.42.0.2,1883,50259,5,234,0,1,0,0,0,0,0,0,0,0,0,0.0,0,,0,0,,0,0,0,0,0,0,0,0,0.0,0,0,0,0,0,64.0,64007.0,0,0,0,54,eth:ethertype:ip:tcp,,,,,,,,,,,0.0,Normal,0.0
1744311378189100,10.42.0.1,10.42.0.2,1883,50259,5,234,0,1,1,0,0,0,0,0,0,0,0,0.0,0,,0,0,,0,0,0,0,0,0,0,0,0.0,0,0,0,0,0,64.0,64007.0,0,0,0,54,eth:ethertype:ip:tcp,,,,,,,,,,,0.0,Normal,0.0
1744311393198067,10.42.0.1,10.42.0.139,1883,50260,0,1,1,1,0,0,0,0,0,0,0,0,0,0.0,0,,0,0,,0,0,0,0,0,0,0,0,0.0,0,0,0,0,0,64.0,64240.0,0,0,0,58,eth:ethertype:ip:tcp,,,,,,,,,,,0.0,Normal,0.0
1744311393204205,10.42.0.1,10.42.0.139,1883,50260,1,4,0,1,0,0,0,0,0,0,0,0,0,0.0,0,,0,0,,0,0,0,0,0,0,0,0,0.0,0,0,0,0,0,64.0,64237.0,0,0,0,54,eth:ethertype:ip:tcp,,,,,,,,,,,0.0,Normal,0.0
1744311393208055,10.42.0.1,10.42.0.139,1883,50260,1,39,0,1,0,0,0,0,0,0,0,0,0,0.0,0,,0,0,,0,0,0,0,0,0,0,0,0.0,0,0,0,0,0,64.0,64202.0,0,0,0,54,eth:ethertype:ip:tcp,,,,,,,,,,,0.0,Normal,0.0
1744311393210941,10.42.0.1,10.42.0.139,1883,50260,1,45,0,1,0,0,0,0,0,0,0,0,0,0.0,0,,0,0,,0,0,0,0,0,0,0,0,0.0,0,0,0,0,0,64.0,64196.0,0,0,0,54,eth:ethertype:ip:tcp,,,,,,,,,,,0.0,Normal,0.0
1744311393211246,10.42.0.1,10.42.0.139,1883,50260,1,45,0,1,0,0,1,0,4,0,0,0,0,0.0,0,,0,2,,0,0,0,0,2,0,0,0,0.0,0x00,0,0,0,0,64.0,64196.0,0,0,0,58,eth:ethertype:ip:tcp:mqtt,,,,,,,,,,,0.0,Normal,0.0
1744311393260706,10.42.0.1,10.42.0.139,1883,50260,5,234,0,1,0,0,0,0,0,0,0,0,0,0.0,0,,0,0,,0,0,0,0,0,0,0,0,0.0,0,0,0,0,0,64.0,64007.0,0,0,0,54,eth:ethertype:ip:tcp,,,,,,,,,,,0.0,Normal,0.0
1744311393260743,10.42.0.1,10.42.0.139,1883,50260,5,234,0,1,1,0,0,0,0,0,0,0,0,0.0,0,,0,0,,0,0,0,0,0,0,0,0,0.0,0,0,0,0,0,64.0,64007.0,0,0,0,54,eth:ethertype:ip:tcp,,,,,,,,,,,0.0,Normal,0.0
1744311408198067,10.42.0.1,10.42.0.2,1883,50260,0,1,1,1,0,0,0,0,0,0,0,0,0,0.0,0,,0,0,,0,0,0,0,0,0,0,0,0.0,0,0,0,0,0,64.0,64240.0,0,0,0,58,eth:ethertype:ip:tcp,,,,,,,,,,,0.0,Normal,0.0
1744311408204205,10.42.0.1,10.42.0.2,1883,50260,1,4,0,1,0,0,0,0,0,0,0,0,0,0.0,0,,0,0,,0,0,0,0,0,0,0,0,0.0,0,0,0,0,0,64.0,64237.0,0,0,0,54,eth:ethertype:ip:tcp,,,,,,,,,,,0.0,Normal,0.0
1744311408208055,10.42.0.1,10.42.0.2,1883,50260,1,39,0,1,0,0,0,0,0,0,0,0,0,0.0,0,,0,0,,0,0,0,0,0,0,0,0,0.0,0,0,0,0,0,64.0,64202.0,0,0,0,54,eth:ethertype:ip:tcp,,,,,,,,,,,0.0,Normal,0.0
1744311408210941,10.42.0.1,10.42.0.2,1883,50260,1,45,0,1,0,0,0,0,0,0,0,0,0,0.0,0,,0,0,,0,0,0,0,0,0,0,0,0.0,0,0,0,0,0,64.0,64196.0,0,0,0,54,eth:ethertype:ip:tcp,,,,,,,,,,,0.0,Normal,0.0
1744311408211246,10.42.0.1,10.42.0.2,1883,50260,1,45,0,1,0,0,1,0,4,0,0,0,0,0.0,0,,0,2,,0,0,0,0,2,0,0,0,0.0,0x00,0,0,0,0,64.0,64196.0,0,0,0,58,eth:ethertype:ip:tcp:mqtt,,,,,,,,,,,0.0,Normal,0.0
1744311408260706,10.42.0.1,10.42.0.2,1883,50260,5,234,0,1,0,0,0,0,0,0,0,0,0,0.0,0,,0,0,,0,0,0,0,0,0,0,0,0.0,0,0,0,0,0,64.0,64007.0,0,0,0,54,eth:ethertype:ip:tcp,,,,,,,,,,,0.0,Normal,0.0
1744311408260743,10.42.0.1,10.42.0.2,1883,50260,5,234,0,1,1,0,0,0,0,0,0,0,0,0.0,0,,0,0,,0,0,0,0,0,0,0,0,0.0,0,0,0,0,0,64.0,64007.0,0,0,0,54,eth:ethertype:ip:tcp,,,,,,,,,,,0.0,Normal,0.0
1744311423266418,10.42.0.1,10.42.0.139,1883,50261,0,1,1,1,0,0,0,0,0,0,0,0,0,0.0,0,,0,0,,0,0,0,0,0,0,0,0,0.0,0,0,0,0,0,64.0,64240.0,0,0,0,58,eth:ethertype:ip:tcp,,,,,,,,,,,0.0,Normal,0.0
1744311423272534,10.42.0.1,10.42.0.139,1883,50261,1,4,0,1,0,0,0,0,0,0,0,0,0,0.0,0,,0,0,,0,0,0,0,0,0,0,0,0.0,0,0,0,0,0,64.0,64237.0,0,0,0,54,eth:ethertype:ip:tcp,,,,,,,,,,,0.0,Normal,0.0
1744311423279126,10.42.0.1,10.42.0.139,1883,50261,1,45,0,1,0,0,0,0,0,0,0,0,0,0.0,0,,0,0,,0,0,0,0,0,0,0,0,0.0,0,0,0,0,0,64.0,64196.0,0,0,0,54,eth:ethertype:ip:tcp,,,,,,,,,,,0.0,Normal,0.0
1744311423279512,10.42.0.1,10.42.0.139,1883,50261,1,45,0,1,0,0,1,0,4,0,0,0,0,0.0,0,,0,2,,0,0,0,0,2,0,0,0,0.0,0x00,0,0,0,0,64.0,64196.0,0,0,0,58,eth:ethertype:ip:tcp:mqtt,,,,,,,,,,,0.0,Normal,0.0
1744311423327718,10.42.0.1,10.42.0.139,1883,50261,5,234,0,1,0,0,0,0,0,0,0,0,0,0.0,0,,0,0,,0,0,0,0,0,0,0,0,0.0,0,0,0,0,0,64.0,64007.0,0,0,0,54,eth:ethertype:ip:tcp,,,,,,,,,,,0.0,Normal,0.0
1744311423327757,10.42.0.1,10.42.0.139,1883,50261,5,234,0,1,1,0,0,0,0,0,0,0,0,0.0,0,,0,0,,0,0,0,0,0,0,0,0,0.0,0,0,0,0,0,64.0,64007.0,0,0,0,54,eth:ethertype:ip:tcp,,,,,,,,,,,0.0,Normal,0.0
1744311438266418,10.42.0.1,10.42.0.2,1883,50261,0,1,1,1,0,0,0,0,0,0,0,0,0,0.0,0,,0,0,,0,0,0,0,0,0,0,0,0.0,0,0,0,0,0,64.0,64240.0,0,0,0,58,eth:ethertype:ip:tcp,,,,,,,,,,,0.0,Normal,0.0
1744311438272534,10.42.0.1,10.42.0.2,1883,50261,1,4,0,1,0,0,0,0,0,0,0,0,0,0.0,0,,0,0,,0,0,0,0,0,0,0,0,0.0,0,0,0,0,0,64.0,64237.0,0,0,0,54,eth:ethertype:ip:tcp,,,,,,,,,,,0.0,Normal,0.0
1744311438279126,10.42.0.1,10.42.0.2,1883,50261,1,45,0,1,0,0,0,0,0,0,0,0,0,0.0,0,,0,0,,0,0,0,0,0,0,0,0,0.0,0,0,0,0,0,64.0,64196.0,0,0,0,54,eth:ethertype:ip:tcp,,,,,,,,,,,0.0,Normal,0.0
1744311438279512,10.42.0.1,10.42.0.2,1883,50261,1,45,0,1,0,0,1,0,4,0,0,0,0,0.0,0,,0,2,,0,0,0,0,2,0,0,0,0.0,0x00,0,0,0,0,64.0,64196.0,0,0,0,58,eth:ethertype:ip:tcp:mqtt,,,,,,,,,,,0.0,Normal,0.0
1744311438327718,10.42.0.1,10.42.0.2,1883,50261,5,234,0,1,0,0,0,0,0,0,0,0,0,0.0,0,,0,0,,0,0,0,0,0,0,0,0,0.0,0,0,0,0,0,64.0,64007.0,0,0,0,54,eth:ethertype:ip:tcp,,,,,,,,,,,0.0,Normal,0.0
1744311438327757,10.42.0.1,10.42.0.2,1883,50261,5,234,0,1,1,0,0,0,0,0,0,0,0,0.0,0,,0,0,,0,0,0,0,0,0,0,0,0.0,0,0,0,0,0,64.0,64007.0,0,0,0,54,eth:ethertype:ip:tcp,,,,,,,,,,,0.0,Normal,0.0
1744311453336659,10.42.0.1,10.42.0.139,1883,50262,0,1,1,1,0,0,0,0,0,0,0,0,0,0.0,0,,0,0,,0,0,0,0,0,0,0,0,0.0,0,0,0,0,0,64.0,64240.0,0,0,0,58,eth:ethertype:ip:tcp,,,,,,,,,,,0.0,Normal,0.0
1744311453343217,10.42.0.1,10.42.0.139,1883,50262,1,4,0,1,0,0,0,0,0,0,0,0,0,0.0,0,,0,0,,0,0,0,0,0,0,0,0,0.0,0,0,0,0,0,64.0,64237.0,0,0,0,54,eth:ethertype:ip:tcp,,,,,,,,,,,0.0,Normal,0.0
1744311453346391,10.42.0.1,10.42.0.139,1883,50262,1,33,0,1,0,0,0,0,0,0,0,0,0,0.0,0,,0,0,,0,0,0,0,0,0,0,0,0.0,0,0,0,0,0,64.0,64208.0,0,0,0,54,eth:ethertype:ip:tcp,,,,,,,,,,,0.0,Normal,0.0
1744311453349973,10.42.0.1,10.42.0.139,1883,50262,1,45,0,1,0,0,0,0,0,0,0,0,0,0.0,0,,0,0,,0,0,0,0,0,0,0,0,0.0,0,0,0,0,0,64.0,64196.0,0,0,0,54,eth:ethertype:ip:tcp,,,,,,,,,,,0.0,Normal,0.0
1744311453350327,10.42.0.1,10.42.0.139,1883,50262,1,45,0,1,0,0,1,0,4,0,0,0,0,0.0,0,,0,2,,0,0,0,0,2,0,0,0,0.0,0x00,0,0,0,0,64.0,64196.0,0,0,0,58,eth:ethertype:ip:tcp:mqtt,,,,,,,,,,,0.0,Normal,0.0
1744311453397115,10.42.0.1,10.42.0.139,1883,50262,5,234,0,1,0,0,0,0,0,0,0,0,0,0.0,0,,0,0,,0,0,0,0,0,0,0,0,0.0,0,0,0,0,0,64.0,64007.0,0,0,0,54,eth:ethertype:ip:tcp,,,,,,,,,,,0.0,Normal,0.0
1744311453397156,10.42.0.1,10.42.0.139,1883,50262,5,234,0,1,1,0,0,0,0,0,0,0,0,0.0,0,,0,0,,0,0,0,0,0,0,0,0,0.0,0,0,0,0,0,64.0,64007.0,0,0,0,54,eth:ethertype:ip:tcp,,,,,,,,,,,0.0,Normal,0.0
1744311468336659,10.42.0.1,10.42.0.2,1883,50262,0,1,1,1,0,0,0,0,0,0,0,0,0,0.0,0,,0,0,,0,0,0,0,0,0,0,0,0.0,0,0,0,0,0,64.0,64240.0,0,0,0,58,eth:ethertype:ip:tcp,,,,,,,,,,,0.0,Normal,0.0
1744311468343217,10.42.0.1,10.42.0.2,1883,50262,1,4,0,1,0,0,0,0,0,0,0,0,0,0.0,0,,0,0,,0,0,0,0,0,0,0,0,0.0,0,0,0,0,0,64.0,64237.0,0,0,0,54,eth:ethertype:ip:tcp,,,,,,,,,,,0.0,Normal,0.0
1744311468346391,10.42.0.1,10.42.0.2,1883,50262,1,33,0,1,0,0,0,0,0,0,0,0,0,0.0,0,,0,0,,0,0,0,0,0,0,0,0,0.0,0,0,0,0,0,64.0,64208.0,0,0,0,54,eth:ethertype:ip:tcp,,,,,,,,,,,0.0,Normal,0.0
1744311468349973,10.42.0.1,10.42.0.2,1883,50262,1,45,0,1,0,0,0,0,0,0,0,0,0,0.0,0,,0,0,,0,0,0,0,0,0,0,0,0.0,0,0,0,0,0,64.0,64196.0,0,0,0,54,eth:ethertype:ip:tcp,,,,,,,,,,,0.0,Normal,0.0
1744311468350327,10.42.0.1,10.42.0.2,1883,50262,1,45,0,1,0,0,1,0,4,0,0,0,0,0.0,0,,0,2,,0,0,0,0,2,0,0,0,0.0,0x00,0,0,0,0,64.0,64196.0,0,0,0,58,eth:ethertype:ip:tcp:mqtt,,,,,,,,,,,0.0,Normal,0.0
1744311468397115,10.42.0.1,10.42.0.2,1883,50262,5,234,0,1,0,0,0,0,0,0,0,0,0,0.0,0,,0,0,,0,0,0,0,0,0,0,0,0.0,0,0,0,0,0,64.0,64007.0,0,0,0,54,eth:ethertype:ip:tcp,,,,,,,,,,,0.0,Normal,0.0
1744311468397156,10.42.0.1,10.42.0.2,1883,50262,5,234,0,1,1,0,0,0,0,0,0,0,0,0.0,0,,0,0,,0,0,0,0,0,0,0,0,0.0,0,0,0,0,0,64.0,64007.0,0,0,0,54,eth:ethertype:ip:tcp,,,,,,,,,,,0.0,Normal,0.0
1744311483405967,10.42.0.1,10.42.0.139,1883,50263,0,1,1,1,0,0,0,0,0,0,0,0,0,0.0,0,,0,0,,0,0,0,0,0,0,0,0,0.0,0,0,0,0,0,64.0,64240.0,0,0,0,58,eth:ethertype:ip:tcp,,,,,,,,,,,0.0,Normal,0.0
1744311483412068,10.42.0.1,10.42.0.139,1883,50263,1,4,0,1,0,0,0,0,0,0,0,0,0,0.0,0,,0,0,,0,0,0,0,0,0,0,0,0.0,0,0,0,0,0,64.0,64237.0,0,0,0,54,eth:ethertype:ip:tcp,,,,,,,,,,,0.0,Normal,0.0
1744311483415464,10.42.0.1,10.42.0.139,1883,50263,1,33,0,1,0,0,0,0,0,0,0,0,0,0.0,0,,0,0,,0,0,0,0,0,0,0,0,0.0,0,0,0,0,0,64.0,64208.0,0,0,0,54,eth:ethertype:ip:tcp,,,,,,,,,,,0.0,Normal,0.0
1744311483418449,10.42.0.1,10.42.0.139,1883,50263,1,45,0,1,0,0,0,0,0,0,0,0,0,0.0,0,,0,0,,0,0,0,0,0,0,0,0,0.0,0,0,0,0,0,64.0,64196.0,0,0,0,54,eth:ethertype:ip:tcp,,,,,,,,,,,0.0,Normal,0.0
1744311483418786,10.42.0.1,10.42.0.139,1883,50263,1,45,0,1,0,0,1,0,4,0,0,0,0,0.0,0,,0,2,,0,0,0,0,2,0,0,0,0.0,0x00,0,0,0,0,64.0,64196.0,0,0,0,58,eth:ethertype:ip:tcp:mqtt,,,,,,,,,,,0.0,Normal,0.0
1744311483466391,10.42.0.1,10.42.0.139,1883,50263,5,234,0,1,0,0,0,0,0,0,0,0,0,0.0,0,,0,0,,0,0,0,0,0,0,0,0,0.0,0,0,0,0,0,64.0,64007.0,0,0,0,54,eth:ethertype:ip:tcp,,,,,,,,,,,0.0,Normal,0.0
1744311483466494,10.42.0.1,10.42.0.139,1883,50263,5,234,0,1,1,0,0,0,0,0,0,0,0,0.0,0,,0,0,,0,0,0,0,0,0,0,0,0.0,0,0,0,0,0,64.0,64007.0,0,0,0,54,eth:ethertype:ip:tcp,,,,,,,,,,,0.0,Normal,0.0
1744311498405967,10.42.0.1,10.42.0.2,1883,50263,0,1,1,1,0,0,0,0,0,0,0,0,0,0.0,0,,0,0,,0,0,0,0,0,0,0,0,0.0,0,0,0,0,0,64.0,64240.0,0,0,0,58,eth:ethertype:ip:tcp,,,,,,,,,,,0.0,Normal,0.0
1744311498412068,10.42.0.1,10.42.0.2,1883,50263,1,4,0,1,0,0,0,0,0,0,0,0,0,0.0,0,,0,0,,0,0,0,0,0,0,0,0,0.0,0,0,0,0,0,64.0,64237.0,0,0,0,54,eth:ethertype:ip:tcp,,,,,,,,,,,0.0,Normal,0.0
1744311498415464,10.42.0.1,10.42.0.2,1883,50263,1,33,0,1,0,0,0,0,0,0,0,0,0,0.0,0,,0,0,,0,0,0,0,0,0,0,0,0.0,0,0,0,0,0,64.0,64208.0,0,0,0,54,eth:ethertype:ip:tcp,,,,,,,,,,,0.0,Normal,0.0
1744311498418449,10.42.0.1,10.42.0.2,1883,50263,1,45,0,1,0,0,0,0,0,0,0,0,0,0.0,0,,0,0,,0,0,0,0,0,0,0,0,0.0,0,0,0,0,0,64.0,64196.0,0,0,0,54,eth:ethertype:ip:tcp,,,,,,,,,,,0.0,Normal,0.0
1744311498418786,10.42.0.1,10.42.0.2,1883,50263,1,45,0,1,0,0,1,0,4,0,0,0,0,0.0,0,,0,2,,0,0,0,0,2,0,0,0,0.0,0x00,0,0,0,0,64.0,64196.0,0,0,0,58,eth:ethertype:ip:tcp:mqtt,,,,,,,,,,,0.0,Normal,0.0
1744311498466391,10.42.0.1,10.42.0.2,1883,50263,5,234,0,1,0,0,0,0,0,0,0,0,0,0.0,0,,0,0,,0,0,0,0,0,0,0,0,0.0,0,0,0,0,0,64.0,64007.0,0,0,0,54,eth:ethertype:ip:tcp,,,,,,,,,,,0.0,Normal,0.0
1744311498466494,10.42.0.1,10.42.0.2,1883,50263,5,234,0,1,1,0,0,0,0,0,0,0,0,0.0,0,,0,0,,0,0,0,0,0,0,0,0,0.0,0,0,0,0,0,64.0,64007.0,0,0,0,54,eth:ethertype:ip:tcp,,,,,,,,,,,0.0,Normal,0.0
1744311513475297,10.42.0.1,10.42.0.139,1883,50264,0,1,1,1,0,0,0,0,0,0,0,0,0,0.0,0,,0,0,,0,0,0,0,0,0,0,0,0.0,0,0,0,0,0,64.0,64240.0,0,0,0,58,eth:ethertype:ip:tcp,,,,,,,,,,,0.0,Normal,0.0
1744311513481525,10.42.0.1,10.42.0.139,1883,50264,1,4,0,1,0,0,0,0,0,0,0,0,0,0.0,0,,0,0,,0,0,0,0,0,0,0,0,0.0,0,0,0,0,0,64.0,64237.0,0,0,0,54,eth:ethertype:ip:tcp,,,,,,,,,,,0.0,Normal,0.0
1744311513485182,10.42.0.1,10.42.0.139,1883,50264,1,35,0,1,0,0,0,0,0,0,0,0,0,0.0,0,,0,0,,0,0,0,0,0,0,0,0,0.0,0,0,0,0,0,64.0,64206.0,0,0,0,54,eth:ethertype:ip:tcp,,,,,,,,,,,0.0,Normal,0.0
1744311513489678,10.42.0.1,10.42.0.139,1883,50264,1,45,0,1,0,0,0,0,0,0,0,0,0,0.0,0,,0,0,,0,0,0,0,0,0,0,0,0.0,0,0,0,0,0,64.0,64196.0,0,0,0,54,eth:ethertype:ip:tcp,,,,,,,,,,,0.0,Normal,0.0
1744311513490065,10.42.0.1,10.42.0.139,1883,50264,1,45,0,1,0,0,1,0,4,0,0,0,0,0.0,0,,0,2,,0,0,0,0,2,0,0,0,0.0,0x00,0,0,0,0,64.0,64196.0,0,0,0,58,eth:ethertype:ip:tcp:mqtt,,,,,,,,,,,0.0,Normal,0.0
1744311513535642,10.42.0.1,10.42.0.139,1883,50264,5,234,0,1,0,0,0,0,0,0,0,0,0,0.0,0,,0,0,,0,0,0,0,0,0,0,0,0.0,0,0,0,0,0,64.0,64007.0,0,0,0,54,eth:ethertype:ip:tcp,,,,,,,,,,,0.0,Normal,0.0
1744311513535743,10.42.0.1,10.42.0.139,1883,50264,5,234,0,1,1,0,0,0,0,0,0,0,0,0.0,0,,0,0,,0,0,0,0,0,0,0,0,0.0,0,0,0,0,0,64.0,64007.0,0,0,0,54,eth:ethertype:ip:tcp,,,,,,,,,,,0.0,Normal,0.0
1744311528475297,10.42.0.1,10.42.0.2,1883,50264,0,1,1,1,0,0,0,0,0,0,0,0,0,0.0,0,,0,0,,0,0,0,0,0,0,0,0,0.0,0,0,0,0,0,64.0,64240.0,0,0,0,58,eth:ethertype:ip:tcp,,,,,,,,,,,0.0,Normal,0.0
1744311528481525,10.42.0.1,10.42.0.2,1883,50264,1,4,0,1,0,0,0,0,0,0,0,0,0,0.0,0,,0,0,,0,0,0,0,0,0,0,0,0.0,0,0,0,0,0,64.0,64237.0,0,0,0,54,eth:ethertype:ip:tcp,,,,,,,,,,,0.0,Normal,0.0
1744311528485182,10.42.0.1,10.42.0.2,1883,50264,1,35,0,1,0,0,0,0,0,0,0,0,0,0.0,0,,0,0,,0,0,0,0,0,0,0,0,0.0,0,0,0,0,0,64.0,64206.0,0,0,0,54,eth:ethertype:ip:tcp,,,,,,,,,,,0.0,Normal,0.0
1744311528489678,10.42.0.1,10.42.0.2,1883,50264,1,45,0,1,0,0,0,0,0,0,0,0,0,0.0,0,,0,0,,0,0,0,0,0,0,0,0,0.0,0,0,0,0,0,64.0,64196.0,0,0,0,54,eth:ethertype:ip:tcp,,,,,,,,,,,0.0,Normal,0.0
1744311528490065,10.42.0.1,10.42.0.2,1883,50264,1,45,0,1,0,0,1,0,4,0,0,0,0,0.0,0,,0,2,,0,0,0,0,2,0,0,0,0.0,0x00,0,0,0,0,64.0,64196.0,0,0,0,58,eth:ethertype:ip:tcp:mqtt,,,,,,,,,,,0.0,Normal,0.0
1744311528535642,10.42.0.1,10.42.0.2,1883,50264,5,234,0,1,0,0,0,0,0,0,0,0,0,0.0,0,,0,0,,0,0,0,0,0,0,0,0,0.0,0,0,0,0,0,64.0,64007.0,0,0,0,54,eth:ethertype:ip:tcp,,,,,,,,,,,0.0,Normal,0.0
1744311528535743,10.42.0.1,10.42.0.2,1883,50264,5,234,0,1,1,0,0,0,0,0,0,0,0,0.0,0,,0,0,,0,0,0,0,0,0,0,0,0.0,0,0,0,0,0,64.0,64007.0,0,0,0,54,eth:ethertype:ip:tcp,,,,,,,,,,,0.0,Normal,0.0
1744311543552950,10.42.0.1,10.42.0.139,1883,50265,0,1,1,1,0,0,0,0,0,0,0,0,0,0.0,0,,0,0,,0,0,0,0,0,0,0,0,0.0,0,0,0,0,0,64.0,64240.0,0,0,0,58,eth:ethertype:ip:tcp,,,,,,,,,,,0.0,Normal,0.0
1744311543558996,10.42.0.1,10.42.0.139,1883,50265,1,4,0,1,0,0,0,0,0,0,0,0,0,0.0,0,,0,0,,0,0,0,0,0,0,0,0,0.0,0,0,0,0,0,64.0,64237.0,0,0,0,54,eth:ethertype:ip:tcp,,,,,,,,,,,0.0,Normal,0.0
1744311543562808,10.42.0.1,10.42.0.139,1883,50265,1,35,0,1,0,0,0,0,0,0,0,0,0,0.0,0,,0,0,,0,0,0,0,0,0,0,0,0.0,0,0,0,0,0,64.0,64206.0,0,0,0,54,eth:ethertype:ip:tcp,,,,,,,,,,,0.0,Normal,0.0
1744311543566004,10.42.0.1,10.42.0.139,1883,50265,1,45,0,1,0,0,0,0,0,0,0,0,0,0.0,0,,0,0,,0,0,0,0,0,0,0,0,0.0,0,0,0,0,0,64.0,64196.0,0,0,0,54,eth:ethertype:ip:tcp,,,,,,,,,,,0.0,Normal,0.0
1744311543566283,10.42.0.1,10.42.0.139,1883,50265,1,45,0,1,0,0,1,0,4,0,0,0,0,0.0,0,,0,2,,0,0,0,0,2,0,0,0,0.0,0x00,0,0,0,0,64.0,64196.0,0,0,0,58,eth:ethertype:ip:tcp:mqtt,,,,,,,,,,,0.0,Normal,0.0
1744311543615232,10.42.0.1,10.42.0.139,1883,50265,5,234,0,1,0,0,0,0,0,0,0,0,0,0.0,0,,0,0,,0,0,0,0,0,0,0,0,0.0,0,0,0,0,0,64.0,64007.0,0,0,0,54,eth:ethertype:ip:tcp,,,,,,,,,,,0.0,Normal,0.0
1744311543615280,10.42.0.1,10.42.0.139,1883,50265,5,234,0,1,1,0,0,0,0,0,0,0,0,0.0,0,,0,0,,0,0,0,0,0,0,0,0,0.0,0,0,0,0,0,64.0,64007.0,0,0,0,54,eth:ethertype:ip:tcp,,,,,,,,,,,0.0,Normal,0.0
1744311558552950,10.42.0.1,10.42.0.2,1883,50265,0,1,1,1,0,0,0,0,0,0,0,0,0,0.0,0,,0,0,,0,0,0,0,0,0,0,0,0.0,0,0,0,0,0,64.0,64240.0,0,0,0,58,eth:ethertype:ip:tcp,,,,,,,,,,,0.0,Normal,0.0
1744311558558996,10.42.0.1,10.42.0.2,1883,50265,1,4,0,1,0,0,0,0,0,0,0,0,0,0.0,0,,0,0,,0,0,0,0,0,0,0,0,0.0,0,0,0,0,0,64.0,64237.0,0,0,0,54,eth:ethertype:ip:tcp,,,,,,,,,,,0.0,Normal,0.0
1744311558562808,10.42.0.1,10.42.0.2,1883,50265,1,35,0,1,0,0,0,0,0,0,0,0,0,0.0,0,,0,0,,0,0,0,0,0,0,0,0,0.0,0,0,0,0,0,64.0,64206.0,0,0,0,54,eth:ethertype:ip:tcp,,,,,,,,,,,0.0,Normal,0.0
1744311558566004,10.42.0.1,10.42.0.2,1883,50265,1,45,0,1,0,0,0,0,0,0,0,0,0,0.0,0,,0,0,,0,0,0,0,0,0,0,0,0.0,0,0,0,0,0,64.0,64196.0,0,0,0,54,eth:ethertype:ip:tcp,,,,,,,,,,,0.0,Normal,0.0
1744311558566283,10.42.0.1,10.42.0.2,1883,50265,1,45,0,1,0,0,1,0,4,0,0,0,0,0.0,0,,0,2,,0,0,0,0,2,0,0,0,0.0,0x00,0,0,0,0,64.0,64196.0,0,0,0,58,eth:ethertype:ip:tcp:mqtt,,,,,,,,,,,0.0,Normal,0.0
1744311558615232,10.42.0.1,10.42.0.2,1883,50265,5,234,0,1,0,0,0,0,0,0,0,0,0,0.0,0,,0,0,,0,0,0,0,0,0,0,0,0.0,0,0,0,0,0,64.0,64007.0,0,0,0,54,eth:ethertype:ip:tcp,,,,,,,,,,,0.0,Normal,0.0
1744311558615280,10.42.0.1,10.42.0.2,1883,50265,5,234,0,1,1,0,0,0,0,0,0,0,0,0.0,0,,0,0,,0,0,0,0,0,0,0,0,0.0,0,0,0,0,0,64.0,64007.0,0,0,0,54,eth:ethertype:ip:tcp,,,,,,,,,,,0.0,Normal,0.0
1744311573623971,10.42.0.1,10.42.0.139,1883,50266,0,1,1,1,0,0,0,0,0,0,0,0,0,0.0,0,,0,0,,0,0,0,0,0,0,0,0,0.0,0,0,0,0,0,64.0,64240.0,0,0,0,58,eth:ethertype:ip:tcp,,,,,,,,,,,0.0,Normal,0.0
1744311573630144,10.42.0.1,10.42.0.139,1883,50266,1,4,0,1,0,0,0,0,0,0,0,0,0,0.0,0,,0,0,,0,0,0,0,0,0,0,0,0.0,0,0,0,0,0,64.0,64237.0,0,0,0,54,eth:ethertype:ip:tcp,,,,,,,,,,,0.0,Normal,0.0
1744311573633552,10.42.0.1,10.42.0.139,1883,50266,1,33,0,1,0,0,0,0,0,0,0,0,0,0.0,0,,0,0,,0,0,0,0,0,0,0,0,0.0,0,0,0,0,0,64.0,64208.0,0,0,0,54,eth:ethertype:ip:tcp,,,,,,,,,,,0.0,Normal,0.0
1744311573636511,10.42.0.1,10.42.0.139,1883,50266,1,45,0,1,0,0,0,0,0,0,0,0,0,0.0,0,,0,0,,0,0,0,0,0,0,0,0,0.0,0,0,0,0,0,64.0,64196.0,0,0,0,54,eth:ethertype:ip:tcp,,,,,,,,,,,0.0,Normal,0.0
1744311573636831,10.42.0.1,10.42.0.139,1883,50266,1,45,0,1,0,0,1,0,4,0,0,0,0,0.0,0,,0,2,,0,0,0,0,2,0,0,0,0.0,0x00,0,0,0,0,64.0,64196.0,0,0,0,58,eth:ethertype:ip:tcp:mqtt,,,,,,,,,,,0.0,Normal,0.0
1744311573684501,10.42.0.1,10.42.0.139,1883,50266,5,234,0,1,0,0,0,0,0,0,0,0,0,0.0,0,,0,0,,0,0,0,0,0,0,0,0,0.0,0,0,0,0,0,64.0,64007.0,0,0,0,54,eth:ethertype:ip:tcp,,,,,,,,,,,0.0,Normal,0.0
1744311573684572,10.42.0.1,10.42.0.139,1883,50266,5,234,0,1,1,0,0,0,0,0,0,0,0,0.0,0,,0,0,,0,0,0,0,0,0,0,0,0.0,0,0,0,0,0,64.0,64007.0,0,0,0,54,eth:ethertype:ip:tcp,,,,,,,,,,,0.0,Normal,0.0
1744311588623971,10.42.0.1,10.42.0.2,1883,50266,0,1,1,1,0,0,0,0,0,0,0,0,0,0.0,0,,0,0,,0,0,0,0,0,0,0,0,0.0,0,0,0,0,0,64.0,64240.0,0,0,0,58,eth:ethertype:ip:tcp,,,,,,,,,,,0.0,Normal,0.0
1744311588630144,10.42.0.1,10.42.0.2,1883,50266,1,4,0,1,0,0,0,0,0,0,0,0,0,0.0,0,,0,0,,0,0,0,0,0,0,0,0,0.0,0,0,0,0,0,64.0,64237.0,0,0,0,54,eth:ethertype:ip:tcp,,,,,,,,,,,0.0,Normal,0.0
1744311588633552,10.42.0.1,10.42.0.2,1883,50266,1,33,0,1,0,0,0,0,0,0,0,0,0,0.0,0,,0,0,,0,0,0,0,0,0,0,0,0.0,0,0,0,0,0,64.0,64208.0,0,0,0,54,eth:ethertype:ip:tcp,,,,,,,,,,,0.0,Normal,0.0
1744311588636511,10.42.0.1,10.42.0.2,1883,50266,1,45,0,1,0,0,0,0,0,0,0,0,0,0.0,0,,0,0,,0,0,0,0,0,0,0,0,0.0,0,0,0,0,0,64.0,64196.0,0,0,0,54,eth:ethertype:ip:tcp,,,,,,,,,,,0.0,Normal,0.0
1744311588636831,10.42.0.1,10.42.0.2,1883,50266,1,45,0,1,0,0,1,0,4,0,0,0,0,0.0,0,,0,2,,0,0,0,0,2,0,0,0,0.0,0x00,0,0,0,0,64.0,64196.0,0,0,0,58,eth:ethertype:ip:tcp:mqtt,,,,,,,,,,,0.0,Normal,0.0
1744311588684501,10.42.0.1,10.42.0.2,1883,50266,5,234,0,1,0,0,0,0,0,0,0,0,0,0.0,0,,0,0,,0,0,0,0,0,0,0,0,0.0,0,0,0,0,0,64.0,64007.0,0,0,0,54,eth:ethertype:ip:tcp,,,,,,,,,,,0.0,Normal,0.0
1744311588684572,10.42.0.1,10.42.0.2,1883,50266,5,234,0,1,1,0,0,0,0,0,0,0,0,0.0,0,,0,0,,0,0,0,0,0,0,0,0,0.0,0,0,0,0,0,64.0,64007.0,0,0,0,54,eth:ethertype:ip:tcp,,,,,,,,,,,0.0,Normal,0.0
1744311603693570,10.42.0.1,10.42.0.139,1883,50267,0,1,1,1,0,0,0,0,0,0,0,0,0,0.0,0,,0,0,,0,0,0,0,0,0,0,0,0.0,0,0,0,0,0,64.0,64240.0,0,0,0,58,eth:ethertype:ip:tcp,,,,,,,,,,,0.0,Normal,0.0
1744311603699709,10.42.0.1,10.42.0.139,1883,50267,1,4,0,1,0,0,0,0,0,0,0,0,0,0.0,0,,0,0,,0,0,0,0,0,0,0,0,0.0,0,0,0,0,0,64.0,64237.0,0,0,0,54,eth:ethertype:ip:tcp,,,,,,,,,,,0.0,Normal,0.0
1744311603704174,10.42.0.1,10.42.0.139,1883,50267,1,33,0,1,0,0,0,0,0,0,0,0,0,0.0,0,,0,0,,0,0,0,0,0,0,0,0,0.0,0,0,0,0,0,64.0,64208.0,0,0,0,54,eth:ethertype:ip:tcp,,,,,,,,,,,0.0,Normal,0.0
1744311603708738,10.42.0.1,10.42.0.139,1883,50267,1,45,0,1,0,0,0,0,0,0,0,0,0,0.0,0,,0,0,,0,0,0,0,0,0,0,0,0.0,0,0,0,0,0,64.0,64196.0,0,0,0,54,eth:ethertype:ip:tcp,,,,,,,,,,,0.0,Normal,0.0
1744311603708963,10.42.0.1,10.42.0.139,1883,50267,1,45,0,1,0,0,1,0,4,0,0,0,0,0.0,0,,0,2,,0,0,0,0,2,0,0,0,0.0,0x00,0,0,0,0,64.0,64196.0,0,0,0,58,eth:ethertype:ip:tcp:mqtt,,,,,,,,,,,0.0,Normal,0.0
1744311603754511,10.42.0.1,10.42.0.139,1883,50267,5,234,0,1,0,0,0,0,0,0,0,0,0,0.0,0,,0,0,,0,0,0,0,0,0,0,0,0.0,0,0,0,0,0,64.0,64007.0,0,0,0,54,eth:ethertype:ip:tcp,,,,,,,,,,,0.0,Normal,0.0
1744311603754601,10.42.0.1,10.42.0.139,1883,50267,5,234,0,1,1,0,0,0,0,0,0,0,0,0.0,0,,0,0,,0,0,0,0,0,0,0,0,0.0,0,0,0,0,0,64.0,64007.0,0,0,0,54,eth:ethertype:ip:tcp,,,,,,,,,,,0.0,Normal,0.0
1744311618693570,10.42.0.1,10.42.0.2,1883,50267,0,1,1,1,0,0,0,0,0,0,0,0,0,0.0,0,,0,0,,0,0,0,0,0,0,0,0,0.0,0,0,0,0,0,64.0,64240.0,0,0,0,58,eth:ethertype:ip:tcp,,,,,,,,,,,0.0,Normal,0.0
1744311618699709,10.42.0.1,10.42.0.2,1883,50267,1,4,0,1,0,0,0,0,0,0,0,0,0,0.0,0,,0,0,,0,0,0,0,0,0,0,0,0.0,0,0,0,0,0,64.0,64237.0,0,0,0,54,eth:ethertype:ip:tcp,,,,,,,,,,,0.0,Normal,0.0
1744311618704174,10.42.0.1,10.42.0.2,1883,50267,1,33,0,1,0,0,0,0,0,0,0,0,0,0.0,0,,0,0,,0,0,0,0,0,0,0,0,0.0,0,0,0,0,0,64.0,64208.0,0,0,0,54,eth:ethertype:ip:tcp,,,,,,,,,,,0.0,Normal,0.0
1744311618708738,10.42.0.1,10.42.0.2,1883,50267,1,45,0,1,0,0,0,0,0,0,0,0,0,0.0,0,,0,0,,0,0,0,0,0,0,0,0,0.0,0,0,0,0,0,64.0,64196.0,0,0,0,54,eth:ethertype:ip:tcp,,,,,,,,,,,0.0,Normal,0.0
1744311618708963,10.42.0.1,10.42.0.2,1883,50267,1,45,0,1,0,0,1,0,4,0,0,0,0,0.0,0,,0,2,,0,0,0,0,2,0,0,0,0.0,0x00,0,0,0,0,64.0,64196.0,0,0,0,58,eth:ethertype:ip:tcp:mqtt,,,,,,,,,,,0.0,Normal,0.0
1744311618754511,10.42.0.1,10.42.0.2,1883,50267,5,234,0,1,0,0,0,0,0,0,0,0,0,0.0,0,,0,0,,0,0,0,0,0,0,0,0,0.0,0,0,0,0,0,64.0,64007.0,0,0,0,54,eth:ethertype:ip:tcp,,,,,,,,,,,0.0,Normal,0.0
1744311618754601,10.42.0.1,10.42.0.2,1883,50267,5,234,0,1,1,0,0,0,0,0,0,0,0,0.0,0,,0,0,,0,0,0,0,0,0,0,0,0.0,0,0,0,0,0,64.0,64007.0,0,0,0,54,eth:ethertype:ip:tcp,,,,,,,,,,,0.0,Normal,0.0
1744311633764682,10.42.0.1,10.42.0.139,1883,50268,0,1,1,1,0,0,0,0,0,0,0,0,0,0.0,0,,0,0,,0,0,0,0,0,0,0,0,0.0,0,0,0,0,0,64.0,64240.0,0,0,0,58,eth:ethertype:ip:tcp,,,,,,,,,,,0.0,Normal,0.0
1744311633770710,10.42.0.1,10.42.0.139,1883,50268,1,4,0,1,0,0,0,0,0,0,0,0,0,0.0,0,,0,0,,0,0,0,0,0,0,0,0,0.0,0,0,0,0,0,64.0,64237.0,0,0,0,54,eth:ethertype:ip:tcp,,,,,,,,,,,0.0,Normal,0.0
1744311633774249,10.42.0.1,10.42.0.139,1883,50268,1,33,0,1,0,0,0,0,0,0,0,0,0,0.0,0,,0,0,,0,0,0,0,0,0,0,0,0.0,0,0,0,0,0,64.0,64208.0,0,0,0,54,eth:ethertype:ip:tcp,,,,,,,,,,,0.0,Normal,0.0
1744311633777917,10.42.0.1,10.42.0.139,1883,50268,1,35,0,1,0,0,0,0,0,0,0,0,0,0.0,0,,0,0,,0,0,0,0,0,0,0,0,0.0,0,0,0,0,0,64.0,64206.0,0,0,0,54,eth:ethertype:ip:tcp,,,,,,,,,,,0.0,Normal,0.0
1744311633782184,10.42.0.1,10.42.0.139,1883,50268,1,39,0,1,0,0,0,0,0,0,0,0,0,0.0,0,,0,0,,0,0,0,0,0,0,0,0,0.0,0,0,0,0,0,64.0,64202.0,0,0,0,54,eth:ethertype:ip:tcp,,,,,,,,,,,0.0,Normal,0.0
1744311633785317,10.42.0.1,10.42.0.139,1883,50268,1,45,0,1,0,0,0,0,0,0,0,0,0,0.0,0,,0,0,,0,0,0,0,0,0,0,0,0.0,0,0,0,0,0,64.0,64196.0,0,0,0,54,eth:ethertype:ip:tcp,,,,,,,,,,,0.0,Normal,0.0
1744311633785673,10.42.0.1,10.42.0.139,1883,50268,1,45,0,1,0,0,1,0,4,0,0,0,0,0.0,0,,0,2,,0,0,0,0,2,0,0,0,0.0,0x00,0,0,0,0,64.0,64196.0,0,0,0,58,eth:ethertype:ip:tcp:mqtt,,,,,,,,,,,0.0,Normal,0.0
1744311633833252,10.42.0.1,10.42.0.139,1883,50268,5,234,0,1,0,0,0,0,0,0,0,0,0,0.0,0,,0,0,,0,0,0,0,0,0,0,0,0.0,0,0,0,0,0,64.0,64007.0,0,0,0,54,eth:ethertype:ip:tcp,,,,,,,,,,,0.0,Normal,0.0
1744311633833307,10.42.0.1,10.42.0.139,1883,50268,5,234,0,1,1,0,0,0,0,0,0,0,0,0.0,0,,0,0,,0,0,0,0,0,0,0,0,0.0,0,0,0,0,0,64.0,64007.0,0,0,0,54,eth:ethertype:ip:tcp,,,,,,,,,,,0.0,Normal,0.0
1744311648764682,10.42.0.1,10.42.0.2,1883,50268,0,1,1,1,0,0,0,0,0,0,0,0,0,0.0,0,,0,0,,0,0,0,0,0,0,0,0,0.0,0,0,0,0,0,64.0,64240.0,0,0,0,58,eth:ethertype:ip:tcp,,,,,,,,,,,0.0,Normal,0.0
1744311648770710,10.42.0.1,10.42.0.2,1883,50268,1,4,0,1,0,0,0,0,0,0,0,0,0,0.0,0,,0,0,,0,0,0,0,0,0,0,0,0.0,0,0,0,0,0,64.0,64237.0,0,0,0,54,eth:ethertype:ip:tcp,,,,,,,,,,,0.0,Normal,0.0
1744311648774249,10.42.0.1,10.42.0.2,1883,50268,1,33,0,1,0,0,0,0,0,0,0,0,0,0.0,0,,0,0,,0,0,0,0,0,0,0,0,0.0,0,0,0,0,0,64.0,64208.0,0,0,0,54,eth:ethertype:ip:tcp,,,,,,,,,,,0.0,Normal,0.0
1744311648777917,10.42.0.1,10.42.0.2,1883,50268,1,35,0,1,0,0,0,0,0,0,0,0,0,0.0,0,,0,0,,0,0,0,0,0,0,0,0,0.0,0,0,0,0,0,64.0,64206.0,0,0,0,54,eth:ethertype:ip:tcp,,,,,,,,,,,0.0,Normal,0.0
1744311648782184,10.42.0.1,10.42.0.2,1883,50268,1,39,0,1,0,0,0,0,0,0,0,0,0,0.0,0,,0,0,,0,0,0,0,0,0,0,0,0.0,0,0,0,0,0,64.0,64202.0,0,0,0,54,eth:ethertype:ip:tcp,,,,,,,,,,,0.0,Normal,0.0
1744311648785317,10.42.0.1,10.42.0.2,1883,50268,1,45,0,1,0,0,0,0,0,0,0,0,0,0.0,0,,0,0,,0,0,0,0,0,0,0,0,0.0,0,0,0,0,0,64.0,64196.0,0,0,0,54,eth:ethertype:ip:tcp,,,,,,,,,,,0.0,Normal,0.0
1744311648785673,10.42.0.1,10.42.0.2,1883,50268,1,45,0,1,0,0,1,0,4,0,0,0,0,0.0,0,,0,2,,0,0,0,0,2,0,0,0,0.0,0x00,0,0,0,0,64.0,64196.0,0,0,0,58,eth:ethertype:ip:tcp:mqtt,,,,,,,,,,,0.0,Normal,0.0
1744311648833252,10.42.0.1,10.42.0.2,1883,50268,5,234,0,1,0,0,0,0,0,0,0,0,0,0.0,0,,0,0,,0,0,0,0,0,0,0,0,0.0,0,0,0,0,0,64.0,64007.0,0,0,0,54,eth:ethertype:ip:tcp,,,,,,,,,,,0.0,Normal,0.0
1744311648833307,10.42.0.1,10.42.0.2,1883,50268,5,234,0,1,1,0,0,0,0,0,0,0,0,0.0,0,,0,0,,0,0,0,0,0,0,0,0,0.0,0,0,0,0,0,64.0,64007.0,0,0,0,54,eth:ethertype:ip:tcp,,,,,,,,,,,0.0,Normal,0.0
1744311663841966,10.42.0.1,10.42.0.139,1883,50269,0,1,1,1,0,0,0,0,0,0,0,0,0,0.0,0,,0,0,,0,0,0,0,0,0,0,0,0.0,0,0,0,0,0,64.0,64240.0,0,0,0,58,eth:ethertype:ip:tcp,,,,,,,,,,,0.0,Normal,0.0
1744311663848159,10.42.0.1,10.42.0.139,1883,50269,1,4,0,1,0,0,0,0,0,0,0,0,0,0.0,0,,0,0,,0,0,0,0,0,0,0,0,0.0,0,0,0,0,0,64.0,64237.0,0,0,0,54,eth:ethertype:ip:tcp,,,,,,,,,,,0.0,Normal,0.0
1744311663851623,10.42.0.1,10.42.0.139,1883,50269,1,33,0,1,0,0,0,0,0,0,0,0,0,0.0,0,,0,0,,0,0,0,0,0,0,0,0,0.0,0,0,0,0,0,64.0,64208.0,0,0,0,54,eth:ethertype:ip:tcp,,,,,,,,,,,0.0,Normal,0.0
1744311663854840,10.42.0.1,10.42.0.139,1883,50269,1,45,0,1,0,0,0,0,0,0,0,0,0,0.0,0,,0,0,,0,0,0,0,0,0,0,0,0.0,0,0,0,0,0,64.0,64196.0,0,0,0,54,eth:ethertype:ip:tcp,,,,,,,,,,,0.0,Normal,0.0
1744311663855089,10.42.0.1,10.42.0.139,1883,50269,1,45,0,1,0,0,1,0,4,0,0,0,0,0.0,0,,0,2,,0,0,0,0,2,0,0,0,0.0,0x00,0,0,0,0,64.0,64196.0,0,0,0,58,eth:ethertype:ip:tcp:mqtt,,,,,,,,,,,0.0,Normal,0.0
1744311663902849,10.42.0.1,10.42.0.139,1883,50269,5,234,0,1,0,0,0,0,0,0,0,0,0,0.0,0,,0,0,,0,0,0,0,0,0,0,0,0.0,0,0,0,0,0,64.0,64007.0,0,0,0,54,eth:ethertype:ip:tcp,,,,,,,,,,,0.0,Normal,0.0
1744311663902941,10.42.0.1,10.42.0.139,1883,50269,5,234,0,1,1,0,0,0,0,0,0,0,0,0.0,0,,0,0,,0,0,0,0,0,0,0,0,0.0,0,0,0,0,0,64.0,64007.0,0,0,0,54,eth:ethertype:ip:tcp,,,,,,,,,,,0.0,Normal,0.0
1744311678841966,10.42.0.1,10.42.0.2,1883,50269,0,1,1,1,0,0,0,0,0,0,0,0,0,0.0,0,,0,0,,0,0,0,0,0,0,0,0,0.0,0,0,0,0,0,64.0,64240.0,0,0,0,58,eth:ethertype:ip:tcp,,,,,,,,,,,0.0,Normal,0.0
1744311678848159,10.42.0.1,10.42.0.2,1883,50269,1,4,0,1,0,0,0,0,0,0,0,0,0,0.0,0,,0,0,,0,0,0,0,0,0,0,0,0.0,0,0,0,0,0,64.0,64237.0,0,0,0,54,eth:ethertype:ip:tcp,,,,,,,,,,,0.0,Normal,0.0
1744311678851623,10.42.0.1,10.42.0.2,1883,50269,1,33,0,1,0,0,0,0,0,0,0,0,0,0.0,0,,0,0,,0,0,0,0,0,0,0,0,0.0,0,0,0,0,0,64.0,64208.0,0,0,0,54,eth:ethertype:ip:tcp,,,,,,,,,,,0.0,Normal,0.0
1744311678854840,10.42.0.1,10.42.0.2,1883,50269,1,45,0,1,0,0,0,0,0,0,0,0,0,0.0,0,,0,0,,0,0,0,0,0,0,0,0,0.0,0,0,0,0,0,64.0,64196.0,0,0,0,54,eth:ethertype:ip:tcp,,,,,,,,,,,0.0,Normal,0.0
1744311678855089,10.42.0.1,10.42.0.2,1883,50269,1,45,0,1,0,0,1,0,4,0,0,0,0,0.0,0,,0,2,,0,0,0,0,2,0,0,0,0.0,0x00,0,0,0,0,64.0,64196.0,0,0,0,58,eth:ethertype:ip:tcp:mqtt,,,,,,,,,,,0.0,Normal,0.0
1744311678902849,10.42.0.1,10.42.0.2,1883,50269,5,234,0,1,0,0,0,0,0,0,0,0,0,0.0,0,,0,0,,0,0,0,0,0,0,0,0,0.0,0,0,0,0,0,64.0,64007.0,0,0,0,54,eth:ethertype:ip:tcp,,,,,,,,,,,0.0,Normal,0.0
1744311678902941,10.42.0.1,10.42.0.2,1883,50269,5,234,0,1,1,0,0,0,0,0,0,0,0,0.0,0,,0,0,,0,0,0,0,0,0,0,0,0.0,0,0,0,0,0,64.0,64007.0,0,0,0,54,eth:ethertype:ip:tcp,,,,,,,,,,,0.0,Normal,0.0
1744311693910149,10.42.0.1,10.42.0.139,1883,50270,0,1,1,1,0,0,0,0,0,0,0,0,0,0.0,0,,0,0,,0,0,0,0,0,0,0,0,0.0,0,0,0,0,0,64.0,64240.0,0,0,0,58,eth:ethertype:ip:tcp,,,,,,,,,,,0.0,Normal,0.0
1744311693916406,10.42.0.1,10.42.0.139,1883,50270,1,4,0,1,0,0,0,0,0,0,0,0,0,0.0,0,,0,0,,0,0,0,0,0,0,0,0,0.0,0,0,0,0,0,64.0,64237.0,0,0,0,54,eth:ethertype:ip:tcp,,,,,,,,,,,0.0,Normal,0.0
1744311693922816,10.42.0.1,10.42.0.139,1883,50270,1,45,0,1,0,0,0,0,0,0,0,0,0,0.0,0,,0,0,,0,0,0,0,0,0,0,0,0.0,0,0,0,0,0,64.0,64196.0,0,0,0,54,eth:ethertype:ip:tcp,,,,,,,,,,,0.0,Normal,0.0
1744311693923108,10.42.0.1,10.42.0.139,1883,50270,1,45,0,1,0,0,1,0,4,0,0,0,0,0.0,0,,0,2,,0,0,0,0,2,0,0,0,0.0,0x00,0,0,0,0,64.0,64196.0,0,0,0,58,eth:ethertype:ip:tcp:mqtt,,,,,,,,,,,0.0,Normal,0.0
1744311693971741,10.42.0.1,10.42.0.139,1883,50270,5,234,0,1,0,0,0,0,0,0,0,0,0,0.0,0,,0,0,,0,0,0,0,0,0,0,0,0.0,0,0,0,0,0,64.0,64007.0,0,0,0,54,eth:ethertype:ip:tcp,,,,,,,,,,,0.0,Normal,0.0
1744311693971823,10.42.0.1,10.42.0.139,1883,50270,5,234,0,1,1,0,0,0,0,0,0,0,0,0.0,0,,0,0,,0,0,0,0,0,0,0,0,0.0,0,0,0,0,0,64.0,64007.0,0,0,0,54,eth:ethertype:ip:tcp,,,,,,,,,,,0.0,Normal,0.0
1744311708910149,10.42.0.1,10.42.0.2,1883,50270,0,1,1,1,0,0,0,0,0,0,0,0,0,0.0,0,,0,0,,0,0,0,0,0,0,0,0,0.0,0,0,0,0,0,64.0,64240.0,0,0,0,58,eth:ethertype:ip:tcp,,,,,,,,,,,0.0,Normal,0.0
1744311708916406,10.42.0.1,10.42.0.2,1883,50270,1,4,0,1,0,0,0,0,0,0,0,0,0,0.0,0,,0,0,,0,0,0,0,0,0,0,0,0.0,0,0,0,0,0,64.0,64237.0,0,0,0,54,eth:ethertype:ip:tcp,,,,,,,,,,,0.0,Normal,0.0
1744311708922816,10.42.0.1,10.42.0.2,1883,50270,1,45,0,1,0,0,0,0,0,0,0,0,0,0.0,0,,0,0,,0,0,0,0,0,0,0,0,0.0,0,0,0,0,0,64.0,64196.0,0,0,0,54,eth:ethertype:ip:tcp,,,,,,,,,,,0.0,Normal,0.0
1744311708923108,10.42.0.1,10.42.0.2,1883,50270,1,45,0,1,0,0,1,0,4,0,0,0,0,0.0,0,,0,2,,0,0,0,0,2,0,0,0,0.0,0x00,0,0,0,0,64.0,64196.0,0,0,0,58,eth:ethertype:ip:tcp:mqtt,,,,,,,,,,,0.0,Normal,0.0
1744311708971741,10.42.0.1,10.42.0.2,1883,50270,5,234,0,1,0,0,0,0,0,0,0,0,0,0.0,0,,0,0,,0,0,0,0,0,0,0,0,0.0,0,0,0,0,0,64.0,64007.0,0,0,0,54,eth:ethertype:ip:tcp,,,,,,,,,,,0.0,Normal,0.0
1744311708971823,10.42.0.1,10.42.0.2,1883,50270,5,234,0,1,1,0,0,0,0,0,0,0,0,0.0,0,,0,0,,0,0,0,0,0,0,0,0,0.0,0,0,0,0,0,64.0,64007.0,0,0,0,54,eth:ethertype:ip:tcp,,,,,,,,,,,0.0,Normal,0.0
1744311723980615,10.42.0.1,10.42.0.139,1883,50271,0,1,1,1,0,0,0,0,0,0,0,0,0,0.0,0,,0,0,,0,0,0,0,0,0,0,0,0.0,0,0,0,0,0,64.0,64240.0,0,0,0,58,eth:ethertype:ip:tcp,,,,,,,,,,,0.0,Normal,0.0
1744311723987519,10.42.0.1,10.42.0.139,1883,50271,1,4,0,1,0,0,0,0,0,0,0,0,0,0.0,0,,0,0,,0,0,0,0,0,0,0,0,0.0,0,0,0,0,0,64.0,64237.0,0,0,0,54,eth:ethertype:ip:tcp,,,,,,,,,,,0.0,Normal,0.0
1744311723991520,10.42.0.1,10.42.0.139,1883,50271,1,15,0,1,0,0,0,0,0,0,0,0,0,0.0,0,,0,0,,0,0,0,0,0,0,0,0,0.0,0,0,0,0,0,64.0,64226.0,0,0,0,54,eth:ethertype:ip:tcp,,,,,,,,,,,0.0,Normal,0.0
1744311723994666,10.42.0.1,10.42.0.139,1883,50271,1,45,0,1,0,0,0,0,0,0,0,0,0,0.0,0,,0,0,,0,0,0,0,0,0,0,0,0.0,0,0,0,0,0,64.0,64196.0,0,0,0,54,eth:ethertype:ip:tcp,,,,,,,,,,,0.0,Normal,0.0
1744311723994959,10.42.0.1,10.42.0.139,1883,50271,1,45,0,1,0,0,1,0,4,0,0,0,0,0.0,0,,0,2,,0,0,0,0,2,0,0,0,0.0,0x00,0,0,0,0,64.0,64196.0,0,0,0,58,eth:ethertype:ip:tcp:mqtt,,,,,,,,,,,0.0,Normal,0.0
1744311724042193,10.42.0.1,10.42.0.139,1883,50271,5,234,0,1,0,0,0,0,0,0,0,0,0,0.0,0,,0,0,,0,0,0,0,0,0,0,0,0.0,0,0,0,0,0,64.0,64007.0,0,0,0,54,eth:ethertype:ip:tcp,,,,,,,,,,,0.0,Normal,0.0
1744311724042290,10.42.0.1,10.42.0.139,1883,50271,5,234,0,1,1,0,0,0,0,0,0,0,0,0.0,0,,0,0,,0,0,0,0,0,0,0,0,0.0,0,0,0,0,0,64.0,64007.0,0,0,0,54,eth:ethertype:ip:tcp,,,,,,,,,,,0.0,Normal,0.0
1744311738980615,10.42.0.1,10.42.0.2,1883,50271,0,1,1,1,0,0,0,0,0,0,0,0,0,0.0,0,,0,0,,0,0,0,0,0,0,0,0,0.0,0,0,0,0,0,64.0,64240.0,0,0,0,58,eth:ethertype:ip:tcp,,,,,,,,,,,0.0,Normal,0.0
1744311738987519,10.42.0.1,10.42.0.2,1883,50271,1,4,0,1,0,0,0,0,0,0,0,0,0,0.0,0,,0,0,,0,0,0,0,0,0,0,0,0.0,0,0,0,0,0,64.0,64237.0,0,0,0,54,eth:ethertype:ip:tcp,,,,,,,,,,,0.0,Normal,0.0
1744311738991520,10.42.0.1,10.42.0.2,1883,50271,1,15,0,1,0,0,0,0,0,0,0,0,0,0.0,0,,0,0,,0,0,0,0,0,0,0,0,0.0,0,0,0,0,0,64.0,64226.0,0,0,0,54,eth:ethertype:ip:tcp,,,,,,,,,,,0.0,Normal,0.0
1744311738994666,10.42.0.1,10.42.0.2,1883,50271,1,45,0,1,0,0,0,0,0,0,0,0,0,0.0,0,,0,0,,0,0,0,0,0,0,0,0,0.0,0,0,0,0,0,64.0,64196.0,0,0,0,54,eth:ethertype:ip:tcp,,,,,,,,,,,0.0,Normal,0.0
1744311738994959,10.42.0.1,10.42.0.2,1883,50271,1,45,0,1,0,0,1,0,4,0,0,0,0,0.0,0,,0,2,,0,0,0,0,2,0,0,0,0.0,0x00,0,0,0,0,64.0,64196.0,0,0,0,58,eth:ethertype:ip:tcp:mqtt,,,,,,,,,,,0.0,Normal,0.0
1744311739042193,10.42.0.1,10.42.0.2,1883,50271,5,234,0,1,0,0,0,0,0,0,0,0,0,0.0,0,,0,0,,0,0,0,0,0,0,0,0,0.0,0,0,0,0,0,64.0,64007.0,0,0,0,54,eth:ethertype:ip:tcp,,,,,,,,,,,0.0,Normal,0.0
1744311739042290,10.42.0.1,10.42.0.2,1883,50271,5,234,0,1,1,0,0,0,0,0,0,0,0,0.0,0,,0,0,,0,0,0,0,0,0,0,0,0.0,0,0,0,0,0,64.0,64007.0,0,0,0,54,eth:ethertype:ip:tcp,,,,,,,,,,,0.0,Normal,0.0
1744311754050079,10.42.0.1,10.42.0.139,1883,50272,0,1,1,1,0,0,0,0,0,0,0,0,0,0.0,0,,0,0,,0,0,0,0,0,0,0,0,0.0,0,0,0,0,0,64.0,64240.0,0,0,0,58,eth:ethertype:ip:tcp,,,,,,,,,,,0.0,Normal,0.0
1744311754056032,10.42.0.1,10.42.0.139,1883,50272,1,4,0,1,0,0,0,0,0,0,0,0,0,0.0,0,,0,0,,0,0,0,0,0,0,0,0,0.0,0,0,0,0,0,64.0,64237.0,0,0,0,54,eth:ethertype:ip:tcp,,,,,,,,,,,0.0,Normal,0.0
1744311754059542,10.42.0.1,10.42.0.139,1883,50272,1,33,0,1,0,0,0,0,0,0,0,0,0,0.0,0,,0,0,,0,0,0,0,0,0,0,0,0.0,0,0,0,0,0,64.0,64208.0,0,0,0,54,eth:ethertype:ip:tcp,,,,,,,,,,,0.0,Normal,0.0
1744311754062598,10.42.0.1,10.42.0.139,1883,50272,1,45,0,1,0,0,0,0,0,0,0,0,0,0.0,0,,0,0,,0,0,0,0,0,0,0,0,0.0,0,0,0,0,0,64.0,64196.0,0,0,0,54,eth:ethertype:ip:tcp,,,,,,,,,,,0.0,Normal,0.0
1744311754062946,10.42.0.1,10.42.0.139,1883,50272,1,45,0,1,0,0,1,0,4,0,0,0,0,0.0,0,,0,2,,0,0,0,0,2,0,0,0,0.0,0x00,0,0,0,0,64.0,64196.0,0,0,0,58,eth:ethertype:ip:tcp:mqtt,,,,,,,,,,,0.0,Normal,0.0
1744311754110535,10.42.0.1,10.42.0.139,1883,50272,5,234,0,1,0,0,0,0,0,0,0,0,0,0.0,0,,0,0,,0,0,0,0,0,0,0,0,0.0,0,0,0,0,0,64.0,64007.0,0,0,0,54,eth:ethertype:ip:tcp,,,,,,,,,,,0.0,Normal,0.0
1744311754110637,10.42.0.1,10.42.0.139,1883,50272,5,234,0,1,1,0,0,0,0,0,0,0,0,0.0,0,,0,0,,0,0,0,0,0,0,0,0,0.0,0,0,0,0,0,64.0,64007.0,0,0,0,54,eth:ethertype:ip:tcp,,,,,,,,,,,0.0,Normal,0.0
1744311769050079,10.42.0.1,10.42.0.2,1883,50272,0,1,1,1,0,0,0,0,0,0,0,0,0,0.0,0,,0,0,,0,0,0,0,0,0,0,0,0.0,0,0,0,0,0,64.0,64240.0,0,0,0,58,eth:ethertype:ip:tcp,,,,,,,,,,,0.0,Normal,0.0
1744311769056032,10.42.0.1,10.42.0.2,1883,50272,1,4,0,1,0,0,0,0,0,0,0,0,0,0.0,0,,0,0,,0,0,0,0,0,0,0,0,0.0,0,0,0,0,0,64.0,64237.0,0,0,0,54,eth:ethertype:ip:tcp,,,,,,,,,,,0.0,Normal,0.0
1744311769059542,10.42.0.1,10.42.0.2,1883,50272,1,33,0,1,0,0,0,0,0,0,0,0,0,0.0,0,,0,0,,0,0,0,0,0,0,0,0,0.0,0,0,0,0,0,64.0,64208.0,0,0,0,54,eth:ethertype:ip:tcp,,,,,,,,,,,0.0,Normal,0.0
1744311769062598,10.42.0.1,10.42.0.2,1883,50272,1,45,0,1,0,0,0,0,0,0,0,0,0,0.0,0,,0,0,,0,0,0,0,0,0,0,0,0.0,0,0,0,0,0,64.0,64196.0,0,0,0,54,eth:ethertype:ip:tcp,,,,,,,,,,,0.0,Normal,0.0
1744311769062946,10.42.0.1,10.42.0.2,1883,50272,1,45,0,1,0,0,1,0,4,0,0,0,0,0.0,0,,0,2,,0,0,0,0,2,0,0,0,0.0,0x00,0,0,0,0,64.0,64196.0,0,0,0,58,eth:ethertype:ip:tcp:mqtt,,,,,,,,,,,0.0,Normal,0.0
1744311769110535,10.42.0.1,10.42.0.2,1883,50272,5,234,0,1,0,0,0,0,0,0,0,0,0,0.0,0,,0,0,,0,0,0,0,0,0,0,0,0.0,0,0,0,0,0,64.0,64007.0,0,0,0,54,eth:ethertype:ip:tcp,,,,,,,,,,,0.0,Normal,0.0
1744311769110637,10.42.0.1,10.42.0.2,1883,50272,5,234,0,1,1,0,0,0,0,0,0,0,0,0.0,0,,0,0,,0,0,0,0,0,0,0,0,0.0,0,0,0,0,0,64.0,64007.0,0,0,0,54,eth:ethertype:ip:tcp,,,,,,,,,,,0.0,Normal,0.0
1744311784119353,10.42.0.1,10.42.0.139,1883,50273,0,1,1,1,0,0,0,0,0,0,0,0,0,0.0,0,,0,0,,0,0,0,0,0,0,0,0,0.0,0,0,0,0,0,64.0,64240.0,0,0,0,58,eth:ethertype:ip:tcp,,,,,,,,,,,0.0,Normal,0.0
1744311784125356,10.42.0.1,10.42.0.139,1883,50273,1,4,0,1,0,0,0,0,0,0,0,0,0,0.0,0,,0,0,,0,0,0,0,0,0,0,0,0.0,0,0,0,0,0,64.0,64237.0,0,0,0,54,eth:ethertype:ip:tcp,,,,,,,,,,,0.0,Normal,0.0
1744311784128696,10.42.0.1,10.42.0.139,1883,50273,1,33,0,1,0,0,0,0,0,0,0,0,0,0.0,0,,0,0,,0,0,0,0,0,0,0,0,0.0,0,0,0,0,0,64.0,64208.0,0,0,0,54,eth:ethertype:ip:tcp,,,,,,,,,,,0.0,Normal,0.0
1744311784133418,10.42.0.1,10.42.0.139,1883,50273,1,45,0,1,0,0,0,0,0,0,0,0,0,0.0,0,,0,0,,0,0,0,0,0,0,0,0,0.0,0,0,0,0,0,64.0,64196.0,0,0,0,54,eth:ethertype:ip:tcp,,,,,,,,,,,0.0,Normal,0.0
1744311784133776,10.42.0.1,10.42.0.139,1883,50273,1,45,0,1,0,0,1,0,4,0,0,0,0,0.0,0,,0,2,,0,0,0,0,2,0,0,0,0.0,0x00,0,0,0,0,64.0,64196.0,0,0,0,58,eth:ethertype:ip:tcp:mqtt,,,,,,,,,,,0.0,Normal,0.0
1744311784179880,10.42.0.1,10.42.0.139,1883,50273,5,234,0,1,0,0,0,0,0,0,0,0,0,0.0,0,,0,0,,0,0,0,0,0,0,0,0,0.0,0,0,0,0,0,64.0,64007.0,0,0,0,54,eth:ethertype:ip:tcp,,,,,,,,,,,0.0,Normal,0.0
1744311784179941,10.42.0.1,10.42.0.139,1883,50273,5,234,0,1,1,0,0,0,0,0,0,0,0,0.0,0,,0,0,,0,0,0,0,0,0,0,0,0.0,0,0,0,0,0,64.0,64007.0,0,0,0,54,eth:ethertype:ip:tcp,,,,,,,,,,,0.0,Normal,0.0
1744311799119353,10.42.0.1,10.42.0.2,1883,50273,0,1,1,1,0,0,0,0,0,0,0,0,0,0.0,0,,0,0,,0,0,0,0,0,0,0,0,0.0,0,0,0,0,0,64.0,64240.0,0,0,0,58,eth:ethertype:ip:tcp,,,,,,,,,,,0.0,Normal,0.0
1744311799125356,10.42.0.1,10.42.0.2,1883,50273,1,4,0,1,0,0,0,0,0,0,0,0,0,0.0,0,,0,0,,0,0,0,0,0,0,0,0,0.0,0,0,0,0,0,64.0,64237.0,0,0,0,54,eth:ethertype:ip:tcp,,,,,,,,,,,0.0,Normal,0.0
1744311799128696,10.42.0.1,10.42.0.2,1883,50273,1,33,0,1,0,0,0,0,0,0,0,0,0,0.0,0,,0,0,,0,0,0,0,0,0,0,0,0.0,0,0,0,0,0,64.0,64208.0,0,0,0,54,eth:ethertype:ip:tcp,,,,,,,,,,,0.0,Normal,0.0
1744311799133418,10.42.0.1,10.42.0.2,1883,50273,1,45,0,1,0,0,0,0,0,0,0,0,0,0.0,0,,0,0,,0,0,0,0,0,0,0,0,0.0,0,0,0,0,0,64.0,64196.0,0,0,0,54,eth:ethertype:ip:tcp,,,,,,,,,,,0.0,Normal,0.0
1744311799133776,10.42.0.1,10.42.0.2,1883,50273,1,45,0,1,0,0,1,0,4,0,0,0,0,0.0,0,,0,2,,0,0,0,0,2,0,0,0,0.0,0x00,0,0,0,0,64.0,64196.0,0,0,0,58,eth:ethertype:ip:tcp:mqtt,,,,,,,,,,,0.0,Normal,0.0
1744311799179880,10.42.0.1,10.42.0.2,1883,50273,5,234,0,1,0,0,0,0,0,0,0,0,0,0.0,0,,0,0,,0,0,0,0,0,0,0,0,0.0,0,0,0,0,0,64.0,64007.0,0,0,0,54,eth:ethertype:ip:tcp,,,,,,,,,,,0.0,Normal,0.0
1744311799179941,10.42.0.1,10.42.0.2,1883,50273,5,234,0,1,1,0,0,0,0,0,0,0,0,0.0,0,,0,0,,0,0,0,0,0,0,0,0,0.0,0,0,0,0,0,64.0,64007.0,0,0,0,54,eth:ethertype:ip:tcp,,,,,,,,,,,0.0,Normal,0.0
1744311814197007,10.42.0.1,10.42.0.139,1883,50274,0,1,1,1,0,0,0,0,0,0,0,0,0,0.0,0,,0,0,,0,0,0,0,0,0,0,0,0.0,0,0,0,0,0,64.0,64240.0,0,0,0,58,eth:ethertype:ip:tcp,,,,,,,,,,,0.0,Normal,0.0
1744311814203019,10.42.0.1,10.42.0.139,1883,50274,1,4,0,1,0,0,0,0,0,0,0,0,0,0.0,0,,0,0,,0,0,0,0,0,0,0,0,0.0,0,0,0,0,0,64.0,64237.0,0,0,0,54,eth:ethertype:ip:tcp,,,,,,,,,,,0.0,Normal,0.0
1744311814206506,10.42.0.1,10.42.0.139,1883,50274,1,33,0,1,0,0,0,0,0,0,0,0,0,0.0,0,,0,0,,0,0,0,0,0,0,0,0,0.0,0,0,0,0,0,64.0,64208.0,0,0,0,54,eth:ethertype:ip:tcp,,,,,,,,,,,0.0,Normal,0.0
1744311814209513,10.42.0.1,10.42.0.139,1883,50274,1,45,0,1,0,0,0,0,0,0,0,0,0,0.0,0,,0,0,,0,0,0,0,0,0,0,0,0.0,0,0,0,0,0,64.0,64196.0,0,0,0,54,eth:ethertype:ip:tcp,,,,,,,,,,,0.0,Normal,0.0
1744311814209827,10.42.0.1,10.42.0.139,1883,50274,1,45,0,1,0,0,1,0,4,0,0,0,0,0.0,0,,0,2,,0,0,0,0,2,0,0,0,0.0,0x00,0,0,0,0,64.0,64196.0,0,0,0,58,eth:ethertype:ip:tcp:mqtt,,,,,,,,,,,0.0,Normal,0.0
1744311814259302,10.42.0.1,10.42.0.139,1883,50274,5,234,0,1,0,0,0,0,0,0,0,0,0,0.0,0,,0,0,,0,0,0,0,0,0,0,0,0.0,0,0,0,0,0,64.0,64007.0,0,0,0,54,eth:ethertype:ip:tcp,,,,,,,,,,,0.0,Normal,0.0
1744311814259341,10.42.0.1,10.42.0.139,1883,50274,5,234,0,1,1,0,0,0,0,0,0,0,0,0.0,0,,0,0,,0,0,0,0,0,0,0,0,0.0,0,0,0,0,0,64.0,64007.0,0,0,0,54,eth:ethertype:ip:tcp,,,,,,,,,,,0.0,Normal,0.0
1744311829197007,10.42.0.1,10.42.0.2,1883,50274,0,1,1,1,0,0,0,0,0,0,0,0,0,0.0,0,,0,0,,0,0,0,0,0,0,0,0,0.0,0,0,0,0,0,64.0,64240.0,0,0,0,58,eth:ethertype:ip:tcp,,,,,,,,,,,0.0,Normal,0.0
1744311829203019,10.42.0.1,10.42.0.2,1883,50274,1,4,0,1,0,0,0,0,0,0,0,0,0,0.0,0,,0,0,,0,0,0,0,0,0,0,0,0.0,0,0,0,0,0,64.0,64237.0,0,0,0,54,eth:ethertype:ip:tcp,,,,,,,,,,,0.0,Normal,0.0
1744311829206506,10.42.0.1,10.42.0.2,1883,50274,1,33,0,1,0,0,0,0,0,0,0,0,0,0.0,0,,0,0,,0,0,0,0,0,0,0,0,0.0,0,0,0,0,0,64.0,64208.0,0,0,0,54,eth:ethertype:ip:tcp,,,,,,,,,,,0.0,Normal,0.0
1744311829209513,10.42.0.1,10.42.0.2,1883,50274,1,45,0,1,0,0,0,0,0,0,0,0,0,0.0,0,,0,0,,0,0,0,0,0,0,0,0,0.0,0,0,0,0,0,64.0,64196.0,0,0,0,54,eth:ethertype:ip:tcp,,,,,,,,,,,0.0,Normal,0.0
1744311829209827,10.42.0.1,10.42.0.2,1883,50274,1,45,0,1,0,0,1,0,4,0,0,0,0,0.0,0,,0,2,,0,0,0,0,2,0,0,0,0.0,0x00,0,0,0,0,64.0,64196.0,0,0,0,58,eth:ethertype:ip:tcp:mqtt,,,,,,,,,,,0.0,Normal,0.0
1744311829259302,10.42.0.1,10.42.0.2,1883,50274,5,234,0,1,0,0,0,0,0,0,0,0,0,0.0,0,,0,0,,0,0,0,0,0,0,0,0,0.0,0,0,0,0,0,64.0,64007.0,0,0,0,54,eth:ethertype:ip:tcp,,,,,,,,,,,0.0,Normal,0.0
1744311829259341,10.42.0.1,10.42.0.2,1883,50274,5,234,0,1,1,0,0,0,0,0,0,0,0,0.0,0,,0,0,,0,0,0,0,0,0,0,0,0.0,0,0,0,0,0,64.0,64007.0,0,0,0,54,eth:ethertype:ip:tcp,,,,,,,,,,,0.0,Normal,0.0
1744311844267919,10.42.0.1,10.42.0.139,1883,50275,0,1,1,1,0,0,0,0,0,0,0,0,0,0.0,0,,0,0,,0,0,0,0,0,0,0,0,0.0,0,0,0,0,0,64.0,64240.0,0,0,0,58,eth:ethertype:ip:tcp,,,,,,,,,,,0.0,Normal,0.0
1744311844273928,10.42.0.1,10.42.0.139,1883,50275,1,4,0,1,0,0,0,0,0,0,0,0,0,0.0,0,,0,0,,0,0,0,0,0,0,0,0,0.0,0,0,0,0,0,64.0,64237.0,0,0,0,54,eth:ethertype:ip:tcp,,,,,,,,,,,0.0,Normal,0.0
1744311844277399,10.42.0.1,10.42.0.139,1883,50275,1,33,0,1,0,0,0,0,0,0,0,0,0,0.0,0,,0,0,,0,0,0,0,0,0,0,0,0.0,0,0,0,0,0,64.0,64208.0,0,0,0,54,eth:ethertype:ip:tcp,,,,,,,,,,,0.0,Normal,0.0
1744311844280469,10.42.0.1,10.42.0.139,1883,50275,1,45,0,1,0,0,0,0,0,0,0,0,0,0.0,0,,0,0,,0,0,0,0,0,0,0,0,0.0,0,0,0,0,0,64.0,64196.0,0,0,0,54,eth:ethertype:ip:tcp,,,,,,,,,,,0.0,Normal,0.0
1744311844280752,10.42.0.1,10.42.0.139,1883,50275,1,45,0,1,0,0,1,0,4,0,0,0,0,0.0,0,,0,2,,0,0,0,0,2,0,0,0,0.0,0x00,0,0,0,0,64.0,64196.0,0,0,0,58,eth:ethertype:ip:tcp:mqtt,,,,,,,,,,,0.0,Normal,0.0
1744311844328510,10.42.0.1,10.42.0.139,1883,50275,5,234,0,1,0,0,0,0,0,0,0,0,0,0.0,0,,0,0,,0,0,0,0,0,0,0,0,0.0,0,0,0,0,0,64.0,64007.0,0,0,0,54,eth:ethertype:ip:tcp,,,,,,,,,,,0.0,Normal,0.0
1744311844328548,10.42.0.1,10.42.0.139,1883,50275,5,234,0,1,1,0,0,0,0,0,0,0,0,0.0,0,,0,0,,0,0,0,0,0,0,0,0,0.0,0,0,0,0,0,64.0,64007.0,0,0,0,54,eth:ethertype:ip:tcp,,,,,,,,,,,0.0,Normal,0.0
1744311859267919,10.42.0.1,10.42.0.2,1883,50275,0,1,1,1,0,0,0,0,0,0,0,0,0,0.0,0,,0,0,,0,0,0,0,0,0,0,0,0.0,0,0,0,0,0,64.0,64240.0,0,0,0,58,eth:ethertype:ip:tcp,,,,,,,,,,,0.0,Normal,0.0
1744311859273928,10.42.0.1,10.42.0.2,1883,50275,1,4,0,1,0,0,0,0,0,0,0,0,0,0.0,0,,0,0,,0,0,0,0,0,0,0,0,0.0,0,0,0,0,0,64.0,64237.0,0,0,0,54,eth:ethertype:ip:tcp,,,,,,,,,,,0.0,Normal,0.0
1744311859277399,10.42.0.1,10.42.0.2,1883,50275,1,33,0,1,0,0,0,0,0,0,0,0,0,0.0,0,,0,0,,0,0,0,0,0,0,0,0,0.0,0,0,0,0,0,64.0,64208.0,0,0,0,54,eth:ethertype:ip:tcp,,,,,,,,,,,0.0,Normal,0.0
1744311859280469,10.42.0.1,10.42.0.2,1883,50275,1,45,0,1,0,0,0,0,0,0,0,0,0,0.0,0,,0,0,,0,0,0,0,0,0,0,0,0.0,0,0,0,0,0,64.0,64196.0,0,0,0,54,eth:ethertype:ip:tcp,,,,,,,,,,,0.0,Normal,0.0
1744311859280752,10.42.0.1,10.42.0.2,1883,50275,1,45,0,1,0,0,1,0,4,0,0,0,0,0.0,0,,0,2,,0,0,0,0,2,0,0,0,0.0,0x00,0,0,0,0,64.0,64196.0,0,0,0,58,eth:ethertype:ip:tcp:mqtt,,,,,,,,,,,0.0,Normal,0.0
1744311859328510,10.42.0.1,10.42.0.2,1883,50275,5,234,0,1,0,0,0,0,0,0,0,0,0,0.0,0,,0,0,,0,0,0,0,0,0,0,0,0.0,0,0,0,0,0,64.0,64007.0,0,0,0,54,eth:ethertype:ip:tcp,,,,,,,,,,,0.0,Normal,0.0
1744311859328548,10.42.0.1,10.42.0.2,1883,50275,5,234,0,1,1,0,0,0,0,0,0,0,0,0.0,0,,0,0,,0,0,0,0,0,0,0,0,0.0,0,0,0,0,0,64.0,64007.0,0,0,0,54,eth:ethertype:ip:tcp,,,,,,,,,,,0.0,Normal,0.0
1744311874336554,10.42.0.1,10.42.0.139,1883,50276,0,1,1,1,0,0,0,0,0,0,0,0,0,0.0,0,,0,0,,0,0,0,0,0,0,0,0,0.0,0,0,0,0,0,64.0,64240.0,0,0,0,58,eth:ethertype:ip:tcp,,,,,,,,,,,0.0,Normal,0.0
1744311874342640,10.42.0.1,10.42.0.139,1883,50276,1,4,0,1,0,0,0,0,0,0,0,0,0,0.0,0,,0,0,,0,0,0,0,0,0,0,0,0.0,0,0,0,0,0,64.0,64237.0,0,0,0,54,eth:ethertype:ip:tcp,,,,,,,,,,,0.0,Normal,0.0
1744311874347952,10.42.0.1,10.42.0.139,1883,50276,1,33,0,1,0,0,0,0,0,0,0,0,0,0.0,0,,0,0,,0,0,0,0,0,0,0,0,0.0,0,0,0,0,0,64.0,64208.0,0,0,0,54,eth:ethertype:ip:tcp,,,,,,,,,,,0.0,Normal,0.0
1744311874352007,10.42.0.1,10.42.0.139,1883,50276,1,45,0,1,0,0,0,0,0,0,0,0,0,0.0,0,,0,0,,0,0,0,0,0,0,0,0,0.0,0,0,0,0,0,64.0,64196.0,0,0,0,54,eth:ethertype:ip:tcp,,,,,,,,,,,0.0,Normal,0.0
1744311874352356,10.42.0.1,10.42.0.139,1883,50276,1,45,0,1,0,0,1,0,4,0,0,0,0,0.0,0,,0,2,,0,0,0,0,2,0,0,0,0.0,0x00,0,0,0,0,64.0,64196.0,0,0,0,58,eth:ethertype:ip:tcp:mqtt,,,,,,,,,,,0.0,Normal,0.0
1744311874397964,10.42.0.1,10.42.0.139,1883,50276,5,234,0,1,0,0,0,0,0,0,0,0,0,0.0,0,,0,0,,0,0,0,0,0,0,0,0,0.0,0,0,0,0,0,64.0,64007.0,0,0,0,54,eth:ethertype:ip:tcp,,,,,,,,,,,0.0,Normal,0.0
1744311874398006,10.42.0.1,10.42.0.139,1883,50276,5,234,0,1,1,0,0,0,0,0,0,0,0,0.0,0,,0,0,,0,0,0,0,0,0,0,0,0.0,0,0,0,0,0,64.0,64007.0,0,0,0,54,eth:ethertype:ip:tcp,,,,,,,,,,,0.0,Normal,0.0
1744311889336554,10.42.0.1,10.42.0.2,1883,50276,0,1,1,1,0,0,0,0,0,0,0,0,0,0.0,0,,0,0,,0,0,0,0,0,0,0,0,0.0,0,0,0,0,0,64.0,64240.0,0,0,0,58,eth:ethertype:ip:tcp,,,,,,,,,,,0.0,Normal,0.0
1744311889342640,10.42.0.1,10.42.0.2,1883,50276,1,4,0,1,0,0,0,0,0,0,0,0,0,0.0,0,,0,0,,0,0,0,0,0,0,0,0,0.0,0,0,0,0,0,64.0,64237.0,0,0,0,54,eth:ethertype:ip:tcp,,,,,,,,,,,0.0,Normal,0.0
1744311889347952,10.42.0.1,10.42.0.2,1883,50276,1,33,0,1,0,0,0,0,0,0,0,0,0,0.0,0,,0,0,,0,0,0,0,0,0,0,0,0.0,0,0,0,0,0,64.0,64208.0,0,0,0,54,eth:ethertype:ip:tcp,,,,,,,,,,,0.0,Normal,0.0
1744311889352007,10.42.0.1,10.42.0.2,1883,50276,1,45,0,1,0,0,0,0,0,0,0,0,0,0.0,0,,0,0,,0,0,0,0,0,0,0,0,0.0,0,0,0,0,0,64.0,64196.0,0,0,0,54,eth:ethertype:ip:tcp,,,,,,,,,,,0.0,Normal,0.0
1744311889352356,10.42.0.1,10.42.0.2,1883,50276,1,45,0,1,0,0,1,0,4,0,0,0,0,0.0,0,,0,2,,0,0,0,0,2,0,0,0,0.0,0x00,0,0,0,0,64.0,64196.0,0,0,0,58,eth:ethertype:ip:tcp:mqtt,,,,,,,,,,,0.0,Normal,0.0
1744311889397964,10.42.0.1,10.42.0.2,1883,50276,5,234,0,1,0,0,0,0,0,0,0,0,0,0.0,0,,0,0,,0,0,0,0,0,0,0,0,0.0,0,0,0,0,0,64.0,64007.0,0,0,0,54,eth:ethertype:ip:tcp,,,,,,,,,,,0.0,Normal,0.0
1744311889398006,10.42.0.1,10.42.0.2,1883,50276,5,234,0,1,1,0,0,0,0,0,0,0,0,0.0,0,,0,0,,0,0,0,0,0,0,0,0,0.0,0,0,0,0,0,64.0,64007.0,0,0,0,54,eth:ethertype:ip:tcp,,,,,,,,,,,0.0,Normal,0.0
1744311904406551,10.42.0.1,10.42.0.139,1883,50277,0,1,1,1,0,0,0,0,0,0,0,0,0,0.0,0,,0,0,,0,0,0,0,0,0,0,0,0.0,0,0,0,0,0,64.0,64240.0,0,0,0,58,eth:ethertype:ip:tcp,,,,,,,,,,,0.0,Normal,0.0
1744311904413436,10.42.0.1,10.42.0.139,1883,50277,1,4,0,1,0,0,0,0,0,0,0,0,0,0.0,0,,0,0,,0,0,0,0,0,0,0,0,0.0,0,0,0,0,0,64.0,64237.0,0,0,0,54,eth:ethertype:ip:tcp,,,,,,,,,,,0.0,Normal,0.0
1744311904417079,10.42.0.1,10.42.0.139,1883,50277,1,35,0,1,0,0,0,0,0,0,0,0,0,0.0,0,,0,0,,0,0,0,0,0,0,0,0,0.0,0,0,0,0,0,64.0,64206.0,0,0,0,54,eth:ethertype:ip:tcp,,,,,,,,,,,0.0,Normal,0.0
1744311904420226,10.42.0.1,10.42.0.139,1883,50277,1,45,0,1,0,0,0,0,0,0,0,0,0,0.0,0,,0,0,,0,0,0,0,0,0,0,0,0.0,0,0,0,0,0,64.0,64196.0,0,0,0,54,eth:ethertype:ip:tcp,,,,,,,,,,,0.0,Normal,0.0
1744311904420523,10.42.0.1,10.42.0.139,1883,50277,1,45,0,1,0,0,1,0,4,0,0,0,0,0.0,0,,0,2,,0,0,0,0,2,0,0,0,0.0,0x00,0,0,0,0,64.0,64196.0,0,0,0,58,eth:ethertype:ip:tcp:mqtt,,,,,,,,,,,0.0,Normal,0.0
1744311904467173,10.42.0.1,10.42.0.139,1883,50277,5,234,0,1,0,0,0,0,0,0,0,0,0,0.0,0,,0,0,,0,0,0,0,0,0,0,0,0.0,0,0,0,0,0,64.0,64007.0,0,0,0,54,eth:ethertype:ip:tcp,,,,,,,,,,,0.0,Normal,0.0
1744311904467213,10.42.0.1,10.42.0.139,1883,50277,5,234,0,1,1,0,0,0,0,0,0,0,0,0.0,0,,0,0,,0,0,0,0,0,0,0,0,0.0,0,0,0,0,0,64.0,64007.0,0,0,0,54,eth:ethertype:ip:tcp,,,,,,,,,,,0.0,Normal,0.0
1744311919406551,10.42.0.1,10.42.0.2,1883,50277,0,1,1,1,0,0,0,0,0,0,0,0,0,0.0,0,,0,0,,0,0,0,0,0,0,0,0,0.0,0,0,0,0,0,64.0,64240.0,0,0,0,58,eth:ethertype:ip:tcp,,,,,,,,,,,0.0,Normal,0.0
1744311919413436,10.42.0.1,10.42.0.2,1883,50277,1,4,0,1,0,0,0,0,0,0,0,0,0,0.0,0,,0,0,,0,0,0,0,0,0,0,0,0.0,0,0,0,0,0,64.0,64237.0,0,0,0,54,eth:ethertype:ip:tcp,,,,,,,,,,,0.0,Normal,0.0
1744311919417079,10.42.0.1,10.42.0.2,1883,50277,1,35,0,1,0,0,0,0,0,0,0,0,0,0.0,0,,0,0,,0,0,0,0,0,0,0,0,0.0,0,0,0,0,0,64.0,64206.0,0,0,0,54,eth:ethertype:ip:tcp,,,,,,,,,,,0.0,Normal,0.0
1744311919420226,10.42.0.1,10.42.0.2,1883,50277,1,45,0,1,0,0,0,0,0,0,0,0,0,0.0,0,,0,0,,0,0,0,0,0,0,0,0,0.0,0,0,0,0,0,64.0,64196.0,0,0,0,54,eth:ethertype:ip:tcp,,,,,,,,,,,0.0,Normal,0.0
1744311919420523,10.42.0.1,10.42.0.2,1883,50277,1,45,0,1,0,0,1,0,4,0,0,0,0,0.0,0,,0,2,,0,0,0,0,2,0,0,0,0.0,0x00,0,0,0,0,64.0,64196.0,0,0,0,58,eth:ethertype:ip:tcp:mqtt,,,,,,,,,,,0.0,Normal,0.0
1744311919467173,10.42.0.1,10.42.0.2,1883,50277,5,234,0,1,0,0,0,0,0,0,0,0,0,0.0,0,,0,0,,0,0,0,0,0,0,0,0,0.0,0,0,0,0,0,64.0,64007.0,0,0,0,54,eth:ethertype:ip:tcp,,,,,,,,,,,0.0,Normal,0.0
1744311919467213,10.42.0.1,10.42.0.2,1883,50277,5,234,0,1,1,0,0,0,0,0,0,0,0,0.0,0,,0,0,,0,0,0,0,0,0,0,0,0.0,0,0,0,0,0,64.0,64007.0,0,0,0,54,eth:ethertype:ip:tcp,,,,,,,,,,,0.0,Normal,0.0
1744311934488497,10.42.0.1,10.42.0.139,1883,50278,0,1,1,1,0,0,0,0,0,0,0,0,0,0.0,0,,0,0,,0,0,0,0,0,0,0,0,0.0,0,0,0,0,0,64.0,64240.0,0,0,0,58,eth:ethertype:ip:tcp,,,,,,,,,,,0.0,Normal,0.0
1744311934494536,10.42.0.1,10.42.0.139,1883,50278,1,4,0,1,0,0,0,0,0,0,0,0,0,0.0,0,,0,0,,0,0,0,0,0,0,0,0,0.0,0,0,0,0,0,64.0,64237.0,0,0,0,54,eth:ethertype:ip:tcp,,,,,,,,,,,0.0,Normal,0.0
1744311934497955,10.42.0.1,10.42.0.139,1883,50278,1,33,0,1,0,0,0,0,0,0,0,0,0,0.0,0,,0,0,,0,0,0,0,0,0,0,0,0.0,0,0,0,0,0,64.0,64208.0,0,0,0,54,eth:ethertype:ip:tcp,,,,,,,,,,,0.0,Normal,0.0
1744311934500927,10.42.0.1,10.42.0.139,1883,50278,1,45,0,1,0,0,0,0,0,0,0,0,0,0.0,0,,0,0,,0,0,0,0,0,0,0,0,0.0,0,0,0,0,0,64.0,64196.0,0,0,0,54,eth:ethertype:ip:tcp,,,,,,,,,,,0.0,Normal,0.0
1744311934501273,10.42.0.1,10.42.0.139,1883,50278,1,45,0,1,0,0,1,0,4,0,0,0,0,0.0,0,,0,2,,0,0,0,0,2,0,0,0,0.0,0x00,0,0,0,0,64.0,64196.0,0,0,0,58,eth:ethertype:ip:tcp:mqtt,,,,,,,,,,,0.0,Normal,0.0
1744311934546568,10.42.0.1,10.42.0.139,1883,50278,5,234,0,1,0,0,0,0,0,0,0,0,0,0.0,0,,0,0,,0,0,0,0,0,0,0,0,0.0,0,0,0,0,0,64.0,64007.0,0,0,0,54,eth:ethertype:ip:tcp,,,,,,,,,,,0.0,Normal,0.0
1744311934546613,10.42.0.1,10.42.0.139,1883,50278,5,234,0,1,1,0,0,0,0,0,0,0,0,0.0,0,,0,0,,0,0,0,0,0,0,0,0,0.0,0,0,0,0,0,64.0,64007.0,0,0,0,54,eth:ethertype:ip:tcp,,,,,,,,,,,0.0,Normal,0.0
1744311949488497,10.42.0.1,10.42.0.2,1883,50278,0,1,1,1,0,0,0,0,0,0,0,0,0,0.0,0,,0,0,,0,0,0,0,0,0,0,0,0.0,0,0,0,0,0,64.0,64240.0,0,0,0,58,eth:ethertype:ip:tcp,,,,,,,,,,,0.0,Normal,0.0
1744311949494536,10.42.0.1,10.42.0.2,1883,50278,1,4,0,1,0,0,0,0,0,0,0,0,0,0.0,0,,0,0,,0,0,0,0,0,0,0,0,0.0,0,0,0,0,0,64.0,64237.0,0,0,0,54,eth:ethertype:ip:tcp,,,,,,,,,,,0.0,Normal,0.0
1744311949497955,10.42.0.1,10.42.0.2,1883,50278,1,33,0,1,0,0,0,0,0,0,0,0,0,0.0,0,,0,0,,0,0,0,0,0,0,0,0,0.0,0,0,0,0,0,64.0,64208.0,0,0,0,54,eth:ethertype:ip:tcp,,,,,,,,,,,0.0,Normal,0.0
1744311949500927,10.42.0.1,10.42.0.2,1883,50278,1,45,0,1,0,0,0,0,0,0,0,0,0,0.0,0,,0,0,,0,0,0,0,0,0,0,0,0.0,0,0,0,0,0,64.0,64196.0,0,0,0,54,eth:ethertype:ip:tcp,,,,,,,,,,,0.0,Normal,0.0
1744311949501273,10.42.0.1,10.42.0.2,1883,50278,1,45,0,1,0,0,1,0,4,0,0,0,0,0.0,0,,0,2,,0,0,0,0,2,0,0,0,0.0,0x00,0,0,0,0,64.0,64196.0,0,0,0,58,eth:ethertype:ip:tcp:mqtt,,,,,,,,,,,0.0,Normal,0.0
1744311949546568,10.42.0.1,10.42.0.2,1883,50278,5,234,0,1,0,0,0,0,0,0,0,0,0,0.0,0,,0,0,,0,0,0,0,0,0,0,0,0.0,0,0,0,0,0,64.0,64007.0,0,0,0,54,eth:ethertype:ip:tcp,,,,,,,,,,,0.0,Normal,0.0
1744311949546613,10.42.0.1,10.42.0.2,1883,50278,5,234,0,1,1,0,0,0,0,0,0,0,0,0.0,0,,0,0,,0,0,0,0,0,0,0,0,0.0,0,0,0,0,0,64.0,64007.0,0,0,0,54,eth:ethertype:ip:tcp,,,,,,,,,,,0.0,Normal,0.0
1744311964555508,10.42.0.1,10.42.0.139,1883,50279,0,1,1,1,0,0,0,0,0,0,0,0,0,0.0,0,,0,0,,0,0,0,0,0,0,0,0,0.0,0,0,0,0,0,64.0,64240.0,0,0,0,58,eth:ethertype:ip:tcp,,,,,,,,,,,0.0,Normal,0.0
1744311964562521,10.42.0.1,10.42.0.139,1883,50279,1,4,0,1,0,0,0,0,0,0,0,0,0,0.0,0,,0,0,,0,0,0,0,0,0,0,0,0.0,0,0,0,0,0,64.0,64237.0,0,0,0,54,eth:ethertype:ip:tcp,,,,,,,,,,,0.0,Normal,0.0
1744311964567816,10.42.0.1,10.42.0.139,1883,50279,1,45,0,1,0,0,0,0,0,0,0,0,0,0.0,0,,0,0,,0,0,0,0,0,0,0,0,0.0,0,0,0,0,0,64.0,64196.0,0,0,0,54,eth:ethertype:ip:tcp,,,,,,,,,,,0.0,Normal,0.0
1744311964568163,10.42.0.1,10.42.0.139,1883,50279,1,45,0,1,0,0,1,0,4,0,0,0,0,0.0,0,,0,2,,0,0,0,0,2,0,0,0,0.0,0x00,0,0,0,0,64.0,64196.0,0,0,0,58,eth:ethertype:ip:tcp:mqtt,,,,,,,,,,,0.0,Normal,0.0
1744311964615763,10.42.0.1,10.42.0.139,1883,50279,5,234,0,1,0,0,0,0,0,0,0,0,0,0.0,0,,0,0,,0,0,0,0,0,0,0,0,0.0,0,0,0,0,0,64.0,64007.0,0,0,0,54,eth:ethertype:ip:tcp,,,,,,,,,,,0.0,Normal,0.0
1744311964615819,10.42.0.1,10.42.0.139,1883,50279,5,234,0,1,1,0,0,0,0,0,0,0,0,0.0,0,,0,0,,0,0,0,0,0,0,0,0,0.0,0,0,0,0,0,64.0,64007.0,0,0,0,54,eth:ethertype:ip:tcp,,,,,,,,,,,0.0,Normal,0.0
1744311979555508,10.42.0.1,10.42.0.2,1883,50279,0,1,1,1,0,0,0,0,0,0,0,0,0,0.0,0,,0,0,,0,0,0,0,0,0,0,0,0.0,0,0,0,0,0,64.0,64240.0,0,0,0,58,eth:ethertype:ip:tcp,,,,,,,,,,,0.0,Normal,0.0
1744311979562521,10.42.0.1,10.42.0.2,1883,50279,1,4,0,1,0,0,0,0,0,0,0,0,0,0.0,0,,0,0,,0,0,0,0,0,0,0,0,0.0,0,0,0,0,0,64.0,64237.0,0,0,0,54,eth:ethertype:ip:tcp,,,,,,,,,,,0.0,Normal,0.0
1744311979567816,10.42.0.1,10.42.0.2,1883,50279,1,45,0,1,0,0,0,0,0,0,0,0,0,0.0,0,,0,0,,0,0,0,0,0,0,0,0,0.0,0,0,0,0,0,64.0,64196.0,0,0,0,54,eth:ethertype:ip:tcp,,,,,,,,,,,0.0,Normal,0.0
1744311979568163,10.42.0.1,10.42.0.2,1883,50279,1,45,0,1,0,0,1,0,4,0,0,0,0,0.0,0,,0,2,,0,0,0,0,2,0,0,0,0.0,0x00,0,0,0,0,64.0,64196.0,0,0,0,58,eth:ethertype:ip:tcp:mqtt,,,,,,,,,,,0.0,Normal,0.0
1744311979615763,10.42.0.1,10.42.0.2,1883,50279,5,234,0,1,0,0,0,0,0,0,0,0,0,0.0,0,,0,0,,0,0,0,0,0,0,0,0,0.0,0,0,0,0,0,64.0,64007.0,0,0,0,54,eth:ethertype:ip:tcp,,,,,,,,,,,0.0,Normal,0.0
1744311979615819,10.42.0.1,10.42.0.2,1883,50279,5,234,0,1,1,0,0,0,0,0,0,0,0,0.0,0,,0,0,,0,0,0,0,0,0,0,0,0.0,0,0,0,0,0,64.0,64007.0,0,0,0,54,eth:ethertype:ip:tcp,,,,,,,,,,,0.0,Normal,0.0
1744311994625388,10.42.0.1,10.42.0.139,1883,50280,0,1,1,1,0,0,0,0,0,0,0,0,0,0.0,0,,0,0,,0,0,0,0,0,0,0,0,0.0,0,0,0,0,0,64.0,64240.0,0,0,0,58,eth:ethertype:ip:tcp,,,,,,,,,,,0.0,Normal,0.0
1744311994631335,10.42.0.1,10.42.0.139,1883,50280,1,4,0,1,0,0,0,0,0,0,0,0,0,0.0,0,,0,0,,0,0,0,0,0,0,0,0,0.0,0,0,0,0,0,64.0,64237.0,0,0,0,54,eth:ethertype:ip:tcp,,,,,,,,,,,0.0,Normal,0.0
1744311994634773,10.42.0.1,10.42.0.139,1883,50280,1,33,0,1,0,0,0,0,0,0,0,0,0,0.0,0,,0,0,,0,0,0,0,0,0,0,0,0.0,0,0,0,0,0,64.0,64208.0,0,0,0,54,eth:ethertype:ip:tcp,,,,,,,,,,,0.0,Normal,0.0
1744311994637928,10.42.0.1,10.42.0.139,1883,50280,1,45,0,1,0,0,0,0,0,0,0,0,0,0.0,0,,0,0,,0,0,0,0,0,0,0,0,0.0,0,0,0,0,0,64.0,64196.0,0,0,0,54,eth:ethertype:ip:tcp,,,,,,,,,,,0.0,Normal,0.0
1744311994638325,10.42.0.1,10.42.0.139,1883,50280,1,45,0,1,0,0,1,0,4,0,0,0,0,0.0,0,,0,2,,0,0,0,0,2,0,0,0,0.0,0x00,0,0,0,0,64.0,64196.0,0,0,0,58,eth:ethertype:ip:tcp:mqtt,,,,,,,,,,,0.0,Normal,0.0
1744311994685249,10.42.0.1,10.42.0.139,1883,50280,5,234,0,1,0,0,0,0,0,0,0,0,0,0.0,0,,0,0,,0,0,0,0,0,0,0,0,0.0,0,0,0,0,0,64.0,64007.0,0,0,0,54,eth:ethertype:ip:tcp,,,,,,,,,,,0.0,Normal,0.0
1744311994685293,10.42.0.1,10.42.0.139,1883,50280,5,234,0,1,1,0,0,0,0,0,0,0,0,0.0,0,,0,0,,0,0,0,0,0,0,0,0,0.0,0,0,0,0,0,64.0,64007.0,0,0,0,54,eth:ethertype:ip:tcp,,,,,,,,,,,0.0,Normal,0.0
1744312009625388,10.42.0.1,10.42.0.2,1883,50280,0,1,1,1,0,0,0,0,0,0,0,0,0,0.0,0,,0,0,,0,0,0,0,0,0,0,0,0.0,0,0,0,0,0,64.0,64240.0,0,0,0,58,eth:ethertype:ip:tcp,,,,,,,,,,,0.0,Normal,0.0
1744312009631335,10.42.0.1,10.42.0.2,1883,50280,1,4,0,1,0,0,0,0,0,0,0,0,0,0.0,0,,0,0,,0,0,0,0,0,0,0,0,0.0,0,0,0,0,0,64.0,64237.0,0,0,0,54,eth:ethertype:ip:tcp,,,,,,,,,,,0.0,Normal,0.0
1744312009634773,10.42.0.1,10.42.0.2,1883,50280,1,33,0,1,0,0,0,0,0,0,0,0,0,0.0,0,,0,0,,0,0,0,0,0,0,0,0,0.0,0,0,0,0,0,64.0,64208.0,0,0,0,54,eth:ethertype:ip:tcp,,,,,,,,,,,0.0,Normal,0.0
1744312009637928,10.42.0.1,10.42.0.2,1883,50280,1,45,0,1,0,0,0,0,0,0,0,0,0,0.0,0,,0,0,,0,0,0,0,0,0,0,0,0.0,0,0,0,0,0,64.0,64196.0,0,0,0,54,eth:ethertype:ip:tcp,,,,,,,,,,,0.0,Normal,0.0
1744312009638325,10.42.0.1,10.42.0.2,1883,50280,1,45,0,1,0,0,1,0,4,0,0,0,0,0.0,0,,0,2,,0,0,0,0,2,0,0,0,0.0,0x00,0,0,0,0,64.0,64196.0,0,0,0,58,eth:ethertype:ip:tcp:mqtt,,,,,,,,,,,0.0,Normal,0.0
1744312009685249,10.42.0.1,10.42.0.2,1883,50280,5,234,0,1,0,0,0,0,0,0,0,0,0,0.0,0,,0,0,,0,0,0,0,0,0,0,0,0.0,0,0,0,0,0,64.0,64007.0,0,0,0,54,eth:ethertype:ip:tcp,,,,,,,,,,,0.0,Normal,0.0
1744312009685293,10.42.0.1,10.42.0.2,1883,50280,5,234,0,1,1,0,0,0,0,0,0,0,0,0.0,0,,0,0,,0,0,0,0,0,0,0,0,0.0,0,0,0,0,0,64.0,64007.0,0,0,0,54,eth:ethertype:ip:tcp,,,,,,,,,,,0.0,Normal,0.0
1744312024694170,10.42.0.1,10.42.0.139,1883,50281,0,1,1,1,0,0,0,0,0,0,0,0,0,0.0,0,,0,0,,0,0,0,0,0,0,0,0,0.0,0,0,0,0,0,64.0,64240.0,0,0,0,58,eth:ethertype:ip:tcp,,,,,,,,,,,0.0,Normal,0.0
1744312024700231,10.42.0.1,10.42.0.139,1883,50281,1,4,0,1,0,0,0,0,0,0,0,0,0,0.0,0,,0,0,,0,0,0,0,0,0,0,0,0.0,0,0,0,0,0,64.0,64237.0,0,0,0,54,eth:ethertype:ip:tcp,,,,,,,,,,,0.0,Normal,0.0
1744312024703568,10.42.0.1,10.42.0.139,1883,50281,1,33,0,1,0,0,0,0,0,0,0,0,0,0.0,0,,0,0,,0,0,0,0,0,0,0,0,0.0,0,0,0,0,0,64.0,64208.0,0,0,0,54,eth:ethertype:ip:tcp,,,,,,,,,,,0.0,Normal,0.0
1744312024706627,10.42.0.1,10.42.0.139,1883,50281,1,45,0,1,0,0,0,0,0,0,0,0,0,0.0,0,,0,0,,0,0,0,0,0,0,0,0,0.0,0,0,0,0,0,64.0,64196.0,0,0,0,54,eth:ethertype:ip:tcp,,,,,,,,,,,0.0,Normal,0.0
1744312024706954,10.42.0.1,10.42.0.139,1883,50281,1,45,0,1,0,0,1,0,4,0,0,0,0,0.0,0,,0,2,,0,0,0,0,2,0,0,0,0.0,0x00,0,0,0,0,64.0,64196.0,0,0,0,58,eth:ethertype:ip:tcp:mqtt,,,,,,,,,,,0.0,Normal,0.0
1744312024754425,10.42.0.1,10.42.0.139,1883,50281,5,234,0,1,0,0,0,0,0,0,0,0,0,0.0,0,,0,0,,0,0,0,0,0,0,0,0,0.0,0,0,0,0,0,64.0,64007.0,0,0,0,54,eth:ethertype:ip:tcp,,,,,,,,,,,0.0,Normal,0.0
1744312024754472,10.42.0.1,10.42.0.139,1883,50281,5,234,0,1,1,0,0,0,0,0,0,0,0,0.0,0,,0,0,,0,0,0,0,0,0,0,0,0.0,0,0,0,0,0,64.0,64007.0,0,0,0,54,eth:ethertype:ip:tcp,,,,,,,,,,,0.0,Normal,0.0
1744312039694170,10.42.0.1,10.42.0.2,1883,50281,0,1,1,1,0,0,0,0,0,0,0,0,0,0.0,0,,0,0,,0,0,0,0,0,0,0,0,0.0,0,0,0,0,0,64.0,64240.0,0,0,0,58,eth:ethertype:ip:tcp,,,,,,,,,,,0.0,Normal,0.0
1744312039700231,10.42.0.1,10.42.0.2,1883,50281,1,4,0,1,0,0,0,0,0,0,0,0,0,0.0,0,,0,0,,0,0,0,0,0,0,0,0,0.0,0,0,0,0,0,64.0,64237.0,0,0,0,54,eth:ethertype:ip:tcp,,,,,,,,,,,0.0,Normal,0.0
1744312039703568,10.42.0.1,10.42.0.2,1883,50281,1,33,0,1,0,0,0,0,0,0,0,0,0,0.0,0,,0,0,,0,0,0,0,0,0,0,0,0.0,0,0,0,0,0,64.0,64208.0,0,0,0,54,eth:ethertype:ip:tcp,,,,,,,,,,,0.0,Normal,0.0
1744312039706627,10.42.0.1,10.42.0.2,1883,50281,1,45,0,1,0,0,0,0,0,0,0,0,0,0.0,0,,0,0,,0,0,0,0,0,0,0,0,0.0,0,0,0,0,0,64.0,64196.0,0,0,0,54,eth:ethertype:ip:tcp,,,,,,,,,,,0.0,Normal,0.0
1744312039706954,10.42.0.1,10.42.0.2,1883,50281,1,45,0,1,0,0,1,0,4,0,0,0,0,0.0,0,,0,2,,0,0,0,0,2,0,0,0,0.0,0x00,0,0,0,0,64.0,64196.0,0,0,0,58,eth:ethertype:ip:tcp:mqtt,,,,,,,,,,,0.0,Normal,0.0
1744312039754425,10.42.0.1,10.42.0.2,1883,50281,5,234,0,1,0,0,0,0,0,0,0,0,0,0.0,0,,0,0,,0,0,0,0,0,0,0,0,0.0,0,0,0,0,0,64.0,64007.0,0,0,0,54,eth:ethertype:ip:tcp,,,,,,,,,,,0.0,Normal,0.0
1744312039754472,10.42.0.1,10.42.0.2,1883,50281,5,234,0,1,1,0,0,0,0,0,0,0,0,0.0,0,,0,0,,0,0,0,0,0,0,0,0,0.0,0,0,0,0,0,64.0,64007.0,0,0,0,54,eth:ethertype:ip:tcp,,,,,,,,,,,0.0,Normal,0.0
1744312054762655,10.42.0.1,10.42.0.139,1883,50282,0,1,1,1,0,0,0,0,0,0,0,0,0,0.0,0,,0,0,,0,0,0,0,0,0,0,0,0.0,0,0,0,0,0,64.0,64240.0,0,0,0,58,eth:ethertype:ip:tcp,,,,,,,,,,,0.0,Normal,0.0
1744312054768379,10.42.0.1,10.42.0.139,1883,50282,1,4,0,1,0,0,0,0,0,0,0,0,0,0.0,0,,0,0,,0,0,0,0,0,0,0,0,0.0,0,0,0,0,0,64.0,64237.0,0,0,0,54,eth:ethertype:ip:tcp,,,,,,,,,,,0.0,Normal,0.0
1744312054772067,10.42.0.1,10.42.0.139,1883,50282,1,33,0,1,0,0,0,0,0,0,0,0,0,0.0,0,,0,0,,0,0,0,0,0,0,0,0,0.0,0,0,0,0,0,64.0,64208.0,0,0,0,54,eth:ethertype:ip:tcp,,,,,,,,,,,0.0,Normal,0.0
1744312054777058,10.42.0.1,10.42.0.139,1883,50282,1,45,0,1,0,0,0,0,0,0,0,0,0,0.0,0,,0,0,,0,0,0,0,0,0,0,0,0.0,0,0,0,0,0,64.0,64196.0,0,0,0,54,eth:ethertype:ip:tcp,,,,,,,,,,,0.0,Normal,0.0
1744312054777394,10.42.0.1,10.42.0.139,1883,50282,1,45,0,1,0,0,1,0,4,0,0,0,0,0.0,0,,0,2,,0,0,0,0,2,0,0,0,0.0,0x00,0,0,0,0,64.0,64196.0,0,0,0,58,eth:ethertype:ip:tcp:mqtt,,,,,,,,,,,0.0,Normal,0.0
1744312054823875,10.42.0.1,10.42.0.139,1883,50282,5,234,0,1,0,0,0,0,0,0,0,0,0,0.0,0,,0,0,,0,0,0,0,0,0,0,0,0.0,0,0,0,0,0,64.0,64007.0,0,0,0,54,eth:ethertype:ip:tcp,,,,,,,,,,,0.0,Normal,0.0
1744312054823914,10.42.0.1,10.42.0.139,1883,50282,5,234,0,1,1,0,0,0,0,0,0,0,0,0.0,0,,0,0,,0,0,0,0,0,0,0,0,0.0,0,0,0,0,0,64.0,64007.0,0,0,0,54,eth:ethertype:ip:tcp,,,,,,,,,,,0.0,Normal,0.0
1744312069762655,10.42.0.1,10.42.0.2,1883,50282,0,1,1,1,0,0,0,0,0,0,0,0,0,0.0,0,,0,0,,0,0,0,0,0,0,0,0,0.0,0,0,0,0,0,64.0,64240.0,0,0,0,58,eth:ethertype:ip:tcp,,,,,,,,,,,0.0,Normal,0.0
1744312069768379,10.42.0.1,10.42.0.2,1883,50282,1,4,0,1,0,0,0,0,0,0,0,0,0,0.0,0,,0,0,,0,0,0,0,0,0,0,0,0.0,0,0,0,0,0,64.0,64237.0,0,0,0,54,eth:ethertype:ip:tcp,,,,,,,,,,,0.0,Normal,0.0
1744312069772067,10.42.0.1,10.42.0.2,1883,50282,1,33,0,1,0,0,0,0,0,0,0,0,0,0.0,0,,0,0,,0,0,0,0,0,0,0,0,0.0,0,0,0,0,0,64.0,64208.0,0,0,0,54,eth:ethertype:ip:tcp,,,,,,,,,,,0.0,Normal,0.0
1744312069777058,10.42.0.1,10.42.0.2,1883,50282,1,45,0,1,0,0,0,0,0,0,0,0,0,0.0,0,,0,0,,0,0,0,0,0,0,0,0,0.0,0,0,0,0,0,64.0,64196.0,0,0,0,54,eth:ethertype:ip:tcp,,,,,,,,,,,0.0,Normal,0.0
1744312069777394,10.42.0.1,10.42.0.2,1883,50282,1,45,0,1,0,0,1,0,4,0,0,0,0,0.0,0,,0,2,,0,0,0,0,2,0,0,0,0.0,0x00,0,0,0,0,64.0,64196.0,0,0,0,58,eth:ethertype:ip:tcp:mqtt,,,,,,,,,,,0.0,Normal,0.0
1744312069823875,10.42.0.1,10.42.0.2,1883,50282,5,234,0,1,0,0,0,0,0,0,0,0,0,0.0,0,,0,0,,0,0,0,0,0,0,0,0,0.0,0,0,0,0,0,64.0,64007.0,0,0,0,54,eth:ethertype:ip:tcp,,,,,,,,,,,0.0,Normal,0.0
1744312069823914,10.42.0.1,10.42.0.2,1883,50282,5,234,0,1,1,0,0,0,0,0,0,0,0,0.0,0,,0,0,,0,0,0,0,0,0,0,0,0.0,0,0,0,0,0,64.0,64007.0,0,0,0,54,eth:ethertype:ip:tcp,,,,,,,,,,,0.0,Normal,0.0
1744312084832779,10.42.0.1,10.42.0.139,1883,50283,0,1,1,1,0,0,0,0,0,0,0,0,0,0.0,0,,0,0,,0,0,0,0,0,0,0,0,0.0,0,0,0,0,0,64.0,64240.0,0,0,0,58,eth:ethertype:ip:tcp,,,,,,,,,,,0.0,Normal,0.0
1744312084840559,10.42.0.1,10.42.0.139,1883,50283,1,4,0,1,0,0,0,0,0,0,0,0,0,0.0,0,,0,0,,0,0,0,0,0,0,0,0,0.0,0,0,0,0,0,64.0,64237.0,0,0,0,54,eth:ethertype:ip:tcp,,,,,,,,,,,0.0,Normal,0.0
1744312084843902,10.42.0.1,10.42.0.139,1883,50283,1,45,0,1,0,0,0,0,0,0,0,0,0,0.0,0,,0,0,,0,0,0,0,0,0,0,0,0.0,0,0,0,0,0,64.0,64196.0,0,0,0,54,eth:ethertype:ip:tcp,,,,,,,,,,,0.0,Normal,0.0
1744312084844239,10.42.0.1,10.42.0.139,1883,50283,1,45,0,1,0,0,1,0,4,0,0,0,0,0.0,0,,0,2,,0,0,0,0,2,0,0,0,0.0,0x00,0,0,0,0,64.0,64196.0,0,0,0,58,eth:ethertype:ip:tcp:mqtt,,,,,,,,,,,0.0,Normal,0.0
1744312084893933,10.42.0.1,10.42.0.139,1883,50283,5,234,0,1,0,0,0,0,0,0,0,0,0,0.0,0,,0,0,,0,0,0,0,0,0,0,0,0.0,0,0,0,0,0,64.0,64007.0,0,0,0,54,eth:ethertype:ip:tcp,,,,,,,,,,,0.0,Normal,0.0
1744312084893971,10.42.0.1,10.42.0.139,1883,50283,5,234,0,1,1,0,0,0,0,0,0,0,0,0.0,0,,0,0,,0,0,0,0,0,0,0,0,0.0,0,0,0,0,0,64.0,64007.0,0,0,0,54,eth:ethertype:ip:tcp,,,,,,,,,,,0.0,Normal,0.0
1744312099832779,10.42.0.1,10.42.0.2,1883,50283,0,1,1,1,0,0,0,0,0,0,0,0,0,0.0,0,,0,0,,0,0,0,0,0,0,0,0,0.0,0,0,0,0,0,64.0,64240.0,0,0,0,58,eth:ethertype:ip:tcp,,,,,,,,,,,0.0,Normal,0.0
1744312099840559,10.42.0.1,10.42.0.2,1883,50283,1,4,0,1,0,0,0,0,0,0,0,0,0,0.0,0,,0,0,,0,0,0,0,0,0,0,0,0.0,0,0,0,0,0,64.0,64237.0,0,0,0,54,eth:ethertype:ip:tcp,,,,,,,,,,,0.0,Normal,0.0
1744312099843902,10.42.0.1,10.42.0.2,1883,50283,1,45,0,1,0,0,0,0,0,0,0,0,0,0.0,0,,0,0,,0,0,0,0,0,0,0,0,0.0,0,0,0,0,0,64.0,64196.0,0,0,0,54,eth:ethertype:ip:tcp,,,,,,,,,,,0.0,Normal,0.0
1744312099844239,10.42.0.1,10.42.0.2,1883,50283,1,45,0,1,0,0,1,0,4,0,0,0,0,0.0,0,,0,2,,0,0,0,0,2,0,0,0,0.0,0x00,0,0,0,0,64.0,64196.0,0,0,0,58,eth:ethertype:ip:tcp:mqtt,,,,,,,,,,,0.0,Normal,0.0
1744312099893933,10.42.0.1,10.42.0.2,1883,50283,5,234,0,1,0,0,0,0,0,0,0,0,0,0.0,0,,0,0,,0,0,0,0,0,0,0,0,0.0,0,0,0,0,0,64.0,64007.0,0,0,0,54,eth:ethertype:ip:tcp,,,,,,,,,,,0.0,Normal,0.0
1744312099893971,10.42.0.1,10.42.0.2,1883,50283,5,234,0,1,1,0,0,0,0,0,0,0,0,0.0,0,,0,0,,0,0,0,0,0,0,0,0,0.0,0,0,0,0,0,64.0,64007.0,0,0,0,54,eth:ethertype:ip:tcp,,,,,,,,,,,0.0,Normal,0.0
1744312114902394,10.42.0.1,10.42.0.139,1883,50284,0,1,1,1,0,0,0,0,0,0,0,0,0,0.0,0,,0,0,,0,0,0,0,0,0,0,0,0.0,0,0,0,0,0,64.0,64240.0,0,0,0,58,eth:ethertype:ip:tcp,,,,,,,,,,,0.0,Normal,0.0
1744312114908388,10.42.0.1,10.42.0.139,1883,50284,1,4,0,1,0,0,0,0,0,0,0,0,0,0.0,0,,0,0,,0,0,0,0,0,0,0,0,0.0,0,0,0,0,0,64.0,64237.0,0,0,0,54,eth:ethertype:ip:tcp,,,,,,,,,,,0.0,Normal,0.0
1744312114911774,10.42.0.1,10.42.0.139,1883,50284,1,33,0,1,0,0,0,0,0,0,0,0,0,0.0,0,,0,0,,0,0,0,0,0,0,0,0,0.0,0,0,0,0,0,64.0,64208.0,0,0,0,54,eth:ethertype:ip:tcp,,,,,,,,,,,0.0,Normal,0.0
1744312114914923,10.42.0.1,10.42.0.139,1883,50284,1,45,0,1,0,0,0,0,0,0,0,0,0,0.0,0,,0,0,,0,0,0,0,0,0,0,0,0.0,0,0,0,0,0,64.0,64196.0,0,0,0,54,eth:ethertype:ip:tcp,,,,,,,,,,,0.0,Normal,0.0
1744312114915271,10.42.0.1,10.42.0.139,1883,50284,1,45,0,1,0,0,1,0,4,0,0,0,0,0.0,0,,0,2,,0,0,0,0,2,0,0,0,0.0,0x00,0,0,0,0,64.0,64196.0,0,0,0,58,eth:ethertype:ip:tcp:mqtt,,,,,,,,,,,0.0,Normal,0.0
1744312114962605,10.42.0.1,10.42.0.139,1883,50284,5,234,0,1,0,0,0,0,0,0,0,0,0,0.0,0,,0,0,,0,0,0,0,0,0,0,0,0.0,0,0,0,0,0,64.0,64007.0,0,0,0,54,eth:ethertype:ip:tcp,,,,,,,,,,,0.0,Normal,0.0
1744312114962644,10.42.0.1,10.42.0.139,1883,50284,5,234,0,1,1,0,0,0,0,0,0,0,0,0.0,0,,0,0,,0,0,0,0,0,0,0,0,0.0,0,0,0,0,0,64.0,64007.0,0,0,0,54,eth:ethertype:ip:tcp,,,,,,,,,,,0.0,Normal,0.0
1744312129902394,10.42.0.1,10.42.0.2,1883,50284,0,1,1,1,0,0,0,0,0,0,0,0,0,0.0,0,,0,0,,0,0,0,0,0,0,0,0,0.0,0,0,0,0,0,64.0,64240.0,0,0,0,58,eth:ethertype:ip:tcp,,,,,,,,,,,0.0,Normal,0.0
1744312129908388,10.42.0.1,10.42.0.2,1883,50284,1,4,0,1,0,0,0,0,0,0,0,0,0,0.0,0,,0,0,,0,0,0,0,0,0,0,0,0.0,0,0,0,0,0,64.0,64237.0,0,0,0,54,eth:ethertype:ip:tcp,,,,,,,,,,,0.0,Normal,0.0
1744312129911774,10.42.0.1,10.42.0.2,1883,50284,1,33,0,1,0,0,0,0,0,0,0,0,0,0.0,0,,0,0,,0,0,0,0,0,0,0,0,0.0,0,0,0,0,0,64.0,64208.0,0,0,0,54,eth:ethertype:ip:tcp,,,,,,,,,,,0.0,Normal,0.0
1744312129914923,10.42.0.1,10.42.0.2,1883,50284,1,45,0,1,0,0,0,0,0,0,0,0,0,0.0,0,,0,0,,0,0,0,0,0,0,0,0,0.0,0,0,0,0,0,64.0,64196.0,0,0,0,54,eth:ethertype:ip:tcp,,,,,,,,,,,0.0,Normal,0.0
1744312129915271,10.42.0.1,10.42.0.2,1883,50284,1,45,0,1,0,0,1,0,4,0,0,0,0,0.0,0,,0,2,,0,0,0,0,2,0,0,0,0.0,0x00,0,0,0,0,64.0,64196.0,0,0,0,58,eth:ethertype:ip:tcp:mqtt,,,,,,,,,,,0.0,Normal,0.0
1744312129962605,10.42.0.1,10.42.0.2,1883,50284,5,234,0,1,0,0,0,0,0,0,0,0,0,0.0,0,,0,0,,0,0,0,0,0,0,0,0,0.0,0,0,0,0,0,64.0,64007.0,0,0,0,54,eth:ethertype:ip:tcp,,,,,,,,,,,0.0,Normal,0.0
1744312129962644,10.42.0.1,10.42.0.2,1883,50284,5,234,0,1,1,0,0,0,0,0,0,0,0,0.0,0,,0,0,,0,0,0,0,0,0,0,0,0.0,0,0,0,0,0,64.0,64007.0,0,0,0,54,eth:ethertype:ip:tcp,,,,,,,,,,,0.0,Normal,0.0
1744312144970690,10.42.0.1,10.42.0.139,1883,50285,0,1,1,1,0,0,0,0,0,0,0,0,0,0.0,0,,0,0,,0,0,0,0,0,0,0,0,0.0,0,0,0,0,0,64.0,64240.0,0,0,0,58,eth:ethertype:ip:tcp,,,,,,,,,,,0.0,Normal,0.0
1744312144976859,10.42.0.1,10.42.0.139,1883,50285,1,4,0,1,0,0,0,0,0,0,0,0,0,0.0,0,,0,0,,0,0,0,0,0,0,0,0,0.0,0,0,0,0,0,64.0,64237.0,0,0,0,54,eth:ethertype:ip:tcp,,,,,,,,,,,0.0,Normal,0.0
1744312144980414,10.42.0.1,10.42.0.139,1883,50285,1,33,0,1,0,0,0,0,0,0,0,0,0,0.0,0,,0,0,,0,0,0,0,0,0,0,0,0.0,0,0,0,0,0,64.0,64208.0,0,0,0,54,eth:ethertype:ip:tcp,,,,,,,,,,,0.0,Normal,0.0
1744312144983552,10.42.0.1,10.42.0.139,1883,50285,1,45,0,1,0,0,0,0,0,0,0,0,0,0.0,0,,0,0,,0,0,0,0,0,0,0,0,0.0,0,0,0,0,0,64.0,64196.0,0,0,0,54,eth:ethertype:ip:tcp,,,,,,,,,,,0.0,Normal,0.0
1744312144983910,10.42.0.1,10.42.0.139,1883,50285,1,45,0,1,0,0,1,0,4,0,0,0,0,0.0,0,,0,2,,0,0,0,0,2,0,0,0,0.0,0x00,0,0,0,0,64.0,64196.0,0,0,0,58,eth:ethertype:ip:tcp:mqtt,,,,,,,,,,,0.0,Normal,0.0
1744312145031879,10.42.0.1,10.42.0.139,1883,50285,5,234,0,1,0,0,0,0,0,0,0,0,0,0.0,0,,0,0,,0,0,0,0,0,0,0,0,0.0,0,0,0,0,0,64.0,64007.0,0,0,0,54,eth:ethertype:ip:tcp,,,,,,,,,,,0.0,Normal,0.0
1744312145031918,10.42.0.1,10.42.0.139,1883,50285,5,234,0,1,1,0,0,0,0,0,0,0,0,0.0,0,,0,0,,0,0,0,0,0,0,0,0,0.0,0,0,0,0,0,64.0,64007.0,0,0,0,54,eth:ethertype:ip:tcp,,,,,,,,,,,0.0,Normal,0.0
1744312159970690,10.42.0.1,10.42.0.2,1883,50285,0,1,1,1,0,0,0,0,0,0,0,0,0,0.0,0,,0,0,,0,0,0,0,0,0,0,0,0.0,0,0,0,0,0,64.0,64240.0,0,0,0,58,eth:ethertype:ip:tcp,,,,,,,,,,,0.0,Normal,0.0
1744312159976859,10.42.0.1,10.42.0.2,1883,50285,1,4,0,1,0,0,0,0,0,0,0,0,0,0.0,0,,0,0,,0,0,0,0,0,0,0,0,0.0,0,0,0,0,0,64.0,64237.0,0,0,0,54,eth:ethertype:ip:tcp,,,,,,,,,,,0.0,Normal,0.0
1744312159980414,10.42.0.1,10.42.0.2,1883,50285,1,33,0,1,0,0,0,0,0,0,0,0,0,0.0,0,,0,0,,0,0,0,0,0,0,0,0,0.0,0,0,0,0,0,64.0,64208.0,0,0,0,54,eth:ethertype:ip:tcp,,,,,,,,,,,0.0,Normal,0.0
1744312159983552,10.42.0.1,10.42.0.2,1883,50285,1,45,0,1,0,0,0,0,0,0,0,0,0,0.0,0,,0,0,,0,0,0,0,0,0,0,0,0.0,0,0,0,0,0,64.0,64196.0,0,0,0,54,eth:ethertype:ip:tcp,,,,,,,,,,,0.0,Normal,0.0
1744312159983910,10.42.0.1,10.42.0.2,1883,50285,1,45,0,1,0,0,1,0,4,0,0,0,0,0.0,0,,0,2,,0,0,0,0,2,0,0,0,0.0,0x00,0,0,0,0,64.0,64196.0,0,0,0,58,eth:ethertype:ip:tcp:mqtt,,,,,,,,,,,0.0,Normal,0.0
1744312160031879,10.42.0.1,10.42.0.2,1883,50285,5,234,0,1,0,0,0,0,0,0,0,0,0,0.0,0,,0,0,,0,0,0,0,0,0,0,0,0.0,0,0,0,0,0,64.0,64007.0,0,0,0,54,eth:ethertype:ip:tcp,,,,,,,,,,,0.0,Normal,0.0
1744312160031918,10.42.0.1,10.42.0.2,1883,50285,5,234,0,1,1,0,0,0,0,0,0,0,0,0.0,0,,0,0,,0,0,0,0,0,0,0,0,0.0,0,0,0,0,0,64.0,64007.0,0,0,0,54,eth:ethertype:ip:tcp,,,,,,,,,,,0.0,Normal,0.0
1744312175040837,10.42.0.1,10.42.0.139,1883,50286,0,1,1,1,0,0,0,0,0,0,0,0,0,0.0,0,,0,0,,0,0,0,0,0,0,0,0,0.0,0,0,0,0,0,64.0,64240.0,0,0,0,58,eth:ethertype:ip:tcp,,,,,,,,,,,0.0,Normal,0.0
1744312175046802,10.42.0.1,10.42.0.139,1883,50286,1,4,0,1,0,0,0,0,0,0,0,0,0,0.0,0,,0,0,,0,0,0,0,0,0,0,0,0.0,0,0,0,0,0,64.0,64237.0,0,0,0,54,eth:ethertype:ip:tcp,,,,,,,,,,,0.0,Normal,0.0
1744312175050214,10.42.0.1,10.42.0.139,1883,50286,1,33,0,1,0,0,0,0,0,0,0,0,0,0.0,0,,0,0,,0,0,0,0,0,0,0,0,0.0,0,0,0,0,0,64.0,64208.0,0,0,0,54,eth:ethertype:ip:tcp,,,,,,,,,,,0.0,Normal,0.0
1744312175053235,10.42.0.1,10.42.0.139,1883,50286,1,45,0,1,0,0,0,0,0,0,0,0,0,0.0,0,,0,0,,0,0,0,0,0,0,0,0,0.0,0,0,0,0,0,64.0,64196.0,0,0,0,54,eth:ethertype:ip:tcp,,,,,,,,,,,0.0,Normal,0.0
1744312175053531,10.42.0.1,10.42.0.139,1883,50286,1,45,0,1,0,0,1,0,4,0,0,0,0,0.0,0,,0,2,,0,0,0,0,2,0,0,0,0.0,0x00,0,0,0,0,64.0,64196.0,0,0,0,58,eth:ethertype:ip:tcp:mqtt,,,,,,,,,,,0.0,Normal,0.0
1744312175102323,10.42.0.1,10.42.0.139,1883,50286,5,234,0,1,0,0,0,0,0,0,0,0,0,0.0,0,,0,0,,0,0,0,0,0,0,0,0,0.0,0,0,0,0,0,64.0,64007.0,0,0,0,54,eth:ethertype:ip:tcp,,,,,,,,,,,0.0,Normal,0.0
1744312175102436,10.42.0.1,10.42.0.139,1883,50286,5,234,0,1,1,0,0,0,0,0,0,0,0,0.0,0,,0,0,,0,0,0,0,0,0,0,0,0.0,0,0,0,0,0,64.0,64007.0,0,0,0,54,eth:ethertype:ip:tcp,,,,,,,,,,,0.0,Normal,0.0
1744312190040837,10.42.0.1,10.42.0.2,1883,50286,0,1,1,1,0,0,0,0,0,0,0,0,0,0.0,0,,0,0,,0,0,0,0,0,0,0,0,0.0,0,0,0,0,0,64.0,64240.0,0,0,0,58,eth:ethertype:ip:tcp,,,,,,,,,,,0.0,Normal,0.0
1744312190046802,10.42.0.1,10.42.0.2,1883,50286,1,4,0,1,0,0,0,0,0,0,0,0,0,0.0,0,,0,0,,0,0,0,0,0,0,0,0,0.0,0,0,0,0,0,64.0,64237.0,0,0,0,54,eth:ethertype:ip:tcp,,,,,,,,,,,0.0,Normal,0.0
1744312190050214,10.42.0.1,10.42.0.2,1883,50286,1,33,0,1,0,0,0,0,0,0,0,0,0,0.0,0,,0,0,,0,0,0,0,0,0,0,0,0.0,0,0,0,0,0,64.0,64208.0,0,0,0,54,eth:ethertype:ip:tcp,,,,,,,,,,,0.0,Normal,0.0
1744312190053235,10.42.0.1,10.42.0.2,1883,50286,1,45,0,1,0,0,0,0,0,0,0,0,0,0.0,0,,0,0,,0,0,0,0,0,0,0,0,0.0,0,0,0,0,0,64.0,64196.0,0,0,0,54,eth:ethertype:ip:tcp,,,,,,,,,,,0.0,Normal,0.0
1744312190053531,10.42.0.1,10.42.0.2,1883,50286,1,45,0,1,0,0,1,0,4,0,0,0,0,0.0,0,,0,2,,0,0,0,0,2,0,0,0,0.0,0x00,0,0,0,0,64.0,64196.0,0,0,0,58,eth:ethertype:ip:tcp:mqtt,,,,,,,,,,,0.0,Normal,0.0
1744312190102323,10.42.0.1,10.42.0.2,1883,50286,5,234,0,1,0,0,0,0,0,0,0,0,0,0.0,0,,0,0,,0,0,0,0,0,0,0,0,0.0,0,0,0,0,0,64.0,64007.0,0,0,0,54,eth:ethertype:ip:tcp,,,,,,,,,,,0.0,Normal,0.0
1744312190102436,10.42.0.1,10.42.0.2,1883,50286,5,234,0,1,1,0,0,0,0,0,0,0,0,0.0,0,,0,0,,0,0,0,0,0,0,0,0,0.0,0,0,0,0,0,64.0,64007.0,0,0,0,54,eth:ethertype:ip:tcp,,,,,,,,,,,0.0,Normal,0.0
1744312205110321,10.42.0.1,10.42.0.139,1883,50287,0,1,1,1,0,0,0,0,0,0,0,0,0,0.0,0,,0,0,,0,0,0,0,0,0,0,0,0.0,0,0,0,0,0,64.0,64240.0,0,0,0,58,eth:ethertype:ip:tcp,,,,,,,,,,,0.0,Normal,0.0
1744312205116354,10.42.0.1,10.42.0.139,1883,50287,1,4,0,1,0,0,0,0,0,0,0,0,0,0.0,0,,0,0,,0,0,0,0,0,0,0,0,0.0,0,0,0,0,0,64.0,64237.0,0,0,0,54,eth:ethertype:ip:tcp,,,,,,,,,,,0.0,Normal,0.0
1744312205119685,10.42.0.1,10.42.0.139,1883,50287,1,33,0,1,0,0,0,0,0,0,0,0,0,0.0,0,,0,0,,0,0,0,0,0,0,0,0,0.0,0,0,0,0,0,64.0,64208.0,0,0,0,54,eth:ethertype:ip:tcp,,,,,,,,,,,0.0,Normal,0.0
1744312205122927,10.42.0.1,10.42.0.139,1883,50287,1,45,0,1,0,0,0,0,0,0,0,0,0,0.0,0,,0,0,,0,0,0,0,0,0,0,0,0.0,0,0,0,0,0,64.0,64196.0,0,0,0,54,eth:ethertype:ip:tcp,,,,,,,,,,,0.0,Normal,0.0
1744312205123300,10.42.0.1,10.42.0.139,1883,50287,1,45,0,1,0,0,1,0,4,0,0,0,0,0.0,0,,0,2,,0,0,0,0,2,0,0,0,0.0,0x00,0,0,0,0,64.0,64196.0,0,0,0,58,eth:ethertype:ip:tcp:mqtt,,,,,,,,,,,0.0,Normal,0.0
1744312205171085,10.42.0.1,10.42.0.139,1883,50287,5,234,0,1,0,0,0,0,0,0,0,0,0,0.0,0,,0,0,,0,0,0,0,0,0,0,0,0.0,0,0,0,0,0,64.0,64007.0,0,0,0,54,eth:ethertype:ip:tcp,,,,,,,,,,,0.0,Normal,0.0
1744312205171163,10.42.0.1,10.42.0.139,1883,50287,5,234,0,1,1,0,0,0,0,0,0,0,0,0.0,0,,0,0,,0,0,0,0,0,0,0,0,0.0,0,0,0,0,0,64.0,64007.0,0,0,0,54,eth:ethertype:ip:tcp,,,,,,,,,,,0.0,Normal,0.0
1744312220110321,10.42.0.1,10.42.0.2,1883,50287,0,1,1,1,0,0,0,0,0,0,0,0,0,0.0,0,,0,0,,0,0,0,0,0,0,0,0,0.0,0,0,0,0,0,64.0,64240.0,0,0,0,58,eth:ethertype:ip:tcp,,,,,,,,,,,0.0,Normal,0.0
1744312220116354,10.42.0.1,10.42.0.2,1883,50287,1,4,0,1,0,0,0,0,0,0,0,0,0,0.0,0,,0,0,,0,0,0,0,0,0,0,0,0.0,0,0,0,0,0,64.0,64237.0,0,0,0,54,eth:ethertype:ip:tcp,,,,,,,,,,,0.0,Normal,0.0
1744312220119685,10.42.0.1,10.42.0.2,1883,50287,1,33,0,1,0,0,0,0,0,0,0,0,0,0.0,0,,0,0,,0,0,0,0,0,0,0,0,0.0,0,0,0,0,0,64.0,64208.0,0,0,0,54,eth:ethertype:ip:tcp,,,,,,,,,,,0.0,Normal,0.0
1744312220122927,10.42.0.1,10.42.0.2,1883,50287,1,45,0,1,0,0,0,0,0,0,0,0,0,0.0,0,,0,0,,0,0,0,0,0,0,0,0,0.0,0,0,0,0,0,64.0,64196.0,0,0,0,54,eth:ethertype:ip:tcp,,,,,,,,,,,0.0,Normal,0.0
1744312220123300,10.42.0.1,10.42.0.2,1883,50287,1,45,0,1,0,0,1,0,4,0,0,0,0,0.0,0,,0,2,,0,0,0,0,2,0,0,0,0.0,0x00,0,0,0,0,64.0,64196.0,0,0,0,58,eth:ethertype:ip:tcp:mqtt,,,,,,,,,,,0.0,Normal,0.0
1744312220171085,10.42.0.1,10.42.0.2,1883,50287,5,234,0,1,0,0,0,0,0,0,0,0,0,0.0,0,,0,0,,0,0,0,0,0,0,0,0,0.0,0,0,0,0,0,64.0,64007.0,0,0,0,54,eth:ethertype:ip:tcp,,,,,,,,,,,0.0,Normal,0.0
1744312220171163,10.42.0.1,10.42.0.2,1883,50287,5,234,0,1,1,0,0,0,0,0,0,0,0,0.0,0,,0,0,,0,0,0,0,0,0,0,0,0.0,0,0,0,0,0,64.0,64007.0,0,0,0,54,eth:ethertype:ip:tcp,,,,,,,,,,,0.0,Normal,0.0
1744312235179698,10.42.0.1,10.42.0.139,1883,50288,0,1,1,1,0,0,0,0,0,0,0,0,0,0.0,0,,0,0,,0,0,0,0,0,0,0,0,0.0,0,0,0,0,0,64.0,64240.0,0,0,0,58,eth:ethertype:ip:tcp,,,,,,,,,,,0.0,Normal,0.0
1744312235185791,10.42.0.1,10.42.0.139,1883,50288,1,4,0,1,0,0,0,0,0,0,0,0,0,0.0,0,,0,0,,0,0,0,0,0,0,0,0,0.0,0,0,0,0,0,64.0,64237.0,0,0,0,54,eth:ethertype:ip:tcp,,,,,,,,,,,0.0,Normal,0.0
1744312235189187,10.42.0.1,10.42.0.139,1883,50288,1,33,0,1,0,0,0,0,0,0,0,0,0,0.0,0,,0,0,,0,0,0,0,0,0,0,0,0.0,0,0,0,0,0,64.0,64208.0,0,0,0,54,eth:ethertype:ip:tcp,,,,,,,,,,,0.0,Normal,0.0
1744312235192813,10.42.0.1,10.42.0.139,1883,50288,1,45,0,1,0,0,0,0,0,0,0,0,0,0.0,0,,0,0,,0,0,0,0,0,0,0,0,0.0,0,0,0,0,0,64.0,64196.0,0,0,0,54,eth:ethertype:ip:tcp,,,,,,,,,,,0.0,Normal,0.0
1744312235193147,10.42.0.1,10.42.0.139,1883,50288,1,45,0,1,0,0,1,0,4,0,0,0,0,0.0,0,,0,2,,0,0,0,0,2,0,0,0,0.0,0x00,0,0,0,0,64.0,64196.0,0,0,0,58,eth:ethertype:ip:tcp:mqtt,,,,,,,,,,,0.0,Normal,0.0
1744312235240015,10.42.0.1,10.42.0.139,1883,50288,5,234,0,1,0,0,0,0,0,0,0,0,0,0.0,0,,0,0,,0,0,0,0,0,0,0,0,0.0,0,0,0,0,0,64.0,64007.0,0,0,0,54,eth:ethertype:ip:tcp,,,,,,,,,,,0.0,Normal,0.0
1744312235240101,10.42.0.1,10.42.0.139,1883,50288,5,234,0,1,1,0,0,0,0,0,0,0,0,0.0,0,,0,0,,0,0,0,0,0,0,0,0,0.0,0,0,0,0,0,64.0,64007.0,0,0,0,54,eth:ethertype:ip:tcp,,,,,,,,,,,0.0,Normal,0.0
1744312250179698,10.42.0.1,10.42.0.2,1883,50288,0,1,1,1,0,0,0,0,0,0,0,0,0,0.0,0,,0,0,,0,0,0,0,0,0,0,0,0.0,0,0,0,0,0,64.0,64240.0,0,0,0,58,eth:ethertype:ip:tcp,,,,,,,,,,,0.0,Normal,0.0
1744312250185791,10.42.0.1,10.42.0.2,1883,50288,1,4,0,1,0,0,0,0,0,0,0,0,0,0.0,0,,0,0,,0,0,0,0,0,0,0,0,0.0,0,0,0,0,0,64.0,64237.0,0,0,0,54,eth:ethertype:ip:tcp,,,,,,,,,,,0.0,Normal,0.0
1744312250189187,10.42.0.1,10.42.0.2,1883,50288,1,33,0,1,0,0,0,0,0,0,0,0,0,0.0,0,,0,0,,0,0,0,0,0,0,0,0,0.0,0,0,0,0,0,64.0,64208.0,0,0,0,54,eth:ethertype:ip:tcp,,,,,,,,,,,0.0,Normal,0.0
1744312250192813,10.42.0.1,10.42.0.2,1883,50288,1,45,0,1,0,0,0,0,0,0,0,0,0,0.0,0,,0,0,,0,0,0,0,0,0,0,0,0.0,0,0,0,0,0,64.0,64196.0,0,0,0,54,eth:ethertype:ip:tcp,,,,,,,,,,,0.0,Normal,0.0
1744312250193147,10.42.0.1,10.42.0.2,1883,50288,1,45,0,1,0,0,1,0,4,0,0,0,0,0.0,0,,0,2,,0,0,0,0,2,0,0,0,0.0,0x00,0,0,0,0,64.0,64196.0,0,0,0,58,eth:ethertype:ip:tcp:mqtt,,,,,,,,,,,0.0,Normal,0.0
1744312250240015,10.42.0.1,10.42.0.2,1883,50288,5,234,0,1,0,0,0,0,0,0,0,0,0,0.0,0,,0,0,,0,0,0,0,0,0,0,0,0.0,0,0,0,0,0,64.0,64007.0,0,0,0,54,eth:ethertype:ip:tcp,,,,,,,,,,,0.0,Normal,0.0
1744312250240101,10.42.0.1,10.42.0.2,1883,50288,5,234,0,1,1,0,0,0,0,0,0,0,0,0.0,0,,0,0,,0,0,0,0,0,0,0,0,0.0,0,0,0,0,0,64.0,64007.0,0,0,0,54,eth:ethertype:ip:tcp,,,,,,,,,,,0.0,Normal,0.0
1744312265248741,10.42.0.1,10.42.0.139,1883,50289,0,1,1,1,0,0,0,0,0,0,0,0,0,0.0,0,,0,0,,0,0,0,0,0,0,0,0,0.0,0,0,0,0,0,64.0,64240.0,0,0,0,58,eth:ethertype:ip:tcp,,,,,,,,,,,0.0,Normal,0.0
1744312265254767,10.42.0.1,10.42.0.139,1883,50289,1,4,0,1,0,0,0,0,0,0,0,0,0,0.0,0,,0,0,,0,0,0,0,0,0,0,0,0.0,0,0,0,0,0,64.0,64237.0,0,0,0,54,eth:ethertype:ip:tcp,,,,,,,,,,,0.0,Normal,0.0
1744312265258316,10.42.0.1,10.42.0.139,1883,50289,1,33,0,1,0,0,0,0,0,0,0,0,0,0.0,0,,0,0,,0,0,0,0,0,0,0,0,0.0,0,0,0,0,0,64.0,64208.0,0,0,0,54,eth:ethertype:ip:tcp,,,,,,,,,,,0.0,Normal,0.0
1744312265261459,10.42.0.1,10.42.0.139,1883,50289,1,45,0,1,0,0,0,0,0,0,0,0,0,0.0,0,,0,0,,0,0,0,0,0,0,0,0,0.0,0,0,0,0,0,64.0,64196.0,0,0,0,54,eth:ethertype:ip:tcp,,,,,,,,,,,0.0,Normal,0.0
1744312265261808,10.42.0.1,10.42.0.139,1883,50289,1,45,0,1,0,0,1,0,4,0,0,0,0,0.0,0,,0,2,,0,0,0,0,2,0,0,0,0.0,0x00,0,0,0,0,64.0,64196.0,0,0,0,58,eth:ethertype:ip:tcp:mqtt,,,,,,,,,,,0.0,Normal,0.0
1744312265309195,10.42.0.1,10.42.0.139,1883,50289,5,234,0,1,0,0,0,0,0,0,0,0,0,0.0,0,,0,0,,0,0,0,0,0,0,0,0,0.0,0,0,0,0,0,64.0,64007.0,0,0,0,54,eth:ethertype:ip:tcp,,,,,,,,,,,0.0,Normal,0.0
1744312265309235,10.42.0.1,10.42.0.139,1883,50289,5,234,0,1,1,0,0,0,0,0,0,0,0,0.0,0,,0,0,,0,0,0,0,0,0,0,0,0.0,0,0,0,0,0,64.0,64007.0,0,0,0,54,eth:ethertype:ip:tcp,,,,,,,,,,,0.0,Normal,0.0
1744312280248741,10.42.0.1,10.42.0.2,1883,50289,0,1,1,1,0,0,0,0,0,0,0,0,0,0.0,0,,0,0,,0,0,0,0,0,0,0,0,0.0,0,0,0,0,0,64.0,64240.0,0,0,0,58,eth:ethertype:ip:tcp,,,,,,,,,,,0.0,Normal,0.0
1744312280254767,10.42.0.1,10.42.0.2,1883,50289,1,4,0,1,0,0,0,0,0,0,0,0,0,0.0,0,,0,0,,0,0,0,0,0,0,0,0,0.0,0,0,0,0,0,64.0,64237.0,0,0,0,54,eth:ethertype:ip:tcp,,,,,,,,,,,0.0,Normal,0.0
1744312280258316,10.42.0.1,10.42.0.2,1883,50289,1,33,0,1,0,0,0,0,0,0,0,0,0,0.0,0,,0,0,,0,0,0,0,0,0,0,0,0.0,0,0,0,0,0,64.0,64208.0,0,0,0,54,eth:ethertype:ip:tcp,,,,,,,,,,,0.0,Normal,0.0
1744312280261459,10.42.0.1,10.42.0.2,1883,50289,1,45,0,1,0,0,0,0,0,0,0,0,0,0.0,0,,0,0,,0,0,0,0,0,0,0,0,0.0,0,0,0,0,0,64.0,64196.0,0,0,0,54,eth:ethertype:ip:tcp,,,,,,,,,,,0.0,Normal,0.0
1744312280261808,10.42.0.1,10.42.0.2,1883,50289,1,45,0,1,0,0,1,0,4,0,0,0,0,0.0,0,,0,2,,0,0,0,0,2,0,0,0,0.0,0x00,0,0,0,0,64.0,64196.0,0,0,0,58,eth:ethertype:ip:tcp:mqtt,,,,,,,,,,,0.0,Normal,0.0
1744312280309195,10.42.0.1,10.42.0.2,1883,50289,5,234,0,1,0,0,0,0,0,0,0,0,0,0.0,0,,0,0,,0,0,0,0,0,0,0,0,0.0,0,0,0,0,0,64.0,64007.0,0,0,0,54,eth:ethertype:ip:tcp,,,,,,,,,,,0.0,Normal,0.0
1744312280309235,10.42.0.1,10.42.0.2,1883,50289,5,234,0,1,1,0,0,0,0,0,0,0,0,0.0,0,,0,0,,0,0,0,0,0,0,0,0,0.0,0,0,0,0,0,64.0,64007.0,0,0,0,54,eth:ethertype:ip:tcp,,,,,,,,,,,0.0,Normal,0.0
1744312295318719,10.42.0.1,10.42.0.139,1883,50290,0,1,1,1,0,0,0,0,0,0,0,0,0,0.0,0,,0,0,,0,0,0,0,0,0,0,0,0.0,0,0,0,0,0,64.0,64240.0,0,0,0,58,eth:ethertype:ip:tcp,,,,,,,,,,,0.0,Normal,0.0
1744312295324719,10.42.0.1,10.42.0.139,1883,50290,1,4,0,1,0,0,0,0,0,0,0,0,0,0.0,0,,0,0,,0,0,0,0,0,0,0,0,0.0,0,0,0,0,0,64.0,64237.0,0,0,0,54,eth:ethertype:ip:tcp,,,,,,,,,,,0.0,Normal,0.0
1744312295328046,10.42.0.1,10.42.0.139,1883,50290,1,33,0,1,0,0,0,0,0,0,0,0,0,0.0,0,,0,0,,0,0,0,0,0,0,0,0,0.0,0,0,0,0,0,64.0,64208.0,0,0,0,54,eth:ethertype:ip:tcp,,,,,,,,,,,0.0,Normal,0.0
1744312295330992,10.42.0.1,10.42.0.139,1883,50290,1,45,0,1,0,0,0,0,0,0,0,0,0,0.0,0,,0,0,,0,0,0,0,0,0,0,0,0.0,0,0,0,0,0,64.0,64196.0,0,0,0,54,eth:ethertype:ip:tcp,,,,,,,,,,,0.0,Normal,0.0
1744312295331244,10.42.0.1,10.42.0.139,1883,50290,1,45,0,1,0,0,1,0,4,0,0,0,0,0.0,0,,0,2,,0,0,0,0,2,0,0,0,0.0,0x00,0,0,0,0,64.0,64196.0,0,0,0,58,eth:ethertype:ip:tcp:mqtt,,,,,,,,,,,0.0,Normal,0.0
1744312295378668,10.42.0.1,10.42.0.139,1883,50290,5,234,0,1,0,0,0,0,0,0,0,0,0,0.0,0,,0,0,,0,0,0,0,0,0,0,0,0.0,0,0,0,0,0,64.0,64007.0,0,0,0,54,eth:ethertype:ip:tcp,,,,,,,,,,,0.0,Normal,0.0
1744312295378712,10.42.0.1,10.42.0.139,1883,50290,5,234,0,1,1,0,0,0,0,0,0,0,0,0.0,0,,0,0,,0,0,0,0,0,0,0,0,0.0,0,0,0,0,0,64.0,64007.0,0,0,0,54,eth:ethertype:ip:tcp,,,,,,,,,,,0.0,Normal,0.0
1744312310318719,10.42.0.1,10.42.0.2,1883,50290,0,1,1,1,0,0,0,0,0,0,0,0,0,0.0,0,,0,0,,0,0,0,0,0,0,0,0,0.0,0,0,0,0,0,64.0,64240.0,0,0,0,58,eth:ethertype:ip:tcp,,,,,,,,,,,0.0,Normal,0.0
1744312310324719,10.42.0.1,10.42.0.2,1883,50290,1,4,0,1,0,0,0,0,0,0,0,0,0,0.0,0,,0,0,,0,0,0,0,0,0,0,0,0.0,0,0,0,0,0,64.0,64237.0,0,0,0,54,eth:ethertype:ip:tcp,,,,,,,,,,,0.0,Normal,0.0
1744312310328046,10.42.0.1,10.42.0.2,1883,50290,1,33,0,1,0,0,0,0,0,0,0,0,0,0.0,0,,0,0,,0,0,0,0,0,0,0,0,0.0,0,0,0,0,0,64.0,64208.0,0,0,0,54,eth:ethertype:ip:tcp,,,,,,,,,,,0.0,Normal,0.0
1744312310330992,10.42.0.1,10.42.0.2,1883,50290,1,45,0,1,0,0,0,0,0,0,0,0,0,0.0,0,,0,0,,0,0,0,0,0,0,0,0,0.0,0,0,0,0,0,64.0,64196.0,0,0,0,54,eth:ethertype:ip:tcp,,,,,,,,,,,0.0,Normal,0.0
1744312310331244,10.42.0.1,10.42.0.2,1883,50290,1,45,0,1,0,0,1,0,4,0,0,0,0,0.0,0,,0,2,,0,0,0,0,2,0,0,0,0.0,0x00,0,0,0,0,64.0,64196.0,0,0,0,58,eth:ethertype:ip:tcp:mqtt,,,,,,,,,,,0.0,Normal,0.0
1744312310378668,10.42.0.1,10.42.0.2,1883,50290,5,234,0,1,0,0,0,0,0,0,0,0,0,0.0,0,,0,0,,0,0,0,0,0,0,0,0,0.0,0,0,0,0,0,64.0,64007.0,0,0,0,54,eth:ethertype:ip:tcp,,,,,,,,,,,0.0,Normal,0.0
1744312310378712,10.42.0.1,10.42.0.2,1883,50290,5,234,0,1,1,0,0,0,0,0,0,0,0,0.0,0,,0,0,,0,0,0,0,0,0,0,0,0.0,0,0,0,0,0,64.0,64007.0,0,0,0,54,eth:ethertype:ip:tcp,,,,,,,,,,,0.0,Normal,0.0
1744312325386576,10.42.0.1,10.42.0.139,1883,50291,0,1,1,1,0,0,0,0,0,0,0,0,0,0.0,0,,0,0,,0,0,0,0,0,0,0,0,0.0,0,0,0,0,0,64.0,64240.0,0,0,0,58,eth:ethertype:ip:tcp,,,,,,,,,,,0.0,Normal,0.0
1744312325392683,10.42.0.1,10.42.0.139,1883,50291,1,4,0,1,0,0,0,0,0,0,0,0,0,0.0,0,,0,0,,0,0,0,0,0,0,0,0,0.0,0,0,0,0,0,64.0,64237.0,0,0,0,54,eth:ethertype:ip:tcp,,,,,,,,,,,0.0,Normal,0.0
1744312325396148,10.42.0.1,10.42.0.139,1883,50291,1,33,0,1,0,0,0,0,0,0,0,0,0,0.0,0,,0,0,,0,0,0,0,0,0,0,0,0.0,0,0,0,0,0,64.0,64208.0,0,0,0,54,eth:ethertype:ip:tcp,,,,,,,,,,,0.0,Normal,0.0
1744312325399130,10.42.0.1,10.42.0.139,1883,50291,1,45,0,1,0,0,0,0,0,0,0,0,0,0.0,0,,0,0,,0,0,0,0,0,0,0,0,0.0,0,0,0,0,0,64.0,64196.0,0,0,0,54,eth:ethertype:ip:tcp,,,,,,,,,,,0.0,Normal,0.0
1744312325399478,10.42.0.1,10.42.0.139,1883,50291,1,45,0,1,0,0,1,0,4,0,0,0,0,0.0,0,,0,2,,0,0,0,0,2,0,0,0,0.0,0x00,0,0,0,0,64.0,64196.0,0,0,0,58,eth:ethertype:ip:tcp:mqtt,,,,,,,,,,,0.0,Normal,0.0
1744312325447810,10.42.0.1,10.42.0.139,1883,50291,5,234,0,1,0,0,0,0,0,0,0,0,0,0.0,0,,0,0,,0,0,0,0,0,0,0,0,0.0,0,0,0,0,0,64.0,64007.0,0,0,0,54,eth:ethertype:ip:tcp,,,,,,,,,,,0.0,Normal,0.0
1744312325447850,10.42.0.1,10.42.0.139,1883,50291,5,234,0,1,1,0,0,0,0,0,0,0,0,0.0,0,,0,0,,0,0,0,0,0,0,0,0,0.0,0,0,0,0,0,64.0,64007.0,0,0,0,54,eth:ethertype:ip:tcp,,,,,,,,,,,0.0,Normal,0.0
1744312340386576,10.42.0.1,10.42.0.2,1883,50291,0,1,1,1,0,0,0,0,0,0,0,0,0,0.0,0,,0,0,,0,0,0,0,0,0,0,0,0.0,0,0,0,0,0,64.0,64240.0,0,0,0,58,eth:ethertype:ip:tcp,,,,,,,,,,,0.0,Normal,0.0
1744312340392683,10.42.0.1,10.42.0.2,1883,50291,1,4,0,1,0,0,0,0,0,0,0,0,0,0.0,0,,0,0,,0,0,0,0,0,0,0,0,0.0,0,0,0,0,0,64.0,64237.0,0,0,0,54,eth:ethertype:ip:tcp,,,,,,,,,,,0.0,Normal,0.0
1744312340396148,10.42.0.1,10.42.0.2,1883,50291,1,33,0,1,0,0,0,0,0,0,0,0,0,0.0,0,,0,0,,0,0,0,0,0,0,0,0,0.0,0,0,0,0,0,64.0,64208.0,0,0,0,54,eth:ethertype:ip:tcp,,,,,,,,,,,0.0,Normal,0.0
1744312340399130,10.42.0.1,10.42.0.2,1883,50291,1,45,0,1,0,0,0,0,0,0,0,0,0,0.0,0,,0,0,,0,0,0,0,0,0,0,0,0.0,0,0,0,0,0,64.0,64196.0,0,0,0,54,eth:ethertype:ip:tcp,,,,,,,,,,,0.0,Normal,0.0
1744312340399478,10.42.0.1,10.42.0.2,1883,50291,1,45,0,1,0,0,1,0,4,0,0,0,0,0.0,0,,0,2,,0,0,0,0,2,0,0,0,0.0,0x00,0,0,0,0,64.0,64196.0,0,0,0,58,eth:ethertype:ip:tcp:mqtt,,,,,,,,,,,0.0,Normal,0.0
1744312340447810,10.42.0.1,10.42.0.2,1883,50291,5,234,0,1,0,0,0,0,0,0,0,0,0,0.0,0,,0,0,,0,0,0,0,0,0,0,0,0.0,0,0,0,0,0,64.0,64007.0,0,0,0,54,eth:ethertype:ip:tcp,,,,,,,,,,,0.0,Normal,0.0
1744312340447850,10.42.0.1,10.42.0.2,1883,50291,5,234,0,1,1,0,0,0,0,0,0,0,0,0.0,0,,0,0,,0,0,0,0,0,0,0,0,0.0,0,0,0,0,0,64.0,64007.0,0,0,0,54,eth:ethertype:ip:tcp,,,,,,,,,,,0.0,Normal,0.0
1744312355456839,10.42.0.1,10.42.0.139,1883,50292,0,1,1,1,0,0,0,0,0,0,0,0,0,0.0,0,,0,0,,0,0,0,0,0,0,0,0,0.0,0,0,0,0,0,64.0,64240.0,0,0,0,58,eth:ethertype:ip:tcp,,,,,,,,,,,0.0,Normal,0.0
1744312355462893,10.42.0.1,10.42.0.139,1883,50292,1,4,0,1,0,0,0,0,0,0,0,0,0,0.0,0,,0,0,,0,0,0,0,0,0,0,0,0.0,0,0,0,0,0,64.0,64237.0,0,0,0,54,eth:ethertype:ip:tcp,,,,,,,,,,,0.0,Normal,0.0
1744312355466221,10.42.0.1,10.42.0.139,1883,50292,1,33,0,1,0,0,0,0,0,0,0,0,0,0.0,0,,0,0,,0,0,0,0,0,0,0,0,0.0,0,0,0,0,0,64.0,64208.0,0,0,0,54,eth:ethertype:ip:tcp,,,,,,,,,,,0.0,Normal,0.0
1744312355469198,10.42.0.1,10.42.0.139,1883,50292,1,45,0,1,0,0,0,0,0,0,0,0,0,0.0,0,,0,0,,0,0,0,0,0,0,0,0,0.0,0,0,0,0,0,64.0,64196.0,0,0,0,54,eth:ethertype:ip:tcp,,,,,,,,,,,0.0,Normal,0.0
1744312355469551,10.42.0.1,10.42.0.139,1883,50292,1,45,0,1,0,0,1,0,4,0,0,0,0,0.0,0,,0,2,,0,0,0,0,2,0,0,0,0.0,0x00,0,0,0,0,64.0,64196.0,0,0,0,58,eth:ethertype:ip:tcp:mqtt,,,,,,,,,,,0.0,Normal,0.0
1744312355517373,10.42.0.1,10.42.0.139,1883,50292,5,234,0,1,0,0,0,0,0,0,0,0,0,0.0,0,,0,0,,0,0,0,0,0,0,0,0,0.0,0,0,0,0,0,64.0,64007.0,0,0,0,54,eth:ethertype:ip:tcp,,,,,,,,,,,0.0,Normal,0.0
1744312355517450,10.42.0.1,10.42.0.139,1883,50292,5,234,0,1,1,0,0,0,0,0,0,0,0,0.0,0,,0,0,,0,0,0,0,0,0,0,0,0.0,0,0,0,0,0,64.0,64007.0,0,0,0,54,eth:ethertype:ip:tcp,,,,,,,,,,,0.0,Normal,0.0
1744312370456839,10.42.0.1,10.42.0.2,1883,50292,0,1,1,1,0,0,0,0,0,0,0,0,0,0.0,0,,0,0,,0,0,0,0,0,0,0,0,0.0,0,0,0,0,0,64.0,64240.0,0,0,0,58,eth:ethertype:ip:tcp,,,,,,,,,,,0.0,Normal,0.0
1744312370462893,10.42.0.1,10.42.0.2,1883,50292,1,4,0,1,0,0,0,0,0,0,0,0,0,0.0,0,,0,0,,0,0,0,0,0,0,0,0,0.0,0,0,0,0,0,64.0,64237.0,0,0,0,54,eth:ethertype:ip:tcp,,,,,,,,,,,0.0,Normal,0.0
1744312370466221,10.42.0.1,10.42.0.2,1883,50292,1,33,0,1,0,0,0,0,0,0,0,0,0,0.0,0,,0,0,,0,0,0,0,0,0,0,0,0.0,0,0,0,0,0,64.0,64208.0,0,0,0,54,eth:ethertype:ip:tcp,,,,,,,,,,,0.0,Normal,0.0
1744312370469198,10.42.0.1,10.42.0.2,1883,50292,1,45,0,1,0,0,0,0,0,0,0,0,0,0.0,0,,0,0,,0,0,0,0,0,0,0,0,0.0,0,0,0,0,0,64.0,64196.0,0,0,0,54,eth:ethertype:ip:tcp,,,,,,,,,,,0.0,Normal,0.0
1744312370469551,10.42.0.1,10.42.0.2,1883,50292,1,45,0,1,0,0,1,0,4,0,0,0,0,0.0,0,,0,2,,0,0,0,0,2,0,0,0,0.0,0x00,0,0,0,0,64.0,64196.0,0,0,0,58,eth:ethertype:ip:tcp:mqtt,,,,,,,,,,,0.0,Normal,0.0
1744312370517373,10.42.0.1,10.42.0.2,1883,50292,5,234,0,1,0,0,0,0,0,0,0,0,0,0.0,0,,0,0,,0,0,0,0,0,0,0,0,0.0,0,0,0,0,0,64.0,64007.0,0,0,0,54,eth:ethertype:ip:tcp,,,,,,,,,,,0.0,Normal,0.0
1744312370517450,10.42.0.1,10.42.0.2,1883,50292,5,234,0,1,1,0,0,0,0,0,0,0,0,0.0,0,,0,0,,0,0,0,0,0,0,0,0,0.0,0,0,0,0,0,64.0,64007.0,0,0,0,54,eth:ethertype:ip:tcp,,,,,,,,,,,0.0,Normal,0.0
1744312385526214,10.42.0.1,10.42.0.139,1883,50293,0,1,1,1,0,0,0,0,0,0,0,0,0,0.0,0,,0,0,,0,0,0,0,0,0,0,0,0.0,0,0,0,0,0,64.0,64240.0,0,0,0,58,eth:ethertype:ip:tcp,,,,,,,,,,,0.0,Normal,0.0
1744312385536655,10.42.0.1,10.42.0.139,1883,50293,1,4,0,1,0,0,0,0,0,0,0,0,0,0.0,0,,0,0,,0,0,0,0,0,0,0,0,0.0,0,0,0,0,0,64.0,64237.0,0,0,0,54,eth:ethertype:ip:tcp,,,,,,,,,,,0.0,Normal,0.0
1744312385540255,10.42.0.1,10.42.0.139,1883,50293,1,33,0,1,0,0,0,0,0,0,0,0,0,0.0,0,,0,0,,0,0,0,0,0,0,0,0,0.0,0,0,0,0,0,64.0,64208.0,0,0,0,54,eth:ethertype:ip:tcp,,,,,,,,,,,0.0,Normal,0.0
1744312385543516,10.42.0.1,10.42.0.139,1883,50293,1,45,0,1,0,0,0,0,0,0,0,0,0,0.0,0,,0,0,,0,0,0,0,0,0,0,0,0.0,0,0,0,0,0,64.0,64196.0,0,0,0,54,eth:ethertype:ip:tcp,,,,,,,,,,,0.0,Normal,0.0
1744312385543819,10.42.0.1,10.42.0.139,1883,50293,1,45,0,1,0,0,1,0,4,0,0,0,0,0.0,0,,0,2,,0,0,0,0,2,0,0,0,0.0,0x00,0,0,0,0,64.0,64196.0,0,0,0,58,eth:ethertype:ip:tcp:mqtt,,,,,,,,,,,0.0,Normal,0.0
1744312385597024,10.42.0.1,10.42.0.139,1883,50293,5,234,0,1,0,0,0,0,0,0,0,0,0,0.0,0,,0,0,,0,0,0,0,0,0,0,0,0.0,0,0,0,0,0,64.0,64007.0,0,0,0,54,eth:ethertype:ip:tcp,,,,,,,,,,,0.0,Normal,0.0
1744312385597064,10.42.0.1,10.42.0.139,1883,50293,5,234,0,1,1,0,0,0,0,0,0,0,0,0.0,0,,0,0,,0,0,0,0,0,0,0,0,0.0,0,0,0,0,0,64.0,64007.0,0,0,0,54,eth:ethertype:ip:tcp,,,,,,,,,,,0.0,Normal,0.0
1744312400526214,10.42.0.1,10.42.0.2,1883,50293,0,1,1,1,0,0,0,0,0,0,0,0,0,0.0,0,,0,0,,0,0,0,0,0,0,0,0,0.0,0,0,0,0,0,64.0,64240.0,0,0,0,58,eth:ethertype:ip:tcp,,,,,,,,,,,0.0,Normal,0.0
1744312400536655,10.42.0.1,10.42.0.2,1883,50293,1,4,0,1,0,0,0,0,0,0,0,0,0,0.0,0,,0,0,,0,0,0,0,0,0,0,0,0.0,0,0,0,0,0,64.0,64237.0,0,0,0,54,eth:ethertype:ip:tcp,,,,,,,,,,,0.0,Normal,0.0
1744312400540255,10.42.0.1,10.42.0.2,1883,50293,1,33,0,1,0,0,0,0,0,0,0,0,0,0.0,0,,0,0,,0,0,0,0,0,0,0,0,0.0,0,0,0,0,0,64.0,64208.0,0,0,0,54,eth:ethertype:ip:tcp,,,,,,,,,,,0.0,Normal,0.0
1744312400543516,10.42.0.1,10.42.0.2,1883,50293,1,45,0,1,0,0,0,0,0,0,0,0,0,0.0,0,,0,0,,0,0,0,0,0,0,0,0,0.0,0,0,0,0,0,64.0,64196.0,0,0,0,54,eth:ethertype:ip:tcp,,,,,,,,,,,0.0,Normal,0.0
1744312400543819,10.42.0.1,10.42.0.2,1883,50293,1,45,0,1,0,0,1,0,4,0,0,0,0,0.0,0,,0,2,,0,0,0,0,2,0,0,0,0.0,0x00,0,0,0,0,64.0,64196.0,0,0,0,58,eth:ethertype:ip:tcp:mqtt,,,,,,,,,,,0.0,Normal,0.0
1744312400597024,10.42.0.1,10.42.0.2,1883,50293,5,234,0,1,0,0,0,0,0,0,0,0,0,0.0,0,,0,0,,0,0,0,0,0,0,0,0,0.0,0,0,0,0,0,64.0,64007.0,0,0,0,54,eth:ethertype:ip:tcp,,,,,,,,,,,0.0,Normal,0.0
1744312400597064,10.42.0.1,10.42.0.2,1883,50293,5,234,0,1,1,0,0,0,0,0,0,0,0,0.0,0,,0,0,,0,0,0,0,0,0,0,0,0.0,0,0,0,0,0,64.0,64007.0,0,0,0,54,eth:ethertype:ip:tcp,,,,,,,,,,,0.0,Normal,0.0
1744312415605616,10.42.0.1,10.42.0.139,1883,50294,0,1,1,1,0,0,0,0,0,0,0,0,0,0.0,0,,0,0,,0,0,0,0,0,0,0,0,0.0,0,0,0,0,0,64.0,64240.0,0,0,0,58,eth:ethertype:ip:tcp,,,,,,,,,,,0.0,Normal,0.0
1744312415611735,10.42.0.1,10.42.0.139,1883,50294,1,4,0,1,0,0,0,0,0,0,0,0,0,0.0,0,,0,0,,0,0,0,0,0,0,0,0,0.0,0,0,0,0,0,64.0,64237.0,0,0,0,54,eth:ethertype:ip:tcp,,,,,,,,,,,0.0,Normal,0.0
1744312415615565,10.42.0.1,10.42.0.139,1883,50294,1,39,0,1,0,0,0,0,0,0,0,0,0,0.0,0,,0,0,,0,0,0,0,0,0,0,0,0.0,0,0,0,0,0,64.0,64202.0,0,0,0,54,eth:ethertype:ip:tcp,,,,,,,,,,,0.0,Normal,0.0
1744312415618443,10.42.0.1,10.42.0.139,1883,50294,1,45,0,1,0,0,0,0,0,0,0,0,0,0.0,0,,0,0,,0,0,0,0,0,0,0,0,0.0,0,0,0,0,0,64.0,64196.0,0,0,0,54,eth:ethertype:ip:tcp,,,,,,,,,,,0.0,Normal,0.0
1744312415618696,10.42.0.1,10.42.0.139,1883,50294,1,45,0,1,0,0,1,0,4,0,0,0,0,0.0,0,,0,2,,0,0,0,0,2,0,0,0,0.0,0x00,0,0,0,0,64.0,64196.0,0,0,0,58,eth:ethertype:ip:tcp:mqtt,,,,,,,,,,,0.0,Normal,0.0
1744312415666152,10.42.0.1,10.42.0.139,1883,50294,5,234,0,1,0,0,0,0,0,0,0,0,0,0.0,0,,0,0,,0,0,0,0,0,0,0,0,0.0,0,0,0,0,0,64.0,64007.0,0,0,0,54,eth:ethertype:ip:tcp,,,,,,,,,,,0.0,Normal,0.0
1744312415666190,10.42.0.1,10.42.0.139,1883,50294,5,234,0,1,1,0,0,0,0,0,0,0,0,0.0,0,,0,0,,0,0,0,0,0,0,0,0,0.0,0,0,0,0,0,64.0,64007.0,0,0,0,54,eth:ethertype:ip:tcp,,,,,,,,,,,0.0,Normal,0.0
1744312430605616,10.42.0.1,10.42.0.2,1883,50294,0,1,1,1,0,0,0,0,0,0,0,0,0,0.0,0,,0,0,,0,0,0,0,0,0,0,0,0.0,0,0,0,0,0,64.0,64240.0,0,0,0,58,eth:ethertype:ip:tcp,,,,,,,,,,,0.0,Normal,0.0
1744312430611735,10.42.0.1,10.42.0.2,1883,50294,1,4,0,1,0,0,0,0,0,0,0,0,0,0.0,0,,0,0,,0,0,0,0,0,0,0,0,0.0,0,0,0,0,0,64.0,64237.0,0,0,0,54,eth:ethertype:ip:tcp,,,,,,,,,,,0.0,Normal,0.0
1744312430615565,10.42.0.1,10.42.0.2,1883,50294,1,39,0,1,0,0,0,0,0,0,0,0,0,0.0,0,,0,0,,0,0,0,0,0,0,0,0,0.0,0,0,0,0,0,64.0,64202.0,0,0,0,54,eth:ethertype:ip:tcp,,,,,,,,,,,0.0,Normal,0.0
1744312430618443,10.42.0.1,10.42.0.2,1883,50294,1,45,0,1,0,0,0,0,0,0,0,0,0,0.0,0,,0,0,,0,0,0,0,0,0,0,0,0.0,0,0,0,0,0,64.0,64196.0,0,0,0,54,eth:ethertype:ip:tcp,,,,,,,,,,,0.0,Normal,0.0
1744312430618696,10.42.0.1,10.42.0.2,1883,50294,1,45,0,1,0,0,1,0,4,0,0,0,0,0.0,0,,0,2,,0,0,0,0,2,0,0,0,0.0,0x00,0,0,0,0,64.0,64196.0,0,0,0,58,eth:ethertype:ip:tcp:mqtt,,,,,,,,,,,0.0,Normal,0.0
1744312430666152,10.42.0.1,10.42.0.2,1883,50294,5,234,0,1,0,0,0,0,0,0,0,0,0,0.0,0,,0,0,,0,0,0,0,0,0,0,0,0.0,0,0,0,0,0,64.0,64007.0,0,0,0,54,eth:ethertype:ip:tcp,,,,,,,,,,,0.0,Normal,0.0
1744312430666190,10.42.0.1,10.42.0.2,1883,50294,5,234,0,1,1,0,0,0,0,0,0,0,0,0.0,0,,0,0,,0,0,0,0,0,0,0,0,0.0,0,0,0,0,0,64.0,64007.0,0,0,0,54,eth:ethertype:ip:tcp,,,,,,,,,,,0.0,Normal,0.0
1744312445675110,10.42.0.1,10.42.0.139,1883,50295,0,1,1,1,0,0,0,0,0,0,0,0,0,0.0,0,,0,0,,0,0,0,0,0,0,0,0,0.0,0,0,0,0,0,64.0,64240.0,0,0,0,58,eth:ethertype:ip:tcp,,,,,,,,,,,0.0,Normal,0.0
1744312445681108,10.42.0.1,10.42.0.139,1883,50295,1,4,0,1,0,0,0,0,0,0,0,0,0,0.0,0,,0,0,,0,0,0,0,0,0,0,0,0.0,0,0,0,0,0,64.0,64237.0,0,0,0,54,eth:ethertype:ip:tcp,,,,,,,,,,,0.0,Normal,0.0
1744312445684505,10.42.0.1,10.42.0.139,1883,50295,1,33,0,1,0,0,0,0,0,0,0,0,0,0.0,0,,0,0,,0,0,0,0,0,0,0,0,0.0,0,0,0,0,0,64.0,64208.0,0,0,0,54,eth:ethertype:ip:tcp,,,,,,,,,,,0.0,Normal,0.0
1744312445687559,10.42.0.1,10.42.0.139,1883,50295,1,45,0,1,0,0,0,0,0,0,0,0,0,0.0,0,,0,0,,0,0,0,0,0,0,0,0,0.0,0,0,0,0,0,64.0,64196.0,0,0,0,54,eth:ethertype:ip:tcp,,,,,,,,,,,0.0,Normal,0.0
1744312445687785,10.42.0.1,10.42.0.139,1883,50295,1,45,0,1,0,0,1,0,4,0,0,0,0,0.0,0,,0,2,,0,0,0,0,2,0,0,0,0.0,0x00,0,0,0,0,64.0,64196.0,0,0,0,58,eth:ethertype:ip:tcp:mqtt,,,,,,,,,,,0.0,Normal,0.0
1744312445735382,10.42.0.1,10.42.0.139,1883,50295,5,234,0,1,0,0,0,0,0,0,0,0,0,0.0,0,,0,0,,0,0,0,0,0,0,0,0,0.0,0,0,0,0,0,64.0,64007.0,0,0,0,54,eth:ethertype:ip:tcp,,,,,,,,,,,0.0,Normal,0.0
1744312445735456,10.42.0.1,10.42.0.139,1883,50295,5,234,0,1,1,0,0,0,0,0,0,0,0,0.0,0,,0,0,,0,0,0,0,0,0,0,0,0.0,0,0,0,0,0,64.0,64007.0,0,0,0,54,eth:ethertype:ip:tcp,,,,,,,,,,,0.0,Normal,0.0
1744312460675110,10.42.0.1,10.42.0.2,1883,50295,0,1,1,1,0,0,0,0,0,0,0,0,0,0.0,0,,0,0,,0,0,0,0,0,0,0,0,0.0,0,0,0,0,0,64.0,64240.0,0,0,0,58,eth:ethertype:ip:tcp,,,,,,,,,,,0.0,Normal,0.0
1744312460681108,10.42.0.1,10.42.0.2,1883,50295,1,4,0,1,0,0,0,0,0,0,0,0,0,0.0,0,,0,0,,0,0,0,0,0,0,0,0,0.0,0,0,0,0,0,64.0,64237.0,0,0,0,54,eth:ethertype:ip:tcp,,,,,,,,,,,0.0,Normal,0.0
1744312460684505,10.42.0.1,10.42.0.2,1883,50295,1,33,0,1,0,0,0,0,0,0,0,0,0,0.0,0,,0,0,,0,0,0,0,0,0,0,0,0.0,0,0,0,0,0,64.0,64208.0,0,0,0,54,eth:ethertype:ip:tcp,,,,,,,,,,,0.0,Normal,0.0
1744312460687559,10.42.0.1,10.42.0.2,1883,50295,1,45,0,1,0,0,0,0,0,0,0,0,0,0.0,0,,0,0,,0,0,0,0,0,0,0,0,0.0,0,0,0,0,0,64.0,64196.0,0,0,0,54,eth:ethertype:ip:tcp,,,,,,,,,,,0.0,Normal,0.0
1744312460687785,10.42.0.1,10.42.0.2,1883,50295,1,45,0,1,0,0,1,0,4,0,0,0,0,0.0,0,,0,2,,0,0,0,0,2,0,0,0,0.0,0x00,0,0,0,0,64.0,64196.0,0,0,0,58,eth:ethertype:ip:tcp:mqtt,,,,,,,,,,,0.0,Normal,0.0
1744312460735382,10.42.0.1,10.42.0.2,1883,50295,5,234,0,1,0,0,0,0,0,0,0,0,0,0.0,0,,0,0,,0,0,0,0,0,0,0,0,0.0,0,0,0,0,0,64.0,64007.0,0,0,0,54,eth:ethertype:ip:tcp,,,,,,,,,,,0.0,Normal,0.0
1744312460735456,10.42.0.1,10.42.0.2,1883,50295,5,234,0,1,1,0,0,0,0,0,0,0,0,0.0,0,,0,0,,0,0,0,0,0,0,0,0,0.0,0,0,0,0,0,64.0,64007.0,0,0,0,54,eth:ethertype:ip:tcp,,,,,,,,,,,0.0,Normal,0.0
1744312475744418,10.42.0.1,10.42.0.139,1883,50296,0,1,1,1,0,0,0,0,0,0,0,0,0,0.0,0,,0,0,,0,0,0,0,0,0,0,0,0.0,0,0,0,0,0,64.0,64240.0,0,0,0,58,eth:ethertype:ip:tcp,,,,,,,,,,,0.0,Normal,0.0
1744312475751791,10.42.0.1,10.42.0.139,1883,50296,1,4,0,1,0,0,0,0,0,0,0,0,0,0.0,0,,0,0,,0,0,0,0,0,0,0,0,0.0,0,0,0,0,0,64.0,64237.0,0,0,0,54,eth:ethertype:ip:tcp,,,,,,,,,,,0.0,Normal,0.0
1744312475755228,10.42.0.1,10.42.0.139,1883,50296,1,33,0,1,0,0,0,0,0,0,0,0,0,0.0,0,,0,0,,0,0,0,0,0,0,0,0,0.0,0,0,0,0,0,64.0,64208.0,0,0,0,54,eth:ethertype:ip:tcp,,,,,,,,,,,0.0,Normal,0.0
1744312475758794,10.42.0.1,10.42.0.139,1883,50296,1,45,0,1,0,0,0,0,0,0,0,0,0,0.0,0,,0,0,,0,0,0,0,0,0,0,0,0.0,0,0,0,0,0,64.0,64196.0,0,0,0,54,eth:ethertype:ip:tcp,,,,,,,,,,,0.0,Normal,0.0
1744312475759160,10.42.0.1,10.42.0.139,1883,50296,1,45,0,1,0,0,1,0,4,0,0,0,0,0.0,0,,0,2,,0,0,0,0,2,0,0,0,0.0,0x00,0,0,0,0,64.0,64196.0,0,0,0,58,eth:ethertype:ip:tcp:mqtt,,,,,,,,,,,0.0,Normal,0.0
1744312475804533,10.42.0.1,10.42.0.139,1883,50296,5,234,0,1,0,0,0,0,0,0,0,0,0,0.0,0,,0,0,,0,0,0,0,0,0,0,0,0.0,0,0,0,0,0,64.0,64007.0,0,0,0,54,eth:ethertype:ip:tcp,,,,,,,,,,,0.0,Normal,0.0
1744312475804572,10.42.0.1,10.42.0.139,1883,50296,5,234,0,1,1,0,0,0,0,0,0,0,0,0.0,0,,0,0,,0,0,0,0,0,0,0,0,0.0,0,0,0,0,0,64.0,64007.0,0,0,0,54,eth:ethertype:ip:tcp,,,,,,,,,,,0.0,Normal,0.0
1744312490744418,10.42.0.1,10.42.0.2,1883,50296,0,1,1,1,0,0,0,0,0,0,0,0,0,0.0,0,,0,0,,0,0,0,0,0,0,0,0,0.0,0,0,0,0,0,64.0,64240.0,0,0,0,58,eth:ethertype:ip:tcp,,,,,,,,,,,0.0,Normal,0.0
1744312490751791,10.42.0.1,10.42.0.2,1883,50296,1,4,0,1,0,0,0,0,0,0,0,0,0,0.0,0,,0,0,,0,0,0,0,0,0,0,0,0.0,0,0,0,0,0,64.0,64237.0,0,0,0,54,eth:ethertype:ip:tcp,,,,,,,,,,,0.0,Normal,0.0
1744312490755228,10.42.0.1,10.42.0.2,1883,50296,1,33,0,1,0,0,0,0,0,0,0,0,0,0.0,0,,0,0,,0,0,0,0,0,0,0,0,0.0,0,0,0,0,0,64.0,64208.0,0,0,0,54,eth:ethertype:ip:tcp,,,,,,,,,,,0.0,Normal,0.0
1744312490758794,10.42.0.1,10.42.0.2,1883,50296,1,45,0,1,0,0,0,0,0,0,0,0,0,0.0,0,,0,0,,0,0,0,0,0,0,0,0,0.0,0,0,0,0,0,64.0,64196.0,0,0,0,54,eth:ethertype:ip:tcp,,,,,,,,,,,0.0,Normal,0.0
1744312490759160,10.42.0.1,10.42.0.2,1883,50296,1,45,0,1,0,0,1,0,4,0,0,0,0,0.0,0,,0,2,,0,0,0,0,2,0,0,0,0.0,0x00,0,0,0,0,64.0,64196.0,0,0,0,58,eth:ethertype:ip:tcp:mqtt,,,,,,,,,,,0.0,Normal,0.0
1744312490804533,10.42.0.1,10.42.0.2,1883,50296,5,234,0,1,0,0,0,0,0,0,0,0,0,0.0,0,,0,0,,0,0,0,0,0,0,0,0,0.0,0,0,0,0,0,64.0,64007.0,0,0,0,54,eth:ethertype:ip:tcp,,,,,,,,,,,0.0,Normal,0.0
1744312490804572,10.42.0.1,10.42.0.2,1883,50296,5,234,0,1,1,0,0,0,0,0,0,0,0,0.0,0,,0,0,,0,0,0,0,0,0,0,0,0.0,0,0,0,0,0,64.0,64007.0,0,0,0,54,eth:ethertype:ip:tcp,,,,,,,,,,,0.0,Normal,0.0
1744312505813317,10.42.0.1,10.42.0.139,1883,50297,0,1,1,1,0,0,0,0,0,0,0,0,0,0.0,0,,0,0,,0,0,0,0,0,0,0,0,0.0,0,0,0,0,0,64.0,64240.0,0,0,0,58,eth:ethertype:ip:tcp,,,,,,,,,,,0.0,Normal,0.0
1744312505819234,10.42.0.1,10.42.0.139,1883,50297,1,4,0,1,0,0,0,0,0,0,0,0,0,0.0,0,,0,0,,0,0,0,0,0,0,0,0,0.0,0,0,0,0,0,64.0,64237.0,0,0,0,54,eth:ethertype:ip:tcp,,,,,,,,,,,0.0,Normal,0.0
1744312505822656,10.42.0.1,10.42.0.139,1883,50297,1,33,0,1,0,0,0,0,0,0,0,0,0,0.0,0,,0,0,,0,0,0,0,0,0,0,0,0.0,0,0,0,0,0,64.0,64208.0,0,0,0,54,eth:ethertype:ip:tcp,,,,,,,,,,,0.0,Normal,0.0
1744312505825751,10.42.0.1,10.42.0.139,1883,50297,1,45,0,1,0,0,0,0,0,0,0,0,0,0.0,0,,0,0,,0,0,0,0,0,0,0,0,0.0,0,0,0,0,0,64.0,64196.0,0,0,0,54,eth:ethertype:ip:tcp,,,,,,,,,,,0.0,Normal,0.0
1744312505826088,10.42.0.1,10.42.0.139,1883,50297,1,45,0,1,0,0,1,0,4,0,0,0,0,0.0,0,,0,2,,0,0,0,0,2,0,0,0,0.0,0x00,0,0,0,0,64.0,64196.0,0,0,0,58,eth:ethertype:ip:tcp:mqtt,,,,,,,,,,,0.0,Normal,0.0
1744312505874051,10.42.0.1,10.42.0.139,1883,50297,5,234,0,1,0,0,0,0,0,0,0,0,0,0.0,0,,0,0,,0,0,0,0,0,0,0,0,0.0,0,0,0,0,0,64.0,64007.0,0,0,0,54,eth:ethertype:ip:tcp,,,,,,,,,,,0.0,Normal,0.0
1744312505874090,10.42.0.1,10.42.0.139,1883,50297,5,234,0,1,1,0,0,0,0,0,0,0,0,0.0,0,,0,0,,0,0,0,0,0,0,0,0,0.0,0,0,0,0,0,64.0,64007.0,0,0,0,54,eth:ethertype:ip:tcp,,,,,,,,,,,0.0,Normal,0.0
1744312520813317,10.42.0.1,10.42.0.2,1883,50297,0,1,1,1,0,0,0,0,0,0,0,0,0,0.0,0,,0,0,,0,0,0,0,0,0,0,0,0.0,0,0,0,0,0,64.0,64240.0,0,0,0,58,eth:ethertype:ip:tcp,,,,,,,,,,,0.0,Normal,0.0
1744312520819234,10.42.0.1,10.42.0.2,1883,50297,1,4,0,1,0,0,0,0,0,0,0,0,0,0.0,0,,0,0,,0,0,0,0,0,0,0,0,0.0,0,0,0,0,0,64.0,64237.0,0,0,0,54,eth:ethertype:ip:tcp,,,,,,,,,,,0.0,Normal,0.0
1744312520822656,10.42.0.1,10.42.0.2,1883,50297,1,33,0,1,0,0,0,0,0,0,0,0,0,0.0,0,,0,0,,0,0,0,0,0,0,0,0,0.0,0,0,0,0,0,64.0,64208.0,0,0,0,54,eth:ethertype:ip:tcp,,,,,,,,,,,0.0,Normal,0.0
1744312520825751,10.42.0.1,10.42.0.2,1883,50297,1,45,0,1,0,0,0,0,0,0,0,0,0,0.0,0,,0,0,,0,0,0,0,0,0,0,0,0.0,0,0,0,0,0,64.0,64196.0,0,0,0,54,eth:ethertype:ip:tcp,,,,,,,,,,,0.0,Normal,0.0
1744312520826088,10.42.0.1,10.42.0.2,1883,50297,1,45,0,1,0,0,1,0,4,0,0,0,0,0.0,0,,0,2,,0,0,0,0,2,0,0,0,0.0,0x00,0,0,0,0,64.0,64196.0,0,0,0,58,eth:ethertype:ip:tcp:mqtt,,,,,,,,,,,0.0,Normal,0.0
1744312520874051,10.42.0.1,10.42.0.2,1883,50297,5,234,0,1,0,0,0,0,0,0,0,0,0,0.0,0,,0,0,,0,0,0,0,0,0,0,0,0.0,0,0,0,0,0,64.0,64007.0,0,0,0,54,eth:ethertype:ip:tcp,,,,,,,,,,,0.0,Normal,0.0
1744312520874090,10.42.0.1,10.42.0.2,1883,50297,5,234,0,1,1,0,0,0,0,0,0,0,0,0.0,0,,0,0,,0,0,0,0,0,0,0,0,0.0,0,0,0,0,0,64.0,64007.0,0,0,0,54,eth:ethertype:ip:tcp,,,,,,,,,,,0.0,Normal,0.0
1744312535882761,10.42.0.1,10.42.0.139,1883,50298,0,1,1,1,0,0,0,0,0,0,0,0,0,0.0,0,,0,0,,0,0,0,0,0,0,0,0,0.0,0,0,0,0,0,64.0,64240.0,0,0,0,58,eth:ethertype:ip:tcp,,,,,,,,,,,0.0,Normal,0.0
1744312535888917,10.42.0.1,10.42.0.139,1883,50298,1,4,0,1,0,0,0,0,0,0,0,0,0,0.0,0,,0,0,,0,0,0,0,0,0,0,0,0.0,0,0,0,0,0,64.0,64237.0,0,0,0,54,eth:ethertype:ip:tcp,,,,,,,,,,,0.0,Normal,0.0
1744312535892424,10.42.0.1,10.42.0.139,1883,50298,1,33,0,1,0,0,0,0,0,0,0,0,0,0.0,0,,0,0,,0,0,0,0,0,0,0,0,0.0,0,0,0,0,0,64.0,64208.0,0,0,0,54,eth:ethertype:ip:tcp,,,,,,,,,,,0.0,Normal,0.0
1744312535895455,10.42.0.1,10.42.0.139,1883,50298,1,45,0,1,0,0,0,0,0,0,0,0,0,0.0,0,,0,0,,0,0,0,0,0,0,0,0,0.0,0,0,0,0,0,64.0,64196.0,0,0,0,54,eth:ethertype:ip:tcp,,,,,,,,,,,0.0,Normal,0.0
1744312535895764,10.42.0.1,10.42.0.139,1883,50298,1,45,0,1,0,0,1,0,4,0,0,0,0,0.0,0,,0,2,,0,0,0,0,2,0,0,0,0.0,0x00,0,0,0,0,64.0,64196.0,0,0,0,58,eth:ethertype:ip:tcp:mqtt,,,,,,,,,,,0.0,Normal,0.0
1744312535943240,10.42.0.1,10.42.0.139,1883,50298,5,234,0,1,0,0,0,0,0,0,0,0,0,0.0,0,,0,0,,0,0,0,0,0,0,0,0,0.0,0,0,0,0,0,64.0,64007.0,0,0,0,54,eth:ethertype:ip:tcp,,,,,,,,,,,0.0,Normal,0.0
1744312535943278,10.42.0.1,10.42.0.139,1883,50298,5,234,0,1,1,0,0,0,0,0,0,0,0,0.0,0,,0,0,,0,0,0,0,0,0,0,0,0.0,0,0,0,0,0,64.0,64007.0,0,0,0,54,eth:ethertype:ip:tcp,,,,,,,,,,,0.0,Normal,0.0
1744312550882761,10.42.0.1,10.42.0.2,1883,50298,0,1,1,1,0,0,0,0,0,0,0,0,0,0.0,0,,0,0,,0,0,0,0,0,0,0,0,0.0,0,0,0,0,0,64.0,64240.0,0,0,0,58,eth:ethertype:ip:tcp,,,,,,,,,,,0.0,Normal,0.0
1744312550888917,10.42.0.1,10.42.0.2,1883,50298,1,4,0,1,0,0,0,0,0,0,0,0,0,0.0,0,,0,0,,0,0,0,0,0,0,0,0,0.0,0,0,0,0,0,64.0,64237.0,0,0,0,54,eth:ethertype:ip:tcp,,,,,,,,,,,0.0,Normal,0.0
1744312550892424,10.42.0.1,10.42.0.2,1883,50298,1,33,0,1,0,0,0,0,0,0,0,0,0,0.0,0,,0,0,,0,0,0,0,0,0,0,0,0.0,0,0,0,0,0,64.0,64208.0,0,0,0,54,eth:ethertype:ip:tcp,,,,,,,,,,,0.0,Normal,0.0
1744312550895455,10.42.0.1,10.42.0.2,1883,50298,1,45,0,1,0,0,0,0,0,0,0,0,0,0.0,0,,0,0,,0,0,0,0,0,0,0,0,0.0,0,0,0,0,0,64.0,64196.0,0,0,0,54,eth:ethertype:ip:tcp,,,,,,,,,,,0.0,Normal,0.0
1744312550895764,10.42.0.1,10.42.0.2,1883,50298,1,45,0,1,0,0,1,0,4,0,0,0,0,0.0,0,,0,2,,0,0,0,0,2,0,0,0,0.0,0x00,0,0,0,0,64.0,64196.0,0,0,0,58,eth:ethertype:ip:tcp:mqtt,,,,,,,,,,,0.0,Normal,0.0
1744312550943240,10.42.0.1,10.42.0.2,1883,50298,5,234,0,1,0,0,0,0,0,0,0,0,0,0.0,0,,0,0,,0,0,0,0,0,0,0,0,0.0,0,0,0,0,0,64.0,64007.0,0,0,0,54,eth:ethertype:ip:tcp,,,,,,,,,,,0.0,Normal,0.0
1744312550943278,10.42.0.1,10.42.0.2,1883,50298,5,234,0,1,1,0,0,0,0,0,0,0,0,0.0,0,,0,0,,0,0,0,0,0,0,0,0,0.0,0,0,0,0,0,64.0,64007.0,0,0,0,54,eth:ethertype:ip:tcp,,,,,,,,,,,0.0,Normal,0.0
1744312565952336,10.42.0.1,10.42.0.139,1883,50299,0,1,1,1,0,0,0,0,0,0,0,0,0,0.0,0,,0,0,,0,0,0,0,0,0,0,0,0.0,0,0,0,0,0,64.0,64240.0,0,0,0,58,eth:ethertype:ip:tcp,,,,,,,,,,,0.0,Normal,0.0
1744312565958950,10.42.0.1,10.42.0.139,1883,50299,1,4,0,1,0,0,0,0,0,0,0,0,0,0.0,0,,0,0,,0,0,0,0,0,0,0,0,0.0,0,0,0,0,0,64.0,64237.0,0,0,0,54,eth:ethertype:ip:tcp,,,,,,,,,,,0.0,Normal,0.0
1744312565964362,10.42.0.1,10.42.0.139,1883,50299,1,45,0,1,0,0,0,0,0,0,0,0,0,0.0,0,,0,0,,0,0,0,0,0,0,0,0,0.0,0,0,0,0,0,64.0,64196.0,0,0,0,54,eth:ethertype:ip:tcp,,,,,,,,,,,0.0,Normal,0.0
1744312565964756,10.42.0.1,10.42.0.139,1883,50299,1,45,0,1,0,0,1,0,4,0,0,0,0,0.0,0,,0,2,,0,0,0,0,2,0,0,0,0.0,0x00,0,0,0,0,64.0,64196.0,0,0,0,58,eth:ethertype:ip:tcp:mqtt,,,,,,,,,,,0.0,Normal,0.0
1744312566012628,10.42.0.1,10.42.0.139,1883,50299,5,234,0,1,0,0,0,0,0,0,0,0,0,0.0,0,,0,0,,0,0,0,0,0,0,0,0,0.0,0,0,0,0,0,64.0,64007.0,0,0,0,54,eth:ethertype:ip:tcp,,,,,,,,,,,0.0,Normal,0.0
1744312566012690,10.42.0.1,10.42.0.139,1883,50299,5,234,0,1,1,0,0,0,0,0,0,0,0,0.0,0,,0,0,,0,0,0,0,0,0,0,0,0.0,0,0,0,0,0,64.0,64007.0,0,0,0,54,eth:ethertype:ip:tcp,,,,,,,,,,,0.0,Normal,0.0
1744312580952336,10.42.0.1,10.42.0.2,1883,50299,0,1,1,1,0,0,0,0,0,0,0,0,0,0.0,0,,0,0,,0,0,0,0,0,0,0,0,0.0,0,0,0,0,0,64.0,64240.0,0,0,0,58,eth:ethertype:ip:tcp,,,,,,,,,,,0.0,Normal,0.0
1744312580958950,10.42.0.1,10.42.0.2,1883,50299,1,4,0,1,0,0,0,0,0,0,0,0,0,0.0,0,,0,0,,0,0,0,0,0,0,0,0,0.0,0,0,0,0,0,64.0,64237.0,0,0,0,54,eth:ethertype:ip:tcp,,,,,,,,,,,0.0,Normal,0.0
1744312580964362,10.42.0.1,10.42.0.2,1883,50299,1,45,0,1,0,0,0,0,0,0,0,0,0,0.0,0,,0,0,,0,0,0,0,0,0,0,0,0.0,0,0,0,0,0,64.0,64196.0,0,0,0,54,eth:ethertype:ip:tcp,,,,,,,,,,,0.0,Normal,0.0
1744312580964756,10.42.0.1,10.42.0.2,1883,50299,1,45,0,1,0,0,1,0,4,0,0,0,0,0.0,0,,0,2,,0,0,0,0,2,0,0,0,0.0,0x00,0,0,0,0,64.0,64196.0,0,0,0,58,eth:ethertype:ip:tcp:mqtt,,,,,,,,,,,0.0,Normal,0.0
1744312581012628,10.42.0.1,10.42.0.2,1883,50299,5,234,0,1,0,0,0,0,0,0,0,0,0,0.0,0,,0,0,,0,0,0,0,0,0,0,0,0.0,0,0,0,0,0,64.0,64007.0,0,0,0,54,eth:ethertype:ip:tcp,,,,,,,,,,,0.0,Normal,0.0
1744312581012690,10.42.0.1,10.42.0.2,1883,50299,5,234,0,1,1,0,0,0,0,0,0,0,0,0.0,0,,0,0,,0,0,0,0,0,0,0,0,0.0,0,0,0,0,0,64.0,64007.0,0,0,0,54,eth:ethertype:ip:tcp,,,,,,,,,,,0.0,Normal,0.0
1744312596021577,10.42.0.1,10.42.0.139,1883,50300,0,1,1,1,0,0,0,0,0,0,0,0,0,0.0,0,,0,0,,0,0,0,0,0,0,0,0,0.0,0,0,0,0,0,64.0,64240.0,0,0,0,58,eth:ethertype:ip:tcp,,,,,,,,,,,0.0,Normal,0.0
1744312596028080,10.42.0.1,10.42.0.139,1883,50300,1,4,0,1,0,0,0,0,0,0,0,0,0,0.0,0,,0,0,,0,0,0,0,0,0,0,0,0.0,0,0,0,0,0,64.0,64237.0,0,0,0,54,eth:ethertype:ip:tcp,,,,,,,,,,,0.0,Normal,0.0
1744312596031539,10.42.0.1,10.42.0.139,1883,50300,1,33,0,1,0,0,0,0,0,0,0,0,0,0.0,0,,0,0,,0,0,0,0,0,0,0,0,0.0,0,0,0,0,0,64.0,64208.0,0,0,0,54,eth:ethertype:ip:tcp,,,,,,,,,,,0.0,Normal,0.0
1744312596034765,10.42.0.1,10.42.0.139,1883,50300,1,45,0,1,0,0,0,0,0,0,0,0,0,0.0,0,,0,0,,0,0,0,0,0,0,0,0,0.0,0,0,0,0,0,64.0,64196.0,0,0,0,54,eth:ethertype:ip:tcp,,,,,,,,,,,0.0,Normal,0.0
1744312596035111,10.42.0.1,10.42.0.139,1883,50300,1,45,0,1,0,0,1,0,4,0,0,0,0,0.0,0,,0,2,,0,0,0,0,2,0,0,0,0.0,0x00,0,0,0,0,64.0,64196.0,0,0,0,58,eth:ethertype:ip:tcp:mqtt,,,,,,,,,,,0.0,Normal,0.0
1744312596081972,10.42.0.1,10.42.0.139,1883,50300,5,234,0,1,0,0,0,0,0,0,0,0,0,0.0,0,,0,0,,0,0,0,0,0,0,0,0,0.0,0,0,0,0,0,64.0,64007.0,0,0,0,54,eth:ethertype:ip:tcp,,,,,,,,,,,0.0,Normal,0.0
1744312596082021,10.42.0.1,10.42.0.139,1883,50300,5,234,0,1,1,0,0,0,0,0,0,0,0,0.0,0,,0,0,,0,0,0,0,0,0,0,0,0.0,0,0,0,0,0,64.0,64007.0,0,0,0,54,eth:ethertype:ip:tcp,,,,,,,,,,,0.0,Normal,0.0
1744312611021577,10.42.0.1,10.42.0.2,1883,50300,0,1,1,1,0,0,0,0,0,0,0,0,0,0.0,0,,0,0,,0,0,0,0,0,0,0,0,0.0,0,0,0,0,0,64.0,64240.0,0,0,0,58,eth:ethertype:ip:tcp,,,,,,,,,,,0.0,Normal,0.0
1744312611028080,10.42.0.1,10.42.0.2,1883,50300,1,4,0,1,0,0,0,0,0,0,0,0,0,0.0,0,,0,0,,0,0,0,0,0,0,0,0,0.0,0,0,0,0,0,64.0,64237.0,0,0,0,54,eth:ethertype:ip:tcp,,,,,,,,,,,0.0,Normal,0.0
1744312611031539,10.42.0.1,10.42.0.2,1883,50300,1,33,0,1,0,0,0,0,0,0,0,0,0,0.0,0,,0,0,,0,0,0,0,0,0,0,0,0.0,0,0,0,0,0,64.0,64208.0,0,0,0,54,eth:ethertype:ip:tcp,,,,,,,,,,,0.0,Normal,0.0
1744312611034765,10.42.0.1,10.42.0.2,1883,50300,1,45,0,1,0,0,0,0,0,0,0,0,0,0.0,0,,0,0,,0,0,0,0,0,0,0,0,0.0,0,0,0,0,0,64.0,64196.0,0,0,0,54,eth:ethertype:ip:tcp,,,,,,,,,,,0.0,Normal,0.0
1744312611035111,10.42.0.1,10.42.0.2,1883,50300,1,45,0,1,0,0,1,0,4,0,0,0,0,0.0,0,,0,2,,0,0,0,0,2,0,0,0,0.0,0x00,0,0,0,0,64.0,64196.0,0,0,0,58,eth:ethertype:ip:tcp:mqtt,,,,,,,,,,,0.0,Normal,0.0
1744312611081972,10.42.0.1,10.42.0.2,1883,50300,5,234,0,1,0,0,0,0,0,0,0,0,0,0.0,0,,0,0,,0,0,0,0,0,0,0,0,0.0,0,0,0,0,0,64.0,64007.0,0,0,0,54,eth:ethertype:ip:tcp,,,,,,,,,,,0.0,Normal,0.0
1744312611082021,10.42.0.1,10.42.0.2,1883,50300,5,234,0,1,1,0,0,0,0,0,0,0,0,0.0,0,,0,0,,0,0,0,0,0,0,0,0,0.0,0,0,0,0,0,64.0,64007.0,0,0,0,54,eth:ethertype:ip:tcp,,,,,,,,,,,0.0,Normal,0.0
1744312626090892,10.42.0.1,10.42.0.139,1883,50301,0,1,1,1,0,0,0,0,0,0,0,0,0,0.0,0,,0,0,,0,0,0,0,0,0,0,0,0.0,0,0,0,0,0,64.0,64240.0,0,0,0,58,eth:ethertype:ip:tcp,,,,,,,,,,,0.0,Normal,0.0
1744312626097011,10.42.0.1,10.42.0.139,1883,50301,1,4,0,1,0,0,0,0,0,0,0,0,0,0.0,0,,0,0,,0,0,0,0,0,0,0,0,0.0,0,0,0,0,0,64.0,64237.0,0,0,0,54,eth:ethertype:ip:tcp,,,,,,,,,,,0.0,Normal,0.0
1744312626100287,10.42.0.1,10.42.0.139,1883,50301,1,33,0,1,0,0,0,0,0,0,0,0,0,0.0,0,,0,0,,0,0,0,0,0,0,0,0,0.0,0,0,0,0,0,64.0,64208.0,0,0,0,54,eth:ethertype:ip:tcp,,,,,,,,,,,0.0,Normal,0.0
1744312626103329,10.42.0.1,10.42.0.139,1883,50301,1,45,0,1,0,0,0,0,0,0,0,0,0,0.0,0,,0,0,,0,0,0,0,0,0,0,0,0.0,0,0,0,0,0,64.0,64196.0,0,0,0,54,eth:ethertype:ip:tcp,,,,,,,,,,,0.0,Normal,0.0
1744312626103626,10.42.0.1,10.42.0.139,1883,50301,1,45,0,1,0,0,1,0,4,0,0,0,0,0.0,0,,0,2,,0,0,0,0,2,0,0,0,0.0,0x00,0,0,0,0,64.0,64196.0,0,0,0,58,eth:ethertype:ip:tcp:mqtt,,,,,,,,,,,0.0,Normal,0.0
1744312626151423,10.42.0.1,10.42.0.139,1883,50301,5,234,0,1,0,0,0,0,0,0,0,0,0,0.0,0,,0,0,,0,0,0,0,0,0,0,0,0.0,0,0,0,0,0,64.0,64007.0,0,0,0,54,eth:ethertype:ip:tcp,,,,,,,,,,,0.0,Normal,0.0
1744312626151463,10.42.0.1,10.42.0.139,1883,50301,5,234,0,1,1,0,0,0,0,0,0,0,0,0.0,0,,0,0,,0,0,0,0,0,0,0,0,0.0,0,0,0,0,0,64.0,64007.0,0,0,0,54,eth:ethertype:ip:tcp,,,,,,,,,,,0.0,Normal,0.0
1744312641090892,10.42.0.1,10.42.0.2,1883,50301,0,1,1,1,0,0,0,0,0,0,0,0,0,0.0,0,,0,0,,0,0,0,0,0,0,0,0,0.0,0,0,0,0,0,64.0,64240.0,0,0,0,58,eth:ethertype:ip:tcp,,,,,,,,,,,0.0,Normal,0.0
1744312641097011,10.42.0.1,10.42.0.2,1883,50301,1,4,0,1,0,0,0,0,0,0,0,0,0,0.0,0,,0,0,,0,0,0,0,0,0,0,0,0.0,0,0,0,0,0,64.0,64237.0,0,0,0,54,eth:ethertype:ip:tcp,,,,,,,,,,,0.0,Normal,0.0
1744312641100287,10.42.0.1,10.42.0.2,1883,50301,1,33,0,1,0,0,0,0,0,0,0,0,0,0.0,0,,0,0,,0,0,0,0,0,0,0,0,0.0,0,0,0,0,0,64.0,64208.0,0,0,0,54,eth:ethertype:ip:tcp,,,,,,,,,,,0.0,Normal,0.0
1744312641103329,10.42.0.1,10.42.0.2,1883,50301,1,45,0,1,0,0,0,0,0,0,0,0,0,0.0,0,,0,0,,0,0,0,0,0,0,0,0,0.0,0,0,0,0,0,64.0,64196.0,0,0,0,54,eth:ethertype:ip:tcp,,,,,,,,,,,0.0,Normal,0.0
1744312641103626,10.42.0.1,10.42.0.2,1883,50301,1,45,0,1,0,0,1,0,4,0,0,0,0,0.0,0,,0,2,,0,0,0,0,2,0,0,0,0.0,0x00,0,0,0,0,64.0,64196.0,0,0,0,58,eth:ethertype:ip:tcp:mqtt,,,,,,,,,,,0.0,Normal,0.0
1744312641151423,10.42.0.1,10.42.0.2,1883,50301,5,234,0,1,0,0,0,0,0,0,0,0,0,0.0,0,,0,0,,0,0,0,0,0,0,0,0,0.0,0,0,0,0,0,64.0,64007.0,0,0,0,54,eth:ethertype:ip:tcp,,,,,,,,,,,0.0,Normal,0.0
1744312641151463,10.42.0.1,10.42.0.2,1883,50301,5,234,0,1,1,0,0,0,0,0,0,0,0,0.0,0,,0,0,,0,0,0,0,0,0,0,0,0.0,0,0,0,0,0,64.0,64007.0,0,0,0,54,eth:ethertype:ip:tcp,,,,,,,,,,,0.0,Normal,0.0
1744312656160190,10.42.0.1,10.42.0.139,1883,50302,0,1,1,1,0,0,0,0,0,0,0,0,0,0.0,0,,0,0,,0,0,0,0,0,0,0,0,0.0,0,0,0,0,0,64.0,64240.0,0,0,0,58,eth:ethertype:ip:tcp,,,,,,,,,,,0.0,Normal,0.0
1744312656166332,10.42.0.1,10.42.0.139,1883,50302,1,4,0,1,0,0,0,0,0,0,0,0,0,0.0,0,,0,0,,0,0,0,0,0,0,0,0,0.0,0,0,0,0,0,64.0,64237.0,0,0,0,54,eth:ethertype:ip:tcp,,,,,,,,,,,0.0,Normal,0.0
1744312656169693,10.42.0.1,10.42.0.139,1883,50302,1,33,0,1,0,0,0,0,0,0,0,0,0,0.0,0,,0,0,,0,0,0,0,0,0,0,0,0.0,0,0,0,0,0,64.0,64208.0,0,0,0,54,eth:ethertype:ip:tcp,,,,,,,,,,,0.0,Normal,0.0
1744312656173481,10.42.0.1,10.42.0.139,1883,50302,1,45,0,1,0,0,0,0,0,0,0,0,0,0.0,0,,0,0,,0,0,0,0,0,0,0,0,0.0,0,0,0,0,0,64.0,64196.0,0,0,0,54,eth:ethertype:ip:tcp,,,,,,,,,,,0.0,Normal,0.0
1744312656173806,10.42.0.1,10.42.0.139,1883,50302,1,45,0,1,0,0,1,0,4,0,0,0,0,0.0,0,,0,2,,0,0,0,0,2,0,0,0,0.0,0x00,0,0,0,0,64.0,64196.0,0,0,0,58,eth:ethertype:ip:tcp:mqtt,,,,,,,,,,,0.0,Normal,0.0
1744312656220766,10.42.0.1,10.42.0.139,1883,50302,5,234,0,1,0,0,0,0,0,0,0,0,0,0.0,0,,0,0,,0,0,0,0,0,0,0,0,0.0,0,0,0,0,0,64.0,64007.0,0,0,0,54,eth:ethertype:ip:tcp,,,,,,,,,,,0.0,Normal,0.0
1744312656220804,10.42.0.1,10.42.0.139,1883,50302,5,234,0,1,1,0,0,0,0,0,0,0,0,0.0,0,,0,0,,0,0,0,0,0,0,0,0,0.0,0,0,0,0,0,64.0,64007.0,0,0,0,54,eth:ethertype:ip:tcp,,,,,,,,,,,0.0,Normal,0.0
1744312671160190,10.42.0.1,10.42.0.2,1883,50302,0,1,1,1,0,0,0,0,0,0,0,0,0,0.0,0,,0,0,,0,0,0,0,0,0,0,0,0.0,0,0,0,0,0,64.0,64240.0,0,0,0,58,eth:ethertype:ip:tcp,,,,,,,,,,,0.0,Normal,0.0
1744312671166332,10.42.0.1,10.42.0.2,1883,50302,1,4,0,1,0,0,0,0,0,0,0,0,0,0.0,0,,0,0,,0,0,0,0,0,0,0,0,0.0,0,0,0,0,0,64.0,64237.0,0,0,0,54,eth:ethertype:ip:tcp,,,,,,,,,,,0.0,Normal,0.0
1744312671169693,10.42.0.1,10.42.0.2,1883,50302,1,33,0,1,0,0,0,0,0,0,0,0,0,0.0,0,,0,0,,0,0,0,0,0,0,0,0,0.0,0,0,0,0,0,64.0,64208.0,0,0,0,54,eth:ethertype:ip:tcp,,,,,,,,,,,0.0,Normal,0.0
1744312671173481,10.42.0.1,10.42.0.2,1883,50302,1,45,0,1,0,0,0,0,0,0,0,0,0,0.0,0,,0,0,,0,0,0,0,0,0,0,0,0.0,0,0,0,0,0,64.0,64196.0,0,0,0,54,eth:ethertype:ip:tcp,,,,,,,,,,,0.0,Normal,0.0
1744312671173806,10.42.0.1,10.42.0.2,1883,50302,1,45,0,1,0,0,1,0,4,0,0,0,0,0.0,0,,0,2,,0,0,0,0,2,0,0,0,0.0,0x00,0,0,0,0,64.0,64196.0,0,0,0,58,eth:ethertype:ip:tcp:mqtt,,,,,,,,,,,0.0,Normal,0.0
1744312671220766,10.42.0.1,10.42.0.2,1883,50302,5,234,0,1,0,0,0,0,0,0,0,0,0,0.0,0,,0,0,,0,0,0,0,0,0,0,0,0.0,0,0,0,0,0,64.0,64007.0,0,0,0,54,eth:ethertype:ip:tcp,,,,,,,,,,,0.0,Normal,0.0
1744312671220804,10.42.0.1,10.42.0.2,1883,50302,5,234,0,1,1,0,0,0,0,0,0,0,0,0.0,0,,0,0,,0,0,0,0,0,0,0,0,0.0,0,0,0,0,0,64.0,64007.0,0,0,0,54,eth:ethertype:ip:tcp,,,,,,,,,,,0.0,Normal,0.0
1744312686229610,10.42.0.1,10.42.0.139,1883,50303,0,1,1,1,0,0,0,0,0,0,0,0,0,0.0,0,,0,0,,0,0,0,0,0,0,0,0,0.0,0,0,0,0,0,64.0,64240.0,0,0,0,58,eth:ethertype:ip:tcp,,,,,,,,,,,0.0,Normal,0.0
1744312686235705,10.42.0.1,10.42.0.139,1883,50303,1,4,0,1,0,0,0,0,0,0,0,0,0,0.0,0,,0,0,,0,0,0,0,0,0,0,0,0.0,0,0,0,0,0,64.0,64237.0,0,0,0,54,eth:ethertype:ip:tcp,,,,,,,,,,,0.0,Normal,0.0
1744312686241360,10.42.0.1,10.42.0.139,1883,50303,1,33,0,1,0,0,0,0,0,0,0,0,0,0.0,0,,0,0,,0,0,0,0,0,0,0,0,0.0,0,0,0,0,0,64.0,64208.0,0,0,0,54,eth:ethertype:ip:tcp,,,,,,,,,,,0.0,Normal,0.0
1744312686244021,10.42.0.1,10.42.0.139,1883,50303,1,45,0,1,0,0,0,0,0,0,0,0,0,0.0,0,,0,0,,0,0,0,0,0,0,0,0,0.0,0,0,0,0,0,64.0,64196.0,0,0,0,54,eth:ethertype:ip:tcp,,,,,,,,,,,0.0,Normal,0.0
1744312686244340,10.42.0.1,10.42.0.139,1883,50303,1,45,0,1,0,0,1,0,4,0,0,0,0,0.0,0,,0,2,,0,0,0,0,2,0,0,0,0.0,0x00,0,0,0,0,64.0,64196.0,0,0,0,58,eth:ethertype:ip:tcp:mqtt,,,,,,,,,,,0.0,Normal,0.0
1744312686290789,10.42.0.1,10.42.0.139,1883,50303,5,234,0,1,0,0,0,0,0,0,0,0,0,0.0,0,,0,0,,0,0,0,0,0,0,0,0,0.0,0,0,0,0,0,64.0,64007.0,0,0,0,54,eth:ethertype:ip:tcp,,,,,,,,,,,0.0,Normal,0.0
1744312686290828,10.42.0.1,10.42.0.139,1883,50303,5,234,0,1,1,0,0,0,0,0,0,0,0,0.0,0,,0,0,,0,0,0,0,0,0,0,0,0.0,0,0,0,0,0,64.0,64007.0,0,0,0,54,eth:ethertype:ip:tcp,,,,,,,,,,,0.0,Normal,0.0
1744312701229610,10.42.0.1,10.42.0.2,1883,50303,0,1,1,1,0,0,0,0,0,0,0,0,0,0.0,0,,0,0,,0,0,0,0,0,0,0,0,0.0,0,0,0,0,0,64.0,64240.0,0,0,0,58,eth:ethertype:ip:tcp,,,,,,,,,,,0.0,Normal,0.0
1744312701235705,10.42.0.1,10.42.0.2,1883,50303,1,4,0,1,0,0,0,0,0,0,0,0,0,0.0,0,,0,0,,0,0,0,0,0,0,0,0,0.0,0,0,0,0,0,64.0,64237.0,0,0,0,54,eth:ethertype:ip:tcp,,,,,,,,,,,0.0,Normal,0.0
1744312701241360,10.42.0.1,10.42.0.2,1883,50303,1,33,0,1,0,0,0,0,0,0,0,0,0,0.0,0,,0,0,,0,0,0,0,0,0,0,0,0.0,0,0,0,0,0,64.0,64208.0,0,0,0,54,eth:ethertype:ip:tcp,,,,,,,,,,,0.0,Normal,0.0
1744312701244021,10.42.0.1,10.42.0.2,1883,50303,1,45,0,1,0,0,0,0,0,0,0,0,0,0.0,0,,0,0,,0,0,0,0,0,0,0,0,0.0,0,0,0,0,0,64.0,64196.0,0,0,0,54,eth:ethertype:ip:tcp,,,,,,,,,,,0.0,Normal,0.0
1744312701244340,10.42.0.1,10.42.0.2,1883,50303,1,45,0,1,0,0,1,0,4,0,0,0,0,0.0,0,,0,2,,0,0,0,0,2,0,0,0,0.0,0x00,0,0,0,0,64.0,64196.0,0,0,0,58,eth:ethertype:ip:tcp:mqtt,,,,,,,,,,,0.0,Normal,0.0
1744312701290789,10.42.0.1,10.42.0.2,1883,50303,5,234,0,1,0,0,0,0,0,0,0,0,0,0.0,0,,0,0,,0,0,0,0,0,0,0,0,0.0,0,0,0,0,0,64.0,64007.0,0,0,0,54,eth:ethertype:ip:tcp,,,,,,,,,,,0.0,Normal,0.0
1744312701290828,10.42.0.1,10.42.0.2,1883,50303,5,234,0,1,1,0,0,0,0,0,0,0,0,0.0,0,,0,0,,0,0,0,0,0,0,0,0,0.0,0,0,0,0,0,64.0,64007.0,0,0,0,54,eth:ethertype:ip:tcp,,,,,,,,,,,0.0,Normal,0.0
1744313429382913,10.42.0.1,224.0.0.251,0,0,0,0,0,0,0,0,0,0,0,0,0,0,0,0.0,0,,0,0,,0,0,0,0,0,0,0,0,0.0,0,0,0,0,0,255.0,0.0,0,0,0,160,eth:ethertype:ip:udp:mdns,,,,,,,,,,,,,
1744313444382913,10.42.0.1,224.0.0.251,0,0,0,0,0,0,0,0,0,0,0,0,0,0,0,0.0,0,,0,0,,0,0,0,0,0,0,0,0,0.0,0,0,0,0,0,255.0,0.0,0,0,0,160,eth:ethertype:ip:udp:mdns,,,,,,,,,,,,,
1744317029384916,10.42.0.1,224.0.0.251,0,0,0,0,0,0,0,0,0,0,0,0,0,0,0,0.0,0,,0,0,,0,0,0,0,0,0,0,0,0.0,0,0,0,0,0,255.0,0.0,0,0,0,160,eth:ethertype:ip:udp:mdns,,,,,,,,,,,,,
1744317044384916,10.42.0.1,224.0.0.251,0,0,0,0,0,0,0,0,0,0,0,0,0,0,0,0.0,0,,0,0,,0,0,0,0,0,0,0,0,0.0,0,0,0,0,0,255.0,0.0,0,0,0,160,eth:ethertype:ip:udp:mdns,,,,,,,,,,,,,
1744318995919952,10.42.0.1,10.42.0.149,0,0,0,0,0,0,0,0,0,0,0,0,0,0,0,0.0,0,,0,0,,0,0,0,0,0,0,0,0,0.0,0,0,0,0,0,64.0,0.0,0,0,0,62,eth:ethertype:ip:icmp:data,,,,,,,,,,,0.0,Normal,0.0
1744318998924134,10.42.0.1,10.42.0.149,0,0,0,0,0,0,0,0,0,0,0,0,0,0,0,0.0,0,,0,0,,0,0,0,0,0,0,0,0,0.0,0,0,0,0,0,64.0,0.0,0,0,0,342,eth:ethertype:ip:udp:dhcp,,,,,,,,,,,0.0,Normal,0.0
1744318998924248,10.42.0.1,10.42.0.149,0,0,0,0,0,0,0,0,0,0,0,0,0,0,0,0.0,0,,0,0,,0,0,0,0,0,0,0,0,0.0,0,0,0,0,0,64.0,0.0,0,0,0,342,eth:ethertype:ip:udp:dhcp,,,,,,,,,,,0.0,Normal,0.0
1744319001692670,10.42.0.1,10.42.0.149,0,0,0,0,0,0,0,0,0,0,0,0,0,0,0,0.0,0,,0,0,,0,0,0,0,0,0,0,0,0.0,0,0,0,0,0,64.0,0.0,0,0,0,342,eth:ethertype:ip:udp:dhcp,,,,,,,,,,,0.0,Normal,0.0
1744319001733934,10.42.0.1,10.42.0.149,0,0,0,0,0,0,0,0,0,0,0,0,0,0,0,0.0,0,,0,0,,0,0,0,0,0,0,0,0,0.0,0,0,0,0,0,64.0,0.0,0,0,0,342,eth:ethertype:ip:udp:dhcp,,,,,,,,,,,0.0,Normal,0.0
1744319002693597,10.42.0.149,224.0.0.251,0,0,0,0,0,0,0,0,0,0,0,0,0,0,0,0.0,0,,0,0,,0,0,0,0,0,0,0,0,0.0,0,0,0,0,0,1.0,0.0,0,0,0,46,eth:ethertype:ip:igmp:igmp,,,,,,,,,,,,,
1744319002693614,10.42.0.149,224.0.0.251,0,0,0,0,0,0,0,0,0,0,0,0,0,0,0,0.0,0,,0,0,,0,0,0,0,0,0,0,0,0.0,0,0,0,0,0,1.0,0.0,0,0,0,46,eth:ethertype:ip:igmp:igmp,,,,,,,,,,,,,
1744319002871206,10.42.0.1,10.42.0.149,1883,64816,0,1,1,1,0,0,0,0,0,0,0,0,0,0.0,0,,0,0,,0,0,0,0,0,0,0,0,0.0,0,0,0,0,0,64.0,64240.0,0,0,0,58,eth:ethertype:ip:tcp,,,,,,,,,,,0.0,Normal,0.0
1744319002882259,10.42.0.1,10.42.0.149,1883,64816,1,4,0,1,0,0,0,0,0,0,0,0,0,0.0,0,,0,0,,0,0,0,0,0,0,0,0,0.0,0,0,0,0,0,64.0,64237.0,0,0,0,54,eth:ethertype:ip:tcp,,,,,,,,,,,0.0,Normal,0.0
1744319002885808,10.42.0.1,10.42.0.149,1883,64816,1,35,0,1,0,0,0,0,0,0,0,0,0,0.0,0,,0,0,,0,0,0,0,0,0,0,0,0.0,0,0,0,0,0,64.0,64206.0,0,0,0,54,eth:ethertype:ip:tcp,,,,,,,,,,,0.0,Normal,0.0
1744319002889135,10.42.0.1,10.42.0.149,1883,64816,1,45,0,1,0,0,0,0,0,0,0,0,0,0.0,0,,0,0,,0,0,0,0,0,0,0,0,0.0,0,0,0,0,0,64.0,64196.0,0,0,0,54,eth:ethertype:ip:tcp,,,,,,,,,,,0.0,Normal,0.0
1744319002889169,10.42.0.149,224.0.0.251,0,0,0,0,0,0,0,0,0,0,0,0,0,0,0,0.0,0,,0,0,,0,0,0,0,0,0,0,0,0.0,0,0,0,0,0,1.0,0.0,0,0,0,46,eth:ethertype:ip:igmp:igmp,,,,,,,,,,,,,
1744319002889187,10.42.0.149,224.0.0.251,0,0,0,0,0,0,0,0,0,0,0,0,0,0,0,0.0,0,,0,0,,0,0,0,0,0,0,0,0,0.0,0,0,0,0,0,1.0,0.0,0,0,0,46,eth:ethertype:ip:igmp:igmp,,,,,,,,,,,,,
1744319002889529,10.42.0.1,10.42.0.149,1883,64816,1,45,0,1,0,0,1,0,4,0,0,0,0,0.0,0,,0,2,,0,0,0,0,2,0,0,0,0.0,0x00,0,0,0,0,64.0,64196.0,0,0,0,58,eth:ethertype:ip:tcp:mqtt,,,,,,,,,,,0.0,Normal,0.0
1744319002898093,10.42.0.149,224.0.0.251,0,0,0,0,0,0,0,0,0,0,0,0,0,0,0,0.0,0,,0,0,,0,0,0,0,0,0,0,0,0.0,0,0,0,0,0,255.0,0.0,0,0,0,91,eth:ethertype:ip:udp:mdns,,,,,,,,,,,,,
1744319002898111,10.42.0.149,224.0.0.251,0,0,0,0,0,0,0,0,0,0,0,0,0,0,0,0.0,0,,0,0,,0,0,0,0,0,0,0,0,0.0,0,0,0,0,0,255.0,0.0,0,0,0,91,eth:ethertype:ip:udp:mdns,,,,,,,,,,,,,
1744319002929531,10.42.0.1,10.42.0.149,1883,64816,5,226,0,1,0,0,0,0,0,0,0,0,0,0.0,0,,0,0,,0,0,0,0,0,0,0,0,0.0,0,0,0,0,0,64.0,64015.0,0,0,0,54,eth:ethertype:ip:tcp,,,,,,,,,,,0.0,Normal,0.0
1744319002929612,10.42.0.1,10.42.0.149,1883,64816,5,226,0,1,1,0,0,0,0,0,0,0,0,0.0,0,,0,0,,0,0,0,0,0,0,0,0,0.0,0,0,0,0,0,64.0,64015.0,0,0,0,54,eth:ethertype:ip:tcp,,,,,,,,,,,0.0,Normal,0.0
1744319003198249,10.42.0.149,224.0.0.251,0,0,0,0,0,0,0,0,0,0,0,0,0,0,0,0.0,0,,0,0,,0,0,0,0,0,0,0,0,0.0,0,0,0,0,0,255.0,0.0,0,0,0,91,eth:ethertype:ip:udp:mdns,,,,,,,,,,,,,
1744319003198284,10.42.0.149,224.0.0.251,0,0,0,0,0,0,0,0,0,0,0,0,0,0,0,0.0,0,,0,0,,0,0,0,0,0,0,0,0,0.0,0,0,0,0,0,255.0,0.0,0,0,0,91,eth:ethertype:ip:udp:mdns,,,,,,,,,,,,,
1744319003498019,10.42.0.149,224.0.0.251,0,0,0,0,0,0,0,0,0,0,0,0,0,0,0,0.0,0,,0,0,,0,0,0,0,0,0,0,0,0.0,0,0,0,0,0,255.0,0.0,0,0,0,91,eth:ethertype:ip:udp:mdns,,,,,,,,,,,,,
1744319003498050,10.42.0.149,224.0.0.251,0,0,0,0,0,0,0,0,0,0,0,0,0,0,0,0.0,0,,0,0,,0,0,0,0,0,0,0,0,0.0,0,0,0,0,0,255.0,0.0,0,0,0,91,eth:ethertype:ip:udp:mdns,,,,,,,,,,,,,
1744319003798158,10.42.0.149,224.0.0.251,0,0,0,0,0,0,0,0,0,0,0,0,0,0,0,0.0,0,,0,0,,0,0,0,0,0,0,0,0,0.0,0,0,0,0,0,255.0,0.0,0,0,0,85,eth:ethertype:ip:udp:mdns,,,,,,,,,,,,,
1744319003798175,10.42.0.149,224.0.0.251,0,0,0,0,0,0,0,0,0,0,0,0,0,0,0,0.0,0,,0,0,,0,0,0,0,0,0,0,0,0.0,0,0,0,0,0,255.0,0.0,0,0,0,85,eth:ethertype:ip:udp:mdns,,,,,,,,,,,,,
1744319004897939,10.42.0.149,224.0.0.251,0,0,0,0,0,0,0,0,0,0,0,0,0,0,0,0.0,0,,0,0,,0,0,0,0,0,0,0,0,0.0,0,0,0,0,0,255.0,0.0,0,0,0,85,eth:ethertype:ip:udp:mdns,,,,,,,,,,,,,
1744319004897957,10.42.0.149,224.0.0.251,0,0,0,0,0,0,0,0,0,0,0,0,0,0,0,0.0,0,,0,0,,0,0,0,0,0,0,0,0,0.0,0,0,0,0,0,255.0,0.0,0,0,0,85,eth:ethertype:ip:udp:mdns,,,,,,,,,,,,,
1744319005997013,10.42.0.149,224.0.0.251,0,0,0,0,0,0,0,0,0,0,0,0,0,0,0,0.0,0,,0,0,,0,0,0,0,0,0,0,0,0.0,0,0,0,0,0,255.0,0.0,0,0,0,85,eth:ethertype:ip:udp:mdns,,,,,,,,,,,,,
1744319005997030,10.42.0.149,224.0.0.251,0,0,0,0,0,0,0,0,0,0,0,0,0,0,0,0.0,0,,0,0,,0,0,0,0,0,0,0,0,0.0,0,0,0,0,0,255.0,0.0,0,0,0,85,eth:ethertype:ip:udp:mdns,,,,,,,,,,,,,
1744319010919952,10.42.0.1,10.42.0.3,0,0,0,0,0,0,0,0,0,0,0,0,0,0,0,0.0,0,,0,0,,0,0,0,0,0,0,0,0,0.0,0,0,0,0,0,64.0,0.0,0,0,0,62,eth:ethertype:ip:icmp:data,,,,,,,,,,,0.0,Normal,0.0
1744319013924134,10.42.0.1,10.42.0.3,0,0,0,0,0,0,0,0,0,0,0,0,0,0,0,0.0,0,,0,0,,0,0,0,0,0,0,0,0,0.0,0,0,0,0,0,64.0,0.0,0,0,0,342,eth:ethertype:ip:udp:dhcp,,,,,,,,,,,0.0,Normal,0.0
1744319013924248,10.42.0.1,10.42.0.3,0,0,0,0,0,0,0,0,0,0,0,0,0,0,0,0.0,0,,0,0,,0,0,0,0,0,0,0,0,0.0,0,0,0,0,0,64.0,0.0,0,0,0,342,eth:ethertype:ip:udp:dhcp,,,,,,,,,,,0.0,Normal,0.0
1744319016692670,10.42.0.1,10.42.0.3,0,0,0,0,0,0,0,0,0,0,0,0,0,0,0,0.0,0,,0,0,,0,0,0,0,0,0,0,0,0.0,0,0,0,0,0,64.0,0.0,0,0,0,342,eth:ethertype:ip:udp:dhcp,,,,,,,,,,,0.0,Normal,0.0
1744319016733934,10.42.0.1,10.42.0.3,0,0,0,0,0,0,0,0,0,0,0,0,0,0,0,0.0,0,,0,0,,0,0,0,0,0,0,0,0,0.0,0,0,0,0,0,64.0,0.0,0,0,0,342,eth:ethertype:ip:udp:dhcp,,,,,,,,,,,0.0,Normal,0.0
1744319017693597,10.42.0.3,224.0.0.251,0,0,0,0,0,0,0,0,0,0,0,0,0,0,0,0.0,0,,0,0,,0,0,0,0,0,0,0,0,0.0,0,0,0,0,0,1.0,0.0,0,0,0,46,eth:ethertype:ip:igmp:igmp,,,,,,,,,,,,,
1744319017693614,10.42.0.3,224.0.0.251,0,0,0,0,0,0,0,0,0,0,0,0,0,0,0,0.0,0,,0,0,,0,0,0,0,0,0,0,0,0.0,0,0,0,0,0,1.0,0.0,0,0,0,46,eth:ethertype:ip:igmp:igmp,,,,,,,,,,,,,
1744319017871206,10.42.0.1,10.42.0.3,1883,64816,0,1,1,1,0,0,0,0,0,0,0,0,0,0.0,0,,0,0,,0,0,0,0,0,0,0,0,0.0,0,0,0,0,0,64.0,64240.0,0,0,0,58,eth:ethertype:ip:tcp,,,,,,,,,,,0.0,Normal,0.0
1744319017882259,10.42.0.1,10.42.0.3,1883,64816,1,4,0,1,0,0,0,0,0,0,0,0,0,0.0,0,,0,0,,0,0,0,0,0,0,0,0,0.0,0,0,0,0,0,64.0,64237.0,0,0,0,54,eth:ethertype:ip:tcp,,,,,,,,,,,0.0,Normal,0.0
1744319017885808,10.42.0.1,10.42.0.3,1883,64816,1,35,0,1,0,0,0,0,0,0,0,0,0,0.0,0,,0,0,,0,0,0,0,0,0,0,0,0.0,0,0,0,0,0,64.0,64206.0,0,0,0,54,eth:ethertype:ip:tcp,,,,,,,,,,,0.0,Normal,0.0
1744319017889135,10.42.0.1,10.42.0.3,1883,64816,1,45,0,1,0,0,0,0,0,0,0,0,0,0.0,0,,0,0,,0,0,0,0,0,0,0,0,0.0,0,0,0,0,0,64.0,64196.0,0,0,0,54,eth:ethertype:ip:tcp,,,,,,,,,,,0.0,Normal,0.0
1744319017889169,10.42.0.3,224.0.0.251,0,0,0,0,0,0,0,0,0,0,0,0,0,0,0,0.0,0,,0,0,,0,0,0,0,0,0,0,0,0.0,0,0,0,0,0,1.0,0.0,0,0,0,46,eth:ethertype:ip:igmp:igmp,,,,,,,,,,,,,
1744319017889187,10.42.0.3,224.0.0.251,0,0,0,0,0,0,0,0,0,0,0,0,0,0,0,0.0,0,,0,0,,0,0,0,0,0,0,0,0,0.0,0,0,0,0,0,1.0,0.0,0,0,0,46,eth:ethertype:ip:igmp:igmp,,,,,,,,,,,,,
1744319017889529,10.42.0.1,10.42.0.3,1883,64816,1,45,0,1,0,0,1,0,4,0,0,0,0,0.0,0,,0,2,,0,0,0,0,2,0,0,0,0.0,0x00,0,0,0,0,64.0,64196.0,0,0,0,58,eth:ethertype:ip:tcp:mqtt,,,,,,,,,,,0.0,Normal,0.0
1744319017898093,10.42.0.3,224.0.0.251,0,0,0,0,0,0,0,0,0,0,0,0,0,0,0,0.0,0,,0,0,,0,0,0,0,0,0,0,0,0.0,0,0,0,0,0,255.0,0.0,0,0,0,91,eth:ethertype:ip:udp:mdns,,,,,,,,,,,,,
1744319017898111,10.42.0.3,224.0.0.251,0,0,0,0,0,0,0,0,0,0,0,0,0,0,0,0.0,0,,0,0,,0,0,0,0,0,0,0,0,0.0,0,0,0,0,0,255.0,0.0,0,0,0,91,eth:ethertype:ip:udp:mdns,,,,,,,,,,,,,
1744319017929531,10.42.0.1,10.42.0.3,1883,64816,5,226,0,1,0,0,0,0,0,0,0,0,0,0.0,0,,0,0,,0,0,0,0,0,0,0,0,0.0,0,0,0,0,0,64.0,64015.0,0,0,0,54,eth:ethertype:ip:tcp,,,,,,,,,,,0.0,Normal,0.0
1744319017929612,10.42.0.1,10.42.0.3,1883,64816,5,226,0,1,1,0,0,0,0,0,0,0,0,0.0,0,,0,0,,0,0,0,0,0,0,0,0,0.0,0,0,0,0,0,64.0,64015.0,0,0,0,54,eth:ethertype:ip:tcp,,,,,,,,,,,0.0,Normal,0.0
1744319018198249,10.42.0.3,224.0.0.251,0,0,0,0,0,0,0,0,0,0,0,0,0,0,0,0.0,0,,0,0,,0,0,0,0,0,0,0,0,0.0,0,0,0,0,0,255.0,0.0,0,0,0,91,eth:ethertype:ip:udp:mdns,,,,,,,,,,,,,
1744319018198284,10.42.0.3,224.0.0.251,0,0,0,0,0,0,0,0,0,0,0,0,0,0,0,0.0,0,,0,0,,0,0,0,0,0,0,0,0,0.0,0,0,0,0,0,255.0,0.0,0,0,0,91,eth:ethertype:ip:udp:mdns,,,,,,,,,,,,,
1744319018498019,10.42.0.3,224.0.0.251,0,0,0,0,0,0,0,0,0,0,0,0,0,0,0,0.0,0,,0,0,,0,0,0,0,0,0,0,0,0.0,0,0,0,0,0,255.0,0.0,0,0,0,91,eth:ethertype:ip:udp:mdns,,,,,,,,,,,,,
1744319018498050,10.42.0.3,224.0.0.251,0,0,0,0,0,0,0,0,0,0,0,0,0,0,0,0.0,0,,0,0,,0,0,0,0,0,0,0,0,0.0,0,0,0,0,0,255.0,0.0,0,0,0,91,eth:ethertype:ip:udp:mdns,,,,,,,,,,,,,
1744319018798158,10.42.0.3,224.0.0.251,0,0,0,0,0,0,0,0,0,0,0,0,0,0,0,0.0,0,,0,0,,0,0,0,0,0,0,0,0,0.0,0,0,0,0,0,255.0,0.0,0,0,0,85,eth:ethertype:ip:udp:mdns,,,,,,,,,,,,,
1744319018798175,10.42.0.3,224.0.0.251,0,0,0,0,0,0,0,0,0,0,0,0,0,0,0,0.0,0,,0,0,,0,0,0,0,0,0,0,0,0.0,0,0,0,0,0,255.0,0.0,0,0,0,85,eth:ethertype:ip:udp:mdns,,,,,,,,,,,,,
1744319019897939,10.42.0.3,224.0.0.251,0,0,0,0,0,0,0,0,0,0,0,0,0,0,0,0.0,0,,0,0,,0,0,0,0,0,0,0,0,0.0,0,0,0,0,0,255.0,0.0,0,0,0,85,eth:ethertype:ip:udp:mdns,,,,,,,,,,,,,
1744319019897957,10.42.0.3,224.0.0.251,0,0,0,0,0,0,0,0,0,0,0,0,0,0,0,0.0,0,,0,0,,0,0,0,0,0,0,0,0,0.0,0,0,0,0,0,255.0,0.0,0,0,0,85,eth:ethertype:ip:udp:mdns,,,,,,,,,,,,,
1744319020997013,10.42.0.3,224.0.0.251,0,0,0,0,0,0,0,0,0,0,0,0,0,0,0,0.0,0,,0,0,,0,0,0,0,0,0,0,0,0.0,0,0,0,0,0,255.0,0.0,0,0,0,85,eth:ethertype:ip:udp:mdns,,,,,,,,,,,,,
1744319020997030,10.42.0.3,224.0.0.251,0,0,0,0,0,0,0,0,0,0,0,0,0,0,0,0.0,0,,0,0,,0,0,0,0,0,0,0,0,0.0,0,0,0,0,0,255.0,0.0,0,0,0,85,eth:ethertype:ip:udp:mdns,,,,,,,,,,,,,
1744319032938842,10.42.0.1,10.42.0.149,1883,64817,0,1,1,1,0,0,0,0,0,0,0,0,0,0.0,0,,0,0,,0,0,0,0,0,0,0,0,0.0,0,0,0,0,0,64.0,64240.0,0,0,0,58,eth:ethertype:ip:tcp,,,,,,,,,,,0.0,Normal,0.0
1744319032949686,10.42.0.1,10.42.0.149,1883,64817,1,4,0,1,0,0,0,0,0,0,0,0,0,0.0,0,,0,0,,0,0,0,0,0,0,0,0,0.0,0,0,0,0,0,64.0,64237.0,0,0,0,54,eth:ethertype:ip:tcp,,,,,,,,,,,0.0,Normal,0.0
1744319032954947,10.42.0.1,10.42.0.149,1883,64817,1,45,0,1,0,0,0,0,0,0,0,0,0,0.0,0,,0,0,,0,0,0,0,0,0,0,0,0.0,0,0,0,0,0,64.0,64196.0,0,0,0,54,eth:ethertype:ip:tcp,,,,,,,,,,,0.0,Normal,0.0
1744319032955307,10.42.0.1,10.42.0.149,1883,64817,1,45,0,1,0,0,1,0,4,0,0,0,0,0.0,0,,0,2,,0,0,0,0,2,0,0,0,0.0,0x00,0,0,0,0,64.0,64196.0,0,0,0,58,eth:ethertype:ip:tcp:mqtt,,,,,,,,,,,0.0,Normal,0.0
1744319032988957,10.42.0.1,10.42.0.149,1883,64817,5,227,0,1,0,0,0,0,0,0,0,0,0,0.0,0,,0,0,,0,0,0,0,0,0,0,0,0.0,0,0,0,0,0,64.0,64014.0,0,0,0,54,eth:ethertype:ip:tcp,,,,,,,,,,,0.0,Normal,0.0
1744319032989031,10.42.0.1,10.42.0.149,1883,64817,5,227,0,1,1,0,0,0,0,0,0,0,0,0.0,0,,0,0,,0,0,0,0,0,0,0,0,0.0,0,0,0,0,0,64.0,64014.0,0,0,0,54,eth:ethertype:ip:tcp,,,,,,,,,,,0.0,Normal,0.0
1744319047938842,10.42.0.1,10.42.0.3,1883,64817,0,1,1,1,0,0,0,0,0,0,0,0,0,0.0,0,,0,0,,0,0,0,0,0,0,0,0,0.0,0,0,0,0,0,64.0,64240.0,0,0,0,58,eth:ethertype:ip:tcp,,,,,,,,,,,0.0,Normal,0.0
1744319047949686,10.42.0.1,10.42.0.3,1883,64817,1,4,0,1,0,0,0,0,0,0,0,0,0,0.0,0,,0,0,,0,0,0,0,0,0,0,0,0.0,0,0,0,0,0,64.0,64237.0,0,0,0,54,eth:ethertype:ip:tcp,,,,,,,,,,,0.0,Normal,0.0
1744319047954947,10.42.0.1,10.42.0.3,1883,64817,1,45,0,1,0,0,0,0,0,0,0,0,0,0.0,0,,0,0,,0,0,0,0,0,0,0,0,0.0,0,0,0,0,0,64.0,64196.0,0,0,0,54,eth:ethertype:ip:tcp,,,,,,,,,,,0.0,Normal,0.0
1744319047955307,10.42.0.1,10.42.0.3,1883,64817,1,45,0,1,0,0,1,0,4,0,0,0,0,0.0,0,,0,2,,0,0,0,0,2,0,0,0,0.0,0x00,0,0,0,0,64.0,64196.0,0,0,0,58,eth:ethertype:ip:tcp:mqtt,,,,,,,,,,,0.0,Normal,0.0
1744319047988957,10.42.0.1,10.42.0.3,1883,64817,5,227,0,1,0,0,0,0,0,0,0,0,0,0.0,0,,0,0,,0,0,0,0,0,0,0,0,0.0,0,0,0,0,0,64.0,64014.0,0,0,0,54,eth:ethertype:ip:tcp,,,,,,,,,,,0.0,Normal,0.0
1744319047989031,10.42.0.1,10.42.0.3,1883,64817,5,227,0,1,1,0,0,0,0,0,0,0,0,0.0,0,,0,0,,0,0,0,0,0,0,0,0,0.0,0,0,0,0,0,64.0,64014.0,0,0,0,54,eth:ethertype:ip:tcp,,,,,,,,,,,0.0,Normal,0.0
1744319062997908,10.42.0.1,10.42.0.149,1883,64818,0,1,1,1,0,0,0,0,0,0,0,0,0,0.0,0,,0,0,,0,0,0,0,0,0,0,0,0.0,0,0,0,0,0,64.0,64240.0,0,0,0,58,eth:ethertype:ip:tcp,,,,,,,,,,,0.0,Normal,0.0
1744319063004629,10.42.0.1,10.42.0.149,1883,64818,1,4,0,1,0,0,0,0,0,0,0,0,0,0.0,0,,0,0,,0,0,0,0,0,0,0,0,0.0,0,0,0,0,0,64.0,64237.0,0,0,0,54,eth:ethertype:ip:tcp,,,,,,,,,,,0.0,Normal,0.0
1744319063008516,10.42.0.1,10.42.0.149,1883,64818,1,15,0,1,0,0,0,0,0,0,0,0,0,0.0,0,,0,0,,0,0,0,0,0,0,0,0,0.0,0,0,0,0,0,64.0,64226.0,0,0,0,54,eth:ethertype:ip:tcp,,,,,,,,,,,0.0,Normal,0.0
1744319063011871,10.42.0.1,10.42.0.149,1883,64818,1,45,0,1,0,0,0,0,0,0,0,0,0,0.0,0,,0,0,,0,0,0,0,0,0,0,0,0.0,0,0,0,0,0,64.0,64196.0,0,0,0,54,eth:ethertype:ip:tcp,,,,,,,,,,,0.0,Normal,0.0
1744319063012177,10.42.0.1,10.42.0.149,1883,64818,1,45,0,1,0,0,1,0,4,0,0,0,0,0.0,0,,0,2,,0,0,0,0,2,0,0,0,0.0,0x00,0,0,0,0,64.0,64196.0,0,0,0,58,eth:ethertype:ip:tcp:mqtt,,,,,,,,,,,0.0,Normal,0.0
1744319063048507,10.42.0.1,10.42.0.149,1883,64818,5,227,0,1,0,0,0,0,0,0,0,0,0,0.0,0,,0,0,,0,0,0,0,0,0,0,0,0.0,0,0,0,0,0,64.0,64014.0,0,0,0,54,eth:ethertype:ip:tcp,,,,,,,,,,,0.0,Normal,0.0
1744319063048607,10.42.0.1,10.42.0.149,1883,64818,5,227,0,1,1,0,0,0,0,0,0,0,0,0.0,0,,0,0,,0,0,0,0,0,0,0,0,0.0,0,0,0,0,0,64.0,64014.0,0,0,0,54,eth:ethertype:ip:tcp,,,,,,,,,,,0.0,Normal,0.0
1744319077997908,10.42.0.1,10.42.0.3,1883,64818,0,1,1,1,0,0,0,0,0,0,0,0,0,0.0,0,,0,0,,0,0,0,0,0,0,0,0,0.0,0,0,0,0,0,64.0,64240.0,0,0,0,58,eth:ethertype:ip:tcp,,,,,,,,,,,0.0,Normal,0.0
1744319078004629,10.42.0.1,10.42.0.3,1883,64818,1,4,0,1,0,0,0,0,0,0,0,0,0,0.0,0,,0,0,,0,0,0,0,0,0,0,0,0.0,0,0,0,0,0,64.0,64237.0,0,0,0,54,eth:ethertype:ip:tcp,,,,,,,,,,,0.0,Normal,0.0
1744319078008516,10.42.0.1,10.42.0.3,1883,64818,1,15,0,1,0,0,0,0,0,0,0,0,0,0.0,0,,0,0,,0,0,0,0,0,0,0,0,0.0,0,0,0,0,0,64.0,64226.0,0,0,0,54,eth:ethertype:ip:tcp,,,,,,,,,,,0.0,Normal,0.0
1744319078011871,10.42.0.1,10.42.0.3,1883,64818,1,45,0,1,0,0,0,0,0,0,0,0,0,0.0,0,,0,0,,0,0,0,0,0,0,0,0,0.0,0,0,0,0,0,64.0,64196.0,0,0,0,54,eth:ethertype:ip:tcp,,,,,,,,,,,0.0,Normal,0.0
1744319078012177,10.42.0.1,10.42.0.3,1883,64818,1,45,0,1,0,0,1,0,4,0,0,0,0,0.0,0,,0,2,,0,0,0,0,2,0,0,0,0.0,0x00,0,0,0,0,64.0,64196.0,0,0,0,58,eth:ethertype:ip:tcp:mqtt,,,,,,,,,,,0.0,Normal,0.0
1744319078048507,10.42.0.1,10.42.0.3,1883,64818,5,227,0,1,0,0,0,0,0,0,0,0,0,0.0,0,,0,0,,0,0,0,0,0,0,0,0,0.0,0,0,0,0,0,64.0,64014.0,0,0,0,54,eth:ethertype:ip:tcp,,,,,,,,,,,0.0,Normal,0.0
1744319078048607,10.42.0.1,10.42.0.3,1883,64818,5,227,0,1,1,0,0,0,0,0,0,0,0,0.0,0,,0,0,,0,0,0,0,0,0,0,0,0.0,0,0,0,0,0,64.0,64014.0,0,0,0,54,eth:ethertype:ip:tcp,,,,,,,,,,,0.0,Normal,0.0
1744319093058470,10.42.0.1,10.42.0.149,1883,64819,0,1,1,1,0,0,0,0,0,0,0,0,0,0.0,0,,0,0,,0,0,0,0,0,0,0,0,0.0,0,0,0,0,0,64.0,64240.0,0,0,0,58,eth:ethertype:ip:tcp,,,,,,,,,,,0.0,Normal,0.0
1744319093064509,10.42.0.1,10.42.0.149,1883,64819,1,4,0,1,0,0,0,0,0,0,0,0,0,0.0,0,,0,0,,0,0,0,0,0,0,0,0,0.0,0,0,0,0,0,64.0,64237.0,0,0,0,54,eth:ethertype:ip:tcp,,,,,,,,,,,0.0,Normal,0.0
1744319093067877,10.42.0.1,10.42.0.149,1883,64819,1,33,0,1,0,0,0,0,0,0,0,0,0,0.0,0,,0,0,,0,0,0,0,0,0,0,0,0.0,0,0,0,0,0,64.0,64208.0,0,0,0,54,eth:ethertype:ip:tcp,,,,,,,,,,,0.0,Normal,0.0
1744319093072768,10.42.0.1,10.42.0.149,1883,64819,1,45,0,1,0,0,0,0,0,0,0,0,0,0.0,0,,0,0,,0,0,0,0,0,0,0,0,0.0,0,0,0,0,0,64.0,64196.0,0,0,0,54,eth:ethertype:ip:tcp,,,,,,,,,,,0.0,Normal,0.0
1744319093073172,10.42.0.1,10.42.0.149,1883,64819,1,45,0,1,0,0,1,0,4,0,0,0,0,0.0,0,,0,2,,0,0,0,0,2,0,0,0,0.0,0x00,0,0,0,0,64.0,64196.0,0,0,0,58,eth:ethertype:ip:tcp:mqtt,,,,,,,,,,,0.0,Normal,0.0
1744319093107765,10.42.0.1,10.42.0.149,1883,64819,5,227,0,1,0,0,0,0,0,0,0,0,0,0.0,0,,0,0,,0,0,0,0,0,0,0,0,0.0,0,0,0,0,0,64.0,64014.0,0,0,0,54,eth:ethertype:ip:tcp,,,,,,,,,,,0.0,Normal,0.0
1744319093107864,10.42.0.1,10.42.0.149,1883,64819,5,227,0,1,1,0,0,0,0,0,0,0,0,0.0,0,,0,0,,0,0,0,0,0,0,0,0,0.0,0,0,0,0,0,64.0,64014.0,0,0,0,54,eth:ethertype:ip:tcp,,,,,,,,,,,0.0,Normal,0.0
1744319108058470,10.42.0.1,10.42.0.3,1883,64819,0,1,1,1,0,0,0,0,0,0,0,0,0,0.0,0,,0,0,,0,0,0,0,0,0,0,0,0.0,0,0,0,0,0,64.0,64240.0,0,0,0,58,eth:ethertype:ip:tcp,,,,,,,,,,,0.0,Normal,0.0
1744319108064509,10.42.0.1,10.42.0.3,1883,64819,1,4,0,1,0,0,0,0,0,0,0,0,0,0.0,0,,0,0,,0,0,0,0,0,0,0,0,0.0,0,0,0,0,0,64.0,64237.0,0,0,0,54,eth:ethertype:ip:tcp,,,,,,,,,,,0.0,Normal,0.0
1744319108067877,10.42.0.1,10.42.0.3,1883,64819,1,33,0,1,0,0,0,0,0,0,0,0,0,0.0,0,,0,0,,0,0,0,0,0,0,0,0,0.0,0,0,0,0,0,64.0,64208.0,0,0,0,54,eth:ethertype:ip:tcp,,,,,,,,,,,0.0,Normal,0.0
1744319108072768,10.42.0.1,10.42.0.3,1883,64819,1,45,0,1,0,0,0,0,0,0,0,0,0,0.0,0,,0,0,,0,0,0,0,0,0,0,0,0.0,0,0,0,0,0,64.0,64196.0,0,0,0,54,eth:ethertype:ip:tcp,,,,,,,,,,,0.0,Normal,0.0
1744319108073172,10.42.0.1,10.42.0.3,1883,64819,1,45,0,1,0,0,1,0,4,0,0,0,0,0.0,0,,0,2,,0,0,0,0,2,0,0,0,0.0,0x00,0,0,0,0,64.0,64196.0,0,0,0,58,eth:ethertype:ip:tcp:mqtt,,,,,,,,,,,0.0,Normal,0.0
1744319108107765,10.42.0.1,10.42.0.3,1883,64819,5,227,0,1,0,0,0,0,0,0,0,0,0,0.0,0,,0,0,,0,0,0,0,0,0,0,0,0.0,0,0,0,0,0,64.0,64014.0,0,0,0,54,eth:ethertype:ip:tcp,,,,,,,,,,,0.0,Normal,0.0
1744319108107864,10.42.0.1,10.42.0.3,1883,64819,5,227,0,1,1,0,0,0,0,0,0,0,0,0.0,0,,0,0,,0,0,0,0,0,0,0,0,0.0,0,0,0,0,0,64.0,64014.0,0,0,0,54,eth:ethertype:ip:tcp,,,,,,,,,,,0.0,Normal,0.0
1744319123116664,10.42.0.1,10.42.0.149,1883,64820,0,1,1,1,0,0,0,0,0,0,0,0,0,0.0,0,,0,0,,0,0,0,0,0,0,0,0,0.0,0,0,0,0,0,64.0,64240.0,0,0,0,58,eth:ethertype:ip:tcp,,,,,,,,,,,0.0,Normal,0.0
1744319123122651,10.42.0.1,10.42.0.149,1883,64820,1,4,0,1,0,0,0,0,0,0,0,0,0,0.0,0,,0,0,,0,0,0,0,0,0,0,0,0.0,0,0,0,0,0,64.0,64237.0,0,0,0,54,eth:ethertype:ip:tcp,,,,,,,,,,,0.0,Normal,0.0
1744319123126012,10.42.0.1,10.42.0.149,1883,64820,1,33,0,1,0,0,0,0,0,0,0,0,0,0.0,0,,0,0,,0,0,0,0,0,0,0,0,0.0,0,0,0,0,0,64.0,64208.0,0,0,0,54,eth:ethertype:ip:tcp,,,,,,,,,,,0.0,Normal,0.0
1744319123129185,10.42.0.1,10.42.0.149,1883,64820,1,45,0,1,0,0,0,0,0,0,0,0,0,0.0,0,,0,0,,0,0,0,0,0,0,0,0,0.0,0,0,0,0,0,64.0,64196.0,0,0,0,54,eth:ethertype:ip:tcp,,,,,,,,,,,0.0,Normal,0.0
1744319123129577,10.42.0.1,10.42.0.149,1883,64820,1,45,0,1,0,0,1,0,4,0,0,0,0,0.0,0,,0,2,,0,0,0,0,2,0,0,0,0.0,0x00,0,0,0,0,64.0,64196.0,0,0,0,58,eth:ethertype:ip:tcp:mqtt,,,,,,,,,,,0.0,Normal,0.0
1744319123167570,10.42.0.1,10.42.0.149,1883,64820,5,228,0,1,0,0,0,0,0,0,0,0,0,0.0,0,,0,0,,0,0,0,0,0,0,0,0,0.0,0,0,0,0,0,64.0,64013.0,0,0,0,54,eth:ethertype:ip:tcp,,,,,,,,,,,0.0,Normal,0.0
1744319123167646,10.42.0.1,10.42.0.149,1883,64820,5,228,0,1,1,0,0,0,0,0,0,0,0,0.0,0,,0,0,,0,0,0,0,0,0,0,0,0.0,0,0,0,0,0,64.0,64013.0,0,0,0,54,eth:ethertype:ip:tcp,,,,,,,,,,,0.0,Normal,0.0
1744319138116664,10.42.0.1,10.42.0.3,1883,64820,0,1,1,1,0,0,0,0,0,0,0,0,0,0.0,0,,0,0,,0,0,0,0,0,0,0,0,0.0,0,0,0,0,0,64.0,64240.0,0,0,0,58,eth:ethertype:ip:tcp,,,,,,,,,,,0.0,Normal,0.0
1744319138122651,10.42.0.1,10.42.0.3,1883,64820,1,4,0,1,0,0,0,0,0,0,0,0,0,0.0,0,,0,0,,0,0,0,0,0,0,0,0,0.0,0,0,0,0,0,64.0,64237.0,0,0,0,54,eth:ethertype:ip:tcp,,,,,,,,,,,0.0,Normal,0.0
1744319138126012,10.42.0.1,10.42.0.3,1883,64820,1,33,0,1,0,0,0,0,0,0,0,0,0,0.0,0,,0,0,,0,0,0,0,0,0,0,0,0.0,0,0,0,0,0,64.0,64208.0,0,0,0,54,eth:ethertype:ip:tcp,,,,,,,,,,,0.0,Normal,0.0
1744319138129185,10.42.0.1,10.42.0.3,1883,64820,1,45,0,1,0,0,0,0,0,0,0,0,0,0.0,0,,0,0,,0,0,0,0,0,0,0,0,0.0,0,0,0,0,0,64.0,64196.0,0,0,0,54,eth:ethertype:ip:tcp,,,,,,,,,,,0.0,Normal,0.0
1744319138129577,10.42.0.1,10.42.0.3,1883,64820,1,45,0,1,0,0,1,0,4,0,0,0,0,0.0,0,,0,2,,0,0,0,0,2,0,0,0,0.0,0x00,0,0,0,0,64.0,64196.0,0,0,0,58,eth:ethertype:ip:tcp:mqtt,,,,,,,,,,,0.0,Normal,0.0
1744319138167570,10.42.0.1,10.42.0.3,1883,64820,5,228,0,1,0,0,0,0,0,0,0,0,0,0.0,0,,0,0,,0,0,0,0,0,0,0,0,0.0,0,0,0,0,0,64.0,64013.0,0,0,0,54,eth:ethertype:ip:tcp,,,,,,,,,,,0.0,Normal,0.0
1744319138167646,10.42.0.1,10.42.0.3,1883,64820,5,228,0,1,1,0,0,0,0,0,0,0,0,0.0,0,,0,0,,0,0,0,0,0,0,0,0,0.0,0,0,0,0,0,64.0,64013.0,0,0,0,54,eth:ethertype:ip:tcp,,,,,,,,,,,0.0,Normal,0.0
1744319153176132,10.42.0.1,10.42.0.149,1883,64821,0,1,1,1,0,0,0,0,0,0,0,0,0,0.0,0,,0,0,,0,0,0,0,0,0,0,0,0.0,0,0,0,0,0,64.0,64240.0,0,0,0,58,eth:ethertype:ip:tcp,,,,,,,,,,,0.0,Normal,0.0
1744319153182293,10.42.0.1,10.42.0.149,1883,64821,1,4,0,1,0,0,0,0,0,0,0,0,0,0.0,0,,0,0,,0,0,0,0,0,0,0,0,0.0,0,0,0,0,0,64.0,64237.0,0,0,0,54,eth:ethertype:ip:tcp,,,,,,,,,,,0.0,Normal,0.0
1744319153185652,10.42.0.1,10.42.0.149,1883,64821,1,33,0,1,0,0,0,0,0,0,0,0,0,0.0,0,,0,0,,0,0,0,0,0,0,0,0,0.0,0,0,0,0,0,64.0,64208.0,0,0,0,54,eth:ethertype:ip:tcp,,,,,,,,,,,0.0,Normal,0.0
1744319153188611,10.42.0.1,10.42.0.149,1883,64821,1,45,0,1,0,0,0,0,0,0,0,0,0,0.0,0,,0,0,,0,0,0,0,0,0,0,0,0.0,0,0,0,0,0,64.0,64196.0,0,0,0,54,eth:ethertype:ip:tcp,,,,,,,,,,,0.0,Normal,0.0
1744319153188860,10.42.0.1,10.42.0.149,1883,64821,1,45,0,1,0,0,1,0,4,0,0,0,0,0.0,0,,0,2,,0,0,0,0,2,0,0,0,0.0,0x00,0,0,0,0,64.0,64196.0,0,0,0,58,eth:ethertype:ip:tcp:mqtt,,,,,,,,,,,0.0,Normal,0.0
1744319153226879,10.42.0.1,10.42.0.149,1883,64821,5,228,0,1,0,0,0,0,0,0,0,0,0,0.0,0,,0,0,,0,0,0,0,0,0,0,0,0.0,0,0,0,0,0,64.0,64013.0,0,0,0,54,eth:ethertype:ip:tcp,,,,,,,,,,,0.0,Normal,0.0
1744319153226914,10.42.0.1,10.42.0.149,1883,64821,5,228,0,1,1,0,0,0,0,0,0,0,0,0.0,0,,0,0,,0,0,0,0,0,0,0,0,0.0,0,0,0,0,0,64.0,64013.0,0,0,0,54,eth:ethertype:ip:tcp,,,,,,,,,,,0.0,Normal,0.0
1744319168176132,10.42.0.1,10.42.0.3,1883,64821,0,1,1,1,0,0,0,0,0,0,0,0,0,0.0,0,,0,0,,0,0,0,0,0,0,0,0,0.0,0,0,0,0,0,64.0,64240.0,0,0,0,58,eth:ethertype:ip:tcp,,,,,,,,,,,0.0,Normal,0.0
1744319168182293,10.42.0.1,10.42.0.3,1883,64821,1,4,0,1,0,0,0,0,0,0,0,0,0,0.0,0,,0,0,,0,0,0,0,0,0,0,0,0.0,0,0,0,0,0,64.0,64237.0,0,0,0,54,eth:ethertype:ip:tcp,,,,,,,,,,,0.0,Normal,0.0
1744319168185652,10.42.0.1,10.42.0.3,1883,64821,1,33,0,1,0,0,0,0,0,0,0,0,0,0.0,0,,0,0,,0,0,0,0,0,0,0,0,0.0,0,0,0,0,0,64.0,64208.0,0,0,0,54,eth:ethertype:ip:tcp,,,,,,,,,,,0.0,Normal,0.0
1744319168188611,10.42.0.1,10.42.0.3,1883,64821,1,45,0,1,0,0,0,0,0,0,0,0,0,0.0,0,,0,0,,0,0,0,0,0,0,0,0,0.0,0,0,0,0,0,64.0,64196.0,0,0,0,54,eth:ethertype:ip:tcp,,,,,,,,,,,0.0,Normal,0.0
1744319168188860,10.42.0.1,10.42.0.3,1883,64821,1,45,0,1,0,0,1,0,4,0,0,0,0,0.0,0,,0,2,,0,0,0,0,2,0,0,0,0.0,0x00,0,0,0,0,64.0,64196.0,0,0,0,58,eth:ethertype:ip:tcp:mqtt,,,,,,,,,,,0.0,Normal,0.0
1744319168226879,10.42.0.1,10.42.0.3,1883,64821,5,228,0,1,0,0,0,0,0,0,0,0,0,0.0,0,,0,0,,0,0,0,0,0,0,0,0,0.0,0,0,0,0,0,64.0,64013.0,0,0,0,54,eth:ethertype:ip:tcp,,,,,,,,,,,0.0,Normal,0.0
1744319168226914,10.42.0.1,10.42.0.3,1883,64821,5,228,0,1,1,0,0,0,0,0,0,0,0,0.0,0,,0,0,,0,0,0,0,0,0,0,0,0.0,0,0,0,0,0,64.0,64013.0,0,0,0,54,eth:ethertype:ip:tcp,,,,,,,,,,,0.0,Normal,0.0
1744319183235507,10.42.0.1,10.42.0.149,1883,64822,0,1,1,1,0,0,0,0,0,0,0,0,0,0.0,0,,0,0,,0,0,0,0,0,0,0,0,0.0,0,0,0,0,0,64.0,64240.0,0,0,0,58,eth:ethertype:ip:tcp,,,,,,,,,,,0.0,Normal,0.0
1744319183241666,10.42.0.1,10.42.0.149,1883,64822,1,4,0,1,0,0,0,0,0,0,0,0,0,0.0,0,,0,0,,0,0,0,0,0,0,0,0,0.0,0,0,0,0,0,64.0,64237.0,0,0,0,54,eth:ethertype:ip:tcp,,,,,,,,,,,0.0,Normal,0.0
1744319183245104,10.42.0.1,10.42.0.149,1883,64822,1,33,0,1,0,0,0,0,0,0,0,0,0,0.0,0,,0,0,,0,0,0,0,0,0,0,0,0.0,0,0,0,0,0,64.0,64208.0,0,0,0,54,eth:ethertype:ip:tcp,,,,,,,,,,,0.0,Normal,0.0
1744319183248186,10.42.0.1,10.42.0.149,1883,64822,1,45,0,1,0,0,0,0,0,0,0,0,0,0.0,0,,0,0,,0,0,0,0,0,0,0,0,0.0,0,0,0,0,0,64.0,64196.0,0,0,0,54,eth:ethertype:ip:tcp,,,,,,,,,,,0.0,Normal,0.0
1744319183248567,10.42.0.1,10.42.0.149,1883,64822,1,45,0,1,0,0,1,0,4,0,0,0,0,0.0,0,,0,2,,0,0,0,0,2,0,0,0,0.0,0x00,0,0,0,0,64.0,64196.0,0,0,0,58,eth:ethertype:ip:tcp:mqtt,,,,,,,,,,,0.0,Normal,0.0
1744319183285806,10.42.0.1,10.42.0.149,1883,64822,5,228,0,1,0,0,0,0,0,0,0,0,0,0.0,0,,0,0,,0,0,0,0,0,0,0,0,0.0,0,0,0,0,0,64.0,64013.0,0,0,0,54,eth:ethertype:ip:tcp,,,,,,,,,,,0.0,Normal,0.0
1744319183285842,10.42.0.1,10.42.0.149,1883,64822,5,228,0,1,1,0,0,0,0,0,0,0,0,0.0,0,,0,0,,0,0,0,0,0,0,0,0,0.0,0,0,0,0,0,64.0,64013.0,0,0,0,54,eth:ethertype:ip:tcp,,,,,,,,,,,0.0,Normal,0.0
1744319198235507,10.42.0.1,10.42.0.3,1883,64822,0,1,1,1,0,0,0,0,0,0,0,0,0,0.0,0,,0,0,,0,0,0,0,0,0,0,0,0.0,0,0,0,0,0,64.0,64240.0,0,0,0,58,eth:ethertype:ip:tcp,,,,,,,,,,,0.0,Normal,0.0
1744319198241666,10.42.0.1,10.42.0.3,1883,64822,1,4,0,1,0,0,0,0,0,0,0,0,0,0.0,0,,0,0,,0,0,0,0,0,0,0,0,0.0,0,0,0,0,0,64.0,64237.0,0,0,0,54,eth:ethertype:ip:tcp,,,,,,,,,,,0.0,Normal,0.0
1744319198245104,10.42.0.1,10.42.0.3,1883,64822,1,33,0,1,0,0,0,0,0,0,0,0,0,0.0,0,,0,0,,0,0,0,0,0,0,0,0,0.0,0,0,0,0,0,64.0,64208.0,0,0,0,54,eth:ethertype:ip:tcp,,,,,,,,,,,0.0,Normal,0.0
1744319198248186,10.42.0.1,10.42.0.3,1883,64822,1,45,0,1,0,0,0,0,0,0,0,0,0,0.0,0,,0,0,,0,0,0,0,0,0,0,0,0.0,0,0,0,0,0,64.0,64196.0,0,0,0,54,eth:ethertype:ip:tcp,,,,,,,,,,,0.0,Normal,0.0
1744319198248567,10.42.0.1,10.42.0.3,1883,64822,1,45,0,1,0,0,1,0,4,0,0,0,0,0.0,0,,0,2,,0,0,0,0,2,0,0,0,0.0,0x00,0,0,0,0,64.0,64196.0,0,0,0,58,eth:ethertype:ip:tcp:mqtt,,,,,,,,,,,0.0,Normal,0.0
1744319198285806,10.42.0.1,10.42.0.3,1883,64822,5,228,0,1,0,0,0,0,0,0,0,0,0,0.0,0,,0,0,,0,0,0,0,0,0,0,0,0.0,0,0,0,0,0,64.0,64013.0,0,0,0,54,eth:ethertype:ip:tcp,,,,,,,,,,,0.0,Normal,0.0
1744319198285842,10.42.0.1,10.42.0.3,1883,64822,5,228,0,1,1,0,0,0,0,0,0,0,0,0.0,0,,0,0,,0,0,0,0,0,0,0,0,0.0,0,0,0,0,0,64.0,64013.0,0,0,0,54,eth:ethertype:ip:tcp,,,,,,,,,,,0.0,Normal,0.0
1744319213294885,10.42.0.1,10.42.0.149,1883,64823,0,1,1,1,0,0,0,0,0,0,0,0,0,0.0,0,,0,0,,0,0,0,0,0,0,0,0,0.0,0,0,0,0,0,64.0,64240.0,0,0,0,58,eth:ethertype:ip:tcp,,,,,,,,,,,0.0,Normal,0.0
1744319213300877,10.42.0.1,10.42.0.149,1883,64823,1,4,0,1,0,0,0,0,0,0,0,0,0,0.0,0,,0,0,,0,0,0,0,0,0,0,0,0.0,0,0,0,0,0,64.0,64237.0,0,0,0,54,eth:ethertype:ip:tcp,,,,,,,,,,,0.0,Normal,0.0
1744319213304404,10.42.0.1,10.42.0.149,1883,64823,1,33,0,1,0,0,0,0,0,0,0,0,0,0.0,0,,0,0,,0,0,0,0,0,0,0,0,0.0,0,0,0,0,0,64.0,64208.0,0,0,0,54,eth:ethertype:ip:tcp,,,,,,,,,,,0.0,Normal,0.0
1744319213307484,10.42.0.1,10.42.0.149,1883,64823,1,45,0,1,0,0,0,0,0,0,0,0,0,0.0,0,,0,0,,0,0,0,0,0,0,0,0,0.0,0,0,0,0,0,64.0,64196.0,0,0,0,54,eth:ethertype:ip:tcp,,,,,,,,,,,0.0,Normal,0.0
1744319213307740,10.42.0.1,10.42.0.149,1883,64823,1,45,0,1,0,0,1,0,4,0,0,0,0,0.0,0,,0,2,,0,0,0,0,2,0,0,0,0.0,0x00,0,0,0,0,64.0,64196.0,0,0,0,58,eth:ethertype:ip:tcp:mqtt,,,,,,,,,,,0.0,Normal,0.0
1744319213345177,10.42.0.1,10.42.0.149,1883,64823,5,228,0,1,0,0,0,0,0,0,0,0,0,0.0,0,,0,0,,0,0,0,0,0,0,0,0,0.0,0,0,0,0,0,64.0,64013.0,0,0,0,54,eth:ethertype:ip:tcp,,,,,,,,,,,0.0,Normal,0.0
1744319213345253,10.42.0.1,10.42.0.149,1883,64823,5,228,0,1,1,0,0,0,0,0,0,0,0,0.0,0,,0,0,,0,0,0,0,0,0,0,0,0.0,0,0,0,0,0,64.0,64013.0,0,0,0,54,eth:ethertype:ip:tcp,,,,,,,,,,,0.0,Normal,0.0
1744319228294885,10.42.0.1,10.42.0.3,1883,64823,0,1,1,1,0,0,0,0,0,0,0,0,0,0.0,0,,0,0,,0,0,0,0,0,0,0,0,0.0,0,0,0,0,0,64.0,64240.0,0,0,0,58,eth:ethertype:ip:tcp,,,,,,,,,,,0.0,Normal,0.0
1744319228300877,10.42.0.1,10.42.0.3,1883,64823,1,4,0,1,0,0,0,0,0,0,0,0,0,0.0,0,,0,0,,0,0,0,0,0,0,0,0,0.0,0,0,0,0,0,64.0,64237.0,0,0,0,54,eth:ethertype:ip:tcp,,,,,,,,,,,0.0,Normal,0.0
1744319228304404,10.42.0.1,10.42.0.3,1883,64823,1,33,0,1,0,0,0,0,0,0,0,0,0,0.0,0,,0,0,,0,0,0,0,0,0,0,0,0.0,0,0,0,0,0,64.0,64208.0,0,0,0,54,eth:ethertype:ip:tcp,,,,,,,,,,,0.0,Normal,0.0
1744319228307484,10.42.0.1,10.42.0.3,1883,64823,1,45,0,1,0,0,0,0,0,0,0,0,0,0.0,0,,0,0,,0,0,0,0,0,0,0,0,0.0,0,0,0,0,0,64.0,64196.0,0,0,0,54,eth:ethertype:ip:tcp,,,,,,,,,,,0.0,Normal,0.0
1744319228307740,10.42.0.1,10.42.0.3,1883,64823,1,45,0,1,0,0,1,0,4,0,0,0,0,0.0,0,,0,2,,0,0,0,0,2,0,0,0,0.0,0x00,0,0,0,0,64.0,64196.0,0,0,0,58,eth:ethertype:ip:tcp:mqtt,,,,,,,,,,,0.0,Normal,0.0
1744319228345177,10.42.0.1,10.42.0.3,1883,64823,5,228,0,1,0,0,0,0,0,0,0,0,0,0.0,0,,0,0,,0,0,0,0,0,0,0,0,0.0,0,0,0,0,0,64.0,64013.0,0,0,0,54,eth:ethertype:ip:tcp,,,,,,,,,,,0.0,Normal,0.0
1744319228345253,10.42.0.1,10.42.0.3,1883,64823,5,228,0,1,1,0,0,0,0,0,0,0,0,0.0,0,,0,0,,0,0,0,0,0,0,0,0,0.0,0,0,0,0,0,64.0,64013.0,0,0,0,54,eth:ethertype:ip:tcp,,,,,,,,,,,0.0,Normal,0.0
1744319243353461,10.42.0.1,10.42.0.149,1883,64824,0,1,1,1,0,0,0,0,0,0,0,0,0,0.0,0,,0,0,,0,0,0,0,0,0,0,0,0.0,0,0,0,0,0,64.0,64240.0,0,0,0,58,eth:ethertype:ip:tcp,,,,,,,,,,,0.0,Normal,0.0
1744319243359992,10.42.0.1,10.42.0.149,1883,64824,1,4,0,1,0,0,0,0,0,0,0,0,0,0.0,0,,0,0,,0,0,0,0,0,0,0,0,0.0,0,0,0,0,0,64.0,64237.0,0,0,0,54,eth:ethertype:ip:tcp,,,,,,,,,,,0.0,Normal,0.0
1744319243363393,10.42.0.1,10.42.0.149,1883,64824,1,35,0,1,0,0,0,0,0,0,0,0,0,0.0,0,,0,0,,0,0,0,0,0,0,0,0,0.0,0,0,0,0,0,64.0,64206.0,0,0,0,54,eth:ethertype:ip:tcp,,,,,,,,,,,0.0,Normal,0.0
1744319243366395,10.42.0.1,10.42.0.149,1883,64824,1,45,0,1,0,0,0,0,0,0,0,0,0,0.0,0,,0,0,,0,0,0,0,0,0,0,0,0.0,0,0,0,0,0,64.0,64196.0,0,0,0,54,eth:ethertype:ip:tcp,,,,,,,,,,,0.0,Normal,0.0
1744319243366705,10.42.0.1,10.42.0.149,1883,64824,1,45,0,1,0,0,1,0,4,0,0,0,0,0.0,0,,0,2,,0,0,0,0,2,0,0,0,0.0,0x00,0,0,0,0,64.0,64196.0,0,0,0,58,eth:ethertype:ip:tcp:mqtt,,,,,,,,,,,0.0,Normal,0.0
1744319243404567,10.42.0.1,10.42.0.149,1883,64824,5,228,0,1,0,0,0,0,0,0,0,0,0,0.0,0,,0,0,,0,0,0,0,0,0,0,0,0.0,0,0,0,0,0,64.0,64013.0,0,0,0,54,eth:ethertype:ip:tcp,,,,,,,,,,,0.0,Normal,0.0
1744319243404604,10.42.0.1,10.42.0.149,1883,64824,5,228,0,1,1,0,0,0,0,0,0,0,0,0.0,0,,0,0,,0,0,0,0,0,0,0,0,0.0,0,0,0,0,0,64.0,64013.0,0,0,0,54,eth:ethertype:ip:tcp,,,,,,,,,,,0.0,Normal,0.0
1744319258353461,10.42.0.1,10.42.0.3,1883,64824,0,1,1,1,0,0,0,0,0,0,0,0,0,0.0,0,,0,0,,0,0,0,0,0,0,0,0,0.0,0,0,0,0,0,64.0,64240.0,0,0,0,58,eth:ethertype:ip:tcp,,,,,,,,,,,0.0,Normal,0.0
1744319258359992,10.42.0.1,10.42.0.3,1883,64824,1,4,0,1,0,0,0,0,0,0,0,0,0,0.0,0,,0,0,,0,0,0,0,0,0,0,0,0.0,0,0,0,0,0,64.0,64237.0,0,0,0,54,eth:ethertype:ip:tcp,,,,,,,,,,,0.0,Normal,0.0
1744319258363393,10.42.0.1,10.42.0.3,1883,64824,1,35,0,1,0,0,0,0,0,0,0,0,0,0.0,0,,0,0,,0,0,0,0,0,0,0,0,0.0,0,0,0,0,0,64.0,64206.0,0,0,0,54,eth:ethertype:ip:tcp,,,,,,,,,,,0.0,Normal,0.0
1744319258366395,10.42.0.1,10.42.0.3,1883,64824,1,45,0,1,0,0,0,0,0,0,0,0,0,0.0,0,,0,0,,0,0,0,0,0,0,0,0,0.0,0,0,0,0,0,64.0,64196.0,0,0,0,54,eth:ethertype:ip:tcp,,,,,,,,,,,0.0,Normal,0.0
1744319258366705,10.42.0.1,10.42.0.3,1883,64824,1,45,0,1,0,0,1,0,4,0,0,0,0,0.0,0,,0,2,,0,0,0,0,2,0,0,0,0.0,0x00,0,0,0,0,64.0,64196.0,0,0,0,58,eth:ethertype:ip:tcp:mqtt,,,,,,,,,,,0.0,Normal,0.0
1744319258404567,10.42.0.1,10.42.0.3,1883,64824,5,228,0,1,0,0,0,0,0,0,0,0,0,0.0,0,,0,0,,0,0,0,0,0,0,0,0,0.0,0,0,0,0,0,64.0,64013.0,0,0,0,54,eth:ethertype:ip:tcp,,,,,,,,,,,0.0,Normal,0.0
1744319258404604,10.42.0.1,10.42.0.3,1883,64824,5,228,0,1,1,0,0,0,0,0,0,0,0,0.0,0,,0,0,,0,0,0,0,0,0,0,0,0.0,0,0,0,0,0,64.0,64013.0,0,0,0,54,eth:ethertype:ip:tcp,,,,,,,,,,,0.0,Normal,0.0
1744319273413670,10.42.0.1,10.42.0.149,1883,64825,0,1,1,1,0,0,0,0,0,0,0,0,0,0.0,0,,0,0,,0,0,0,0,0,0,0,0,0.0,0,0,0,0,0,64.0,64240.0,0,0,0,58,eth:ethertype:ip:tcp,,,,,,,,,,,0.0,Normal,0.0
1744319273419658,10.42.0.1,10.42.0.149,1883,64825,1,4,0,1,0,0,0,0,0,0,0,0,0,0.0,0,,0,0,,0,0,0,0,0,0,0,0,0.0,0,0,0,0,0,64.0,64237.0,0,0,0,54,eth:ethertype:ip:tcp,,,,,,,,,,,0.0,Normal,0.0
1744319273423119,10.42.0.1,10.42.0.149,1883,64825,1,33,0,1,0,0,0,0,0,0,0,0,0,0.0,0,,0,0,,0,0,0,0,0,0,0,0,0.0,0,0,0,0,0,64.0,64208.0,0,0,0,54,eth:ethertype:ip:tcp,,,,,,,,,,,0.0,Normal,0.0
1744319273426162,10.42.0.1,10.42.0.149,1883,64825,1,45,0,1,0,0,0,0,0,0,0,0,0,0.0,0,,0,0,,0,0,0,0,0,0,0,0,0.0,0,0,0,0,0,64.0,64196.0,0,0,0,54,eth:ethertype:ip:tcp,,,,,,,,,,,0.0,Normal,0.0
1744319273426543,10.42.0.1,10.42.0.149,1883,64825,1,45,0,1,0,0,1,0,4,0,0,0,0,0.0,0,,0,2,,0,0,0,0,2,0,0,0,0.0,0x00,0,0,0,0,64.0,64196.0,0,0,0,58,eth:ethertype:ip:tcp:mqtt,,,,,,,,,,,0.0,Normal,0.0
1744319273464136,10.42.0.1,10.42.0.149,1883,64825,5,228,0,1,0,0,0,0,0,0,0,0,0,0.0,0,,0,0,,0,0,0,0,0,0,0,0,0.0,0,0,0,0,0,64.0,64013.0,0,0,0,54,eth:ethertype:ip:tcp,,,,,,,,,,,0.0,Normal,0.0
1744319273464177,10.42.0.1,10.42.0.149,1883,64825,5,228,0,1,1,0,0,0,0,0,0,0,0,0.0,0,,0,0,,0,0,0,0,0,0,0,0,0.0,0,0,0,0,0,64.0,64013.0,0,0,0,54,eth:ethertype:ip:tcp,,,,,,,,,,,0.0,Normal,0.0
1744319288413670,10.42.0.1,10.42.0.3,1883,64825,0,1,1,1,0,0,0,0,0,0,0,0,0,0.0,0,,0,0,,0,0,0,0,0,0,0,0,0.0,0,0,0,0,0,64.0,64240.0,0,0,0,58,eth:ethertype:ip:tcp,,,,,,,,,,,0.0,Normal,0.0
1744319288419658,10.42.0.1,10.42.0.3,1883,64825,1,4,0,1,0,0,0,0,0,0,0,0,0,0.0,0,,0,0,,0,0,0,0,0,0,0,0,0.0,0,0,0,0,0,64.0,64237.0,0,0,0,54,eth:ethertype:ip:tcp,,,,,,,,,,,0.0,Normal,0.0
1744319288423119,10.42.0.1,10.42.0.3,1883,64825,1,33,0,1,0,0,0,0,0,0,0,0,0,0.0,0,,0,0,,0,0,0,0,0,0,0,0,0.0,0,0,0,0,0,64.0,64208.0,0,0,0,54,eth:ethertype:ip:tcp,,,,,,,,,,,0.0,Normal,0.0
1744319288426162,10.42.0.1,10.42.0.3,1883,64825,1,45,0,1,0,0,0,0,0,0,0,0,0,0.0,0,,0,0,,0,0,0,0,0,0,0,0,0.0,0,0,0,0,0,64.0,64196.0,0,0,0,54,eth:ethertype:ip:tcp,,,,,,,,,,,0.0,Normal,0.0
1744319288426543,10.42.0.1,10.42.0.3,1883,64825,1,45,0,1,0,0,1,0,4,0,0,0,0,0.0,0,,0,2,,0,0,0,0,2,0,0,0,0.0,0x00,0,0,0,0,64.0,64196.0,0,0,0,58,eth:ethertype:ip:tcp:mqtt,,,,,,,,,,,0.0,Normal,0.0
1744319288464136,10.42.0.1,10.42.0.3,1883,64825,5,228,0,1,0,0,0,0,0,0,0,0,0,0.0,0,,0,0,,0,0,0,0,0,0,0,0,0.0,0,0,0,0,0,64.0,64013.0,0,0,0,54,eth:ethertype:ip:tcp,,,,,,,,,,,0.0,Normal,0.0
1744319288464177,10.42.0.1,10.42.0.3,1883,64825,5,228,0,1,1,0,0,0,0,0,0,0,0,0.0,0,,0,0,,0,0,0,0,0,0,0,0,0.0,0,0,0,0,0,64.0,64013.0,0,0,0,54,eth:ethertype:ip:tcp,,,,,,,,,,,0.0,Normal,0.0
1744319303472989,10.42.0.1,10.42.0.149,1883,64826,0,1,1,1,0,0,0,0,0,0,0,0,0,0.0,0,,0,0,,0,0,0,0,0,0,0,0,0.0,0,0,0,0,0,64.0,64240.0,0,0,0,58,eth:ethertype:ip:tcp,,,,,,,,,,,0.0,Normal,0.0
1744319303479159,10.42.0.1,10.42.0.149,1883,64826,1,4,0,1,0,0,0,0,0,0,0,0,0,0.0,0,,0,0,,0,0,0,0,0,0,0,0,0.0,0,0,0,0,0,64.0,64237.0,0,0,0,54,eth:ethertype:ip:tcp,,,,,,,,,,,0.0,Normal,0.0
1744319303484046,10.42.0.1,10.42.0.149,1883,64826,1,33,0,1,0,0,0,0,0,0,0,0,0,0.0,0,,0,0,,0,0,0,0,0,0,0,0,0.0,0,0,0,0,0,64.0,64208.0,0,0,0,54,eth:ethertype:ip:tcp,,,,,,,,,,,0.0,Normal,0.0
1744319303488128,10.42.0.1,10.42.0.149,1883,64826,1,45,0,1,0,0,0,0,0,0,0,0,0,0.0,0,,0,0,,0,0,0,0,0,0,0,0,0.0,0,0,0,0,0,64.0,64196.0,0,0,0,54,eth:ethertype:ip:tcp,,,,,,,,,,,0.0,Normal,0.0
1744319303488492,10.42.0.1,10.42.0.149,1883,64826,1,45,0,1,0,0,1,0,4,0,0,0,0,0.0,0,,0,2,,0,0,0,0,2,0,0,0,0.0,0x00,0,0,0,0,64.0,64196.0,0,0,0,58,eth:ethertype:ip:tcp:mqtt,,,,,,,,,,,0.0,Normal,0.0
1744319303523489,10.42.0.1,10.42.0.149,1883,64826,5,228,0,1,0,0,0,0,0,0,0,0,0,0.0,0,,0,0,,0,0,0,0,0,0,0,0,0.0,0,0,0,0,0,64.0,64013.0,0,0,0,54,eth:ethertype:ip:tcp,,,,,,,,,,,0.0,Normal,0.0
1744319303523520,10.42.0.1,10.42.0.149,1883,64826,5,228,0,1,1,0,0,0,0,0,0,0,0,0.0,0,,0,0,,0,0,0,0,0,0,0,0,0.0,0,0,0,0,0,64.0,64013.0,0,0,0,54,eth:ethertype:ip:tcp,,,,,,,,,,,0.0,Normal,0.0
1744319318472989,10.42.0.1,10.42.0.3,1883,64826,0,1,1,1,0,0,0,0,0,0,0,0,0,0.0,0,,0,0,,0,0,0,0,0,0,0,0,0.0,0,0,0,0,0,64.0,64240.0,0,0,0,58,eth:ethertype:ip:tcp,,,,,,,,,,,0.0,Normal,0.0
1744319318479159,10.42.0.1,10.42.0.3,1883,64826,1,4,0,1,0,0,0,0,0,0,0,0,0,0.0,0,,0,0,,0,0,0,0,0,0,0,0,0.0,0,0,0,0,0,64.0,64237.0,0,0,0,54,eth:ethertype:ip:tcp,,,,,,,,,,,0.0,Normal,0.0
1744319318484046,10.42.0.1,10.42.0.3,1883,64826,1,33,0,1,0,0,0,0,0,0,0,0,0,0.0,0,,0,0,,0,0,0,0,0,0,0,0,0.0,0,0,0,0,0,64.0,64208.0,0,0,0,54,eth:ethertype:ip:tcp,,,,,,,,,,,0.0,Normal,0.0
1744319318488128,10.42.0.1,10.42.0.3,1883,64826,1,45,0,1,0,0,0,0,0,0,0,0,0,0.0,0,,0,0,,0,0,0,0,0,0,0,0,0.0,0,0,0,0,0,64.0,64196.0,0,0,0,54,eth:ethertype:ip:tcp,,,,,,,,,,,0.0,Normal,0.0
1744319318488492,10.42.0.1,10.42.0.3,1883,64826,1,45,0,1,0,0,1,0,4,0,0,0,0,0.0,0,,0,2,,0,0,0,0,2,0,0,0,0.0,0x00,0,0,0,0,64.0,64196.0,0,0,0,58,eth:ethertype:ip:tcp:mqtt,,,,,,,,,,,0.0,Normal,0.0
1744319318523489,10.42.0.1,10.42.0.3,1883,64826,5,228,0,1,0,0,0,0,0,0,0,0,0,0.0,0,,0,0,,0,0,0,0,0,0,0,0,0.0,0,0,0,0,0,64.0,64013.0,0,0,0,54,eth:ethertype:ip:tcp,,,,,,,,,,,0.0,Normal,0.0
1744319318523520,10.42.0.1,10.42.0.3,1883,64826,5,228,0,1,1,0,0,0,0,0,0,0,0,0.0,0,,0,0,,0,0,0,0,0,0,0,0,0.0,0,0,0,0,0,64.0,64013.0,0,0,0,54,eth:ethertype:ip:tcp,,,,,,,,,,,0.0,Normal,0.0
1744319333532459,10.42.0.1,10.42.0.149,1883,64827,0,1,1,1,0,0,0,0,0,0,0,0,0,0.0,0,,0,0,,0,0,0,0,0,0,0,0,0.0,0,0,0,0,0,64.0,64240.0,0,0,0,58,eth:ethertype:ip:tcp,,,,,,,,,,,0.0,Normal,0.0
1744319333538769,10.42.0.1,10.42.0.149,1883,64827,1,4,0,1,0,0,0,0,0,0,0,0,0,0.0,0,,0,0,,0,0,0,0,0,0,0,0,0.0,0,0,0,0,0,64.0,64237.0,0,0,0,54,eth:ethertype:ip:tcp,,,,,,,,,,,0.0,Normal,0.0
1744319333542299,10.42.0.1,10.42.0.149,1883,64827,1,33,0,1,0,0,0,0,0,0,0,0,0,0.0,0,,0,0,,0,0,0,0,0,0,0,0,0.0,0,0,0,0,0,64.0,64208.0,0,0,0,54,eth:ethertype:ip:tcp,,,,,,,,,,,0.0,Normal,0.0
1744319333545448,10.42.0.1,10.42.0.149,1883,64827,1,45,0,1,0,0,0,0,0,0,0,0,0,0.0,0,,0,0,,0,0,0,0,0,0,0,0,0.0,0,0,0,0,0,64.0,64196.0,0,0,0,54,eth:ethertype:ip:tcp,,,,,,,,,,,0.0,Normal,0.0
1744319333545811,10.42.0.1,10.42.0.149,1883,64827,1,45,0,1,0,0,1,0,4,0,0,0,0,0.0,0,,0,2,,0,0,0,0,2,0,0,0,0.0,0x00,0,0,0,0,64.0,64196.0,0,0,0,58,eth:ethertype:ip:tcp:mqtt,,,,,,,,,,,0.0,Normal,0.0
1744319333582755,10.42.0.1,10.42.0.149,1883,64827,5,228,0,1,0,0,0,0,0,0,0,0,0,0.0,0,,0,0,,0,0,0,0,0,0,0,0,0.0,0,0,0,0,0,64.0,64013.0,0,0,0,54,eth:ethertype:ip:tcp,,,,,,,,,,,0.0,Normal,0.0
1744319333582786,10.42.0.1,10.42.0.149,1883,64827,5,228,0,1,1,0,0,0,0,0,0,0,0,0.0,0,,0,0,,0,0,0,0,0,0,0,0,0.0,0,0,0,0,0,64.0,64013.0,0,0,0,54,eth:ethertype:ip:tcp,,,,,,,,,,,0.0,Normal,0.0
1744319348532459,10.42.0.1,10.42.0.3,1883,64827,0,1,1,1,0,0,0,0,0,0,0,0,0,0.0,0,,0,0,,0,0,0,0,0,0,0,0,0.0,0,0,0,0,0,64.0,64240.0,0,0,0,58,eth:ethertype:ip:tcp,,,,,,,,,,,0.0,Normal,0.0
1744319348538769,10.42.0.1,10.42.0.3,1883,64827,1,4,0,1,0,0,0,0,0,0,0,0,0,0.0,0,,0,0,,0,0,0,0,0,0,0,0,0.0,0,0,0,0,0,64.0,64237.0,0,0,0,54,eth:ethertype:ip:tcp,,,,,,,,,,,0.0,Normal,0.0
1744319348542299,10.42.0.1,10.42.0.3,1883,64827,1,33,0,1,0,0,0,0,0,0,0,0,0,0.0,0,,0,0,,0,0,0,0,0,0,0,0,0.0,0,0,0,0,0,64.0,64208.0,0,0,0,54,eth:ethertype:ip:tcp,,,,,,,,,,,0.0,Normal,0.0
1744319348545448,10.42.0.1,10.42.0.3,1883,64827,1,45,0,1,0,0,0,0,0,0,0,0,0,0.0,0,,0,0,,0,0,0,0,0,0,0,0,0.0,0,0,0,0,0,64.0,64196.0,0,0,0,54,eth:ethertype:ip:tcp,,,,,,,,,,,0.0,Normal,0.0
1744319348545811,10.42.0.1,10.42.0.3,1883,64827,1,45,0,1,0,0,1,0,4,0,0,0,0,0.0,0,,0,2,,0,0,0,0,2,0,0,0,0.0,0x00,0,0,0,0,64.0,64196.0,0,0,0,58,eth:ethertype:ip:tcp:mqtt,,,,,,,,,,,0.0,Normal,0.0
1744319348582755,10.42.0.1,10.42.0.3,1883,64827,5,228,0,1,0,0,0,0,0,0,0,0,0,0.0,0,,0,0,,0,0,0,0,0,0,0,0,0.0,0,0,0,0,0,64.0,64013.0,0,0,0,54,eth:ethertype:ip:tcp,,,,,,,,,,,0.0,Normal,0.0
1744319348582786,10.42.0.1,10.42.0.3,1883,64827,5,228,0,1,1,0,0,0,0,0,0,0,0,0.0,0,,0,0,,0,0,0,0,0,0,0,0,0.0,0,0,0,0,0,64.0,64013.0,0,0,0,54,eth:ethertype:ip:tcp,,,,,,,,,,,0.0,Normal,0.0
1744319363593127,10.42.0.1,10.42.0.149,1883,64828,0,1,1,1,0,0,0,0,0,0,0,0,0,0.0,0,,0,0,,0,0,0,0,0,0,0,0,0.0,0,0,0,0,0,64.0,64240.0,0,0,0,58,eth:ethertype:ip:tcp,,,,,,,,,,,0.0,Normal,0.0
1744319363600467,10.42.0.1,10.42.0.149,1883,64828,1,4,0,1,0,0,0,0,0,0,0,0,0,0.0,0,,0,0,,0,0,0,0,0,0,0,0,0.0,0,0,0,0,0,64.0,64237.0,0,0,0,54,eth:ethertype:ip:tcp,,,,,,,,,,,0.0,Normal,0.0
1744319363605115,10.42.0.1,10.42.0.149,1883,64828,1,33,0,1,0,0,0,0,0,0,0,0,0,0.0,0,,0,0,,0,0,0,0,0,0,0,0,0.0,0,0,0,0,0,64.0,64208.0,0,0,0,54,eth:ethertype:ip:tcp,,,,,,,,,,,0.0,Normal,0.0
1744319363608066,10.42.0.1,10.42.0.149,1883,64828,1,45,0,1,0,0,0,0,0,0,0,0,0,0.0,0,,0,0,,0,0,0,0,0,0,0,0,0.0,0,0,0,0,0,64.0,64196.0,0,0,0,54,eth:ethertype:ip:tcp,,,,,,,,,,,0.0,Normal,0.0
1744319363608393,10.42.0.1,10.42.0.149,1883,64828,1,45,0,1,0,0,1,0,4,0,0,0,0,0.0,0,,0,2,,0,0,0,0,2,0,0,0,0.0,0x00,0,0,0,0,64.0,64196.0,0,0,0,58,eth:ethertype:ip:tcp:mqtt,,,,,,,,,,,0.0,Normal,0.0
1744319363642303,10.42.0.1,10.42.0.149,1883,64828,5,228,0,1,0,0,0,0,0,0,0,0,0,0.0,0,,0,0,,0,0,0,0,0,0,0,0,0.0,0,0,0,0,0,64.0,64013.0,0,0,0,54,eth:ethertype:ip:tcp,,,,,,,,,,,0.0,Normal,0.0
1744319363642347,10.42.0.1,10.42.0.149,1883,64828,5,228,0,1,1,0,0,0,0,0,0,0,0,0.0,0,,0,0,,0,0,0,0,0,0,0,0,0.0,0,0,0,0,0,64.0,64013.0,0,0,0,54,eth:ethertype:ip:tcp,,,,,,,,,,,0.0,Normal,0.0
1744319378593127,10.42.0.1,10.42.0.3,1883,64828,0,1,1,1,0,0,0,0,0,0,0,0,0,0.0,0,,0,0,,0,0,0,0,0,0,0,0,0.0,0,0,0,0,0,64.0,64240.0,0,0,0,58,eth:ethertype:ip:tcp,,,,,,,,,,,0.0,Normal,0.0
1744319378600467,10.42.0.1,10.42.0.3,1883,64828,1,4,0,1,0,0,0,0,0,0,0,0,0,0.0,0,,0,0,,0,0,0,0,0,0,0,0,0.0,0,0,0,0,0,64.0,64237.0,0,0,0,54,eth:ethertype:ip:tcp,,,,,,,,,,,0.0,Normal,0.0
1744319378605115,10.42.0.1,10.42.0.3,1883,64828,1,33,0,1,0,0,0,0,0,0,0,0,0,0.0,0,,0,0,,0,0,0,0,0,0,0,0,0.0,0,0,0,0,0,64.0,64208.0,0,0,0,54,eth:ethertype:ip:tcp,,,,,,,,,,,0.0,Normal,0.0
1744319378608066,10.42.0.1,10.42.0.3,1883,64828,1,45,0,1,0,0,0,0,0,0,0,0,0,0.0,0,,0,0,,0,0,0,0,0,0,0,0,0.0,0,0,0,0,0,64.0,64196.0,0,0,0,54,eth:ethertype:ip:tcp,,,,,,,,,,,0.0,Normal,0.0
1744319378608393,10.42.0.1,10.42.0.3,1883,64828,1,45,0,1,0,0,1,0,4,0,0,0,0,0.0,0,,0,2,,0,0,0,0,2,0,0,0,0.0,0x00,0,0,0,0,64.0,64196.0,0,0,0,58,eth:ethertype:ip:tcp:mqtt,,,,,,,,,,,0.0,Normal,0.0
1744319378642303,10.42.0.1,10.42.0.3,1883,64828,5,228,0,1,0,0,0,0,0,0,0,0,0,0.0,0,,0,0,,0,0,0,0,0,0,0,0,0.0,0,0,0,0,0,64.0,64013.0,0,0,0,54,eth:ethertype:ip:tcp,,,,,,,,,,,0.0,Normal,0.0
1744319378642347,10.42.0.1,10.42.0.3,1883,64828,5,228,0,1,1,0,0,0,0,0,0,0,0,0.0,0,,0,0,,0,0,0,0,0,0,0,0,0.0,0,0,0,0,0,64.0,64013.0,0,0,0,54,eth:ethertype:ip:tcp,,,,,,,,,,,0.0,Normal,0.0
1744319393651151,10.42.0.1,10.42.0.149,1883,64829,0,1,1,1,0,0,0,0,0,0,0,0,0,0.0,0,,0,0,,0,0,0,0,0,0,0,0,0.0,0,0,0,0,0,64.0,64240.0,0,0,0,58,eth:ethertype:ip:tcp,,,,,,,,,,,0.0,Normal,0.0
1744319393657807,10.42.0.1,10.42.0.149,1883,64829,1,4,0,1,0,0,0,0,0,0,0,0,0,0.0,0,,0,0,,0,0,0,0,0,0,0,0,0.0,0,0,0,0,0,64.0,64237.0,0,0,0,54,eth:ethertype:ip:tcp,,,,,,,,,,,0.0,Normal,0.0
1744319393661312,10.42.0.1,10.42.0.149,1883,64829,1,33,0,1,0,0,0,0,0,0,0,0,0,0.0,0,,0,0,,0,0,0,0,0,0,0,0,0.0,0,0,0,0,0,64.0,64208.0,0,0,0,54,eth:ethertype:ip:tcp,,,,,,,,,,,0.0,Normal,0.0
1744319393664336,10.42.0.1,10.42.0.149,1883,64829,1,45,0,1,0,0,0,0,0,0,0,0,0,0.0,0,,0,0,,0,0,0,0,0,0,0,0,0.0,0,0,0,0,0,64.0,64196.0,0,0,0,54,eth:ethertype:ip:tcp,,,,,,,,,,,0.0,Normal,0.0
1744319393664710,10.42.0.1,10.42.0.149,1883,64829,1,45,0,1,0,0,1,0,4,0,0,0,0,0.0,0,,0,2,,0,0,0,0,2,0,0,0,0.0,0x00,0,0,0,0,64.0,64196.0,0,0,0,58,eth:ethertype:ip:tcp:mqtt,,,,,,,,,,,0.0,Normal,0.0
1744319393702881,10.42.0.1,10.42.0.149,1883,64829,5,228,0,1,0,0,0,0,0,0,0,0,0,0.0,0,,0,0,,0,0,0,0,0,0,0,0,0.0,0,0,0,0,0,64.0,64013.0,0,0,0,54,eth:ethertype:ip:tcp,,,,,,,,,,,0.0,Normal,0.0
1744319393702916,10.42.0.1,10.42.0.149,1883,64829,5,228,0,1,1,0,0,0,0,0,0,0,0,0.0,0,,0,0,,0,0,0,0,0,0,0,0,0.0,0,0,0,0,0,64.0,64013.0,0,0,0,54,eth:ethertype:ip:tcp,,,,,,,,,,,0.0,Normal,0.0
1744319408651151,10.42.0.1,10.42.0.3,1883,64829,0,1,1,1,0,0,0,0,0,0,0,0,0,0.0,0,,0,0,,0,0,0,0,0,0,0,0,0.0,0,0,0,0,0,64.0,64240.0,0,0,0,58,eth:ethertype:ip:tcp,,,,,,,,,,,0.0,Normal,0.0
1744319408657807,10.42.0.1,10.42.0.3,1883,64829,1,4,0,1,0,0,0,0,0,0,0,0,0,0.0,0,,0,0,,0,0,0,0,0,0,0,0,0.0,0,0,0,0,0,64.0,64237.0,0,0,0,54,eth:ethertype:ip:tcp,,,,,,,,,,,0.0,Normal,0.0
1744319408661312,10.42.0.1,10.42.0.3,1883,64829,1,33,0,1,0,0,0,0,0,0,0,0,0,0.0,0,,0,0,,0,0,0,0,0,0,0,0,0.0,0,0,0,0,0,64.0,64208.0,0,0,0,54,eth:ethertype:ip:tcp,,,,,,,,,,,0.0,Normal,0.0
1744319408664336,10.42.0.1,10.42.0.3,1883,64829,1,45,0,1,0,0,0,0,0,0,0,0,0,0.0,0,,0,0,,0,0,0,0,0,0,0,0,0.0,0,0,0,0,0,64.0,64196.0,0,0,0,54,eth:ethertype:ip:tcp,,,,,,,,,,,0.0,Normal,0.0
1744319408664710,10.42.0.1,10.42.0.3,1883,64829,1,45,0,1,0,0,1,0,4,0,0,0,0,0.0,0,,0,2,,0,0,0,0,2,0,0,0,0.0,0x00,0,0,0,0,64.0,64196.0,0,0,0,58,eth:ethertype:ip:tcp:mqtt,,,,,,,,,,,0.0,Normal,0.0
1744319408702881,10.42.0.1,10.42.0.3,1883,64829,5,228,0,1,0,0,0,0,0,0,0,0,0,0.0,0,,0,0,,0,0,0,0,0,0,0,0,0.0,0,0,0,0,0,64.0,64013.0,0,0,0,54,eth:ethertype:ip:tcp,,,,,,,,,,,0.0,Normal,0.0
1744319408702916,10.42.0.1,10.42.0.3,1883,64829,5,228,0,1,1,0,0,0,0,0,0,0,0,0.0,0,,0,0,,0,0,0,0,0,0,0,0,0.0,0,0,0,0,0,64.0,64013.0,0,0,0,54,eth:ethertype:ip:tcp,,,,,,,,,,,0.0,Normal,0.0
1744319423711344,10.42.0.1,10.42.0.149,1883,64830,0,1,1,1,0,0,0,0,0,0,0,0,0,0.0,0,,0,0,,0,0,0,0,0,0,0,0,0.0,0,0,0,0,0,64.0,64240.0,0,0,0,58,eth:ethertype:ip:tcp,,,,,,,,,,,0.0,Normal,0.0
1744319423717347,10.42.0.1,10.42.0.149,1883,64830,1,4,0,1,0,0,0,0,0,0,0,0,0,0.0,0,,0,0,,0,0,0,0,0,0,0,0,0.0,0,0,0,0,0,64.0,64237.0,0,0,0,54,eth:ethertype:ip:tcp,,,,,,,,,,,0.0,Normal,0.0
1744319423721624,10.42.0.1,10.42.0.149,1883,64830,1,41,0,1,0,0,0,0,0,0,0,0,0,0.0,0,,0,0,,0,0,0,0,0,0,0,0,0.0,0,0,0,0,0,64.0,64200.0,0,0,0,54,eth:ethertype:ip:tcp,,,,,,,,,,,0.0,Normal,0.0
1744319423724309,10.42.0.1,10.42.0.149,1883,64830,1,45,0,1,0,0,0,0,0,0,0,0,0,0.0,0,,0,0,,0,0,0,0,0,0,0,0,0.0,0,0,0,0,0,64.0,64196.0,0,0,0,54,eth:ethertype:ip:tcp,,,,,,,,,,,0.0,Normal,0.0
1744319423724636,10.42.0.1,10.42.0.149,1883,64830,1,45,0,1,0,0,1,0,4,0,0,0,0,0.0,0,,0,2,,0,0,0,0,2,0,0,0,0.0,0x00,0,0,0,0,64.0,64196.0,0,0,0,58,eth:ethertype:ip:tcp:mqtt,,,,,,,,,,,0.0,Normal,0.0
1744319423761068,10.42.0.1,10.42.0.149,1883,64830,5,228,0,1,0,0,0,0,0,0,0,0,0,0.0,0,,0,0,,0,0,0,0,0,0,0,0,0.0,0,0,0,0,0,64.0,64013.0,0,0,0,54,eth:ethertype:ip:tcp,,,,,,,,,,,0.0,Normal,0.0
1744319423761103,10.42.0.1,10.42.0.149,1883,64830,5,228,0,1,1,0,0,0,0,0,0,0,0,0.0,0,,0,0,,0,0,0,0,0,0,0,0,0.0,0,0,0,0,0,64.0,64013.0,0,0,0,54,eth:ethertype:ip:tcp,,,,,,,,,,,0.0,Normal,0.0
1744319438711344,10.42.0.1,10.42.0.3,1883,64830,0,1,1,1,0,0,0,0,0,0,0,0,0,0.0,0,,0,0,,0,0,0,0,0,0,0,0,0.0,0,0,0,0,0,64.0,64240.0,0,0,0,58,eth:ethertype:ip:tcp,,,,,,,,,,,0.0,Normal,0.0
1744319438717347,10.42.0.1,10.42.0.3,1883,64830,1,4,0,1,0,0,0,0,0,0,0,0,0,0.0,0,,0,0,,0,0,0,0,0,0,0,0,0.0,0,0,0,0,0,64.0,64237.0,0,0,0,54,eth:ethertype:ip:tcp,,,,,,,,,,,0.0,Normal,0.0
1744319438721624,10.42.0.1,10.42.0.3,1883,64830,1,41,0,1,0,0,0,0,0,0,0,0,0,0.0,0,,0,0,,0,0,0,0,0,0,0,0,0.0,0,0,0,0,0,64.0,64200.0,0,0,0,54,eth:ethertype:ip:tcp,,,,,,,,,,,0.0,Normal,0.0
1744319438724309,10.42.0.1,10.42.0.3,1883,64830,1,45,0,1,0,0,0,0,0,0,0,0,0,0.0,0,,0,0,,0,0,0,0,0,0,0,0,0.0,0,0,0,0,0,64.0,64196.0,0,0,0,54,eth:ethertype:ip:tcp,,,,,,,,,,,0.0,Normal,0.0
1744319438724636,10.42.0.1,10.42.0.3,1883,64830,1,45,0,1,0,0,1,0,4,0,0,0,0,0.0,0,,0,2,,0,0,0,0,2,0,0,0,0.0,0x00,0,0,0,0,64.0,64196.0,0,0,0,58,eth:ethertype:ip:tcp:mqtt,,,,,,,,,,,0.0,Normal,0.0
1744319438761068,10.42.0.1,10.42.0.3,1883,64830,5,228,0,1,0,0,0,0,0,0,0,0,0,0.0,0,,0,0,,0,0,0,0,0,0,0,0,0.0,0,0,0,0,0,64.0,64013.0,0,0,0,54,eth:ethertype:ip:tcp,,,,,,,,,,,0.0,Normal,0.0
1744319438761103,10.42.0.1,10.42.0.3,1883,64830,5,228,0,1,1,0,0,0,0,0,0,0,0,0.0,0,,0,0,,0,0,0,0,0,0,0,0,0.0,0,0,0,0,0,64.0,64013.0,0,0,0,54,eth:ethertype:ip:tcp,,,,,,,,,,,0.0,Normal,0.0
1744319453770147,10.42.0.1,10.42.0.149,1883,64831,0,1,1,1,0,0,0,0,0,0,0,0,0,0.0,0,,0,0,,0,0,0,0,0,0,0,0,0.0,0,0,0,0,0,64.0,64240.0,0,0,0,58,eth:ethertype:ip:tcp,,,,,,,,,,,0.0,Normal,0.0
1744319453776279,10.42.0.1,10.42.0.149,1883,64831,1,4,0,1,0,0,0,0,0,0,0,0,0,0.0,0,,0,0,,0,0,0,0,0,0,0,0,0.0,0,0,0,0,0,64.0,64237.0,0,0,0,54,eth:ethertype:ip:tcp,,,,,,,,,,,0.0,Normal,0.0
1744319453779712,10.42.0.1,10.42.0.149,1883,64831,1,33,0,1,0,0,0,0,0,0,0,0,0,0.0,0,,0,0,,0,0,0,0,0,0,0,0,0.0,0,0,0,0,0,64.0,64208.0,0,0,0,54,eth:ethertype:ip:tcp,,,,,,,,,,,0.0,Normal,0.0
1744319453782893,10.42.0.1,10.42.0.149,1883,64831,1,45,0,1,0,0,0,0,0,0,0,0,0,0.0,0,,0,0,,0,0,0,0,0,0,0,0,0.0,0,0,0,0,0,64.0,64196.0,0,0,0,54,eth:ethertype:ip:tcp,,,,,,,,,,,0.0,Normal,0.0
1744319453783263,10.42.0.1,10.42.0.149,1883,64831,1,45,0,1,0,0,1,0,4,0,0,0,0,0.0,0,,0,2,,0,0,0,0,2,0,0,0,0.0,0x00,0,0,0,0,64.0,64196.0,0,0,0,58,eth:ethertype:ip:tcp:mqtt,,,,,,,,,,,0.0,Normal,0.0
1744319453821214,10.42.0.1,10.42.0.149,1883,64831,5,228,0,1,0,0,0,0,0,0,0,0,0,0.0,0,,0,0,,0,0,0,0,0,0,0,0,0.0,0,0,0,0,0,64.0,64013.0,0,0,0,54,eth:ethertype:ip:tcp,,,,,,,,,,,0.0,Normal,0.0
1744319453821261,10.42.0.1,10.42.0.149,1883,64831,5,228,0,1,1,0,0,0,0,0,0,0,0,0.0,0,,0,0,,0,0,0,0,0,0,0,0,0.0,0,0,0,0,0,64.0,64013.0,0,0,0,54,eth:ethertype:ip:tcp,,,,,,,,,,,0.0,Normal,0.0
1744319468770147,10.42.0.1,10.42.0.3,1883,64831,0,1,1,1,0,0,0,0,0,0,0,0,0,0.0,0,,0,0,,0,0,0,0,0,0,0,0,0.0,0,0,0,0,0,64.0,64240.0,0,0,0,58,eth:ethertype:ip:tcp,,,,,,,,,,,0.0,Normal,0.0
1744319468776279,10.42.0.1,10.42.0.3,1883,64831,1,4,0,1,0,0,0,0,0,0,0,0,0,0.0,0,,0,0,,0,0,0,0,0,0,0,0,0.0,0,0,0,0,0,64.0,64237.0,0,0,0,54,eth:ethertype:ip:tcp,,,,,,,,,,,0.0,Normal,0.0
1744319468779712,10.42.0.1,10.42.0.3,1883,64831,1,33,0,1,0,0,0,0,0,0,0,0,0,0.0,0,,0,0,,0,0,0,0,0,0,0,0,0.0,0,0,0,0,0,64.0,64208.0,0,0,0,54,eth:ethertype:ip:tcp,,,,,,,,,,,0.0,Normal,0.0
1744319468782893,10.42.0.1,10.42.0.3,1883,64831,1,45,0,1,0,0,0,0,0,0,0,0,0,0.0,0,,0,0,,0,0,0,0,0,0,0,0,0.0,0,0,0,0,0,64.0,64196.0,0,0,0,54,eth:ethertype:ip:tcp,,,,,,,,,,,0.0,Normal,0.0
1744319468783263,10.42.0.1,10.42.0.3,1883,64831,1,45,0,1,0,0,1,0,4,0,0,0,0,0.0,0,,0,2,,0,0,0,0,2,0,0,0,0.0,0x00,0,0,0,0,64.0,64196.0,0,0,0,58,eth:ethertype:ip:tcp:mqtt,,,,,,,,,,,0.0,Normal,0.0
1744319468821214,10.42.0.1,10.42.0.3,1883,64831,5,228,0,1,0,0,0,0,0,0,0,0,0,0.0,0,,0,0,,0,0,0,0,0,0,0,0,0.0,0,0,0,0,0,64.0,64013.0,0,0,0,54,eth:ethertype:ip:tcp,,,,,,,,,,,0.0,Normal,0.0
1744319468821261,10.42.0.1,10.42.0.3,1883,64831,5,228,0,1,1,0,0,0,0,0,0,0,0,0.0,0,,0,0,,0,0,0,0,0,0,0,0,0.0,0,0,0,0,0,64.0,64013.0,0,0,0,54,eth:ethertype:ip:tcp,,,,,,,,,,,0.0,Normal,0.0
1744319483829903,10.42.0.1,10.42.0.149,1883,64832,0,1,1,1,0,0,0,0,0,0,0,0,0,0.0,0,,0,0,,0,0,0,0,0,0,0,0,0.0,0,0,0,0,0,64.0,64240.0,0,0,0,58,eth:ethertype:ip:tcp,,,,,,,,,,,0.0,Normal,0.0
1744319483836843,10.42.0.1,10.42.0.149,1883,64832,1,4,0,1,0,0,0,0,0,0,0,0,0,0.0,0,,0,0,,0,0,0,0,0,0,0,0,0.0,0,0,0,0,0,64.0,64237.0,0,0,0,54,eth:ethertype:ip:tcp,,,,,,,,,,,0.0,Normal,0.0
1744319483840217,10.42.0.1,10.42.0.149,1883,64832,1,33,0,1,0,0,0,0,0,0,0,0,0,0.0,0,,0,0,,0,0,0,0,0,0,0,0,0.0,0,0,0,0,0,64.0,64208.0,0,0,0,54,eth:ethertype:ip:tcp,,,,,,,,,,,0.0,Normal,0.0
1744319483843465,10.42.0.1,10.42.0.149,1883,64832,1,45,0,1,0,0,0,0,0,0,0,0,0,0.0,0,,0,0,,0,0,0,0,0,0,0,0,0.0,0,0,0,0,0,64.0,64196.0,0,0,0,54,eth:ethertype:ip:tcp,,,,,,,,,,,0.0,Normal,0.0
1744319483843700,10.42.0.1,10.42.0.149,1883,64832,1,45,0,1,0,0,1,0,4,0,0,0,0,0.0,0,,0,2,,0,0,0,0,2,0,0,0,0.0,0x00,0,0,0,0,64.0,64196.0,0,0,0,58,eth:ethertype:ip:tcp:mqtt,,,,,,,,,,,0.0,Normal,0.0
1744319483879787,10.42.0.1,10.42.0.149,1883,64832,5,228,0,1,0,0,0,0,0,0,0,0,0,0.0,0,,0,0,,0,0,0,0,0,0,0,0,0.0,0,0,0,0,0,64.0,64013.0,0,0,0,54,eth:ethertype:ip:tcp,,,,,,,,,,,0.0,Normal,0.0
1744319483879820,10.42.0.1,10.42.0.149,1883,64832,5,228,0,1,1,0,0,0,0,0,0,0,0,0.0,0,,0,0,,0,0,0,0,0,0,0,0,0.0,0,0,0,0,0,64.0,64013.0,0,0,0,54,eth:ethertype:ip:tcp,,,,,,,,,,,0.0,Normal,0.0
1744319498829903,10.42.0.1,10.42.0.3,1883,64832,0,1,1,1,0,0,0,0,0,0,0,0,0,0.0,0,,0,0,,0,0,0,0,0,0,0,0,0.0,0,0,0,0,0,64.0,64240.0,0,0,0,58,eth:ethertype:ip:tcp,,,,,,,,,,,0.0,Normal,0.0
1744319498836843,10.42.0.1,10.42.0.3,1883,64832,1,4,0,1,0,0,0,0,0,0,0,0,0,0.0,0,,0,0,,0,0,0,0,0,0,0,0,0.0,0,0,0,0,0,64.0,64237.0,0,0,0,54,eth:ethertype:ip:tcp,,,,,,,,,,,0.0,Normal,0.0
1744319498840217,10.42.0.1,10.42.0.3,1883,64832,1,33,0,1,0,0,0,0,0,0,0,0,0,0.0,0,,0,0,,0,0,0,0,0,0,0,0,0.0,0,0,0,0,0,64.0,64208.0,0,0,0,54,eth:ethertype:ip:tcp,,,,,,,,,,,0.0,Normal,0.0
1744319498843465,10.42.0.1,10.42.0.3,1883,64832,1,45,0,1,0,0,0,0,0,0,0,0,0,0.0,0,,0,0,,0,0,0,0,0,0,0,0,0.0,0,0,0,0,0,64.0,64196.0,0,0,0,54,eth:ethertype:ip:tcp,,,,,,,,,,,0.0,Normal,0.0
1744319498843700,10.42.0.1,10.42.0.3,1883,64832,1,45,0,1,0,0,1,0,4,0,0,0,0,0.0,0,,0,2,,0,0,0,0,2,0,0,0,0.0,0x00,0,0,0,0,64.0,64196.0,0,0,0,58,eth:ethertype:ip:tcp:mqtt,,,,,,,,,,,0.0,Normal,0.0
1744319498879787,10.42.0.1,10.42.0.3,1883,64832,5,228,0,1,0,0,0,0,0,0,0,0,0,0.0,0,,0,0,,0,0,0,0,0,0,0,0,0.0,0,0,0,0,0,64.0,64013.0,0,0,0,54,eth:ethertype:ip:tcp,,,,,,,,,,,0.0,Normal,0.0
1744319498879820,10.42.0.1,10.42.0.3,1883,64832,5,228,0,1,1,0,0,0,0,0,0,0,0,0.0,0,,0,0,,0,0,0,0,0,0,0,0,0.0,0,0,0,0,0,64.0,64013.0,0,0,0,54,eth:ethertype:ip:tcp,,,,,,,,,,,0.0,Normal,0.0
1744319513888080,10.42.0.1,10.42.0.149,1883,64833,0,1,1,1,0,0,0,0,0,0,0,0,0,0.0,0,,0,0,,0,0,0,0,0,0,0,0,0.0,0,0,0,0,0,64.0,64240.0,0,0,0,58,eth:ethertype:ip:tcp,,,,,,,,,,,0.0,Normal,0.0
1744319513894324,10.42.0.1,10.42.0.149,1883,64833,1,4,0,1,0,0,0,0,0,0,0,0,0,0.0,0,,0,0,,0,0,0,0,0,0,0,0,0.0,0,0,0,0,0,64.0,64237.0,0,0,0,54,eth:ethertype:ip:tcp,,,,,,,,,,,0.0,Normal,0.0
1744319513897703,10.42.0.1,10.42.0.149,1883,64833,1,33,0,1,0,0,0,0,0,0,0,0,0,0.0,0,,0,0,,0,0,0,0,0,0,0,0,0.0,0,0,0,0,0,64.0,64208.0,0,0,0,54,eth:ethertype:ip:tcp,,,,,,,,,,,0.0,Normal,0.0
1744319513900771,10.42.0.1,10.42.0.149,1883,64833,1,45,0,1,0,0,0,0,0,0,0,0,0,0.0,0,,0,0,,0,0,0,0,0,0,0,0,0.0,0,0,0,0,0,64.0,64196.0,0,0,0,54,eth:ethertype:ip:tcp,,,,,,,,,,,0.0,Normal,0.0
1744319513901134,10.42.0.1,10.42.0.149,1883,64833,1,45,0,1,0,0,1,0,4,0,0,0,0,0.0,0,,0,2,,0,0,0,0,2,0,0,0,0.0,0x00,0,0,0,0,64.0,64196.0,0,0,0,58,eth:ethertype:ip:tcp:mqtt,,,,,,,,,,,0.0,Normal,0.0
1744319513939243,10.42.0.1,10.42.0.149,1883,64833,5,228,0,1,0,0,0,0,0,0,0,0,0,0.0,0,,0,0,,0,0,0,0,0,0,0,0,0.0,0,0,0,0,0,64.0,64013.0,0,0,0,54,eth:ethertype:ip:tcp,,,,,,,,,,,0.0,Normal,0.0
1744319513939276,10.42.0.1,10.42.0.149,1883,64833,5,228,0,1,1,0,0,0,0,0,0,0,0,0.0,0,,0,0,,0,0,0,0,0,0,0,0,0.0,0,0,0,0,0,64.0,64013.0,0,0,0,54,eth:ethertype:ip:tcp,,,,,,,,,,,0.0,Normal,0.0
1744319528888080,10.42.0.1,10.42.0.3,1883,64833,0,1,1,1,0,0,0,0,0,0,0,0,0,0.0,0,,0,0,,0,0,0,0,0,0,0,0,0.0,0,0,0,0,0,64.0,64240.0,0,0,0,58,eth:ethertype:ip:tcp,,,,,,,,,,,0.0,Normal,0.0
1744319528894324,10.42.0.1,10.42.0.3,1883,64833,1,4,0,1,0,0,0,0,0,0,0,0,0,0.0,0,,0,0,,0,0,0,0,0,0,0,0,0.0,0,0,0,0,0,64.0,64237.0,0,0,0,54,eth:ethertype:ip:tcp,,,,,,,,,,,0.0,Normal,0.0
1744319528897703,10.42.0.1,10.42.0.3,1883,64833,1,33,0,1,0,0,0,0,0,0,0,0,0,0.0,0,,0,0,,0,0,0,0,0,0,0,0,0.0,0,0,0,0,0,64.0,64208.0,0,0,0,54,eth:ethertype:ip:tcp,,,,,,,,,,,0.0,Normal,0.0
1744319528900771,10.42.0.1,10.42.0.3,1883,64833,1,45,0,1,0,0,0,0,0,0,0,0,0,0.0,0,,0,0,,0,0,0,0,0,0,0,0,0.0,0,0,0,0,0,64.0,64196.0,0,0,0,54,eth:ethertype:ip:tcp,,,,,,,,,,,0.0,Normal,0.0
1744319528901134,10.42.0.1,10.42.0.3,1883,64833,1,45,0,1,0,0,1,0,4,0,0,0,0,0.0,0,,0,2,,0,0,0,0,2,0,0,0,0.0,0x00,0,0,0,0,64.0,64196.0,0,0,0,58,eth:ethertype:ip:tcp:mqtt,,,,,,,,,,,0.0,Normal,0.0
1744319528939243,10.42.0.1,10.42.0.3,1883,64833,5,228,0,1,0,0,0,0,0,0,0,0,0,0.0,0,,0,0,,0,0,0,0,0,0,0,0,0.0,0,0,0,0,0,64.0,64013.0,0,0,0,54,eth:ethertype:ip:tcp,,,,,,,,,,,0.0,Normal,0.0
1744319528939276,10.42.0.1,10.42.0.3,1883,64833,5,228,0,1,1,0,0,0,0,0,0,0,0,0.0,0,,0,0,,0,0,0,0,0,0,0,0,0.0,0,0,0,0,0,64.0,64013.0,0,0,0,54,eth:ethertype:ip:tcp,,,,,,,,,,,0.0,Normal,0.0
1744319543948171,10.42.0.1,10.42.0.149,1883,64834,0,1,1,1,0,0,0,0,0,0,0,0,0,0.0,0,,0,0,,0,0,0,0,0,0,0,0,0.0,0,0,0,0,0,64.0,64240.0,0,0,0,58,eth:ethertype:ip:tcp,,,,,,,,,,,0.0,Normal,0.0
1744319543954538,10.42.0.1,10.42.0.149,1883,64834,1,4,0,1,0,0,0,0,0,0,0,0,0,0.0,0,,0,0,,0,0,0,0,0,0,0,0,0.0,0,0,0,0,0,64.0,64237.0,0,0,0,54,eth:ethertype:ip:tcp,,,,,,,,,,,0.0,Normal,0.0
1744319543958001,10.42.0.1,10.42.0.149,1883,64834,1,33,0,1,0,0,0,0,0,0,0,0,0,0.0,0,,0,0,,0,0,0,0,0,0,0,0,0.0,0,0,0,0,0,64.0,64208.0,0,0,0,54,eth:ethertype:ip:tcp,,,,,,,,,,,0.0,Normal,0.0
1744319543961039,10.42.0.1,10.42.0.149,1883,64834,1,45,0,1,0,0,0,0,0,0,0,0,0,0.0,0,,0,0,,0,0,0,0,0,0,0,0,0.0,0,0,0,0,0,64.0,64196.0,0,0,0,54,eth:ethertype:ip:tcp,,,,,,,,,,,0.0,Normal,0.0
1744319543961367,10.42.0.1,10.42.0.149,1883,64834,1,45,0,1,0,0,1,0,4,0,0,0,0,0.0,0,,0,2,,0,0,0,0,2,0,0,0,0.0,0x00,0,0,0,0,64.0,64196.0,0,0,0,58,eth:ethertype:ip:tcp:mqtt,,,,,,,,,,,0.0,Normal,0.0
1744319543998533,10.42.0.1,10.42.0.149,1883,64834,5,228,0,1,0,0,0,0,0,0,0,0,0,0.0,0,,0,0,,0,0,0,0,0,0,0,0,0.0,0,0,0,0,0,64.0,64013.0,0,0,0,54,eth:ethertype:ip:tcp,,,,,,,,,,,0.0,Normal,0.0
1744319543998585,10.42.0.1,10.42.0.149,1883,64834,5,228,0,1,1,0,0,0,0,0,0,0,0,0.0,0,,0,0,,0,0,0,0,0,0,0,0,0.0,0,0,0,0,0,64.0,64013.0,0,0,0,54,eth:ethertype:ip:tcp,,,,,,,,,,,0.0,Normal,0.0
1744319558948171,10.42.0.1,10.42.0.3,1883,64834,0,1,1,1,0,0,0,0,0,0,0,0,0,0.0,0,,0,0,,0,0,0,0,0,0,0,0,0.0,0,0,0,0,0,64.0,64240.0,0,0,0,58,eth:ethertype:ip:tcp,,,,,,,,,,,0.0,Normal,0.0
1744319558954538,10.42.0.1,10.42.0.3,1883,64834,1,4,0,1,0,0,0,0,0,0,0,0,0,0.0,0,,0,0,,0,0,0,0,0,0,0,0,0.0,0,0,0,0,0,64.0,64237.0,0,0,0,54,eth:ethertype:ip:tcp,,,,,,,,,,,0.0,Normal,0.0
1744319558958001,10.42.0.1,10.42.0.3,1883,64834,1,33,0,1,0,0,0,0,0,0,0,0,0,0.0,0,,0,0,,0,0,0,0,0,0,0,0,0.0,0,0,0,0,0,64.0,64208.0,0,0,0,54,eth:ethertype:ip:tcp,,,,,,,,,,,0.0,Normal,0.0
1744319558961039,10.42.0.1,10.42.0.3,1883,64834,1,45,0,1,0,0,0,0,0,0,0,0,0,0.0,0,,0,0,,0,0,0,0,0,0,0,0,0.0,0,0,0,0,0,64.0,64196.0,0,0,0,54,eth:ethertype:ip:tcp,,,,,,,,,,,0.0,Normal,0.0
1744319558961367,10.42.0.1,10.42.0.3,1883,64834,1,45,0,1,0,0,1,0,4,0,0,0,0,0.0,0,,0,2,,0,0,0,0,2,0,0,0,0.0,0x00,0,0,0,0,64.0,64196.0,0,0,0,58,eth:ethertype:ip:tcp:mqtt,,,,,,,,,,,0.0,Normal,0.0
1744319558998533,10.42.0.1,10.42.0.3,1883,64834,5,228,0,1,0,0,0,0,0,0,0,0,0,0.0,0,,0,0,,0,0,0,0,0,0,0,0,0.0,0,0,0,0,0,64.0,64013.0,0,0,0,54,eth:ethertype:ip:tcp,,,,,,,,,,,0.0,Normal,0.0
1744319558998585,10.42.0.1,10.42.0.3,1883,64834,5,228,0,1,1,0,0,0,0,0,0,0,0,0.0,0,,0,0,,0,0,0,0,0,0,0,0,0.0,0,0,0,0,0,64.0,64013.0,0,0,0,54,eth:ethertype:ip:tcp,,,,,,,,,,,0.0,Normal,0.0
1744319574007702,10.42.0.1,10.42.0.149,1883,64835,0,1,1,1,0,0,0,0,0,0,0,0,0,0.0,0,,0,0,,0,0,0,0,0,0,0,0,0.0,0,0,0,0,0,64.0,64240.0,0,0,0,58,eth:ethertype:ip:tcp,,,,,,,,,,,0.0,Normal,0.0
1744319574015853,10.42.0.1,10.42.0.149,1883,64835,1,4,0,1,0,0,0,0,0,0,0,0,0,0.0,0,,0,0,,0,0,0,0,0,0,0,0,0.0,0,0,0,0,0,64.0,64237.0,0,0,0,54,eth:ethertype:ip:tcp,,,,,,,,,,,0.0,Normal,0.0
1744319574019215,10.42.0.1,10.42.0.149,1883,64835,1,45,0,1,0,0,0,0,0,0,0,0,0,0.0,0,,0,0,,0,0,0,0,0,0,0,0,0.0,0,0,0,0,0,64.0,64196.0,0,0,0,54,eth:ethertype:ip:tcp,,,,,,,,,,,0.0,Normal,0.0
1744319574019555,10.42.0.1,10.42.0.149,1883,64835,1,45,0,1,0,0,1,0,4,0,0,0,0,0.0,0,,0,2,,0,0,0,0,2,0,0,0,0.0,0x00,0,0,0,0,64.0,64196.0,0,0,0,58,eth:ethertype:ip:tcp:mqtt,,,,,,,,,,,0.0,Normal,0.0
1744319574057981,10.42.0.1,10.42.0.149,1883,64835,5,228,0,1,0,0,0,0,0,0,0,0,0,0.0,0,,0,0,,0,0,0,0,0,0,0,0,0.0,0,0,0,0,0,64.0,64013.0,0,0,0,54,eth:ethertype:ip:tcp,,,,,,,,,,,0.0,Normal,0.0
1744319574058094,10.42.0.1,10.42.0.149,1883,64835,5,228,0,1,1,0,0,0,0,0,0,0,0,0.0,0,,0,0,,0,0,0,0,0,0,0,0,0.0,0,0,0,0,0,64.0,64013.0,0,0,0,54,eth:ethertype:ip:tcp,,,,,,,,,,,0.0,Normal,0.0
1744319589007702,10.42.0.1,10.42.0.3,1883,64835,0,1,1,1,0,0,0,0,0,0,0,0,0,0.0,0,,0,0,,0,0,0,0,0,0,0,0,0.0,0,0,0,0,0,64.0,64240.0,0,0,0,58,eth:ethertype:ip:tcp,,,,,,,,,,,0.0,Normal,0.0
1744319589015853,10.42.0.1,10.42.0.3,1883,64835,1,4,0,1,0,0,0,0,0,0,0,0,0,0.0,0,,0,0,,0,0,0,0,0,0,0,0,0.0,0,0,0,0,0,64.0,64237.0,0,0,0,54,eth:ethertype:ip:tcp,,,,,,,,,,,0.0,Normal,0.0
1744319589019215,10.42.0.1,10.42.0.3,1883,64835,1,45,0,1,0,0,0,0,0,0,0,0,0,0.0,0,,0,0,,0,0,0,0,0,0,0,0,0.0,0,0,0,0,0,64.0,64196.0,0,0,0,54,eth:ethertype:ip:tcp,,,,,,,,,,,0.0,Normal,0.0
1744319589019555,10.42.0.1,10.42.0.3,1883,64835,1,45,0,1,0,0,1,0,4,0,0,0,0,0.0,0,,0,2,,0,0,0,0,2,0,0,0,0.0,0x00,0,0,0,0,64.0,64196.0,0,0,0,58,eth:ethertype:ip:tcp:mqtt,,,,,,,,,,,0.0,Normal,0.0
1744319589057981,10.42.0.1,10.42.0.3,1883,64835,5,228,0,1,0,0,0,0,0,0,0,0,0,0.0,0,,0,0,,0,0,0,0,0,0,0,0,0.0,0,0,0,0,0,64.0,64013.0,0,0,0,54,eth:ethertype:ip:tcp,,,,,,,,,,,0.0,Normal,0.0
1744319589058094,10.42.0.1,10.42.0.3,1883,64835,5,228,0,1,1,0,0,0,0,0,0,0,0,0.0,0,,0,0,,0,0,0,0,0,0,0,0,0.0,0,0,0,0,0,64.0,64013.0,0,0,0,54,eth:ethertype:ip:tcp,,,,,,,,,,,0.0,Normal,0.0
1744319604067172,10.42.0.1,10.42.0.149,1883,64836,0,1,1,1,0,0,0,0,0,0,0,0,0,0.0,0,,0,0,,0,0,0,0,0,0,0,0,0.0,0,0,0,0,0,64.0,64240.0,0,0,0,58,eth:ethertype:ip:tcp,,,,,,,,,,,0.0,Normal,0.0
1744319604073226,10.42.0.1,10.42.0.149,1883,64836,1,4,0,1,0,0,0,0,0,0,0,0,0,0.0,0,,0,0,,0,0,0,0,0,0,0,0,0.0,0,0,0,0,0,64.0,64237.0,0,0,0,54,eth:ethertype:ip:tcp,,,,,,,,,,,0.0,Normal,0.0
1744319604076674,10.42.0.1,10.42.0.149,1883,64836,1,33,0,1,0,0,0,0,0,0,0,0,0,0.0,0,,0,0,,0,0,0,0,0,0,0,0,0.0,0,0,0,0,0,64.0,64208.0,0,0,0,54,eth:ethertype:ip:tcp,,,,,,,,,,,0.0,Normal,0.0
1744319604080531,10.42.0.1,10.42.0.149,1883,64836,1,45,0,1,0,0,0,0,0,0,0,0,0,0.0,0,,0,0,,0,0,0,0,0,0,0,0,0.0,0,0,0,0,0,64.0,64196.0,0,0,0,54,eth:ethertype:ip:tcp,,,,,,,,,,,0.0,Normal,0.0
1744319604080833,10.42.0.1,10.42.0.149,1883,64836,1,45,0,1,0,0,1,0,4,0,0,0,0,0.0,0,,0,2,,0,0,0,0,2,0,0,0,0.0,0x00,0,0,0,0,64.0,64196.0,0,0,0,58,eth:ethertype:ip:tcp:mqtt,,,,,,,,,,,0.0,Normal,0.0
1744319604117262,10.42.0.1,10.42.0.149,1883,64836,5,228,0,1,0,0,0,0,0,0,0,0,0,0.0,0,,0,0,,0,0,0,0,0,0,0,0,0.0,0,0,0,0,0,64.0,64013.0,0,0,0,54,eth:ethertype:ip:tcp,,,,,,,,,,,0.0,Normal,0.0
1744319604117294,10.42.0.1,10.42.0.149,1883,64836,5,228,0,1,1,0,0,0,0,0,0,0,0,0.0,0,,0,0,,0,0,0,0,0,0,0,0,0.0,0,0,0,0,0,64.0,64013.0,0,0,0,54,eth:ethertype:ip:tcp,,,,,,,,,,,0.0,Normal,0.0
1744319619067172,10.42.0.1,10.42.0.3,1883,64836,0,1,1,1,0,0,0,0,0,0,0,0,0,0.0,0,,0,0,,0,0,0,0,0,0,0,0,0.0,0,0,0,0,0,64.0,64240.0,0,0,0,58,eth:ethertype:ip:tcp,,,,,,,,,,,0.0,Normal,0.0
1744319619073226,10.42.0.1,10.42.0.3,1883,64836,1,4,0,1,0,0,0,0,0,0,0,0,0,0.0,0,,0,0,,0,0,0,0,0,0,0,0,0.0,0,0,0,0,0,64.0,64237.0,0,0,0,54,eth:ethertype:ip:tcp,,,,,,,,,,,0.0,Normal,0.0
1744319619076674,10.42.0.1,10.42.0.3,1883,64836,1,33,0,1,0,0,0,0,0,0,0,0,0,0.0,0,,0,0,,0,0,0,0,0,0,0,0,0.0,0,0,0,0,0,64.0,64208.0,0,0,0,54,eth:ethertype:ip:tcp,,,,,,,,,,,0.0,Normal,0.0
1744319619080531,10.42.0.1,10.42.0.3,1883,64836,1,45,0,1,0,0,0,0,0,0,0,0,0,0.0,0,,0,0,,0,0,0,0,0,0,0,0,0.0,0,0,0,0,0,64.0,64196.0,0,0,0,54,eth:ethertype:ip:tcp,,,,,,,,,,,0.0,Normal,0.0
1744319619080833,10.42.0.1,10.42.0.3,1883,64836,1,45,0,1,0,0,1,0,4,0,0,0,0,0.0,0,,0,2,,0,0,0,0,2,0,0,0,0.0,0x00,0,0,0,0,64.0,64196.0,0,0,0,58,eth:ethertype:ip:tcp:mqtt,,,,,,,,,,,0.0,Normal,0.0
1744319619117262,10.42.0.1,10.42.0.3,1883,64836,5,228,0,1,0,0,0,0,0,0,0,0,0,0.0,0,,0,0,,0,0,0,0,0,0,0,0,0.0,0,0,0,0,0,64.0,64013.0,0,0,0,54,eth:ethertype:ip:tcp,,,,,,,,,,,0.0,Normal,0.0
1744319619117294,10.42.0.1,10.42.0.3,1883,64836,5,228,0,1,1,0,0,0,0,0,0,0,0,0.0,0,,0,0,,0,0,0,0,0,0,0,0,0.0,0,0,0,0,0,64.0,64013.0,0,0,0,54,eth:ethertype:ip:tcp,,,,,,,,,,,0.0,Normal,0.0
1744319634125768,10.42.0.1,10.42.0.149,1883,64837,0,1,1,1,0,0,0,0,0,0,0,0,0,0.0,0,,0,0,,0,0,0,0,0,0,0,0,0.0,0,0,0,0,0,64.0,64240.0,0,0,0,58,eth:ethertype:ip:tcp,,,,,,,,,,,0.0,Normal,0.0
1744319634132081,10.42.0.1,10.42.0.149,1883,64837,1,4,0,1,0,0,0,0,0,0,0,0,0,0.0,0,,0,0,,0,0,0,0,0,0,0,0,0.0,0,0,0,0,0,64.0,64237.0,0,0,0,54,eth:ethertype:ip:tcp,,,,,,,,,,,0.0,Normal,0.0
1744319634138465,10.42.0.1,10.42.0.149,1883,64837,1,45,0,1,0,0,0,0,0,0,0,0,0,0.0,0,,0,0,,0,0,0,0,0,0,0,0,0.0,0,0,0,0,0,64.0,64196.0,0,0,0,54,eth:ethertype:ip:tcp,,,,,,,,,,,0.0,Normal,0.0
1744319634138712,10.42.0.1,10.42.0.149,1883,64837,1,45,0,1,0,0,1,0,4,0,0,0,0,0.0,0,,0,2,,0,0,0,0,2,0,0,0,0.0,0x00,0,0,0,0,64.0,64196.0,0,0,0,58,eth:ethertype:ip:tcp:mqtt,,,,,,,,,,,0.0,Normal,0.0
1744319634176916,10.42.0.1,10.42.0.149,1883,64837,5,228,0,1,0,0,0,0,0,0,0,0,0,0.0,0,,0,0,,0,0,0,0,0,0,0,0,0.0,0,0,0,0,0,64.0,64013.0,0,0,0,54,eth:ethertype:ip:tcp,,,,,,,,,,,0.0,Normal,0.0
1744319634177005,10.42.0.1,10.42.0.149,1883,64837,5,228,0,1,1,0,0,0,0,0,0,0,0,0.0,0,,0,0,,0,0,0,0,0,0,0,0,0.0,0,0,0,0,0,64.0,64013.0,0,0,0,54,eth:ethertype:ip:tcp,,,,,,,,,,,0.0,Normal,0.0
1744319649125768,10.42.0.1,10.42.0.3,1883,64837,0,1,1,1,0,0,0,0,0,0,0,0,0,0.0,0,,0,0,,0,0,0,0,0,0,0,0,0.0,0,0,0,0,0,64.0,64240.0,0,0,0,58,eth:ethertype:ip:tcp,,,,,,,,,,,0.0,Normal,0.0
1744319649132081,10.42.0.1,10.42.0.3,1883,64837,1,4,0,1,0,0,0,0,0,0,0,0,0,0.0,0,,0,0,,0,0,0,0,0,0,0,0,0.0,0,0,0,0,0,64.0,64237.0,0,0,0,54,eth:ethertype:ip:tcp,,,,,,,,,,,0.0,Normal,0.0
1744319649138465,10.42.0.1,10.42.0.3,1883,64837,1,45,0,1,0,0,0,0,0,0,0,0,0,0.0,0,,0,0,,0,0,0,0,0,0,0,0,0.0,0,0,0,0,0,64.0,64196.0,0,0,0,54,eth:ethertype:ip:tcp,,,,,,,,,,,0.0,Normal,0.0
1744319649138712,10.42.0.1,10.42.0.3,1883,64837,1,45,0,1,0,0,1,0,4,0,0,0,0,0.0,0,,0,2,,0,0,0,0,2,0,0,0,0.0,0x00,0,0,0,0,64.0,64196.0,0,0,0,58,eth:ethertype:ip:tcp:mqtt,,,,,,,,,,,0.0,Normal,0.0
1744319649176916,10.42.0.1,10.42.0.3,1883,64837,5,228,0,1,0,0,0,0,0,0,0,0,0,0.0,0,,0,0,,0,0,0,0,0,0,0,0,0.0,0,0,0,0,0,64.0,64013.0,0,0,0,54,eth:ethertype:ip:tcp,,,,,,,,,,,0.0,Normal,0.0
1744319649177005,10.42.0.1,10.42.0.3,1883,64837,5,228,0,1,1,0,0,0,0,0,0,0,0,0.0,0,,0,0,,0,0,0,0,0,0,0,0,0.0,0,0,0,0,0,64.0,64013.0,0,0,0,54,eth:ethertype:ip:tcp,,,,,,,,,,,0.0,Normal,0.0
1744319664185734,10.42.0.1,10.42.0.149,1883,64838,0,1,1,1,0,0,0,0,0,0,0,0,0,0.0,0,,0,0,,0,0,0,0,0,0,0,0,0.0,0,0,0,0,0,64.0,64240.0,0,0,0,58,eth:ethertype:ip:tcp,,,,,,,,,,,0.0,Normal,0.0
1744319664193620,10.42.0.1,10.42.0.149,1883,64838,1,4,0,1,0,0,0,0,0,0,0,0,0,0.0,0,,0,0,,0,0,0,0,0,0,0,0,0.0,0,0,0,0,0,64.0,64237.0,0,0,0,54,eth:ethertype:ip:tcp,,,,,,,,,,,0.0,Normal,0.0
1744319664197050,10.42.0.1,10.42.0.149,1883,64838,1,33,0,1,0,0,0,0,0,0,0,0,0,0.0,0,,0,0,,0,0,0,0,0,0,0,0,0.0,0,0,0,0,0,64.0,64208.0,0,0,0,54,eth:ethertype:ip:tcp,,,,,,,,,,,0.0,Normal,0.0
1744319664200490,10.42.0.1,10.42.0.149,1883,64838,1,45,0,1,0,0,0,0,0,0,0,0,0,0.0,0,,0,0,,0,0,0,0,0,0,0,0,0.0,0,0,0,0,0,64.0,64196.0,0,0,0,54,eth:ethertype:ip:tcp,,,,,,,,,,,0.0,Normal,0.0
1744319664200809,10.42.0.1,10.42.0.149,1883,64838,1,45,0,1,0,0,1,0,4,0,0,0,0,0.0,0,,0,2,,0,0,0,0,2,0,0,0,0.0,0x00,0,0,0,0,64.0,64196.0,0,0,0,58,eth:ethertype:ip:tcp:mqtt,,,,,,,,,,,0.0,Normal,0.0
1744319664236239,10.42.0.1,10.42.0.149,1883,64838,5,228,0,1,0,0,0,0,0,0,0,0,0,0.0,0,,0,0,,0,0,0,0,0,0,0,0,0.0,0,0,0,0,0,64.0,64013.0,0,0,0,54,eth:ethertype:ip:tcp,,,,,,,,,,,0.0,Normal,0.0
1744319664236273,10.42.0.1,10.42.0.149,1883,64838,5,228,0,1,1,0,0,0,0,0,0,0,0,0.0,0,,0,0,,0,0,0,0,0,0,0,0,0.0,0,0,0,0,0,64.0,64013.0,0,0,0,54,eth:ethertype:ip:tcp,,,,,,,,,,,0.0,Normal,0.0
1744319679185734,10.42.0.1,10.42.0.3,1883,64838,0,1,1,1,0,0,0,0,0,0,0,0,0,0.0,0,,0,0,,0,0,0,0,0,0,0,0,0.0,0,0,0,0,0,64.0,64240.0,0,0,0,58,eth:ethertype:ip:tcp,,,,,,,,,,,0.0,Normal,0.0
1744319679193620,10.42.0.1,10.42.0.3,1883,64838,1,4,0,1,0,0,0,0,0,0,0,0,0,0.0,0,,0,0,,0,0,0,0,0,0,0,0,0.0,0,0,0,0,0,64.0,64237.0,0,0,0,54,eth:ethertype:ip:tcp,,,,,,,,,,,0.0,Normal,0.0
1744319679197050,10.42.0.1,10.42.0.3,1883,64838,1,33,0,1,0,0,0,0,0,0,0,0,0,0.0,0,,0,0,,0,0,0,0,0,0,0,0,0.0,0,0,0,0,0,64.0,64208.0,0,0,0,54,eth:ethertype:ip:tcp,,,,,,,,,,,0.0,Normal,0.0
1744319679200490,10.42.0.1,10.42.0.3,1883,64838,1,45,0,1,0,0,0,0,0,0,0,0,0,0.0,0,,0,0,,0,0,0,0,0,0,0,0,0.0,0,0,0,0,0,64.0,64196.0,0,0,0,54,eth:ethertype:ip:tcp,,,,,,,,,,,0.0,Normal,0.0
1744319679200809,10.42.0.1,10.42.0.3,1883,64838,1,45,0,1,0,0,1,0,4,0,0,0,0,0.0,0,,0,2,,0,0,0,0,2,0,0,0,0.0,0x00,0,0,0,0,64.0,64196.0,0,0,0,58,eth:ethertype:ip:tcp:mqtt,,,,,,,,,,,0.0,Normal,0.0
1744319679236239,10.42.0.1,10.42.0.3,1883,64838,5,228,0,1,0,0,0,0,0,0,0,0,0,0.0,0,,0,0,,0,0,0,0,0,0,0,0,0.0,0,0,0,0,0,64.0,64013.0,0,0,0,54,eth:ethertype:ip:tcp,,,,,,,,,,,0.0,Normal,0.0
1744319679236273,10.42.0.1,10.42.0.3,1883,64838,5,228,0,1,1,0,0,0,0,0,0,0,0,0.0,0,,0,0,,0,0,0,0,0,0,0,0,0.0,0,0,0,0,0,64.0,64013.0,0,0,0,54,eth:ethertype:ip:tcp,,,,,,,,,,,0.0,Normal,0.0
1744319694244616,10.42.0.1,10.42.0.149,1883,64839,0,1,1,1,0,0,0,0,0,0,0,0,0,0.0,0,,0,0,,0,0,0,0,0,0,0,0,0.0,0,0,0,0,0,64.0,64240.0,0,0,0,58,eth:ethertype:ip:tcp,,,,,,,,,,,0.0,Normal,0.0
1744319694252006,10.42.0.1,10.42.0.149,1883,64839,1,4,0,1,0,0,0,0,0,0,0,0,0,0.0,0,,0,0,,0,0,0,0,0,0,0,0,0.0,0,0,0,0,0,64.0,64237.0,0,0,0,54,eth:ethertype:ip:tcp,,,,,,,,,,,0.0,Normal,0.0
1744319694258012,10.42.0.1,10.42.0.149,1883,64839,1,45,0,1,0,0,0,0,0,0,0,0,0,0.0,0,,0,0,,0,0,0,0,0,0,0,0,0.0,0,0,0,0,0,64.0,64196.0,0,0,0,54,eth:ethertype:ip:tcp,,,,,,,,,,,0.0,Normal,0.0
1744319694258301,10.42.0.1,10.42.0.149,1883,64839,1,45,0,1,0,0,1,0,4,0,0,0,0,0.0,0,,0,2,,0,0,0,0,2,0,0,0,0.0,0x00,0,0,0,0,64.0,64196.0,0,0,0,58,eth:ethertype:ip:tcp:mqtt,,,,,,,,,,,0.0,Normal,0.0
1744319694295628,10.42.0.1,10.42.0.149,1883,64839,5,228,0,1,0,0,0,0,0,0,0,0,0,0.0,0,,0,0,,0,0,0,0,0,0,0,0,0.0,0,0,0,0,0,64.0,64013.0,0,0,0,54,eth:ethertype:ip:tcp,,,,,,,,,,,0.0,Normal,0.0
1744319694295658,10.42.0.1,10.42.0.149,1883,64839,5,228,0,1,1,0,0,0,0,0,0,0,0,0.0,0,,0,0,,0,0,0,0,0,0,0,0,0.0,0,0,0,0,0,64.0,64013.0,0,0,0,54,eth:ethertype:ip:tcp,,,,,,,,,,,0.0,Normal,0.0
1744319709244616,10.42.0.1,10.42.0.3,1883,64839,0,1,1,1,0,0,0,0,0,0,0,0,0,0.0,0,,0,0,,0,0,0,0,0,0,0,0,0.0,0,0,0,0,0,64.0,64240.0,0,0,0,58,eth:ethertype:ip:tcp,,,,,,,,,,,0.0,Normal,0.0
1744319709252006,10.42.0.1,10.42.0.3,1883,64839,1,4,0,1,0,0,0,0,0,0,0,0,0,0.0,0,,0,0,,0,0,0,0,0,0,0,0,0.0,0,0,0,0,0,64.0,64237.0,0,0,0,54,eth:ethertype:ip:tcp,,,,,,,,,,,0.0,Normal,0.0
1744319709258012,10.42.0.1,10.42.0.3,1883,64839,1,45,0,1,0,0,0,0,0,0,0,0,0,0.0,0,,0,0,,0,0,0,0,0,0,0,0,0.0,0,0,0,0,0,64.0,64196.0,0,0,0,54,eth:ethertype:ip:tcp,,,,,,,,,,,0.0,Normal,0.0
1744319709258301,10.42.0.1,10.42.0.3,1883,64839,1,45,0,1,0,0,1,0,4,0,0,0,0,0.0,0,,0,2,,0,0,0,0,2,0,0,0,0.0,0x00,0,0,0,0,64.0,64196.0,0,0,0,58,eth:ethertype:ip:tcp:mqtt,,,,,,,,,,,0.0,Normal,0.0
1744319709295628,10.42.0.1,10.42.0.3,1883,64839,5,228,0,1,0,0,0,0,0,0,0,0,0,0.0,0,,0,0,,0,0,0,0,0,0,0,0,0.0,0,0,0,0,0,64.0,64013.0,0,0,0,54,eth:ethertype:ip:tcp,,,,,,,,,,,0.0,Normal,0.0
1744319709295658,10.42.0.1,10.42.0.3,1883,64839,5,228,0,1,1,0,0,0,0,0,0,0,0,0.0,0,,0,0,,0,0,0,0,0,0,0,0,0.0,0,0,0,0,0,64.0,64013.0,0,0,0,54,eth:ethertype:ip:tcp,,,,,,,,,,,0.0,Normal,0.0
1744319724304608,10.42.0.1,10.42.0.149,1883,64840,0,1,1,1,0,0,0,0,0,0,0,0,0,0.0,0,,0,0,,0,0,0,0,0,0,0,0,0.0,0,0,0,0,0,64.0,64240.0,0,0,0,58,eth:ethertype:ip:tcp,,,,,,,,,,,0.0,Normal,0.0
1744319724311132,10.42.0.1,10.42.0.149,1883,64840,1,4,0,1,0,0,0,0,0,0,0,0,0,0.0,0,,0,0,,0,0,0,0,0,0,0,0,0.0,0,0,0,0,0,64.0,64237.0,0,0,0,54,eth:ethertype:ip:tcp,,,,,,,,,,,0.0,Normal,0.0
1744319724314724,10.42.0.1,10.42.0.149,1883,64840,1,33,0,1,0,0,0,0,0,0,0,0,0,0.0,0,,0,0,,0,0,0,0,0,0,0,0,0.0,0,0,0,0,0,64.0,64208.0,0,0,0,54,eth:ethertype:ip:tcp,,,,,,,,,,,0.0,Normal,0.0
1744319724318023,10.42.0.1,10.42.0.149,1883,64840,1,45,0,1,0,0,0,0,0,0,0,0,0,0.0,0,,0,0,,0,0,0,0,0,0,0,0,0.0,0,0,0,0,0,64.0,64196.0,0,0,0,54,eth:ethertype:ip:tcp,,,,,,,,,,,0.0,Normal,0.0
1744319724318326,10.42.0.1,10.42.0.149,1883,64840,1,45,0,1,0,0,1,0,4,0,0,0,0,0.0,0,,0,2,,0,0,0,0,2,0,0,0,0.0,0x00,0,0,0,0,64.0,64196.0,0,0,0,58,eth:ethertype:ip:tcp:mqtt,,,,,,,,,,,0.0,Normal,0.0
1744319724355813,10.42.0.1,10.42.0.149,1883,64840,5,228,0,1,0,0,0,0,0,0,0,0,0,0.0,0,,0,0,,0,0,0,0,0,0,0,0,0.0,0,0,0,0,0,64.0,64013.0,0,0,0,54,eth:ethertype:ip:tcp,,,,,,,,,,,0.0,Normal,0.0
1744319724355843,10.42.0.1,10.42.0.149,1883,64840,5,228,0,1,1,0,0,0,0,0,0,0,0,0.0,0,,0,0,,0,0,0,0,0,0,0,0,0.0,0,0,0,0,0,64.0,64013.0,0,0,0,54,eth:ethertype:ip:tcp,,,,,,,,,,,0.0,Normal,0.0
1744319739304608,10.42.0.1,10.42.0.3,1883,64840,0,1,1,1,0,0,0,0,0,0,0,0,0,0.0,0,,0,0,,0,0,0,0,0,0,0,0,0.0,0,0,0,0,0,64.0,64240.0,0,0,0,58,eth:ethertype:ip:tcp,,,,,,,,,,,0.0,Normal,0.0
1744319739311132,10.42.0.1,10.42.0.3,1883,64840,1,4,0,1,0,0,0,0,0,0,0,0,0,0.0,0,,0,0,,0,0,0,0,0,0,0,0,0.0,0,0,0,0,0,64.0,64237.0,0,0,0,54,eth:ethertype:ip:tcp,,,,,,,,,,,0.0,Normal,0.0
1744319739314724,10.42.0.1,10.42.0.3,1883,64840,1,33,0,1,0,0,0,0,0,0,0,0,0,0.0,0,,0,0,,0,0,0,0,0,0,0,0,0.0,0,0,0,0,0,64.0,64208.0,0,0,0,54,eth:ethertype:ip:tcp,,,,,,,,,,,0.0,Normal,0.0
1744319739318023,10.42.0.1,10.42.0.3,1883,64840,1,45,0,1,0,0,0,0,0,0,0,0,0,0.0,0,,0,0,,0,0,0,0,0,0,0,0,0.0,0,0,0,0,0,64.0,64196.0,0,0,0,54,eth:ethertype:ip:tcp,,,,,,,,,,,0.0,Normal,0.0
1744319739318326,10.42.0.1,10.42.0.3,1883,64840,1,45,0,1,0,0,1,0,4,0,0,0,0,0.0,0,,0,2,,0,0,0,0,2,0,0,0,0.0,0x00,0,0,0,0,64.0,64196.0,0,0,0,58,eth:ethertype:ip:tcp:mqtt,,,,,,,,,,,0.0,Normal,0.0
1744319739355813,10.42.0.1,10.42.0.3,1883,64840,5,228,0,1,0,0,0,0,0,0,0,0,0,0.0,0,,0,0,,0,0,0,0,0,0,0,0,0.0,0,0,0,0,0,64.0,64013.0,0,0,0,54,eth:ethertype:ip:tcp,,,,,,,,,,,0.0,Normal,0.0
1744319739355843,10.42.0.1,10.42.0.3,1883,64840,5,228,0,1,1,0,0,0,0,0,0,0,0,0.0,0,,0,0,,0,0,0,0,0,0,0,0,0.0,0,0,0,0,0,64.0,64013.0,0,0,0,54,eth:ethertype:ip:tcp,,,,,,,,,,,0.0,Normal,0.0
1744319754364664,10.42.0.1,10.42.0.149,1883,64841,0,1,1,1,0,0,0,0,0,0,0,0,0,0.0,0,,0,0,,0,0,0,0,0,0,0,0,0.0,0,0,0,0,0,64.0,64240.0,0,0,0,58,eth:ethertype:ip:tcp,,,,,,,,,,,0.0,Normal,0.0
1744319754374222,10.42.0.1,10.42.0.149,1883,64841,1,4,0,1,0,0,0,0,0,0,0,0,0,0.0,0,,0,0,,0,0,0,0,0,0,0,0,0.0,0,0,0,0,0,64.0,64237.0,0,0,0,54,eth:ethertype:ip:tcp,,,,,,,,,,,0.0,Normal,0.0
1744319754377432,10.42.0.1,10.42.0.149,1883,64841,1,45,0,1,0,0,0,0,0,0,0,0,0,0.0,0,,0,0,,0,0,0,0,0,0,0,0,0.0,0,0,0,0,0,64.0,64196.0,0,0,0,54,eth:ethertype:ip:tcp,,,,,,,,,,,0.0,Normal,0.0
1744319754377774,10.42.0.1,10.42.0.149,1883,64841,1,45,0,1,0,0,1,0,4,0,0,0,0,0.0,0,,0,2,,0,0,0,0,2,0,0,0,0.0,0x00,0,0,0,0,64.0,64196.0,0,0,0,58,eth:ethertype:ip:tcp:mqtt,,,,,,,,,,,0.0,Normal,0.0
1744319754414703,10.42.0.1,10.42.0.149,1883,64841,5,228,0,1,0,0,0,0,0,0,0,0,0,0.0,0,,0,0,,0,0,0,0,0,0,0,0,0.0,0,0,0,0,0,64.0,64013.0,0,0,0,54,eth:ethertype:ip:tcp,,,,,,,,,,,0.0,Normal,0.0
1744319754414755,10.42.0.1,10.42.0.149,1883,64841,5,228,0,1,1,0,0,0,0,0,0,0,0,0.0,0,,0,0,,0,0,0,0,0,0,0,0,0.0,0,0,0,0,0,64.0,64013.0,0,0,0,54,eth:ethertype:ip:tcp,,,,,,,,,,,0.0,Normal,0.0
1744319769364664,10.42.0.1,10.42.0.3,1883,64841,0,1,1,1,0,0,0,0,0,0,0,0,0,0.0,0,,0,0,,0,0,0,0,0,0,0,0,0.0,0,0,0,0,0,64.0,64240.0,0,0,0,58,eth:ethertype:ip:tcp,,,,,,,,,,,0.0,Normal,0.0
1744319769374222,10.42.0.1,10.42.0.3,1883,64841,1,4,0,1,0,0,0,0,0,0,0,0,0,0.0,0,,0,0,,0,0,0,0,0,0,0,0,0.0,0,0,0,0,0,64.0,64237.0,0,0,0,54,eth:ethertype:ip:tcp,,,,,,,,,,,0.0,Normal,0.0
1744319769377432,10.42.0.1,10.42.0.3,1883,64841,1,45,0,1,0,0,0,0,0,0,0,0,0,0.0,0,,0,0,,0,0,0,0,0,0,0,0,0.0,0,0,0,0,0,64.0,64196.0,0,0,0,54,eth:ethertype:ip:tcp,,,,,,,,,,,0.0,Normal,0.0
1744319769377774,10.42.0.1,10.42.0.3,1883,64841,1,45,0,1,0,0,1,0,4,0,0,0,0,0.0,0,,0,2,,0,0,0,0,2,0,0,0,0.0,0x00,0,0,0,0,64.0,64196.0,0,0,0,58,eth:ethertype:ip:tcp:mqtt,,,,,,,,,,,0.0,Normal,0.0
1744319769414703,10.42.0.1,10.42.0.3,1883,64841,5,228,0,1,0,0,0,0,0,0,0,0,0,0.0,0,,0,0,,0,0,0,0,0,0,0,0,0.0,0,0,0,0,0,64.0,64013.0,0,0,0,54,eth:ethertype:ip:tcp,,,,,,,,,,,0.0,Normal,0.0
1744319769414755,10.42.0.1,10.42.0.3,1883,64841,5,228,0,1,1,0,0,0,0,0,0,0,0,0.0,0,,0,0,,0,0,0,0,0,0,0,0,0.0,0,0,0,0,0,64.0,64013.0,0,0,0,54,eth:ethertype:ip:tcp,,,,,,,,,,,0.0,Normal,0.0
1744319784423574,10.42.0.1,10.42.0.149,1883,64842,0,1,1,1,0,0,0,0,0,0,0,0,0,0.0,0,,0,0,,0,0,0,0,0,0,0,0,0.0,0,0,0,0,0,64.0,64240.0,0,0,0,58,eth:ethertype:ip:tcp,,,,,,,,,,,0.0,Normal,0.0
1744319784429625,10.42.0.1,10.42.0.149,1883,64842,1,4,0,1,0,0,0,0,0,0,0,0,0,0.0,0,,0,0,,0,0,0,0,0,0,0,0,0.0,0,0,0,0,0,64.0,64237.0,0,0,0,54,eth:ethertype:ip:tcp,,,,,,,,,,,0.0,Normal,0.0
1744319784433062,10.42.0.1,10.42.0.149,1883,64842,1,33,0,1,0,0,0,0,0,0,0,0,0,0.0,0,,0,0,,0,0,0,0,0,0,0,0,0.0,0,0,0,0,0,64.0,64208.0,0,0,0,54,eth:ethertype:ip:tcp,,,,,,,,,,,0.0,Normal,0.0
1744319784436210,10.42.0.1,10.42.0.149,1883,64842,1,45,0,1,0,0,0,0,0,0,0,0,0,0.0,0,,0,0,,0,0,0,0,0,0,0,0,0.0,0,0,0,0,0,64.0,64196.0,0,0,0,54,eth:ethertype:ip:tcp,,,,,,,,,,,0.0,Normal,0.0
1744319784436614,10.42.0.1,10.42.0.149,1883,64842,1,45,0,1,0,0,1,0,4,0,0,0,0,0.0,0,,0,2,,0,0,0,0,2,0,0,0,0.0,0x00,0,0,0,0,64.0,64196.0,0,0,0,58,eth:ethertype:ip:tcp:mqtt,,,,,,,,,,,0.0,Normal,0.0
1744319784474021,10.42.0.1,10.42.0.149,1883,64842,5,228,0,1,0,0,0,0,0,0,0,0,0,0.0,0,,0,0,,0,0,0,0,0,0,0,0,0.0,0,0,0,0,0,64.0,64013.0,0,0,0,54,eth:ethertype:ip:tcp,,,,,,,,,,,0.0,Normal,0.0
1744319784474088,10.42.0.1,10.42.0.149,1883,64842,5,228,0,1,1,0,0,0,0,0,0,0,0,0.0,0,,0,0,,0,0,0,0,0,0,0,0,0.0,0,0,0,0,0,64.0,64013.0,0,0,0,54,eth:ethertype:ip:tcp,,,,,,,,,,,0.0,Normal,0.0
1744319799423574,10.42.0.1,10.42.0.3,1883,64842,0,1,1,1,0,0,0,0,0,0,0,0,0,0.0,0,,0,0,,0,0,0,0,0,0,0,0,0.0,0,0,0,0,0,64.0,64240.0,0,0,0,58,eth:ethertype:ip:tcp,,,,,,,,,,,0.0,Normal,0.0
1744319799429625,10.42.0.1,10.42.0.3,1883,64842,1,4,0,1,0,0,0,0,0,0,0,0,0,0.0,0,,0,0,,0,0,0,0,0,0,0,0,0.0,0,0,0,0,0,64.0,64237.0,0,0,0,54,eth:ethertype:ip:tcp,,,,,,,,,,,0.0,Normal,0.0
1744319799433062,10.42.0.1,10.42.0.3,1883,64842,1,33,0,1,0,0,0,0,0,0,0,0,0,0.0,0,,0,0,,0,0,0,0,0,0,0,0,0.0,0,0,0,0,0,64.0,64208.0,0,0,0,54,eth:ethertype:ip:tcp,,,,,,,,,,,0.0,Normal,0.0
1744319799436210,10.42.0.1,10.42.0.3,1883,64842,1,45,0,1,0,0,0,0,0,0,0,0,0,0.0,0,,0,0,,0,0,0,0,0,0,0,0,0.0,0,0,0,0,0,64.0,64196.0,0,0,0,54,eth:ethertype:ip:tcp,,,,,,,,,,,0.0,Normal,0.0
1744319799436614,10.42.0.1,10.42.0.3,1883,64842,1,45,0,1,0,0,1,0,4,0,0,0,0,0.0,0,,0,2,,0,0,0,0,2,0,0,0,0.0,0x00,0,0,0,0,64.0,64196.0,0,0,0,58,eth:ethertype:ip:tcp:mqtt,,,,,,,,,,,0.0,Normal,0.0
1744319799474021,10.42.0.1,10.42.0.3,1883,64842,5,228,0,1,0,0,0,0,0,0,0,0,0,0.0,0,,0,0,,0,0,0,0,0,0,0,0,0.0,0,0,0,0,0,64.0,64013.0,0,0,0,54,eth:ethertype:ip:tcp,,,,,,,,,,,0.0,Normal,0.0
1744319799474088,10.42.0.1,10.42.0.3,1883,64842,5,228,0,1,1,0,0,0,0,0,0,0,0,0.0,0,,0,0,,0,0,0,0,0,0,0,0,0.0,0,0,0,0,0,64.0,64013.0,0,0,0,54,eth:ethertype:ip:tcp,,,,,,,,,,,0.0,Normal,0.0
1744319814492378,10.42.0.1,10.42.0.149,1883,64843,0,1,1,1,0,0,0,0,0,0,0,0,0,0.0,0,,0,0,,0,0,0,0,0,0,0,0,0.0,0,0,0,0,0,64.0,64240.0,0,0,0,58,eth:ethertype:ip:tcp,,,,,,,,,,,0.0,Normal,0.0
1744319814500417,10.42.0.1,10.42.0.149,1883,64843,1,4,0,1,0,0,0,0,0,0,0,0,0,0.0,0,,0,0,,0,0,0,0,0,0,0,0,0.0,0,0,0,0,0,64.0,64237.0,0,0,0,54,eth:ethertype:ip:tcp,,,,,,,,,,,0.0,Normal,0.0
1744319814503697,10.42.0.1,10.42.0.149,1883,64843,1,41,0,1,0,0,0,0,0,0,0,0,0,0.0,0,,0,0,,0,0,0,0,0,0,0,0,0.0,0,0,0,0,0,64.0,64200.0,0,0,0,54,eth:ethertype:ip:tcp,,,,,,,,,,,0.0,Normal,0.0
1744319814506666,10.42.0.1,10.42.0.149,1883,64843,1,45,0,1,0,0,0,0,0,0,0,0,0,0.0,0,,0,0,,0,0,0,0,0,0,0,0,0.0,0,0,0,0,0,64.0,64196.0,0,0,0,54,eth:ethertype:ip:tcp,,,,,,,,,,,0.0,Normal,0.0
1744319814507027,10.42.0.1,10.42.0.149,1883,64843,1,45,0,1,0,0,1,0,4,0,0,0,0,0.0,0,,0,2,,0,0,0,0,2,0,0,0,0.0,0x00,0,0,0,0,64.0,64196.0,0,0,0,58,eth:ethertype:ip:tcp:mqtt,,,,,,,,,,,0.0,Normal,0.0
1744319814543302,10.42.0.1,10.42.0.149,1883,64843,5,228,0,1,0,0,0,0,0,0,0,0,0,0.0,0,,0,0,,0,0,0,0,0,0,0,0,0.0,0,0,0,0,0,64.0,64013.0,0,0,0,54,eth:ethertype:ip:tcp,,,,,,,,,,,0.0,Normal,0.0
1744319814543338,10.42.0.1,10.42.0.149,1883,64843,5,228,0,1,1,0,0,0,0,0,0,0,0,0.0,0,,0,0,,0,0,0,0,0,0,0,0,0.0,0,0,0,0,0,64.0,64013.0,0,0,0,54,eth:ethertype:ip:tcp,,,,,,,,,,,0.0,Normal,0.0
1744319829492378,10.42.0.1,10.42.0.3,1883,64843,0,1,1,1,0,0,0,0,0,0,0,0,0,0.0,0,,0,0,,0,0,0,0,0,0,0,0,0.0,0,0,0,0,0,64.0,64240.0,0,0,0,58,eth:ethertype:ip:tcp,,,,,,,,,,,0.0,Normal,0.0
1744319829500417,10.42.0.1,10.42.0.3,1883,64843,1,4,0,1,0,0,0,0,0,0,0,0,0,0.0,0,,0,0,,0,0,0,0,0,0,0,0,0.0,0,0,0,0,0,64.0,64237.0,0,0,0,54,eth:ethertype:ip:tcp,,,,,,,,,,,0.0,Normal,0.0
1744319829503697,10.42.0.1,10.42.0.3,1883,64843,1,41,0,1,0,0,0,0,0,0,0,0,0,0.0,0,,0,0,,0,0,0,0,0,0,0,0,0.0,0,0,0,0,0,64.0,64200.0,0,0,0,54,eth:ethertype:ip:tcp,,,,,,,,,,,0.0,Normal,0.0
1744319829506666,10.42.0.1,10.42.0.3,1883,64843,1,45,0,1,0,0,0,0,0,0,0,0,0,0.0,0,,0,0,,0,0,0,0,0,0,0,0,0.0,0,0,0,0,0,64.0,64196.0,0,0,0,54,eth:ethertype:ip:tcp,,,,,,,,,,,0.0,Normal,0.0
1744319829507027,10.42.0.1,10.42.0.3,1883,64843,1,45,0,1,0,0,1,0,4,0,0,0,0,0.0,0,,0,2,,0,0,0,0,2,0,0,0,0.0,0x00,0,0,0,0,64.0,64196.0,0,0,0,58,eth:ethertype:ip:tcp:mqtt,,,,,,,,,,,0.0,Normal,0.0
1744319829543302,10.42.0.1,10.42.0.3,1883,64843,5,228,0,1,0,0,0,0,0,0,0,0,0,0.0,0,,0,0,,0,0,0,0,0,0,0,0,0.0,0,0,0,0,0,64.0,64013.0,0,0,0,54,eth:ethertype:ip:tcp,,,,,,,,,,,0.0,Normal,0.0
1744319829543338,10.42.0.1,10.42.0.3,1883,64843,5,228,0,1,1,0,0,0,0,0,0,0,0,0.0,0,,0,0,,0,0,0,0,0,0,0,0,0.0,0,0,0,0,0,64.0,64013.0,0,0,0,54,eth:ethertype:ip:tcp,,,,,,,,,,,0.0,Normal,0.0
1744319844558605,10.42.0.1,10.42.0.149,1883,64844,0,1,1,1,0,0,0,0,0,0,0,0,0,0.0,0,,0,0,,0,0,0,0,0,0,0,0,0.0,0,0,0,0,0,64.0,64240.0,0,0,0,58,eth:ethertype:ip:tcp,,,,,,,,,,,0.0,Normal,0.0
1744319844566907,10.42.0.1,10.42.0.149,1883,64844,1,4,0,1,0,0,0,0,0,0,0,0,0,0.0,0,,0,0,,0,0,0,0,0,0,0,0,0.0,0,0,0,0,0,64.0,64237.0,0,0,0,54,eth:ethertype:ip:tcp,,,,,,,,,,,0.0,Normal,0.0
1744319844572461,10.42.0.1,10.42.0.149,1883,64844,1,45,0,1,0,0,0,0,0,0,0,0,0,0.0,0,,0,0,,0,0,0,0,0,0,0,0,0.0,0,0,0,0,0,64.0,64196.0,0,0,0,54,eth:ethertype:ip:tcp,,,,,,,,,,,0.0,Normal,0.0
1744319844572709,10.42.0.1,10.42.0.149,1883,64844,1,45,0,1,0,0,1,0,4,0,0,0,0,0.0,0,,0,2,,0,0,0,0,2,0,0,0,0.0,0x00,0,0,0,0,64.0,64196.0,0,0,0,58,eth:ethertype:ip:tcp:mqtt,,,,,,,,,,,0.0,Normal,0.0
1744319844612741,10.42.0.1,10.42.0.149,1883,64844,5,228,0,1,0,0,0,0,0,0,0,0,0,0.0,0,,0,0,,0,0,0,0,0,0,0,0,0.0,0,0,0,0,0,64.0,64013.0,0,0,0,54,eth:ethertype:ip:tcp,,,,,,,,,,,0.0,Normal,0.0
1744319844612815,10.42.0.1,10.42.0.149,1883,64844,5,228,0,1,1,0,0,0,0,0,0,0,0,0.0,0,,0,0,,0,0,0,0,0,0,0,0,0.0,0,0,0,0,0,64.0,64013.0,0,0,0,54,eth:ethertype:ip:tcp,,,,,,,,,,,0.0,Normal,0.0
1744319859558605,10.42.0.1,10.42.0.3,1883,64844,0,1,1,1,0,0,0,0,0,0,0,0,0,0.0,0,,0,0,,0,0,0,0,0,0,0,0,0.0,0,0,0,0,0,64.0,64240.0,0,0,0,58,eth:ethertype:ip:tcp,,,,,,,,,,,0.0,Normal,0.0
1744319859566907,10.42.0.1,10.42.0.3,1883,64844,1,4,0,1,0,0,0,0,0,0,0,0,0,0.0,0,,0,0,,0,0,0,0,0,0,0,0,0.0,0,0,0,0,0,64.0,64237.0,0,0,0,54,eth:ethertype:ip:tcp,,,,,,,,,,,0.0,Normal,0.0
1744319859572461,10.42.0.1,10.42.0.3,1883,64844,1,45,0,1,0,0,0,0,0,0,0,0,0,0.0,0,,0,0,,0,0,0,0,0,0,0,0,0.0,0,0,0,0,0,64.0,64196.0,0,0,0,54,eth:ethertype:ip:tcp,,,,,,,,,,,0.0,Normal,0.0
1744319859572709,10.42.0.1,10.42.0.3,1883,64844,1,45,0,1,0,0,1,0,4,0,0,0,0,0.0,0,,0,2,,0,0,0,0,2,0,0,0,0.0,0x00,0,0,0,0,64.0,64196.0,0,0,0,58,eth:ethertype:ip:tcp:mqtt,,,,,,,,,,,0.0,Normal,0.0
1744319859612741,10.42.0.1,10.42.0.3,1883,64844,5,228,0,1,0,0,0,0,0,0,0,0,0,0.0,0,,0,0,,0,0,0,0,0,0,0,0,0.0,0,0,0,0,0,64.0,64013.0,0,0,0,54,eth:ethertype:ip:tcp,,,,,,,,,,,0.0,Normal,0.0
1744319859612815,10.42.0.1,10.42.0.3,1883,64844,5,228,0,1,1,0,0,0,0,0,0,0,0,0.0,0,,0,0,,0,0,0,0,0,0,0,0,0.0,0,0,0,0,0,64.0,64013.0,0,0,0,54,eth:ethertype:ip:tcp,,,,,,,,,,,0.0,Normal,0.0
1744319874621744,10.42.0.1,10.42.0.149,1883,64845,0,1,1,1,0,0,0,0,0,0,0,0,0,0.0,0,,0,0,,0,0,0,0,0,0,0,0,0.0,0,0,0,0,0,64.0,64240.0,0,0,0,58,eth:ethertype:ip:tcp,,,,,,,,,,,0.0,Normal,0.0
1744319874627895,10.42.0.1,10.42.0.149,1883,64845,1,4,0,1,0,0,0,0,0,0,0,0,0,0.0,0,,0,0,,0,0,0,0,0,0,0,0,0.0,0,0,0,0,0,64.0,64237.0,0,0,0,54,eth:ethertype:ip:tcp,,,,,,,,,,,0.0,Normal,0.0
1744319874631846,10.42.0.1,10.42.0.149,1883,64845,1,33,0,1,0,0,0,0,0,0,0,0,0,0.0,0,,0,0,,0,0,0,0,0,0,0,0,0.0,0,0,0,0,0,64.0,64208.0,0,0,0,54,eth:ethertype:ip:tcp,,,,,,,,,,,0.0,Normal,0.0
1744319874635095,10.42.0.1,10.42.0.149,1883,64845,1,45,0,1,0,0,0,0,0,0,0,0,0,0.0,0,,0,0,,0,0,0,0,0,0,0,0,0.0,0,0,0,0,0,64.0,64196.0,0,0,0,54,eth:ethertype:ip:tcp,,,,,,,,,,,0.0,Normal,0.0
1744319874635389,10.42.0.1,10.42.0.149,1883,64845,1,45,0,1,0,0,1,0,4,0,0,0,0,0.0,0,,0,2,,0,0,0,0,2,0,0,0,0.0,0x00,0,0,0,0,64.0,64196.0,0,0,0,58,eth:ethertype:ip:tcp:mqtt,,,,,,,,,,,0.0,Normal,0.0
1744319874672677,10.42.0.1,10.42.0.149,1883,64845,5,228,0,1,0,0,0,0,0,0,0,0,0,0.0,0,,0,0,,0,0,0,0,0,0,0,0,0.0,0,0,0,0,0,64.0,64013.0,0,0,0,54,eth:ethertype:ip:tcp,,,,,,,,,,,0.0,Normal,0.0
1744319874672757,10.42.0.1,10.42.0.149,1883,64845,5,228,0,1,1,0,0,0,0,0,0,0,0,0.0,0,,0,0,,0,0,0,0,0,0,0,0,0.0,0,0,0,0,0,64.0,64013.0,0,0,0,54,eth:ethertype:ip:tcp,,,,,,,,,,,0.0,Normal,0.0
1744319889621744,10.42.0.1,10.42.0.3,1883,64845,0,1,1,1,0,0,0,0,0,0,0,0,0,0.0,0,,0,0,,0,0,0,0,0,0,0,0,0.0,0,0,0,0,0,64.0,64240.0,0,0,0,58,eth:ethertype:ip:tcp,,,,,,,,,,,0.0,Normal,0.0
1744319889627895,10.42.0.1,10.42.0.3,1883,64845,1,4,0,1,0,0,0,0,0,0,0,0,0,0.0,0,,0,0,,0,0,0,0,0,0,0,0,0.0,0,0,0,0,0,64.0,64237.0,0,0,0,54,eth:ethertype:ip:tcp,,,,,,,,,,,0.0,Normal,0.0
1744319889631846,10.42.0.1,10.42.0.3,1883,64845,1,33,0,1,0,0,0,0,0,0,0,0,0,0.0,0,,0,0,,0,0,0,0,0,0,0,0,0.0,0,0,0,0,0,64.0,64208.0,0,0,0,54,eth:ethertype:ip:tcp,,,,,,,,,,,0.0,Normal,0.0
1744319889635095,10.42.0.1,10.42.0.3,1883,64845,1,45,0,1,0,0,0,0,0,0,0,0,0,0.0,0,,0,0,,0,0,0,0,0,0,0,0,0.0,0,0,0,0,0,64.0,64196.0,0,0,0,54,eth:ethertype:ip:tcp,,,,,,,,,,,0.0,Normal,0.0
1744319889635389,10.42.0.1,10.42.0.3,1883,64845,1,45,0,1,0,0,1,0,4,0,0,0,0,0.0,0,,0,2,,0,0,0,0,2,0,0,0,0.0,0x00,0,0,0,0,64.0,64196.0,0,0,0,58,eth:ethertype:ip:tcp:mqtt,,,,,,,,,,,0.0,Normal,0.0
1744319889672677,10.42.0.1,10.42.0.3,1883,64845,5,228,0,1,0,0,0,0,0,0,0,0,0,0.0,0,,0,0,,0,0,0,0,0,0,0,0,0.0,0,0,0,0,0,64.0,64013.0,0,0,0,54,eth:ethertype:ip:tcp,,,,,,,,,,,0.0,Normal,0.0
1744319889672757,10.42.0.1,10.42.0.3,1883,64845,5,228,0,1,1,0,0,0,0,0,0,0,0,0.0,0,,0,0,,0,0,0,0,0,0,0,0,0.0,0,0,0,0,0,64.0,64013.0,0,0,0,54,eth:ethertype:ip:tcp,,,,,,,,,,,0.0,Normal,0.0
1744319904680937,10.42.0.1,10.42.0.149,1883,64846,0,1,1,1,0,0,0,0,0,0,0,0,0,0.0,0,,0,0,,0,0,0,0,0,0,0,0,0.0,0,0,0,0,0,64.0,64240.0,0,0,0,58,eth:ethertype:ip:tcp,,,,,,,,,,,0.0,Normal,0.0
1744319904688463,10.42.0.1,10.42.0.149,1883,64846,1,4,0,1,0,0,0,0,0,0,0,0,0,0.0,0,,0,0,,0,0,0,0,0,0,0,0,0.0,0,0,0,0,0,64.0,64237.0,0,0,0,54,eth:ethertype:ip:tcp,,,,,,,,,,,0.0,Normal,0.0
1744319904693154,10.42.0.1,10.42.0.149,1883,64846,1,45,0,1,0,0,0,0,0,0,0,0,0,0.0,0,,0,0,,0,0,0,0,0,0,0,0,0.0,0,0,0,0,0,64.0,64196.0,0,0,0,54,eth:ethertype:ip:tcp,,,,,,,,,,,0.0,Normal,0.0
1744319904693477,10.42.0.1,10.42.0.149,1883,64846,1,45,0,1,0,0,1,0,4,0,0,0,0,0.0,0,,0,2,,0,0,0,0,2,0,0,0,0.0,0x00,0,0,0,0,64.0,64196.0,0,0,0,58,eth:ethertype:ip:tcp:mqtt,,,,,,,,,,,0.0,Normal,0.0
1744319904733357,10.42.0.1,10.42.0.149,1883,64846,5,228,0,1,0,0,0,0,0,0,0,0,0,0.0,0,,0,0,,0,0,0,0,0,0,0,0,0.0,0,0,0,0,0,64.0,64013.0,0,0,0,54,eth:ethertype:ip:tcp,,,,,,,,,,,0.0,Normal,0.0
1744319904733392,10.42.0.1,10.42.0.149,1883,64846,5,228,0,1,1,0,0,0,0,0,0,0,0,0.0,0,,0,0,,0,0,0,0,0,0,0,0,0.0,0,0,0,0,0,64.0,64013.0,0,0,0,54,eth:ethertype:ip:tcp,,,,,,,,,,,0.0,Normal,0.0
1744319919680937,10.42.0.1,10.42.0.3,1883,64846,0,1,1,1,0,0,0,0,0,0,0,0,0,0.0,0,,0,0,,0,0,0,0,0,0,0,0,0.0,0,0,0,0,0,64.0,64240.0,0,0,0,58,eth:ethertype:ip:tcp,,,,,,,,,,,0.0,Normal,0.0
1744319919688463,10.42.0.1,10.42.0.3,1883,64846,1,4,0,1,0,0,0,0,0,0,0,0,0,0.0,0,,0,0,,0,0,0,0,0,0,0,0,0.0,0,0,0,0,0,64.0,64237.0,0,0,0,54,eth:ethertype:ip:tcp,,,,,,,,,,,0.0,Normal,0.0
1744319919693154,10.42.0.1,10.42.0.3,1883,64846,1,45,0,1,0,0,0,0,0,0,0,0,0,0.0,0,,0,0,,0,0,0,0,0,0,0,0,0.0,0,0,0,0,0,64.0,64196.0,0,0,0,54,eth:ethertype:ip:tcp,,,,,,,,,,,0.0,Normal,0.0
1744319919693477,10.42.0.1,10.42.0.3,1883,64846,1,45,0,1,0,0,1,0,4,0,0,0,0,0.0,0,,0,2,,0,0,0,0,2,0,0,0,0.0,0x00,0,0,0,0,64.0,64196.0,0,0,0,58,eth:ethertype:ip:tcp:mqtt,,,,,,,,,,,0.0,Normal,0.0
1744319919733357,10.42.0.1,10.42.0.3,1883,64846,5,228,0,1,0,0,0,0,0,0,0,0,0,0.0,0,,0,0,,0,0,0,0,0,0,0,0,0.0,0,0,0,0,0,64.0,64013.0,0,0,0,54,eth:ethertype:ip:tcp,,,,,,,,,,,0.0,Normal,0.0
1744319919733392,10.42.0.1,10.42.0.3,1883,64846,5,228,0,1,1,0,0,0,0,0,0,0,0,0.0,0,,0,0,,0,0,0,0,0,0,0,0,0.0,0,0,0,0,0,64.0,64013.0,0,0,0,54,eth:ethertype:ip:tcp,,,,,,,,,,,0.0,Normal,0.0
1744319934740555,10.42.0.1,10.42.0.149,1883,64847,0,1,1,1,0,0,0,0,0,0,0,0,0,0.0,0,,0,0,,0,0,0,0,0,0,0,0,0.0,0,0,0,0,0,64.0,64240.0,0,0,0,58,eth:ethertype:ip:tcp,,,,,,,,,,,0.0,Normal,0.0
1744319934746584,10.42.0.1,10.42.0.149,1883,64847,1,4,0,1,0,0,0,0,0,0,0,0,0,0.0,0,,0,0,,0,0,0,0,0,0,0,0,0.0,0,0,0,0,0,64.0,64237.0,0,0,0,54,eth:ethertype:ip:tcp,,,,,,,,,,,0.0,Normal,0.0
1744319934750038,10.42.0.1,10.42.0.149,1883,64847,1,33,0,1,0,0,0,0,0,0,0,0,0,0.0,0,,0,0,,0,0,0,0,0,0,0,0,0.0,0,0,0,0,0,64.0,64208.0,0,0,0,54,eth:ethertype:ip:tcp,,,,,,,,,,,0.0,Normal,0.0
1744319934753079,10.42.0.1,10.42.0.149,1883,64847,1,45,0,1,0,0,0,0,0,0,0,0,0,0.0,0,,0,0,,0,0,0,0,0,0,0,0,0.0,0,0,0,0,0,64.0,64196.0,0,0,0,54,eth:ethertype:ip:tcp,,,,,,,,,,,0.0,Normal,0.0
1744319934753462,10.42.0.1,10.42.0.149,1883,64847,1,45,0,1,0,0,1,0,4,0,0,0,0,0.0,0,,0,2,,0,0,0,0,2,0,0,0,0.0,0x00,0,0,0,0,64.0,64196.0,0,0,0,58,eth:ethertype:ip:tcp:mqtt,,,,,,,,,,,0.0,Normal,0.0
1744319934791704,10.42.0.1,10.42.0.149,1883,64847,5,228,0,1,0,0,0,0,0,0,0,0,0,0.0,0,,0,0,,0,0,0,0,0,0,0,0,0.0,0,0,0,0,0,64.0,64013.0,0,0,0,54,eth:ethertype:ip:tcp,,,,,,,,,,,0.0,Normal,0.0
1744319934791739,10.42.0.1,10.42.0.149,1883,64847,5,228,0,1,1,0,0,0,0,0,0,0,0,0.0,0,,0,0,,0,0,0,0,0,0,0,0,0.0,0,0,0,0,0,64.0,64013.0,0,0,0,54,eth:ethertype:ip:tcp,,,,,,,,,,,0.0,Normal,0.0
1744319949740555,10.42.0.1,10.42.0.3,1883,64847,0,1,1,1,0,0,0,0,0,0,0,0,0,0.0,0,,0,0,,0,0,0,0,0,0,0,0,0.0,0,0,0,0,0,64.0,64240.0,0,0,0,58,eth:ethertype:ip:tcp,,,,,,,,,,,0.0,Normal,0.0
1744319949746584,10.42.0.1,10.42.0.3,1883,64847,1,4,0,1,0,0,0,0,0,0,0,0,0,0.0,0,,0,0,,0,0,0,0,0,0,0,0,0.0,0,0,0,0,0,64.0,64237.0,0,0,0,54,eth:ethertype:ip:tcp,,,,,,,,,,,0.0,Normal,0.0
1744319949750038,10.42.0.1,10.42.0.3,1883,64847,1,33,0,1,0,0,0,0,0,0,0,0,0,0.0,0,,0,0,,0,0,0,0,0,0,0,0,0.0,0,0,0,0,0,64.0,64208.0,0,0,0,54,eth:ethertype:ip:tcp,,,,,,,,,,,0.0,Normal,0.0
1744319949753079,10.42.0.1,10.42.0.3,1883,64847,1,45,0,1,0,0,0,0,0,0,0,0,0,0.0,0,,0,0,,0,0,0,0,0,0,0,0,0.0,0,0,0,0,0,64.0,64196.0,0,0,0,54,eth:ethertype:ip:tcp,,,,,,,,,,,0.0,Normal,0.0
1744319949753462,10.42.0.1,10.42.0.3,1883,64847,1,45,0,1,0,0,1,0,4,0,0,0,0,0.0,0,,0,2,,0,0,0,0,2,0,0,0,0.0,0x00,0,0,0,0,64.0,64196.0,0,0,0,58,eth:ethertype:ip:tcp:mqtt,,,,,,,,,,,0.0,Normal,0.0
1744319949791704,10.42.0.1,10.42.0.3,1883,64847,5,228,0,1,0,0,0,0,0,0,0,0,0,0.0,0,,0,0,,0,0,0,0,0,0,0,0,0.0,0,0,0,0,0,64.0,64013.0,0,0,0,54,eth:ethertype:ip:tcp,,,,,,,,,,,0.0,Normal,0.0
1744319949791739,10.42.0.1,10.42.0.3,1883,64847,5,228,0,1,1,0,0,0,0,0,0,0,0,0.0,0,,0,0,,0,0,0,0,0,0,0,0,0.0,0,0,0,0,0,64.0,64013.0,0,0,0,54,eth:ethertype:ip:tcp,,,,,,,,,,,0.0,Normal,0.0
1744319964801634,10.42.0.1,10.42.0.149,1883,64848,0,1,1,1,0,0,0,0,0,0,0,0,0,0.0,0,,0,0,,0,0,0,0,0,0,0,0,0.0,0,0,0,0,0,64.0,64240.0,0,0,0,58,eth:ethertype:ip:tcp,,,,,,,,,,,0.0,Normal,0.0
1744319964807655,10.42.0.1,10.42.0.149,1883,64848,1,4,0,1,0,0,0,0,0,0,0,0,0,0.0,0,,0,0,,0,0,0,0,0,0,0,0,0.0,0,0,0,0,0,64.0,64237.0,0,0,0,54,eth:ethertype:ip:tcp,,,,,,,,,,,0.0,Normal,0.0
1744319964811137,10.42.0.1,10.42.0.149,1883,64848,1,33,0,1,0,0,0,0,0,0,0,0,0,0.0,0,,0,0,,0,0,0,0,0,0,0,0,0.0,0,0,0,0,0,64.0,64208.0,0,0,0,54,eth:ethertype:ip:tcp,,,,,,,,,,,0.0,Normal,0.0
1744319964814236,10.42.0.1,10.42.0.149,1883,64848,1,45,0,1,0,0,0,0,0,0,0,0,0,0.0,0,,0,0,,0,0,0,0,0,0,0,0,0.0,0,0,0,0,0,64.0,64196.0,0,0,0,54,eth:ethertype:ip:tcp,,,,,,,,,,,0.0,Normal,0.0
1744319964814641,10.42.0.1,10.42.0.149,1883,64848,1,45,0,1,0,0,1,0,4,0,0,0,0,0.0,0,,0,2,,0,0,0,0,2,0,0,0,0.0,0x00,0,0,0,0,64.0,64196.0,0,0,0,58,eth:ethertype:ip:tcp:mqtt,,,,,,,,,,,0.0,Normal,0.0
1744319964861940,10.42.0.1,10.42.0.149,1883,64848,5,228,0,1,0,0,0,0,0,0,0,0,0,0.0,0,,0,0,,0,0,0,0,0,0,0,0,0.0,0,0,0,0,0,64.0,64013.0,0,0,0,54,eth:ethertype:ip:tcp,,,,,,,,,,,0.0,Normal,0.0
1744319964862036,10.42.0.1,10.42.0.149,1883,64848,5,228,0,1,1,0,0,0,0,0,0,0,0,0.0,0,,0,0,,0,0,0,0,0,0,0,0,0.0,0,0,0,0,0,64.0,64013.0,0,0,0,54,eth:ethertype:ip:tcp,,,,,,,,,,,0.0,Normal,0.0
1744319979801634,10.42.0.1,10.42.0.3,1883,64848,0,1,1,1,0,0,0,0,0,0,0,0,0,0.0,0,,0,0,,0,0,0,0,0,0,0,0,0.0,0,0,0,0,0,64.0,64240.0,0,0,0,58,eth:ethertype:ip:tcp,,,,,,,,,,,0.0,Normal,0.0
1744319979807655,10.42.0.1,10.42.0.3,1883,64848,1,4,0,1,0,0,0,0,0,0,0,0,0,0.0,0,,0,0,,0,0,0,0,0,0,0,0,0.0,0,0,0,0,0,64.0,64237.0,0,0,0,54,eth:ethertype:ip:tcp,,,,,,,,,,,0.0,Normal,0.0
1744319979811137,10.42.0.1,10.42.0.3,1883,64848,1,33,0,1,0,0,0,0,0,0,0,0,0,0.0,0,,0,0,,0,0,0,0,0,0,0,0,0.0,0,0,0,0,0,64.0,64208.0,0,0,0,54,eth:ethertype:ip:tcp,,,,,,,,,,,0.0,Normal,0.0
1744319979814236,10.42.0.1,10.42.0.3,1883,64848,1,45,0,1,0,0,0,0,0,0,0,0,0,0.0,0,,0,0,,0,0,0,0,0,0,0,0,0.0,0,0,0,0,0,64.0,64196.0,0,0,0,54,eth:ethertype:ip:tcp,,,,,,,,,,,0.0,Normal,0.0
1744319979814641,10.42.0.1,10.42.0.3,1883,64848,1,45,0,1,0,0,1,0,4,0,0,0,0,0.0,0,,0,2,,0,0,0,0,2,0,0,0,0.0,0x00,0,0,0,0,64.0,64196.0,0,0,0,58,eth:ethertype:ip:tcp:mqtt,,,,,,,,,,,0.0,Normal,0.0
1744319979861940,10.42.0.1,10.42.0.3,1883,64848,5,228,0,1,0,0,0,0,0,0,0,0,0,0.0,0,,0,0,,0,0,0,0,0,0,0,0,0.0,0,0,0,0,0,64.0,64013.0,0,0,0,54,eth:ethertype:ip:tcp,,,,,,,,,,,0.0,Normal,0.0
1744319979862036,10.42.0.1,10.42.0.3,1883,64848,5,228,0,1,1,0,0,0,0,0,0,0,0,0.0,0,,0,0,,0,0,0,0,0,0,0,0,0.0,0,0,0,0,0,64.0,64013.0,0,0,0,54,eth:ethertype:ip:tcp,,,,,,,,,,,0.0,Normal,0.0
1744319994858514,10.42.0.1,10.42.0.149,1883,64849,0,1,1,1,0,0,0,0,0,0,0,0,0,0.0,0,,0,0,,0,0,0,0,0,0,0,0,0.0,0,0,0,0,0,64.0,64240.0,0,0,0,58,eth:ethertype:ip:tcp,,,,,,,,,,,0.0,Normal,0.0
1744319994864362,10.42.0.1,10.42.0.149,1883,64849,1,4,0,1,0,0,0,0,0,0,0,0,0,0.0,0,,0,0,,0,0,0,0,0,0,0,0,0.0,0,0,0,0,0,64.0,64237.0,0,0,0,54,eth:ethertype:ip:tcp,,,,,,,,,,,0.0,Normal,0.0
1744319994867860,10.42.0.1,10.42.0.149,1883,64849,1,33,0,1,0,0,0,0,0,0,0,0,0,0.0,0,,0,0,,0,0,0,0,0,0,0,0,0.0,0,0,0,0,0,64.0,64208.0,0,0,0,54,eth:ethertype:ip:tcp,,,,,,,,,,,0.0,Normal,0.0
1744319994870916,10.42.0.1,10.42.0.149,1883,64849,1,45,0,1,0,0,0,0,0,0,0,0,0,0.0,0,,0,0,,0,0,0,0,0,0,0,0,0.0,0,0,0,0,0,64.0,64196.0,0,0,0,54,eth:ethertype:ip:tcp,,,,,,,,,,,0.0,Normal,0.0
1744319994871316,10.42.0.1,10.42.0.149,1883,64849,1,45,0,1,0,0,1,0,4,0,0,0,0,0.0,0,,0,2,,0,0,0,0,2,0,0,0,0.0,0x00,0,0,0,0,64.0,64196.0,0,0,0,58,eth:ethertype:ip:tcp:mqtt,,,,,,,,,,,0.0,Normal,0.0
1744319994933724,10.42.0.1,10.42.0.149,1883,64849,5,228,0,1,0,0,0,0,0,0,0,0,0,0.0,0,,0,0,,0,0,0,0,0,0,0,0,0.0,0,0,0,0,0,64.0,64013.0,0,0,0,54,eth:ethertype:ip:tcp,,,,,,,,,,,0.0,Normal,0.0
1744319994934008,10.42.0.1,10.42.0.149,1883,64849,5,228,0,1,1,0,0,0,0,0,0,0,0,0.0,0,,0,0,,0,0,0,0,0,0,0,0,0.0,0,0,0,0,0,64.0,64013.0,0,0,0,54,eth:ethertype:ip:tcp,,,,,,,,,,,0.0,Normal,0.0
1744320009858514,10.42.0.1,10.42.0.3,1883,64849,0,1,1,1,0,0,0,0,0,0,0,0,0,0.0,0,,0,0,,0,0,0,0,0,0,0,0,0.0,0,0,0,0,0,64.0,64240.0,0,0,0,58,eth:ethertype:ip:tcp,,,,,,,,,,,0.0,Normal,0.0
1744320009864362,10.42.0.1,10.42.0.3,1883,64849,1,4,0,1,0,0,0,0,0,0,0,0,0,0.0,0,,0,0,,0,0,0,0,0,0,0,0,0.0,0,0,0,0,0,64.0,64237.0,0,0,0,54,eth:ethertype:ip:tcp,,,,,,,,,,,0.0,Normal,0.0
1744320009867860,10.42.0.1,10.42.0.3,1883,64849,1,33,0,1,0,0,0,0,0,0,0,0,0,0.0,0,,0,0,,0,0,0,0,0,0,0,0,0.0,0,0,0,0,0,64.0,64208.0,0,0,0,54,eth:ethertype:ip:tcp,,,,,,,,,,,0.0,Normal,0.0
1744320009870916,10.42.0.1,10.42.0.3,1883,64849,1,45,0,1,0,0,0,0,0,0,0,0,0,0.0,0,,0,0,,0,0,0,0,0,0,0,0,0.0,0,0,0,0,0,64.0,64196.0,0,0,0,54,eth:ethertype:ip:tcp,,,,,,,,,,,0.0,Normal,0.0
1744320009871316,10.42.0.1,10.42.0.3,1883,64849,1,45,0,1,0,0,1,0,4,0,0,0,0,0.0,0,,0,2,,0,0,0,0,2,0,0,0,0.0,0x00,0,0,0,0,64.0,64196.0,0,0,0,58,eth:ethertype:ip:tcp:mqtt,,,,,,,,,,,0.0,Normal,0.0
1744320009933724,10.42.0.1,10.42.0.3,1883,64849,5,228,0,1,0,0,0,0,0,0,0,0,0,0.0,0,,0,0,,0,0,0,0,0,0,0,0,0.0,0,0,0,0,0,64.0,64013.0,0,0,0,54,eth:ethertype:ip:tcp,,,,,,,,,,,0.0,Normal,0.0
1744320009934008,10.42.0.1,10.42.0.3,1883,64849,5,228,0,1,1,0,0,0,0,0,0,0,0,0.0,0,,0,0,,0,0,0,0,0,0,0,0,0.0,0,0,0,0,0,64.0,64013.0,0,0,0,54,eth:ethertype:ip:tcp,,,,,,,,,,,0.0,Normal,0.0
1744320024918685,10.42.0.1,10.42.0.149,1883,64850,0,1,1,1,0,0,0,0,0,0,0,0,0,0.0,0,,0,0,,0,0,0,0,0,0,0,0,0.0,0,0,0,0,0,64.0,64240.0,0,0,0,58,eth:ethertype:ip:tcp,,,,,,,,,,,0.0,Normal,0.0
1744320024925021,10.42.0.1,10.42.0.149,1883,64850,1,4,0,1,0,0,0,0,0,0,0,0,0,0.0,0,,0,0,,0,0,0,0,0,0,0,0,0.0,0,0,0,0,0,64.0,64237.0,0,0,0,54,eth:ethertype:ip:tcp,,,,,,,,,,,0.0,Normal,0.0
1744320024928505,10.42.0.1,10.42.0.149,1883,64850,1,33,0,1,0,0,0,0,0,0,0,0,0,0.0,0,,0,0,,0,0,0,0,0,0,0,0,0.0,0,0,0,0,0,64.0,64208.0,0,0,0,54,eth:ethertype:ip:tcp,,,,,,,,,,,0.0,Normal,0.0
1744320024932234,10.42.0.1,10.42.0.149,1883,64850,1,45,0,1,0,0,0,0,0,0,0,0,0,0.0,0,,0,0,,0,0,0,0,0,0,0,0,0.0,0,0,0,0,0,64.0,64196.0,0,0,0,54,eth:ethertype:ip:tcp,,,,,,,,,,,0.0,Normal,0.0
1744320024932564,10.42.0.1,10.42.0.149,1883,64850,1,45,0,1,0,0,1,0,4,0,0,0,0,0.0,0,,0,2,,0,0,0,0,2,0,0,0,0.0,0x00,0,0,0,0,64.0,64196.0,0,0,0,58,eth:ethertype:ip:tcp:mqtt,,,,,,,,,,,0.0,Normal,0.0
1744320024973340,10.42.0.1,10.42.0.149,1883,64850,5,229,0,1,0,0,0,0,0,0,0,0,0,0.0,0,,0,0,,0,0,0,0,0,0,0,0,0.0,0,0,0,0,0,64.0,64012.0,0,0,0,54,eth:ethertype:ip:tcp,,,,,,,,,,,0.0,Normal,0.0
1744320024973373,10.42.0.1,10.42.0.149,1883,64850,5,229,0,1,1,0,0,0,0,0,0,0,0,0.0,0,,0,0,,0,0,0,0,0,0,0,0,0.0,0,0,0,0,0,64.0,64012.0,0,0,0,54,eth:ethertype:ip:tcp,,,,,,,,,,,0.0,Normal,0.0
1744320039918685,10.42.0.1,10.42.0.3,1883,64850,0,1,1,1,0,0,0,0,0,0,0,0,0,0.0,0,,0,0,,0,0,0,0,0,0,0,0,0.0,0,0,0,0,0,64.0,64240.0,0,0,0,58,eth:ethertype:ip:tcp,,,,,,,,,,,0.0,Normal,0.0
1744320039925021,10.42.0.1,10.42.0.3,1883,64850,1,4,0,1,0,0,0,0,0,0,0,0,0,0.0,0,,0,0,,0,0,0,0,0,0,0,0,0.0,0,0,0,0,0,64.0,64237.0,0,0,0,54,eth:ethertype:ip:tcp,,,,,,,,,,,0.0,Normal,0.0
1744320039928505,10.42.0.1,10.42.0.3,1883,64850,1,33,0,1,0,0,0,0,0,0,0,0,0,0.0,0,,0,0,,0,0,0,0,0,0,0,0,0.0,0,0,0,0,0,64.0,64208.0,0,0,0,54,eth:ethertype:ip:tcp,,,,,,,,,,,0.0,Normal,0.0
1744320039932234,10.42.0.1,10.42.0.3,1883,64850,1,45,0,1,0,0,0,0,0,0,0,0,0,0.0,0,,0,0,,0,0,0,0,0,0,0,0,0.0,0,0,0,0,0,64.0,64196.0,0,0,0,54,eth:ethertype:ip:tcp,,,,,,,,,,,0.0,Normal,0.0
1744320039932564,10.42.0.1,10.42.0.3,1883,64850,1,45,0,1,0,0,1,0,4,0,0,0,0,0.0,0,,0,2,,0,0,0,0,2,0,0,0,0.0,0x00,0,0,0,0,64.0,64196.0,0,0,0,58,eth:ethertype:ip:tcp:mqtt,,,,,,,,,,,0.0,Normal,0.0
1744320039973340,10.42.0.1,10.42.0.3,1883,64850,5,229,0,1,0,0,0,0,0,0,0,0,0,0.0,0,,0,0,,0,0,0,0,0,0,0,0,0.0,0,0,0,0,0,64.0,64012.0,0,0,0,54,eth:ethertype:ip:tcp,,,,,,,,,,,0.0,Normal,0.0
1744320039973373,10.42.0.1,10.42.0.3,1883,64850,5,229,0,1,1,0,0,0,0,0,0,0,0,0.0,0,,0,0,,0,0,0,0,0,0,0,0,0.0,0,0,0,0,0,64.0,64012.0,0,0,0,54,eth:ethertype:ip:tcp,,,,,,,,,,,0.0,Normal,0.0
1744320054977920,10.42.0.1,10.42.0.149,1883,64851,0,1,1,1,0,0,0,0,0,0,0,0,0,0.0,0,,0,0,,0,0,0,0,0,0,0,0,0.0,0,0,0,0,0,64.0,64240.0,0,0,0,58,eth:ethertype:ip:tcp,,,,,,,,,,,0.0,Normal,0.0
1744320054984242,10.42.0.1,10.42.0.149,1883,64851,1,4,0,1,0,0,0,0,0,0,0,0,0,0.0,0,,0,0,,0,0,0,0,0,0,0,0,0.0,0,0,0,0,0,64.0,64237.0,0,0,0,54,eth:ethertype:ip:tcp,,,,,,,,,,,0.0,Normal,0.0
1744320054988180,10.42.0.1,10.42.0.149,1883,64851,1,33,0,1,0,0,0,0,0,0,0,0,0,0.0,0,,0,0,,0,0,0,0,0,0,0,0,0.0,0,0,0,0,0,64.0,64208.0,0,0,0,54,eth:ethertype:ip:tcp,,,,,,,,,,,0.0,Normal,0.0
1744320054991222,10.42.0.1,10.42.0.149,1883,64851,1,45,0,1,0,0,0,0,0,0,0,0,0,0.0,0,,0,0,,0,0,0,0,0,0,0,0,0.0,0,0,0,0,0,64.0,64196.0,0,0,0,54,eth:ethertype:ip:tcp,,,,,,,,,,,0.0,Normal,0.0
1744320054991539,10.42.0.1,10.42.0.149,1883,64851,1,45,0,1,0,0,1,0,4,0,0,0,0,0.0,0,,0,2,,0,0,0,0,2,0,0,0,0.0,0x00,0,0,0,0,64.0,64196.0,0,0,0,58,eth:ethertype:ip:tcp:mqtt,,,,,,,,,,,0.0,Normal,0.0
1744320055028975,10.42.0.1,10.42.0.149,1883,64851,5,229,0,1,0,0,0,0,0,0,0,0,0,0.0,0,,0,0,,0,0,0,0,0,0,0,0,0.0,0,0,0,0,0,64.0,64012.0,0,0,0,54,eth:ethertype:ip:tcp,,,,,,,,,,,0.0,Normal,0.0
1744320055029005,10.42.0.1,10.42.0.149,1883,64851,5,229,0,1,1,0,0,0,0,0,0,0,0,0.0,0,,0,0,,0,0,0,0,0,0,0,0,0.0,0,0,0,0,0,64.0,64012.0,0,0,0,54,eth:ethertype:ip:tcp,,,,,,,,,,,0.0,Normal,0.0
1744320069977920,10.42.0.1,10.42.0.3,1883,64851,0,1,1,1,0,0,0,0,0,0,0,0,0,0.0,0,,0,0,,0,0,0,0,0,0,0,0,0.0,0,0,0,0,0,64.0,64240.0,0,0,0,58,eth:ethertype:ip:tcp,,,,,,,,,,,0.0,Normal,0.0
1744320069984242,10.42.0.1,10.42.0.3,1883,64851,1,4,0,1,0,0,0,0,0,0,0,0,0,0.0,0,,0,0,,0,0,0,0,0,0,0,0,0.0,0,0,0,0,0,64.0,64237.0,0,0,0,54,eth:ethertype:ip:tcp,,,,,,,,,,,0.0,Normal,0.0
1744320069988180,10.42.0.1,10.42.0.3,1883,64851,1,33,0,1,0,0,0,0,0,0,0,0,0,0.0,0,,0,0,,0,0,0,0,0,0,0,0,0.0,0,0,0,0,0,64.0,64208.0,0,0,0,54,eth:ethertype:ip:tcp,,,,,,,,,,,0.0,Normal,0.0
1744320069991222,10.42.0.1,10.42.0.3,1883,64851,1,45,0,1,0,0,0,0,0,0,0,0,0,0.0,0,,0,0,,0,0,0,0,0,0,0,0,0.0,0,0,0,0,0,64.0,64196.0,0,0,0,54,eth:ethertype:ip:tcp,,,,,,,,,,,0.0,Normal,0.0
1744320069991539,10.42.0.1,10.42.0.3,1883,64851,1,45,0,1,0,0,1,0,4,0,0,0,0,0.0,0,,0,2,,0,0,0,0,2,0,0,0,0.0,0x00,0,0,0,0,64.0,64196.0,0,0,0,58,eth:ethertype:ip:tcp:mqtt,,,,,,,,,,,0.0,Normal,0.0
1744320070028975,10.42.0.1,10.42.0.3,1883,64851,5,229,0,1,0,0,0,0,0,0,0,0,0,0.0,0,,0,0,,0,0,0,0,0,0,0,0,0.0,0,0,0,0,0,64.0,64012.0,0,0,0,54,eth:ethertype:ip:tcp,,,,,,,,,,,0.0,Normal,0.0
1744320070029005,10.42.0.1,10.42.0.3,1883,64851,5,229,0,1,1,0,0,0,0,0,0,0,0,0.0,0,,0,0,,0,0,0,0,0,0,0,0,0.0,0,0,0,0,0,64.0,64012.0,0,0,0,54,eth:ethertype:ip:tcp,,,,,,,,,,,0.0,Normal,0.0
1744320085038373,10.42.0.1,10.42.0.149,1883,64852,0,1,1,1,0,0,0,0,0,0,0,0,0,0.0,0,,0,0,,0,0,0,0,0,0,0,0,0.0,0,0,0,0,0,64.0,64240.0,0,0,0,58,eth:ethertype:ip:tcp,,,,,,,,,,,0.0,Normal,0.0
1744320085044341,10.42.0.1,10.42.0.149,1883,64852,1,4,0,1,0,0,0,0,0,0,0,0,0,0.0,0,,0,0,,0,0,0,0,0,0,0,0,0.0,0,0,0,0,0,64.0,64237.0,0,0,0,54,eth:ethertype:ip:tcp,,,,,,,,,,,0.0,Normal,0.0
1744320085048080,10.42.0.1,10.42.0.149,1883,64852,1,35,0,1,0,0,0,0,0,0,0,0,0,0.0,0,,0,0,,0,0,0,0,0,0,0,0,0.0,0,0,0,0,0,64.0,64206.0,0,0,0,54,eth:ethertype:ip:tcp,,,,,,,,,,,0.0,Normal,0.0
1744320085051185,10.42.0.1,10.42.0.149,1883,64852,1,45,0,1,0,0,0,0,0,0,0,0,0,0.0,0,,0,0,,0,0,0,0,0,0,0,0,0.0,0,0,0,0,0,64.0,64196.0,0,0,0,54,eth:ethertype:ip:tcp,,,,,,,,,,,0.0,Normal,0.0
1744320085051530,10.42.0.1,10.42.0.149,1883,64852,1,45,0,1,0,0,1,0,4,0,0,0,0,0.0,0,,0,2,,0,0,0,0,2,0,0,0,0.0,0x00,0,0,0,0,64.0,64196.0,0,0,0,58,eth:ethertype:ip:tcp:mqtt,,,,,,,,,,,0.0,Normal,0.0
1744320085088242,10.42.0.1,10.42.0.149,1883,64852,5,229,0,1,0,0,0,0,0,0,0,0,0,0.0,0,,0,0,,0,0,0,0,0,0,0,0,0.0,0,0,0,0,0,64.0,64012.0,0,0,0,54,eth:ethertype:ip:tcp,,,,,,,,,,,0.0,Normal,0.0
1744320085088278,10.42.0.1,10.42.0.149,1883,64852,5,229,0,1,1,0,0,0,0,0,0,0,0,0.0,0,,0,0,,0,0,0,0,0,0,0,0,0.0,0,0,0,0,0,64.0,64012.0,0,0,0,54,eth:ethertype:ip:tcp,,,,,,,,,,,0.0,Normal,0.0
1744320100038373,10.42.0.1,10.42.0.3,1883,64852,0,1,1,1,0,0,0,0,0,0,0,0,0,0.0,0,,0,0,,0,0,0,0,0,0,0,0,0.0,0,0,0,0,0,64.0,64240.0,0,0,0,58,eth:ethertype:ip:tcp,,,,,,,,,,,0.0,Normal,0.0
1744320100044341,10.42.0.1,10.42.0.3,1883,64852,1,4,0,1,0,0,0,0,0,0,0,0,0,0.0,0,,0,0,,0,0,0,0,0,0,0,0,0.0,0,0,0,0,0,64.0,64237.0,0,0,0,54,eth:ethertype:ip:tcp,,,,,,,,,,,0.0,Normal,0.0
1744320100048080,10.42.0.1,10.42.0.3,1883,64852,1,35,0,1,0,0,0,0,0,0,0,0,0,0.0,0,,0,0,,0,0,0,0,0,0,0,0,0.0,0,0,0,0,0,64.0,64206.0,0,0,0,54,eth:ethertype:ip:tcp,,,,,,,,,,,0.0,Normal,0.0
1744320100051185,10.42.0.1,10.42.0.3,1883,64852,1,45,0,1,0,0,0,0,0,0,0,0,0,0.0,0,,0,0,,0,0,0,0,0,0,0,0,0.0,0,0,0,0,0,64.0,64196.0,0,0,0,54,eth:ethertype:ip:tcp,,,,,,,,,,,0.0,Normal,0.0
1744320100051530,10.42.0.1,10.42.0.3,1883,64852,1,45,0,1,0,0,1,0,4,0,0,0,0,0.0,0,,0,2,,0,0,0,0,2,0,0,0,0.0,0x00,0,0,0,0,64.0,64196.0,0,0,0,58,eth:ethertype:ip:tcp:mqtt,,,,,,,,,,,0.0,Normal,0.0
1744320100088242,10.42.0.1,10.42.0.3,1883,64852,5,229,0,1,0,0,0,0,0,0,0,0,0,0.0,0,,0,0,,0,0,0,0,0,0,0,0,0.0,0,0,0,0,0,64.0,64012.0,0,0,0,54,eth:ethertype:ip:tcp,,,,,,,,,,,0.0,Normal,0.0
1744320100088278,10.42.0.1,10.42.0.3,1883,64852,5,229,0,1,1,0,0,0,0,0,0,0,0,0.0,0,,0,0,,0,0,0,0,0,0,0,0,0.0,0,0,0,0,0,64.0,64012.0,0,0,0,54,eth:ethertype:ip:tcp,,,,,,,,,,,0.0,Normal,0.0
1744320115101621,10.42.0.1,10.42.0.149,1883,64853,0,1,1,1,0,0,0,0,0,0,0,0,0,0.0,0,,0,0,,0,0,0,0,0,0,0,0,0.0,0,0,0,0,0,64.0,64240.0,0,0,0,58,eth:ethertype:ip:tcp,,,,,,,,,,,0.0,Normal,0.0
1744320115108429,10.42.0.1,10.42.0.149,1883,64853,1,4,0,1,0,0,0,0,0,0,0,0,0,0.0,0,,0,0,,0,0,0,0,0,0,0,0,0.0,0,0,0,0,0,64.0,64237.0,0,0,0,54,eth:ethertype:ip:tcp,,,,,,,,,,,0.0,Normal,0.0
1744320115113808,10.42.0.1,10.42.0.149,1883,64853,1,45,0,1,0,0,0,0,0,0,0,0,0,0.0,0,,0,0,,0,0,0,0,0,0,0,0,0.0,0,0,0,0,0,64.0,64196.0,0,0,0,54,eth:ethertype:ip:tcp,,,,,,,,,,,0.0,Normal,0.0
1744320115114109,10.42.0.1,10.42.0.149,1883,64853,1,45,0,1,0,0,1,0,4,0,0,0,0,0.0,0,,0,2,,0,0,0,0,2,0,0,0,0.0,0x00,0,0,0,0,64.0,64196.0,0,0,0,58,eth:ethertype:ip:tcp:mqtt,,,,,,,,,,,0.0,Normal,0.0
1744320115151942,10.42.0.1,10.42.0.149,1883,64853,5,229,0,1,0,0,0,0,0,0,0,0,0,0.0,0,,0,0,,0,0,0,0,0,0,0,0,0.0,0,0,0,0,0,64.0,64012.0,0,0,0,54,eth:ethertype:ip:tcp,,,,,,,,,,,0.0,Normal,0.0
1744320115151995,10.42.0.1,10.42.0.149,1883,64853,5,229,0,1,1,0,0,0,0,0,0,0,0,0.0,0,,0,0,,0,0,0,0,0,0,0,0,0.0,0,0,0,0,0,64.0,64012.0,0,0,0,54,eth:ethertype:ip:tcp,,,,,,,,,,,0.0,Normal,0.0
1744320130101621,10.42.0.1,10.42.0.3,1883,64853,0,1,1,1,0,0,0,0,0,0,0,0,0,0.0,0,,0,0,,0,0,0,0,0,0,0,0,0.0,0,0,0,0,0,64.0,64240.0,0,0,0,58,eth:ethertype:ip:tcp,,,,,,,,,,,0.0,Normal,0.0
1744320130108429,10.42.0.1,10.42.0.3,1883,64853,1,4,0,1,0,0,0,0,0,0,0,0,0,0.0,0,,0,0,,0,0,0,0,0,0,0,0,0.0,0,0,0,0,0,64.0,64237.0,0,0,0,54,eth:ethertype:ip:tcp,,,,,,,,,,,0.0,Normal,0.0
1744320130113808,10.42.0.1,10.42.0.3,1883,64853,1,45,0,1,0,0,0,0,0,0,0,0,0,0.0,0,,0,0,,0,0,0,0,0,0,0,0,0.0,0,0,0,0,0,64.0,64196.0,0,0,0,54,eth:ethertype:ip:tcp,,,,,,,,,,,0.0,Normal,0.0
1744320130114109,10.42.0.1,10.42.0.3,1883,64853,1,45,0,1,0,0,1,0,4,0,0,0,0,0.0,0,,0,2,,0,0,0,0,2,0,0,0,0.0,0x00,0,0,0,0,64.0,64196.0,0,0,0,58,eth:ethertype:ip:tcp:mqtt,,,,,,,,,,,0.0,Normal,0.0
1744320130151942,10.42.0.1,10.42.0.3,1883,64853,5,229,0,1,0,0,0,0,0,0,0,0,0,0.0,0,,0,0,,0,0,0,0,0,0,0,0,0.0,0,0,0,0,0,64.0,64012.0,0,0,0,54,eth:ethertype:ip:tcp,,,,,,,,,,,0.0,Normal,0.0
1744320130151995,10.42.0.1,10.42.0.3,1883,64853,5,229,0,1,1,0,0,0,0,0,0,0,0,0.0,0,,0,0,,0,0,0,0,0,0,0,0,0.0,0,0,0,0,0,64.0,64012.0,0,0,0,54,eth:ethertype:ip:tcp,,,,,,,,,,,0.0,Normal,0.0
1744320145164644,10.42.0.1,10.42.0.149,1883,64854,0,1,1,1,0,0,0,0,0,0,0,0,0,0.0,0,,0,0,,0,0,0,0,0,0,0,0,0.0,0,0,0,0,0,64.0,64240.0,0,0,0,58,eth:ethertype:ip:tcp,,,,,,,,,,,0.0,Normal,0.0
1744320145175416,10.42.0.1,10.42.0.149,1883,64854,1,4,0,1,0,0,0,0,0,0,0,0,0,0.0,0,,0,0,,0,0,0,0,0,0,0,0,0.0,0,0,0,0,0,64.0,64237.0,0,0,0,54,eth:ethertype:ip:tcp,,,,,,,,,,,0.0,Normal,0.0
1744320145178442,10.42.0.1,10.42.0.149,1883,64854,1,45,0,1,0,0,0,0,0,0,0,0,0,0.0,0,,0,0,,0,0,0,0,0,0,0,0,0.0,0,0,0,0,0,64.0,64196.0,0,0,0,54,eth:ethertype:ip:tcp,,,,,,,,,,,0.0,Normal,0.0
1744320145178696,10.42.0.1,10.42.0.149,1883,64854,1,45,0,1,0,0,1,0,4,0,0,0,0,0.0,0,,0,2,,0,0,0,0,2,0,0,0,0.0,0x00,0,0,0,0,64.0,64196.0,0,0,0,58,eth:ethertype:ip:tcp:mqtt,,,,,,,,,,,0.0,Normal,0.0
1744320145220667,10.42.0.1,10.42.0.149,1883,64854,5,229,0,1,0,0,0,0,0,0,0,0,0,0.0,0,,0,0,,0,0,0,0,0,0,0,0,0.0,0,0,0,0,0,64.0,64012.0,0,0,0,54,eth:ethertype:ip:tcp,,,,,,,,,,,0.0,Normal,0.0
1744320145220702,10.42.0.1,10.42.0.149,1883,64854,5,229,0,1,1,0,0,0,0,0,0,0,0,0.0,0,,0,0,,0,0,0,0,0,0,0,0,0.0,0,0,0,0,0,64.0,64012.0,0,0,0,54,eth:ethertype:ip:tcp,,,,,,,,,,,0.0,Normal,0.0
1744320160164644,10.42.0.1,10.42.0.3,1883,64854,0,1,1,1,0,0,0,0,0,0,0,0,0,0.0,0,,0,0,,0,0,0,0,0,0,0,0,0.0,0,0,0,0,0,64.0,64240.0,0,0,0,58,eth:ethertype:ip:tcp,,,,,,,,,,,0.0,Normal,0.0
1744320160175416,10.42.0.1,10.42.0.3,1883,64854,1,4,0,1,0,0,0,0,0,0,0,0,0,0.0,0,,0,0,,0,0,0,0,0,0,0,0,0.0,0,0,0,0,0,64.0,64237.0,0,0,0,54,eth:ethertype:ip:tcp,,,,,,,,,,,0.0,Normal,0.0
1744320160178442,10.42.0.1,10.42.0.3,1883,64854,1,45,0,1,0,0,0,0,0,0,0,0,0,0.0,0,,0,0,,0,0,0,0,0,0,0,0,0.0,0,0,0,0,0,64.0,64196.0,0,0,0,54,eth:ethertype:ip:tcp,,,,,,,,,,,0.0,Normal,0.0
1744320160178696,10.42.0.1,10.42.0.3,1883,64854,1,45,0,1,0,0,1,0,4,0,0,0,0,0.0,0,,0,2,,0,0,0,0,2,0,0,0,0.0,0x00,0,0,0,0,64.0,64196.0,0,0,0,58,eth:ethertype:ip:tcp:mqtt,,,,,,,,,,,0.0,Normal,0.0
1744320160220667,10.42.0.1,10.42.0.3,1883,64854,5,229,0,1,0,0,0,0,0,0,0,0,0,0.0,0,,0,0,,0,0,0,0,0,0,0,0,0.0,0,0,0,0,0,64.0,64012.0,0,0,0,54,eth:ethertype:ip:tcp,,,,,,,,,,,0.0,Normal,0.0
1744320160220702,10.42.0.1,10.42.0.3,1883,64854,5,229,0,1,1,0,0,0,0,0,0,0,0,0.0,0,,0,0,,0,0,0,0,0,0,0,0,0.0,0,0,0,0,0,64.0,64012.0,0,0,0,54,eth:ethertype:ip:tcp,,,,,,,,,,,0.0,Normal,0.0
1744320175226339,10.42.0.1,10.42.0.149,1883,64855,0,1,1,1,0,0,0,0,0,0,0,0,0,0.0,0,,0,0,,0,0,0,0,0,0,0,0,0.0,0,0,0,0,0,64.0,64240.0,0,0,0,58,eth:ethertype:ip:tcp,,,,,,,,,,,0.0,Normal,0.0
1744320175260611,10.42.0.1,10.42.0.149,1883,64855,1,4,0,1,0,0,0,0,0,0,0,0,0,0.0,0,,0,0,,0,0,0,0,0,0,0,0,0.0,0,0,0,0,0,64.0,64237.0,0,0,0,54,eth:ethertype:ip:tcp,,,,,,,,,,,0.0,Normal,0.0
1744320175294254,10.42.0.1,10.42.0.149,1883,64855,1,45,0,1,0,0,0,0,0,0,0,0,0,0.0,0,,0,0,,0,0,0,0,0,0,0,0,0.0,0,0,0,0,0,64.0,64196.0,0,0,0,54,eth:ethertype:ip:tcp,,,,,,,,,,,0.0,Normal,0.0
1744320175294567,10.42.0.1,10.42.0.149,1883,64855,1,45,0,1,0,0,1,0,4,0,0,0,0,0.0,0,,0,2,,0,0,0,0,2,0,0,0,0.0,0x00,0,0,0,0,64.0,64196.0,0,0,0,58,eth:ethertype:ip:tcp:mqtt,,,,,,,,,,,0.0,Normal,0.0
1744320175336725,10.42.0.1,10.42.0.149,1883,64855,5,229,0,1,0,0,0,0,0,0,0,0,0,0.0,0,,0,0,,0,0,0,0,0,0,0,0,0.0,0,0,0,0,0,64.0,64012.0,0,0,0,54,eth:ethertype:ip:tcp,,,,,,,,,,,0.0,Normal,0.0
1744320175336816,10.42.0.1,10.42.0.149,1883,64855,5,229,0,1,1,0,0,0,0,0,0,0,0,0.0,0,,0,0,,0,0,0,0,0,0,0,0,0.0,0,0,0,0,0,64.0,64012.0,0,0,0,54,eth:ethertype:ip:tcp,,,,,,,,,,,0.0,Normal,0.0
1744320190226339,10.42.0.1,10.42.0.3,1883,64855,0,1,1,1,0,0,0,0,0,0,0,0,0,0.0,0,,0,0,,0,0,0,0,0,0,0,0,0.0,0,0,0,0,0,64.0,64240.0,0,0,0,58,eth:ethertype:ip:tcp,,,,,,,,,,,0.0,Normal,0.0
1744320190260611,10.42.0.1,10.42.0.3,1883,64855,1,4,0,1,0,0,0,0,0,0,0,0,0,0.0,0,,0,0,,0,0,0,0,0,0,0,0,0.0,0,0,0,0,0,64.0,64237.0,0,0,0,54,eth:ethertype:ip:tcp,,,,,,,,,,,0.0,Normal,0.0
1744320190294254,10.42.0.1,10.42.0.3,1883,64855,1,45,0,1,0,0,0,0,0,0,0,0,0,0.0,0,,0,0,,0,0,0,0,0,0,0,0,0.0,0,0,0,0,0,64.0,64196.0,0,0,0,54,eth:ethertype:ip:tcp,,,,,,,,,,,0.0,Normal,0.0
1744320190294567,10.42.0.1,10.42.0.3,1883,64855,1,45,0,1,0,0,1,0,4,0,0,0,0,0.0,0,,0,2,,0,0,0,0,2,0,0,0,0.0,0x00,0,0,0,0,64.0,64196.0,0,0,0,58,eth:ethertype:ip:tcp:mqtt,,,,,,,,,,,0.0,Normal,0.0
1744320190336725,10.42.0.1,10.42.0.3,1883,64855,5,229,0,1,0,0,0,0,0,0,0,0,0,0.0,0,,0,0,,0,0,0,0,0,0,0,0,0.0,0,0,0,0,0,64.0,64012.0,0,0,0,54,eth:ethertype:ip:tcp,,,,,,,,,,,0.0,Normal,0.0
1744320190336816,10.42.0.1,10.42.0.3,1883,64855,5,229,0,1,1,0,0,0,0,0,0,0,0,0.0,0,,0,0,,0,0,0,0,0,0,0,0,0.0,0,0,0,0,0,64.0,64012.0,0,0,0,54,eth:ethertype:ip:tcp,,,,,,,,,,,0.0,Normal,0.0
1744320205345267,10.42.0.1,10.42.0.149,1883,64856,0,1,1,1,0,0,0,0,0,0,0,0,0,0.0,0,,0,0,,0,0,0,0,0,0,0,0,0.0,0,0,0,0,0,64.0,64240.0,0,0,0,58,eth:ethertype:ip:tcp,,,,,,,,,,,0.0,Normal,0.0
1744320205351525,10.42.0.1,10.42.0.149,1883,64856,1,4,0,1,0,0,0,0,0,0,0,0,0,0.0,0,,0,0,,0,0,0,0,0,0,0,0,0.0,0,0,0,0,0,64.0,64237.0,0,0,0,54,eth:ethertype:ip:tcp,,,,,,,,,,,0.0,Normal,0.0
1744320205355514,10.42.0.1,10.42.0.149,1883,64856,1,33,0,1,0,0,0,0,0,0,0,0,0,0.0,0,,0,0,,0,0,0,0,0,0,0,0,0.0,0,0,0,0,0,64.0,64208.0,0,0,0,54,eth:ethertype:ip:tcp,,,,,,,,,,,0.0,Normal,0.0
1744320205358554,10.42.0.1,10.42.0.149,1883,64856,1,45,0,1,0,0,0,0,0,0,0,0,0,0.0,0,,0,0,,0,0,0,0,0,0,0,0,0.0,0,0,0,0,0,64.0,64196.0,0,0,0,54,eth:ethertype:ip:tcp,,,,,,,,,,,0.0,Normal,0.0
1744320205358860,10.42.0.1,10.42.0.149,1883,64856,1,45,0,1,0,0,1,0,4,0,0,0,0,0.0,0,,0,2,,0,0,0,0,2,0,0,0,0.0,0x00,0,0,0,0,64.0,64196.0,0,0,0,58,eth:ethertype:ip:tcp:mqtt,,,,,,,,,,,0.0,Normal,0.0
1744320205395925,10.42.0.1,10.42.0.149,1883,64856,5,229,0,1,0,0,0,0,0,0,0,0,0,0.0,0,,0,0,,0,0,0,0,0,0,0,0,0.0,0,0,0,0,0,64.0,64012.0,0,0,0,54,eth:ethertype:ip:tcp,,,,,,,,,,,0.0,Normal,0.0
1744320205395955,10.42.0.1,10.42.0.149,1883,64856,5,229,0,1,1,0,0,0,0,0,0,0,0,0.0,0,,0,0,,0,0,0,0,0,0,0,0,0.0,0,0,0,0,0,64.0,64012.0,0,0,0,54,eth:ethertype:ip:tcp,,,,,,,,,,,0.0,Normal,0.0
1744320220345267,10.42.0.1,10.42.0.3,1883,64856,0,1,1,1,0,0,0,0,0,0,0,0,0,0.0,0,,0,0,,0,0,0,0,0,0,0,0,0.0,0,0,0,0,0,64.0,64240.0,0,0,0,58,eth:ethertype:ip:tcp,,,,,,,,,,,0.0,Normal,0.0
1744320220351525,10.42.0.1,10.42.0.3,1883,64856,1,4,0,1,0,0,0,0,0,0,0,0,0,0.0,0,,0,0,,0,0,0,0,0,0,0,0,0.0,0,0,0,0,0,64.0,64237.0,0,0,0,54,eth:ethertype:ip:tcp,,,,,,,,,,,0.0,Normal,0.0
1744320220355514,10.42.0.1,10.42.0.3,1883,64856,1,33,0,1,0,0,0,0,0,0,0,0,0,0.0,0,,0,0,,0,0,0,0,0,0,0,0,0.0,0,0,0,0,0,64.0,64208.0,0,0,0,54,eth:ethertype:ip:tcp,,,,,,,,,,,0.0,Normal,0.0
1744320220358554,10.42.0.1,10.42.0.3,1883,64856,1,45,0,1,0,0,0,0,0,0,0,0,0,0.0,0,,0,0,,0,0,0,0,0,0,0,0,0.0,0,0,0,0,0,64.0,64196.0,0,0,0,54,eth:ethertype:ip:tcp,,,,,,,,,,,0.0,Normal,0.0
1744320220358860,10.42.0.1,10.42.0.3,1883,64856,1,45,0,1,0,0,1,0,4,0,0,0,0,0.0,0,,0,2,,0,0,0,0,2,0,0,0,0.0,0x00,0,0,0,0,64.0,64196.0,0,0,0,58,eth:ethertype:ip:tcp:mqtt,,,,,,,,,,,0.0,Normal,0.0
1744320220395925,10.42.0.1,10.42.0.3,1883,64856,5,229,0,1,0,0,0,0,0,0,0,0,0,0.0,0,,0,0,,0,0,0,0,0,0,0,0,0.0,0,0,0,0,0,64.0,64012.0,0,0,0,54,eth:ethertype:ip:tcp,,,,,,,,,,,0.0,Normal,0.0
1744320220395955,10.42.0.1,10.42.0.3,1883,64856,5,229,0,1,1,0,0,0,0,0,0,0,0,0.0,0,,0,0,,0,0,0,0,0,0,0,0,0.0,0,0,0,0,0,64.0,64012.0,0,0,0,54,eth:ethertype:ip:tcp,,,,,,,,,,,0.0,Normal,0.0
1744320235403903,10.42.0.1,10.42.0.149,1883,64857,0,1,1,1,0,0,0,0,0,0,0,0,0,0.0,0,,0,0,,0,0,0,0,0,0,0,0,0.0,0,0,0,0,0,64.0,64240.0,0,0,0,58,eth:ethertype:ip:tcp,,,,,,,,,,,0.0,Normal,0.0
1744320235409958,10.42.0.1,10.42.0.149,1883,64857,1,4,0,1,0,0,0,0,0,0,0,0,0,0.0,0,,0,0,,0,0,0,0,0,0,0,0,0.0,0,0,0,0,0,64.0,64237.0,0,0,0,54,eth:ethertype:ip:tcp,,,,,,,,,,,0.0,Normal,0.0
1744320235413359,10.42.0.1,10.42.0.149,1883,64857,1,33,0,1,0,0,0,0,0,0,0,0,0,0.0,0,,0,0,,0,0,0,0,0,0,0,0,0.0,0,0,0,0,0,64.0,64208.0,0,0,0,54,eth:ethertype:ip:tcp,,,,,,,,,,,0.0,Normal,0.0
1744320235416542,10.42.0.1,10.42.0.149,1883,64857,1,45,0,1,0,0,0,0,0,0,0,0,0,0.0,0,,0,0,,0,0,0,0,0,0,0,0,0.0,0,0,0,0,0,64.0,64196.0,0,0,0,54,eth:ethertype:ip:tcp,,,,,,,,,,,0.0,Normal,0.0
1744320235416887,10.42.0.1,10.42.0.149,1883,64857,1,45,0,1,0,0,1,0,4,0,0,0,0,0.0,0,,0,2,,0,0,0,0,2,0,0,0,0.0,0x00,0,0,0,0,64.0,64196.0,0,0,0,58,eth:ethertype:ip:tcp:mqtt,,,,,,,,,,,0.0,Normal,0.0
1744320235462813,10.42.0.1,10.42.0.149,1883,64857,5,229,0,1,0,0,0,0,0,0,0,0,0,0.0,0,,0,0,,0,0,0,0,0,0,0,0,0.0,0,0,0,0,0,64.0,64012.0,0,0,0,54,eth:ethertype:ip:tcp,,,,,,,,,,,0.0,Normal,0.0
1744320235462848,10.42.0.1,10.42.0.149,1883,64857,5,229,0,1,1,0,0,0,0,0,0,0,0,0.0,0,,0,0,,0,0,0,0,0,0,0,0,0.0,0,0,0,0,0,64.0,64012.0,0,0,0,54,eth:ethertype:ip:tcp,,,,,,,,,,,0.0,Normal,0.0
1744320250403903,10.42.0.1,10.42.0.3,1883,64857,0,1,1,1,0,0,0,0,0,0,0,0,0,0.0,0,,0,0,,0,0,0,0,0,0,0,0,0.0,0,0,0,0,0,64.0,64240.0,0,0,0,58,eth:ethertype:ip:tcp,,,,,,,,,,,0.0,Normal,0.0
1744320250409958,10.42.0.1,10.42.0.3,1883,64857,1,4,0,1,0,0,0,0,0,0,0,0,0,0.0,0,,0,0,,0,0,0,0,0,0,0,0,0.0,0,0,0,0,0,64.0,64237.0,0,0,0,54,eth:ethertype:ip:tcp,,,,,,,,,,,0.0,Normal,0.0
1744320250413359,10.42.0.1,10.42.0.3,1883,64857,1,33,0,1,0,0,0,0,0,0,0,0,0,0.0,0,,0,0,,0,0,0,0,0,0,0,0,0.0,0,0,0,0,0,64.0,64208.0,0,0,0,54,eth:ethertype:ip:tcp,,,,,,,,,,,0.0,Normal,0.0
1744320250416542,10.42.0.1,10.42.0.3,1883,64857,1,45,0,1,0,0,0,0,0,0,0,0,0,0.0,0,,0,0,,0,0,0,0,0,0,0,0,0.0,0,0,0,0,0,64.0,64196.0,0,0,0,54,eth:ethertype:ip:tcp,,,,,,,,,,,0.0,Normal,0.0
1744320250416887,10.42.0.1,10.42.0.3,1883,64857,1,45,0,1,0,0,1,0,4,0,0,0,0,0.0,0,,0,2,,0,0,0,0,2,0,0,0,0.0,0x00,0,0,0,0,64.0,64196.0,0,0,0,58,eth:ethertype:ip:tcp:mqtt,,,,,,,,,,,0.0,Normal,0.0
1744320250462813,10.42.0.1,10.42.0.3,1883,64857,5,229,0,1,0,0,0,0,0,0,0,0,0,0.0,0,,0,0,,0,0,0,0,0,0,0,0,0.0,0,0,0,0,0,64.0,64012.0,0,0,0,54,eth:ethertype:ip:tcp,,,,,,,,,,,0.0,Normal,0.0
1744320250462848,10.42.0.1,10.42.0.3,1883,64857,5,229,0,1,1,0,0,0,0,0,0,0,0,0.0,0,,0,0,,0,0,0,0,0,0,0,0,0.0,0,0,0,0,0,64.0,64012.0,0,0,0,54,eth:ethertype:ip:tcp,,,,,,,,,,,0.0,Normal,0.0
1744320265463109,10.42.0.1,10.42.0.149,1883,64858,0,1,1,1,0,0,0,0,0,0,0,0,0,0.0,0,,0,0,,0,0,0,0,0,0,0,0,0.0,0,0,0,0,0,64.0,64240.0,0,0,0,58,eth:ethertype:ip:tcp,,,,,,,,,,,0.0,Normal,0.0
1744320265472473,10.42.0.1,10.42.0.149,1883,64858,1,4,0,1,0,0,0,0,0,0,0,0,0,0.0,0,,0,0,,0,0,0,0,0,0,0,0,0.0,0,0,0,0,0,64.0,64237.0,0,0,0,54,eth:ethertype:ip:tcp,,,,,,,,,,,0.0,Normal,0.0
1744320265475714,10.42.0.1,10.42.0.149,1883,64858,1,45,0,1,0,0,0,0,0,0,0,0,0,0.0,0,,0,0,,0,0,0,0,0,0,0,0,0.0,0,0,0,0,0,64.0,64196.0,0,0,0,54,eth:ethertype:ip:tcp,,,,,,,,,,,0.0,Normal,0.0
1744320265476032,10.42.0.1,10.42.0.149,1883,64858,1,45,0,1,0,0,1,0,4,0,0,0,0,0.0,0,,0,2,,0,0,0,0,2,0,0,0,0.0,0x00,0,0,0,0,64.0,64196.0,0,0,0,58,eth:ethertype:ip:tcp:mqtt,,,,,,,,,,,0.0,Normal,0.0
1744320265515080,10.42.0.1,10.42.0.149,1883,64858,5,229,0,1,0,0,0,0,0,0,0,0,0,0.0,0,,0,0,,0,0,0,0,0,0,0,0,0.0,0,0,0,0,0,64.0,64012.0,0,0,0,54,eth:ethertype:ip:tcp,,,,,,,,,,,0.0,Normal,0.0
1744320265515188,10.42.0.1,10.42.0.149,1883,64858,5,229,0,1,1,0,0,0,0,0,0,0,0,0.0,0,,0,0,,0,0,0,0,0,0,0,0,0.0,0,0,0,0,0,64.0,64012.0,0,0,0,54,eth:ethertype:ip:tcp,,,,,,,,,,,0.0,Normal,0.0
1744320280463109,10.42.0.1,10.42.0.3,1883,64858,0,1,1,1,0,0,0,0,0,0,0,0,0,0.0,0,,0,0,,0,0,0,0,0,0,0,0,0.0,0,0,0,0,0,64.0,64240.0,0,0,0,58,eth:ethertype:ip:tcp,,,,,,,,,,,0.0,Normal,0.0
1744320280472473,10.42.0.1,10.42.0.3,1883,64858,1,4,0,1,0,0,0,0,0,0,0,0,0,0.0,0,,0,0,,0,0,0,0,0,0,0,0,0.0,0,0,0,0,0,64.0,64237.0,0,0,0,54,eth:ethertype:ip:tcp,,,,,,,,,,,0.0,Normal,0.0
1744320280475714,10.42.0.1,10.42.0.3,1883,64858,1,45,0,1,0,0,0,0,0,0,0,0,0,0.0,0,,0,0,,0,0,0,0,0,0,0,0,0.0,0,0,0,0,0,64.0,64196.0,0,0,0,54,eth:ethertype:ip:tcp,,,,,,,,,,,0.0,Normal,0.0
1744320280476032,10.42.0.1,10.42.0.3,1883,64858,1,45,0,1,0,0,1,0,4,0,0,0,0,0.0,0,,0,2,,0,0,0,0,2,0,0,0,0.0,0x00,0,0,0,0,64.0,64196.0,0,0,0,58,eth:ethertype:ip:tcp:mqtt,,,,,,,,,,,0.0,Normal,0.0
1744320280515080,10.42.0.1,10.42.0.3,1883,64858,5,229,0,1,0,0,0,0,0,0,0,0,0,0.0,0,,0,0,,0,0,0,0,0,0,0,0,0.0,0,0,0,0,0,64.0,64012.0,0,0,0,54,eth:ethertype:ip:tcp,,,,,,,,,,,0.0,Normal,0.0
1744320280515188,10.42.0.1,10.42.0.3,1883,64858,5,229,0,1,1,0,0,0,0,0,0,0,0,0.0,0,,0,0,,0,0,0,0,0,0,0,0,0.0,0,0,0,0,0,64.0,64012.0,0,0,0,54,eth:ethertype:ip:tcp,,,,,,,,,,,0.0,Normal,0.0
1744320295523185,10.42.0.1,10.42.0.149,1883,64859,0,1,1,1,0,0,0,0,0,0,0,0,0,0.0,0,,0,0,,0,0,0,0,0,0,0,0,0.0,0,0,0,0,0,64.0,64240.0,0,0,0,58,eth:ethertype:ip:tcp,,,,,,,,,,,0.0,Normal,0.0
1744320295528849,10.42.0.1,10.42.0.149,1883,64859,1,4,0,1,0,0,0,0,0,0,0,0,0,0.0,0,,0,0,,0,0,0,0,0,0,0,0,0.0,0,0,0,0,0,64.0,64237.0,0,0,0,54,eth:ethertype:ip:tcp,,,,,,,,,,,0.0,Normal,0.0
1744320295532528,10.42.0.1,10.42.0.149,1883,64859,1,33,0,1,0,0,0,0,0,0,0,0,0,0.0,0,,0,0,,0,0,0,0,0,0,0,0,0.0,0,0,0,0,0,64.0,64208.0,0,0,0,54,eth:ethertype:ip:tcp,,,,,,,,,,,0.0,Normal,0.0
1744320295537525,10.42.0.1,10.42.0.149,1883,64859,1,45,0,1,0,0,0,0,0,0,0,0,0,0.0,0,,0,0,,0,0,0,0,0,0,0,0,0.0,0,0,0,0,0,64.0,64196.0,0,0,0,54,eth:ethertype:ip:tcp,,,,,,,,,,,0.0,Normal,0.0
1744320295537871,10.42.0.1,10.42.0.149,1883,64859,1,45,0,1,0,0,1,0,4,0,0,0,0,0.0,0,,0,2,,0,0,0,0,2,0,0,0,0.0,0x00,0,0,0,0,64.0,64196.0,0,0,0,58,eth:ethertype:ip:tcp:mqtt,,,,,,,,,,,0.0,Normal,0.0
1744320295573849,10.42.0.1,10.42.0.149,1883,64859,5,229,0,1,0,0,0,0,0,0,0,0,0,0.0,0,,0,0,,0,0,0,0,0,0,0,0,0.0,0,0,0,0,0,64.0,64012.0,0,0,0,54,eth:ethertype:ip:tcp,,,,,,,,,,,0.0,Normal,0.0
1744320295573946,10.42.0.1,10.42.0.149,1883,64859,5,229,0,1,1,0,0,0,0,0,0,0,0,0.0,0,,0,0,,0,0,0,0,0,0,0,0,0.0,0,0,0,0,0,64.0,64012.0,0,0,0,54,eth:ethertype:ip:tcp,,,,,,,,,,,0.0,Normal,0.0
1744320310523185,10.42.0.1,10.42.0.3,1883,64859,0,1,1,1,0,0,0,0,0,0,0,0,0,0.0,0,,0,0,,0,0,0,0,0,0,0,0,0.0,0,0,0,0,0,64.0,64240.0,0,0,0,58,eth:ethertype:ip:tcp,,,,,,,,,,,0.0,Normal,0.0
1744320310528849,10.42.0.1,10.42.0.3,1883,64859,1,4,0,1,0,0,0,0,0,0,0,0,0,0.0,0,,0,0,,0,0,0,0,0,0,0,0,0.0,0,0,0,0,0,64.0,64237.0,0,0,0,54,eth:ethertype:ip:tcp,,,,,,,,,,,0.0,Normal,0.0
1744320310532528,10.42.0.1,10.42.0.3,1883,64859,1,33,0,1,0,0,0,0,0,0,0,0,0,0.0,0,,0,0,,0,0,0,0,0,0,0,0,0.0,0,0,0,0,0,64.0,64208.0,0,0,0,54,eth:ethertype:ip:tcp,,,,,,,,,,,0.0,Normal,0.0
1744320310537525,10.42.0.1,10.42.0.3,1883,64859,1,45,0,1,0,0,0,0,0,0,0,0,0,0.0,0,,0,0,,0,0,0,0,0,0,0,0,0.0,0,0,0,0,0,64.0,64196.0,0,0,0,54,eth:ethertype:ip:tcp,,,,,,,,,,,0.0,Normal,0.0
1744320310537871,10.42.0.1,10.42.0.3,1883,64859,1,45,0,1,0,0,1,0,4,0,0,0,0,0.0,0,,0,2,,0,0,0,0,2,0,0,0,0.0,0x00,0,0,0,0,64.0,64196.0,0,0,0,58,eth:ethertype:ip:tcp:mqtt,,,,,,,,,,,0.0,Normal,0.0
1744320310573849,10.42.0.1,10.42.0.3,1883,64859,5,229,0,1,0,0,0,0,0,0,0,0,0,0.0,0,,0,0,,0,0,0,0,0,0,0,0,0.0,0,0,0,0,0,64.0,64012.0,0,0,0,54,eth:ethertype:ip:tcp,,,,,,,,,,,0.0,Normal,0.0
1744320310573946,10.42.0.1,10.42.0.3,1883,64859,5,229,0,1,1,0,0,0,0,0,0,0,0,0.0,0,,0,0,,0,0,0,0,0,0,0,0,0.0,0,0,0,0,0,64.0,64012.0,0,0,0,54,eth:ethertype:ip:tcp,,,,,,,,,,,0.0,Normal,0.0
1744320325582900,10.42.0.1,10.42.0.149,1883,64860,0,1,1,1,0,0,0,0,0,0,0,0,0,0.0,0,,0,0,,0,0,0,0,0,0,0,0,0.0,0,0,0,0,0,64.0,64240.0,0,0,0,58,eth:ethertype:ip:tcp,,,,,,,,,,,0.0,Normal,0.0
1744320325591732,10.42.0.1,10.42.0.149,1883,64860,1,4,0,1,0,0,0,0,0,0,0,0,0,0.0,0,,0,0,,0,0,0,0,0,0,0,0,0.0,0,0,0,0,0,64.0,64237.0,0,0,0,54,eth:ethertype:ip:tcp,,,,,,,,,,,0.0,Normal,0.0
1744320325594886,10.42.0.1,10.42.0.149,1883,64860,1,45,0,1,0,0,0,0,0,0,0,0,0,0.0,0,,0,0,,0,0,0,0,0,0,0,0,0.0,0,0,0,0,0,64.0,64196.0,0,0,0,54,eth:ethertype:ip:tcp,,,,,,,,,,,0.0,Normal,0.0
1744320325595220,10.42.0.1,10.42.0.149,1883,64860,1,45,0,1,0,0,1,0,4,0,0,0,0,0.0,0,,0,2,,0,0,0,0,2,0,0,0,0.0,0x00,0,0,0,0,64.0,64196.0,0,0,0,58,eth:ethertype:ip:tcp:mqtt,,,,,,,,,,,0.0,Normal,0.0
1744320325635042,10.42.0.1,10.42.0.149,1883,64860,5,229,0,1,0,0,0,0,0,0,0,0,0,0.0,0,,0,0,,0,0,0,0,0,0,0,0,0.0,0,0,0,0,0,64.0,64012.0,0,0,0,54,eth:ethertype:ip:tcp,,,,,,,,,,,0.0,Normal,0.0
1744320325635140,10.42.0.1,10.42.0.149,1883,64860,5,229,0,1,1,0,0,0,0,0,0,0,0,0.0,0,,0,0,,0,0,0,0,0,0,0,0,0.0,0,0,0,0,0,64.0,64012.0,0,0,0,54,eth:ethertype:ip:tcp,,,,,,,,,,,0.0,Normal,0.0
1744320340582900,10.42.0.1,10.42.0.3,1883,64860,0,1,1,1,0,0,0,0,0,0,0,0,0,0.0,0,,0,0,,0,0,0,0,0,0,0,0,0.0,0,0,0,0,0,64.0,64240.0,0,0,0,58,eth:ethertype:ip:tcp,,,,,,,,,,,0.0,Normal,0.0
1744320340591732,10.42.0.1,10.42.0.3,1883,64860,1,4,0,1,0,0,0,0,0,0,0,0,0,0.0,0,,0,0,,0,0,0,0,0,0,0,0,0.0,0,0,0,0,0,64.0,64237.0,0,0,0,54,eth:ethertype:ip:tcp,,,,,,,,,,,0.0,Normal,0.0
1744320340594886,10.42.0.1,10.42.0.3,1883,64860,1,45,0,1,0,0,0,0,0,0,0,0,0,0.0,0,,0,0,,0,0,0,0,0,0,0,0,0.0,0,0,0,0,0,64.0,64196.0,0,0,0,54,eth:ethertype:ip:tcp,,,,,,,,,,,0.0,Normal,0.0
1744320340595220,10.42.0.1,10.42.0.3,1883,64860,1,45,0,1,0,0,1,0,4,0,0,0,0,0.0,0,,0,2,,0,0,0,0,2,0,0,0,0.0,0x00,0,0,0,0,64.0,64196.0,0,0,0,58,eth:ethertype:ip:tcp:mqtt,,,,,,,,,,,0.0,Normal,0.0
1744320340635042,10.42.0.1,10.42.0.3,1883,64860,5,229,0,1,0,0,0,0,0,0,0,0,0,0.0,0,,0,0,,0,0,0,0,0,0,0,0,0.0,0,0,0,0,0,64.0,64012.0,0,0,0,54,eth:ethertype:ip:tcp,,,,,,,,,,,0.0,Normal,0.0
1744320340635140,10.42.0.1,10.42.0.3,1883,64860,5,229,0,1,1,0,0,0,0,0,0,0,0,0.0,0,,0,0,,0,0,0,0,0,0,0,0,0.0,0,0,0,0,0,64.0,64012.0,0,0,0,54,eth:ethertype:ip:tcp,,,,,,,,,,,0.0,Normal,0.0
1744320355642175,10.42.0.1,10.42.0.149,1883,64861,0,1,1,1,0,0,0,0,0,0,0,0,0,0.0,0,,0,0,,0,0,0,0,0,0,0,0,0.0,0,0,0,0,0,64.0,64240.0,0,0,0,58,eth:ethertype:ip:tcp,,,,,,,,,,,0.0,Normal,0.0
1744320355650860,10.42.0.1,10.42.0.149,1883,64861,1,4,0,1,0,0,0,0,0,0,0,0,0,0.0,0,,0,0,,0,0,0,0,0,0,0,0,0.0,0,0,0,0,0,64.0,64237.0,0,0,0,54,eth:ethertype:ip:tcp,,,,,,,,,,,0.0,Normal,0.0
1744320355654602,10.42.0.1,10.42.0.149,1883,64861,1,45,0,1,0,0,0,0,0,0,0,0,0,0.0,0,,0,0,,0,0,0,0,0,0,0,0,0.0,0,0,0,0,0,64.0,64196.0,0,0,0,54,eth:ethertype:ip:tcp,,,,,,,,,,,0.0,Normal,0.0
1744320355654994,10.42.0.1,10.42.0.149,1883,64861,1,45,0,1,0,0,1,0,4,0,0,0,0,0.0,0,,0,2,,0,0,0,0,2,0,0,0,0.0,0x00,0,0,0,0,64.0,64196.0,0,0,0,58,eth:ethertype:ip:tcp:mqtt,,,,,,,,,,,0.0,Normal,0.0
1744320355692768,10.42.0.1,10.42.0.149,1883,64861,5,229,0,1,0,0,0,0,0,0,0,0,0,0.0,0,,0,0,,0,0,0,0,0,0,0,0,0.0,0,0,0,0,0,64.0,64012.0,0,0,0,54,eth:ethertype:ip:tcp,,,,,,,,,,,0.0,Normal,0.0
1744320355692823,10.42.0.1,10.42.0.149,1883,64861,5,229,0,1,1,0,0,0,0,0,0,0,0,0.0,0,,0,0,,0,0,0,0,0,0,0,0,0.0,0,0,0,0,0,64.0,64012.0,0,0,0,54,eth:ethertype:ip:tcp,,,,,,,,,,,0.0,Normal,0.0
1744320370642175,10.42.0.1,10.42.0.3,1883,64861,0,1,1,1,0,0,0,0,0,0,0,0,0,0.0,0,,0,0,,0,0,0,0,0,0,0,0,0.0,0,0,0,0,0,64.0,64240.0,0,0,0,58,eth:ethertype:ip:tcp,,,,,,,,,,,0.0,Normal,0.0
1744320370650860,10.42.0.1,10.42.0.3,1883,64861,1,4,0,1,0,0,0,0,0,0,0,0,0,0.0,0,,0,0,,0,0,0,0,0,0,0,0,0.0,0,0,0,0,0,64.0,64237.0,0,0,0,54,eth:ethertype:ip:tcp,,,,,,,,,,,0.0,Normal,0.0
1744320370654602,10.42.0.1,10.42.0.3,1883,64861,1,45,0,1,0,0,0,0,0,0,0,0,0,0.0,0,,0,0,,0,0,0,0,0,0,0,0,0.0,0,0,0,0,0,64.0,64196.0,0,0,0,54,eth:ethertype:ip:tcp,,,,,,,,,,,0.0,Normal,0.0
1744320370654994,10.42.0.1,10.42.0.3,1883,64861,1,45,0,1,0,0,1,0,4,0,0,0,0,0.0,0,,0,2,,0,0,0,0,2,0,0,0,0.0,0x00,0,0,0,0,64.0,64196.0,0,0,0,58,eth:ethertype:ip:tcp:mqtt,,,,,,,,,,,0.0,Normal,0.0
1744320370692768,10.42.0.1,10.42.0.3,1883,64861,5,229,0,1,0,0,0,0,0,0,0,0,0,0.0,0,,0,0,,0,0,0,0,0,0,0,0,0.0,0,0,0,0,0,64.0,64012.0,0,0,0,54,eth:ethertype:ip:tcp,,,,,,,,,,,0.0,Normal,0.0
1744320370692823,10.42.0.1,10.42.0.3,1883,64861,5,229,0,1,1,0,0,0,0,0,0,0,0,0.0,0,,0,0,,0,0,0,0,0,0,0,0,0.0,0,0,0,0,0,64.0,64012.0,0,0,0,54,eth:ethertype:ip:tcp,,,,,,,,,,,0.0,Normal,0.0
1744320385719456,10.42.0.1,10.42.0.149,1883,64862,0,1,1,1,0,0,0,0,0,0,0,0,0,0.0,0,,0,0,,0,0,0,0,0,0,0,0,0.0,0,0,0,0,0,64.0,64240.0,0,0,0,58,eth:ethertype:ip:tcp,,,,,,,,,,,0.0,Normal,0.0
1744320385725552,10.42.0.1,10.42.0.149,1883,64862,1,4,0,1,0,0,0,0,0,0,0,0,0,0.0,0,,0,0,,0,0,0,0,0,0,0,0,0.0,0,0,0,0,0,64.0,64237.0,0,0,0,54,eth:ethertype:ip:tcp,,,,,,,,,,,0.0,Normal,0.0
1744320385730528,10.42.0.1,10.42.0.149,1883,64862,1,33,0,1,0,0,0,0,0,0,0,0,0,0.0,0,,0,0,,0,0,0,0,0,0,0,0,0.0,0,0,0,0,0,64.0,64208.0,0,0,0,54,eth:ethertype:ip:tcp,,,,,,,,,,,0.0,Normal,0.0
1744320385733158,10.42.0.1,10.42.0.149,1883,64862,1,45,0,1,0,0,0,0,0,0,0,0,0,0.0,0,,0,0,,0,0,0,0,0,0,0,0,0.0,0,0,0,0,0,64.0,64196.0,0,0,0,54,eth:ethertype:ip:tcp,,,,,,,,,,,0.0,Normal,0.0
1744320385733522,10.42.0.1,10.42.0.149,1883,64862,1,45,0,1,0,0,1,0,4,0,0,0,0,0.0,0,,0,2,,0,0,0,0,2,0,0,0,0.0,0x00,0,0,0,0,64.0,64196.0,0,0,0,58,eth:ethertype:ip:tcp:mqtt,,,,,,,,,,,0.0,Normal,0.0
1744320385772310,10.42.0.1,10.42.0.149,1883,64862,5,229,0,1,0,0,0,0,0,0,0,0,0,0.0,0,,0,0,,0,0,0,0,0,0,0,0,0.0,0,0,0,0,0,64.0,64012.0,0,0,0,54,eth:ethertype:ip:tcp,,,,,,,,,,,0.0,Normal,0.0
1744320385772362,10.42.0.1,10.42.0.149,1883,64862,5,229,0,1,1,0,0,0,0,0,0,0,0,0.0,0,,0,0,,0,0,0,0,0,0,0,0,0.0,0,0,0,0,0,64.0,64012.0,0,0,0,54,eth:ethertype:ip:tcp,,,,,,,,,,,0.0,Normal,0.0
1744320400719456,10.42.0.1,10.42.0.3,1883,64862,0,1,1,1,0,0,0,0,0,0,0,0,0,0.0,0,,0,0,,0,0,0,0,0,0,0,0,0.0,0,0,0,0,0,64.0,64240.0,0,0,0,58,eth:ethertype:ip:tcp,,,,,,,,,,,0.0,Normal,0.0
1744320400725552,10.42.0.1,10.42.0.3,1883,64862,1,4,0,1,0,0,0,0,0,0,0,0,0,0.0,0,,0,0,,0,0,0,0,0,0,0,0,0.0,0,0,0,0,0,64.0,64237.0,0,0,0,54,eth:ethertype:ip:tcp,,,,,,,,,,,0.0,Normal,0.0
1744320400730528,10.42.0.1,10.42.0.3,1883,64862,1,33,0,1,0,0,0,0,0,0,0,0,0,0.0,0,,0,0,,0,0,0,0,0,0,0,0,0.0,0,0,0,0,0,64.0,64208.0,0,0,0,54,eth:ethertype:ip:tcp,,,,,,,,,,,0.0,Normal,0.0
1744320400733158,10.42.0.1,10.42.0.3,1883,64862,1,45,0,1,0,0,0,0,0,0,0,0,0,0.0,0,,0,0,,0,0,0,0,0,0,0,0,0.0,0,0,0,0,0,64.0,64196.0,0,0,0,54,eth:ethertype:ip:tcp,,,,,,,,,,,0.0,Normal,0.0
1744320400733522,10.42.0.1,10.42.0.3,1883,64862,1,45,0,1,0,0,1,0,4,0,0,0,0,0.0,0,,0,2,,0,0,0,0,2,0,0,0,0.0,0x00,0,0,0,0,64.0,64196.0,0,0,0,58,eth:ethertype:ip:tcp:mqtt,,,,,,,,,,,0.0,Normal,0.0
1744320400772310,10.42.0.1,10.42.0.3,1883,64862,5,229,0,1,0,0,0,0,0,0,0,0,0,0.0,0,,0,0,,0,0,0,0,0,0,0,0,0.0,0,0,0,0,0,64.0,64012.0,0,0,0,54,eth:ethertype:ip:tcp,,,,,,,,,,,0.0,Normal,0.0
1744320400772362,10.42.0.1,10.42.0.3,1883,64862,5,229,0,1,1,0,0,0,0,0,0,0,0,0.0,0,,0,0,,0,0,0,0,0,0,0,0,0.0,0,0,0,0,0,64.0,64012.0,0,0,0,54,eth:ethertype:ip:tcp,,,,,,,,,,,0.0,Normal,0.0
1744320415781380,10.42.0.1,10.42.0.149,1883,64863,0,1,1,1,0,0,0,0,0,0,0,0,0,0.0,0,,0,0,,0,0,0,0,0,0,0,0,0.0,0,0,0,0,0,64.0,64240.0,0,0,0,58,eth:ethertype:ip:tcp,,,,,,,,,,,0.0,Normal,0.0
1744320415787483,10.42.0.1,10.42.0.149,1883,64863,1,4,0,1,0,0,0,0,0,0,0,0,0,0.0,0,,0,0,,0,0,0,0,0,0,0,0,0.0,0,0,0,0,0,64.0,64237.0,0,0,0,54,eth:ethertype:ip:tcp,,,,,,,,,,,0.0,Normal,0.0
1744320415790872,10.42.0.1,10.42.0.149,1883,64863,1,33,0,1,0,0,0,0,0,0,0,0,0,0.0,0,,0,0,,0,0,0,0,0,0,0,0,0.0,0,0,0,0,0,64.0,64208.0,0,0,0,54,eth:ethertype:ip:tcp,,,,,,,,,,,0.0,Normal,0.0
1744320415794584,10.42.0.1,10.42.0.149,1883,64863,1,45,0,1,0,0,0,0,0,0,0,0,0,0.0,0,,0,0,,0,0,0,0,0,0,0,0,0.0,0,0,0,0,0,64.0,64196.0,0,0,0,54,eth:ethertype:ip:tcp,,,,,,,,,,,0.0,Normal,0.0
1744320415794893,10.42.0.1,10.42.0.149,1883,64863,1,45,0,1,0,0,1,0,4,0,0,0,0,0.0,0,,0,2,,0,0,0,0,2,0,0,0,0.0,0x00,0,0,0,0,64.0,64196.0,0,0,0,58,eth:ethertype:ip:tcp:mqtt,,,,,,,,,,,0.0,Normal,0.0
1744320415831629,10.42.0.1,10.42.0.149,1883,64863,5,229,0,1,0,0,0,0,0,0,0,0,0,0.0,0,,0,0,,0,0,0,0,0,0,0,0,0.0,0,0,0,0,0,64.0,64012.0,0,0,0,54,eth:ethertype:ip:tcp,,,,,,,,,,,0.0,Normal,0.0
1744320415831703,10.42.0.1,10.42.0.149,1883,64863,5,229,0,1,1,0,0,0,0,0,0,0,0,0.0,0,,0,0,,0,0,0,0,0,0,0,0,0.0,0,0,0,0,0,64.0,64012.0,0,0,0,54,eth:ethertype:ip:tcp,,,,,,,,,,,0.0,Normal,0.0
1744320430781380,10.42.0.1,10.42.0.3,1883,64863,0,1,1,1,0,0,0,0,0,0,0,0,0,0.0,0,,0,0,,0,0,0,0,0,0,0,0,0.0,0,0,0,0,0,64.0,64240.0,0,0,0,58,eth:ethertype:ip:tcp,,,,,,,,,,,0.0,Normal,0.0
1744320430787483,10.42.0.1,10.42.0.3,1883,64863,1,4,0,1,0,0,0,0,0,0,0,0,0,0.0,0,,0,0,,0,0,0,0,0,0,0,0,0.0,0,0,0,0,0,64.0,64237.0,0,0,0,54,eth:ethertype:ip:tcp,,,,,,,,,,,0.0,Normal,0.0
1744320430790872,10.42.0.1,10.42.0.3,1883,64863,1,33,0,1,0,0,0,0,0,0,0,0,0,0.0,0,,0,0,,0,0,0,0,0,0,0,0,0.0,0,0,0,0,0,64.0,64208.0,0,0,0,54,eth:ethertype:ip:tcp,,,,,,,,,,,0.0,Normal,0.0
1744320430794584,10.42.0.1,10.42.0.3,1883,64863,1,45,0,1,0,0,0,0,0,0,0,0,0,0.0,0,,0,0,,0,0,0,0,0,0,0,0,0.0,0,0,0,0,0,64.0,64196.0,0,0,0,54,eth:ethertype:ip:tcp,,,,,,,,,,,0.0,Normal,0.0
1744320430794893,10.42.0.1,10.42.0.3,1883,64863,1,45,0,1,0,0,1,0,4,0,0,0,0,0.0,0,,0,2,,0,0,0,0,2,0,0,0,0.0,0x00,0,0,0,0,64.0,64196.0,0,0,0,58,eth:ethertype:ip:tcp:mqtt,,,,,,,,,,,0.0,Normal,0.0
1744320430831629,10.42.0.1,10.42.0.3,1883,64863,5,229,0,1,0,0,0,0,0,0,0,0,0,0.0,0,,0,0,,0,0,0,0,0,0,0,0,0.0,0,0,0,0,0,64.0,64012.0,0,0,0,54,eth:ethertype:ip:tcp,,,,,,,,,,,0.0,Normal,0.0
1744320430831703,10.42.0.1,10.42.0.3,1883,64863,5,229,0,1,1,0,0,0,0,0,0,0,0,0.0,0,,0,0,,0,0,0,0,0,0,0,0,0.0,0,0,0,0,0,64.0,64012.0,0,0,0,54,eth:ethertype:ip:tcp,,,,,,,,,,,0.0,Normal,0.0
